0 19 31 77 90 23 55 79 107 24 27 29 46 17 92 8 9 54 75 85 59 22 11 7 35 20 25 42 37 45 44 70 93 32 5 81 83 109 94 68 51 2 69 82 36 78 14 57 80 66 52 106 33 84 103 100 39 101 74 10 99 64 108 98 15 91 16 12 58 56 102 60 105 13 6 88 41 30 95 3 104 26 47 28 71 49 67 1 38 43 53 50 72 73 76 34 4 89 40 48 62 87 61 96 63 86 21 18 97 65 
0 19 31 77 90 23 55 79 107 24 27 29 46 17 92 8 9 54 75 85 59 22 11 7 35 20 25 42 37 45 44 70 93 32 5 81 83 109 94 68 51 2 69 82 36 78 14 57 80 66 52 106 33 84 103 100 39 101 74 10 99 64 108 98 15 91 16 12 58 56 102 60 105 13 6 88 41 30 95 3 104 26 47 28 71 49 67 1 38 43 53 50 72 73 76 34 4 89 40 48 62 87 61 96 63 86 21 18 97 65 
0 19 31 77 90 23 55 79 107 24 27 29 46 17 92 8 9 54 75 85 59 22 11 7 35 20 25 42 37 45 44 70 93 32 5 81 83 109 94 68 51 2 69 82 36 78 14 57 80 66 52 106 33 84 103 100 39 101 74 10 99 64 108 98 15 91 16 12 58 56 102 60 105 13 6 88 41 30 95 3 104 26 47 28 71 49 67 1 38 43 53 50 72 73 76 34 4 89 40 48 62 87 61 96 63 86 21 18 97 65 
0 19 31 77 90 23 55 79 107 24 27 29 46 17 92 8 9 54 75 85 59 22 11 7 35 20 25 42 37 45 44 70 93 32 5 81 83 109 94 68 51 2 69 82 36 78 14 57 80 66 52 106 33 84 103 100 39 101 74 10 99 64 108 98 15 91 16 12 58 56 102 60 105 13 6 88 41 30 95 3 104 26 47 28 71 49 67 1 38 43 53 50 72 73 76 34 4 89 40 48 62 87 61 96 63 86 21 18 97 65 
0 19 31 77 90 23 55 79 107 24 27 29 46 17 92 8 9 54 75 85 59 22 11 7 35 20 25 42 37 45 44 70 93 32 5 81 83 109 94 68 51 2 69 82 36 78 14 57 80 66 52 106 33 84 103 100 39 101 74 10 99 64 108 98 15 91 16 12 58 56 102 60 105 13 6 88 41 30 95 3 104 26 47 28 71 49 67 1 38 43 53 50 72 73 76 34 4 89 40 48 62 87 61 96 63 86 21 18 97 65 
0 19 31 77 90 23 55 79 107 24 27 29 46 17 92 8 9 54 75 85 59 22 11 7 35 20 25 42 37 45 44 70 93 32 5 81 83 109 94 68 51 2 69 82 36 78 14 57 80 66 52 106 33 84 103 100 39 101 74 10 99 64 108 98 15 91 16 12 58 56 102 60 105 13 6 88 41 30 95 3 104 26 47 28 71 49 67 1 38 43 53 50 72 73 76 34 4 89 40 48 62 87 61 96 63 86 21 18 97 65 
0 19 31 77 90 23 55 79 107 24 27 29 46 17 92 8 9 54 75 85 59 22 11 7 35 20 25 42 37 45 44 70 93 32 5 81 83 109 94 68 51 2 69 82 36 78 14 57 80 66 52 106 33 84 103 100 39 101 74 10 99 64 108 98 15 91 16 12 58 56 102 60 105 13 6 88 41 30 95 3 104 26 47 28 71 49 67 1 38 43 53 50 72 73 76 34 4 89 40 48 62 87 61 96 63 86 21 18 97 65 
0 19 31 77 90 23 55 79 107 24 27 29 46 17 92 8 9 54 75 85 59 22 11 7 35 20 25 42 37 45 44 70 93 32 5 81 83 109 94 68 51 2 69 82 36 78 14 57 80 66 52 106 33 84 103 100 39 101 74 10 99 64 108 98 15 91 16 12 58 56 102 60 105 13 6 88 41 30 95 3 104 26 47 28 71 49 67 1 38 43 53 50 72 73 76 34 4 89 40 48 62 87 61 96 63 86 21 18 97 65 
0 19 31 77 90 23 55 79 107 24 27 29 46 17 92 8 9 54 75 85 59 22 11 7 35 20 25 42 37 45 44 70 93 32 5 81 83 109 94 68 51 2 69 82 36 78 14 57 80 66 52 106 33 84 103 100 39 101 74 10 99 64 108 98 15 91 16 12 58 56 102 60 105 13 6 88 41 30 95 3 104 26 47 28 71 49 67 1 38 43 53 50 72 73 76 34 4 89 40 48 62 87 61 96 63 86 21 18 97 65 
0 19 31 77 90 23 55 79 107 24 27 29 46 17 92 8 9 54 75 85 59 22 11 7 35 20 25 42 37 45 44 70 93 32 5 81 83 109 94 68 51 2 69 82 36 78 14 57 80 66 52 106 33 84 103 100 39 101 74 10 99 64 108 98 15 91 16 12 58 56 102 60 105 13 6 88 41 30 95 3 104 26 47 28 71 49 67 1 38 43 53 50 72 73 76 34 4 89 40 48 62 87 61 96 63 86 21 18 97 65 
0 19 31 77 90 23 55 79 107 24 27 29 46 17 92 8 9 54 75 85 59 22 11 7 35 20 25 42 37 45 44 70 93 32 5 81 83 109 94 68 51 2 69 82 36 78 14 57 80 66 52 106 33 84 103 100 39 101 74 10 99 64 108 98 15 91 16 12 58 56 102 60 105 13 6 88 41 30 95 3 104 26 47 28 71 49 67 1 38 43 53 50 72 73 76 34 4 89 40 48 62 87 61 96 63 86 21 18 97 65 
0 19 31 77 90 23 55 79 107 24 27 29 46 17 92 8 9 54 75 85 59 22 11 7 35 20 25 42 37 45 44 70 93 32 5 81 83 109 94 68 51 2 69 82 36 78 14 57 80 66 52 106 33 84 103 100 39 101 74 10 99 64 108 98 15 91 16 12 58 56 102 60 105 13 6 88 41 30 95 3 104 26 47 28 71 49 67 1 38 43 53 50 72 73 76 34 4 89 40 48 62 87 61 96 63 86 21 18 97 65 
0 19 31 77 90 23 55 79 107 24 27 29 46 17 92 8 9 54 75 85 59 22 11 7 35 20 25 42 37 45 44 70 93 32 5 81 83 109 94 68 51 2 69 82 36 78 14 57 80 66 52 106 33 84 103 100 39 101 74 10 99 64 108 98 15 91 16 12 58 56 102 60 105 13 6 88 41 30 95 3 104 26 47 28 71 49 67 1 38 43 53 50 72 73 76 34 4 89 40 48 62 87 61 96 63 86 21 18 97 65 
0 19 31 77 90 23 55 79 107 24 27 29 46 17 92 8 9 54 75 85 59 22 11 7 35 20 25 42 37 45 44 70 93 32 5 81 83 109 94 68 51 2 69 82 36 78 14 57 80 66 52 106 33 84 103 100 39 101 74 10 99 64 108 98 15 91 16 12 58 56 102 60 105 13 6 88 41 30 95 3 104 26 47 28 71 49 67 1 38 43 53 50 72 73 76 34 4 89 40 48 62 87 61 96 63 86 21 18 97 65 
0 19 31 77 90 23 55 79 107 24 27 29 46 17 92 8 9 54 75 85 59 22 11 7 35 20 25 42 37 45 44 70 93 32 5 81 83 109 94 68 51 2 69 82 36 78 14 57 80 66 52 106 33 84 103 100 39 101 74 10 99 64 108 98 15 91 16 12 58 56 102 60 105 13 6 88 41 30 95 3 104 26 47 28 71 49 67 1 38 43 53 50 72 73 76 34 4 89 40 48 62 87 61 96 63 86 21 18 97 65 
0 19 31 77 90 23 55 79 107 24 27 29 46 17 92 8 9 54 75 85 59 22 11 7 35 20 25 42 37 45 44 70 93 32 5 81 83 109 94 68 51 2 69 82 36 78 14 57 80 66 52 106 33 84 103 100 39 101 74 10 99 64 108 98 15 91 16 12 58 56 102 60 105 13 6 88 41 30 95 3 104 26 47 28 71 49 67 1 38 43 53 50 72 73 76 34 4 89 40 48 62 87 61 96 63 86 21 18 97 65 
0 19 31 77 90 23 55 79 107 24 27 29 46 17 92 8 9 54 75 85 59 22 11 7 35 20 25 42 37 45 44 70 93 32 5 81 83 109 94 68 51 2 69 82 36 78 14 57 80 66 52 106 33 84 103 100 39 101 74 10 99 64 108 98 15 91 16 12 58 56 102 60 105 13 6 88 41 30 95 3 104 26 47 28 71 49 67 1 38 43 53 50 72 73 76 34 4 89 40 48 62 87 61 96 63 86 21 18 97 65 
0 19 31 77 90 23 55 79 107 24 27 29 46 17 92 8 9 54 75 85 59 22 11 7 35 20 25 42 37 45 44 70 93 32 5 81 83 109 94 68 51 2 69 82 36 78 14 57 80 66 52 106 33 84 103 100 39 101 74 10 99 64 108 98 15 91 16 12 58 56 102 60 105 13 6 88 41 30 95 3 104 26 47 28 71 49 67 1 38 43 53 50 72 73 76 34 4 89 40 48 62 87 61 96 63 86 21 18 97 65 
0 19 31 77 90 23 55 79 107 24 27 29 46 17 92 8 9 54 75 85 59 22 11 7 35 20 25 42 37 45 44 70 93 32 5 81 83 109 94 68 51 2 69 82 36 78 14 57 80 66 52 106 33 84 103 100 39 101 74 10 99 64 108 98 15 91 16 12 58 56 102 60 105 13 6 88 41 30 95 3 104 26 47 28 71 49 67 1 38 43 53 50 72 73 76 34 4 89 40 48 62 87 61 96 63 86 21 18 97 65 
0 19 31 77 90 23 55 79 107 24 27 29 46 17 92 8 9 54 75 85 59 22 11 7 35 20 25 42 37 45 44 70 93 32 5 81 83 109 94 68 51 2 69 82 36 78 14 57 80 66 52 106 33 84 103 100 39 101 74 10 99 64 108 98 15 91 16 12 58 56 102 60 105 13 6 88 41 30 95 3 104 26 47 28 71 49 67 1 38 43 53 50 72 73 76 34 4 89 40 48 62 87 61 96 63 86 21 18 97 65 
0 19 31 77 90 23 55 79 107 24 27 29 46 17 92 8 9 54 75 85 59 22 11 7 35 20 25 42 37 45 44 70 93 32 5 81 83 109 94 68 51 2 69 82 36 78 14 57 80 66 52 106 33 84 103 100 39 101 74 10 99 64 108 98 15 91 16 12 58 56 102 60 105 13 6 88 41 30 95 3 104 26 47 28 71 49 67 1 38 43 53 50 72 73 76 34 4 89 40 48 62 87 61 96 63 86 21 18 97 65 
0 19 31 77 90 23 55 79 107 24 27 29 46 17 92 8 9 54 75 85 59 22 11 7 35 20 25 42 37 45 44 70 93 32 5 81 83 109 94 68 51 2 69 82 36 78 14 57 80 66 52 106 33 84 103 100 39 101 74 10 99 64 108 98 15 91 16 12 58 56 102 60 105 13 6 88 41 30 95 3 104 26 47 28 71 49 67 1 38 43 53 50 72 73 76 34 4 89 40 48 62 87 61 96 63 86 21 18 97 65 
0 19 31 77 90 23 55 79 107 24 27 29 46 17 92 8 9 54 75 85 59 22 11 7 35 20 25 42 37 45 44 70 93 32 5 81 83 109 94 68 51 2 69 82 36 78 14 57 80 66 52 106 33 84 103 100 39 101 74 10 99 64 108 98 15 91 16 12 58 56 102 104 3 95 30 41 88 6 13 105 60 26 47 28 71 49 67 1 38 43 53 50 72 73 76 34 4 89 40 48 62 87 61 96 63 86 21 18 97 65 
0 19 31 77 90 23 55 79 107 24 27 29 46 17 92 8 9 54 75 85 59 22 11 7 35 20 25 42 37 45 44 70 93 32 5 81 83 109 94 68 51 2 69 82 36 78 14 57 80 66 52 106 33 84 103 100 39 101 74 10 99 64 108 98 15 91 16 12 58 56 102 104 3 95 30 41 88 6 13 105 60 26 47 28 71 49 67 1 38 43 53 50 72 73 76 34 4 89 40 48 62 87 61 96 63 86 21 18 97 65 
0 19 31 77 90 23 55 79 107 24 27 29 46 17 92 8 9 54 75 85 59 22 11 7 35 20 25 42 37 45 44 70 93 32 5 81 83 109 94 68 51 2 69 82 36 78 14 57 80 66 52 106 33 84 103 100 39 101 74 10 99 64 108 98 15 91 16 12 58 56 102 104 3 95 30 41 88 6 13 105 60 26 47 28 71 49 67 1 38 43 53 50 72 73 76 34 4 89 40 48 62 87 61 96 63 86 21 18 97 65 
0 19 31 77 90 23 55 79 107 24 27 29 46 17 92 8 9 54 75 85 59 22 11 7 35 20 25 42 37 45 44 70 93 32 5 81 83 109 94 68 51 2 69 82 36 78 14 57 80 66 52 106 33 84 103 100 39 101 74 10 99 64 108 98 15 91 16 12 58 56 102 104 3 95 30 41 88 6 13 105 60 26 47 28 71 49 67 1 38 43 53 50 72 73 76 34 4 89 40 48 62 87 61 96 63 86 21 18 97 65 
0 19 31 77 90 23 55 79 107 24 27 29 46 17 92 8 9 54 75 85 59 22 11 7 35 20 25 42 37 45 44 70 93 32 5 81 83 109 94 68 51 2 69 82 36 78 14 57 80 66 52 106 33 84 103 100 39 101 74 10 99 64 108 98 15 91 16 12 58 56 102 104 3 95 30 41 88 6 13 105 60 26 47 28 71 49 67 1 38 43 53 50 72 73 76 34 4 89 40 48 62 87 61 96 63 86 21 18 97 65 
0 19 31 77 90 23 55 79 107 24 27 29 46 17 92 8 9 54 75 85 59 22 11 7 35 20 25 42 37 45 44 70 93 32 5 81 83 109 94 68 51 2 69 82 36 78 14 57 80 66 52 106 33 84 103 100 39 101 74 10 99 64 108 98 15 91 16 12 58 56 102 104 3 95 30 41 88 6 13 105 60 26 47 28 71 49 67 1 38 43 53 50 72 73 76 34 4 89 40 48 62 87 61 96 63 86 21 18 97 65 
0 19 31 77 90 23 55 79 107 24 27 29 46 17 92 8 9 54 75 85 59 22 11 7 35 20 25 42 37 45 44 70 93 32 5 81 83 109 94 68 51 2 69 82 36 78 14 57 80 66 52 106 33 84 103 100 39 101 74 10 99 64 108 98 15 91 16 12 58 56 102 104 3 95 30 41 88 6 13 105 60 26 47 28 71 49 67 1 38 43 53 50 72 73 76 34 4 89 40 48 62 87 61 96 63 86 21 18 97 65 
0 19 31 77 90 23 55 79 107 24 27 29 46 17 92 8 9 54 75 85 59 22 11 7 35 20 25 42 37 45 44 70 93 32 5 81 83 109 94 68 51 2 69 82 36 78 14 57 80 66 52 106 33 84 103 100 39 101 74 10 99 64 108 98 15 91 16 12 58 56 102 104 3 95 30 41 88 6 13 105 60 26 47 28 71 49 67 1 38 43 53 50 72 73 76 34 4 89 40 48 62 87 61 96 63 86 21 18 97 65 
0 19 31 77 90 23 55 79 107 24 27 29 46 17 92 8 9 54 75 85 59 22 11 7 35 20 25 42 37 45 44 70 93 32 5 81 83 109 94 68 51 2 69 82 36 78 14 57 80 66 52 106 33 84 103 100 39 101 74 10 99 64 108 98 15 91 16 12 58 56 102 104 3 95 30 41 88 6 13 105 60 26 47 28 71 49 67 1 38 43 53 50 72 73 76 34 4 89 40 48 62 87 61 96 63 86 21 18 97 65 
0 19 31 77 90 23 55 79 107 24 27 29 46 17 92 8 9 54 75 85 59 22 11 7 35 20 25 42 37 45 44 70 93 32 5 81 83 109 94 68 51 2 69 82 36 78 14 57 80 66 52 106 33 84 103 100 39 101 74 10 99 64 108 98 15 91 16 12 58 56 102 104 3 95 30 41 88 6 13 105 60 26 47 28 71 49 67 1 38 43 53 50 72 73 76 34 4 89 40 48 62 87 61 96 63 86 21 18 97 65 
0 19 31 77 90 23 55 79 107 24 27 29 46 17 92 8 9 54 75 85 59 22 11 7 35 20 25 42 37 45 44 70 93 32 5 81 83 109 94 68 51 2 69 82 36 78 14 57 80 66 52 106 33 84 103 100 39 101 74 10 99 64 108 98 15 91 16 12 58 56 102 104 3 95 30 41 88 6 13 105 60 26 47 28 71 49 67 1 38 43 53 50 72 73 76 34 4 89 40 48 62 87 61 96 63 86 21 18 97 65 
0 19 31 77 90 23 55 79 107 24 27 29 46 17 92 8 9 54 75 85 59 22 11 7 35 20 25 42 37 45 44 70 93 32 5 81 83 109 94 68 51 2 69 82 36 78 14 57 80 66 52 106 33 84 103 100 39 101 74 10 99 64 108 98 15 91 16 12 58 56 102 104 3 95 30 41 88 6 13 105 60 26 47 28 71 49 67 1 38 43 53 50 72 73 76 34 4 89 40 48 62 87 61 96 63 86 21 18 97 65 
0 19 31 77 90 23 55 79 107 24 27 29 46 17 92 8 9 54 75 85 59 22 11 7 35 20 25 42 37 45 44 70 93 32 5 81 83 109 94 68 51 2 69 82 36 78 14 57 80 66 52 106 33 84 103 100 39 101 74 10 99 64 108 98 15 91 16 12 58 56 102 104 3 95 30 41 88 6 13 105 60 26 47 28 71 49 67 1 38 43 53 50 72 73 76 34 4 89 40 48 62 87 61 96 63 86 21 18 97 65 
0 19 31 77 90 23 55 79 107 24 27 29 46 17 92 8 9 54 75 85 59 22 11 7 35 20 25 42 37 45 44 70 93 32 5 81 83 109 94 68 51 2 69 82 36 78 14 57 80 66 52 106 33 84 103 100 39 101 74 10 99 64 108 98 15 91 16 12 58 56 102 104 3 95 30 41 88 6 13 105 60 26 47 28 71 49 67 1 38 43 53 50 72 73 76 34 4 89 40 48 62 87 61 96 63 86 21 18 97 65 
0 19 31 77 90 23 55 79 107 24 27 29 46 17 92 8 9 54 75 85 59 22 11 7 35 20 25 42 37 45 44 70 93 32 5 81 83 109 94 68 51 2 69 82 36 78 14 57 80 66 52 106 33 84 103 100 39 101 74 10 99 64 108 98 15 91 16 12 58 56 102 104 3 95 30 41 88 6 13 105 60 26 47 28 71 49 67 1 38 43 53 50 72 73 76 34 4 89 40 48 62 87 61 96 63 86 21 18 97 65 
0 19 31 77 90 23 55 79 107 24 27 29 46 17 92 8 9 54 75 85 59 22 11 7 35 20 25 42 37 45 44 70 93 32 5 81 83 109 94 68 51 2 69 82 36 78 14 57 80 66 52 106 33 84 103 100 39 101 74 10 99 64 108 98 15 91 16 12 58 56 102 104 3 95 30 41 88 6 13 105 60 26 47 28 71 49 67 1 38 43 53 50 72 73 76 34 4 89 40 48 62 87 61 96 63 86 21 18 97 65 
0 19 31 77 90 23 55 79 107 24 27 29 46 17 92 8 9 54 75 85 59 22 11 7 35 20 25 42 37 45 44 70 93 32 5 81 83 109 94 68 51 2 69 82 36 78 14 57 80 66 52 106 33 84 103 100 39 101 74 10 99 64 108 98 15 91 16 12 58 56 102 104 3 95 30 41 88 6 13 105 60 26 47 28 71 49 67 1 38 43 53 50 72 73 76 34 4 89 40 48 62 87 61 96 63 86 21 18 97 65 
0 19 31 77 90 23 55 79 107 24 27 29 46 17 92 8 9 54 75 85 59 22 11 7 35 20 25 42 37 45 44 70 93 32 5 81 83 109 94 68 51 2 69 82 36 78 14 57 80 66 52 106 33 84 103 100 39 101 74 10 99 64 108 98 15 91 16 12 58 56 102 104 3 95 30 41 88 6 13 105 60 26 47 28 71 49 67 1 38 43 53 50 72 73 76 34 4 89 40 48 62 87 61 96 63 86 21 18 97 65 
0 19 31 77 90 23 55 79 107 24 27 29 46 17 92 8 9 54 75 85 59 22 11 7 35 20 25 42 37 45 44 70 93 32 5 81 83 109 94 68 51 2 69 82 36 78 14 57 80 66 52 106 33 84 103 100 39 101 74 10 99 64 108 98 15 91 16 12 58 56 102 104 3 95 30 41 88 6 13 105 60 26 47 28 71 49 67 1 38 43 53 50 72 73 76 34 4 89 40 48 62 87 61 96 63 86 21 18 97 65 
0 19 31 77 90 23 55 79 107 24 27 29 46 17 92 8 9 54 75 85 59 22 11 7 35 20 25 42 37 45 44 70 93 32 5 81 83 109 94 68 51 2 69 82 36 78 14 57 80 66 52 106 33 84 103 100 39 101 74 10 99 64 108 98 15 91 16 12 58 56 102 104 3 95 30 41 88 6 13 105 60 26 47 28 71 49 67 1 38 43 53 50 72 73 76 34 4 89 40 48 62 87 61 96 63 86 21 18 97 65 
0 19 31 77 90 23 55 79 107 24 27 29 46 17 92 8 9 54 75 85 59 22 11 7 35 20 25 42 37 45 44 70 93 32 5 81 83 109 94 68 51 2 69 82 36 78 14 57 80 66 52 106 33 84 103 100 39 101 74 10 99 64 108 98 15 91 16 12 58 56 102 104 3 95 30 41 88 6 13 105 60 26 47 28 71 49 67 1 38 43 53 50 72 73 76 34 4 89 40 48 62 87 61 96 63 86 21 18 97 65 
0 19 31 77 90 23 55 79 107 24 27 29 46 17 92 8 9 54 75 85 59 22 11 7 35 20 25 42 37 45 44 70 93 32 5 81 83 109 94 68 51 2 69 82 36 78 14 57 80 66 52 106 33 84 103 100 39 101 74 10 99 64 108 98 15 91 16 12 58 56 102 104 3 95 30 41 88 6 13 105 60 26 47 28 71 49 67 1 38 43 53 50 72 73 76 34 4 89 40 48 62 87 61 96 63 86 21 18 97 65 
0 19 31 77 90 23 55 79 107 24 27 29 46 17 92 8 9 54 75 85 59 22 11 7 35 20 25 42 37 45 44 70 93 32 5 81 83 109 94 68 51 2 69 82 36 78 14 57 80 66 52 106 33 84 103 100 39 101 74 10 99 64 108 98 15 91 16 12 58 56 102 104 3 95 30 41 88 6 13 105 60 26 47 28 71 49 67 1 38 43 53 50 72 73 76 34 4 89 40 48 62 87 61 96 63 86 21 18 97 65 
0 19 31 77 90 23 55 79 107 24 27 29 46 17 92 8 9 54 75 85 59 22 11 7 35 20 25 42 37 45 44 70 93 32 5 81 83 109 94 68 51 2 69 82 36 78 14 57 80 66 52 106 33 84 103 100 39 101 74 10 99 64 108 98 15 91 16 12 58 56 102 104 3 95 30 41 88 6 13 105 60 26 47 28 71 49 67 1 38 43 53 50 72 73 76 34 4 89 40 48 62 87 61 96 63 86 21 18 97 65 
0 19 31 77 90 23 55 79 107 24 27 29 46 17 92 8 9 54 75 85 59 22 11 7 35 20 25 42 37 45 44 70 93 32 5 81 83 109 94 68 51 2 69 82 36 78 14 57 80 66 52 106 33 84 103 100 39 101 74 10 99 64 108 98 15 91 16 12 58 56 102 104 3 95 30 41 88 6 13 105 60 26 47 28 71 49 67 1 38 43 53 50 72 73 76 34 4 89 40 48 62 87 61 96 63 86 21 18 97 65 
0 19 31 77 90 23 55 79 107 24 27 29 46 17 92 8 9 54 75 85 59 22 11 7 35 20 25 42 37 45 44 70 93 32 5 81 83 109 94 68 51 2 69 82 36 78 14 57 80 66 52 106 33 84 103 100 39 101 74 10 99 64 108 98 15 91 16 12 58 56 102 104 3 95 30 41 88 6 13 105 60 26 47 28 71 49 67 1 38 43 53 50 72 73 76 34 4 89 40 48 62 87 61 96 63 86 21 18 97 65 
0 19 31 77 90 23 55 79 107 24 27 29 46 17 92 8 9 54 75 85 59 22 11 7 35 20 25 42 37 45 44 70 93 32 5 81 83 109 94 68 51 2 69 82 36 78 14 57 80 66 52 106 33 84 103 100 39 101 74 10 99 64 108 98 15 91 16 12 58 56 102 104 3 95 30 41 88 6 13 105 60 26 47 28 71 49 67 1 38 43 53 50 72 73 76 34 4 89 40 48 62 87 61 96 63 86 21 18 97 65 
0 19 31 77 90 23 55 79 107 24 27 29 46 17 92 8 9 54 75 85 59 22 11 7 35 20 25 42 37 45 44 70 93 32 5 81 83 109 94 68 51 2 69 82 36 78 14 57 80 66 52 106 33 84 103 100 39 101 74 10 99 64 108 98 15 91 16 12 58 56 102 104 3 95 30 41 88 6 13 105 60 26 47 28 71 49 67 1 38 43 53 50 72 73 76 34 4 89 40 48 62 87 61 96 63 86 21 18 97 65 
0 19 31 77 90 23 55 79 107 24 27 29 46 17 92 8 9 54 75 85 59 22 11 7 35 20 25 42 37 45 44 70 93 32 5 81 83 109 94 68 51 2 69 82 36 78 14 57 80 66 52 106 33 84 103 100 39 101 74 10 99 64 108 98 15 91 16 12 58 56 102 104 3 95 30 41 88 6 13 105 60 26 47 28 71 49 67 1 38 43 53 50 72 73 76 34 4 89 40 48 62 87 61 96 63 86 21 18 97 65 
0 19 31 77 90 23 55 79 107 24 27 29 46 17 92 8 9 54 75 85 59 22 11 7 35 20 25 42 37 45 44 70 93 32 5 81 83 109 94 68 51 2 69 82 36 78 14 57 80 66 52 106 33 84 103 100 39 101 74 10 99 64 108 98 15 91 16 12 58 56 102 104 3 95 30 41 88 6 13 105 60 26 47 28 71 49 67 1 38 43 53 50 72 73 76 34 4 89 40 48 62 87 61 96 63 86 21 18 97 65 
0 19 31 77 90 23 55 79 107 24 27 29 46 17 92 8 9 54 75 85 59 22 11 7 35 20 25 42 37 45 44 70 93 32 5 81 83 109 94 68 51 2 69 82 36 78 14 57 80 66 52 106 33 84 103 100 39 101 74 10 99 64 108 98 15 91 16 12 58 56 102 104 3 95 30 41 88 6 13 105 60 26 47 28 71 49 67 1 38 43 53 50 72 73 76 34 4 89 40 48 62 87 61 96 63 86 21 18 97 65 
0 19 31 77 90 23 55 79 107 24 27 29 46 17 92 8 9 54 75 85 59 22 11 7 35 20 25 42 37 45 44 70 93 32 5 81 83 109 94 68 51 2 69 82 36 78 14 57 80 66 52 106 33 84 103 100 39 101 74 10 99 64 108 98 15 91 16 12 58 56 102 104 3 95 30 41 88 6 13 105 60 26 47 28 71 49 67 1 38 43 53 50 72 73 76 34 4 89 40 48 62 87 61 96 63 86 21 18 97 65 
0 19 31 77 90 23 55 79 107 24 27 29 46 17 92 8 9 54 75 85 59 22 11 7 35 20 25 42 37 45 44 70 93 32 5 81 83 109 94 68 51 2 69 82 36 78 14 57 80 66 52 106 33 84 103 100 39 101 74 10 99 64 108 98 15 91 16 12 58 56 102 104 3 95 30 41 88 6 13 105 60 26 47 28 71 49 67 1 38 43 53 50 72 73 76 34 4 89 40 48 62 87 61 96 63 86 21 18 97 65 
0 19 31 77 90 23 55 79 107 24 27 29 46 17 92 8 9 54 75 85 59 22 11 7 35 20 25 42 37 45 44 70 93 32 5 81 83 109 94 68 51 2 69 82 36 78 14 57 80 66 52 106 33 84 103 100 39 101 74 10 99 64 108 98 15 91 16 12 58 56 102 104 3 95 30 41 88 6 13 105 60 26 47 28 71 49 67 1 38 43 53 50 72 73 76 34 4 89 40 48 62 87 61 96 63 86 21 18 97 65 
0 19 31 77 90 23 55 79 107 24 27 29 46 17 92 8 9 54 75 85 59 22 11 7 35 20 25 42 37 45 44 70 93 32 5 81 83 109 94 68 51 2 69 82 36 78 14 57 80 66 52 106 33 84 103 100 39 101 74 10 99 64 108 98 15 91 16 12 58 56 102 104 3 95 30 41 88 6 13 105 60 26 47 28 71 49 67 1 38 43 53 50 72 73 76 34 4 89 40 48 62 87 61 96 63 86 21 18 97 65 
0 19 31 77 90 23 55 79 107 24 27 29 46 17 92 8 9 54 75 85 59 22 11 7 35 20 25 42 37 45 44 70 93 32 5 81 83 109 94 68 51 2 69 82 36 78 14 57 80 66 52 106 33 84 103 100 39 101 74 10 99 64 108 98 15 91 16 12 58 56 102 104 3 95 30 41 88 6 13 105 60 26 47 28 71 49 67 1 38 43 53 50 72 73 76 34 4 89 40 48 62 87 61 96 63 86 21 18 97 65 
0 19 31 77 90 23 55 79 107 24 27 29 46 17 92 8 9 54 75 85 59 22 11 7 35 20 25 42 37 45 44 70 93 32 5 81 83 109 94 68 51 2 69 82 36 78 14 57 80 66 52 106 33 84 103 100 39 101 74 10 99 64 108 98 15 91 16 12 58 56 102 104 3 95 30 41 88 6 13 105 60 26 47 28 71 49 67 1 38 43 53 50 72 73 76 34 4 89 40 48 62 87 61 96 63 86 21 18 97 65 
0 19 31 77 90 23 55 79 107 24 27 29 46 17 92 8 9 54 75 85 59 22 11 7 35 20 25 42 37 45 44 70 93 32 5 81 83 109 94 68 51 2 69 82 36 78 14 57 80 66 52 106 33 84 103 100 39 101 74 10 99 64 108 98 15 91 16 12 58 56 102 104 3 95 30 41 88 6 13 105 60 26 47 28 71 49 67 1 38 43 53 50 72 73 76 34 4 89 40 48 62 87 61 96 63 86 21 18 97 65 
0 19 31 77 90 23 55 79 107 24 27 29 46 17 92 8 9 54 75 85 59 22 11 7 35 20 25 42 37 45 44 70 93 32 5 81 83 109 94 68 51 2 69 82 36 78 14 57 80 66 52 106 33 84 103 100 39 101 74 10 99 64 108 98 15 91 16 12 58 56 102 104 3 95 30 41 88 6 13 105 60 26 47 28 71 49 67 1 38 43 53 50 72 73 76 34 4 89 40 48 62 87 61 96 63 86 21 18 97 65 
0 19 31 77 90 23 55 79 107 24 27 29 46 17 92 8 9 54 75 85 59 22 11 7 35 20 25 42 37 45 44 70 93 32 5 81 83 109 94 68 51 2 69 82 36 78 14 57 80 66 52 106 33 84 103 100 39 101 74 10 99 64 108 98 15 91 16 12 58 56 102 104 3 95 30 41 88 6 13 105 60 26 47 28 71 49 67 1 38 43 53 50 72 73 76 34 4 89 40 48 62 87 61 96 63 86 21 18 97 65 
0 19 31 77 90 23 55 79 107 24 27 29 46 17 92 8 9 54 75 85 59 22 11 7 35 20 25 42 37 45 44 70 93 32 5 81 83 109 94 68 51 2 69 82 36 78 14 57 80 66 52 106 33 84 103 100 39 101 74 10 99 64 108 98 15 91 16 12 58 56 102 104 3 95 30 41 88 6 13 105 60 26 47 28 71 49 67 1 38 43 53 50 72 73 76 34 4 89 40 48 62 87 61 96 63 86 21 18 97 65 
0 19 31 77 90 23 55 79 107 24 27 29 46 17 92 8 9 54 75 85 59 22 11 7 35 20 25 42 37 45 44 70 93 32 5 81 83 109 94 68 51 2 69 82 36 78 14 57 80 66 52 106 33 84 103 100 39 101 74 10 99 64 108 98 15 91 16 12 58 56 102 104 3 95 30 41 88 6 13 105 60 26 47 28 71 49 67 1 38 43 53 50 72 73 76 34 4 89 40 48 62 87 61 96 63 86 21 18 97 65 
0 19 31 77 90 23 55 79 107 24 27 29 46 17 92 8 9 54 75 85 59 22 11 7 35 20 25 42 37 45 44 70 93 32 5 81 83 109 94 68 51 2 69 82 36 78 14 57 80 66 52 106 33 84 103 100 39 101 74 10 99 64 108 98 15 91 16 12 58 56 102 104 3 95 30 41 88 6 13 105 60 26 47 28 71 49 67 1 38 43 53 50 72 73 76 34 4 89 40 48 62 87 61 96 63 86 21 18 97 65 
0 19 31 77 90 23 55 79 107 24 27 29 46 17 92 8 9 54 75 85 59 22 11 7 35 20 25 42 37 45 44 70 93 32 5 81 83 109 94 68 51 2 69 82 36 78 14 57 80 66 52 106 33 84 103 100 39 101 74 10 99 64 108 98 15 91 16 12 58 56 102 104 3 95 30 41 88 6 13 105 60 26 47 28 71 49 67 1 38 43 53 50 72 73 76 34 4 89 40 48 62 87 61 96 63 86 21 18 97 65 
0 19 31 77 90 23 55 79 107 24 27 29 46 17 92 8 9 54 75 85 59 22 11 7 35 20 25 42 37 45 44 70 93 32 5 81 83 109 94 68 51 2 69 82 36 78 14 57 80 66 52 106 33 84 103 100 39 101 74 10 99 64 108 98 15 91 16 12 58 56 102 104 3 95 30 41 88 6 13 105 60 26 47 28 71 49 67 1 38 43 53 50 72 73 76 34 4 89 40 48 62 87 61 96 63 86 21 18 97 65 
0 19 31 77 90 23 55 79 107 24 27 29 46 17 92 8 9 54 75 85 59 22 11 7 35 20 25 42 37 45 44 70 93 32 5 81 83 109 94 68 51 2 69 82 36 78 14 57 80 66 52 106 33 84 103 100 39 101 74 10 99 64 108 98 15 91 16 12 58 56 102 104 3 95 30 41 88 6 13 105 60 26 47 28 71 49 67 1 38 43 53 50 72 73 76 34 4 89 40 48 62 87 61 96 63 86 21 18 97 65 
0 19 31 77 90 23 55 79 107 24 27 29 46 17 92 8 9 54 75 85 59 22 11 7 35 20 25 42 37 45 44 70 93 32 5 81 83 109 94 68 51 2 69 82 36 78 14 57 80 66 52 106 33 84 103 100 39 101 74 10 99 64 108 98 15 91 16 12 58 56 102 104 3 95 30 41 88 6 13 105 60 26 47 28 71 49 67 1 38 43 53 50 72 73 76 34 4 89 40 48 62 87 61 96 63 86 21 18 97 65 
0 19 31 77 90 23 55 79 107 24 27 29 46 17 92 8 9 54 75 85 59 22 11 7 35 20 25 42 37 45 44 70 93 32 5 81 83 109 94 68 51 2 69 82 36 78 14 57 80 66 52 106 33 84 103 100 39 101 74 10 99 64 108 98 15 91 16 12 58 56 102 104 3 95 30 41 88 6 13 105 60 26 47 28 71 49 67 1 38 43 53 50 72 73 76 34 4 89 40 48 62 87 61 96 63 86 21 18 97 65 
0 19 31 77 90 23 55 79 107 24 27 29 46 17 92 8 9 54 75 85 59 22 11 7 35 20 25 42 37 45 44 70 93 32 5 81 83 109 94 68 51 2 69 82 36 78 14 57 80 66 52 106 33 84 103 100 39 101 74 10 99 64 108 98 15 91 16 12 58 56 102 104 3 95 30 41 88 6 13 105 60 26 47 28 71 49 67 1 38 43 53 50 72 73 76 34 4 89 40 48 62 87 61 96 63 86 21 18 97 65 
0 19 31 77 90 23 55 79 107 24 27 29 46 17 92 8 9 54 75 85 59 22 11 7 35 20 25 42 37 45 44 70 93 32 5 81 83 109 94 68 51 2 69 82 36 78 14 57 80 66 52 106 33 84 103 100 39 101 74 10 99 64 108 98 15 91 16 12 58 56 102 104 3 95 30 41 88 6 13 105 60 26 47 28 71 49 67 1 38 43 53 50 72 73 76 34 4 89 40 48 62 87 61 96 63 86 21 18 97 65 
0 19 31 77 90 23 55 79 107 24 27 29 46 17 92 8 9 54 75 85 59 22 11 7 35 20 25 42 37 45 44 70 93 32 5 81 83 109 94 68 51 2 69 82 36 78 14 57 80 66 52 106 33 84 103 100 39 101 74 10 99 64 108 98 15 91 16 12 58 56 102 104 3 95 30 41 88 6 13 105 60 26 47 28 71 49 67 1 38 43 53 50 72 73 76 34 4 89 40 48 62 87 61 96 63 86 21 18 97 65 
0 19 31 77 90 23 55 79 107 24 27 29 46 17 92 8 9 54 75 85 59 22 11 7 35 20 25 42 37 45 44 70 93 32 5 81 83 109 94 68 51 2 69 82 36 78 14 57 80 66 52 106 33 84 103 100 39 101 74 10 99 64 108 98 15 91 16 12 58 56 102 104 3 95 30 41 88 6 13 105 60 26 47 28 71 49 67 1 38 43 53 50 72 73 76 34 4 89 40 48 62 87 61 96 63 86 21 18 97 65 
0 19 31 77 90 23 55 79 107 24 27 29 46 17 92 8 9 54 75 85 59 22 11 7 35 20 25 42 37 45 44 70 93 32 5 81 83 109 94 68 51 2 69 82 36 78 14 57 80 66 52 106 33 84 103 100 39 101 74 10 99 64 108 98 15 91 16 12 58 56 102 104 3 95 30 41 88 6 13 105 60 26 47 28 71 49 67 1 38 43 53 50 72 73 76 34 4 89 40 48 62 87 61 96 63 86 21 18 97 65 
0 19 31 77 90 23 55 79 107 24 27 29 46 17 92 8 9 54 75 85 59 22 11 7 35 20 25 42 37 45 44 70 93 32 5 81 83 109 94 68 51 2 69 82 36 78 14 57 80 66 52 106 33 84 103 100 39 101 74 10 99 64 108 98 15 91 16 12 58 56 102 104 3 95 30 41 88 6 13 105 60 26 47 28 71 49 67 1 38 43 53 50 72 73 76 34 4 89 40 48 62 87 61 96 63 86 21 18 97 65 
0 19 31 77 90 23 55 79 107 24 27 29 46 17 92 8 9 54 75 85 59 22 11 7 35 20 25 42 37 45 44 70 93 32 5 81 83 109 94 68 51 2 69 82 36 78 14 57 80 66 52 106 33 84 103 100 39 101 74 10 99 64 108 98 15 91 16 12 58 56 102 104 3 95 30 41 88 6 13 105 60 26 47 28 71 49 67 1 38 43 53 50 72 73 76 34 4 89 40 48 62 87 61 96 63 86 21 18 97 65 
0 19 31 77 90 23 55 79 107 24 27 29 46 17 92 8 9 54 75 85 59 22 11 7 35 20 25 42 37 45 44 70 93 32 5 81 83 109 94 68 51 2 69 82 36 78 14 57 80 66 52 106 33 84 103 100 39 101 74 10 99 64 108 98 15 91 16 12 58 56 102 104 3 95 30 41 88 6 13 105 60 26 47 28 71 49 67 1 38 43 53 50 72 73 76 34 4 89 40 48 62 87 61 96 63 86 21 18 97 65 
0 19 31 77 90 23 55 79 107 24 27 29 46 17 92 8 9 54 75 85 59 22 11 7 35 20 25 42 37 45 44 70 93 32 5 81 83 109 94 68 51 2 69 82 36 78 14 57 80 66 52 106 33 84 103 100 39 101 74 10 99 64 108 98 15 91 16 12 58 56 102 104 3 95 30 41 88 6 13 105 60 26 47 28 71 49 67 1 38 43 53 50 72 73 76 34 4 89 40 48 62 87 61 96 63 86 21 18 97 65 
0 19 31 77 90 23 55 79 107 24 27 29 46 17 92 8 9 54 75 85 59 22 11 7 35 20 25 42 37 45 44 70 93 32 5 81 83 109 94 68 51 2 69 82 36 78 14 57 80 66 52 106 33 84 103 100 39 101 74 10 99 64 108 98 15 91 16 12 58 56 102 104 3 95 30 41 88 6 13 105 60 26 47 28 71 49 67 1 38 43 53 50 72 73 76 34 4 89 40 48 62 87 61 96 63 86 21 18 97 65 
0 19 31 77 90 23 55 79 107 24 27 29 46 17 92 8 9 54 75 85 59 22 11 7 35 20 25 42 37 45 44 70 93 32 5 81 83 109 94 68 51 2 69 82 36 78 14 57 80 66 52 106 33 84 103 100 39 101 74 10 99 64 108 98 15 91 16 12 58 56 102 104 3 95 30 41 88 6 13 105 60 26 47 28 71 49 67 1 38 43 53 50 72 73 76 34 4 89 40 48 62 87 61 96 63 86 21 18 97 65 
0 19 31 77 90 23 55 79 107 24 27 29 46 17 92 8 9 54 75 85 59 22 11 7 35 20 25 42 37 45 44 70 93 32 5 81 83 109 94 68 51 2 69 82 36 78 14 57 80 66 52 106 33 84 103 100 39 101 74 10 99 64 108 98 15 91 16 12 58 56 102 104 3 95 30 41 88 6 13 105 60 26 47 28 71 49 67 1 38 43 53 50 72 73 76 34 4 89 40 48 62 87 61 96 63 86 21 18 97 65 
0 19 31 77 90 23 55 79 107 24 27 29 46 17 92 8 9 54 75 85 59 22 11 7 35 20 25 42 37 45 44 70 93 32 5 81 83 109 94 68 51 2 69 82 36 78 14 57 80 66 52 106 33 84 103 100 39 101 74 10 99 64 108 98 15 91 16 12 58 56 102 104 3 95 30 41 88 6 13 105 60 26 47 28 71 49 67 1 38 43 53 50 72 73 76 34 4 89 40 48 62 87 61 96 63 86 21 18 97 65 
0 19 31 77 90 23 55 79 107 24 27 29 46 17 92 8 9 54 75 85 59 22 11 7 35 20 25 42 37 45 44 70 93 32 5 81 83 109 94 68 51 2 69 82 36 78 14 57 80 66 52 106 33 84 103 100 39 101 74 10 99 64 108 98 15 91 16 12 58 56 102 104 3 95 30 41 88 6 13 105 60 26 47 28 71 49 67 1 38 43 53 50 72 73 76 34 4 89 40 48 62 87 61 96 63 86 21 18 97 65 
0 19 31 77 90 23 55 79 107 24 27 29 46 17 92 8 9 54 75 85 59 22 11 7 35 20 25 42 37 45 44 70 93 32 5 81 83 109 94 68 51 2 69 82 36 78 14 57 80 66 52 106 33 84 103 100 39 101 74 10 99 64 108 98 15 91 16 12 58 56 102 104 3 95 30 41 88 6 13 105 60 26 47 28 71 49 67 1 38 43 53 50 72 73 76 34 4 89 40 48 62 87 61 96 63 86 21 18 97 65 
0 19 31 77 90 23 55 79 107 24 27 29 46 17 92 8 9 54 75 85 59 22 11 7 35 20 25 42 37 45 44 70 93 32 5 81 83 109 94 68 51 2 69 82 36 78 14 57 80 66 52 106 33 84 103 100 39 101 74 10 99 64 108 98 15 91 16 12 58 56 102 104 3 95 30 41 88 6 13 105 60 26 47 28 71 49 67 1 38 43 53 50 72 73 76 34 4 89 40 48 62 87 61 96 63 86 21 18 97 65 
0 19 31 77 90 23 55 79 107 24 27 29 46 17 92 8 9 54 75 85 59 22 11 7 35 20 25 42 37 45 44 70 93 32 5 81 83 109 94 68 51 2 69 82 36 78 14 57 80 66 52 106 33 84 103 100 39 101 74 10 99 64 108 98 15 91 16 12 58 56 102 104 3 95 30 41 88 6 13 105 60 26 47 28 71 49 67 1 38 43 53 50 72 73 76 34 4 89 40 48 62 87 61 96 63 86 21 18 97 65 
0 19 31 77 90 23 55 79 107 24 27 29 46 17 92 8 9 54 75 85 59 22 11 7 35 20 25 42 37 45 44 70 93 32 5 81 83 109 94 68 51 2 69 82 36 78 14 57 80 66 52 106 33 84 103 100 39 101 74 10 99 64 108 98 15 91 16 12 58 56 102 104 3 95 30 41 88 6 13 105 60 26 47 28 71 49 67 1 38 43 53 50 72 73 76 34 4 89 40 48 62 87 61 96 63 86 21 18 97 65 
0 19 31 77 90 23 55 79 107 24 27 29 46 17 92 8 9 54 75 85 59 22 11 7 35 20 25 42 37 45 44 70 93 32 5 81 83 109 94 68 51 2 69 82 36 78 14 57 80 66 52 106 33 84 103 100 39 101 74 10 99 64 108 98 15 91 16 12 58 56 102 104 3 95 30 41 88 6 13 105 60 26 47 28 71 49 67 1 38 43 53 50 72 73 76 34 4 89 40 48 62 87 61 96 63 86 21 18 97 65 
0 19 31 77 90 23 55 79 107 24 27 29 46 17 92 8 9 54 75 85 59 22 11 7 35 20 25 42 37 45 44 70 93 32 5 81 83 109 94 68 51 2 69 82 36 78 14 57 80 66 52 106 33 84 103 100 39 101 74 10 99 64 108 98 15 91 16 12 58 56 102 104 3 95 30 41 88 6 13 105 60 26 47 28 71 49 67 1 38 43 53 50 72 73 76 34 4 89 40 48 62 87 61 96 63 86 21 18 97 65 
0 19 31 77 90 23 55 79 107 24 27 29 46 17 92 8 9 54 75 85 59 22 11 7 35 20 25 42 37 45 44 70 93 32 5 81 83 109 94 68 51 2 69 82 36 78 14 57 80 66 52 106 33 84 103 100 39 101 74 10 99 64 108 98 15 91 16 12 58 56 102 104 3 95 30 41 88 6 13 105 60 26 47 28 71 49 67 1 38 43 53 50 72 73 76 34 4 89 40 48 62 87 61 96 63 86 21 18 97 65 
0 19 31 77 90 23 55 79 107 24 27 29 46 17 92 8 9 54 75 85 59 22 11 7 35 20 25 42 37 45 44 70 93 32 5 81 83 109 94 68 51 2 69 82 36 78 14 57 80 66 52 106 33 84 103 100 39 101 74 10 99 64 108 98 15 91 16 12 58 56 102 104 3 95 30 41 88 6 13 105 60 26 47 28 71 49 67 1 38 43 53 50 72 73 76 34 4 89 40 48 62 87 61 96 63 86 21 18 97 65 
0 19 31 77 90 23 55 79 107 24 27 29 46 17 92 8 9 54 75 85 59 22 11 7 35 20 25 42 37 45 44 70 93 32 5 81 83 109 94 68 51 2 69 82 36 78 14 57 80 66 52 106 33 84 103 100 39 101 74 10 99 64 108 98 15 91 16 12 58 56 102 104 3 95 30 41 88 6 13 105 60 26 47 28 71 49 67 1 38 43 53 50 72 73 76 34 4 89 40 48 62 87 61 96 63 86 21 18 97 65 
0 19 31 77 90 23 55 79 107 24 27 29 46 17 92 8 9 54 75 85 59 22 11 7 35 20 25 42 37 45 44 70 93 32 5 81 83 109 94 68 51 2 69 82 36 78 14 57 80 66 52 106 33 84 103 100 39 101 74 10 99 64 108 98 15 91 16 12 58 56 102 104 3 95 30 41 88 6 13 105 60 26 47 28 71 49 67 1 38 43 53 50 72 73 76 34 4 89 40 48 62 87 61 96 63 86 21 18 97 65 
0 19 31 77 90 23 55 79 107 24 27 29 46 17 92 8 9 54 75 85 59 22 11 7 35 20 25 42 37 45 44 70 93 32 5 81 83 109 94 68 51 2 69 82 36 78 14 57 80 66 52 106 33 84 103 100 39 101 74 10 99 64 108 98 15 91 16 12 58 56 102 104 3 95 30 41 88 6 13 105 60 26 47 28 71 49 67 1 38 43 53 50 72 73 76 34 4 89 40 48 62 87 61 96 63 86 21 18 97 65 
0 19 31 77 90 23 55 79 107 24 27 29 46 17 92 8 9 54 75 85 59 22 11 7 35 20 25 42 37 45 44 70 93 32 5 81 83 109 94 68 51 2 69 82 36 78 14 57 80 66 52 106 33 84 103 100 39 101 74 10 99 64 108 98 15 91 16 12 58 56 102 104 3 95 30 41 88 6 13 105 60 26 47 28 71 49 67 1 38 43 53 50 72 73 76 34 4 89 40 48 62 87 61 96 63 86 21 18 97 65 
0 19 31 77 90 23 55 79 107 24 27 29 46 17 92 8 9 54 75 85 59 22 11 7 35 20 25 42 37 45 44 70 93 32 5 81 83 109 94 68 51 2 69 82 36 78 14 57 80 66 52 106 33 84 103 100 39 101 74 10 99 64 108 98 15 91 16 12 58 56 102 104 3 95 30 41 88 6 13 105 60 26 47 28 71 49 67 1 38 43 53 50 72 73 76 34 4 89 40 48 62 87 61 96 63 86 21 18 97 65 
0 19 31 77 90 23 55 79 107 24 27 29 46 17 92 8 9 54 75 85 59 22 11 7 35 20 25 42 37 45 44 70 93 32 5 81 83 109 94 68 51 2 69 82 36 78 14 57 80 66 52 106 33 84 103 100 39 101 74 10 99 64 108 98 15 91 16 12 58 56 102 104 3 95 30 41 88 6 13 105 60 26 47 28 71 49 67 1 38 43 53 50 72 73 76 34 4 89 40 48 62 87 61 96 63 86 21 18 97 65 
0 19 31 77 90 23 55 79 107 24 27 29 46 17 92 8 9 54 75 85 59 22 11 7 35 20 25 42 37 45 44 70 93 32 5 81 83 109 94 68 51 2 69 82 36 78 14 57 80 66 52 106 33 84 103 100 39 101 74 10 99 64 108 98 15 91 16 12 58 56 102 104 3 95 30 41 88 6 13 105 60 26 47 28 71 49 67 1 38 43 53 50 72 73 76 34 4 89 40 48 62 87 61 96 63 86 21 18 97 65 
0 19 31 77 90 23 55 79 107 24 27 29 46 17 92 8 9 54 75 85 59 22 11 7 35 20 25 42 37 45 44 70 93 32 5 81 83 109 94 68 51 2 69 82 36 78 14 57 80 66 52 106 33 84 103 100 39 101 74 10 99 64 108 98 15 91 16 12 58 56 102 104 3 95 30 41 88 6 13 105 60 26 47 28 71 49 67 1 38 43 53 50 72 73 76 34 4 89 40 48 62 87 61 96 63 86 21 18 97 65 
0 19 31 77 90 23 55 79 107 24 27 29 46 17 92 8 9 54 75 85 59 22 11 7 35 20 25 42 37 45 44 70 93 32 5 81 83 109 94 68 51 2 69 82 36 78 14 57 80 66 52 106 33 84 103 100 39 101 74 10 99 64 108 98 15 91 16 12 58 56 102 104 3 95 30 41 88 6 13 105 60 26 47 28 71 49 67 1 38 43 53 50 72 73 76 34 4 89 40 48 62 87 61 96 63 86 21 18 97 65 
0 19 31 77 90 23 55 79 107 24 27 29 46 17 92 8 9 54 75 85 59 22 11 7 35 20 25 42 37 45 44 70 93 32 5 81 83 109 94 68 51 2 69 82 36 78 14 57 80 66 52 106 33 84 103 100 39 101 74 10 99 64 108 98 15 91 16 12 58 56 102 104 3 95 30 41 88 6 13 105 60 26 47 28 71 49 67 1 38 43 53 50 72 73 76 34 4 89 40 48 62 87 61 96 63 86 21 18 97 65 
0 19 31 77 90 23 55 79 107 24 27 29 46 17 92 8 9 54 75 85 59 22 11 7 35 20 25 42 37 45 44 70 93 32 5 81 83 109 94 68 51 2 69 82 36 78 14 57 80 66 52 106 33 84 103 100 39 101 74 10 99 64 108 98 15 91 16 12 58 56 102 104 3 95 30 41 88 6 13 105 60 26 47 28 71 49 67 1 38 43 53 50 72 73 76 34 4 89 40 48 62 87 61 96 63 86 21 18 97 65 
0 19 31 77 90 23 55 79 107 24 27 29 46 17 92 8 9 54 75 85 59 22 11 7 35 20 25 42 37 45 44 70 93 32 5 81 83 109 94 68 51 2 69 82 36 78 14 57 80 66 52 106 33 84 103 100 39 101 74 10 99 64 108 98 15 91 16 12 58 56 102 104 3 95 30 41 88 6 13 105 60 26 47 28 71 49 67 1 38 43 53 50 72 73 76 34 4 89 40 48 62 87 61 96 63 86 21 18 97 65 
0 19 31 77 90 23 55 79 107 24 27 29 46 17 92 8 9 54 75 85 59 22 11 7 35 20 25 42 37 45 44 70 93 32 5 81 83 109 94 68 51 2 69 82 36 78 14 57 80 66 52 106 33 84 103 100 39 101 74 10 99 64 108 98 15 91 16 12 58 56 102 104 3 95 30 41 88 6 13 105 60 26 47 28 71 49 67 1 38 43 53 50 72 73 76 34 4 89 40 48 62 87 61 96 63 86 21 18 97 65 
0 19 31 77 90 23 55 79 107 24 27 29 46 17 92 8 9 54 75 85 59 22 11 7 35 20 25 42 37 45 44 70 93 32 5 81 83 109 94 68 51 2 69 82 36 78 14 57 80 66 52 106 33 84 103 100 39 101 74 10 99 64 108 98 15 91 16 12 58 56 102 104 3 95 30 41 88 6 13 105 60 26 47 28 71 49 67 1 38 43 53 50 72 73 76 34 4 89 40 48 62 87 61 96 63 86 21 18 97 65 
0 19 31 77 90 23 55 79 107 24 27 29 46 17 92 8 9 54 75 85 59 22 11 7 35 20 25 42 37 45 44 70 93 32 5 81 83 109 94 68 51 2 69 82 36 78 14 57 80 66 52 106 33 84 103 100 39 101 74 10 99 64 108 98 15 91 16 12 58 56 102 104 3 95 30 41 88 6 13 105 60 26 47 28 71 49 67 1 38 43 53 50 72 73 76 34 4 89 40 48 62 87 61 96 63 86 21 18 97 65 
0 19 31 77 90 23 55 79 107 24 27 29 46 17 92 8 9 54 75 85 59 22 11 7 35 20 25 42 37 45 44 70 93 32 5 81 83 109 94 68 51 2 69 82 36 78 14 57 80 66 52 106 33 84 103 100 39 101 74 10 99 64 108 98 15 91 16 12 58 56 102 104 3 95 30 41 88 6 13 105 60 26 47 28 71 49 67 1 38 43 53 50 72 73 76 34 4 89 40 48 62 87 61 96 63 86 21 18 97 65 
0 19 31 77 90 23 55 79 107 24 27 29 46 17 92 8 9 54 75 85 59 22 11 7 35 20 25 42 37 45 44 70 93 32 5 81 83 109 94 68 51 2 69 82 36 78 14 57 80 66 52 106 33 84 103 100 39 101 74 10 99 64 108 98 15 91 16 12 58 56 102 104 3 95 30 41 88 6 13 105 60 26 47 28 71 49 67 1 38 43 53 50 72 73 76 34 4 89 40 48 62 87 61 96 63 86 21 18 97 65 
0 19 31 77 90 23 55 79 107 24 27 29 46 17 92 8 9 54 75 85 59 22 11 7 35 20 25 42 37 45 44 70 93 32 5 81 83 109 94 68 51 2 69 82 36 78 14 57 80 66 52 106 33 84 103 100 39 101 10 74 99 64 108 98 15 91 16 12 58 56 102 104 3 95 30 41 88 6 13 105 60 26 47 28 71 49 67 1 38 43 53 50 72 73 76 34 4 89 40 48 62 87 61 96 63 86 21 18 97 65 
0 19 31 77 90 23 55 79 107 24 27 29 46 17 92 8 9 54 75 85 59 22 11 7 35 20 25 42 37 45 44 70 93 32 5 81 83 109 94 68 51 2 69 82 36 78 14 57 80 66 52 106 33 84 103 100 39 101 74 10 99 64 108 98 15 91 16 12 58 56 102 60 105 13 6 88 41 30 95 3 104 26 47 28 71 49 67 1 38 43 72 53 50 73 76 34 4 89 40 48 62 87 61 96 63 86 21 18 97 65 
0 19 31 77 90 23 55 79 107 24 27 29 46 17 92 8 9 54 75 85 59 22 11 7 35 20 25 42 37 45 44 70 93 32 5 81 83 109 94 68 51 2 69 82 36 78 14 57 80 66 52 106 33 84 103 100 39 101 74 10 99 64 108 98 15 91 16 12 58 67 49 71 28 47 26 60 105 13 6 88 41 30 95 3 104 102 56 1 38 43 53 50 72 73 76 34 4 89 40 48 62 87 61 96 63 86 21 18 97 65 
0 19 31 77 90 23 55 79 107 24 27 29 46 17 92 8 9 54 75 85 59 22 11 7 35 20 25 42 37 45 44 70 93 32 5 81 83 109 94 68 51 2 69 82 36 78 14 57 80 66 52 106 33 84 103 100 39 101 74 10 99 64 108 98 15 91 16 12 58 56 102 104 3 95 30 41 88 6 67 49 71 28 47 26 60 105 13 1 38 43 53 50 72 73 76 34 4 89 40 48 62 87 61 96 63 86 21 18 97 65 
0 19 31 77 90 23 55 79 107 24 27 29 46 17 92 8 9 54 75 85 59 22 11 7 35 20 25 42 37 45 44 70 93 32 5 81 83 109 94 68 51 2 69 82 36 78 14 57 80 66 52 106 33 84 103 100 39 101 74 10 99 64 108 98 15 91 16 12 58 56 102 60 13 6 88 41 30 95 3 104 26 47 28 71 49 67 1 105 38 43 53 50 72 73 76 34 4 89 40 48 62 87 61 96 63 86 21 18 97 65 
0 19 31 77 90 23 55 79 107 24 27 29 46 17 92 8 9 54 75 85 59 22 11 7 35 20 25 42 37 45 44 70 93 32 5 81 83 109 94 68 51 2 69 82 36 78 14 57 71 28 47 26 60 105 13 6 88 41 30 95 3 104 102 56 58 12 16 91 15 98 108 64 99 10 74 101 39 100 103 84 33 106 52 66 80 49 67 1 38 43 53 50 72 73 76 34 4 89 40 48 62 87 61 96 63 86 21 18 97 65 
0 19 31 77 90 23 55 79 107 24 27 29 46 17 92 8 9 54 75 85 59 22 11 7 35 20 25 42 37 45 44 70 93 32 5 81 83 109 94 68 51 2 69 82 36 78 14 57 80 66 52 106 33 84 103 100 39 101 74 10 99 64 108 98 15 91 16 12 58 56 102 104 3 95 30 41 88 6 13 105 60 26 47 28 71 49 67 1 38 43 53 50 72 4 89 40 73 76 34 48 62 87 61 96 63 86 21 18 97 65 
0 19 31 77 90 23 55 79 107 24 27 29 46 17 92 8 9 54 75 85 59 22 11 7 35 20 25 42 37 45 44 70 93 32 5 81 83 109 94 68 51 2 69 82 36 78 14 57 80 66 52 106 33 84 103 100 39 101 10 99 64 108 74 98 15 91 16 12 58 56 102 60 105 13 6 88 41 30 95 3 104 26 47 28 71 49 67 1 38 43 53 50 72 73 76 34 4 89 40 48 62 87 61 96 63 86 21 18 97 65 
0 19 31 77 90 23 55 79 107 24 27 29 46 17 92 8 9 54 75 85 59 22 11 7 35 20 25 42 37 45 44 70 93 32 5 81 83 109 94 68 51 2 69 82 36 78 14 57 80 66 106 33 84 103 100 39 101 74 10 99 64 108 98 15 91 16 12 58 56 102 104 3 95 30 41 88 6 13 105 60 26 47 28 71 49 67 1 38 43 53 50 52 72 73 76 34 4 89 40 48 62 87 61 96 63 86 21 18 97 65 
0 19 31 77 90 23 55 79 107 24 27 29 46 17 92 8 9 54 75 85 59 22 11 7 35 20 25 42 37 45 44 70 93 32 5 81 83 109 94 68 51 2 82 36 78 14 57 80 66 52 106 33 84 69 103 100 39 101 74 10 99 64 108 98 15 91 16 12 58 56 102 104 3 95 30 41 88 6 13 105 60 26 47 28 71 49 67 1 38 43 53 50 72 73 76 34 4 89 40 48 62 87 61 96 63 86 21 18 97 65 
0 19 31 77 90 23 55 79 107 24 27 29 46 17 92 35 7 11 22 59 85 75 54 9 8 20 25 42 37 45 44 70 93 32 5 81 83 109 94 68 51 2 69 82 36 78 14 57 80 66 52 106 33 84 103 100 39 101 74 10 99 64 108 98 15 91 16 12 58 56 102 104 3 95 30 41 88 6 13 105 60 26 47 28 71 49 67 1 38 43 53 50 72 73 76 34 4 89 40 48 62 87 61 96 63 86 21 18 97 65 
0 19 31 77 90 23 55 79 107 24 27 29 46 17 92 8 9 54 75 85 59 22 11 7 35 20 25 42 37 45 44 70 93 32 5 81 83 109 94 68 51 2 69 82 36 78 14 57 80 66 52 106 33 84 103 100 39 101 74 10 99 64 108 98 15 91 16 12 58 56 102 60 105 13 6 88 41 104 3 95 30 26 47 28 71 49 67 1 38 43 53 50 72 73 76 34 4 89 40 48 62 87 61 96 63 86 21 18 97 65 
0 19 31 77 90 23 55 79 107 24 27 29 46 17 92 8 9 54 75 85 59 22 11 7 35 20 25 42 37 45 44 70 93 32 5 81 83 109 94 68 51 2 69 40 89 4 34 76 73 72 50 53 43 38 1 67 49 71 28 47 26 60 105 13 6 88 41 30 95 3 104 102 56 58 12 16 91 15 98 108 64 99 10 74 101 39 100 103 84 33 106 52 66 80 57 14 78 36 82 48 62 87 61 96 63 86 21 18 97 65 
0 19 31 77 90 23 55 79 107 24 27 29 46 17 92 8 9 54 75 85 59 22 11 7 35 20 25 42 37 45 44 70 93 32 5 81 83 109 94 68 51 2 69 82 36 78 14 57 80 66 52 106 33 84 103 100 39 101 74 10 99 64 72 108 98 15 91 16 12 58 56 102 104 3 95 30 41 88 6 13 105 60 26 47 28 71 49 67 1 38 43 53 50 73 76 34 4 89 40 48 62 87 61 96 63 86 21 18 97 65 
0 19 31 77 90 23 55 79 107 24 27 29 46 17 92 8 9 54 75 85 59 22 11 7 35 20 25 42 37 45 44 70 93 32 34 76 73 72 50 53 43 38 1 67 49 71 28 47 26 60 105 13 6 88 41 30 95 3 104 102 56 58 12 16 91 15 98 108 64 99 10 74 101 39 100 103 84 33 106 52 66 80 57 14 78 36 82 69 2 51 68 94 109 83 81 5 4 89 40 48 62 87 61 96 63 86 21 18 97 65 
0 19 31 77 90 23 55 79 107 24 27 29 46 17 92 8 9 54 75 85 59 22 11 7 35 20 25 42 37 45 44 70 93 32 81 83 109 94 68 51 2 69 82 36 5 78 14 57 80 66 52 106 33 84 103 100 39 101 74 10 99 64 108 98 15 91 16 12 58 56 102 60 105 13 6 88 41 30 95 3 104 26 47 28 71 49 67 1 38 43 53 50 72 73 76 34 4 89 40 48 62 87 61 96 63 86 21 18 97 65 
0 19 31 77 90 23 55 79 107 24 27 29 46 17 92 8 9 54 75 85 59 22 11 7 35 20 25 42 37 45 44 70 93 103 84 33 106 52 66 80 57 14 78 36 82 69 2 51 68 94 109 83 81 5 32 100 39 101 74 10 99 64 108 98 15 91 16 12 58 56 102 60 105 13 6 88 41 30 95 3 104 26 47 28 71 49 67 1 38 43 53 50 72 73 76 34 4 89 40 48 62 87 61 96 63 86 21 18 97 65 
0 19 31 77 90 23 55 79 107 24 27 29 46 17 92 8 9 54 75 85 59 22 11 7 35 20 25 42 37 45 44 70 93 32 5 81 83 109 94 68 51 2 69 82 36 72 14 57 80 66 52 106 33 84 103 100 39 101 74 10 99 64 108 98 15 91 16 12 58 56 102 104 3 95 30 41 88 6 13 105 60 26 47 28 71 49 67 1 38 43 53 50 78 73 76 34 4 89 40 48 62 87 61 96 63 86 21 18 97 65 
0 19 31 77 90 23 55 79 107 24 27 29 46 17 92 8 9 54 75 85 59 22 11 7 35 20 25 42 37 45 44 70 93 32 5 81 83 109 94 68 51 2 69 82 36 78 14 57 80 66 76 106 33 84 103 100 39 101 74 10 99 64 108 98 15 91 16 12 58 56 102 104 3 95 30 41 88 6 13 105 60 26 47 28 71 49 67 1 38 43 53 50 72 73 52 34 4 89 40 48 62 87 61 96 63 86 21 18 97 65 
0 19 31 77 90 23 55 79 107 24 27 29 46 17 92 8 9 54 75 85 59 22 11 7 35 20 25 42 37 45 44 70 93 32 5 81 83 109 94 68 51 2 69 82 36 78 14 57 80 66 52 106 33 84 103 100 39 101 74 10 99 64 108 98 15 91 16 12 58 56 102 60 105 13 6 88 41 53 43 38 1 67 49 71 28 47 26 104 3 95 30 50 72 73 76 34 4 89 40 48 62 87 61 96 63 86 21 18 97 65 
0 19 31 77 90 23 55 79 107 24 27 29 46 17 92 8 9 54 75 85 59 22 11 7 35 20 25 42 37 45 44 70 93 32 5 81 83 109 94 68 51 2 69 82 36 14 57 80 66 52 106 33 84 103 100 39 101 74 10 99 64 108 98 15 91 16 12 58 56 102 104 3 95 30 41 88 6 13 105 60 26 47 28 71 49 67 1 38 43 53 50 72 73 76 34 4 89 40 48 78 62 87 61 96 63 86 21 18 97 65 
0 19 31 77 90 23 55 79 107 24 27 29 46 17 92 8 9 54 75 85 59 22 11 7 35 20 25 42 37 45 44 70 93 32 5 81 83 109 94 68 51 2 69 82 36 78 14 57 80 66 52 106 84 103 100 39 101 74 10 99 64 108 98 15 91 16 12 58 56 102 60 105 13 6 88 41 30 95 3 104 26 47 28 71 49 33 67 1 38 43 53 50 72 73 76 34 4 89 40 48 62 87 61 96 63 86 21 18 97 65 
0 19 31 77 90 23 55 79 107 24 27 29 46 17 92 8 9 54 75 85 59 22 11 7 35 20 25 42 37 45 44 70 93 32 5 81 83 109 94 68 51 2 69 82 36 78 14 57 80 66 52 106 33 84 103 100 39 101 74 10 99 64 108 98 15 91 16 12 58 76 73 72 50 53 43 38 1 67 49 71 28 47 26 60 105 13 6 88 41 30 95 3 104 102 56 34 4 89 40 48 62 87 61 96 63 86 21 18 97 65 
0 19 31 77 90 23 55 79 107 24 27 29 46 17 92 8 9 54 75 85 59 22 11 7 35 20 25 42 37 45 44 70 93 32 5 50 53 43 38 1 67 49 71 28 47 26 60 105 13 6 88 41 30 95 3 104 102 56 58 12 16 91 15 98 108 64 99 10 74 101 39 100 103 84 33 106 52 66 80 57 14 78 36 82 69 2 51 68 94 109 83 81 72 73 76 34 4 89 40 48 62 87 61 96 63 86 21 18 97 65 
0 19 31 77 90 23 55 79 107 24 27 29 46 17 92 8 9 54 75 85 59 22 11 7 35 20 25 42 37 45 44 70 93 32 5 81 83 109 94 68 51 2 69 82 36 78 14 57 80 66 52 106 33 84 103 100 39 101 74 10 99 64 108 98 15 91 16 12 58 56 102 104 3 95 30 41 88 6 13 105 60 26 47 28 71 49 67 1 38 43 53 72 50 73 76 34 4 89 48 62 87 61 96 63 86 21 18 40 97 65 
0 19 31 77 90 23 55 79 107 24 27 29 46 17 92 8 9 54 75 85 59 22 11 7 35 20 25 42 37 45 44 70 93 32 5 81 83 109 94 68 52 66 80 57 14 78 36 82 69 2 51 106 33 84 103 100 39 101 74 10 99 64 108 98 15 91 16 12 58 56 102 104 95 30 41 88 6 3 13 105 60 26 47 28 71 49 67 1 38 43 53 50 72 73 76 34 4 89 40 48 62 87 61 96 63 86 21 18 97 65 
0 19 31 77 90 23 55 79 107 24 27 29 46 17 92 8 9 54 75 85 59 22 11 7 35 20 25 42 37 45 44 70 93 32 5 81 83 109 94 68 51 2 69 82 36 78 14 57 80 66 52 106 33 84 103 100 39 101 74 10 99 64 108 98 15 91 16 12 58 56 102 104 3 49 30 41 88 6 13 105 60 26 47 28 71 95 67 1 38 43 53 50 72 73 76 34 4 89 40 48 62 87 61 96 63 86 21 18 97 65 
0 19 31 77 90 23 55 79 107 24 27 29 46 17 92 8 9 54 75 85 59 22 11 7 35 20 25 42 37 45 44 82 69 2 51 68 94 109 83 81 5 32 93 70 36 78 57 80 66 52 106 33 84 14 103 100 39 101 74 10 99 64 108 98 15 91 16 12 58 56 102 104 3 95 30 41 88 6 13 105 60 26 47 28 71 49 67 1 38 43 53 50 72 73 76 34 4 89 40 48 62 87 61 96 63 86 21 18 97 65 
0 19 31 77 90 23 55 79 107 24 27 29 46 17 92 8 9 54 75 85 59 22 11 7 35 20 25 83 81 5 32 93 70 44 45 37 42 109 94 68 51 2 69 82 36 78 14 57 80 66 106 33 84 52 103 100 39 101 74 10 99 64 108 98 15 91 16 12 58 56 102 104 3 95 30 41 88 6 13 105 60 26 47 28 71 49 67 1 38 43 53 50 72 73 76 34 4 89 40 48 62 87 61 96 63 86 21 18 97 65 
0 19 31 77 90 23 55 79 107 24 27 29 46 17 92 8 9 54 75 85 59 22 11 7 35 20 25 42 37 45 44 70 93 5 81 83 109 94 68 51 2 69 82 36 78 14 57 80 66 52 106 33 84 103 100 39 101 74 10 99 64 108 98 15 91 16 12 58 56 102 104 3 95 30 41 88 6 13 105 60 26 47 28 71 49 67 1 38 43 53 50 32 72 73 76 34 4 89 40 48 62 87 61 96 63 86 21 18 97 65 
0 19 31 77 90 23 55 79 107 24 27 29 46 17 92 8 9 54 75 85 59 22 11 7 35 20 25 42 37 45 44 70 93 32 5 81 83 109 94 68 51 2 69 82 36 78 14 57 80 66 52 106 33 84 103 100 39 101 74 10 99 64 108 6 98 15 91 16 12 58 56 102 104 3 95 30 41 88 13 105 60 26 47 28 71 49 67 1 38 43 53 50 72 73 76 34 4 89 40 48 62 87 61 96 63 86 21 18 97 65 
0 19 31 77 90 23 55 79 107 24 27 29 46 17 92 8 9 54 75 85 59 22 11 7 35 20 25 42 37 45 44 70 93 32 5 81 83 109 94 68 51 2 69 82 36 78 14 57 80 66 52 106 33 84 103 100 39 101 74 10 99 64 108 98 15 91 16 12 58 56 102 104 3 95 30 41 88 6 13 105 60 26 47 28 71 49 67 1 38 43 53 87 50 72 73 76 34 4 89 40 48 62 61 96 63 86 21 18 97 65 
0 19 31 77 90 23 55 79 107 24 27 29 46 17 92 8 9 54 75 85 59 22 11 7 35 20 25 42 37 45 44 70 93 32 5 81 83 109 94 68 51 2 69 82 36 39 100 103 84 33 106 98 66 80 57 14 78 101 74 10 99 64 108 52 15 91 16 12 58 56 102 60 105 13 6 88 41 30 95 3 104 26 47 28 71 49 67 1 38 43 53 50 72 73 76 34 4 89 40 48 62 87 61 96 63 86 21 18 97 65 
0 19 31 77 90 23 55 79 107 24 27 29 46 17 92 8 9 54 75 85 59 22 11 7 35 20 25 42 37 45 44 70 93 32 5 81 83 109 94 68 51 2 69 82 36 78 14 57 80 66 52 106 33 84 103 100 39 101 74 10 99 64 108 98 15 91 16 12 58 56 102 104 3 95 30 88 6 13 105 60 26 47 28 71 49 67 1 38 43 53 50 72 73 76 34 41 4 89 40 48 62 87 61 96 63 86 21 18 97 65 
0 19 31 77 90 23 55 79 107 24 27 46 17 92 8 9 54 75 85 59 22 11 7 35 20 25 29 42 37 45 44 70 93 32 5 81 83 109 94 68 51 2 69 82 36 78 14 57 80 66 52 106 33 84 103 100 39 101 74 10 99 64 108 98 15 91 16 12 58 56 102 60 105 13 6 88 41 30 95 3 104 26 47 28 71 49 67 1 38 43 53 50 72 73 76 34 4 89 40 48 62 87 61 96 63 86 21 18 97 65 
0 19 31 77 90 23 55 79 107 24 27 29 46 17 92 8 9 54 75 85 59 22 11 7 35 20 25 42 37 45 44 70 93 32 5 81 99 83 109 94 68 51 2 69 82 36 78 14 57 80 66 52 106 33 84 103 100 39 101 74 10 64 108 98 15 91 16 12 58 56 102 104 3 95 30 41 88 6 13 105 60 26 47 28 71 49 67 1 38 43 53 50 72 73 76 34 4 89 40 48 62 87 61 96 63 86 21 18 97 65 
0 19 31 77 90 23 55 79 107 24 27 29 46 17 92 8 9 54 75 85 59 22 11 7 35 20 25 42 37 45 44 70 93 32 5 81 83 109 94 68 51 2 69 82 36 78 14 57 80 66 52 106 33 84 103 100 39 101 74 10 99 64 108 98 15 91 16 12 58 56 102 104 3 95 30 41 88 6 13 105 60 26 47 28 71 49 67 1 38 43 53 50 72 73 76 34 4 89 40 48 62 87 61 96 97 18 21 86 63 65 
0 19 31 77 90 23 55 79 107 24 27 29 46 17 92 8 9 54 75 85 59 22 11 7 35 20 25 42 37 45 44 70 93 32 5 81 83 109 94 68 51 2 69 82 36 78 14 57 80 66 52 106 33 84 103 100 39 101 74 10 99 64 108 98 15 91 16 12 58 56 102 104 3 95 30 41 88 6 13 105 60 47 28 71 49 67 1 38 43 53 50 72 73 76 34 4 26 89 40 48 62 87 61 96 63 86 21 18 97 65 
0 19 31 77 90 23 55 79 107 24 27 29 46 17 92 8 9 54 75 85 59 22 11 7 35 20 25 42 37 45 44 70 93 32 5 81 83 109 94 68 51 2 69 82 36 78 14 57 80 66 52 106 33 84 103 100 39 101 74 10 99 108 98 15 91 16 12 58 56 102 104 64 3 95 30 41 88 6 13 105 60 26 47 28 71 49 67 1 38 43 53 50 72 73 76 34 4 89 40 48 62 87 61 96 63 86 21 18 97 65 
0 19 31 77 90 23 55 79 107 24 27 29 46 17 92 8 9 54 75 85 59 22 11 7 35 20 25 42 37 45 44 70 93 32 5 81 83 109 94 68 51 2 69 82 36 78 14 57 80 66 52 106 33 84 103 100 39 101 74 10 99 64 108 98 15 91 16 12 58 56 102 60 105 13 6 88 41 30 95 3 104 26 47 28 71 49 67 1 38 53 50 72 73 76 34 4 89 40 48 62 87 43 61 96 63 86 21 18 97 65 
0 19 31 77 90 23 55 79 107 24 27 29 46 17 92 8 9 54 75 85 59 22 11 7 35 20 25 42 37 45 44 70 93 32 5 81 83 109 94 68 51 2 69 82 36 78 14 57 80 66 52 106 33 84 103 100 39 101 74 10 99 64 108 98 15 91 16 12 58 56 102 104 3 95 30 41 88 6 13 105 60 26 47 28 71 49 67 1 38 89 53 50 72 73 76 34 4 43 40 48 62 87 61 96 63 86 21 18 97 65 
0 19 31 77 90 23 55 79 107 24 27 29 46 17 92 8 9 54 75 85 59 22 11 7 35 20 25 42 37 45 44 70 93 32 5 81 83 109 94 68 51 2 49 71 28 47 26 104 3 95 30 41 88 6 13 105 60 102 56 58 12 16 91 15 98 108 64 99 10 74 101 39 100 103 84 33 106 52 66 80 57 14 78 36 82 69 67 1 38 43 53 50 72 73 76 34 4 89 40 48 62 87 61 96 63 86 21 18 97 65 
0 19 31 77 90 8 92 17 46 29 27 24 107 79 55 23 9 54 75 85 59 22 11 7 35 20 25 42 37 45 44 70 93 32 5 81 83 109 94 68 51 2 69 82 36 78 14 57 80 66 52 106 33 84 103 100 39 101 74 10 99 64 108 98 15 91 16 12 58 56 102 104 3 95 30 41 88 6 13 105 60 26 47 28 71 49 67 1 38 43 53 50 72 73 76 34 4 89 40 48 62 87 61 96 63 86 21 18 97 65 
0 19 31 77 90 23 55 79 107 24 27 29 46 17 92 8 9 54 75 85 59 22 11 7 35 20 76 73 72 50 53 43 38 1 67 49 71 28 47 26 60 105 13 6 88 41 30 95 3 104 102 56 58 12 16 91 15 98 108 64 99 10 74 101 39 100 103 84 33 106 52 66 80 57 14 78 36 82 69 2 51 68 94 109 83 81 5 32 93 70 44 45 37 42 25 34 4 89 40 48 62 87 61 96 63 86 21 18 97 65 
0 19 31 77 90 23 55 79 107 24 27 29 46 17 92 8 9 54 75 85 59 22 11 7 35 20 25 42 37 45 44 70 93 32 5 81 83 109 94 68 51 2 69 82 36 78 14 57 80 66 52 106 33 84 103 100 39 101 74 10 99 53 108 98 15 91 16 12 58 56 102 104 3 95 30 41 88 6 13 105 60 26 47 28 71 49 67 1 38 43 64 50 72 73 76 34 4 89 40 48 62 87 61 96 63 86 21 18 97 65 
0 19 31 77 90 23 55 79 107 24 27 29 46 17 92 8 9 54 75 85 59 22 11 7 35 20 25 42 37 45 44 70 93 43 38 1 67 49 71 28 47 26 60 105 13 6 88 41 30 95 3 104 102 56 58 12 16 91 15 98 108 64 99 10 74 101 39 100 103 84 33 106 52 66 80 57 14 78 36 82 69 2 51 68 94 109 83 81 5 32 53 50 72 73 76 34 4 89 40 48 62 87 61 96 63 86 21 18 97 65 
0 19 31 77 90 23 55 79 107 24 27 29 46 17 92 8 9 54 75 85 59 22 11 7 35 20 25 42 37 45 44 70 93 32 5 81 83 109 94 68 51 2 69 82 36 78 14 57 80 66 52 106 33 84 103 100 39 101 74 10 99 64 108 98 15 91 16 12 58 56 102 104 3 95 30 41 88 6 13 105 60 26 47 28 71 49 67 1 38 43 53 50 72 73 76 34 4 89 40 48 62 87 61 97 63 86 21 18 96 65 
0 19 31 77 90 23 55 79 107 24 27 29 46 17 92 8 9 54 75 85 59 22 11 7 35 20 25 42 37 45 44 70 93 32 5 81 83 109 94 68 51 2 69 82 36 78 14 57 80 66 52 106 33 84 103 100 39 101 74 10 99 64 108 98 15 91 16 12 58 56 102 104 3 95 30 41 88 6 13 105 60 26 47 28 71 49 67 1 38 43 53 50 72 76 34 4 89 40 48 62 87 61 96 73 63 86 21 18 97 65 
0 19 31 77 90 23 55 79 107 24 27 29 46 17 92 8 9 54 75 85 59 22 11 7 35 20 25 42 37 45 44 70 93 32 5 81 83 109 94 68 51 2 69 82 36 78 14 57 80 66 52 106 33 84 6 103 100 39 101 74 10 99 64 108 98 15 91 16 12 58 56 102 60 105 13 88 41 30 95 3 104 26 47 28 71 49 67 1 38 43 53 50 72 73 76 34 4 89 40 48 62 87 61 96 63 86 21 18 97 65 
0 19 31 77 27 23 55 79 107 24 90 29 46 17 92 8 9 54 75 85 59 22 11 7 35 20 25 42 37 45 44 70 93 32 5 81 83 109 94 68 51 2 69 82 36 78 14 57 80 66 52 106 33 84 103 100 39 101 74 10 99 64 108 98 15 91 16 12 58 56 102 104 3 95 30 41 88 6 13 105 60 26 47 28 71 49 67 1 38 43 53 50 72 73 76 34 4 89 40 48 62 87 61 96 63 86 21 18 97 65 
0 19 31 77 90 23 55 79 107 24 27 29 46 17 92 8 9 54 75 85 59 22 11 7 35 20 25 42 37 45 44 70 93 32 5 81 83 109 94 68 51 2 69 82 36 78 14 57 80 66 52 106 33 84 103 100 39 101 74 10 99 64 108 98 50 91 16 12 58 56 102 104 3 95 30 41 88 6 13 105 60 26 47 28 71 49 67 1 38 43 53 15 72 73 76 34 4 89 40 48 62 87 61 96 63 86 21 18 97 65 
0 19 31 77 90 23 55 79 107 24 27 29 46 17 92 8 9 54 75 85 59 22 11 7 35 20 25 42 37 45 44 70 93 32 5 81 83 109 94 68 2 69 82 36 78 14 57 80 66 52 106 33 84 103 100 39 101 74 10 99 64 108 98 15 91 16 12 51 58 56 102 104 3 95 30 41 88 6 13 105 60 26 47 28 71 49 67 1 38 43 53 50 72 73 76 34 4 89 40 48 62 87 61 96 63 86 21 18 97 65 
0 19 31 77 90 23 55 79 107 24 27 29 46 17 92 8 9 54 75 85 59 22 11 7 35 20 25 42 37 45 44 70 93 103 5 81 83 109 94 68 51 2 69 82 36 78 14 57 80 66 52 106 33 84 32 100 39 101 74 10 99 64 108 98 15 91 16 12 58 56 102 104 3 95 30 41 88 6 13 105 60 26 47 28 71 49 67 1 38 43 53 50 72 73 76 34 4 89 40 48 62 87 61 96 63 86 21 18 97 65 
0 19 31 77 90 23 55 79 107 24 27 29 46 17 92 8 9 54 75 85 59 22 11 7 35 20 25 42 37 45 44 70 93 32 5 81 83 109 94 68 51 2 69 82 36 78 14 57 105 60 26 47 28 84 103 100 39 101 74 10 99 64 108 98 15 91 16 12 58 56 102 104 3 95 30 41 88 6 13 80 66 52 106 33 71 49 67 1 38 43 53 50 72 73 76 34 4 89 40 48 62 87 61 96 63 86 21 18 97 65 
0 19 31 77 90 23 55 79 107 24 27 29 46 17 92 8 9 54 75 85 59 22 11 7 35 20 25 42 37 45 81 70 93 32 5 44 83 109 94 68 51 2 69 82 36 78 14 57 80 66 52 106 33 84 103 100 39 101 74 10 99 64 108 98 50 91 16 12 58 56 102 104 3 95 30 41 88 6 13 105 60 15 26 47 28 71 49 67 1 38 43 53 72 73 76 34 4 89 40 48 62 87 61 96 63 86 21 18 97 65 
0 19 31 77 90 23 55 79 107 24 27 29 46 17 92 8 9 54 75 85 59 22 11 7 35 20 25 42 45 44 70 93 32 5 81 83 109 94 68 51 2 69 82 36 78 14 57 80 66 52 106 33 84 103 100 39 37 101 74 10 99 64 108 98 15 91 16 12 58 56 102 104 3 95 30 41 88 6 13 105 60 26 47 28 71 49 67 1 38 43 53 50 72 73 76 34 4 89 40 48 62 87 61 96 63 86 21 18 97 65 
0 19 31 77 90 23 55 79 107 24 27 29 46 17 92 8 9 54 75 85 59 22 11 7 35 20 25 42 37 45 44 70 93 32 5 81 83 109 94 68 51 2 50 82 36 78 14 57 80 66 52 106 33 84 103 100 39 101 74 10 99 64 108 98 15 91 16 12 58 56 102 104 3 95 30 41 88 6 13 105 60 26 47 28 71 49 67 1 38 43 53 69 72 73 76 34 4 89 40 48 62 87 61 96 63 86 21 18 97 65 
0 19 31 77 90 23 55 79 107 24 27 29 46 17 92 8 9 54 75 85 59 22 11 7 35 20 25 42 37 45 44 70 93 32 5 81 83 109 94 68 51 2 69 82 36 78 14 57 80 66 106 33 84 103 100 39 101 74 10 99 64 108 98 15 91 16 12 58 56 102 60 105 13 6 88 41 30 95 3 104 26 47 28 71 49 67 1 38 43 53 50 72 73 76 34 4 89 40 48 62 52 87 61 96 63 86 21 18 97 65 
0 19 31 77 90 23 55 79 107 24 27 29 46 17 92 8 9 54 75 85 59 22 11 7 35 20 25 42 37 45 44 70 93 32 5 81 83 109 68 51 2 69 82 36 78 14 57 80 66 52 106 33 84 103 100 39 101 74 10 99 64 108 98 15 91 16 12 58 56 102 104 3 95 30 41 88 6 13 105 60 26 47 28 71 49 67 1 38 43 53 50 72 73 76 34 4 89 40 48 62 87 61 96 63 94 86 21 18 97 65 
0 19 31 77 90 23 55 79 107 24 27 29 46 17 92 8 9 54 75 85 59 22 11 7 35 20 25 42 37 45 44 70 93 32 5 81 83 109 94 68 51 2 69 82 36 78 14 57 80 66 52 106 33 103 100 39 101 74 10 99 64 108 98 15 91 16 12 58 56 102 60 105 13 84 6 88 38 1 67 49 71 28 47 26 104 3 95 30 41 43 53 50 72 73 76 34 4 89 40 48 62 87 61 96 63 86 21 18 97 65 
0 19 31 77 90 23 55 79 107 24 27 29 46 17 92 8 9 54 75 85 59 22 11 7 35 20 25 37 45 44 70 93 32 5 81 83 109 94 68 51 2 69 82 36 78 14 57 80 66 52 106 33 84 103 100 39 101 74 42 10 99 64 108 98 15 91 16 12 58 56 102 104 3 95 30 41 88 6 13 105 60 26 47 28 71 49 67 1 38 43 53 50 72 73 76 34 4 89 40 48 62 87 61 96 63 86 21 18 97 65 
0 19 31 77 90 23 55 79 107 24 27 29 46 17 92 8 9 54 75 85 59 22 11 7 35 20 25 42 37 45 44 40 93 32 5 81 83 109 94 68 51 2 69 82 36 78 14 57 80 66 52 106 33 84 103 100 39 101 74 10 99 64 108 98 15 91 16 12 58 56 102 104 3 95 30 41 88 6 13 105 60 26 47 28 71 49 67 1 38 43 53 50 72 73 76 34 4 89 70 48 62 87 61 96 63 86 21 18 97 65 
0 19 31 77 90 23 55 79 107 24 27 29 46 17 92 8 9 54 75 85 68 22 11 7 35 20 25 42 37 45 44 70 93 32 5 81 83 109 94 59 51 2 69 82 36 78 14 57 80 66 52 106 33 84 103 100 39 101 74 10 99 64 108 98 15 91 16 12 58 56 102 104 3 95 30 41 88 6 13 105 60 26 47 28 71 49 67 1 38 43 53 50 72 73 76 34 4 89 40 48 62 87 61 96 63 86 21 18 97 65 
0 19 31 77 90 23 55 79 107 24 27 29 46 17 92 8 9 54 75 85 59 22 11 7 35 20 25 42 37 45 91 15 98 108 64 99 10 74 101 39 100 103 84 33 106 52 66 80 57 14 78 36 82 69 2 51 68 94 109 83 81 5 32 93 70 44 16 12 58 56 102 104 3 95 30 41 88 6 13 105 60 26 47 28 71 49 67 1 38 43 53 50 72 73 76 34 4 89 40 48 62 87 61 96 63 86 21 18 97 65 
0 19 31 77 90 23 55 79 107 24 27 29 46 17 92 8 9 54 75 85 61 87 62 48 40 89 4 34 76 73 72 50 53 43 38 1 67 49 71 28 47 26 60 105 13 6 88 41 30 95 3 104 102 56 58 12 16 91 15 98 108 64 99 10 74 101 39 100 103 84 33 106 52 66 80 57 14 78 36 82 69 2 51 68 94 109 83 81 5 32 93 70 44 45 37 42 25 20 35 7 11 22 59 96 63 86 21 18 97 65 
0 19 31 77 90 23 55 79 107 24 27 29 46 17 92 8 9 54 75 85 59 22 11 7 35 20 25 42 37 45 44 70 93 32 5 81 83 109 36 68 51 2 69 82 94 78 14 57 80 66 52 106 33 84 103 100 39 101 74 10 99 64 108 98 15 91 16 12 58 56 102 60 105 13 6 88 41 30 95 3 104 26 47 28 71 49 1 38 43 53 50 72 73 76 34 4 89 67 40 48 62 87 61 96 63 86 21 18 97 65 
0 19 31 77 90 23 55 79 107 24 27 29 46 17 92 8 9 54 75 85 59 22 11 7 35 20 25 42 37 45 44 70 93 32 5 81 83 109 94 68 51 2 69 82 36 78 14 57 80 66 52 106 33 84 103 100 39 101 74 10 99 64 108 98 15 91 16 12 58 56 102 104 3 95 30 41 88 6 13 105 60 26 47 28 71 49 67 1 38 43 53 50 72 73 76 34 89 40 48 62 87 61 96 63 86 21 4 18 97 65 
0 19 31 77 90 23 55 79 107 24 27 29 46 17 92 8 9 54 75 36 82 69 2 51 68 94 109 83 81 5 32 93 70 44 45 37 42 25 20 35 7 11 22 59 85 78 14 57 80 66 52 106 33 84 103 100 39 101 74 10 99 64 108 98 15 91 16 12 58 56 102 104 3 95 30 41 88 6 13 105 60 26 47 28 71 49 67 1 38 43 53 50 72 73 76 34 4 89 40 48 62 87 61 96 63 86 21 18 97 65 
0 19 31 77 90 23 55 79 107 24 27 29 46 17 92 8 9 54 75 85 59 22 11 7 35 20 25 42 37 45 44 70 93 32 5 81 83 109 94 68 51 2 69 82 36 72 14 57 80 66 52 106 33 84 103 100 78 39 101 74 10 99 64 108 98 15 91 16 12 58 56 102 104 3 95 30 41 88 6 13 105 60 26 47 28 71 49 67 1 38 43 53 50 73 76 34 4 89 40 62 87 48 61 96 63 86 21 18 97 65 
0 19 31 77 90 23 55 79 107 24 27 29 46 17 92 8 9 54 75 85 59 101 39 100 103 84 33 106 52 66 80 57 14 78 36 82 69 2 51 68 94 22 11 7 35 20 25 42 37 45 44 70 93 32 5 81 83 109 74 10 99 64 108 98 15 91 16 12 58 56 102 104 3 95 30 41 88 6 13 105 60 26 47 28 71 49 67 1 38 43 53 50 72 73 76 34 4 89 40 48 62 87 61 96 63 86 21 18 97 65 
0 19 31 77 90 23 55 79 107 24 27 29 46 17 92 8 9 54 75 85 101 39 100 103 84 33 106 52 66 80 57 14 78 36 82 69 2 51 68 94 109 83 81 5 32 93 70 44 45 37 42 25 20 35 7 11 22 59 74 10 99 64 108 98 15 91 16 12 58 56 102 104 3 95 30 41 88 6 13 105 60 26 47 28 71 49 67 1 38 43 53 50 72 73 76 34 4 89 40 48 62 87 61 96 63 86 21 18 97 65 
0 19 31 77 90 23 55 79 107 24 27 29 46 17 92 8 9 54 75 85 59 22 11 7 35 20 25 42 37 45 44 70 93 32 5 81 72 109 94 68 51 2 69 82 36 78 14 57 80 66 52 106 33 84 103 100 39 101 74 10 99 64 83 108 98 15 91 16 12 58 56 102 60 105 13 6 88 41 30 95 3 104 26 47 28 71 49 67 1 38 43 53 50 73 76 34 4 89 40 48 62 87 61 96 63 86 21 18 97 65 
0 19 31 77 90 23 55 79 107 24 27 46 29 17 92 8 9 54 75 85 59 22 11 7 35 20 25 42 37 45 44 70 93 32 5 81 83 109 94 68 51 2 69 82 36 78 14 105 60 26 47 106 33 84 103 100 39 101 74 10 99 64 108 98 16 91 15 12 58 56 102 104 3 95 30 41 88 6 13 57 80 66 52 28 71 49 67 1 38 43 53 50 72 73 76 34 4 89 40 48 62 87 61 96 63 86 21 18 97 65 
0 19 31 77 90 23 55 79 107 24 27 29 46 17 92 8 9 54 75 85 59 22 11 7 35 20 25 42 37 45 44 70 93 32 5 81 83 109 94 68 51 2 69 82 36 78 14 57 80 66 52 106 33 84 103 100 39 101 74 10 99 64 108 98 15 91 16 12 58 56 102 104 3 95 30 41 88 6 13 105 60 26 47 28 71 49 67 1 38 43 53 50 72 73 76 34 4 89 48 62 87 61 96 63 86 21 18 97 65 40 
0 19 31 77 90 23 55 79 107 24 27 29 46 17 92 8 9 54 75 85 59 22 11 7 35 20 25 42 37 45 44 70 93 32 5 81 83 109 80 68 51 2 69 82 36 78 14 57 94 66 52 106 33 84 103 100 39 101 74 10 99 64 108 98 15 91 16 12 58 56 102 104 3 95 30 41 88 6 13 105 60 26 47 28 71 49 67 1 38 43 53 50 72 73 76 34 4 89 40 48 62 63 61 96 87 86 21 18 97 65 
0 19 31 77 90 23 55 79 107 24 27 29 46 17 92 8 9 54 75 85 59 22 11 7 35 20 25 42 37 45 70 93 32 44 5 81 83 109 94 68 51 2 69 82 36 78 14 57 80 66 52 106 33 103 100 39 101 74 10 99 64 108 98 15 91 16 12 58 56 102 104 3 95 84 30 41 88 6 13 105 60 26 47 28 71 49 67 1 38 43 53 50 72 73 76 34 4 89 40 48 62 87 61 96 63 86 21 18 97 65 
0 19 31 77 90 23 55 79 107 24 27 29 46 17 92 8 9 54 75 85 59 22 11 7 35 20 25 42 37 45 44 70 93 32 5 81 83 109 94 68 51 2 69 82 36 78 14 57 80 66 52 106 33 84 103 100 39 101 74 10 99 64 108 98 15 91 16 12 58 56 102 104 3 95 30 41 88 6 105 60 26 47 28 71 49 67 1 38 43 53 50 72 73 76 34 4 89 40 48 62 87 61 96 13 63 86 21 18 97 65 
0 19 31 77 90 23 55 79 107 24 27 29 46 17 92 8 9 54 75 85 59 22 11 7 35 20 25 42 37 45 44 70 93 32 5 81 83 109 94 68 51 2 69 82 36 78 14 57 80 66 52 106 33 84 103 100 39 101 74 10 99 64 108 98 15 91 16 12 58 56 102 104 3 95 30 41 88 6 13 62 105 60 26 47 28 71 67 1 38 49 43 53 50 72 73 76 34 4 89 40 48 87 61 96 63 86 21 18 97 65 
0 19 31 77 90 23 55 79 107 24 27 29 46 17 92 8 9 54 75 85 59 22 11 68 35 20 25 42 37 45 44 70 93 32 5 81 83 109 94 7 51 2 69 82 36 78 14 57 80 66 52 106 33 84 103 100 39 101 74 10 99 64 108 98 15 91 16 12 58 56 102 104 3 95 30 41 88 6 13 105 60 26 47 28 71 49 67 1 38 43 53 50 72 73 76 34 4 89 40 48 62 87 61 96 63 86 21 18 97 65 
0 19 31 77 90 23 55 79 107 24 27 29 46 17 92 8 9 54 75 85 59 22 11 68 35 20 25 42 37 45 44 70 93 32 5 81 83 109 94 7 51 2 69 82 36 78 14 57 80 66 52 106 33 84 103 100 39 101 74 10 99 64 108 98 15 91 16 12 58 56 102 104 3 95 30 41 88 6 13 105 60 26 47 28 71 49 67 1 38 43 53 50 72 73 76 34 4 89 40 48 62 87 61 96 63 86 21 18 97 65 
0 19 31 77 90 23 55 79 107 24 27 29 46 17 92 8 9 54 75 85 59 22 11 7 35 20 25 42 37 45 44 70 93 32 5 81 83 109 94 68 51 2 69 82 36 78 14 57 41 88 6 13 105 60 26 47 28 71 49 67 1 38 43 53 50 72 73 76 34 4 89 40 48 62 87 80 66 52 106 33 84 103 100 39 101 74 10 99 64 108 98 15 91 16 12 58 56 102 104 3 95 30 61 96 63 86 21 18 97 65 
0 19 31 77 90 23 55 79 107 24 27 29 46 17 92 8 9 54 75 85 59 22 11 7 35 20 25 42 37 45 44 70 93 32 5 81 83 109 87 68 51 2 69 82 36 78 14 57 80 66 52 106 33 84 103 100 39 101 74 10 99 64 108 98 15 91 16 12 58 56 102 104 3 95 30 41 88 6 13 105 60 26 47 28 71 49 67 1 38 43 53 50 94 72 73 76 34 4 89 40 48 62 61 96 63 86 21 18 97 65 
0 19 31 77 90 23 55 79 107 24 27 29 46 17 92 8 9 54 75 85 59 22 11 7 35 20 25 42 37 45 44 70 32 5 81 83 109 94 14 78 36 82 69 2 51 68 57 80 66 52 93 106 33 84 103 100 39 101 74 10 99 64 108 98 15 91 16 12 58 56 102 60 105 13 6 88 41 30 95 3 104 26 47 28 71 49 67 1 38 43 53 50 72 73 76 34 4 89 40 48 62 87 61 96 63 86 21 18 97 65 
0 19 31 77 90 23 55 79 107 24 27 29 69 2 51 68 94 109 83 81 5 32 93 70 44 45 37 42 25 20 35 7 11 22 59 85 75 54 9 8 92 17 46 82 36 78 14 57 80 66 52 106 33 84 103 100 39 101 74 10 99 64 108 98 15 91 16 12 58 56 102 104 3 95 30 41 88 6 13 105 60 26 47 28 71 49 67 1 38 43 53 50 72 73 76 34 4 89 40 48 62 87 61 96 63 86 21 18 97 65 
0 19 31 77 90 23 55 79 107 24 27 29 46 17 92 8 9 54 75 85 59 22 11 7 35 20 25 42 37 45 44 70 93 32 5 81 83 109 94 68 51 2 69 82 36 78 14 57 80 52 106 33 84 103 100 39 101 74 10 99 91 108 98 15 64 16 12 58 56 102 104 3 95 30 41 88 6 66 13 105 60 50 26 47 28 71 49 67 1 38 43 53 72 73 76 34 4 89 40 48 62 87 61 96 63 86 21 18 97 65 
0 19 31 77 90 23 55 79 107 24 27 29 46 17 92 8 9 54 75 85 59 22 11 7 35 20 25 42 37 45 44 70 93 32 5 81 83 109 94 68 51 2 69 82 36 78 14 57 80 66 52 106 33 84 103 100 39 101 74 10 99 64 108 98 15 91 16 12 58 56 102 104 3 95 30 41 88 6 13 105 60 26 47 28 71 49 67 1 38 43 53 50 73 76 34 4 89 40 48 62 87 61 96 63 86 21 18 97 72 65 
0 19 31 77 90 23 55 79 107 24 27 29 46 17 92 8 9 54 75 85 59 22 11 7 35 20 25 42 37 45 44 70 93 32 5 81 83 64 94 68 51 2 69 82 36 78 14 57 80 66 52 106 33 84 103 100 39 101 74 10 99 109 108 98 15 91 16 12 58 56 102 60 105 13 6 88 41 30 95 104 3 26 47 28 71 49 67 1 38 43 53 50 72 73 76 34 4 89 40 48 62 87 61 96 63 86 21 18 97 65 
0 19 31 77 90 7 55 79 107 24 27 29 46 17 92 8 9 54 75 85 59 22 11 23 35 20 25 42 37 45 44 70 93 32 5 81 83 109 94 68 51 2 69 82 36 78 14 57 80 66 52 106 33 84 103 100 39 101 74 10 99 64 108 98 15 91 16 12 58 56 102 104 3 95 30 41 88 6 13 105 60 26 47 28 71 49 67 1 38 43 53 50 72 73 76 34 4 89 40 48 62 87 61 96 63 86 21 18 97 65 
0 19 31 77 90 23 55 79 107 24 27 29 46 17 92 8 9 54 75 85 59 22 11 7 35 20 25 42 37 45 44 109 94 68 51 81 83 70 93 32 5 2 69 82 36 78 14 57 80 66 52 106 33 84 103 100 39 74 10 99 64 108 98 15 91 16 12 58 56 102 104 3 95 30 41 88 101 6 13 105 60 26 47 28 71 49 67 1 38 43 53 50 72 73 76 34 4 89 40 48 62 87 61 96 63 86 21 18 97 65 
0 19 31 77 90 23 55 79 107 24 27 29 46 17 92 8 9 54 75 85 59 5 81 83 109 94 68 51 2 69 44 70 93 32 22 11 7 35 20 25 42 37 45 82 36 78 6 13 105 60 26 47 28 71 49 67 1 38 43 14 57 80 66 52 106 33 84 103 100 39 101 74 10 99 64 108 98 15 91 16 12 58 56 102 104 3 95 30 41 88 53 50 72 73 76 34 4 89 40 48 62 87 61 96 63 86 21 18 97 65 
0 19 31 77 90 23 55 79 107 24 27 29 46 17 92 8 9 54 75 85 59 22 11 7 35 20 25 42 37 45 44 70 93 32 5 81 83 109 94 68 51 2 69 82 36 78 14 57 80 66 52 106 33 84 103 100 39 101 74 10 99 64 108 98 15 91 16 12 58 56 102 104 3 95 30 41 88 6 40 105 60 26 47 28 71 49 67 1 38 43 53 50 72 73 76 34 4 89 13 48 62 87 61 96 63 86 21 18 97 65 
0 19 31 77 90 23 55 79 107 24 27 29 46 17 92 8 9 54 75 85 59 22 11 7 35 20 25 42 37 45 44 70 93 74 5 81 83 109 94 68 51 2 69 82 36 78 14 57 80 66 52 106 84 103 100 39 101 32 10 33 99 64 108 98 15 91 16 12 58 56 102 104 3 95 30 41 88 6 13 105 60 26 47 28 71 49 67 1 38 43 53 50 72 73 76 34 4 89 40 48 62 87 61 96 63 86 21 18 97 65 
0 19 31 77 90 23 55 79 107 24 27 29 46 17 92 8 9 54 75 85 59 22 11 7 35 20 25 42 37 45 44 70 93 32 5 81 83 109 94 68 51 2 69 82 36 78 14 57 80 66 52 106 33 84 103 100 39 101 74 10 99 64 108 98 15 91 16 12 58 56 102 104 3 62 30 41 88 6 13 105 60 26 47 28 71 49 67 1 38 43 53 50 72 73 76 34 4 89 40 48 95 87 61 96 63 86 21 18 97 65 
0 19 31 77 90 23 55 79 107 24 27 29 46 17 92 8 9 54 75 85 59 22 11 7 35 20 25 42 37 45 44 70 93 32 5 81 83 109 94 68 51 2 69 82 36 78 57 80 66 52 106 33 84 103 100 39 101 74 10 99 64 108 105 13 6 88 41 30 95 3 104 102 56 58 12 16 91 15 98 60 26 47 28 71 49 67 1 38 43 53 50 72 73 76 34 4 89 40 48 62 87 14 61 96 63 86 21 18 97 65 
0 19 31 77 90 23 55 79 107 24 27 29 46 17 92 8 9 54 75 85 59 22 11 7 35 20 25 42 106 33 84 103 100 39 101 74 10 99 94 68 51 2 69 82 36 78 14 57 80 66 52 37 45 44 70 93 32 5 81 83 109 64 108 98 15 91 16 12 58 56 102 104 3 95 30 41 88 6 13 105 60 26 47 28 71 49 67 1 38 43 53 50 72 73 76 34 4 89 40 48 62 87 61 96 63 86 21 18 97 65 
0 19 31 77 90 23 55 79 107 24 27 29 46 17 92 8 9 54 75 85 59 22 11 7 35 20 25 42 37 45 101 70 93 32 5 81 83 109 94 68 51 2 69 82 36 78 14 57 80 66 52 106 33 84 103 100 39 44 74 10 99 64 108 98 15 91 16 12 58 56 102 104 3 95 30 41 88 6 13 105 60 26 47 28 71 49 67 1 38 43 53 50 72 73 76 34 4 89 40 48 62 87 61 96 63 86 21 18 97 65 
0 19 31 77 90 23 55 79 107 24 27 29 46 17 64 108 98 15 91 16 12 58 56 102 60 105 13 6 88 41 30 95 3 104 26 47 28 71 49 67 1 38 43 53 50 72 73 57 80 66 52 106 33 84 103 100 39 101 74 10 99 92 8 9 54 75 85 59 22 11 7 35 20 25 42 37 45 44 70 93 32 5 81 83 109 94 68 51 2 69 82 36 78 14 76 34 4 89 40 48 62 87 61 96 63 86 21 18 97 65 
0 19 31 90 23 55 79 107 24 27 29 46 17 92 8 9 54 75 85 59 22 11 7 35 20 25 42 37 45 44 70 93 32 5 81 83 109 94 68 51 2 69 82 77 36 78 14 57 80 66 52 106 33 84 103 100 39 101 74 10 99 64 108 98 15 91 16 12 58 56 102 104 3 95 30 41 88 6 13 105 60 26 47 28 71 49 67 1 38 43 53 50 72 73 76 34 4 89 40 48 62 87 61 96 63 86 21 18 97 65 
0 19 31 77 90 23 55 79 107 24 27 29 46 17 92 8 9 54 75 85 59 22 11 7 35 20 25 42 37 45 44 70 93 32 5 81 83 109 94 68 51 2 69 82 36 78 14 57 80 66 52 106 33 84 103 100 39 101 74 10 64 108 98 15 91 16 12 58 56 102 104 3 95 30 41 88 6 13 105 60 26 47 28 71 49 67 1 38 43 53 50 72 73 76 34 4 89 40 48 62 87 61 96 63 86 99 21 18 97 65 
0 19 31 77 90 23 55 79 107 24 27 29 46 17 92 8 9 54 75 85 59 22 11 7 35 20 25 42 37 45 44 70 93 32 5 81 83 109 94 68 51 2 69 82 36 72 14 57 80 66 52 88 33 84 103 100 39 101 74 10 99 64 108 98 15 91 16 12 58 56 102 104 3 95 30 41 106 6 13 105 60 26 47 28 71 49 67 1 38 43 53 78 50 73 76 34 4 89 40 48 62 87 61 96 63 86 21 18 97 65 
0 19 31 77 90 23 55 79 107 24 27 29 46 17 92 8 9 54 75 85 59 22 11 7 35 20 25 42 37 45 44 70 93 32 5 81 83 109 94 68 51 2 69 82 36 78 14 57 80 66 52 106 33 84 103 100 39 26 74 10 99 64 108 98 15 91 16 12 58 56 102 104 3 95 30 41 88 6 13 105 60 101 47 28 71 49 67 1 38 43 53 50 72 73 76 34 4 89 40 48 62 87 61 96 63 86 21 18 97 65 
0 19 31 77 90 23 55 79 107 24 27 29 46 17 92 8 9 54 75 85 59 22 11 7 35 20 25 42 37 45 44 70 93 32 5 81 83 109 94 68 51 2 69 82 36 78 14 57 80 66 52 106 33 84 103 100 39 101 74 10 99 64 98 15 91 16 12 58 56 102 104 3 95 30 41 88 6 13 105 60 26 47 28 71 49 67 1 38 43 53 50 72 73 76 34 4 89 40 48 62 87 61 96 63 86 21 18 97 108 65 
0 19 31 77 90 23 55 79 107 24 27 29 46 17 92 8 9 54 75 85 59 22 11 7 35 20 25 42 37 45 44 70 93 32 5 81 83 109 94 68 51 2 69 82 36 78 14 57 80 66 52 106 33 84 103 73 76 34 4 89 40 48 62 87 61 96 16 12 58 56 102 104 3 95 30 41 88 6 13 105 60 26 47 28 71 49 67 1 38 43 53 50 72 100 39 101 74 10 99 64 108 98 15 91 63 86 21 18 97 65 
0 19 31 77 90 23 55 79 107 24 27 29 46 17 92 8 9 54 75 85 59 22 11 7 35 20 25 42 37 45 44 70 93 32 5 81 83 109 94 68 51 2 69 82 36 78 14 34 76 73 72 50 53 43 38 1 67 49 71 28 47 26 60 105 6 88 41 30 95 3 104 102 56 58 12 16 91 15 98 108 64 99 10 74 101 39 100 13 103 84 33 106 52 66 80 57 62 4 89 40 48 87 61 96 63 86 21 18 97 65 
0 19 31 77 90 23 55 79 107 24 27 29 46 10 99 17 92 8 9 54 75 85 59 22 11 7 35 20 25 42 37 45 44 70 93 32 5 81 83 109 94 68 51 2 69 82 36 78 14 57 80 66 52 106 33 84 103 100 39 101 74 64 108 98 15 91 16 12 58 56 102 104 3 95 30 41 88 6 13 105 60 26 47 28 71 49 67 1 38 43 53 50 72 73 76 34 4 89 40 48 62 87 61 96 63 86 21 18 97 65 
0 19 31 77 90 23 55 79 107 24 27 29 46 17 92 8 9 54 75 85 59 22 11 7 35 20 25 42 37 45 44 70 93 32 5 81 83 109 94 68 51 2 69 82 36 78 14 57 80 66 52 106 33 84 103 100 39 101 74 10 99 64 108 98 15 91 16 12 58 56 102 104 3 95 30 41 88 6 13 105 60 26 47 28 71 49 67 1 38 43 53 50 72 73 76 34 86 21 18 97 62 87 61 96 63 4 89 40 48 65 
0 19 31 77 90 23 55 79 107 24 27 29 46 17 92 8 9 54 75 85 3 104 102 56 58 12 16 91 15 98 108 64 99 10 74 101 39 100 103 84 33 106 52 66 80 57 14 78 36 82 69 2 51 68 94 109 83 81 5 32 93 70 44 45 37 42 25 20 35 7 11 22 59 95 30 41 88 6 13 105 60 26 47 28 71 49 67 1 38 43 53 50 72 73 76 34 4 89 40 48 62 87 61 96 63 86 21 18 97 65 
0 19 31 77 90 23 55 79 107 24 27 29 17 92 8 9 54 75 85 59 22 11 7 35 20 25 42 37 45 44 70 93 32 5 81 83 109 94 68 51 2 69 82 36 78 14 46 57 80 66 52 106 33 84 103 100 39 101 74 10 99 64 108 98 15 91 16 12 58 56 102 104 3 95 30 41 88 6 13 105 60 26 47 28 71 49 67 1 38 43 53 50 72 73 76 34 4 89 40 48 62 87 61 96 63 86 21 18 97 65 
0 19 31 77 90 23 55 79 107 24 27 29 46 17 92 8 9 54 75 85 59 22 11 7 35 20 25 42 37 45 44 70 93 32 5 81 83 109 94 68 51 2 69 82 36 78 14 57 80 66 52 106 33 84 103 100 39 101 74 10 99 64 108 98 15 91 16 12 58 56 102 104 3 95 30 41 88 6 97 18 21 86 63 96 61 87 62 48 40 89 4 34 76 73 72 50 53 43 38 1 67 49 71 28 47 26 60 105 13 65 
0 19 31 77 23 55 79 107 24 27 29 46 17 92 8 9 54 75 85 59 22 11 7 35 20 25 42 37 45 44 70 93 32 5 81 83 109 94 68 51 2 69 82 36 78 14 90 57 80 66 52 106 33 84 103 100 39 101 74 10 99 64 108 98 15 91 16 12 58 56 102 60 105 13 6 88 41 30 95 3 104 26 47 28 71 49 67 1 38 43 53 50 72 73 76 34 4 89 40 48 62 87 61 96 63 86 21 18 97 65 
0 19 31 77 90 23 55 79 107 24 27 29 46 17 92 8 54 75 85 59 22 11 7 35 20 25 42 37 45 44 70 93 32 9 5 81 83 109 94 68 51 2 69 82 36 78 14 57 80 66 52 106 33 84 103 100 39 101 74 10 99 64 108 98 15 41 16 12 58 56 102 60 105 13 6 88 91 30 95 3 104 26 47 28 71 49 67 1 38 43 53 50 72 73 76 34 4 89 40 48 62 87 61 96 63 86 21 18 97 65 
0 19 31 77 90 23 55 79 107 24 27 29 46 17 92 8 9 54 75 85 59 22 11 7 35 20 25 42 37 45 44 70 93 32 5 81 83 109 94 68 51 2 69 82 36 78 14 57 80 66 52 106 33 84 103 100 39 101 74 10 99 64 108 98 15 91 16 12 58 56 102 104 3 95 30 41 88 6 13 105 60 26 47 28 71 49 67 1 38 43 53 50 72 73 63 34 4 89 40 48 62 87 61 96 76 86 21 18 97 65 
0 19 31 77 90 66 52 106 33 84 103 100 39 101 74 10 99 64 108 98 15 91 16 12 58 56 102 104 3 95 30 41 88 6 13 105 60 26 47 28 71 49 67 1 38 43 53 50 72 23 55 79 107 24 27 29 46 17 92 8 9 54 75 85 59 22 11 7 35 20 25 42 37 45 44 70 93 32 5 81 83 109 94 68 51 2 69 82 36 78 14 57 80 73 76 34 4 89 40 48 62 87 61 96 63 86 21 18 97 65 
0 19 31 77 90 23 55 79 107 24 80 66 52 106 33 84 103 100 39 101 74 10 99 64 108 98 15 91 16 12 58 56 102 104 3 95 30 41 88 6 13 105 60 26 47 28 71 57 27 29 46 17 92 8 9 54 75 85 59 22 11 7 35 20 25 42 37 45 44 70 93 32 5 81 83 109 94 68 51 2 69 82 36 78 14 49 67 1 38 43 53 50 72 73 76 34 4 89 40 48 62 87 61 96 63 86 21 18 97 65 
0 19 31 77 90 23 55 79 107 24 27 29 46 17 92 8 9 75 85 59 22 11 7 35 20 25 42 37 45 44 70 93 32 5 81 83 109 94 68 51 2 69 82 36 78 14 57 80 66 52 106 33 84 103 100 39 101 74 10 99 64 108 98 15 91 16 12 58 56 54 102 104 3 95 30 41 88 6 13 105 60 26 47 28 71 49 67 1 38 43 53 50 72 73 76 34 4 89 40 48 62 87 61 96 63 86 21 18 97 65 
0 19 31 77 99 10 74 101 39 100 103 84 33 106 52 66 80 57 14 78 36 82 69 2 51 68 94 109 83 81 5 32 93 70 44 45 37 42 25 20 35 7 11 22 59 85 75 54 9 8 92 17 46 29 27 24 107 79 55 23 90 64 108 98 15 91 16 12 58 56 102 104 3 95 30 41 88 6 13 105 60 26 47 28 71 49 67 1 38 43 53 50 72 73 76 34 4 89 40 48 62 87 61 96 63 86 21 18 97 65 
0 19 31 77 90 23 55 79 107 24 27 29 46 17 92 58 12 16 91 15 98 108 64 99 10 74 101 39 100 103 84 33 106 52 66 80 57 14 78 36 82 69 2 51 68 94 109 83 81 5 32 93 70 44 45 37 42 25 20 35 7 11 22 59 85 75 54 9 8 56 102 60 105 13 6 88 41 30 95 3 104 26 47 28 71 49 67 1 38 43 53 50 72 73 76 34 4 89 40 48 62 87 61 96 63 86 21 18 97 65 
0 19 31 77 90 23 55 79 107 24 27 29 46 17 92 58 12 16 91 15 98 108 64 99 10 74 101 39 100 103 84 33 106 52 66 80 57 14 78 36 82 69 2 51 68 94 109 83 81 5 32 93 70 44 45 37 42 25 20 35 7 11 22 59 85 75 54 9 8 56 102 104 3 95 30 41 88 6 13 105 60 26 47 28 71 49 67 1 38 43 53 50 72 73 76 34 4 89 40 48 62 87 61 96 63 86 21 18 97 65 
0 19 31 77 90 23 55 79 107 24 27 29 46 17 92 8 9 54 75 85 59 22 11 35 20 25 42 37 45 44 70 93 32 5 81 83 16 91 15 98 108 64 99 7 10 74 101 39 100 103 84 33 106 52 66 80 57 14 78 36 82 69 2 51 68 94 109 12 58 56 102 104 3 95 30 41 88 6 13 105 60 26 47 28 71 49 67 1 38 43 53 50 72 73 76 34 4 89 40 48 62 87 61 96 63 86 21 18 97 65 
0 19 31 77 90 23 55 79 107 24 27 29 46 17 92 8 9 54 75 85 59 22 11 7 10 74 101 39 100 103 84 33 106 52 66 80 57 14 78 36 82 69 2 51 68 94 109 83 81 5 32 93 70 44 45 37 42 25 20 35 99 64 108 98 15 91 16 12 58 56 102 60 105 13 6 88 41 30 95 3 104 26 47 28 71 49 67 1 40 43 53 50 72 73 76 34 4 89 38 48 62 87 61 96 63 86 21 18 97 65 
0 19 31 77 90 23 55 79 107 24 27 29 46 17 92 8 9 54 75 85 59 22 11 7 35 20 25 42 37 45 44 70 93 32 5 81 88 109 94 68 51 2 69 82 36 78 14 57 80 66 52 106 33 84 103 100 39 101 74 10 99 64 108 98 15 16 12 58 56 102 60 105 13 6 83 41 30 95 3 104 26 47 28 91 71 49 67 1 38 43 53 50 72 73 76 34 4 89 40 48 62 87 61 96 63 86 21 18 97 65 
0 19 31 77 90 23 55 79 107 24 27 29 46 17 92 8 9 54 75 85 59 22 11 7 35 20 25 42 37 45 44 70 93 32 5 81 83 109 94 68 51 2 69 82 36 78 14 57 80 66 52 106 33 84 103 100 39 101 74 10 99 64 108 98 15 91 16 12 58 56 102 104 3 95 30 41 88 6 13 105 60 26 47 96 71 49 67 1 38 43 53 50 72 73 76 34 4 89 40 48 62 87 61 28 63 86 21 18 97 65 
0 19 31 77 90 23 55 79 107 24 27 29 46 17 92 8 9 54 75 85 59 22 11 7 35 20 25 42 37 45 44 70 93 32 5 81 83 109 94 68 51 2 69 82 36 78 14 57 80 66 52 106 33 84 103 100 72 39 53 43 38 1 67 3 71 28 47 26 60 105 13 6 88 41 30 95 49 104 102 56 58 12 16 91 15 98 108 64 99 10 74 101 50 73 76 34 4 89 40 48 62 87 61 96 63 86 21 18 97 65 
0 19 31 77 90 23 55 79 107 24 27 29 46 17 92 8 9 102 104 3 95 30 41 88 6 13 105 60 26 47 28 71 49 67 1 38 43 53 50 72 73 76 34 4 89 40 14 57 80 66 52 106 33 84 103 100 39 101 74 10 99 64 108 98 15 91 16 12 58 56 54 75 85 59 22 11 7 35 20 25 42 37 45 44 70 93 32 5 81 83 109 94 68 51 2 69 82 36 78 48 62 87 61 96 63 86 21 18 97 65 
0 19 31 77 90 23 55 79 107 24 27 29 46 17 6 13 105 60 102 56 58 12 16 91 15 98 108 64 99 10 74 101 39 100 103 84 33 106 52 66 80 57 14 78 36 82 69 2 51 68 94 109 83 81 5 32 93 70 44 45 37 42 25 20 35 7 11 22 59 85 75 54 9 8 92 88 41 30 95 3 104 26 47 28 71 49 67 1 38 43 53 72 50 73 76 34 4 89 40 48 62 87 61 96 63 86 21 18 97 65 
0 19 31 77 90 23 79 107 24 27 29 46 17 92 8 9 54 75 85 59 22 11 7 35 20 25 42 37 45 44 70 93 32 5 81 83 109 94 68 51 2 69 82 36 78 14 57 80 66 52 106 33 84 103 100 39 101 74 10 99 64 108 98 15 91 16 12 58 55 56 102 104 3 95 30 41 88 6 13 105 60 26 47 28 71 49 67 1 38 43 53 50 72 73 76 34 4 89 40 48 62 87 61 96 63 86 21 18 97 65 
0 19 31 77 90 23 55 79 109 24 27 29 46 17 92 8 9 54 75 85 59 22 11 7 35 20 25 42 37 45 44 70 93 32 5 81 83 107 94 68 51 2 69 82 36 78 14 57 80 66 52 106 33 84 103 100 39 101 74 10 99 64 108 98 15 91 16 12 58 56 102 104 3 95 30 41 88 6 13 105 60 26 47 28 71 49 67 1 38 43 53 50 72 73 76 34 4 89 40 48 62 87 61 96 63 86 21 18 97 65 
0 19 31 77 78 14 57 80 66 52 106 33 84 103 100 39 101 74 10 99 64 108 98 15 91 16 12 58 56 102 104 3 95 30 41 88 6 13 105 60 26 47 28 71 36 90 23 55 79 107 24 27 29 46 17 92 8 9 54 75 85 59 22 11 7 35 20 25 42 37 45 44 70 93 32 5 81 83 109 94 68 51 2 69 82 49 67 1 38 43 53 50 72 73 76 34 4 89 40 48 62 87 61 96 63 86 21 18 97 65 
0 19 31 77 90 23 55 79 107 24 27 29 46 17 92 8 9 54 75 85 59 78 11 7 35 20 25 42 37 45 44 70 93 32 5 81 83 109 94 68 51 2 69 82 36 22 14 57 80 66 52 106 33 84 103 100 39 101 74 10 99 64 108 98 15 91 16 12 58 56 102 60 105 13 6 88 41 30 95 3 104 26 28 71 49 67 1 38 43 53 50 72 73 76 34 4 89 40 47 48 62 87 61 96 63 86 21 18 97 65 
0 19 31 77 90 23 55 79 107 24 27 29 46 17 92 8 9 54 75 85 59 22 11 7 35 20 25 42 37 45 44 70 93 32 5 81 83 109 94 68 51 2 69 82 36 78 6 88 41 30 95 21 86 63 96 61 87 62 48 40 89 4 34 76 73 72 50 53 43 38 1 67 106 52 66 80 57 14 13 105 60 26 47 28 71 49 33 84 103 100 39 101 74 10 99 64 108 98 15 91 16 12 58 56 102 104 3 18 97 65 
0 19 31 77 90 23 55 79 107 24 27 29 46 17 92 8 9 54 75 71 28 47 26 60 105 13 6 88 41 30 95 3 104 102 56 58 12 16 91 15 98 108 64 99 10 74 101 39 100 103 84 33 106 52 66 80 57 14 78 36 82 69 2 51 68 94 109 83 81 5 32 93 70 44 45 37 42 25 20 35 7 11 22 59 85 49 67 1 38 43 53 50 87 72 73 76 34 4 89 40 48 62 61 96 63 86 21 18 97 65 
0 19 31 77 90 23 55 79 35 7 11 22 59 16 91 15 98 108 64 99 10 74 101 39 100 103 84 33 40 89 4 34 76 73 72 50 53 43 38 1 67 49 71 28 47 26 60 105 13 6 88 41 30 95 3 104 102 56 58 12 85 75 54 9 8 92 17 46 29 27 24 107 20 25 42 37 45 44 70 93 32 5 81 83 109 94 68 51 2 69 82 36 78 14 57 80 66 52 106 48 62 87 61 96 63 86 21 18 97 65 
0 19 31 77 90 23 55 79 107 24 27 29 46 17 92 8 9 54 75 85 59 22 11 7 106 20 25 42 37 45 44 70 93 32 5 81 83 109 94 68 51 2 69 82 36 78 57 14 80 66 52 35 33 84 103 100 39 101 74 10 99 64 108 98 15 91 16 12 58 56 102 104 3 95 30 41 88 6 13 105 60 26 47 28 71 49 67 1 38 43 53 50 72 73 76 34 4 89 40 48 62 87 61 96 63 86 21 18 97 65 
0 19 31 77 90 23 79 107 24 27 29 46 17 92 8 9 54 75 85 59 22 11 7 35 20 25 42 37 45 44 70 93 32 5 81 83 109 94 68 51 2 69 82 36 78 14 57 80 66 52 106 33 84 103 100 39 101 74 10 99 64 108 98 15 91 16 12 58 56 102 104 3 95 30 41 88 6 13 55 105 60 26 47 28 71 49 67 1 38 43 53 50 72 73 76 34 4 89 40 48 62 87 61 96 63 86 21 18 97 65 
0 19 31 77 90 23 55 79 107 24 27 29 46 17 92 8 9 54 75 85 59 22 11 7 35 20 25 42 37 56 44 70 93 32 5 81 83 109 94 68 51 2 69 82 36 78 14 57 80 66 52 106 33 84 103 100 39 101 74 10 99 64 108 98 15 91 16 12 58 45 102 104 3 95 30 41 88 6 13 105 60 26 47 28 71 49 67 1 38 43 53 50 72 73 76 34 4 89 40 48 62 87 61 96 63 86 21 18 97 65 
0 19 31 77 90 23 55 79 4 34 76 73 72 50 53 43 38 1 67 49 71 28 47 26 60 105 13 6 88 41 30 95 3 104 56 58 12 16 91 15 98 108 64 99 10 74 101 102 39 100 103 84 33 106 52 66 80 57 14 78 36 82 69 2 51 68 94 109 83 81 5 32 93 70 44 45 37 42 25 20 35 7 11 22 59 85 75 54 9 8 92 17 46 29 27 24 107 89 40 48 62 87 61 96 63 86 21 18 97 65 
0 19 31 77 90 23 55 79 107 24 27 29 46 17 92 8 9 54 75 85 59 22 11 7 35 20 10 42 37 45 81 70 93 32 5 44 83 109 94 68 51 2 69 82 36 78 108 57 80 66 52 106 33 84 103 100 39 101 74 25 99 64 14 98 15 91 16 12 58 56 102 104 3 95 30 41 88 6 13 105 60 26 47 28 71 49 67 1 38 43 53 50 72 73 76 34 4 89 40 48 62 87 61 96 63 86 21 18 97 65 
0 19 31 77 90 23 55 79 107 24 27 29 46 17 92 8 9 54 75 85 59 22 11 7 35 20 25 42 37 45 44 70 93 32 5 81 83 109 94 68 51 2 69 82 36 78 14 57 80 66 52 106 33 84 103 100 39 101 74 10 99 64 108 98 15 91 96 12 58 56 102 104 3 95 30 41 88 6 13 105 60 26 47 28 71 49 67 1 38 43 53 50 72 73 76 34 4 89 40 48 62 87 61 16 63 86 21 18 97 65 
0 19 31 77 90 23 55 79 107 24 27 29 46 17 92 8 9 54 75 85 59 22 11 7 35 20 25 42 37 45 44 70 93 32 5 81 83 109 68 51 2 69 82 36 3 14 57 80 66 52 106 33 84 103 100 39 101 74 10 99 64 108 98 15 91 16 12 58 47 26 60 105 13 6 88 41 30 95 78 104 102 56 28 71 49 67 1 38 43 53 50 72 73 76 34 4 89 40 48 62 94 87 61 96 63 86 21 18 97 65 
0 19 31 77 90 23 55 79 57 80 66 52 106 33 84 103 100 39 101 74 10 99 64 108 98 15 91 16 12 58 56 102 104 3 95 30 41 88 6 68 51 2 69 82 36 78 14 107 24 27 29 46 17 92 8 9 54 75 85 59 22 11 7 35 20 25 42 37 45 44 70 93 32 5 81 83 109 94 13 105 60 26 47 28 71 49 67 1 38 43 53 50 72 73 76 34 4 89 40 48 62 87 61 96 63 86 21 18 97 65 
0 78 36 82 64 108 84 69 2 51 68 94 109 83 81 5 32 93 70 44 45 37 42 25 20 35 7 11 22 59 85 75 54 9 8 92 17 46 29 27 24 107 79 55 23 90 77 31 19 14 57 80 66 52 106 33 103 39 101 74 10 99 98 15 91 16 12 58 56 102 104 3 95 30 41 88 6 13 105 60 26 47 28 71 49 67 1 38 43 53 50 72 73 100 76 34 4 89 40 48 62 87 61 96 63 86 21 18 97 65 
0 100 39 101 74 10 99 64 108 98 15 91 16 12 58 56 102 104 3 95 30 41 88 60 105 13 6 26 47 28 71 49 67 1 38 43 53 50 72 73 76 34 4 89 40 48 62 87 61 96 45 37 42 25 20 35 7 11 22 59 85 75 54 9 8 92 17 46 29 27 24 107 79 55 23 90 77 31 19 97 18 21 86 63 44 70 93 32 5 81 83 109 94 68 51 2 69 82 36 78 14 57 80 66 52 106 33 84 103 65 
0 19 31 77 90 23 55 79 107 24 27 29 46 17 92 8 9 54 75 85 59 22 11 7 35 20 25 42 37 45 44 70 93 32 5 81 95 30 41 88 6 13 105 60 26 47 28 71 49 67 1 38 36 53 50 72 73 76 34 4 89 40 108 98 15 91 16 12 58 56 102 104 3 83 109 94 68 51 2 69 82 43 78 14 57 80 66 52 106 33 84 103 100 39 101 74 10 99 64 48 62 87 61 96 63 86 21 18 97 65 
0 19 31 77 90 23 55 79 107 24 27 29 46 92 8 9 54 75 85 59 22 11 7 35 20 25 42 37 44 70 93 32 5 81 83 109 94 68 51 2 69 82 36 78 14 57 80 66 52 106 33 84 103 100 17 39 101 74 10 99 64 108 98 15 91 16 12 58 56 102 104 3 95 45 30 41 88 6 13 105 60 26 47 28 71 49 67 1 38 43 53 50 72 73 76 34 4 89 40 48 62 87 61 96 63 86 21 18 97 65 
0 19 31 77 90 23 55 79 107 24 27 29 46 17 92 8 9 54 75 85 59 22 11 7 35 20 25 26 37 45 44 70 93 32 5 81 83 109 94 68 51 2 69 82 36 78 14 57 80 66 52 106 33 84 103 100 39 101 74 10 99 64 108 98 15 91 16 12 58 56 102 104 3 95 30 41 88 6 13 105 60 42 47 28 71 49 67 1 38 43 53 50 72 73 76 34 4 89 40 48 62 87 61 96 63 86 21 18 97 65 
0 19 31 77 90 23 55 79 107 24 27 29 46 17 92 8 9 54 75 85 59 22 11 7 35 20 25 42 37 45 44 70 93 32 5 81 83 109 94 68 51 104 3 74 95 30 41 88 6 13 105 60 26 47 28 71 49 67 1 38 43 53 50 72 73 76 34 58 56 102 2 69 82 36 78 14 57 80 66 52 106 33 84 103 100 39 101 10 99 64 108 98 15 91 16 12 4 89 40 48 62 87 61 96 63 86 21 18 97 65 
0 19 31 77 90 23 55 79 107 24 27 29 46 17 92 8 72 54 75 85 59 22 11 7 35 20 25 42 37 45 44 70 93 32 5 81 83 109 94 68 51 2 69 82 36 78 14 57 80 66 52 106 33 84 103 100 39 101 74 10 99 64 108 98 15 91 16 12 58 56 102 104 3 95 30 41 88 6 13 60 105 26 47 28 71 49 67 1 38 43 53 50 9 73 76 34 4 89 40 48 62 87 61 96 63 86 21 18 97 65 
0 19 31 77 90 23 55 79 107 24 27 29 46 17 92 8 9 54 75 85 59 22 11 7 35 20 25 41 37 45 44 70 93 32 5 81 83 109 94 68 51 2 69 82 36 78 14 57 80 66 52 106 33 84 103 100 39 101 74 10 99 64 108 98 15 91 16 12 58 56 102 60 105 13 6 88 42 30 95 3 104 26 47 28 71 49 67 1 38 43 53 50 72 73 76 34 4 89 40 48 62 87 61 96 63 86 21 18 97 65 
0 19 31 77 90 23 55 79 107 24 27 29 46 17 92 8 9 54 75 85 59 22 11 7 35 20 25 42 37 45 44 70 93 32 5 81 83 109 94 68 2 69 82 36 78 14 57 80 66 52 106 33 84 103 100 39 101 73 76 34 4 89 40 48 62 16 12 58 56 102 60 105 51 13 6 88 41 30 95 3 104 26 47 28 71 49 67 1 38 43 53 50 72 74 10 99 64 108 98 15 91 87 61 96 63 86 21 18 97 65 
0 19 31 77 90 23 55 79 107 24 27 29 46 17 92 8 9 54 75 85 100 39 101 74 10 99 64 108 98 15 91 16 12 58 56 102 104 33 95 30 41 88 6 13 105 60 14 57 80 66 52 106 3 84 103 59 22 11 7 35 20 25 42 37 45 44 70 93 32 5 81 83 109 94 68 51 2 69 82 36 78 26 47 28 71 49 67 1 38 43 53 50 72 73 76 34 4 89 40 48 62 87 61 96 63 86 21 18 97 65 
0 19 31 77 90 23 55 79 107 24 27 29 46 17 92 8 9 54 75 85 59 22 11 7 35 20 25 42 37 45 44 70 93 32 5 81 83 109 94 68 51 2 69 82 36 78 14 57 80 66 52 106 33 84 103 100 39 101 74 6 13 105 60 26 47 28 71 49 67 1 38 43 53 64 108 98 15 91 16 12 58 56 102 104 3 95 30 41 10 99 50 72 73 76 34 4 89 40 48 62 87 61 96 63 86 21 18 97 88 65 
0 19 31 77 90 23 55 79 107 24 27 29 46 17 92 10 99 64 108 98 15 91 16 12 58 56 102 3 95 30 41 88 6 13 105 60 26 28 47 71 49 67 1 38 43 53 50 72 73 104 76 34 4 89 40 48 103 100 39 101 74 8 9 54 75 85 59 22 11 7 35 20 25 42 37 45 44 70 93 32 5 81 83 109 94 68 51 2 69 82 36 78 14 57 80 66 52 106 33 84 62 87 61 96 63 86 21 18 97 65 
0 19 31 77 90 23 55 79 107 24 27 29 46 17 92 8 9 54 75 39 59 22 11 7 35 20 25 42 37 45 44 70 93 32 5 81 83 109 94 68 51 2 69 82 108 64 99 10 52 106 33 84 103 100 85 101 74 66 80 57 14 78 36 98 15 91 16 12 58 56 102 104 3 95 30 41 88 6 13 105 60 26 47 28 71 49 67 1 38 43 53 50 72 73 76 34 4 89 40 48 62 87 61 96 63 86 21 18 97 65 
0 19 31 77 13 105 60 26 47 28 71 49 67 1 38 43 53 50 72 73 76 34 4 89 40 48 62 87 61 96 63 86 21 18 97 65 83 109 94 68 51 2 69 82 36 78 14 57 80 66 52 106 33 84 103 100 39 101 74 10 99 64 108 98 15 91 16 12 58 56 102 104 3 95 30 41 88 6 90 23 55 79 107 24 27 29 46 17 92 8 9 54 75 85 59 22 11 7 35 20 25 42 37 45 44 70 93 32 5 81 
0 19 77 90 23 55 79 107 24 27 29 46 17 92 8 9 54 75 85 59 22 11 7 35 20 25 42 37 45 44 70 40 48 62 87 61 96 63 86 21 2 69 31 82 36 78 14 57 80 66 52 106 33 84 103 100 39 101 74 10 99 64 108 98 15 91 16 12 58 56 102 104 3 95 30 41 88 6 13 105 60 26 47 28 71 49 67 1 38 43 53 50 72 73 76 34 4 89 93 32 5 81 83 109 94 68 51 18 97 65 
0 19 31 77 90 23 55 79 107 24 27 29 46 17 92 8 9 54 75 85 13 22 11 7 35 20 25 42 37 45 44 70 93 32 5 81 83 109 94 68 51 2 69 82 36 78 14 57 80 66 52 106 33 84 103 100 39 101 74 10 99 64 108 98 15 91 16 12 58 56 102 60 105 59 6 88 41 30 95 3 104 26 47 28 71 49 67 1 38 43 53 50 72 73 76 34 4 89 40 48 62 87 61 96 63 86 21 18 97 65 
0 19 31 77 90 23 55 79 107 24 27 29 46 17 92 8 9 54 75 85 59 22 11 7 35 20 25 42 37 45 44 70 95 30 41 88 6 13 105 60 26 47 28 71 49 67 1 38 43 16 50 72 73 76 34 4 89 40 48 62 87 61 96 98 15 91 53 12 58 56 102 104 3 93 32 5 81 83 109 94 68 51 2 69 82 36 78 14 57 80 66 52 106 33 84 103 100 39 101 74 10 99 64 108 63 86 21 18 97 65 
0 19 31 77 90 23 55 79 107 24 27 29 46 17 92 8 9 54 75 85 59 22 11 56 58 12 16 64 91 15 98 108 99 10 74 101 39 100 103 84 33 106 52 66 32 57 14 78 36 82 69 2 51 68 94 109 83 81 5 80 93 70 44 45 37 42 25 20 35 7 102 60 105 13 6 88 41 30 95 3 104 26 47 28 71 49 67 1 38 43 53 50 72 73 76 34 4 89 40 48 62 87 61 96 63 86 21 18 97 65 
0 19 31 77 90 23 55 79 107 24 10 99 64 108 98 15 91 16 12 58 56 102 104 3 95 30 41 88 6 13 105 60 26 47 28 71 49 67 1 38 43 53 50 72 73 76 34 4 89 40 48 62 87 61 96 63 86 21 74 27 29 46 17 92 8 9 54 75 85 59 22 11 7 35 20 25 42 37 45 44 70 93 32 5 81 83 109 94 68 51 2 69 82 36 78 14 57 80 66 52 106 33 84 103 100 39 101 18 97 65 
0 19 31 77 90 23 55 79 107 24 27 29 46 17 53 8 9 54 75 85 59 22 11 7 35 20 25 42 37 45 44 70 93 32 5 81 83 109 94 68 51 2 69 82 36 78 14 57 80 66 52 106 33 84 103 100 39 101 74 10 99 64 108 98 15 91 16 12 58 56 102 60 105 13 6 88 41 30 95 3 104 26 47 28 71 49 67 1 38 43 92 50 72 73 76 34 4 89 40 48 62 87 61 96 63 86 21 18 97 65 
0 19 31 77 90 23 55 20 107 24 27 29 46 17 92 8 9 54 75 85 59 22 11 7 35 79 25 42 37 45 44 70 93 32 5 81 83 109 94 68 51 2 69 82 36 78 14 57 80 66 52 106 33 84 100 39 101 74 103 10 99 64 108 98 15 91 16 12 58 56 102 104 3 95 30 41 88 6 13 97 18 21 86 63 96 61 87 62 48 40 89 4 34 76 73 72 50 53 43 38 1 67 49 71 28 47 26 60 105 65 
0 19 31 77 90 23 10 99 64 108 98 15 91 16 12 58 56 102 104 3 95 30 41 88 6 13 105 60 26 47 28 71 49 67 1 38 43 53 50 72 73 76 34 4 89 40 48 8 62 87 61 96 63 86 21 18 97 65 55 79 107 24 27 29 46 17 92 9 54 75 85 59 22 11 7 35 20 25 42 37 45 44 70 93 32 5 81 83 109 94 68 51 2 69 82 36 78 14 57 80 66 52 106 33 84 103 100 39 101 74 
0 19 31 77 90 23 55 79 107 24 27 29 46 17 92 8 9 54 75 85 59 22 11 58 56 102 104 3 95 30 41 88 6 13 105 60 26 47 28 71 49 67 1 38 43 53 50 72 73 76 34 4 89 40 48 62 87 61 96 63 86 21 18 97 65 91 16 12 7 35 20 25 42 37 45 44 70 93 32 5 81 83 109 94 68 51 2 69 82 36 78 14 57 80 66 52 106 33 84 103 100 39 101 74 10 99 64 108 98 15 
0 19 31 77 90 36 55 79 107 24 27 29 46 17 92 8 9 54 75 85 59 22 11 7 35 20 25 42 37 45 44 70 93 32 5 81 83 109 94 68 51 2 69 82 23 78 14 57 66 52 106 33 84 103 100 39 101 74 10 99 64 108 98 15 91 16 12 58 56 80 102 60 105 13 6 88 41 30 95 3 104 26 47 28 71 49 67 1 38 43 53 50 72 73 76 34 4 89 40 48 62 87 61 96 63 86 21 18 97 65 
0 19 31 77 90 23 55 79 107 24 27 87 46 17 92 8 9 54 75 85 59 22 11 7 35 20 25 42 37 45 44 70 93 32 5 81 83 109 94 68 51 2 69 82 36 78 14 57 80 66 52 106 33 84 103 100 39 101 74 10 99 64 108 98 15 91 16 12 58 56 102 104 3 95 30 41 88 6 13 105 60 26 47 28 71 49 67 1 38 43 53 29 50 72 73 76 34 4 89 40 48 62 61 96 63 86 21 18 97 65 
0 19 31 77 90 23 55 79 107 24 27 29 46 17 92 8 9 54 75 85 37 22 11 7 35 20 25 42 59 45 44 70 93 32 5 81 83 109 94 68 51 2 69 82 36 78 14 57 80 66 52 106 33 84 47 28 71 49 67 1 38 43 53 50 72 73 76 34 4 89 40 48 62 87 61 96 63 86 21 18 97 65 103 100 39 101 10 99 64 108 98 15 91 16 12 58 56 102 104 3 74 95 30 41 88 6 13 105 60 26 
0 19 31 77 90 23 55 79 107 24 27 29 46 14 78 36 82 69 2 51 68 94 109 83 81 5 32 93 70 44 45 37 42 25 20 35 7 11 22 59 85 75 54 9 8 92 17 57 80 66 52 106 33 84 103 100 101 74 10 99 64 108 98 15 91 16 12 58 56 102 60 105 13 6 88 41 30 95 3 104 26 47 28 71 49 67 1 38 43 53 50 72 73 76 34 4 89 40 48 62 87 61 96 63 86 39 21 18 97 65 
0 19 31 77 90 23 55 79 107 24 27 29 46 17 92 8 9 54 75 85 59 22 11 7 35 20 88 41 30 95 3 104 102 56 58 12 16 91 15 98 108 64 99 10 74 101 39 100 103 84 33 106 93 52 66 80 57 14 78 36 82 69 2 51 68 94 109 83 81 5 32 70 44 45 37 42 25 6 13 105 60 26 47 28 71 49 67 1 38 43 53 50 72 76 34 4 89 40 48 62 87 61 96 63 86 21 18 97 73 65 
0 19 31 77 90 23 55 79 107 24 27 29 46 17 92 8 9 54 75 85 59 22 11 7 35 20 25 42 37 45 44 93 32 95 30 41 88 6 13 105 60 26 47 28 71 49 67 1 38 43 53 50 72 73 76 34 4 89 40 48 62 87 70 61 96 63 86 21 18 102 104 3 5 81 83 109 94 68 51 2 69 82 36 78 14 57 80 66 52 106 33 84 103 100 39 101 74 10 99 64 108 98 15 91 16 12 58 56 97 65 
0 19 31 77 90 23 55 79 107 24 27 29 46 17 92 8 9 54 75 85 86 22 11 7 35 20 25 37 45 44 70 93 32 5 81 83 109 94 68 51 2 69 82 36 78 14 57 80 66 52 106 33 84 103 100 42 39 101 74 10 99 64 108 98 15 91 16 12 58 56 102 104 3 105 60 26 47 6 13 95 30 41 88 28 71 49 67 1 38 43 53 50 72 73 76 34 4 89 40 48 62 87 61 96 63 59 21 18 97 65 
0 19 31 77 90 23 55 79 107 24 27 29 46 17 92 8 9 54 75 85 59 22 11 7 35 20 25 42 37 45 44 70 93 32 5 81 83 109 94 68 51 2 69 82 36 78 14 57 80 66 52 106 33 84 103 65 39 101 74 10 99 64 108 98 15 91 16 12 58 56 102 104 3 95 30 41 6 13 105 60 26 47 28 71 49 67 1 38 43 53 50 72 73 88 76 34 4 89 40 48 62 87 61 96 63 86 21 18 97 100 
0 19 31 77 90 23 55 79 107 24 27 29 46 17 92 8 9 54 75 85 59 22 11 7 35 20 25 42 37 45 44 70 93 32 5 81 83 109 108 68 51 2 69 82 36 78 14 57 80 66 52 106 33 84 103 100 39 101 96 10 99 64 94 98 15 91 16 12 58 56 102 104 3 95 30 41 88 6 13 105 60 26 47 28 71 49 67 1 38 43 53 50 72 73 76 34 4 89 40 48 62 87 61 74 63 86 21 18 97 65 
0 19 31 77 90 23 55 79 107 24 27 29 46 17 92 8 9 54 75 85 59 22 11 7 58 56 102 104 3 95 30 41 88 6 13 105 60 26 47 28 71 49 69 82 36 78 14 57 80 66 52 106 33 84 103 100 39 101 74 10 99 64 108 98 15 91 16 12 35 20 25 42 37 45 44 70 93 32 5 81 83 109 94 68 51 2 67 1 43 53 50 72 73 76 34 4 89 40 48 62 87 61 96 63 86 21 18 97 65 38 
0 19 31 77 90 23 16 79 107 24 27 29 46 17 92 8 9 54 75 85 59 22 11 7 35 20 25 42 37 45 44 70 93 32 5 81 83 109 94 68 51 2 69 82 36 78 14 57 80 66 52 106 33 84 103 100 39 101 74 10 99 64 108 98 15 91 55 12 58 56 102 104 3 95 30 41 88 6 13 105 60 26 47 28 71 49 67 1 38 43 53 50 72 73 76 34 4 89 40 48 62 87 61 96 63 86 21 18 97 65 
0 19 31 77 90 23 55 79 40 48 62 87 61 96 63 86 21 18 97 65 6 13 105 60 26 47 28 71 49 67 1 38 43 53 50 72 73 76 34 98 15 91 16 12 58 56 102 104 3 66 52 106 33 84 103 100 39 101 74 10 99 64 108 4 89 107 24 27 29 46 17 92 8 9 54 75 85 59 22 11 7 35 20 25 42 37 45 44 70 93 32 5 81 83 109 94 68 51 2 69 82 36 78 14 57 80 95 30 41 88 
0 19 31 77 90 23 55 79 107 24 27 29 46 17 92 8 9 87 75 85 59 22 11 7 35 20 25 37 45 44 70 93 32 5 81 83 109 94 68 51 2 69 82 36 78 14 57 80 66 52 106 33 84 103 100 39 101 74 10 99 64 108 98 15 91 16 12 58 56 102 60 105 13 6 88 41 30 95 3 104 26 47 28 71 49 67 1 38 43 53 50 72 73 76 34 4 89 40 48 62 54 61 96 63 86 21 42 18 97 65 
0 19 31 77 90 23 55 79 107 24 27 29 46 17 92 8 9 54 75 85 59 22 11 7 35 20 25 42 37 45 44 74 10 99 98 15 91 16 12 58 56 102 104 3 95 30 41 88 6 13 100 105 60 26 47 93 70 101 39 103 33 106 52 66 80 57 14 78 36 82 64 108 84 69 2 51 68 94 109 83 81 5 32 28 71 49 67 1 38 43 53 72 73 76 34 4 89 40 48 62 87 61 96 63 86 21 18 50 97 65 
0 19 31 77 90 23 55 79 107 99 27 29 46 17 92 8 9 54 75 85 59 22 11 7 35 20 25 42 37 45 44 70 93 32 5 81 24 83 109 94 68 51 2 69 82 36 78 14 57 80 66 52 106 33 84 103 100 39 101 74 10 64 108 98 15 91 16 12 58 56 102 104 3 95 30 41 88 6 13 105 60 26 47 28 71 49 67 1 38 43 53 50 72 73 61 34 4 89 40 48 62 87 76 96 63 86 21 18 97 65 
0 19 31 77 90 23 55 79 107 24 27 29 46 17 92 8 9 54 75 85 59 22 11 7 35 20 25 42 37 45 1 70 93 32 5 81 83 109 91 68 51 2 69 82 36 72 14 57 80 66 52 106 33 84 103 100 39 101 74 10 99 64 108 98 15 94 16 12 58 56 102 104 3 95 30 49 71 28 47 26 60 105 13 6 88 41 67 44 38 43 53 50 78 73 76 34 4 89 40 48 62 87 61 96 63 86 21 18 97 65 
0 19 31 77 90 23 55 79 107 24 27 29 104 17 92 8 9 54 75 85 59 22 11 7 35 20 25 42 37 45 44 70 93 32 5 81 83 109 94 68 51 2 69 82 36 78 14 57 80 66 52 106 33 84 103 100 39 101 74 10 99 64 108 98 15 91 16 12 58 56 102 46 3 95 30 41 88 6 13 105 60 26 47 28 71 49 67 1 38 43 53 50 72 73 76 34 4 89 40 48 62 87 61 96 63 86 21 18 97 65 
0 19 31 77 23 55 79 107 24 27 29 46 17 92 8 9 54 75 85 59 22 11 7 35 20 90 25 42 37 45 44 70 93 32 5 81 83 109 94 68 51 2 69 82 36 78 57 80 66 52 106 33 84 103 100 39 74 10 99 64 108 98 15 91 16 12 101 58 56 102 104 3 95 30 41 88 6 13 105 21 26 47 28 71 14 49 67 1 38 43 53 50 72 73 76 34 4 89 40 48 62 87 61 96 63 86 60 18 97 65 
0 19 31 77 90 23 55 79 107 24 27 29 46 17 92 8 9 54 75 85 59 22 11 7 35 20 25 42 37 45 1 70 93 32 5 81 83 109 94 68 51 2 69 82 36 72 14 57 80 66 52 106 33 84 103 100 39 101 74 10 99 64 62 98 15 91 16 12 58 56 102 104 3 95 30 49 71 28 47 26 60 105 13 6 88 41 67 44 38 43 78 53 50 73 76 34 4 89 40 48 108 87 61 96 63 86 21 18 97 65 
0 72 31 77 90 23 55 79 107 24 27 29 46 17 92 8 9 54 75 85 59 22 11 7 35 20 25 42 37 45 44 70 93 32 5 81 83 109 94 68 51 2 69 82 36 78 14 57 80 66 52 106 33 84 103 100 39 101 74 10 99 64 108 98 15 91 12 58 56 102 104 3 95 30 41 88 6 13 105 60 26 47 28 71 49 1 38 43 53 50 19 73 76 34 67 4 89 40 48 62 87 61 96 63 86 21 16 18 97 65 
0 19 31 77 90 23 55 100 107 24 27 29 46 17 92 8 9 54 75 85 59 22 11 7 35 20 25 42 37 45 44 70 93 32 5 81 83 109 94 68 51 30 95 3 104 102 56 58 12 16 91 15 98 108 79 99 10 74 52 101 39 64 103 84 33 106 66 80 57 14 78 36 82 69 2 41 88 6 13 105 60 26 47 28 71 49 67 1 38 43 53 50 72 73 76 34 4 89 40 48 62 87 61 96 63 86 21 18 97 65 
0 19 31 77 90 23 66 52 106 33 84 103 100 39 101 74 10 7 99 64 108 98 15 91 16 83 81 5 32 93 70 44 45 37 42 76 20 35 11 22 59 85 75 54 9 8 92 17 46 29 27 24 107 79 55 80 57 14 78 36 82 69 2 51 109 94 68 12 58 56 102 104 3 95 30 41 88 6 13 105 60 26 47 28 71 49 67 1 38 43 53 50 72 73 25 34 4 89 40 48 62 87 61 96 63 86 21 18 97 65 
0 39 101 74 10 99 64 108 98 15 91 16 12 58 56 102 104 3 95 30 41 88 6 13 105 60 26 47 28 71 49 67 1 38 43 53 50 72 73 76 34 4 79 40 48 62 87 61 96 63 86 21 18 97 65 100 19 31 77 90 23 55 89 107 24 27 29 46 17 92 8 9 54 75 85 59 22 11 7 35 20 25 42 37 45 44 70 93 32 5 81 83 109 94 68 51 2 69 82 36 78 14 57 80 66 52 106 33 84 103 
0 19 102 104 3 95 30 41 88 6 13 105 60 17 92 8 9 54 75 85 59 22 11 7 35 20 25 42 37 45 44 70 93 32 5 81 83 109 87 68 51 2 69 82 36 78 14 57 80 66 52 106 33 84 103 100 39 101 74 10 99 64 108 98 15 40 89 4 34 76 73 72 50 53 43 38 1 67 49 71 28 47 26 46 29 27 24 107 79 55 23 90 77 31 56 58 12 16 91 48 62 94 61 96 63 86 21 18 97 65 
0 19 31 77 90 23 55 79 107 24 27 29 46 36 92 8 9 54 85 59 22 11 7 35 20 25 42 37 45 44 70 96 32 5 81 83 109 94 68 51 2 69 82 17 78 14 57 80 66 52 106 33 84 103 100 39 101 74 10 99 64 108 98 15 91 16 12 58 56 102 104 3 95 30 41 75 88 6 13 105 60 26 47 28 71 49 67 1 38 43 53 50 72 73 76 34 4 89 40 48 62 87 61 93 63 86 21 18 97 65 
0 19 31 77 90 23 55 79 107 24 27 29 46 17 92 8 9 16 12 58 56 75 104 3 95 30 41 88 6 45 44 70 93 32 5 81 83 109 94 68 51 2 69 82 36 78 14 57 80 66 52 106 33 84 103 100 39 101 74 10 99 64 108 98 15 91 54 102 85 59 22 11 7 35 20 25 42 37 13 105 60 26 47 28 71 49 67 1 38 43 53 50 72 73 76 34 4 89 40 48 62 87 61 96 63 86 21 18 97 65 
0 19 31 77 90 23 55 69 53 64 99 10 74 101 39 100 103 84 33 106 52 66 80 57 14 78 36 82 79 2 51 68 94 109 83 81 5 32 93 70 107 24 27 29 46 72 92 96 61 87 62 48 40 89 4 34 76 73 17 50 43 38 1 67 49 71 28 47 26 60 108 98 15 91 16 12 58 56 102 104 3 95 30 41 88 6 13 105 44 45 37 42 25 20 35 7 11 22 59 85 75 54 9 8 63 86 21 18 97 65 
0 19 31 77 90 23 55 79 107 24 27 29 46 72 92 96 61 87 62 48 40 89 4 34 76 73 17 50 53 43 38 1 67 49 71 28 47 26 60 105 64 99 10 74 20 25 42 37 45 44 70 93 32 5 81 83 109 94 68 30 2 69 82 36 78 14 57 80 66 52 106 33 84 103 100 39 101 35 7 11 22 59 85 75 54 9 8 108 98 15 91 16 12 58 56 102 104 3 95 51 41 88 6 13 63 86 21 18 97 65 
