0 86 21 18 61 88 6 99 15 84 75 20 85 7 54 27 23 79 31 19 77 59 51 82 94 83 42 37 25 5 14 34 89 40 49 56 91 98 26 66 50 48 68 11 97 96 93 72 71 76 4 81 70 35 22 107 45 87 63 100 32 44 52 28 80 73 38 33 78 69 108 105 43 12 106 47 102 60 3 95 30 16 58 10 74 39 101 64 13 104 1 67 41 57 109 62 53 36 2 103 92 9 46 29 17 8 24 55 90 65 
0 86 21 18 61 88 6 99 15 84 75 20 85 7 54 27 23 79 31 19 77 59 51 82 94 45 107 22 35 70 69 108 73 80 28 52 44 32 100 63 87 83 42 37 25 5 14 34 89 40 49 56 91 98 26 66 50 48 68 11 97 96 93 72 71 76 4 81 78 33 38 105 43 12 106 47 102 60 3 95 30 16 58 10 74 39 101 64 13 104 1 67 41 57 109 62 53 36 2 103 92 9 46 29 17 8 24 55 90 65 
0 86 21 18 61 88 6 99 15 84 75 20 85 7 54 27 23 79 31 19 77 59 51 82 94 45 107 22 35 70 69 108 73 80 28 52 44 32 100 63 87 83 42 37 25 5 14 34 89 40 49 56 91 98 26 66 50 48 68 11 97 96 93 72 71 76 4 81 78 33 38 105 43 12 106 47 102 60 3 95 30 16 58 10 74 39 101 64 13 104 1 67 41 57 109 62 53 36 2 103 92 9 46 29 17 8 24 55 90 65 
0 86 21 18 61 88 6 99 15 84 75 20 85 7 54 27 23 79 31 19 77 59 51 82 94 45 107 22 35 70 69 108 73 80 28 52 44 32 100 63 87 83 42 37 25 5 14 34 89 40 49 56 91 98 26 66 50 48 68 11 97 96 93 72 71 76 4 81 78 33 38 105 43 12 106 47 102 60 3 95 30 16 58 10 74 39 101 64 13 104 1 67 41 57 109 62 53 36 2 103 92 9 46 29 17 8 24 55 90 65 
0 86 21 18 61 88 6 99 15 84 75 20 85 7 54 27 23 79 31 19 77 59 51 82 94 45 107 22 35 70 69 108 73 80 28 52 44 32 100 63 87 83 42 37 25 5 14 34 89 40 49 56 91 98 26 66 50 48 68 11 97 96 93 72 71 76 4 81 78 33 38 105 43 12 106 47 102 60 3 95 30 16 58 10 74 39 101 64 13 104 1 67 41 57 109 62 53 36 2 103 92 9 46 29 17 8 24 55 90 65 
0 86 21 18 61 88 6 99 15 84 75 20 85 7 54 27 23 79 31 19 77 59 51 82 94 45 107 22 35 70 69 108 73 80 28 52 44 32 100 63 87 83 42 37 25 5 14 34 89 40 49 56 91 98 26 66 50 48 68 11 97 96 93 72 71 76 4 81 78 33 38 105 43 12 106 47 102 60 3 95 30 16 58 10 74 39 101 64 13 104 1 67 41 57 109 62 53 36 2 103 92 9 46 29 17 8 24 55 90 65 
0 86 21 18 61 88 6 99 15 84 75 20 85 7 54 27 23 79 31 19 77 59 51 82 94 45 107 22 35 70 69 108 73 80 28 52 44 32 100 63 87 83 42 37 25 5 14 34 89 40 49 56 91 98 26 66 50 48 68 11 97 96 93 72 71 76 4 81 78 33 38 105 43 12 106 47 102 60 3 95 30 16 58 10 74 39 101 64 13 104 1 67 41 57 109 62 53 36 2 103 92 9 46 29 17 8 24 55 90 65 
0 86 21 18 61 88 6 99 15 84 75 20 85 7 54 27 23 79 31 19 77 59 51 82 94 45 107 22 35 70 69 108 73 80 28 52 44 32 100 63 87 83 42 37 25 5 14 34 89 40 49 56 91 98 26 66 50 48 68 11 97 96 93 72 71 76 4 81 78 33 38 105 43 12 106 47 102 60 3 95 30 16 58 10 74 39 101 64 13 104 1 67 41 57 109 62 53 36 2 103 92 9 46 29 17 8 24 55 90 65 
0 86 21 18 61 88 6 99 15 84 75 20 85 7 54 27 23 79 31 19 77 59 51 82 94 45 107 22 35 70 69 108 73 80 28 52 44 32 100 63 87 83 42 37 25 5 14 34 89 40 49 56 91 98 26 66 50 48 68 11 97 96 93 72 71 76 4 81 78 33 38 105 43 12 106 47 102 60 3 95 30 16 58 10 74 39 101 64 13 104 1 67 41 57 109 62 53 36 2 103 92 9 46 29 17 8 24 55 90 65 
0 86 21 18 61 88 6 99 15 84 75 20 85 7 54 27 23 79 31 19 77 59 51 82 94 45 107 22 35 70 69 108 73 80 28 52 44 32 100 63 87 83 42 37 25 5 14 34 89 40 49 56 91 98 26 66 50 48 68 11 97 96 93 72 71 76 4 81 78 33 38 105 43 12 106 47 102 60 3 95 30 16 58 10 74 39 101 64 13 104 1 67 41 57 109 62 53 36 2 103 92 9 46 29 17 8 24 55 90 65 
0 86 21 18 61 88 6 99 15 84 75 20 85 7 54 27 23 79 31 19 77 59 51 82 94 45 107 22 35 70 69 108 73 80 28 52 44 32 100 63 87 83 42 37 25 5 14 34 89 40 49 56 91 98 26 66 50 48 68 11 97 96 93 72 71 76 4 81 78 33 38 105 43 12 106 47 102 60 3 95 30 16 58 10 74 39 101 64 13 104 1 67 41 57 109 62 53 36 2 103 92 9 46 29 17 8 24 55 90 65 
0 86 21 18 61 88 6 99 15 84 75 20 85 7 54 27 23 79 31 19 77 59 51 82 94 45 107 22 35 70 69 108 73 80 28 52 44 32 100 63 87 83 42 37 25 5 14 34 89 40 49 56 91 98 26 66 50 48 68 11 97 96 93 72 71 76 4 81 78 33 38 105 43 12 106 47 102 60 3 95 30 16 58 10 74 39 101 64 13 104 1 67 41 57 109 62 53 36 2 103 92 9 46 29 17 8 24 55 90 65 
0 86 21 18 61 88 6 99 15 84 75 20 85 7 54 27 23 79 31 19 77 59 51 82 94 45 83 42 37 25 5 14 34 89 40 49 56 91 98 26 66 50 48 68 11 97 96 93 72 71 76 4 81 70 35 22 107 87 63 100 32 44 52 28 80 73 38 33 78 69 108 105 43 12 106 47 102 60 3 95 30 16 58 10 74 39 101 64 13 104 1 67 41 57 109 62 53 36 2 103 92 9 46 29 17 8 24 55 90 65 
0 86 83 42 37 25 5 14 34 89 40 49 56 91 98 26 66 50 53 68 11 97 96 93 72 71 76 4 81 70 35 22 107 45 94 82 51 59 77 19 31 79 23 27 54 7 85 20 75 84 15 99 6 88 61 18 21 87 63 100 32 44 52 28 80 73 38 33 78 69 108 105 43 12 106 47 102 60 3 95 30 16 58 10 74 39 101 64 13 104 1 67 41 57 109 62 48 36 2 103 92 9 46 29 17 8 24 55 90 65 
0 86 21 18 61 88 6 99 15 84 75 20 85 7 54 27 23 79 31 19 77 59 51 82 94 45 107 22 35 70 69 108 73 80 28 52 44 32 100 63 87 83 42 37 25 5 14 34 89 40 49 56 91 98 26 66 50 48 68 11 97 96 93 72 71 76 62 53 36 2 38 105 43 12 106 47 102 60 3 95 30 16 58 10 74 39 101 64 13 104 1 67 41 57 109 4 81 78 33 103 92 9 46 29 17 8 24 55 90 65 
0 86 21 18 61 88 6 99 15 75 20 85 7 54 27 23 79 31 19 77 59 51 82 94 45 107 22 35 70 69 108 84 73 80 28 52 44 32 100 63 87 83 42 37 25 5 14 34 89 40 49 56 91 98 26 66 50 48 68 11 97 96 93 72 71 76 4 81 78 33 38 105 43 12 106 47 102 60 3 95 30 16 58 10 74 39 101 64 13 104 1 67 41 57 109 62 53 36 2 103 92 9 46 29 17 8 24 55 90 65 
0 86 83 42 37 25 5 14 34 89 40 49 56 91 98 26 66 50 48 68 11 97 96 93 72 71 76 4 81 78 33 38 80 28 52 44 32 100 63 87 21 18 61 88 6 58 15 84 75 20 85 7 54 27 23 79 31 19 77 59 51 82 73 94 45 107 22 35 70 69 108 105 53 43 12 106 47 102 60 3 95 30 16 99 10 74 39 101 64 13 104 1 67 41 57 109 62 36 2 103 92 9 46 29 17 8 24 55 90 65 
0 86 83 42 37 25 5 14 34 89 40 49 56 91 98 26 66 50 48 68 11 97 96 93 72 71 76 4 81 70 35 22 107 45 94 82 51 59 77 19 31 79 23 27 54 7 85 20 75 84 15 99 6 88 61 18 21 87 63 100 32 44 52 80 73 38 33 78 69 108 105 43 12 28 106 47 102 60 3 95 30 16 58 10 74 39 101 64 13 104 1 67 41 57 109 62 53 36 2 103 92 9 46 29 17 8 24 55 90 65 
0 86 83 42 37 25 5 14 34 89 40 49 56 91 98 26 66 50 48 68 11 97 96 93 72 71 76 4 81 70 35 22 107 45 94 82 51 59 77 19 31 79 23 27 54 7 85 20 75 84 15 99 6 88 61 18 21 87 63 100 32 44 52 80 73 38 33 78 69 108 105 43 12 28 106 47 102 60 3 95 30 16 58 10 74 39 101 64 13 104 1 67 41 57 109 62 53 36 2 103 92 9 46 29 17 8 24 55 90 65 
0 86 83 42 37 25 5 14 34 89 40 49 56 91 98 26 66 50 48 68 11 97 96 93 72 71 76 4 81 70 35 22 107 45 94 82 51 59 77 19 31 79 23 27 54 7 85 20 75 84 15 99 6 88 61 18 21 87 63 100 32 44 52 80 73 38 33 78 69 108 105 43 12 28 106 47 102 60 3 95 30 16 58 10 74 39 101 64 13 104 1 67 41 57 109 62 53 36 2 103 92 9 46 29 17 8 24 55 90 65 
0 86 83 42 37 25 5 14 34 89 40 49 56 91 98 26 66 50 48 68 11 97 96 93 72 71 76 4 81 70 35 22 107 45 94 82 51 59 77 19 31 79 23 27 54 7 85 20 75 84 15 99 6 88 61 18 21 87 63 100 32 44 52 80 73 38 33 78 69 108 105 43 12 28 106 47 102 60 3 95 30 16 58 10 74 39 101 64 13 104 1 67 41 57 109 62 53 36 2 103 92 9 46 29 17 8 24 55 90 65 
0 86 83 42 37 25 5 14 34 89 40 49 56 91 98 26 66 50 48 68 11 97 96 93 72 71 76 4 81 70 35 22 107 45 94 82 51 59 77 19 31 79 23 27 54 7 85 20 75 84 15 99 6 88 61 18 21 87 63 100 32 44 52 80 73 38 33 78 69 108 105 43 12 28 106 47 102 60 3 95 30 16 58 10 74 39 101 64 13 104 1 67 41 57 109 62 53 36 2 103 92 9 46 29 17 8 24 55 90 65 
0 86 21 18 61 88 6 99 15 84 75 20 85 7 54 27 23 79 31 19 77 59 51 82 94 45 107 22 35 70 69 108 73 80 28 52 44 32 100 63 87 83 42 37 25 5 14 34 89 40 49 56 91 98 26 66 93 48 68 11 97 96 50 72 71 76 4 81 78 33 38 105 43 12 106 47 102 60 3 95 30 16 58 10 74 39 101 64 13 104 1 67 41 57 109 62 53 36 2 103 92 9 46 29 17 8 24 55 90 65 
0 86 83 42 37 25 5 14 34 89 40 49 56 91 98 26 66 50 48 68 11 97 96 93 72 71 76 4 81 70 35 22 107 45 94 82 51 59 77 19 31 79 23 27 54 7 85 20 75 84 15 99 6 88 61 18 21 87 63 100 78 33 38 73 80 28 52 44 32 69 108 105 43 12 106 47 102 60 3 95 30 16 58 10 74 39 101 64 13 104 1 67 41 57 109 62 53 36 2 103 92 9 46 29 17 8 24 55 90 65 
0 86 83 42 37 25 5 14 34 89 40 3 60 102 47 58 16 30 95 49 56 91 98 26 66 50 48 68 11 97 96 93 72 71 76 4 81 78 33 38 73 80 28 52 44 32 100 63 87 21 18 61 88 6 99 15 84 75 20 85 7 54 27 23 79 31 19 77 59 70 35 22 107 45 94 82 51 69 108 105 43 12 106 10 74 39 101 64 13 104 1 67 41 57 109 62 53 36 2 103 92 9 46 29 17 8 24 55 90 65 
0 86 83 42 37 25 5 14 34 89 40 3 60 102 47 58 16 30 95 49 56 91 98 26 66 50 48 68 11 97 96 93 72 71 76 4 81 78 33 38 73 80 28 52 44 32 100 63 87 21 18 61 88 6 99 15 84 75 20 85 7 54 27 23 79 31 19 77 59 70 35 22 107 45 94 82 51 69 108 105 43 12 106 10 74 39 101 64 13 104 1 67 41 57 109 62 53 36 2 103 92 9 46 29 17 8 24 55 90 65 
0 86 83 42 37 25 5 14 34 89 40 3 60 102 47 58 16 30 95 49 56 91 98 26 66 50 48 68 11 97 96 93 72 71 76 4 81 78 33 38 73 80 28 52 44 32 100 63 87 21 18 61 88 6 99 15 84 75 20 85 7 54 27 23 79 31 19 77 59 70 35 22 107 45 94 82 51 69 108 105 43 12 106 10 74 39 101 64 13 104 1 67 41 57 109 62 53 36 2 103 92 9 46 29 17 8 24 55 90 65 
0 86 83 42 37 25 5 14 34 89 40 49 56 91 98 26 66 50 48 68 11 97 96 82 94 45 107 22 35 70 81 4 76 71 72 93 51 59 77 19 31 79 23 27 54 7 85 20 75 84 15 99 6 88 61 18 21 87 63 100 32 44 52 28 80 73 38 33 78 69 108 105 43 12 106 47 102 60 3 95 30 16 58 10 74 39 101 64 13 104 1 67 41 57 109 62 53 36 2 103 92 9 46 29 17 8 24 55 90 65 
0 86 83 42 37 25 5 14 34 89 40 49 56 91 98 26 66 50 48 68 11 97 96 93 72 71 76 4 81 70 35 22 107 45 94 82 51 59 77 19 31 79 23 27 54 7 85 20 75 84 15 99 6 88 61 18 21 87 63 100 32 44 52 28 80 73 38 33 78 69 108 105 43 12 106 47 102 60 3 95 30 16 58 10 74 39 101 64 13 104 1 67 41 57 109 62 53 36 2 103 92 9 46 29 17 8 24 55 90 65 
0 86 83 42 37 25 5 14 34 89 40 49 56 91 98 26 66 50 48 68 11 97 96 93 72 71 76 4 81 70 35 22 107 45 94 82 51 59 77 19 31 79 23 27 54 7 85 20 75 84 15 99 6 88 61 18 21 87 63 100 32 44 52 28 80 73 38 33 78 69 108 105 43 12 106 47 102 60 3 95 30 16 58 10 74 39 101 64 13 104 1 67 41 57 109 62 53 36 2 103 92 9 46 29 17 8 24 55 90 65 
0 86 83 42 37 25 5 14 34 89 40 49 56 91 98 26 66 50 48 68 11 97 96 93 72 71 76 4 81 70 35 22 107 45 94 82 51 59 77 19 31 79 23 27 54 7 85 20 75 84 15 99 6 88 61 18 21 87 63 100 32 44 52 28 80 73 38 33 78 69 108 105 43 12 106 47 102 60 3 95 30 16 58 10 74 39 101 64 13 104 1 67 41 57 109 62 53 36 2 103 92 9 46 29 17 8 24 55 90 65 
0 86 83 42 37 25 5 14 34 89 40 49 56 91 98 26 66 50 48 68 11 97 96 93 72 71 76 4 81 70 35 22 107 45 94 82 51 59 77 19 31 79 23 27 54 7 85 20 75 84 15 99 6 88 61 18 21 87 63 100 32 44 52 28 80 73 38 33 78 69 108 105 43 12 106 47 102 60 3 95 30 16 58 10 74 39 101 64 13 104 1 67 41 57 109 62 53 36 2 103 92 9 46 29 17 8 24 55 90 65 
0 86 83 42 37 25 5 14 34 89 40 49 56 91 98 26 66 50 48 68 11 97 96 93 72 71 76 4 81 70 35 22 107 45 94 82 51 59 77 19 31 79 23 27 54 7 85 20 75 84 15 99 6 88 61 18 21 87 63 100 32 44 52 28 80 73 38 33 78 69 108 105 43 12 106 47 102 60 3 95 30 16 58 10 74 39 101 64 13 104 1 67 41 57 109 62 53 36 2 103 92 9 46 29 17 8 24 55 90 65 
0 86 83 42 37 25 5 14 34 89 40 49 56 91 98 26 66 50 48 68 11 97 96 93 72 71 76 4 81 70 35 22 107 45 94 82 51 59 77 19 31 79 23 27 54 7 85 20 75 84 15 99 6 88 61 18 21 87 63 100 32 44 52 28 80 73 38 33 78 69 108 105 43 12 106 47 102 60 3 95 30 16 58 10 74 39 101 64 13 104 1 67 41 57 109 62 53 36 2 103 92 9 46 29 17 8 24 55 90 65 
0 86 83 42 37 25 5 14 34 89 40 49 56 91 98 26 66 50 48 68 11 97 96 93 72 71 76 4 81 70 35 22 107 45 94 82 51 59 77 19 31 79 23 27 54 7 85 20 75 84 15 99 6 88 61 18 21 87 63 100 32 44 52 28 80 73 38 33 78 69 108 105 43 12 106 47 102 60 3 95 30 16 58 10 74 39 101 64 13 104 1 67 41 57 109 62 53 36 2 103 92 9 46 29 17 8 24 55 90 65 
0 86 83 42 37 25 5 14 34 89 40 49 56 91 98 26 66 50 48 68 11 97 96 93 72 71 76 4 81 70 35 22 107 45 94 82 51 59 77 19 31 79 23 27 54 7 85 20 75 84 15 99 6 88 61 18 21 87 63 100 32 44 52 28 80 73 38 33 78 69 108 105 43 12 106 47 102 60 3 95 30 16 58 10 74 39 101 64 13 104 1 67 41 57 109 62 53 36 2 103 92 9 46 29 17 8 24 55 90 65 
0 86 83 42 37 25 5 14 34 89 40 49 56 91 98 26 66 50 48 68 11 97 96 93 72 71 76 4 81 70 35 22 107 45 94 82 51 59 77 19 31 79 23 27 54 7 85 20 75 84 15 99 6 88 61 18 21 87 63 100 32 44 52 28 80 73 38 33 78 69 108 105 43 12 106 47 102 60 3 95 30 16 58 10 74 39 101 64 13 104 1 67 41 57 109 62 53 36 2 103 92 9 46 29 17 8 24 55 90 65 
0 86 83 42 37 25 5 14 34 89 40 49 56 91 98 26 66 50 48 68 11 97 96 93 72 71 76 4 81 70 35 22 107 45 94 82 51 59 77 19 31 79 23 27 54 7 85 20 75 84 15 99 6 88 61 18 21 87 63 100 32 44 52 28 80 73 38 33 78 69 108 105 43 12 106 47 102 60 3 95 30 16 58 10 74 39 101 64 13 104 1 67 41 57 109 62 53 36 2 103 92 9 46 29 17 8 24 55 90 65 
0 86 83 42 37 25 5 14 34 89 40 49 56 91 98 26 66 50 48 68 11 97 96 93 72 71 76 4 81 70 35 22 107 45 94 82 51 59 77 19 31 79 23 27 54 7 85 20 75 84 15 99 6 88 61 18 21 87 63 100 32 44 52 28 80 73 38 33 78 69 108 105 43 12 106 47 102 60 3 95 30 16 58 10 74 39 101 64 13 104 1 67 41 57 109 62 53 36 2 103 92 9 46 29 17 8 24 55 90 65 
0 86 83 42 37 25 5 14 34 89 40 49 56 91 98 26 66 50 48 68 11 97 96 93 72 71 76 4 81 70 35 22 107 45 94 82 51 59 77 19 31 79 23 27 54 7 85 20 75 84 15 99 6 88 61 18 21 87 63 100 32 44 52 28 80 73 38 33 78 69 108 105 43 12 106 47 102 60 3 95 30 16 58 10 74 39 101 64 13 104 1 67 41 57 109 62 53 36 2 103 92 9 46 29 17 8 24 55 90 65 
0 86 83 42 37 25 5 14 34 89 40 49 56 91 98 26 66 50 48 68 11 97 96 93 72 71 76 4 81 70 35 22 107 45 94 82 51 59 77 19 31 79 23 27 54 7 85 20 75 84 15 99 6 88 61 18 21 87 63 100 32 44 52 28 80 73 38 33 78 69 108 105 43 12 106 47 102 60 3 95 30 16 58 10 74 39 101 64 13 104 1 67 41 57 109 62 53 36 2 103 92 9 46 29 17 8 24 55 90 65 
0 86 83 42 37 25 5 14 34 89 40 49 56 91 98 26 66 50 48 68 11 97 96 93 72 71 76 4 81 70 35 22 107 45 94 82 51 59 77 19 31 79 23 27 54 7 85 20 75 84 15 99 6 88 61 18 21 87 63 100 32 44 52 28 80 73 38 33 78 69 108 105 43 12 106 47 102 60 3 95 30 16 58 10 74 39 101 64 13 104 1 67 41 57 109 62 53 36 2 103 92 9 46 29 17 8 24 55 90 65 
0 86 83 42 37 25 5 14 34 89 40 49 56 91 98 26 66 50 48 68 11 97 96 93 72 71 76 4 81 70 35 22 107 45 94 82 51 59 77 19 31 79 23 27 54 7 85 20 75 84 15 99 6 88 61 18 21 87 63 100 32 44 52 28 80 73 38 33 78 69 108 105 43 12 106 47 102 60 3 95 30 16 58 10 74 39 101 64 13 104 1 67 41 57 109 62 53 36 2 103 92 9 46 29 17 8 24 55 90 65 
0 86 83 42 37 25 5 14 34 89 40 49 56 91 98 26 66 50 48 68 11 97 96 93 72 71 76 4 81 70 35 22 107 45 94 82 51 59 77 19 31 79 23 27 54 7 85 20 75 84 15 99 6 88 61 18 21 87 63 100 57 41 67 1 104 13 64 101 39 74 10 58 16 30 95 3 60 102 47 106 12 43 105 108 69 78 33 38 73 80 28 52 44 32 109 62 53 36 2 103 92 9 46 29 17 8 24 55 90 65 
0 86 83 42 37 25 5 14 34 89 40 49 56 91 98 26 66 50 48 68 11 97 96 93 72 71 76 4 81 78 33 38 73 80 28 52 44 32 100 63 87 21 18 61 88 6 99 15 84 75 20 85 7 54 27 23 79 31 19 77 59 51 82 94 45 107 22 35 70 69 108 105 43 12 106 47 102 60 3 95 30 16 58 10 74 39 101 64 13 104 1 67 41 57 109 62 53 36 2 103 9 46 29 17 92 8 24 55 90 65 
0 86 83 42 37 25 5 14 34 89 40 3 60 102 47 58 16 30 95 49 56 91 98 26 66 50 48 68 11 97 96 93 72 71 76 4 81 70 35 22 107 45 94 82 51 59 77 19 31 79 23 27 54 7 85 20 75 84 15 99 6 88 61 18 21 87 63 100 32 44 52 28 80 73 38 33 78 69 108 105 43 12 106 10 74 39 101 64 13 104 1 67 41 57 109 62 53 36 2 103 92 9 46 29 17 8 24 55 90 65 
0 86 83 42 37 25 5 14 34 89 40 49 56 91 98 26 66 50 48 68 11 97 96 93 72 71 76 4 81 70 35 22 107 45 94 82 51 59 77 19 31 79 23 27 54 7 85 20 75 84 15 99 6 88 61 18 21 87 63 100 32 44 52 28 80 12 38 33 78 69 108 105 43 73 106 47 102 60 3 95 30 16 58 10 74 39 101 64 13 104 1 67 41 57 109 62 53 36 2 103 92 9 46 29 17 8 24 55 90 65 
0 86 83 42 37 25 5 14 34 89 109 49 56 91 98 26 66 50 48 68 11 97 96 93 72 71 76 4 81 70 35 22 107 45 94 82 51 59 77 19 31 79 23 27 54 7 85 20 75 84 15 99 6 88 61 18 21 87 63 100 32 44 52 28 80 73 38 33 78 69 108 105 43 12 106 47 102 60 3 95 30 16 58 10 74 39 101 64 13 104 1 67 41 57 40 62 53 36 2 103 92 9 46 29 17 8 24 55 90 65 
0 86 83 42 37 25 5 14 34 89 40 49 56 91 98 26 66 50 48 68 11 97 96 93 72 71 76 4 81 70 35 22 107 45 94 82 51 59 77 19 31 79 23 27 54 7 85 20 75 84 15 99 6 88 61 18 21 87 63 100 32 44 52 80 73 38 33 78 69 108 105 43 12 28 106 47 102 60 3 95 30 16 58 10 74 39 101 64 13 104 1 67 41 57 62 109 53 36 2 103 92 9 46 29 17 8 24 55 90 65 
0 86 83 42 37 25 5 14 34 89 40 49 56 91 26 66 50 48 68 11 97 96 93 72 71 76 4 81 70 35 22 107 45 94 82 51 59 77 19 31 79 23 27 54 7 85 20 75 84 15 99 6 88 61 18 21 87 63 100 78 33 38 73 80 28 52 44 32 69 108 105 43 12 106 47 102 60 3 95 30 16 58 10 74 39 101 64 13 104 1 67 41 98 57 109 62 53 36 2 103 92 9 46 29 17 8 24 55 90 65 
0 86 83 42 37 25 5 14 34 89 40 49 56 91 98 26 66 50 48 68 11 97 96 93 72 71 76 4 81 70 35 22 107 45 94 82 51 59 77 19 31 79 23 27 54 7 85 20 75 84 15 99 6 88 61 18 21 87 63 100 32 44 52 28 105 73 38 33 78 69 108 80 43 12 106 47 102 60 3 95 30 16 58 10 74 39 101 64 13 104 1 67 41 57 109 62 53 36 2 103 92 9 46 29 17 8 24 55 90 65 
0 86 83 42 37 25 5 14 34 89 40 49 56 91 98 26 66 50 48 68 11 97 96 93 72 76 4 81 70 35 22 107 45 94 82 51 59 77 19 31 79 23 27 54 7 85 20 75 84 15 99 6 88 61 18 21 87 63 100 32 44 52 28 80 73 38 33 78 69 108 105 43 12 106 47 102 60 3 95 30 16 58 10 74 39 101 64 13 71 104 1 67 41 57 109 62 53 36 2 103 92 9 46 29 17 8 24 55 90 65 
0 86 83 42 37 25 5 14 34 89 40 49 56 91 98 26 66 50 48 68 11 97 96 93 72 76 4 81 70 35 22 107 45 94 82 51 59 77 19 31 79 23 27 54 7 85 20 75 84 15 99 6 88 61 18 21 87 63 100 32 44 52 28 80 73 38 33 78 69 108 105 43 12 106 47 102 60 3 95 30 16 58 10 74 39 101 64 13 71 104 1 67 41 57 109 62 53 36 2 103 92 9 46 29 17 8 24 55 90 65 
0 86 83 42 37 25 5 14 34 89 40 49 56 91 98 26 66 50 48 68 11 97 96 93 72 71 76 4 81 78 33 38 73 80 28 52 44 70 35 22 107 45 94 82 51 59 77 19 31 79 23 27 54 7 85 20 75 84 15 99 6 88 61 18 21 87 63 100 32 69 108 105 43 12 106 47 102 60 3 95 30 16 58 10 74 39 101 64 13 104 1 67 41 57 109 62 53 36 2 103 92 9 46 29 17 8 24 55 90 65 
0 86 83 42 37 25 5 14 34 89 40 49 56 91 98 26 66 50 48 68 11 97 96 93 72 71 76 4 81 78 33 38 73 80 28 52 44 70 35 22 107 45 94 82 51 59 77 19 31 79 23 27 54 7 85 20 75 84 15 99 6 88 61 18 21 87 63 100 32 69 108 105 43 12 106 47 102 60 3 95 30 16 58 10 74 39 101 64 13 104 1 67 41 57 109 62 53 36 2 103 92 9 46 29 17 8 24 55 90 65 
0 86 83 42 37 25 5 14 34 89 40 49 56 91 98 26 66 50 48 68 11 97 96 93 72 71 76 4 81 70 35 22 107 45 94 82 51 59 77 19 31 79 23 27 54 7 85 20 75 84 15 6 88 61 18 21 87 63 100 32 44 52 80 73 38 33 78 69 108 105 43 28 12 106 47 102 60 3 95 30 16 99 58 10 74 39 101 64 13 104 1 67 41 57 109 62 53 36 2 103 92 9 46 29 17 8 24 55 90 65 
0 86 21 18 61 88 6 99 15 84 75 20 85 7 54 27 23 79 31 19 77 59 51 82 94 45 107 22 35 70 69 108 73 80 28 52 44 32 100 63 87 83 42 37 25 5 14 34 89 40 49 56 91 98 26 66 50 48 68 11 97 96 93 72 71 76 4 81 78 33 38 105 43 53 12 106 47 102 60 3 95 30 16 58 67 1 104 13 64 101 39 74 10 41 57 109 62 36 2 103 92 9 46 29 17 8 90 24 55 65 
0 86 21 18 61 88 6 99 15 84 75 20 85 7 54 27 23 79 31 19 77 59 51 82 94 45 107 22 35 70 69 108 73 91 28 52 44 32 100 63 87 83 42 37 25 5 14 34 89 40 49 56 80 98 26 66 50 48 68 11 97 96 93 72 71 76 4 81 78 33 38 105 43 12 106 47 102 60 3 95 30 16 58 10 74 39 101 64 13 104 1 67 41 57 109 62 53 36 2 103 92 9 46 29 17 8 24 55 90 65 
0 86 83 42 37 25 5 14 34 89 40 49 56 91 98 26 66 50 48 68 97 96 93 72 71 76 4 81 78 33 38 73 80 28 52 44 32 100 63 87 21 18 61 88 6 99 15 84 75 20 85 7 54 27 23 79 31 19 77 11 59 51 82 94 45 107 22 35 70 69 108 105 43 12 106 47 102 60 3 95 30 16 58 10 74 39 101 64 13 104 1 67 41 57 109 62 53 36 2 103 92 9 46 29 17 8 24 55 90 65 
0 86 83 42 37 25 5 14 34 89 40 3 60 102 47 58 16 30 95 49 56 91 98 26 66 50 48 68 11 97 96 93 72 71 76 4 81 78 33 38 73 80 28 52 44 32 100 63 87 21 18 61 88 6 99 15 84 75 20 85 7 54 27 23 79 31 19 77 59 51 82 94 45 107 22 35 70 69 108 105 53 43 12 106 10 74 39 101 64 13 104 1 67 41 57 109 62 36 2 103 92 9 46 29 17 8 24 55 90 65 
0 86 21 18 61 88 6 99 15 84 75 20 85 7 54 27 23 79 31 19 77 59 51 82 94 45 107 22 35 70 69 4 78 33 81 38 105 43 12 106 47 102 60 3 95 30 16 34 89 40 49 56 91 98 26 66 50 48 68 11 97 96 93 72 71 76 108 73 80 28 52 44 32 100 63 87 83 42 37 25 5 14 58 10 74 39 101 64 13 104 1 67 41 57 109 62 53 36 2 103 92 9 46 29 17 8 24 55 90 65 
0 86 83 42 37 25 5 14 34 89 40 49 56 91 101 39 74 10 58 16 30 95 3 60 102 47 106 12 43 105 108 69 78 33 38 73 80 28 52 44 32 100 63 87 21 18 61 88 6 99 15 84 75 20 85 7 54 27 23 79 31 19 77 59 51 82 94 45 107 22 35 70 81 4 76 71 72 93 96 97 11 68 48 50 66 26 98 64 13 104 1 67 41 57 109 62 53 36 2 103 92 9 46 29 17 8 24 55 90 65 
0 86 83 42 37 25 5 14 34 89 40 3 60 102 47 58 49 56 91 98 26 28 50 48 68 11 97 96 93 72 71 76 4 81 78 33 38 73 80 66 52 44 32 70 35 22 107 45 94 82 51 59 77 19 31 79 23 27 54 7 85 20 75 15 99 6 88 61 18 21 87 63 100 84 69 108 105 43 12 106 95 30 16 10 74 39 101 64 13 104 1 67 41 57 109 62 53 36 2 103 92 9 46 29 17 8 24 55 90 65 
0 86 83 42 37 25 5 14 34 89 40 49 56 91 98 26 66 50 48 68 11 97 96 93 72 71 76 4 81 78 33 38 73 80 28 52 44 32 100 63 87 21 18 61 88 6 99 15 84 75 20 85 7 54 27 23 79 31 19 77 59 51 82 94 45 107 22 35 70 69 108 105 43 12 106 47 102 60 3 95 30 16 58 10 74 39 101 64 13 104 1 67 41 57 109 62 53 36 2 103 92 9 46 29 17 8 24 55 90 65 
0 86 83 42 37 25 5 14 34 89 40 49 56 91 98 26 66 50 48 68 11 97 96 93 72 71 76 4 81 78 33 38 73 80 28 52 44 32 100 63 87 21 18 61 88 6 99 15 84 75 20 85 7 54 27 23 79 31 19 77 59 51 82 94 45 107 22 35 70 69 108 105 43 12 106 47 102 60 3 95 30 16 58 10 74 39 101 64 13 104 1 67 41 57 109 62 53 36 2 103 92 9 46 29 17 8 24 55 90 65 
0 86 83 42 37 25 5 14 34 89 40 49 56 91 98 26 66 50 48 68 11 97 96 93 72 71 76 4 81 78 33 38 73 80 28 52 44 32 100 63 87 21 18 61 88 6 99 15 84 75 20 85 7 54 27 23 79 31 19 77 59 51 82 94 45 107 22 35 70 69 108 105 43 12 106 47 102 60 3 95 30 16 58 10 74 39 101 64 13 104 1 67 41 57 109 62 53 36 2 103 92 9 46 29 17 8 24 55 90 65 
0 86 83 42 37 25 5 14 34 89 40 49 56 91 98 26 66 50 48 68 11 97 96 93 72 71 76 4 81 78 33 38 73 80 28 52 44 32 100 63 87 21 18 61 88 6 99 15 84 75 20 85 7 54 27 23 79 31 19 77 59 51 82 94 45 107 22 35 70 69 108 105 43 12 106 47 102 60 3 95 30 16 58 10 74 39 101 64 13 104 1 67 41 57 109 62 53 36 2 103 92 9 46 29 17 8 24 55 90 65 
0 86 83 42 37 25 5 14 34 89 40 49 56 91 98 26 66 50 48 68 11 97 96 93 72 71 76 4 81 78 33 38 73 80 28 52 44 32 100 63 87 21 18 61 88 6 99 15 84 75 20 85 7 54 27 23 79 31 19 77 59 51 82 94 45 107 22 35 70 69 108 105 43 12 106 47 102 60 3 95 30 16 58 10 74 39 101 64 13 104 1 67 41 57 109 62 53 36 2 103 92 9 46 29 17 8 24 55 90 65 
0 86 83 42 37 25 5 14 34 89 40 49 56 91 98 26 66 50 48 68 11 97 96 93 72 71 76 4 81 78 33 38 73 80 28 52 44 32 100 63 87 21 18 61 88 6 99 15 84 75 20 85 7 54 27 23 79 31 19 77 59 51 82 94 45 107 22 35 70 69 108 105 43 12 106 47 102 60 3 95 30 16 58 10 74 39 101 64 13 104 1 67 41 57 109 62 53 36 2 103 92 9 46 29 17 8 24 55 90 65 
0 86 83 42 37 25 5 14 34 89 40 49 56 91 98 26 66 50 48 68 11 97 96 93 72 71 76 4 81 70 35 22 107 45 94 82 51 59 77 19 31 79 23 27 54 7 85 20 75 84 15 99 6 88 61 18 21 87 63 100 32 44 52 28 80 73 78 33 38 69 108 105 43 12 106 47 102 60 3 95 30 16 58 10 74 39 101 64 13 104 1 67 41 57 109 62 53 36 2 103 92 9 46 29 17 8 24 55 90 65 
0 86 83 42 37 25 5 14 34 89 40 49 56 91 98 26 66 50 48 68 11 97 96 93 72 71 76 4 81 70 35 22 107 45 78 33 38 73 80 28 52 44 94 82 51 59 77 19 31 79 23 27 54 7 85 20 75 84 15 99 6 88 61 18 21 87 63 100 32 69 108 105 43 12 106 47 102 60 3 95 30 16 58 10 74 39 101 64 13 104 1 67 41 57 109 62 53 36 2 103 92 9 46 29 17 8 24 55 90 65 
0 86 21 18 61 88 6 99 15 84 75 83 42 37 25 5 14 34 89 40 49 56 91 98 26 66 50 48 68 11 97 96 93 72 71 76 4 78 33 38 73 80 28 52 44 81 32 100 63 87 20 85 7 54 27 23 79 31 19 77 59 51 82 94 45 107 22 35 70 69 108 105 43 12 106 47 102 60 3 95 30 16 58 10 74 39 101 64 13 104 1 67 41 57 109 62 53 36 2 103 92 9 46 29 17 8 24 55 90 65 
0 86 21 18 61 88 6 99 15 84 75 20 85 7 54 27 23 79 31 19 77 59 51 82 94 45 107 22 35 70 69 108 73 80 28 52 44 32 100 63 87 83 42 37 25 5 14 34 89 40 67 41 57 49 56 91 98 26 66 38 33 78 81 4 76 71 72 93 96 97 11 68 48 50 105 43 12 106 47 102 60 3 95 30 16 58 10 74 39 101 64 13 104 1 109 62 53 36 2 103 92 9 46 29 17 8 24 55 90 65 
0 86 83 42 37 25 5 14 34 89 40 49 56 91 98 26 66 50 48 68 11 97 96 93 72 71 76 4 81 70 35 22 107 45 94 82 51 59 77 19 31 79 23 27 54 7 85 20 75 84 15 99 6 88 61 18 21 87 63 100 32 44 52 28 80 73 38 33 78 69 108 105 43 12 106 47 102 60 3 95 30 16 58 10 74 39 101 64 13 104 1 67 41 57 109 62 53 36 2 103 92 9 46 29 17 8 90 24 55 65 
0 86 83 42 37 25 5 14 34 89 40 49 56 91 98 26 66 50 48 68 11 97 96 93 72 71 76 4 81 70 35 22 107 45 94 82 51 59 77 19 31 79 23 27 54 7 85 20 75 84 15 99 6 88 61 18 21 87 63 100 32 44 52 28 80 73 38 33 78 69 108 105 43 12 106 47 102 60 3 95 30 16 58 10 74 39 101 64 13 104 1 67 41 57 109 62 53 36 2 103 92 9 46 29 17 8 90 24 55 65 
0 86 21 18 61 88 6 99 15 84 75 20 85 7 54 27 23 79 31 19 77 59 51 82 94 45 107 22 35 70 69 108 73 80 28 52 44 32 100 63 87 83 42 37 25 5 14 34 89 40 49 56 91 98 26 66 50 48 68 11 97 96 93 72 71 76 4 81 38 33 78 105 43 12 106 47 102 60 3 95 30 16 58 10 74 39 101 64 13 104 1 67 41 57 109 62 53 36 2 103 92 9 46 29 17 8 24 55 90 65 
0 86 21 18 61 88 6 99 15 84 75 20 85 7 54 27 23 79 31 19 77 59 51 82 94 45 107 22 35 70 69 108 73 80 28 52 44 32 100 63 87 83 42 37 25 5 14 34 89 40 49 56 91 98 26 66 50 48 68 11 97 96 93 72 71 76 4 81 38 33 78 105 43 12 106 47 102 60 3 95 30 16 58 10 74 39 101 64 13 104 1 67 41 57 109 62 53 36 2 103 92 9 46 29 17 8 24 55 90 65 
0 86 21 18 61 88 6 99 15 84 75 20 85 7 54 27 23 79 31 19 77 59 51 82 94 45 107 22 35 70 69 108 73 80 28 52 44 32 100 63 87 83 42 37 25 5 14 34 89 40 49 56 91 98 26 66 50 48 68 11 97 96 93 72 71 76 4 81 38 33 78 105 43 12 106 47 102 60 3 95 30 16 58 10 74 39 101 64 13 104 1 67 41 57 109 62 53 36 2 103 92 9 46 29 17 8 24 55 90 65 
0 86 83 42 37 25 5 14 34 89 40 95 3 60 102 47 106 12 43 105 108 69 78 33 38 73 80 28 52 44 32 100 63 87 21 18 61 88 6 99 15 84 75 20 85 7 54 27 23 79 31 77 59 51 82 94 45 107 22 35 70 81 4 76 71 72 93 96 97 11 68 48 50 66 26 98 91 56 49 30 16 58 10 74 39 101 64 13 104 1 67 41 57 109 62 53 36 2 103 92 9 46 29 17 8 24 55 90 65 19 
0 86 83 42 37 25 5 14 34 89 40 3 60 102 47 58 49 56 91 98 26 66 50 48 68 11 97 96 93 72 71 76 4 81 78 33 38 73 80 28 52 44 32 100 63 87 21 18 61 88 6 99 15 84 75 20 85 7 54 27 23 79 31 19 77 59 51 82 94 45 107 22 35 70 69 108 105 43 12 106 16 30 95 10 74 39 101 64 13 104 1 67 41 57 109 62 53 36 2 103 92 9 46 29 17 8 24 55 90 65 
0 86 83 42 37 25 5 14 34 89 40 49 56 91 98 26 66 50 48 68 11 97 96 93 72 71 76 4 81 78 33 38 73 80 28 100 44 32 52 63 87 21 18 61 88 6 99 15 84 75 20 85 7 54 27 23 79 31 19 77 59 51 82 94 45 107 22 35 70 69 108 105 43 12 106 47 102 60 3 95 30 16 58 10 74 39 101 64 13 104 1 67 41 57 109 62 53 36 2 103 92 9 46 29 17 8 24 55 90 65 
0 86 83 42 37 25 5 14 34 89 40 49 56 91 98 26 66 50 41 68 11 97 96 93 72 71 76 4 81 70 35 22 107 45 94 82 51 59 77 19 31 79 23 27 54 7 85 20 75 84 15 99 6 88 61 18 21 87 63 100 32 44 52 28 80 73 38 33 78 69 108 105 43 12 106 47 102 60 3 95 30 16 58 10 74 39 101 64 13 104 1 67 48 57 109 62 53 36 2 103 92 9 46 29 17 8 24 55 90 65 
0 86 21 18 61 88 6 99 15 83 42 37 25 5 14 34 89 40 3 60 102 47 106 12 43 105 49 56 58 16 30 95 91 98 26 66 50 48 68 11 97 96 93 72 71 76 4 81 78 33 38 73 80 28 52 44 32 100 63 87 84 75 20 85 7 54 27 23 79 31 19 77 59 51 82 94 45 107 22 35 70 69 108 10 74 39 101 64 13 104 1 67 41 57 109 62 53 36 2 103 92 9 46 29 17 8 24 55 90 65 
0 86 83 42 44 32 100 63 87 21 18 61 37 25 5 14 34 89 40 49 56 91 98 26 66 50 48 68 11 97 96 93 72 71 76 4 81 78 33 38 73 80 28 52 88 6 99 15 84 75 20 85 7 54 27 23 79 31 19 77 59 51 82 94 45 107 22 35 70 69 108 105 43 12 106 47 102 60 3 95 30 16 58 10 74 39 101 64 13 104 1 67 41 57 109 62 53 36 2 103 92 9 46 29 17 8 90 24 55 65 
0 86 21 18 61 88 6 99 15 84 75 20 85 7 54 27 23 79 83 42 37 25 5 14 34 89 40 49 56 91 98 26 66 50 48 68 11 97 96 93 72 71 76 4 81 70 35 22 107 45 94 82 51 59 77 19 31 87 63 100 32 44 52 28 80 73 38 33 78 69 108 105 43 12 106 47 102 60 3 95 30 16 58 10 74 39 101 64 13 104 1 67 41 57 109 62 53 36 2 103 92 9 46 29 17 8 24 55 90 65 
0 86 83 42 37 25 5 14 34 89 40 49 56 91 98 26 66 50 48 68 11 97 96 93 72 71 76 4 81 70 35 22 107 45 94 82 51 59 77 19 31 79 23 27 54 7 85 20 75 84 15 99 6 88 61 18 21 87 63 100 32 44 52 28 80 73 38 33 78 69 108 105 43 3 60 102 47 58 16 30 95 10 12 106 74 39 101 64 13 104 1 67 41 57 109 62 53 36 2 103 92 9 46 29 17 8 24 55 90 65 
0 86 83 42 37 25 5 14 34 89 40 49 56 91 26 66 50 48 68 11 97 96 93 72 71 76 4 81 70 35 22 107 45 94 82 51 59 77 19 31 79 23 27 54 7 85 20 75 84 15 99 6 88 61 18 21 87 63 100 32 44 52 28 80 73 38 33 78 69 108 105 43 12 106 47 102 60 3 95 30 16 58 10 74 98 39 101 64 13 104 1 67 41 57 109 62 53 36 2 103 92 9 46 29 17 8 90 24 55 65 
0 86 83 42 37 25 5 14 34 89 40 49 56 91 98 26 66 50 48 68 11 97 96 93 102 47 106 12 43 105 108 69 32 44 52 28 80 73 38 33 78 100 63 87 21 18 61 88 6 99 15 84 75 20 85 7 54 27 23 79 31 19 77 59 51 82 94 45 107 22 35 70 81 4 76 71 72 60 3 95 30 16 58 10 74 39 101 64 13 104 1 67 41 57 109 62 53 36 2 103 92 9 46 29 17 8 24 55 90 65 
0 86 83 42 37 25 5 14 34 89 84 49 56 91 98 26 66 50 48 68 11 97 96 93 72 71 76 4 81 78 33 38 73 80 28 52 44 32 100 63 87 21 18 61 88 6 99 15 40 75 20 85 7 54 27 23 79 31 19 77 59 51 82 94 45 107 22 35 70 69 108 105 43 12 106 47 102 60 3 95 30 16 58 10 74 39 101 64 13 104 1 67 41 57 109 62 53 36 2 103 92 9 46 29 17 8 24 55 90 65 
0 86 83 42 37 25 5 14 34 89 40 49 56 91 98 26 66 50 21 18 61 88 6 99 15 84 75 20 85 7 54 27 23 79 31 19 77 59 51 82 94 45 107 22 35 70 69 108 73 80 28 52 44 32 100 63 87 48 68 11 97 96 93 72 71 76 4 81 78 33 38 105 43 12 106 47 102 60 3 95 30 16 58 10 74 39 101 64 13 104 1 67 41 57 109 62 53 36 2 103 92 9 46 29 17 8 24 55 90 65 
0 86 83 42 37 25 5 14 34 89 40 49 56 91 98 26 50 48 68 11 97 96 93 72 71 76 4 81 78 33 38 73 80 28 52 44 32 100 63 87 21 18 61 88 6 99 66 15 84 75 20 85 7 54 27 23 79 31 19 77 59 51 82 94 45 107 22 35 70 69 108 105 43 12 106 47 102 60 3 95 30 16 58 10 74 39 101 64 13 104 1 67 41 57 109 62 53 36 2 103 92 9 46 29 17 8 24 55 90 65 
0 29 46 9 92 103 2 36 53 62 109 57 41 67 1 104 13 64 101 39 74 10 106 95 30 16 58 47 102 60 3 12 43 105 38 33 78 81 4 76 71 72 93 96 97 11 68 48 50 66 26 98 91 56 49 40 89 34 14 5 25 37 42 83 87 63 100 32 44 52 28 80 73 108 69 70 35 22 107 45 94 82 51 59 77 19 31 79 23 27 54 7 85 20 75 84 15 99 6 88 61 18 21 86 17 8 24 55 90 65 
0 86 83 42 37 25 5 14 34 89 40 49 56 91 98 26 66 50 48 68 11 97 96 93 72 71 76 4 81 78 33 38 73 80 28 52 44 32 100 63 87 21 18 61 88 6 99 15 84 75 20 85 7 54 27 23 79 31 19 77 59 51 82 94 45 107 22 35 70 69 108 105 43 12 106 47 102 60 3 95 30 16 58 10 74 39 101 64 13 104 1 67 41 57 109 62 53 36 2 103 92 9 46 29 17 8 90 24 55 65 
0 86 83 42 37 25 5 14 34 89 40 49 56 91 98 26 66 50 48 68 11 97 96 93 72 71 76 4 81 78 33 38 73 80 28 52 44 32 100 63 87 21 18 61 88 6 99 15 84 75 20 85 7 54 27 23 79 31 19 77 59 51 82 94 45 107 22 35 70 69 108 105 43 12 106 47 102 60 3 95 30 16 58 10 74 39 101 64 13 104 1 67 41 57 109 62 53 36 2 103 92 9 46 29 17 8 90 24 55 65 
0 86 83 42 37 25 5 14 34 89 40 49 56 91 98 26 66 50 48 68 11 97 96 93 72 71 76 4 81 78 33 38 73 80 28 52 44 32 100 63 87 21 18 61 88 6 99 15 84 75 20 85 7 54 27 23 79 31 19 77 59 51 82 94 45 107 22 35 70 69 108 105 43 12 106 47 102 60 3 95 30 16 58 10 74 39 101 64 13 104 1 67 41 57 109 62 53 36 2 103 92 9 46 29 17 8 90 24 55 65 
0 86 83 42 37 25 5 14 34 89 40 49 56 91 98 26 66 50 48 68 11 97 96 93 72 71 76 4 81 78 33 38 73 80 28 52 44 32 100 63 87 21 18 61 88 6 99 15 84 75 20 85 7 54 27 23 79 31 19 77 59 51 82 94 45 107 22 35 70 69 108 105 43 12 106 47 102 60 3 95 30 16 58 10 74 39 101 64 13 104 1 67 41 57 109 62 53 36 2 103 92 9 46 29 17 8 90 24 55 65 
0 86 83 42 37 25 5 14 34 89 40 49 56 91 98 26 66 50 48 68 11 97 96 93 72 71 76 4 81 70 35 22 107 45 94 82 51 59 77 19 31 79 23 27 54 7 85 20 75 84 15 99 6 88 61 18 21 87 63 100 32 44 95 3 60 102 47 106 12 43 105 108 69 78 33 38 73 80 28 52 30 16 58 10 74 39 101 64 13 104 1 67 41 57 109 62 53 36 2 103 92 9 46 29 17 8 24 55 90 65 
0 86 83 42 37 25 5 14 34 89 40 49 56 91 98 26 66 50 48 68 11 97 96 93 72 71 76 4 81 70 35 22 107 45 94 82 51 59 77 19 31 79 23 27 54 7 85 20 75 84 15 99 6 88 61 18 21 87 63 100 32 44 52 28 80 73 78 33 38 69 108 105 43 12 106 47 102 60 3 95 30 16 58 10 74 39 101 64 13 104 1 67 41 57 109 62 53 36 2 103 92 9 46 29 17 8 90 24 55 65 
0 86 21 18 61 88 6 99 15 84 75 20 85 7 54 27 23 79 31 19 77 59 51 82 94 45 107 22 35 70 69 108 73 80 28 52 44 32 100 63 87 83 42 37 25 5 49 34 89 40 14 56 91 98 26 66 50 48 68 11 97 96 93 72 71 76 4 81 78 33 38 105 43 12 106 47 102 60 3 95 30 16 58 10 74 39 101 64 13 104 1 67 41 57 109 62 53 36 2 103 92 9 46 29 17 8 90 24 55 65 
0 86 21 18 61 83 42 37 25 5 14 34 89 40 49 56 91 98 99 6 88 87 63 100 32 44 52 28 80 73 38 33 78 54 27 23 79 31 19 77 59 51 82 94 45 107 22 35 70 81 4 76 71 72 93 96 97 11 68 48 50 66 26 15 84 75 20 85 7 69 108 105 43 12 106 47 102 60 3 95 30 16 58 10 74 39 101 64 13 104 1 67 41 57 109 62 53 36 2 103 92 9 46 29 17 8 24 90 55 65 
0 86 83 42 37 25 5 14 34 89 40 49 56 91 98 26 66 50 48 68 11 97 96 93 72 71 76 4 81 78 33 38 30 47 3 60 102 95 106 12 43 105 108 69 70 35 22 107 45 94 82 51 59 77 19 31 79 23 27 54 7 85 20 75 84 15 99 6 88 61 18 21 87 63 100 32 44 52 28 80 73 16 58 10 74 39 101 64 13 104 1 67 41 57 109 62 53 36 2 103 92 9 46 29 17 8 24 55 90 65 
0 86 83 42 37 25 5 14 34 89 40 49 56 91 98 26 66 50 48 68 11 97 96 93 72 71 76 4 81 70 35 22 107 45 94 82 51 59 77 19 31 79 23 27 54 7 85 20 75 84 15 99 6 88 61 18 21 87 63 100 32 44 52 80 73 38 33 78 69 108 105 43 12 106 47 102 60 3 95 30 16 58 10 74 39 28 101 64 13 104 1 67 41 57 109 62 53 36 2 103 92 9 46 29 17 8 24 55 90 65 
0 86 20 42 37 25 5 14 34 89 40 3 60 102 47 58 49 56 91 98 26 66 50 83 48 68 11 97 96 93 72 71 76 4 81 78 33 38 73 80 28 52 44 32 100 63 87 21 18 61 88 6 99 15 84 75 85 7 54 27 23 79 31 19 77 59 51 82 94 45 107 22 35 70 69 108 105 43 12 106 95 30 16 10 74 39 101 64 13 104 1 67 41 57 109 62 53 36 2 103 92 9 46 29 17 8 24 55 90 65 
0 86 83 42 37 25 5 14 34 89 40 49 56 91 98 26 66 50 48 68 11 97 96 93 72 71 76 4 81 70 35 22 107 45 94 82 51 59 77 19 31 79 23 27 54 7 85 20 75 84 15 99 6 61 18 21 87 63 100 32 44 52 80 73 38 33 78 69 108 105 43 12 28 106 88 47 102 60 3 95 30 16 58 10 74 39 101 64 13 104 1 67 41 57 109 62 53 36 2 103 92 9 46 29 17 8 90 24 55 65 
0 86 83 42 37 25 5 14 34 89 40 49 56 91 98 26 66 50 48 68 11 97 96 93 72 71 76 4 81 78 33 38 73 80 28 52 44 32 100 63 87 21 18 61 88 6 99 15 84 75 20 85 7 54 27 23 79 31 19 77 59 51 82 94 45 107 22 35 70 108 69 105 43 12 106 47 102 60 3 95 30 16 58 10 74 39 101 64 13 104 1 67 41 57 109 62 53 36 2 103 92 9 46 29 17 8 24 55 90 65 
0 86 83 42 37 25 5 14 34 89 40 49 56 91 98 26 66 50 48 68 11 97 96 93 72 71 76 4 81 70 35 22 107 45 94 82 51 59 77 19 31 79 23 27 54 7 85 20 75 84 15 99 6 88 61 18 21 87 63 100 32 44 52 28 80 73 38 33 78 69 108 105 43 12 106 47 102 3 95 30 16 58 10 74 39 101 64 13 104 1 67 41 109 62 53 36 2 60 57 103 92 9 46 29 17 8 24 55 90 65 
0 86 83 42 37 25 5 14 34 21 18 61 88 6 99 15 84 75 20 7 54 27 23 79 31 19 77 85 59 51 82 94 45 107 22 35 70 69 108 73 80 28 52 44 32 100 63 87 89 40 49 56 91 98 26 66 50 48 68 11 97 96 93 72 71 76 4 81 78 33 38 105 43 12 106 47 102 60 3 95 30 16 58 10 74 39 101 64 13 104 1 67 41 57 109 62 53 36 2 103 92 9 46 29 17 8 24 55 90 65 
0 86 83 42 37 25 5 14 34 89 40 49 102 60 3 95 30 21 18 61 88 6 99 15 84 75 20 85 7 54 27 23 79 31 19 77 59 51 82 94 45 107 22 35 70 69 108 73 80 28 52 44 32 100 63 87 56 91 98 26 66 50 48 68 11 97 96 93 72 71 76 4 81 78 33 38 105 43 12 106 47 16 58 10 74 39 101 64 13 104 1 67 41 57 109 62 53 36 2 103 92 9 46 29 17 8 24 55 90 65 
0 86 83 42 37 25 5 14 34 89 40 49 56 91 98 26 66 50 48 68 11 97 96 93 72 71 21 18 61 88 6 99 15 84 75 20 85 7 54 27 23 79 31 19 77 59 51 82 94 45 107 22 35 70 69 108 73 80 28 52 44 32 100 63 87 76 4 81 78 33 38 105 43 12 106 47 102 60 3 95 30 16 58 10 74 39 101 64 13 104 1 67 41 57 109 62 53 36 2 103 92 9 46 29 17 8 24 55 90 65 
0 86 83 42 37 25 5 14 34 89 40 49 56 91 98 26 66 50 43 105 108 69 70 35 22 107 45 94 82 51 59 77 19 31 79 23 27 54 7 85 20 75 84 15 99 6 88 61 18 87 63 100 32 44 52 28 80 48 68 11 97 96 93 72 71 76 4 81 78 33 38 73 12 106 47 102 60 3 95 30 16 58 10 74 39 101 64 13 104 1 67 41 57 109 21 62 53 36 2 103 92 9 46 29 17 8 24 55 90 65 
0 86 83 42 37 25 5 14 34 89 40 49 56 91 98 26 66 50 48 68 11 97 96 93 72 71 76 4 81 78 33 38 73 80 70 35 22 107 45 94 82 51 59 77 19 31 79 23 27 54 7 85 20 75 84 15 99 6 88 61 18 21 87 63 100 32 44 52 28 69 108 105 43 12 106 47 102 60 3 95 30 16 58 10 74 39 101 64 13 104 1 67 41 57 109 62 53 36 2 103 92 9 46 29 17 8 24 55 90 65 
0 86 83 42 37 25 5 14 34 89 40 49 56 91 98 26 66 50 48 68 11 97 96 93 72 71 76 4 81 78 33 38 73 80 28 52 44 32 100 63 87 21 18 61 88 6 99 15 84 75 20 85 7 54 27 23 79 31 19 77 59 51 82 94 45 107 22 35 70 69 108 105 43 104 1 67 41 57 12 106 47 102 60 3 95 30 16 58 10 74 39 101 64 13 109 62 53 36 2 103 92 9 46 29 17 8 24 55 90 65 
0 86 83 42 37 25 5 14 34 89 40 49 56 91 98 26 66 48 68 11 97 96 93 72 71 76 4 81 70 35 22 107 45 94 82 51 59 77 19 31 79 23 27 54 7 85 20 75 84 15 99 6 88 61 18 21 87 63 100 32 44 52 95 3 60 102 47 106 12 43 105 108 69 78 33 38 73 80 28 30 16 58 10 74 39 101 64 13 104 1 67 50 41 57 109 62 53 36 2 103 92 9 46 29 17 8 24 55 90 65 
0 86 83 42 37 25 5 14 34 89 40 49 56 91 98 26 66 50 48 68 11 97 96 93 72 71 76 4 81 78 33 38 73 80 28 52 44 32 100 63 87 21 18 61 88 6 99 109 15 84 75 20 85 7 54 27 23 79 31 19 77 59 51 82 94 45 107 22 35 70 69 108 105 43 12 106 47 102 60 3 95 30 16 58 10 74 39 101 64 13 104 1 67 41 57 62 53 36 2 103 92 9 46 29 17 8 24 55 90 65 
0 86 83 42 37 25 5 14 34 89 40 49 56 91 98 26 66 50 48 68 11 97 96 93 72 71 76 4 81 78 33 38 73 80 28 52 44 32 100 63 87 21 18 61 88 6 99 15 84 75 20 85 7 54 27 23 79 31 19 77 59 51 82 94 45 107 22 35 70 69 108 95 43 12 106 47 102 60 3 105 30 16 58 10 74 39 101 64 13 104 1 67 41 57 109 62 53 36 2 103 92 9 46 29 17 8 90 24 55 65 
0 86 83 42 37 25 5 14 34 89 40 49 56 91 98 26 66 50 43 105 48 68 11 97 96 93 72 71 76 4 81 78 33 38 73 80 28 52 44 32 100 63 87 21 18 61 88 6 99 15 84 75 20 85 7 54 27 23 79 31 19 77 59 51 82 94 45 107 8 35 70 69 108 12 106 47 102 60 3 95 30 16 58 10 74 39 101 64 13 104 1 67 41 57 109 62 53 36 2 103 92 9 46 29 17 22 90 24 55 65 
0 86 83 42 37 25 74 10 58 16 30 95 3 60 102 47 106 12 43 105 108 69 70 35 22 107 45 94 82 51 59 77 19 31 79 23 27 54 7 85 20 75 84 15 99 6 88 61 18 21 87 63 100 32 44 52 28 80 73 38 33 78 81 4 76 71 72 93 96 97 11 68 48 50 66 26 98 91 56 49 40 89 34 14 5 39 101 64 13 104 1 67 41 57 109 62 53 36 2 103 92 9 46 29 17 8 24 55 90 65 
0 86 31 19 77 59 51 82 94 45 107 22 35 70 81 4 76 71 72 93 96 97 11 68 48 50 66 26 98 91 56 49 40 89 34 14 5 25 37 42 83 79 23 27 54 7 85 20 75 84 15 99 6 88 61 18 21 87 63 100 32 44 52 80 73 38 33 78 69 108 105 43 12 28 106 47 102 60 3 58 16 30 95 10 74 39 101 64 13 104 1 67 41 57 109 62 53 36 2 103 92 9 46 29 17 8 24 55 90 65 
0 86 83 42 37 25 5 14 34 89 40 49 56 91 98 26 66 50 48 68 11 97 96 93 72 71 76 4 81 78 33 38 73 80 28 52 44 32 100 63 87 21 18 61 88 6 99 15 84 75 20 51 7 54 27 23 79 31 19 77 59 85 82 94 45 107 22 35 70 69 108 105 43 12 106 47 102 60 3 95 30 16 58 10 74 39 101 64 13 104 1 67 41 57 109 62 53 36 2 103 92 9 46 29 17 8 24 55 90 65 
0 86 83 42 37 25 5 14 34 89 40 49 56 91 98 26 68 48 50 66 11 97 96 93 72 71 76 4 81 78 33 38 73 80 28 52 44 32 100 63 87 21 18 61 88 6 99 15 84 75 20 85 7 54 27 23 79 31 19 77 59 51 82 94 45 107 22 35 70 69 108 105 43 12 106 47 102 60 3 95 30 16 58 10 74 39 101 64 13 104 1 67 41 57 109 62 53 36 2 103 92 9 46 29 17 8 24 55 90 65 
0 86 83 42 37 25 5 14 34 89 40 3 60 102 47 106 12 43 105 49 56 58 16 30 95 91 98 26 66 50 48 68 11 72 93 96 97 71 76 4 81 78 33 38 73 80 28 52 44 32 100 63 87 21 18 61 88 6 99 15 103 75 20 85 7 54 27 23 79 31 19 77 59 51 82 94 45 107 22 35 70 69 108 10 74 39 101 64 13 104 1 67 41 57 109 62 53 36 2 84 92 9 46 29 17 8 24 55 90 65 
0 86 83 42 37 25 5 14 34 89 40 49 56 91 98 26 66 50 48 68 11 97 96 93 72 71 76 4 81 78 33 38 73 80 28 52 44 32 100 63 87 21 18 61 88 6 99 15 84 75 20 85 7 54 27 23 79 31 19 77 59 51 82 94 45 107 22 35 70 69 108 105 43 12 106 47 102 60 3 58 16 30 95 57 41 67 1 104 13 10 74 39 101 64 109 62 53 36 2 103 92 9 46 29 17 8 90 24 55 65 
0 86 83 42 37 25 5 14 34 89 109 49 56 91 98 26 66 50 48 68 11 97 96 93 72 71 76 4 81 78 33 38 73 80 28 52 44 32 100 63 87 21 18 61 88 6 99 40 15 84 75 20 85 7 54 27 23 79 31 19 77 59 51 82 94 45 107 22 35 70 69 108 105 43 12 106 47 102 60 3 95 30 16 58 10 74 39 101 64 13 104 1 67 41 57 62 53 36 2 103 92 9 46 29 17 8 24 55 90 65 
0 86 21 18 61 88 6 99 15 84 75 20 85 7 54 27 23 79 31 19 77 59 51 82 94 45 107 22 35 70 69 73 80 28 52 44 83 42 37 25 5 14 34 89 40 49 56 91 98 26 66 50 48 68 71 72 93 96 97 11 76 87 63 105 43 12 106 47 102 60 3 95 30 16 58 10 74 39 101 64 13 104 1 67 41 100 32 103 38 33 78 4 81 57 109 62 53 36 2 108 92 9 46 29 17 8 24 55 90 65 
0 86 83 42 37 25 5 14 34 89 40 49 56 91 98 26 66 50 32 68 11 97 96 93 72 71 76 4 81 78 33 38 73 80 28 52 44 48 100 63 87 21 18 61 88 6 99 15 84 75 20 85 7 54 27 23 79 31 19 77 59 51 82 94 45 107 22 35 70 69 108 105 43 12 106 47 102 60 3 95 30 16 58 10 74 39 101 64 13 104 1 67 41 57 109 62 53 36 2 103 92 9 46 29 17 8 24 55 90 65 
0 86 83 42 37 25 5 14 34 89 40 49 56 91 98 26 21 18 61 88 6 99 15 84 75 20 85 7 54 27 23 79 31 19 77 59 51 82 94 45 107 22 35 70 69 108 73 80 28 52 44 32 100 63 87 66 50 48 68 11 97 96 93 72 71 76 4 81 78 33 38 105 43 12 106 47 102 60 3 95 30 16 58 10 74 39 101 64 13 104 1 67 41 57 109 62 53 36 2 103 92 9 46 29 17 8 24 55 90 65 
0 86 83 42 37 25 5 14 34 89 40 49 56 91 98 26 21 18 61 88 6 99 15 84 75 20 85 7 54 27 23 79 31 19 77 59 51 82 94 45 107 22 35 70 69 108 73 80 28 52 44 32 100 63 87 66 50 48 68 11 97 96 93 72 71 76 4 81 78 33 38 105 43 12 106 47 102 60 3 95 30 16 58 10 74 39 101 64 13 104 1 67 41 57 109 62 53 36 2 103 92 9 46 29 17 8 24 55 90 65 
0 86 94 45 107 22 35 70 69 108 105 43 12 106 47 102 60 3 95 30 16 58 10 74 39 101 64 13 104 1 67 41 57 109 62 53 36 2 103 92 46 29 17 8 24 55 90 65 75 20 85 7 54 27 23 79 31 19 77 59 51 82 83 42 37 25 5 14 34 89 40 49 56 91 98 26 66 50 48 68 11 9 97 96 93 72 71 76 4 81 78 33 38 73 80 28 52 44 32 100 63 87 21 18 61 88 6 99 15 84 
0 86 21 95 3 60 102 47 106 12 43 105 38 33 78 81 4 76 71 72 93 96 97 11 68 48 50 66 26 98 91 56 49 40 89 34 14 5 25 37 42 83 87 63 100 32 44 52 28 80 73 108 69 70 35 22 107 45 94 82 51 59 77 19 31 79 23 27 54 7 85 20 75 84 15 99 6 88 61 18 30 16 58 10 74 39 101 64 13 104 1 67 41 57 109 62 53 36 2 103 92 9 46 29 17 8 24 55 90 65 
0 54 7 85 20 75 84 15 99 6 88 4 69 78 64 13 104 1 67 41 57 109 62 53 36 2 103 74 10 58 16 60 95 3 30 102 47 106 12 43 105 108 76 71 72 93 96 97 11 68 48 50 66 26 98 91 56 49 40 89 34 14 5 25 37 42 83 86 27 23 79 31 19 77 59 51 82 94 45 107 22 35 70 81 61 18 21 87 63 100 32 44 52 28 80 73 38 33 101 39 92 9 46 29 17 8 24 55 90 65 
0 86 83 42 37 25 5 14 34 89 40 49 56 91 98 26 66 50 48 68 11 97 96 93 72 71 76 4 81 70 35 22 107 45 94 82 51 59 77 19 31 79 23 27 54 7 85 20 75 84 15 99 6 88 61 18 21 87 63 100 32 44 52 80 73 69 108 28 78 33 38 105 43 12 106 47 102 60 3 95 30 16 58 10 74 101 64 13 104 1 39 67 41 57 109 62 53 36 2 103 92 9 46 29 17 8 24 55 90 65 
0 86 21 18 61 88 6 99 15 84 75 20 85 7 54 27 23 79 31 19 77 59 51 82 94 45 107 22 35 70 69 108 73 80 28 52 44 32 100 63 87 83 102 47 106 12 43 105 38 33 78 81 4 76 71 72 93 96 97 11 68 48 50 66 26 98 91 56 49 40 89 34 14 5 25 37 42 60 3 95 30 16 58 10 74 39 101 64 13 104 1 67 41 57 109 62 53 36 2 103 92 9 46 29 17 8 24 55 90 65 
0 86 83 42 37 25 5 14 34 89 40 49 56 91 98 26 66 50 48 68 11 97 96 93 72 71 76 4 81 70 35 22 107 45 94 82 51 59 77 19 31 79 23 27 54 7 85 20 75 84 15 99 6 88 61 18 21 78 33 38 73 80 28 52 44 32 100 63 87 69 108 105 43 12 106 47 102 60 3 95 30 16 58 10 74 39 101 64 13 104 1 67 41 57 109 62 53 36 2 103 92 9 46 29 17 8 24 55 90 65 
0 86 83 42 37 25 5 14 34 89 40 49 56 91 98 26 66 50 48 68 11 97 96 93 72 71 76 4 81 70 35 22 107 45 94 82 51 59 77 19 31 79 23 27 54 7 85 20 75 84 15 99 6 88 61 18 21 87 78 33 38 73 80 28 52 44 32 100 63 69 108 105 43 12 106 47 102 60 3 95 30 16 58 10 74 39 101 64 13 104 1 67 41 57 109 62 53 36 2 103 92 9 46 29 17 8 24 55 90 65 
0 86 83 42 37 25 5 14 34 89 58 16 30 95 3 60 102 47 106 12 43 105 108 69 70 35 22 107 45 94 82 51 59 77 19 31 79 23 27 54 7 85 20 75 84 15 99 6 88 61 18 21 87 63 100 32 44 52 28 80 73 38 33 78 81 4 76 71 72 93 96 97 11 68 48 50 66 26 98 91 56 49 40 10 74 39 101 64 13 104 1 67 41 57 109 62 53 36 2 103 92 9 46 29 17 8 90 24 55 65 
0 86 83 42 37 25 5 14 34 89 40 49 56 91 98 26 66 50 48 68 11 97 96 93 72 71 76 4 81 70 35 22 107 45 82 51 59 77 19 31 79 23 27 54 7 85 20 75 84 15 99 6 88 61 18 21 87 63 100 32 44 52 28 80 73 38 33 78 69 108 105 43 12 106 47 94 102 60 3 95 30 16 58 10 74 39 101 64 13 104 1 67 41 57 109 62 53 36 2 103 92 9 46 29 17 8 24 55 90 65 
0 86 21 18 61 88 6 99 15 84 75 20 85 17 54 27 83 42 37 25 5 14 34 89 40 49 56 91 98 26 66 50 48 68 11 97 96 93 72 71 76 4 81 78 33 38 73 80 28 52 44 32 100 63 87 23 79 31 19 77 59 51 82 94 45 107 22 35 70 69 108 105 43 12 106 47 102 60 3 95 30 16 58 10 74 39 101 64 13 104 1 67 41 57 109 62 53 36 2 103 92 9 46 29 7 8 24 55 90 65 
0 86 21 18 61 88 6 99 15 84 83 42 37 25 5 14 34 89 40 49 56 91 98 26 66 50 48 68 11 97 96 93 72 71 76 4 81 78 33 38 73 80 28 52 44 32 100 63 87 3 60 102 47 58 16 30 95 75 20 85 7 54 27 23 79 31 19 77 59 51 82 94 45 107 22 35 70 69 108 105 43 12 106 10 39 101 64 13 104 1 67 41 57 109 62 53 36 2 74 103 92 9 46 29 17 8 90 24 55 65 
0 86 83 42 37 25 5 14 34 89 40 49 91 98 26 66 50 48 68 11 97 96 93 72 71 76 4 81 70 35 22 107 45 94 82 51 59 77 19 31 79 23 27 54 78 33 38 73 80 28 52 44 32 100 63 87 21 18 61 88 6 99 15 84 75 20 85 7 69 108 56 105 43 12 106 47 102 60 3 95 30 16 58 10 74 39 101 64 36 53 62 109 57 41 67 1 104 13 2 103 92 9 46 29 17 8 24 55 90 65 
0 86 83 42 37 25 5 14 34 89 40 3 60 102 47 58 16 30 95 49 56 91 98 26 66 50 48 68 11 97 96 93 72 71 76 4 81 78 33 38 73 80 28 45 94 82 51 69 108 105 43 12 106 10 99 15 84 75 20 85 7 54 27 23 79 31 19 77 59 70 35 22 107 52 44 32 100 63 87 21 18 61 88 6 74 39 101 64 13 104 1 67 41 57 109 62 53 36 2 103 92 9 46 29 17 8 24 55 90 65 
0 86 83 42 37 21 18 61 88 6 99 15 84 75 20 85 7 54 27 23 79 31 19 77 59 51 82 94 45 107 22 35 70 69 108 73 80 28 52 44 32 100 63 87 25 5 14 34 89 40 49 56 91 98 26 66 50 48 68 11 97 96 93 72 71 76 4 81 78 33 38 105 43 12 106 47 102 60 3 95 30 16 58 10 74 39 101 64 13 104 1 67 41 57 109 62 53 36 2 103 92 9 46 29 17 8 24 55 90 65 
0 86 83 42 37 25 5 14 34 89 40 49 56 91 98 26 66 50 48 68 11 97 96 93 72 71 76 4 81 78 33 38 73 80 28 52 44 32 100 63 87 21 18 61 88 6 99 15 84 75 20 85 7 54 27 23 79 31 19 77 59 51 82 94 45 107 22 35 70 69 108 105 43 12 106 47 102 103 2 36 53 62 109 57 41 67 1 104 13 64 101 39 74 10 16 30 95 58 60 3 92 9 46 29 17 8 24 55 90 65 
0 86 83 42 37 25 5 14 34 89 40 49 56 91 98 26 66 50 48 68 11 97 96 93 72 71 76 4 81 70 35 22 107 45 94 82 51 59 77 19 31 79 23 21 18 61 88 6 99 15 84 75 20 85 7 54 27 69 108 73 80 28 52 44 32 100 63 87 78 33 38 105 43 12 106 47 102 60 3 95 30 1 104 13 64 101 39 74 10 58 16 67 41 57 109 62 53 36 2 103 92 9 46 29 17 8 24 55 90 65 
0 86 83 42 37 25 5 17 34 89 40 49 56 91 98 26 66 50 48 68 11 97 96 93 72 71 76 4 81 78 33 38 80 28 52 14 73 44 32 100 63 87 21 18 61 88 6 99 15 84 75 20 85 7 54 27 23 79 31 19 77 59 51 82 94 45 107 22 35 70 69 108 105 43 12 106 47 102 60 3 95 30 16 58 10 74 39 101 64 13 104 1 67 41 57 109 62 53 36 2 103 92 9 46 29 8 24 55 90 65 
0 86 83 42 37 25 5 14 34 89 40 49 56 91 98 26 66 50 48 68 11 97 96 93 72 71 76 4 81 78 33 38 73 80 28 52 44 32 100 105 87 21 18 61 88 6 99 15 84 75 20 85 7 54 27 23 79 31 19 77 59 51 82 94 45 107 22 35 70 69 108 63 43 12 106 47 102 60 3 95 30 16 58 10 74 39 101 64 13 104 1 67 41 57 109 62 53 36 2 103 92 9 46 29 17 8 24 55 90 65 
0 86 83 42 37 25 5 14 34 89 40 49 56 91 98 26 66 50 48 68 11 97 96 93 72 71 76 4 81 78 33 38 73 80 28 52 44 32 63 87 21 18 61 88 6 99 15 84 75 20 85 7 54 27 23 79 31 19 77 59 51 82 94 45 107 22 35 70 69 108 105 43 12 106 47 102 60 3 30 100 95 16 58 10 74 39 101 64 13 104 1 67 41 57 109 62 53 36 2 103 92 9 46 29 17 8 24 55 90 65 
0 86 83 42 37 25 5 14 34 89 40 49 56 91 98 26 66 50 48 68 11 97 96 93 72 71 76 4 81 70 35 22 107 45 94 82 51 59 77 19 31 79 23 27 54 7 85 20 75 84 15 99 6 21 18 61 88 69 108 73 80 28 52 44 32 100 63 87 78 33 38 105 43 12 106 47 102 60 3 95 30 16 58 10 74 39 101 64 13 104 1 67 41 57 109 62 53 36 2 103 92 9 46 29 17 8 24 55 90 65 
0 86 83 42 37 25 5 14 34 89 40 49 56 91 98 26 66 50 48 68 11 97 96 93 72 71 76 4 81 78 67 1 104 13 64 101 39 74 10 58 16 30 95 3 60 102 47 106 12 43 105 108 69 22 35 70 107 45 94 82 51 59 77 19 31 79 23 27 54 7 85 20 75 84 15 99 6 88 61 18 21 87 63 100 32 44 52 28 80 73 38 33 41 57 62 109 53 36 2 103 92 9 46 29 17 8 24 55 90 65 
0 86 21 18 61 88 6 99 15 84 75 20 85 7 54 27 23 79 31 19 77 59 51 82 94 45 107 22 35 70 69 108 73 80 28 52 44 32 100 63 87 83 42 37 25 5 14 34 89 40 49 56 91 98 26 66 50 48 68 11 97 96 93 72 71 76 4 81 3 60 102 47 58 78 33 38 105 43 12 106 16 30 95 10 74 39 101 13 104 1 67 64 41 57 109 62 53 36 2 103 92 9 46 29 17 8 24 55 90 65 
0 86 83 42 37 25 5 14 34 89 40 49 56 91 98 26 66 48 68 11 97 96 93 72 71 76 4 81 70 35 22 107 45 94 82 51 59 77 19 31 79 23 27 54 7 85 20 75 84 15 99 6 88 61 18 21 87 63 100 78 33 38 73 80 28 52 44 32 69 108 105 43 12 106 57 41 67 50 1 104 13 10 74 39 101 64 109 3 60 102 47 58 16 30 95 62 53 36 2 103 92 9 46 29 17 8 90 24 55 65 
0 86 83 42 37 25 5 14 34 89 40 49 56 91 98 26 66 48 68 11 97 96 93 72 71 76 4 81 70 35 22 107 45 94 82 51 59 77 19 31 79 23 27 54 7 85 20 75 84 15 99 6 88 61 18 21 87 63 100 78 33 38 73 80 28 52 44 32 69 108 105 43 12 106 57 41 67 50 1 104 13 10 74 39 101 64 109 3 60 102 47 58 16 30 95 62 53 36 2 103 92 9 46 29 17 8 90 24 55 65 
0 86 83 42 37 25 5 14 34 89 40 49 56 91 98 26 66 50 48 68 11 97 96 93 72 71 76 4 81 70 35 87 21 18 61 88 6 99 15 84 75 20 85 7 54 27 23 79 31 19 77 59 51 82 94 45 107 22 63 100 32 44 52 28 80 73 38 33 78 69 108 105 43 12 106 47 102 60 3 95 30 16 58 10 74 39 101 64 13 104 1 67 41 57 109 62 53 36 2 103 92 9 46 29 17 8 24 55 90 65 
0 86 83 42 37 25 5 14 34 89 40 49 56 91 98 26 66 50 48 68 11 97 96 93 72 71 76 4 81 70 35 22 107 45 94 82 51 59 77 19 31 79 23 21 18 61 88 6 99 15 84 75 20 85 7 54 27 69 108 73 80 28 52 44 32 100 63 87 78 33 38 105 43 12 106 47 102 60 3 95 30 16 58 10 74 39 101 64 13 104 1 67 41 57 109 62 53 36 2 103 92 9 46 29 17 8 24 55 90 65 
0 86 21 18 61 88 6 99 15 84 75 20 85 7 54 27 23 79 31 19 77 59 51 82 94 45 107 22 35 70 69 108 73 80 28 52 44 32 100 63 87 83 42 37 25 5 14 34 89 40 49 56 91 98 26 66 50 48 68 11 97 96 93 72 71 76 4 81 78 33 38 16 43 12 53 106 47 102 60 3 58 105 30 95 10 74 39 101 64 13 104 1 67 41 57 109 62 36 2 92 103 9 46 29 17 8 90 24 55 65 
0 86 42 37 25 5 14 34 89 57 41 67 1 104 13 64 101 39 74 10 58 16 30 95 3 60 102 47 106 12 43 105 108 69 70 35 22 107 45 94 82 51 59 77 19 31 79 83 23 27 54 7 85 20 75 84 15 99 6 88 61 18 21 87 63 100 32 44 52 28 80 73 38 33 78 81 4 76 71 72 93 96 97 11 68 48 50 66 26 98 91 56 49 40 109 62 53 36 2 103 92 9 46 29 17 8 24 55 90 65 
0 86 83 42 37 25 5 14 34 89 103 2 36 53 62 109 57 41 67 1 104 13 64 101 39 74 10 16 30 95 106 12 43 105 108 69 70 35 22 107 45 94 82 51 59 77 19 31 79 23 27 54 7 85 20 75 84 15 99 6 88 61 18 21 87 63 100 32 44 52 28 80 73 38 33 78 81 40 49 56 91 98 26 66 50 48 68 11 97 96 93 72 71 76 4 47 102 60 3 58 92 9 46 29 17 8 24 55 90 65 
0 86 83 42 37 25 5 14 34 89 40 49 56 91 98 26 66 50 48 68 11 97 96 93 72 71 76 4 81 78 33 38 73 80 28 44 32 100 63 87 21 18 61 88 6 99 15 84 75 20 85 7 54 27 23 79 31 19 77 59 51 82 94 45 52 107 22 35 70 69 108 105 43 12 106 47 102 60 3 95 30 16 58 10 74 39 101 64 13 104 1 67 41 57 109 62 53 36 2 103 92 9 46 29 17 8 24 55 90 65 
0 86 83 42 37 25 5 14 34 89 40 49 56 91 98 26 66 50 48 68 11 97 96 93 72 71 76 4 81 70 35 22 21 87 63 100 32 44 52 28 80 73 38 33 78 69 108 105 43 12 106 47 102 60 61 18 107 45 94 82 51 59 77 19 31 79 23 27 54 7 85 20 75 84 15 99 6 88 3 95 30 16 58 10 74 39 101 64 13 104 1 67 41 57 109 62 53 36 2 103 92 9 46 29 17 8 24 55 90 65 
0 86 21 18 61 88 6 99 15 84 75 20 85 7 54 27 23 79 31 19 77 59 51 82 94 45 107 22 35 70 69 108 73 80 38 33 78 105 43 12 106 47 102 60 3 95 30 16 58 10 74 39 101 64 13 104 1 67 41 57 109 62 53 36 2 103 92 9 28 52 44 32 100 83 42 37 25 5 14 34 89 40 49 56 91 98 26 66 50 48 68 11 97 96 93 72 71 76 4 81 87 63 46 29 17 8 24 55 90 65 
0 86 83 42 37 25 5 14 34 89 40 49 56 91 98 26 66 50 48 68 11 97 96 93 72 71 76 4 81 78 33 38 73 80 28 52 44 32 100 63 87 21 18 61 88 6 99 15 84 75 20 85 7 54 27 23 79 31 70 35 22 107 45 94 82 51 59 77 19 69 108 105 43 12 106 47 102 60 3 95 30 16 58 10 74 39 101 64 13 104 1 67 41 57 109 62 53 36 2 103 92 9 46 29 17 8 24 55 90 65 
0 86 83 19 31 79 23 27 54 7 85 20 75 84 15 99 6 88 61 18 21 40 89 34 14 5 25 37 42 77 59 51 82 94 45 107 22 35 70 69 108 73 80 28 52 44 32 100 63 87 49 56 91 98 26 66 50 48 68 11 97 96 93 72 71 76 4 81 78 33 38 105 43 12 106 47 102 60 3 95 30 16 58 10 74 39 101 64 13 104 1 67 41 57 109 62 53 36 2 103 92 9 46 29 17 8 24 55 90 65 
0 86 83 42 37 25 5 14 34 89 21 18 61 88 6 99 15 84 75 20 85 7 54 27 23 79 31 19 77 59 51 82 94 45 107 22 35 70 69 108 73 80 28 52 44 32 100 63 87 40 49 56 91 98 26 66 50 48 68 11 97 96 93 72 71 76 4 81 78 33 38 105 43 12 106 47 102 60 3 95 109 57 41 67 1 104 13 64 101 39 74 10 58 16 30 62 53 36 2 103 92 9 46 29 17 8 24 55 90 65 
0 86 83 42 37 25 5 14 34 89 40 49 56 91 98 26 66 50 48 68 11 97 96 93 72 71 76 4 78 33 38 73 80 28 52 17 81 62 109 57 41 67 1 104 13 64 101 39 74 10 58 16 30 95 3 60 102 47 106 12 43 105 108 69 70 35 22 107 45 94 82 51 59 77 19 31 79 23 27 54 7 85 20 75 84 15 99 6 88 61 18 21 87 63 100 32 44 53 36 2 103 92 9 29 8 46 24 55 90 65 
0 86 83 42 37 25 5 14 34 89 40 49 56 91 98 26 66 50 48 68 11 97 96 93 72 71 76 4 81 70 35 22 107 45 94 82 51 59 77 19 31 79 23 27 54 7 85 20 75 84 15 99 6 88 61 18 21 87 63 100 32 44 52 28 80 73 38 33 69 108 105 43 12 106 47 102 60 3 95 30 16 58 10 74 39 101 64 13 104 1 67 41 57 109 62 53 36 2 103 92 9 46 29 17 8 24 55 90 78 65 
0 86 83 42 37 25 5 14 34 89 40 49 56 91 98 26 66 50 48 68 11 97 96 93 72 71 76 4 81 70 35 22 107 45 94 82 51 59 77 19 31 79 23 27 54 7 85 20 75 84 15 99 6 88 61 18 21 87 63 100 32 44 52 28 80 73 74 78 33 38 69 108 105 43 12 106 57 41 67 1 104 13 10 39 101 64 109 3 60 102 47 58 16 30 95 62 53 36 2 103 92 9 46 29 17 8 90 24 55 65 
0 86 83 42 37 25 5 14 34 89 40 49 56 91 98 26 66 50 48 68 11 97 96 93 72 71 76 4 81 70 35 22 107 45 94 82 51 41 67 1 104 13 64 101 39 74 105 10 58 16 30 95 3 60 102 47 106 12 43 108 69 78 33 38 73 80 28 52 44 32 100 63 87 21 18 61 88 6 99 15 84 75 20 85 7 54 27 23 79 31 19 77 59 57 109 62 53 36 2 103 92 9 46 29 17 8 90 24 55 65 
0 86 83 42 37 94 82 59 77 19 31 79 23 27 54 7 85 20 75 84 15 99 6 51 88 61 18 21 87 63 100 32 44 52 28 80 73 38 33 78 81 4 76 71 72 93 96 97 11 68 48 50 66 26 98 91 56 49 40 89 34 14 5 25 45 107 22 35 70 69 108 105 43 12 106 47 102 60 3 95 30 16 58 10 74 39 101 64 13 104 1 67 41 57 109 62 53 36 2 103 92 9 46 29 17 8 24 55 90 65 
0 86 21 18 61 88 6 99 15 84 75 20 85 7 54 27 23 79 31 19 77 59 51 82 94 45 107 22 74 70 69 108 73 80 28 52 44 32 100 63 87 83 42 37 25 5 14 34 89 40 49 56 91 98 26 66 50 48 68 11 97 96 93 72 71 76 4 81 78 33 38 105 43 12 106 47 102 60 3 95 30 16 58 10 35 39 101 64 13 104 1 67 41 57 109 62 53 36 2 103 92 9 46 29 17 8 24 55 90 65 
0 86 83 42 37 25 5 14 34 89 40 49 56 91 98 26 95 66 50 48 68 93 97 96 11 72 71 76 4 81 78 33 38 73 80 28 52 44 32 100 21 18 61 88 6 99 15 84 75 20 85 7 54 27 23 79 31 19 77 59 51 82 94 45 107 22 35 70 69 108 63 87 105 43 12 106 47 102 60 3 30 16 58 10 74 39 101 64 13 104 1 67 41 57 109 62 53 36 2 103 92 9 46 29 17 8 24 55 90 65 
0 86 21 18 61 88 6 99 15 84 75 20 85 7 54 27 23 103 31 19 77 59 51 82 94 45 107 22 35 70 69 108 73 80 28 52 44 32 100 63 87 83 42 37 25 5 14 34 89 40 49 56 91 98 26 66 50 48 68 11 97 96 93 72 71 76 4 81 78 33 38 105 43 106 47 102 60 3 95 30 16 58 10 74 39 101 64 13 104 1 67 12 41 57 109 62 53 36 2 79 92 9 46 29 17 8 24 55 90 65 
0 86 83 42 37 25 5 14 89 40 49 56 91 98 26 66 81 48 68 11 97 96 93 72 71 76 4 50 78 33 38 73 80 28 52 44 32 100 63 87 21 18 61 88 6 99 15 84 75 20 85 7 54 27 23 79 31 19 77 59 51 82 94 45 107 34 22 35 70 69 108 105 43 12 106 47 102 60 3 95 30 16 58 10 74 39 101 64 13 104 1 67 41 57 109 62 53 36 2 103 92 9 46 29 17 8 24 55 90 65 
0 86 83 42 37 25 5 14 34 89 40 49 56 91 98 26 66 50 48 68 11 97 96 93 72 71 76 4 81 78 33 38 73 80 28 52 44 32 100 63 87 21 18 61 88 6 99 15 84 75 20 85 7 54 27 23 79 31 19 77 59 51 82 94 45 107 22 35 70 69 108 105 43 12 106 47 102 60 3 95 30 16 58 10 74 13 101 64 39 104 1 67 41 57 109 62 53 36 2 103 92 9 46 29 17 8 24 55 90 65 
0 86 83 42 37 25 5 14 34 89 40 49 56 91 98 26 66 50 48 68 11 97 96 93 72 71 76 4 81 78 33 38 73 80 82 52 64 32 100 63 87 21 18 61 88 6 99 70 35 22 107 45 94 51 59 77 19 31 79 23 27 54 7 85 20 75 84 15 28 69 108 105 43 12 106 47 102 60 3 95 30 16 58 10 74 39 101 44 13 104 1 67 41 57 109 62 53 36 2 103 92 9 46 29 17 8 24 55 90 65 
0 86 83 42 37 25 5 14 34 89 40 49 56 91 98 26 66 50 48 68 11 97 96 93 72 71 76 4 81 78 33 38 73 80 28 44 32 100 63 87 21 18 61 88 6 99 15 84 75 20 85 7 54 27 23 79 31 19 77 59 51 82 94 45 52 107 22 35 70 69 108 105 43 12 106 47 102 60 3 95 30 16 58 10 74 39 101 64 13 104 1 67 41 57 109 62 53 36 2 103 92 9 46 29 17 8 90 24 55 65 
0 86 83 42 37 25 5 14 34 89 40 3 60 102 47 69 49 56 91 98 26 66 50 48 68 11 97 96 93 72 71 76 4 81 78 33 38 73 80 28 52 44 32 100 63 87 21 18 61 88 6 99 15 84 75 20 85 7 54 27 23 79 31 19 77 59 51 82 94 45 107 22 35 70 58 108 105 43 12 106 95 30 16 10 74 39 101 64 13 104 1 67 41 57 109 62 53 36 2 103 92 9 46 29 17 8 24 55 90 65 
0 86 83 42 37 25 5 14 106 89 40 49 56 91 98 26 66 52 88 51 59 77 19 31 79 23 27 54 7 85 29 75 84 15 99 6 61 18 21 87 63 100 32 44 82 28 80 73 38 33 78 81 4 76 71 72 93 96 97 11 68 34 48 50 94 45 107 22 35 70 69 108 105 43 12 47 102 60 3 95 30 16 58 10 74 39 101 64 13 104 1 67 41 57 109 62 53 36 2 103 92 9 46 20 17 8 24 55 90 65 
0 86 21 18 61 88 6 99 15 84 75 20 85 7 54 27 23 79 31 19 77 59 51 82 94 45 107 22 35 70 69 108 73 80 28 52 44 32 100 63 87 83 42 37 25 5 14 34 89 40 62 56 91 98 26 66 50 48 68 11 97 96 93 72 71 76 4 81 78 33 38 105 43 12 106 47 102 60 3 95 30 16 58 10 74 39 101 64 13 104 1 67 41 57 109 49 36 2 103 92 9 46 29 17 8 24 55 90 65 53 
0 85 21 18 61 88 6 99 15 84 75 20 86 7 54 27 23 79 31 19 77 59 51 82 94 45 107 22 35 70 69 108 73 80 28 52 44 32 100 63 87 83 42 37 25 5 14 34 89 40 49 56 91 98 26 66 50 48 68 11 97 96 93 72 71 76 4 81 78 33 38 105 43 12 106 47 102 60 3 95 30 16 58 10 74 39 101 64 13 104 1 67 41 57 109 62 53 36 2 103 92 9 46 29 17 8 24 55 90 65 
0 86 83 42 37 25 5 14 34 89 40 49 56 91 98 26 66 50 48 68 11 97 96 93 72 71 76 4 81 70 35 22 107 45 94 82 51 59 77 19 31 79 23 27 54 7 85 20 75 84 15 99 6 88 61 18 21 87 63 100 32 44 52 28 80 73 38 33 78 69 108 105 43 12 106 47 102 60 3 95 30 16 58 10 74 39 101 64 13 104 1 67 41 57 109 62 36 2 103 92 9 46 29 53 17 8 24 55 90 65 
0 86 83 42 37 25 5 14 34 89 40 49 56 91 98 26 66 50 48 68 11 97 96 93 72 71 76 4 81 70 35 22 107 45 94 82 51 59 77 19 18 21 87 63 100 32 44 52 28 80 73 38 33 78 69 31 79 23 27 54 7 85 20 75 84 15 99 6 88 61 108 105 43 12 106 47 102 60 3 95 30 16 58 10 74 39 101 64 13 104 1 67 41 57 109 62 53 36 2 103 92 9 46 29 17 8 24 55 90 65 
0 86 83 15 84 75 20 85 7 54 27 23 79 31 19 77 59 51 82 94 45 107 22 35 70 69 42 37 25 5 14 34 89 40 49 56 91 98 26 66 50 48 68 11 97 96 93 72 71 76 4 81 78 33 38 73 80 28 52 44 32 100 63 21 18 61 88 6 99 87 108 105 43 12 106 47 102 60 3 95 30 16 58 10 74 39 101 64 13 104 1 67 41 57 109 62 53 36 2 103 92 9 46 29 17 8 24 55 90 65 
0 86 83 25 37 42 5 14 34 40 100 63 87 21 18 61 88 6 99 15 84 75 20 85 7 54 27 23 79 31 93 72 71 76 4 81 78 33 38 73 80 28 52 44 32 3 60 102 47 58 16 30 95 49 56 91 98 26 66 50 48 68 11 97 96 19 77 59 51 82 94 45 107 22 35 70 69 108 105 89 43 12 106 10 74 39 101 64 13 104 1 67 41 57 109 62 53 36 2 103 92 9 46 29 17 8 24 55 90 65 
0 86 83 42 37 25 5 14 34 89 40 49 56 91 98 26 66 50 48 68 11 97 96 93 72 71 76 4 81 70 35 22 107 45 94 82 51 59 77 19 31 79 23 27 54 7 85 20 75 84 15 99 6 88 61 18 21 87 63 100 32 44 52 55 24 8 17 29 46 9 92 103 2 36 53 62 109 57 41 67 1 104 13 64 101 39 74 10 58 16 30 95 3 60 102 47 106 12 28 43 105 108 69 78 33 38 73 80 90 65 
0 86 83 42 37 25 5 14 34 89 40 49 56 91 98 26 66 50 48 68 11 97 96 93 72 71 76 4 81 70 35 22 3 60 102 47 58 16 30 95 78 33 38 73 80 28 52 44 32 100 63 87 21 18 61 107 45 94 82 51 59 77 19 31 79 23 27 54 7 85 20 75 84 15 99 6 88 69 108 105 43 12 106 10 74 39 101 64 13 104 1 67 41 57 109 62 53 36 2 103 92 9 46 29 17 8 90 24 55 65 
0 51 83 42 37 25 5 14 34 89 40 49 56 91 98 26 66 50 48 68 11 97 96 93 72 71 76 4 81 70 35 22 107 45 94 82 86 59 77 19 31 79 23 27 54 7 85 20 84 15 99 6 88 61 18 21 87 63 100 32 44 52 28 80 73 38 33 78 69 108 105 43 12 106 47 102 60 3 95 30 16 58 10 75 74 39 101 64 13 104 1 67 41 57 109 62 53 36 2 103 92 9 46 29 17 8 24 55 90 65 
0 86 21 18 61 88 6 99 15 84 75 20 85 7 54 27 23 79 31 19 77 59 51 82 94 45 107 22 35 70 69 108 73 80 28 52 44 32 100 63 87 95 42 37 25 5 14 34 89 40 49 56 91 98 26 66 50 48 68 11 97 96 93 72 71 76 4 81 78 33 38 105 43 12 106 47 102 60 3 83 30 16 58 10 74 39 101 64 13 104 1 67 41 57 109 62 53 36 2 103 92 9 46 29 17 8 24 55 90 65 
0 86 83 42 37 25 5 14 34 89 40 49 56 91 98 26 66 50 97 11 68 48 96 93 72 71 76 4 81 70 35 22 107 45 94 82 51 3 60 102 47 58 16 30 95 78 33 38 73 80 28 52 44 32 100 63 87 21 18 61 88 6 99 15 84 75 20 85 7 54 27 23 79 31 19 77 69 108 105 43 12 106 10 74 39 101 64 13 104 1 67 41 57 109 62 53 36 2 103 92 9 59 46 29 17 8 24 55 90 65 
0 86 83 42 37 25 5 14 34 89 40 49 56 91 98 26 66 50 48 68 11 97 96 93 72 71 76 4 81 70 46 22 107 45 94 82 51 59 77 19 31 79 23 27 54 7 85 20 75 84 15 99 6 88 61 18 21 87 63 100 32 44 52 28 80 73 38 33 78 69 108 105 43 12 106 47 102 60 3 95 30 16 58 10 74 39 101 64 13 109 57 41 67 1 104 62 53 36 2 103 92 9 35 29 17 8 90 24 55 65 
0 86 21 18 61 88 6 99 15 84 75 20 85 7 54 27 23 79 31 19 77 59 51 82 94 45 107 22 35 70 69 108 73 83 42 37 25 5 14 89 40 49 56 91 98 26 66 50 48 68 11 97 96 93 72 71 76 4 81 78 33 38 80 28 52 44 32 100 63 87 34 105 43 12 106 47 102 60 3 64 30 16 58 10 74 39 101 95 13 104 1 67 41 57 109 62 53 36 2 103 92 9 46 29 17 8 90 24 55 65 
0 86 83 42 37 25 5 14 34 89 40 49 56 91 98 26 66 50 48 68 11 97 96 93 72 71 76 4 81 78 33 38 73 80 28 52 44 32 100 63 87 21 18 61 88 6 99 15 84 75 20 85 7 54 27 23 79 31 19 77 59 51 82 94 45 22 35 70 69 108 105 43 12 107 106 47 102 60 3 95 30 16 58 10 74 39 101 64 13 104 1 67 41 57 109 62 53 36 2 103 92 9 46 29 17 8 90 24 55 65 
0 86 83 42 37 25 5 14 89 40 49 56 91 98 26 66 50 48 68 11 97 96 93 72 71 76 4 81 78 33 38 73 80 28 52 44 32 100 63 87 21 18 88 6 99 34 3 60 102 47 58 16 30 95 15 61 84 75 20 85 7 54 27 23 79 31 19 77 59 70 35 22 107 45 94 82 51 69 108 105 43 12 106 10 74 39 101 64 13 104 1 67 41 57 109 62 53 36 2 103 92 9 46 29 17 8 24 55 90 65 
0 86 83 42 37 25 5 67 41 57 49 56 91 98 26 66 88 61 18 21 87 63 100 32 44 52 28 80 73 38 33 78 81 4 40 89 34 14 76 71 72 93 96 97 11 68 48 50 6 99 15 84 75 20 85 7 54 27 23 79 31 19 77 59 51 82 94 45 107 22 35 70 69 108 105 43 12 106 47 102 60 3 95 30 16 58 10 74 39 101 64 13 104 1 109 62 53 36 103 92 9 46 2 29 17 8 24 55 90 65 
0 86 83 42 37 25 5 14 34 89 40 49 56 82 98 26 66 50 48 68 11 97 96 93 72 21 18 61 88 6 99 15 84 75 20 85 7 54 27 23 79 31 19 77 59 51 91 94 45 107 22 35 70 69 108 73 80 28 52 44 32 100 63 87 71 76 4 81 78 33 38 105 43 12 106 47 102 60 3 95 30 16 58 10 74 39 101 64 13 104 1 67 41 57 109 62 53 36 2 103 92 9 46 29 17 8 24 55 90 65 
0 86 83 42 37 25 5 14 34 89 40 49 56 91 98 26 95 50 48 68 11 97 96 93 72 71 76 4 81 70 35 22 107 45 94 82 51 59 77 19 31 79 23 27 54 7 85 20 75 84 15 99 6 88 61 18 21 87 63 100 32 44 52 28 80 73 38 33 78 69 108 105 43 12 106 47 102 60 3 66 30 16 58 10 74 39 101 64 13 109 57 41 67 1 104 62 53 36 2 103 92 9 46 29 17 8 90 24 55 65 
0 86 83 42 37 25 5 14 34 89 40 49 56 91 98 26 66 50 48 68 11 97 96 93 72 71 76 6 99 15 84 75 20 85 7 54 27 23 79 31 19 77 59 51 82 94 45 107 22 35 70 81 4 88 61 18 21 87 63 100 32 44 52 28 80 73 38 33 78 69 108 43 12 106 47 102 60 3 95 30 16 58 10 74 39 101 64 13 104 1 67 41 57 109 62 53 36 105 2 103 92 9 46 29 17 8 90 55 65 24 
0 86 83 42 37 25 5 14 34 89 40 49 56 91 98 26 66 50 48 68 11 97 96 93 72 71 76 4 81 78 33 38 73 80 28 52 44 32 100 63 87 21 18 61 88 6 99 15 84 75 20 85 7 54 27 77 79 31 19 23 59 51 82 94 45 107 3 60 102 47 58 74 10 16 30 95 106 12 43 105 108 69 70 35 22 39 101 64 13 104 1 67 41 57 109 62 53 36 2 103 92 9 46 29 17 8 24 55 90 65 
0 86 83 42 37 25 5 14 34 89 40 49 56 91 98 26 66 50 48 68 11 97 88 61 18 21 87 63 100 32 44 52 28 80 73 38 33 78 54 27 23 79 31 19 77 59 51 82 94 45 107 22 35 70 81 4 76 71 72 93 96 6 99 15 84 75 20 85 7 69 108 105 43 12 106 47 102 60 3 95 30 16 58 10 74 39 101 64 36 53 62 109 57 41 67 1 104 13 2 103 92 9 46 29 17 8 24 55 90 65 
0 86 83 42 37 25 5 14 34 89 40 3 60 102 47 58 16 30 95 49 56 91 98 26 66 50 48 68 11 97 96 93 72 71 76 4 81 78 33 38 73 80 28 52 44 32 100 63 87 21 18 61 88 6 99 15 84 75 20 85 7 54 27 23 79 10 74 39 101 64 13 104 1 67 41 57 109 62 53 36 2 103 92 9 46 29 17 8 24 90 31 19 77 59 51 82 94 45 107 22 35 70 69 108 105 43 12 106 55 65 
0 86 83 42 37 25 5 14 34 89 40 3 60 102 47 58 16 30 95 49 56 91 98 26 66 50 48 68 11 97 96 93 72 71 76 4 81 78 33 38 73 80 28 52 44 32 100 63 87 21 18 10 61 88 6 99 15 84 75 20 85 7 54 27 23 79 31 19 77 59 51 82 94 45 107 22 35 70 69 108 105 43 12 106 74 39 101 64 13 104 1 67 41 57 109 62 53 36 2 103 92 9 46 29 17 8 90 24 55 65 
0 86 21 18 61 88 6 99 15 84 75 20 85 7 54 27 23 79 31 19 77 59 51 82 94 45 107 22 35 70 69 108 73 80 28 52 44 32 100 63 87 83 42 37 25 5 14 34 89 40 49 56 91 98 26 66 50 48 68 11 97 96 93 72 71 76 4 81 78 33 38 105 43 12 47 102 60 3 95 30 16 58 10 74 39 101 64 13 106 104 1 67 41 57 109 9 53 36 2 103 92 62 46 29 17 8 24 55 90 65 
0 86 21 18 61 88 99 15 84 75 20 85 7 54 27 23 79 31 19 77 59 51 82 94 45 107 22 35 70 69 108 73 80 28 52 44 32 100 63 87 83 42 37 25 5 14 34 89 40 49 56 91 98 26 66 50 48 68 11 97 96 93 72 71 76 4 81 78 33 38 3 60 102 47 58 16 30 95 105 43 12 106 57 41 67 1 104 13 64 101 39 74 10 109 62 53 36 2 103 92 9 46 29 17 6 8 90 24 55 65 
0 86 83 42 37 25 5 14 34 89 40 49 56 91 98 26 66 50 48 68 11 97 96 93 72 71 76 4 81 78 33 38 80 28 52 44 32 100 63 87 21 18 61 88 6 99 15 84 75 20 85 7 54 27 23 79 31 19 77 59 51 82 94 45 107 22 35 70 69 108 105 43 3 60 102 47 58 57 41 67 1 104 13 64 101 39 74 10 16 30 95 106 12 109 62 53 36 2 103 92 9 46 29 73 17 8 24 55 90 65 
0 86 83 42 37 25 5 14 34 89 40 3 60 102 47 106 12 43 105 49 56 91 98 26 66 94 75 20 85 7 54 27 23 79 31 19 77 59 51 82 84 15 58 16 30 95 10 4 81 78 33 38 73 80 28 99 6 88 61 18 21 87 63 100 32 44 52 76 71 72 8 17 29 46 9 92 103 2 57 53 62 109 36 41 67 1 104 13 64 101 39 74 108 69 45 107 22 35 70 48 50 68 11 97 96 93 24 55 90 65 
0 86 83 42 37 25 5 14 34 89 40 49 56 91 98 26 66 50 48 68 11 97 96 93 72 71 76 85 7 54 27 23 79 31 19 77 59 51 82 94 45 107 22 35 70 81 4 20 75 15 99 6 88 61 18 21 87 63 100 32 44 52 28 80 73 38 33 78 69 108 105 43 12 106 47 102 60 3 95 30 16 58 10 74 39 101 64 13 104 1 67 41 57 109 62 53 36 2 103 92 9 46 29 17 84 8 24 55 90 65 
0 86 83 10 37 25 5 14 34 89 40 49 56 91 98 26 66 50 48 68 11 97 96 93 72 71 76 4 81 78 33 38 73 80 28 52 44 32 100 63 87 21 18 61 88 6 99 15 84 75 20 85 7 54 27 23 79 31 19 77 70 35 22 107 45 94 82 51 59 69 108 105 43 12 106 47 102 60 3 95 30 16 58 42 74 39 101 64 13 104 1 67 41 57 109 62 53 36 2 103 92 9 46 29 17 8 24 55 90 65 
0 86 83 42 44 32 100 63 87 21 18 61 37 25 5 14 34 89 40 49 56 91 98 26 66 50 48 68 11 97 96 93 72 71 76 4 81 78 33 38 73 80 28 52 88 6 99 3 105 108 69 70 35 22 107 45 94 82 51 59 77 19 31 79 23 27 54 7 85 20 75 84 15 17 43 12 106 47 102 60 95 30 16 58 10 74 39 101 64 13 104 1 67 41 57 109 62 53 36 2 103 92 9 46 29 8 24 55 90 65 
0 86 83 42 37 25 5 14 34 89 40 49 56 91 98 26 66 50 48 68 11 97 96 20 3 60 102 47 58 93 72 71 76 4 81 78 33 38 73 80 28 52 44 32 100 63 87 21 18 61 88 6 99 15 84 55 90 85 7 54 27 23 79 31 19 77 59 51 82 94 45 107 22 35 70 69 108 105 43 12 106 95 30 16 10 74 39 101 64 13 104 1 67 41 57 109 62 53 36 2 103 92 9 46 29 17 8 24 75 65 
0 86 83 42 37 25 5 14 34 89 40 49 56 91 98 26 66 50 48 68 11 97 96 93 72 71 76 4 81 78 33 38 73 80 28 52 44 32 100 63 87 21 18 61 88 6 99 15 84 75 20 85 7 54 27 23 79 31 19 77 59 51 82 94 45 107 90 35 70 69 108 105 43 12 106 47 102 60 3 57 41 67 1 104 13 64 101 39 74 58 16 30 95 10 109 62 53 36 2 103 92 9 46 29 17 8 22 55 65 24 
0 86 83 42 37 25 5 14 34 89 40 49 56 91 98 26 66 50 48 68 11 97 96 93 72 71 76 2 36 53 62 9 57 41 67 1 104 13 64 101 39 74 10 58 16 30 95 3 60 102 47 106 12 43 105 108 69 70 35 22 107 45 94 82 51 59 77 19 31 79 23 27 54 7 85 20 75 84 15 99 6 88 61 18 21 87 63 100 32 44 52 28 80 73 38 33 78 81 4 103 92 109 46 29 17 8 24 55 90 65 
0 86 83 42 37 25 5 14 3 105 108 34 69 70 35 22 107 45 94 82 51 59 77 19 31 79 23 27 54 7 85 20 75 84 15 99 6 88 61 18 21 87 63 100 17 44 52 32 89 40 49 56 91 98 26 66 50 48 68 11 97 96 93 72 71 76 4 81 78 33 38 73 80 28 43 12 106 47 102 60 95 30 16 58 10 74 39 101 64 13 104 1 67 41 57 109 62 53 36 2 103 92 9 46 29 8 90 24 55 65 
0 86 83 42 75 25 5 14 34 89 40 49 56 91 98 26 66 50 48 68 11 97 96 93 72 71 76 4 78 33 13 64 101 39 81 38 73 80 28 52 44 32 100 63 87 21 18 61 88 6 99 15 84 37 20 85 7 54 27 23 79 31 19 77 59 51 82 94 45 107 22 35 70 69 108 105 43 12 106 47 102 60 3 95 30 16 58 74 104 1 10 67 41 57 109 62 53 36 2 103 92 9 46 29 17 8 90 24 55 65 
0 86 83 42 37 25 5 88 6 99 15 84 75 92 103 2 36 62 109 57 41 67 1 104 13 64 101 39 74 10 106 12 43 105 108 69 70 35 53 61 18 21 87 63 100 32 44 52 28 80 73 38 33 78 95 30 16 58 47 102 60 3 81 4 76 71 72 93 96 97 11 68 48 50 66 26 98 91 56 49 40 89 34 14 22 107 45 94 82 51 59 77 19 31 79 23 27 54 7 85 20 9 46 29 17 8 90 24 55 65 
0 86 83 42 37 25 5 14 34 89 40 49 56 91 98 26 66 50 48 68 11 97 96 93 72 71 76 4 81 78 33 38 80 28 52 44 32 100 63 87 21 18 61 88 6 99 73 15 84 75 20 85 7 54 27 23 79 31 19 77 59 51 82 94 45 107 57 41 67 1 104 13 64 101 39 74 10 58 22 35 70 69 108 105 43 3 60 102 47 16 30 95 12 106 109 62 53 36 2 103 92 9 46 29 17 8 90 24 55 65 
0 86 83 42 37 25 5 14 34 89 40 49 56 91 98 26 66 50 48 68 11 97 96 93 72 71 76 4 81 78 33 38 73 80 28 52 44 32 100 63 87 21 18 61 88 6 99 15 84 75 20 85 7 54 27 23 79 31 43 105 108 69 70 35 22 107 45 94 82 51 59 77 19 12 106 47 102 60 3 95 30 16 58 10 74 39 101 64 13 104 1 67 41 57 109 62 53 36 2 103 92 9 46 29 17 8 90 24 55 65 
0 86 83 42 37 25 5 14 34 89 40 43 105 108 93 96 97 11 68 48 50 66 26 98 91 56 49 12 106 47 102 60 3 95 69 70 35 22 107 45 94 82 51 59 77 19 31 79 23 27 54 7 85 20 75 84 15 99 6 88 61 18 36 87 63 100 32 44 52 28 80 73 38 33 78 81 4 76 71 72 21 30 16 58 10 74 39 101 64 13 104 1 67 41 57 109 62 53 2 103 92 9 46 29 17 8 24 55 90 65 
0 86 83 42 37 25 5 14 34 89 40 49 91 98 26 66 50 48 68 11 97 96 93 72 71 76 4 81 80 28 52 44 32 100 63 87 21 18 61 88 6 99 15 84 75 20 85 7 54 27 23 79 31 19 77 59 51 82 94 45 107 22 35 70 73 38 33 78 69 108 105 43 12 106 47 102 60 3 95 30 16 58 10 74 39 101 64 13 104 1 67 41 57 109 62 53 36 2 103 92 9 46 29 17 8 56 24 55 90 65 
0 83 86 42 100 63 87 78 33 38 105 43 12 106 47 102 60 3 95 30 16 58 10 74 39 101 64 13 104 1 67 41 57 109 62 82 51 59 77 21 18 61 88 6 99 15 84 75 20 85 7 54 27 23 79 31 19 69 108 73 80 28 52 44 32 37 25 5 14 34 89 40 49 56 91 98 26 66 50 48 68 11 97 96 93 72 71 76 4 81 70 35 22 107 45 94 53 36 2 103 92 9 46 29 17 8 24 55 90 65 
0 86 83 42 37 25 5 14 34 89 40 49 56 91 98 26 66 50 48 68 11 97 96 93 72 71 76 4 81 78 33 38 73 80 28 52 44 32 100 63 87 21 18 61 88 6 99 15 84 75 20 85 54 27 23 79 31 19 77 59 51 82 94 45 107 57 41 67 1 104 13 64 101 39 74 10 58 16 30 95 3 60 102 7 47 106 12 43 105 108 69 70 35 22 109 62 53 36 2 103 92 9 46 29 17 8 24 55 90 65 
0 86 83 48 68 11 97 96 93 72 71 76 4 41 67 1 104 13 64 101 39 74 10 58 16 30 95 3 60 102 47 106 12 43 105 38 33 78 81 57 109 62 53 36 2 103 92 9 73 80 28 52 44 32 100 63 87 42 37 25 5 14 34 89 40 49 56 91 98 26 66 50 21 18 61 88 6 99 15 84 75 20 85 7 54 27 23 79 31 19 77 59 51 82 94 45 107 22 35 70 69 108 46 29 17 8 24 55 90 65 
0 86 21 18 81 78 33 38 73 80 28 52 44 32 100 63 87 23 79 31 19 77 59 51 82 45 107 22 35 70 69 108 105 43 11 97 96 93 72 71 76 4 61 88 6 99 15 84 75 20 85 7 54 27 83 42 37 25 5 14 34 89 40 49 56 91 98 26 66 50 48 68 12 106 47 102 60 3 95 30 16 58 10 74 39 101 64 94 13 104 1 67 41 57 109 62 53 36 2 103 92 9 46 29 17 8 24 55 90 65 
0 86 83 42 37 25 5 14 34 89 40 49 56 3 60 102 47 91 98 45 107 22 35 70 69 108 105 43 12 106 95 30 81 78 33 38 73 80 28 52 44 32 100 63 87 21 18 61 88 6 99 15 84 75 20 85 7 54 27 23 79 31 19 77 59 16 4 76 71 72 93 96 97 11 68 48 50 66 26 94 82 51 58 10 74 39 101 64 13 104 1 67 41 57 109 62 53 36 2 103 92 9 46 29 17 8 24 55 90 65 
0 86 83 42 37 25 5 14 34 43 105 89 40 49 56 91 98 26 66 50 48 68 11 97 96 93 72 71 76 4 81 78 33 38 73 80 28 52 44 32 100 63 87 21 18 61 88 6 99 15 84 75 20 85 7 54 27 23 79 31 19 77 59 51 82 94 45 107 22 35 70 69 108 12 106 47 102 60 3 95 30 16 58 10 74 39 101 64 104 1 67 41 57 109 62 53 36 2 103 92 9 13 46 29 17 8 24 55 90 65 
0 86 21 18 61 88 6 99 15 84 75 20 85 7 54 27 23 83 42 37 25 5 14 34 89 40 49 102 60 3 95 30 16 58 10 74 39 101 64 13 104 1 67 41 57 109 62 53 36 2 103 92 9 93 29 17 8 24 90 79 31 19 77 59 51 82 94 45 107 22 35 70 69 108 105 43 12 106 47 56 91 98 26 66 50 48 68 11 97 96 46 72 71 76 4 81 78 33 38 73 80 28 52 44 32 100 63 87 55 65 
0 86 83 25 37 42 5 14 34 40 100 63 87 21 18 61 88 6 99 15 84 75 20 85 7 54 27 23 79 31 93 72 71 76 4 81 78 33 38 73 80 28 52 44 32 3 102 47 58 16 30 95 49 56 91 60 98 26 66 50 48 68 11 97 96 19 77 59 51 82 94 45 107 22 35 70 69 108 105 43 12 89 106 57 41 67 1 104 13 10 74 39 101 64 109 62 53 36 2 103 92 9 46 29 17 8 90 24 55 65 
0 86 83 42 37 25 5 14 34 89 40 49 56 91 98 26 66 50 48 68 11 97 96 93 72 71 76 4 81 78 33 38 73 80 28 52 44 32 100 63 87 21 18 61 88 6 99 15 84 75 20 85 7 54 27 23 79 31 19 77 59 51 82 94 45 107 22 35 70 69 108 105 43 12 106 47 102 60 3 95 30 16 58 10 74 39 101 64 13 104 1 67 41 57 29 62 53 36 2 103 92 9 46 109 17 8 24 55 90 65 
0 86 83 42 37 78 5 14 34 89 40 49 56 91 98 26 66 50 48 68 11 97 96 93 72 71 76 4 81 70 35 22 107 45 94 82 51 59 77 19 31 79 87 21 18 61 88 6 99 15 84 75 20 85 7 54 27 23 63 100 32 44 28 80 73 38 33 25 69 108 105 43 12 106 47 102 60 3 95 30 16 58 10 74 39 101 64 13 104 1 67 52 41 57 109 62 53 36 2 103 92 9 46 29 17 8 24 55 90 65 
0 86 83 42 37 25 5 14 34 89 40 49 56 91 98 26 19 50 21 18 61 88 6 99 15 84 75 20 85 7 54 27 23 79 31 77 59 51 82 94 45 107 22 35 70 69 108 73 80 28 52 44 32 100 63 87 66 48 68 11 97 96 93 72 71 76 4 81 78 33 38 105 43 12 106 47 102 60 3 95 30 16 58 10 74 39 101 64 13 104 1 67 41 57 109 62 53 36 2 103 92 9 46 29 17 8 24 55 90 65 
0 86 83 42 37 25 5 14 34 89 40 49 56 91 98 26 66 50 48 68 11 97 96 93 72 71 76 4 38 78 33 81 73 80 28 52 44 32 100 63 87 21 18 61 88 6 99 15 84 75 20 85 7 54 27 23 79 31 19 77 59 51 82 94 45 107 22 35 70 69 108 43 12 106 47 102 60 3 95 30 16 10 74 39 101 64 13 104 1 67 41 57 109 62 53 105 36 2 103 92 9 58 46 29 17 8 90 24 55 65 
0 86 21 18 61 88 6 99 15 84 75 20 85 7 54 27 23 79 31 19 77 59 4 81 78 33 38 105 43 12 106 47 102 60 3 57 41 67 1 104 13 64 101 39 74 58 16 30 95 10 109 62 53 36 2 103 92 9 46 29 17 8 90 55 65 24 51 82 94 45 107 22 35 70 69 108 73 80 28 52 44 32 100 63 87 83 42 37 25 5 14 34 89 40 49 56 91 98 26 66 50 48 68 11 97 96 93 72 71 76 
0 86 83 42 37 25 5 14 34 89 40 49 56 91 98 26 66 50 48 68 11 97 96 93 72 71 76 4 81 70 35 22 107 45 94 82 51 59 77 19 31 79 24 8 17 29 46 9 92 103 2 36 28 62 109 41 67 1 104 13 57 64 85 20 75 84 15 99 6 88 61 18 21 87 63 100 23 27 54 7 32 44 52 80 73 38 33 78 69 108 105 43 12 106 47 102 60 3 95 30 16 58 10 74 39 101 53 55 90 65 
0 86 79 42 37 25 5 14 34 89 82 94 45 107 22 35 70 69 108 105 40 49 56 91 98 26 66 50 48 68 11 96 93 72 71 76 4 81 78 33 38 73 80 28 52 44 32 100 63 87 21 18 61 88 6 99 15 84 97 75 20 85 7 54 27 23 83 31 19 77 59 51 43 12 106 47 102 60 3 95 30 16 58 10 74 39 101 64 13 104 1 67 41 57 109 62 53 36 2 103 92 9 46 29 17 8 24 55 90 65 
0 86 83 42 37 25 74 14 34 89 40 76 71 72 93 96 97 11 68 48 50 66 26 99 6 88 61 18 21 87 55 24 8 17 29 46 9 92 103 2 36 53 62 109 57 41 67 1 104 13 64 101 39 10 58 16 30 95 3 60 102 47 106 12 43 105 108 69 84 75 20 5 15 98 91 56 49 4 81 70 35 22 107 45 94 82 51 59 77 19 31 79 23 27 54 7 85 78 33 38 73 80 28 52 44 32 100 63 90 65 
0 86 83 42 37 25 5 14 20 89 40 49 56 91 98 26 66 50 48 68 11 97 96 93 72 71 76 4 81 70 35 22 107 45 94 82 51 59 77 19 31 79 23 27 54 78 33 38 73 80 28 52 44 32 100 63 87 21 18 61 88 6 99 15 84 75 34 85 7 69 108 105 43 12 106 47 102 60 3 95 30 16 58 10 74 39 101 64 36 53 62 109 57 41 67 1 104 13 2 103 92 9 46 29 17 8 24 55 90 65 
0 86 83 42 37 25 5 14 34 89 40 49 56 91 98 26 66 50 48 68 71 72 93 96 97 11 76 99 6 88 61 18 21 87 63 107 22 15 84 75 20 85 7 54 27 23 79 31 19 77 59 51 82 94 45 35 70 69 108 73 80 28 52 44 32 100 4 81 78 33 105 43 12 106 47 102 60 3 95 30 16 58 10 74 39 101 64 13 104 1 67 41 57 109 62 53 36 2 103 92 9 46 29 17 8 24 55 90 38 65 
0 86 21 18 61 88 6 99 15 84 75 20 85 7 54 27 23 79 31 19 77 59 51 82 94 45 107 22 35 70 69 108 73 80 28 52 44 32 100 63 83 42 37 25 5 14 34 89 40 49 56 91 98 26 95 66 50 48 68 11 16 96 93 72 71 76 4 81 78 33 38 87 105 43 12 106 47 102 60 3 30 58 97 10 74 39 101 64 13 104 1 67 41 57 109 62 53 36 2 103 92 9 46 29 17 8 24 55 90 65 
0 86 83 42 37 25 5 14 34 89 40 49 56 91 98 26 66 50 48 68 11 97 96 93 72 71 76 4 81 70 35 22 107 45 94 82 51 59 77 19 31 79 23 27 54 7 85 20 75 84 15 99 6 88 95 18 21 63 100 32 44 52 28 80 73 38 33 78 69 108 105 43 12 106 47 102 60 3 61 30 16 58 10 74 39 101 64 13 104 1 67 41 57 109 62 53 36 2 103 92 87 9 46 29 17 8 24 55 90 65 
0 86 83 42 37 25 5 14 34 89 40 49 56 91 98 26 66 50 48 68 11 97 96 93 72 71 76 4 81 78 33 38 73 80 28 52 44 32 100 63 87 21 18 61 88 6 99 15 84 75 20 85 7 54 27 23 79 31 19 77 59 51 82 94 45 107 22 43 70 69 108 105 35 12 106 47 102 60 3 95 30 16 58 10 74 39 101 64 13 104 1 67 41 57 109 62 53 36 2 103 92 9 46 29 17 8 90 24 55 65 
0 86 83 42 37 25 5 14 34 89 40 49 56 91 98 26 66 50 48 68 11 97 96 93 72 71 76 4 81 70 35 22 107 45 94 82 51 59 77 36 31 79 23 27 54 7 85 20 75 84 15 99 6 88 61 18 21 87 63 100 32 44 52 28 80 73 38 33 78 69 108 105 43 12 106 47 102 60 3 95 30 16 58 10 74 39 101 64 13 104 1 67 41 57 109 62 53 19 2 103 92 9 46 29 17 8 24 55 90 65 
0 86 83 42 37 25 5 14 34 89 103 2 36 53 62 109 57 41 67 1 104 13 64 101 39 74 10 16 30 95 106 48 68 11 97 96 93 72 71 76 4 81 78 33 38 73 80 28 52 44 32 100 63 87 21 18 61 88 6 99 15 84 75 20 85 7 54 27 23 79 31 19 77 59 51 82 94 45 107 22 35 70 69 91 105 43 12 50 66 58 102 60 3 26 98 108 56 49 40 92 9 46 29 17 47 8 24 55 90 65 
0 86 83 42 37 25 5 14 34 89 40 49 56 91 98 26 66 50 48 68 11 3 60 102 47 58 16 30 95 10 4 81 78 33 15 84 75 20 85 7 54 27 23 79 31 19 77 59 51 82 94 45 107 22 35 70 69 108 105 43 12 106 74 39 72 64 13 104 1 67 41 57 97 96 93 101 71 76 99 6 88 61 18 21 87 63 100 32 44 52 28 80 73 38 109 62 53 36 2 103 92 9 46 29 17 8 24 55 90 65 
0 86 83 42 37 25 5 14 34 89 40 49 56 3 60 102 47 58 16 30 95 91 98 26 66 50 48 68 11 97 96 93 72 71 76 4 81 105 33 38 73 80 28 52 44 32 100 63 87 21 18 61 88 99 6 78 54 27 23 79 31 19 77 59 51 82 94 45 107 22 35 70 15 84 75 20 85 7 69 108 43 12 106 10 74 39 101 64 13 104 1 67 41 57 109 62 53 36 2 103 92 9 46 29 17 8 24 90 55 65 
0 86 83 42 37 25 5 14 34 89 40 61 56 91 98 26 66 50 48 68 11 97 96 93 72 71 76 4 81 78 33 38 73 80 28 52 44 32 100 63 87 21 18 49 88 6 99 15 84 75 20 85 7 65 55 24 90 8 17 29 46 9 92 103 2 36 30 62 109 57 41 67 1 104 13 64 101 39 74 10 95 53 16 58 3 60 102 47 106 12 43 105 108 69 70 35 22 107 45 94 82 51 59 77 19 31 79 23 27 54 
0 86 83 42 37 25 74 14 34 89 40 49 56 91 98 26 66 50 48 68 11 97 96 93 72 71 76 4 20 70 35 22 107 45 94 82 51 59 77 19 31 79 23 27 54 7 85 78 33 38 73 80 28 52 44 32 100 63 87 21 18 61 88 6 99 15 84 75 81 69 108 105 43 12 5 103 106 47 102 60 3 57 41 67 1 104 58 16 30 95 10 39 101 64 13 109 62 53 36 2 92 9 46 29 17 8 90 24 55 65 
0 86 83 42 37 25 5 14 34 89 40 49 56 91 98 26 66 50 48 68 11 97 96 93 72 71 76 4 81 70 35 22 107 45 94 82 51 59 77 19 31 79 23 27 54 7 85 20 75 84 15 99 6 88 61 18 21 87 63 100 32 44 52 28 78 33 13 64 101 39 74 10 58 16 30 95 3 102 47 106 12 43 105 108 69 38 73 80 104 1 67 41 57 109 62 53 36 2 103 92 60 9 46 29 17 8 24 55 90 65 
0 86 83 42 37 25 5 14 34 96 93 72 71 76 98 26 66 50 48 68 11 97 89 40 49 56 91 4 81 78 33 38 10 3 60 102 47 58 16 30 95 73 75 84 100 99 6 88 61 18 21 87 63 15 32 44 52 28 80 20 85 7 54 27 23 79 31 19 77 59 70 35 22 107 45 94 82 51 69 108 105 43 12 106 74 39 101 64 13 104 1 67 41 57 109 62 53 36 2 103 92 9 46 29 17 8 24 55 90 65 
0 86 83 42 37 80 5 14 34 89 40 49 56 91 98 26 66 50 48 68 11 97 96 93 72 76 4 81 70 35 22 107 45 94 82 51 59 77 19 31 79 23 27 54 7 85 20 75 84 15 99 6 71 88 61 18 21 87 63 100 32 44 52 28 25 73 38 33 78 69 108 105 43 12 106 47 102 60 3 95 30 16 58 10 74 39 101 64 13 104 1 67 41 109 62 53 36 2 103 92 9 57 46 29 17 8 24 55 90 65 
0 86 83 42 37 25 5 14 34 89 40 3 60 102 47 106 12 43 105 49 56 58 30 95 91 98 26 66 50 48 68 11 97 96 93 72 71 76 4 81 78 45 107 22 35 70 69 108 10 74 39 101 64 13 104 1 67 41 57 109 62 53 36 2 103 92 9 46 29 17 8 24 55 90 65 94 33 38 73 80 28 52 44 32 100 63 87 21 18 61 88 6 99 15 84 75 20 85 16 7 54 27 23 79 31 19 77 59 51 82 
0 86 83 42 37 25 5 14 77 59 51 82 94 45 107 22 35 70 69 108 105 43 12 106 47 102 60 3 95 30 16 58 10 74 39 101 64 13 104 1 67 41 57 109 62 53 36 2 103 92 9 46 29 17 8 90 79 31 19 34 89 40 63 56 91 98 26 66 50 48 68 11 97 96 93 72 71 76 4 81 78 33 38 73 80 28 52 44 32 100 49 87 21 18 61 88 6 99 15 84 75 20 85 7 54 27 23 24 55 65 
0 86 21 18 61 88 6 99 15 84 75 20 85 7 54 27 23 79 83 42 37 25 5 14 34 89 40 49 56 91 98 26 66 50 48 68 11 97 96 93 72 71 76 4 81 78 33 38 73 80 28 52 44 32 100 63 87 31 19 77 59 51 82 94 45 107 22 43 70 69 108 105 35 12 106 47 102 60 3 95 30 16 58 10 74 39 101 64 13 104 1 67 41 57 109 62 53 36 2 103 92 9 46 29 17 8 24 55 90 65 
0 86 83 42 37 25 5 14 34 89 40 49 56 91 98 26 66 50 48 68 11 97 96 93 72 71 76 4 81 78 33 38 73 80 28 52 44 32 100 63 29 87 21 18 61 88 6 99 15 84 75 20 85 7 54 27 23 79 31 77 59 51 82 94 45 107 22 35 19 70 69 108 105 43 12 106 47 102 60 3 95 30 16 58 10 74 39 101 64 13 104 1 67 41 57 109 62 53 36 2 103 92 9 46 17 8 90 24 55 65 
0 86 83 42 37 25 5 14 34 89 40 49 56 91 98 26 66 50 48 68 11 97 96 93 72 71 76 4 81 70 35 22 107 45 94 82 51 59 77 19 31 79 23 27 54 78 33 38 73 80 28 52 44 32 100 63 87 21 18 61 88 6 99 15 84 75 20 85 7 69 108 41 67 1 104 13 2 103 92 9 46 16 58 10 74 39 101 64 36 53 62 109 57 105 43 12 106 47 102 60 3 95 30 29 17 8 24 55 90 65 
0 86 21 18 61 88 6 99 15 84 75 20 85 7 54 27 23 79 31 19 77 59 51 82 94 45 107 22 35 70 69 108 73 80 28 52 44 32 100 63 87 83 42 37 25 5 14 34 17 40 49 56 91 98 26 66 50 48 68 11 97 96 93 72 71 76 4 81 78 33 38 105 43 12 106 47 102 60 3 30 16 58 10 74 39 101 64 13 104 1 95 67 41 57 109 62 53 36 2 103 92 9 46 29 89 8 90 24 55 65 
0 86 26 42 37 25 5 14 80 89 40 3 60 102 47 58 16 30 95 49 56 91 98 83 66 50 48 68 11 97 96 93 72 71 76 4 81 70 35 22 107 45 94 82 51 59 77 19 31 79 23 27 54 7 85 20 75 84 15 99 6 88 61 18 21 87 63 100 32 44 52 28 34 73 69 108 78 33 38 105 43 12 106 10 74 39 101 64 13 104 1 67 41 57 109 62 36 2 103 92 9 46 29 53 17 8 24 55 90 65 
0 86 83 42 37 25 5 14 34 89 40 49 56 91 98 26 66 50 48 68 11 97 96 93 72 71 76 81 78 33 38 73 80 28 52 44 32 100 63 87 21 18 61 88 4 6 99 15 84 75 20 85 7 54 27 23 79 31 19 77 59 51 82 94 45 107 22 35 70 69 108 105 43 12 106 47 102 60 3 95 30 16 58 10 74 39 101 64 13 104 1 67 41 57 109 62 53 36 24 103 92 9 46 29 17 8 2 55 90 65 
0 86 83 42 37 25 5 14 34 89 40 49 56 91 98 26 66 50 48 68 11 97 96 93 72 71 76 4 81 78 33 38 73 80 28 52 44 32 100 63 87 43 12 106 47 102 60 3 95 30 16 85 7 54 27 23 79 70 35 22 107 45 94 82 51 59 77 19 31 69 108 105 21 18 61 88 6 99 15 84 75 20 58 10 74 39 101 64 13 104 1 67 41 57 109 62 53 36 2 103 92 9 46 29 17 8 24 55 90 65 
0 86 83 42 37 25 5 14 34 89 40 49 56 91 98 26 66 50 48 68 11 59 96 22 107 45 94 82 51 77 19 31 10 95 30 16 58 47 97 93 72 71 76 4 81 70 35 79 23 27 54 7 85 20 75 84 15 99 6 88 61 18 21 87 63 100 32 44 52 28 80 73 38 33 78 69 108 105 43 12 106 102 60 3 74 39 101 64 13 104 1 41 57 109 62 53 67 36 2 103 92 9 46 29 17 8 24 55 90 65 
0 86 83 42 37 25 5 14 85 89 40 49 56 91 98 26 66 50 48 68 11 97 96 93 72 22 107 45 94 82 51 59 77 19 31 79 23 27 54 7 34 20 75 84 15 4 81 78 33 38 73 80 28 52 44 32 100 63 87 21 18 61 88 6 99 71 76 35 70 69 108 105 43 12 106 47 102 60 3 95 30 16 58 10 74 39 101 64 13 104 1 67 41 57 109 62 53 36 2 103 92 9 46 29 17 8 24 55 90 65 
0 86 83 42 37 25 5 34 89 40 3 60 102 47 69 16 56 49 14 87 63 100 32 44 52 28 80 73 108 70 35 22 107 45 94 82 51 59 77 19 31 79 23 27 54 7 85 99 6 88 61 18 21 20 75 84 15 33 78 81 4 10 95 30 91 98 26 66 50 48 68 11 97 96 93 72 71 76 38 105 43 12 106 58 74 39 101 64 13 104 1 67 41 57 109 62 53 36 2 103 92 9 46 29 17 8 24 55 90 65 
0 86 83 42 37 25 5 14 34 89 40 49 56 91 98 99 6 88 61 18 21 87 63 100 32 44 52 28 80 73 38 33 78 54 27 23 79 31 19 77 59 51 82 94 45 107 22 35 70 81 4 76 71 3 60 102 47 58 16 30 95 26 66 50 48 68 11 97 96 93 72 105 15 84 75 20 85 7 10 106 12 69 108 43 57 41 67 1 104 13 64 101 39 109 62 53 36 2 103 92 9 46 29 17 8 90 24 55 74 65 
0 86 83 42 37 25 5 14 81 89 40 49 56 91 98 26 66 50 48 68 11 97 96 93 72 71 76 4 78 33 13 64 101 39 74 10 58 16 30 95 3 60 102 47 106 12 43 105 108 69 38 73 32 80 28 52 44 100 63 87 21 18 61 88 34 70 35 22 107 45 94 82 51 59 77 19 31 79 23 27 54 7 85 57 109 62 53 36 2 103 92 9 46 20 75 84 15 99 6 104 1 67 41 29 17 8 24 55 90 65 
0 86 83 42 37 25 5 14 34 89 40 49 56 91 98 26 66 50 48 68 11 97 96 93 72 71 76 4 81 70 35 22 107 45 94 51 59 77 19 31 79 23 3 60 102 47 58 28 78 33 38 73 80 52 44 32 100 63 87 21 18 61 88 104 99 15 84 75 20 85 7 54 69 108 105 43 12 106 95 30 16 10 74 39 101 64 1 6 13 82 27 67 41 57 109 62 53 36 2 103 92 9 46 29 17 8 24 55 90 65 
0 86 21 18 61 88 6 99 15 84 75 20 85 7 54 27 23 79 31 19 77 59 51 82 94 45 107 83 42 37 25 5 34 89 40 3 60 102 47 69 16 30 95 10 92 81 78 33 22 35 70 58 108 105 43 12 106 74 39 101 64 13 104 14 1 67 41 57 49 56 91 98 26 66 50 48 68 11 97 96 93 72 71 76 38 73 80 28 52 44 32 100 63 87 109 62 53 36 2 103 4 9 46 29 17 8 90 24 55 65 
0 86 83 42 37 25 5 14 34 89 40 49 56 91 98 26 66 50 48 68 11 97 96 93 72 71 76 4 81 70 35 22 107 45 94 82 51 59 77 19 31 79 23 61 54 7 85 20 75 84 15 99 6 88 27 18 87 63 100 32 44 52 28 80 73 38 33 78 69 108 105 43 12 106 47 102 60 3 95 30 16 58 10 74 39 101 64 13 104 1 67 41 57 109 62 53 36 21 2 103 92 9 46 29 17 8 24 55 90 65 
0 86 83 42 37 25 5 14 34 89 40 49 56 91 98 26 66 50 48 68 11 97 96 93 72 71 76 4 81 70 35 22 107 45 73 38 33 78 69 108 105 43 12 106 47 102 85 20 75 84 15 99 6 88 61 18 21 24 8 17 29 46 9 92 103 2 36 53 62 109 57 41 67 1 104 13 64 101 39 74 10 58 16 30 95 3 60 7 54 27 23 79 31 19 77 59 51 82 94 80 28 52 44 32 100 63 87 55 90 65 
0 86 83 42 37 25 33 14 34 89 40 49 56 91 98 26 66 50 48 68 11 97 96 93 72 71 76 4 78 5 38 73 80 28 52 44 81 32 100 63 87 21 18 61 88 6 90 15 84 75 20 85 7 54 27 23 79 31 19 77 59 51 82 94 45 107 22 35 70 69 108 105 43 12 106 47 102 60 3 95 30 16 58 10 74 39 101 64 13 104 1 67 41 57 109 62 53 36 2 103 92 9 46 29 17 8 24 55 99 65 
0 86 21 18 61 88 6 99 15 84 75 20 85 7 54 27 23 79 74 19 77 59 51 82 94 45 107 22 35 70 69 108 73 80 28 52 44 32 100 63 87 83 42 37 25 5 14 34 89 40 49 3 60 102 47 106 12 43 105 56 58 16 30 95 91 98 26 66 50 48 68 11 97 96 93 72 71 76 4 81 78 33 38 10 31 39 101 64 13 104 1 67 41 57 109 62 53 36 2 103 92 9 46 29 17 8 24 55 90 65 
0 86 83 42 37 25 5 14 34 89 40 49 56 91 98 26 66 50 48 68 11 97 96 93 72 71 76 4 81 78 33 38 80 28 52 44 32 100 63 87 21 18 61 88 6 99 15 84 75 20 85 30 16 58 47 102 60 3 19 31 79 23 27 54 7 95 73 77 59 70 35 22 107 45 94 82 51 69 108 105 43 12 106 10 74 39 101 64 13 104 1 67 41 57 109 62 53 36 2 103 92 9 46 29 17 8 24 55 90 65 
0 86 83 42 37 25 5 14 34 89 40 3 60 102 47 58 16 54 95 49 56 91 98 26 66 50 48 68 11 97 96 93 72 71 76 4 81 78 33 38 73 80 28 52 44 32 100 63 87 21 18 61 88 6 99 15 84 75 20 85 7 30 27 23 79 31 19 77 59 51 82 94 45 107 22 35 70 69 108 105 43 12 106 10 74 39 101 64 13 104 1 67 41 57 109 62 53 36 2 103 92 9 46 29 17 8 24 55 90 65 
0 86 83 42 37 25 5 14 34 89 40 49 56 91 98 26 66 50 48 68 11 97 96 93 72 71 76 4 81 70 35 22 107 45 94 82 51 59 77 19 31 79 23 27 54 7 85 20 75 84 15 99 6 88 61 18 21 87 63 100 32 44 52 28 80 73 38 33 78 69 108 105 43 12 106 47 102 60 3 95 30 16 58 10 74 39 101 64 13 104 1 46 41 57 109 62 53 36 2 103 92 9 67 29 17 8 24 55 90 65 
0 86 83 42 37 25 5 14 34 89 40 49 56 91 98 26 66 50 48 68 11 97 96 93 72 71 39 4 81 78 33 38 73 80 28 52 44 32 100 63 87 21 18 61 64 6 99 15 84 75 20 85 7 54 27 23 79 31 19 77 59 51 82 94 45 107 22 35 70 69 108 105 43 12 106 47 102 3 95 30 16 58 10 74 76 101 88 60 13 57 41 67 1 104 109 62 53 36 2 103 92 9 46 29 8 90 24 55 65 17 
0 86 83 42 37 25 5 14 34 89 40 49 56 91 98 26 66 50 48 68 11 97 96 93 72 71 76 4 81 78 22 38 73 80 28 52 44 32 100 63 87 21 18 61 88 6 99 15 84 75 20 85 7 54 27 23 79 31 19 77 59 51 82 94 45 107 33 35 70 69 108 105 43 12 106 47 102 60 3 95 30 16 58 10 74 39 101 64 13 104 65 1 67 41 57 109 62 53 36 2 103 92 9 46 29 17 8 90 24 55 
0 86 83 42 37 25 5 14 34 89 40 49 56 91 98 26 66 50 48 68 11 97 96 93 72 71 76 4 81 78 33 38 73 80 28 52 44 32 100 63 87 21 18 61 88 6 99 15 84 75 20 85 7 54 27 23 79 31 41 57 109 62 53 36 2 103 92 9 46 29 17 8 24 55 106 47 102 60 3 95 30 16 58 10 74 39 101 64 13 104 1 67 19 77 59 51 82 94 45 107 22 35 70 69 108 105 43 12 90 65 
0 86 83 42 37 25 5 14 34 89 40 49 56 91 98 26 66 50 48 68 11 97 96 93 72 71 76 4 81 78 33 38 73 80 28 52 44 32 100 87 21 18 61 88 6 99 15 45 75 20 85 7 54 27 23 53 79 31 19 77 59 51 82 94 84 107 22 35 70 69 108 105 43 12 106 47 102 60 3 95 30 16 58 10 74 39 101 64 13 104 1 67 41 57 109 62 36 2 103 92 63 9 46 29 17 8 24 55 90 65 
0 86 21 18 61 88 6 99 15 84 75 20 85 7 54 27 23 79 102 19 77 59 51 82 94 45 107 22 35 70 69 108 73 80 28 52 44 32 100 63 87 83 42 37 25 5 14 34 89 40 49 56 91 98 26 66 50 48 68 11 97 96 93 72 71 76 4 81 78 33 38 105 43 12 106 47 31 60 3 95 30 16 58 10 74 39 101 64 13 104 1 67 41 57 109 62 53 36 2 103 92 9 46 29 17 8 24 55 90 65 
0 86 83 42 37 25 5 14 34 89 40 49 56 91 98 26 66 50 48 68 11 97 96 93 72 76 4 81 70 35 22 107 45 94 82 51 59 77 19 31 79 23 27 54 7 85 20 75 84 15 99 6 88 61 18 21 87 63 100 104 44 52 28 80 73 38 33 78 69 108 105 43 12 106 47 102 71 24 8 17 29 46 9 92 103 2 36 62 109 41 67 1 32 13 57 64 101 39 74 10 95 30 16 58 3 60 53 55 90 65 
0 86 83 42 37 25 5 14 34 89 40 3 60 102 47 58 49 56 91 98 26 66 50 48 68 11 97 96 93 72 71 76 4 81 78 33 38 73 80 28 52 44 32 100 63 87 82 18 61 88 6 99 15 84 75 20 85 7 54 27 23 79 31 19 74 10 21 77 59 51 94 45 107 22 35 70 69 108 105 43 12 106 95 30 16 39 101 64 57 41 67 1 104 13 109 62 53 36 2 103 92 9 46 29 17 8 90 24 55 65 
0 86 83 42 37 25 5 14 34 89 40 3 60 102 47 58 16 30 95 10 4 81 78 33 15 84 75 20 85 7 49 56 91 98 26 66 50 48 68 11 97 96 38 69 108 105 43 12 106 74 39 101 64 13 104 1 67 41 57 109 62 53 36 2 103 92 9 46 29 17 8 24 55 90 65 80 73 93 72 71 76 70 35 22 107 45 94 82 51 59 77 19 31 79 23 27 54 99 6 88 61 18 21 87 63 100 32 44 52 28 
0 86 83 42 37 25 5 14 34 89 40 31 19 77 59 51 82 94 45 107 22 35 70 69 108 105 43 12 106 47 102 60 3 95 30 16 58 10 74 39 101 21 18 61 29 88 6 99 15 84 75 20 85 7 54 27 23 79 49 56 91 98 26 66 50 48 68 11 97 96 93 72 71 76 4 81 78 33 38 73 80 28 52 44 32 100 63 87 64 13 104 1 67 41 57 109 62 53 36 2 103 92 9 46 17 8 90 24 55 65 
0 86 83 42 37 25 94 82 51 59 77 19 31 79 23 27 54 85 20 75 84 15 99 6 88 61 18 21 87 63 100 32 44 52 28 80 73 38 33 78 81 4 76 71 72 93 96 97 11 68 48 50 66 26 98 91 56 49 40 89 34 14 5 45 107 22 35 70 69 108 105 43 12 106 47 102 60 3 58 16 30 95 10 90 39 101 64 13 104 1 67 7 74 41 57 109 62 53 36 2 103 92 9 46 29 17 8 24 55 65 
0 86 83 42 37 25 5 14 34 89 40 49 44 91 98 26 66 50 48 68 11 97 96 93 72 71 76 4 81 78 33 38 73 80 28 52 56 32 100 63 87 21 18 61 88 6 99 15 84 3 60 102 47 58 16 30 95 10 75 20 77 19 31 79 23 27 54 7 85 59 51 82 94 45 107 22 35 70 69 108 105 43 12 106 74 39 101 64 13 104 1 90 67 41 57 109 62 53 36 2 103 92 9 46 29 17 8 24 55 65 
0 86 83 42 37 25 5 14 34 89 40 49 56 91 98 26 66 50 48 68 11 97 96 93 72 71 76 4 81 70 35 22 107 45 94 82 51 59 77 19 31 10 95 30 16 58 47 79 3 60 102 23 27 54 7 85 20 75 84 15 99 6 88 61 18 21 87 63 100 32 44 52 28 80 73 38 33 78 69 108 105 43 12 106 74 39 101 64 13 104 1 67 41 57 109 62 53 36 2 103 92 9 46 29 17 8 24 55 90 65 
0 86 83 42 37 25 5 14 34 89 40 3 60 102 47 106 12 43 105 49 56 58 16 30 95 91 98 26 66 50 48 68 11 97 96 93 72 71 4 81 78 33 38 80 28 52 44 29 100 63 87 73 32 21 18 61 88 6 15 84 75 20 85 7 54 23 79 31 19 77 17 8 107 94 45 76 22 35 27 70 69 108 59 51 99 82 10 74 39 101 64 13 104 1 67 41 57 109 62 53 36 2 103 92 9 46 90 24 55 65 
0 86 83 42 37 25 5 14 34 89 40 49 102 60 3 95 35 70 61 18 21 87 63 100 32 44 52 28 80 73 38 33 78 81 4 76 71 72 93 96 97 11 68 48 50 66 26 98 91 56 47 45 94 82 51 59 77 19 31 79 23 27 54 7 85 20 75 84 15 99 6 88 90 24 8 17 29 46 9 92 103 2 36 53 62 109 57 41 67 1 104 13 64 101 39 74 10 58 16 30 22 107 69 108 105 43 12 106 55 65 
0 46 83 42 37 25 5 14 34 89 40 49 56 91 98 26 66 58 16 30 95 82 51 59 77 19 31 79 23 27 54 38 73 80 28 52 44 32 100 63 50 48 68 11 97 96 93 72 71 47 102 60 3 10 74 39 101 64 13 104 1 67 41 57 109 62 53 36 2 61 18 21 87 69 108 105 43 12 106 76 4 81 78 33 70 35 22 107 45 94 7 85 20 75 84 15 99 6 88 103 92 9 86 29 17 8 24 55 90 65 
0 86 83 42 37 25 5 109 13 64 101 4 74 10 104 1 67 41 57 106 12 43 105 108 69 107 45 94 15 84 75 20 85 7 47 102 60 3 99 6 88 61 18 21 87 63 100 32 54 27 23 79 31 19 77 59 51 82 95 30 16 58 22 35 70 44 52 28 80 73 38 33 78 81 39 76 71 72 93 96 97 11 68 48 50 66 26 98 91 56 49 40 89 34 14 62 53 36 2 103 92 9 46 29 17 8 24 55 90 65 
0 86 21 18 61 88 6 99 15 84 75 20 85 54 27 23 79 31 105 77 59 51 82 94 45 107 22 35 70 69 108 73 7 80 28 52 44 32 100 63 87 83 42 37 25 5 14 34 89 40 49 56 91 98 26 66 50 48 68 11 97 96 93 72 71 76 4 81 78 33 38 19 43 12 106 47 102 60 3 95 30 16 58 10 74 39 101 64 13 104 1 67 41 57 109 62 53 36 2 103 92 9 46 29 17 8 24 55 90 65 
0 86 83 42 37 25 5 14 34 43 105 108 69 70 35 22 107 45 94 82 51 59 77 19 31 79 23 27 54 7 85 20 75 84 89 40 93 96 97 11 68 48 50 66 26 98 91 56 49 12 106 47 102 60 3 95 30 16 58 10 74 39 57 41 67 1 104 13 64 101 109 62 53 21 2 103 92 9 46 29 71 72 15 99 6 88 61 18 36 87 63 100 32 44 52 28 80 73 38 33 78 4 76 17 8 90 24 55 65 81 
0 86 83 42 37 25 5 14 34 89 40 49 56 91 98 26 66 50 48 68 11 97 96 93 72 71 76 4 81 70 35 22 3 60 102 47 106 65 33 58 16 30 95 10 99 6 88 41 18 21 87 1 100 32 44 52 28 80 73 38 74 39 101 64 13 104 67 63 61 57 12 43 105 108 69 107 45 94 82 59 77 19 31 79 23 27 54 7 85 20 78 15 84 75 51 109 62 53 36 2 103 92 9 46 29 17 8 90 24 55 
0 86 83 42 31 25 5 14 89 40 49 56 91 98 26 66 50 48 68 11 97 96 93 72 71 76 4 81 78 33 38 73 80 28 52 44 32 100 63 29 87 21 18 61 88 6 99 15 84 75 20 85 7 54 27 23 79 37 19 77 59 51 82 94 45 107 22 35 70 69 108 105 43 12 106 47 102 60 3 95 30 16 58 10 74 39 101 64 13 104 1 67 41 57 109 62 53 36 2 103 92 9 46 17 34 8 90 24 55 65 
0 86 83 42 37 25 5 14 34 89 40 49 56 91 98 26 66 50 3 68 11 59 96 93 72 71 60 102 47 58 48 97 76 4 31 78 33 38 73 80 28 52 44 22 107 45 94 82 51 77 19 81 79 23 27 54 7 85 20 75 84 15 99 6 88 61 18 21 87 63 100 32 16 30 95 10 35 70 69 108 105 43 12 106 74 39 101 64 13 104 1 67 41 57 109 62 53 36 2 103 92 9 46 29 17 8 24 55 90 65 
0 86 83 42 37 25 5 14 34 89 40 49 56 91 98 26 66 50 48 68 11 97 96 93 72 71 76 4 81 78 33 38 73 80 13 64 101 39 74 10 58 79 30 95 3 60 102 47 106 12 43 105 108 69 32 28 52 44 100 63 87 21 18 61 88 6 99 15 84 75 20 85 7 54 27 23 16 31 19 77 59 51 82 94 45 107 22 35 70 104 1 67 41 57 109 62 53 36 2 103 92 9 46 29 17 8 24 55 90 65 
0 86 83 42 37 25 5 14 84 89 40 49 56 31 98 26 66 50 48 68 11 97 96 93 72 71 76 4 81 78 33 38 73 21 18 61 88 6 99 15 75 20 85 7 54 27 23 79 91 19 77 59 51 82 94 45 107 22 35 70 69 108 80 28 52 44 32 100 63 87 34 105 43 12 106 47 102 60 3 95 30 16 58 10 74 39 101 64 13 104 1 67 41 57 109 62 53 36 2 103 92 9 46 29 17 8 24 55 90 65 
0 86 83 42 37 25 5 14 34 89 40 49 56 91 98 26 66 50 48 68 82 94 45 107 22 35 70 69 108 105 43 12 106 47 102 60 3 95 30 16 29 10 74 11 97 96 93 72 71 76 4 81 78 33 38 73 80 28 52 44 32 100 63 87 21 18 61 88 6 99 15 84 75 20 85 7 54 27 23 79 31 19 77 59 51 39 101 64 13 1 67 41 57 109 104 62 53 36 2 103 92 9 46 58 17 8 90 24 55 65 
0 86 83 42 37 25 5 14 34 89 40 49 56 91 98 26 66 50 48 68 11 97 96 93 72 71 76 4 81 70 35 22 3 54 102 47 58 16 30 95 78 33 38 73 80 52 44 32 100 63 87 21 18 61 107 45 94 82 51 59 77 19 31 79 23 27 60 7 85 20 75 84 28 15 99 6 88 12 108 105 43 69 106 10 74 39 101 64 13 104 1 67 41 57 109 62 53 36 2 103 92 9 46 29 17 8 24 55 90 65 
0 86 21 18 61 88 6 99 15 84 75 20 85 7 54 27 23 79 83 42 37 25 5 14 34 89 40 49 56 91 98 26 19 50 48 68 11 97 96 93 72 71 76 4 81 78 33 38 73 80 28 52 44 32 100 63 87 103 31 66 77 59 51 82 94 45 107 22 35 70 69 108 105 43 12 106 47 102 60 3 57 41 67 1 104 58 16 30 95 10 74 39 101 64 13 109 62 53 36 2 92 9 46 29 17 8 90 24 55 65 
0 86 83 42 37 25 5 14 34 89 40 49 56 91 98 26 66 50 48 68 11 97 96 93 72 71 76 4 81 78 33 38 73 80 28 52 44 32 100 63 87 21 18 61 88 6 99 15 84 75 20 85 13 54 27 23 79 31 19 43 59 51 82 94 45 107 22 35 70 69 108 105 77 12 106 47 102 60 3 95 30 16 58 10 74 39 101 64 7 104 1 67 41 57 109 62 53 36 2 103 92 9 46 29 17 8 90 24 55 65 
0 86 2 18 61 88 6 99 15 84 75 20 85 7 54 27 23 31 78 105 43 12 106 47 102 79 60 3 95 30 16 58 10 74 39 101 64 13 104 1 67 41 57 25 5 14 34 89 40 49 56 91 98 26 66 50 48 68 11 97 96 93 72 71 76 4 81 38 33 19 77 59 51 82 94 45 107 22 35 70 69 108 73 80 28 52 44 32 100 63 87 83 42 37 109 62 53 36 21 103 92 9 46 29 17 8 24 55 90 65 
0 86 83 42 37 25 5 14 34 89 40 49 56 91 7 54 27 6 79 31 19 77 59 51 82 94 45 107 22 35 70 69 108 10 74 39 101 64 13 104 1 67 41 57 109 62 53 36 2 103 92 9 46 21 18 61 88 23 99 15 84 75 20 85 98 26 66 50 48 68 11 97 96 93 72 71 4 81 78 33 38 80 3 60 102 47 106 12 43 105 58 16 30 95 76 73 28 52 44 32 100 63 87 29 17 8 24 55 90 65 
0 86 83 42 37 25 5 14 34 89 40 49 56 91 98 26 79 50 48 68 11 97 96 93 72 59 51 82 94 45 107 22 35 70 69 108 105 43 74 12 106 57 41 67 1 104 13 10 39 101 64 109 3 60 102 47 23 19 31 66 77 71 76 4 81 78 33 38 73 80 28 52 44 32 100 63 87 21 18 61 88 6 99 15 84 75 20 103 85 7 54 27 58 16 30 95 62 53 36 2 92 9 46 29 17 8 90 24 55 65 
0 86 83 42 18 25 5 14 34 89 40 3 60 102 47 106 12 43 105 49 56 58 16 30 95 91 98 26 66 50 48 68 11 97 96 93 72 71 76 4 81 78 33 38 73 80 28 52 44 32 100 21 37 61 88 6 99 15 84 75 20 85 7 54 27 23 79 31 104 1 67 57 109 62 53 36 63 108 69 70 35 22 107 45 94 82 51 59 77 19 13 90 55 24 8 17 29 46 9 92 103 41 2 87 10 74 39 101 64 65 
