0 19 31 77 90 23 79 55 107 24 29 27 54 92 46 17 8 9 75 85 7 35 20 11 59 22 42 25 37 45 44 70 93 5 32 81 83 109 94 68 51 2 69 82 36 78 84 103 100 39 101 74 99 10 64 33 14 57 80 66 52 106 108 98 15 91 16 12 28 71 49 67 56 58 47 26 102 104 60 105 13 3 95 30 41 88 6 1 38 43 53 50 72 73 76 34 4 89 40 48 62 87 61 96 63 86 21 18 97 65 
0 19 31 77 90 23 79 55 107 24 29 27 54 92 46 17 8 9 75 85 7 35 20 11 59 22 42 25 37 45 44 70 93 5 32 81 83 109 94 68 51 2 69 82 36 78 84 103 100 39 101 74 99 10 64 33 14 57 80 66 52 106 108 98 15 91 16 12 28 71 49 67 56 58 47 26 102 104 60 105 13 3 95 30 41 88 6 1 38 43 53 50 72 73 76 34 4 89 40 48 62 87 61 96 63 86 21 18 97 65 
0 19 31 77 90 23 79 55 107 24 29 27 54 92 46 17 8 9 75 85 7 35 20 11 59 22 42 25 37 45 44 70 93 5 32 81 83 109 94 68 51 2 69 82 36 78 84 103 100 39 101 74 99 10 64 33 14 57 80 66 52 106 108 98 15 91 16 12 28 71 49 67 56 58 47 26 102 104 60 105 13 3 95 30 41 88 6 1 38 43 53 50 72 73 76 34 4 89 40 48 62 87 61 96 63 86 21 18 97 65 
0 19 31 77 90 23 79 55 107 24 29 27 54 92 46 17 8 9 75 85 7 35 20 11 59 22 42 25 37 45 44 70 93 5 32 81 83 109 94 68 51 2 69 82 36 78 84 103 100 39 101 74 99 10 64 33 14 57 80 66 52 106 108 98 15 91 16 12 28 71 49 67 56 58 47 26 102 104 60 105 13 3 95 30 41 88 6 1 38 43 53 50 72 73 76 34 4 89 40 48 62 87 61 96 63 86 21 18 97 65 
0 19 31 77 90 23 79 55 107 24 29 27 54 92 46 17 8 9 75 85 7 35 20 11 59 22 42 25 37 45 44 70 93 5 32 81 83 109 94 68 51 2 69 82 36 78 84 103 100 39 101 74 99 10 64 33 14 57 80 66 52 106 108 98 15 91 16 12 28 71 49 67 56 58 47 26 102 104 60 105 13 3 95 30 41 88 6 1 38 43 53 50 72 73 76 34 4 89 40 48 62 87 61 96 63 86 21 18 97 65 
0 19 31 77 90 23 79 55 107 24 29 27 54 92 46 17 8 9 75 85 7 35 20 11 59 22 42 25 37 45 44 70 93 5 32 81 83 109 94 68 51 2 69 82 36 78 84 103 100 39 101 74 99 10 64 33 14 57 80 66 52 106 108 98 15 91 16 12 28 71 49 67 56 58 47 26 102 104 60 105 13 3 95 30 41 88 6 1 38 43 53 50 72 73 76 34 4 89 40 48 62 87 61 96 63 86 21 18 97 65 
0 19 31 77 90 23 79 55 107 24 29 27 54 92 46 17 8 9 75 85 7 35 20 11 59 22 42 25 37 45 44 70 93 5 32 81 83 109 94 68 51 2 69 82 36 78 84 103 100 39 101 74 99 10 64 33 14 57 80 66 52 106 108 98 15 91 16 12 28 71 49 67 56 58 47 26 102 104 60 105 13 3 95 30 41 88 6 1 38 43 53 50 72 73 76 34 4 89 40 48 62 87 61 96 63 86 21 18 97 65 
0 19 31 77 90 23 79 55 107 24 29 27 54 92 46 17 8 9 75 85 7 35 20 11 59 22 42 25 37 45 44 70 93 5 32 81 83 109 94 68 51 2 69 82 36 78 84 103 100 39 101 74 99 10 64 33 14 57 80 66 52 106 108 98 15 91 16 12 28 71 49 67 56 58 47 26 102 104 60 105 13 3 95 30 41 88 6 1 38 43 53 50 72 73 76 34 4 89 40 48 62 87 61 96 63 86 21 18 97 65 
0 19 31 77 90 23 79 55 107 24 29 27 54 92 46 17 8 9 75 85 7 35 20 11 59 22 42 25 37 45 44 70 93 5 32 81 83 109 94 68 51 2 69 82 36 78 84 103 100 39 101 74 99 10 64 33 14 57 80 66 52 106 108 98 15 91 16 12 28 71 49 67 56 58 47 26 102 104 60 105 13 3 95 30 41 88 6 1 38 43 53 50 72 73 76 34 4 89 40 48 62 87 61 96 63 86 21 18 97 65 
0 19 31 77 90 23 79 55 107 24 29 27 54 92 46 17 8 9 75 85 7 35 20 11 59 22 42 25 37 45 44 70 93 5 32 81 83 109 94 68 51 2 69 82 36 78 84 103 100 39 101 74 99 10 64 33 14 57 80 66 52 106 108 98 15 91 16 12 28 71 49 67 56 58 47 26 102 104 60 105 13 3 95 30 41 88 6 1 38 43 53 50 72 73 76 34 4 89 40 48 62 87 61 96 63 86 21 18 97 65 
0 19 31 77 90 23 79 55 107 24 29 27 54 92 46 17 8 9 75 85 7 35 20 11 59 22 42 25 37 45 44 70 93 5 32 81 83 109 94 68 51 2 69 82 36 78 84 103 100 39 101 74 99 10 64 33 14 57 80 66 52 106 108 98 15 91 16 12 28 71 49 67 56 58 47 26 102 104 60 105 13 3 95 30 41 88 6 1 38 43 53 50 72 73 76 34 4 89 40 48 62 87 61 96 63 86 21 18 97 65 
0 19 31 77 90 23 79 55 107 24 29 27 54 92 46 17 8 9 75 85 7 35 20 11 59 22 42 25 37 45 44 70 93 5 32 81 83 109 94 68 51 2 69 82 36 78 84 103 100 39 101 74 99 10 64 33 14 57 80 66 52 106 108 98 15 91 16 12 28 71 49 67 56 58 47 26 102 104 60 105 13 3 95 30 41 88 6 1 38 43 53 50 72 73 76 34 4 89 40 48 62 87 61 96 63 86 21 18 97 65 
0 19 31 77 90 23 79 55 107 24 29 27 54 92 46 17 8 9 75 85 7 35 20 11 59 22 42 25 37 45 44 70 93 5 32 81 83 109 94 68 51 2 69 82 36 78 84 103 100 39 101 74 99 10 64 33 14 57 80 66 52 106 108 98 15 91 16 12 28 71 49 67 56 58 47 26 102 104 60 105 13 3 95 30 41 88 6 1 38 43 53 50 72 73 76 34 4 89 40 48 62 87 61 96 63 86 21 18 97 65 
0 19 31 77 90 23 79 55 107 24 29 27 54 92 46 17 8 9 75 85 7 35 20 11 59 22 42 25 37 45 44 70 93 5 32 81 83 109 94 68 51 2 69 82 36 78 84 103 100 39 101 74 99 10 64 33 14 57 80 66 52 106 108 98 15 91 16 12 28 71 49 67 56 58 47 26 102 104 60 105 13 3 95 30 41 88 6 1 38 43 53 50 72 73 76 34 4 89 40 48 62 87 61 96 63 86 21 18 97 65 
0 19 31 77 90 23 79 55 107 24 29 27 54 92 46 17 8 9 75 85 7 35 20 11 59 22 42 25 37 45 44 70 93 5 32 81 83 109 94 68 51 2 69 82 36 78 84 103 100 39 101 74 99 10 64 33 14 57 80 66 52 106 108 98 15 91 16 12 28 71 49 67 56 58 47 26 102 104 60 105 13 3 95 30 41 88 6 1 38 43 53 50 72 73 76 34 4 89 40 48 62 87 61 96 63 86 21 18 97 65 
0 19 31 77 90 23 79 55 107 24 29 27 54 92 46 17 8 9 75 85 7 35 20 11 59 22 42 25 37 45 44 70 93 5 32 81 83 109 94 68 51 2 69 82 36 78 84 103 100 39 101 74 99 10 64 33 14 57 80 66 52 106 108 98 15 91 16 12 28 71 49 67 56 58 47 26 102 104 60 105 13 3 95 30 41 88 6 1 38 43 53 50 72 73 76 34 4 89 40 48 62 87 61 96 63 86 21 18 97 65 
0 19 31 77 90 23 79 55 107 24 29 27 54 92 46 17 8 9 75 85 7 35 20 11 59 22 42 25 37 45 44 70 93 5 32 81 83 109 94 68 51 2 69 82 36 78 84 103 100 39 101 74 99 10 64 33 14 57 80 66 52 106 108 98 15 91 16 12 28 71 49 67 56 58 47 26 102 104 60 105 13 3 95 30 41 88 6 1 38 43 53 50 72 73 76 34 4 89 40 48 62 87 61 96 63 86 21 18 97 65 
0 19 31 77 90 23 79 55 107 24 29 27 54 92 46 17 8 9 75 85 7 35 20 11 59 22 42 25 37 45 44 70 93 5 32 81 83 109 94 68 51 2 69 82 36 78 84 103 100 39 101 74 99 10 64 33 14 57 80 66 52 106 108 98 15 91 16 12 28 71 49 67 56 58 47 26 102 104 60 105 13 3 95 30 41 88 6 1 38 43 53 50 72 73 76 34 4 89 40 48 62 87 61 96 63 86 21 18 97 65 
0 19 31 77 90 23 79 55 107 24 29 27 54 92 46 17 8 9 75 85 7 35 20 11 59 22 42 25 37 45 44 70 93 5 32 81 83 109 94 68 51 2 69 82 36 78 84 103 100 39 101 74 99 10 64 33 14 57 80 66 52 106 108 98 15 91 16 12 28 71 49 67 56 58 47 26 102 104 60 105 13 3 95 30 41 88 6 1 38 43 53 50 72 73 76 34 4 89 40 48 62 87 61 96 63 86 21 18 97 65 
0 19 31 77 90 23 79 55 107 24 29 27 54 92 46 17 8 9 75 85 7 35 20 11 59 22 42 25 37 45 44 70 93 5 32 81 83 109 94 68 51 2 69 82 36 78 84 103 100 39 101 74 99 10 64 33 14 57 80 66 52 106 108 98 15 91 16 12 28 71 49 67 56 58 47 26 102 104 60 105 13 3 95 30 41 88 6 1 38 43 53 50 72 73 76 34 4 89 40 48 62 87 61 96 63 86 21 18 97 65 
0 19 31 77 90 23 79 55 107 24 29 27 54 92 46 17 8 9 75 85 7 35 20 11 59 22 42 25 37 45 44 70 93 5 32 81 83 109 94 68 51 2 69 82 36 78 84 103 100 39 101 74 99 10 64 33 14 57 80 66 52 106 108 98 15 91 16 12 28 71 49 67 56 58 47 26 102 104 60 105 13 3 95 30 41 88 6 1 38 43 53 50 72 73 76 34 4 89 40 48 62 87 61 96 63 86 21 18 97 65 
0 19 31 77 90 23 79 55 107 24 29 27 54 92 46 17 8 9 75 85 7 35 20 11 59 22 42 25 37 45 44 70 93 5 32 81 83 109 94 68 51 2 69 82 36 78 84 103 100 39 101 74 99 10 64 33 14 57 80 66 52 106 108 98 15 91 16 12 28 71 49 67 56 58 47 26 102 104 60 105 13 3 95 30 41 88 6 1 38 43 53 50 72 73 76 34 4 89 40 48 62 87 61 96 63 86 21 18 97 65 
0 19 31 77 90 23 79 55 107 24 29 27 54 92 46 17 8 9 75 85 7 35 20 11 59 22 42 25 37 45 44 70 93 5 32 81 83 109 94 68 51 2 69 82 36 78 84 103 100 39 101 74 99 10 64 33 14 57 80 66 52 106 108 98 15 91 16 12 28 71 49 67 56 58 47 26 102 104 60 105 13 3 95 30 41 88 6 1 38 43 53 50 72 73 76 34 4 89 40 48 62 87 61 96 63 86 21 18 97 65 
0 19 31 77 90 23 79 55 107 24 29 27 54 92 46 17 8 9 75 85 7 35 20 11 59 22 42 25 37 45 44 70 93 5 32 81 83 109 94 68 51 2 69 82 36 78 84 103 100 39 101 74 99 10 64 33 14 57 80 66 52 106 108 98 15 91 16 12 28 71 49 67 56 58 47 26 102 104 60 105 13 3 95 30 41 88 6 1 38 43 53 50 72 73 76 34 4 89 40 48 62 87 61 96 63 86 21 18 97 65 
0 19 31 77 90 23 79 55 107 24 29 27 54 92 46 17 8 9 75 85 7 35 20 11 59 22 42 25 37 45 44 70 93 5 32 81 83 109 94 68 51 2 69 82 36 78 84 103 100 39 101 74 99 10 64 33 14 57 80 66 52 106 108 98 15 91 16 12 28 71 49 67 56 58 47 26 102 104 60 105 13 3 95 30 41 88 6 1 38 43 53 50 72 73 76 34 4 89 40 48 62 87 61 96 63 86 21 18 97 65 
0 19 31 77 90 23 79 55 107 24 29 27 54 92 46 17 8 9 75 85 7 35 20 11 59 22 42 25 37 45 44 70 93 5 32 81 83 109 94 68 51 2 69 82 36 78 84 103 100 39 101 74 99 10 64 33 14 57 80 66 52 106 108 98 15 91 16 12 28 71 49 67 56 58 47 26 102 104 60 105 13 3 95 30 41 88 6 1 38 43 53 50 72 73 76 34 4 89 40 48 62 87 61 96 63 86 21 18 97 65 
0 19 31 77 90 23 79 55 107 24 29 27 54 92 46 17 8 9 75 85 7 35 20 11 59 22 42 25 37 45 44 70 93 5 32 81 83 109 94 68 51 2 69 82 36 78 84 103 100 39 101 74 99 10 64 33 14 57 80 66 52 106 108 98 15 91 16 12 28 71 49 67 56 58 47 26 102 104 60 105 13 3 95 30 41 88 6 1 38 43 53 50 72 73 76 34 4 89 40 48 62 87 61 96 63 86 21 18 97 65 
0 19 31 77 90 23 79 55 107 24 29 27 54 92 46 17 8 9 75 85 7 35 20 11 59 22 42 25 37 45 44 70 93 5 32 81 83 109 94 68 51 2 69 82 36 78 84 103 100 39 101 74 99 10 64 33 14 57 80 66 52 106 108 98 15 91 16 12 28 71 49 67 56 58 47 26 102 104 60 105 13 3 95 30 41 88 6 1 38 43 53 50 72 73 76 34 4 89 40 48 62 87 61 96 63 86 21 18 97 65 
0 19 31 77 90 23 79 55 107 24 29 27 54 92 46 17 8 9 75 85 7 35 20 11 59 22 42 25 37 45 44 70 93 5 32 81 83 109 94 68 51 2 69 82 36 78 84 103 100 39 101 74 99 10 64 33 14 57 80 66 52 106 108 98 15 91 16 12 28 71 49 67 56 58 47 26 102 104 60 105 13 3 95 30 41 88 6 1 38 43 53 50 72 73 76 34 4 89 40 48 62 87 61 96 63 86 21 18 97 65 
0 19 31 77 90 23 79 55 107 24 29 27 54 92 46 17 8 9 75 85 7 35 20 11 59 22 42 25 37 45 44 70 93 5 32 81 83 109 94 68 51 2 69 82 36 78 84 103 100 39 101 74 99 10 64 33 14 57 80 66 52 106 108 98 15 91 16 12 28 71 49 67 56 58 47 26 102 104 60 105 13 3 95 30 41 88 6 1 38 43 53 50 72 73 76 34 4 89 40 48 62 87 61 96 63 86 21 18 97 65 
0 19 31 77 90 23 79 55 107 24 29 27 54 92 46 17 8 9 75 85 7 35 20 11 59 22 42 25 37 45 44 70 93 5 32 81 83 109 94 68 51 2 69 82 36 78 84 103 100 39 101 74 99 10 64 33 14 57 80 66 52 106 108 98 15 91 16 12 28 71 49 67 56 58 47 26 102 104 60 105 13 3 95 30 41 88 6 1 38 43 53 50 72 73 76 34 4 89 40 48 62 87 61 96 63 86 21 18 97 65 
0 19 31 77 90 23 79 55 107 24 29 27 54 92 46 17 8 9 75 85 7 35 20 11 59 22 42 25 37 45 44 70 93 5 32 81 83 109 94 68 51 2 69 82 36 78 84 103 100 39 101 74 99 10 64 33 14 57 80 66 52 106 108 98 15 91 16 12 28 71 49 67 56 58 47 26 102 104 60 105 13 3 95 30 41 88 6 1 38 43 53 50 72 73 76 34 4 89 40 48 62 87 61 96 63 86 21 18 97 65 
0 19 31 77 90 23 79 55 107 24 29 27 54 92 46 17 8 9 75 85 7 35 20 11 59 22 42 25 37 45 44 70 93 5 32 81 83 109 94 68 51 2 69 82 36 78 84 103 100 39 101 74 99 10 64 33 14 57 80 66 52 106 108 98 15 91 16 12 28 71 49 67 56 58 47 26 102 104 60 105 13 3 95 30 41 88 6 1 38 43 53 50 72 73 76 34 4 89 40 48 62 87 61 96 63 86 21 18 97 65 
0 19 31 77 90 23 79 55 107 24 29 27 54 92 46 17 8 9 75 85 7 35 20 11 59 22 42 25 37 45 44 70 93 5 32 81 83 109 94 68 51 2 69 82 36 78 84 103 100 39 101 74 99 10 64 33 14 57 80 66 52 106 108 98 15 91 16 12 28 71 49 67 56 58 47 26 102 104 60 105 13 3 95 30 41 88 6 1 38 43 53 50 72 73 76 34 4 89 40 48 62 87 61 96 63 86 21 18 97 65 
0 19 31 77 90 23 79 55 107 24 29 27 54 92 46 17 8 9 75 85 7 35 20 11 59 22 42 25 37 45 44 70 93 5 32 81 83 109 94 68 51 2 69 82 36 78 84 103 100 39 101 74 99 10 64 33 14 57 80 66 52 106 108 98 15 91 16 12 28 71 49 67 56 58 47 26 102 104 60 105 13 3 95 30 41 88 6 1 38 43 53 50 72 73 76 34 4 89 40 48 62 87 61 96 63 86 21 18 97 65 
0 19 31 77 90 23 79 55 107 24 29 27 54 92 46 17 8 9 75 85 7 35 20 11 59 22 42 25 37 45 44 70 93 5 32 81 83 109 94 68 51 2 69 82 36 78 84 103 100 39 101 74 99 10 64 33 14 57 80 66 52 106 108 98 15 91 16 12 28 71 49 67 56 58 47 26 102 104 60 105 13 3 95 30 41 88 6 1 38 43 53 50 72 73 76 34 4 89 40 48 62 87 61 96 63 86 21 18 97 65 
0 19 31 77 90 23 79 55 107 24 29 27 54 92 46 17 8 9 75 85 7 35 20 11 59 22 42 25 37 45 44 70 93 5 32 81 83 109 94 68 51 2 69 82 36 78 84 103 100 39 101 74 99 10 64 33 14 57 80 66 52 106 108 98 15 91 16 12 28 71 49 67 56 58 47 26 102 104 60 105 13 3 95 30 41 88 6 1 38 43 53 50 72 73 76 34 4 89 40 48 62 87 61 96 63 86 21 18 97 65 
0 19 31 77 90 23 79 55 107 24 29 27 54 92 46 17 8 9 75 85 7 35 20 11 59 22 42 25 37 45 44 70 93 5 32 81 83 109 94 68 51 2 69 82 36 78 84 103 100 39 101 74 99 10 64 33 14 57 80 66 52 106 108 98 15 91 16 12 28 71 49 67 56 58 47 26 102 104 60 105 13 3 95 30 41 88 6 1 38 43 53 50 72 73 76 34 4 89 40 48 62 87 61 96 63 86 21 18 97 65 
0 19 31 77 90 23 79 55 107 24 29 27 54 92 46 17 8 9 75 85 7 35 20 11 59 22 42 25 37 45 44 70 93 5 32 81 83 109 94 68 51 2 69 82 36 78 84 103 100 39 101 74 99 10 64 33 14 57 80 66 52 106 108 98 15 91 16 12 28 71 49 67 56 58 47 26 102 104 60 105 13 3 95 30 41 88 6 1 38 43 53 50 72 73 76 34 4 89 40 48 62 87 61 96 63 86 21 18 97 65 
0 19 31 77 90 23 79 55 107 24 29 27 54 92 46 17 8 9 75 85 7 35 20 11 59 22 42 25 37 45 44 70 93 5 32 81 83 109 94 68 51 2 69 82 36 78 84 103 100 39 101 74 99 10 64 33 14 57 80 66 52 106 108 98 15 91 16 12 28 71 49 67 56 58 47 26 102 104 60 105 13 3 95 30 41 88 6 1 38 43 53 50 72 73 76 34 4 89 40 48 62 87 61 96 63 86 21 18 97 65 
0 19 31 77 90 23 79 55 107 24 29 27 54 92 46 17 8 9 75 85 7 35 20 11 59 22 42 25 37 45 44 70 93 5 32 81 83 109 94 68 51 2 69 82 36 78 84 103 100 39 101 74 99 10 64 33 14 57 80 66 52 106 108 98 15 91 16 12 28 71 49 67 56 58 47 26 102 104 60 105 13 3 95 30 41 88 6 1 38 43 53 50 72 73 76 34 4 89 40 48 62 87 61 96 63 86 21 18 97 65 
0 19 31 77 90 23 79 55 107 24 29 27 54 92 46 17 8 9 75 85 7 35 20 11 59 22 42 25 37 45 44 70 93 5 32 81 83 109 94 68 51 2 69 82 36 78 84 103 100 39 101 74 99 10 64 33 14 57 80 66 52 106 108 98 15 91 16 12 28 71 49 67 56 58 47 26 102 104 60 105 13 3 95 30 41 88 6 1 38 43 53 50 72 73 76 34 4 89 40 48 62 87 61 96 63 86 21 18 97 65 
0 19 31 77 90 23 79 55 107 24 29 27 54 92 46 17 8 9 75 85 7 35 20 11 59 22 42 25 37 45 44 70 93 5 32 81 83 109 94 68 51 2 69 82 36 78 84 103 100 39 101 74 99 10 64 33 14 57 80 66 52 106 108 98 15 91 16 12 28 71 49 67 56 58 47 26 102 104 60 105 13 3 95 30 41 88 6 1 38 43 53 50 72 73 76 34 4 89 40 48 62 87 61 96 63 86 21 18 97 65 
0 19 31 77 90 23 79 55 107 24 29 27 54 92 46 17 8 9 75 85 7 35 20 11 59 22 42 25 37 45 44 70 93 5 32 81 83 109 94 68 51 2 69 82 36 78 84 103 100 39 101 74 99 10 64 33 14 57 80 66 52 106 108 98 15 91 16 12 28 71 49 67 56 58 47 26 102 104 60 105 13 3 95 30 41 88 6 1 38 43 53 50 72 73 76 34 4 89 40 48 62 87 61 96 63 86 21 18 97 65 
0 19 31 77 90 23 79 55 107 24 29 27 54 92 46 17 8 9 75 85 7 35 20 11 59 22 42 25 37 45 44 70 93 5 32 81 83 109 94 68 51 2 69 82 36 78 84 103 100 39 101 74 99 10 64 33 14 57 80 66 52 106 108 98 15 91 16 12 28 71 49 67 56 58 47 26 102 104 60 105 13 3 95 30 41 88 6 1 38 43 53 50 72 73 76 34 4 89 40 48 62 87 61 96 63 86 21 18 97 65 
0 19 31 77 90 23 79 55 107 24 29 27 54 92 46 17 8 9 75 85 7 35 20 11 59 22 42 25 37 45 44 70 93 5 32 81 83 109 94 68 51 2 69 82 36 78 84 103 100 39 101 74 99 10 64 33 14 57 80 66 52 106 108 98 15 91 16 12 28 71 49 67 56 58 47 26 102 104 60 105 13 3 95 30 41 88 6 1 38 43 53 50 72 73 76 34 4 89 40 48 62 87 61 96 63 86 21 18 97 65 
0 19 31 77 90 23 79 55 107 24 29 27 54 92 46 17 8 9 75 85 7 35 20 11 59 22 42 25 37 45 44 70 93 5 32 81 83 109 94 68 51 2 69 82 36 78 84 103 100 39 101 74 99 10 64 33 14 57 80 66 52 106 108 98 15 91 16 12 28 71 49 67 56 58 47 26 102 104 60 105 13 3 95 30 41 88 6 1 38 43 53 50 72 73 76 34 4 89 40 48 62 87 61 96 63 86 21 18 97 65 
0 19 31 77 90 23 79 55 107 24 29 27 54 92 46 17 8 9 75 85 7 35 20 11 59 22 42 25 37 45 44 70 93 5 32 81 83 109 94 68 51 2 69 82 36 78 84 103 100 39 101 74 99 10 64 33 14 57 80 66 52 106 108 98 15 91 16 12 28 71 49 67 56 58 47 26 102 104 60 105 13 3 95 30 41 88 6 1 38 43 53 50 72 73 76 34 4 89 40 48 62 87 61 96 63 86 21 18 97 65 
0 19 31 77 90 23 79 55 107 24 29 27 54 92 46 17 8 9 75 85 7 35 20 11 59 22 42 25 37 45 44 70 93 5 32 81 83 109 94 68 51 2 69 82 36 78 84 103 100 39 101 74 99 10 64 33 14 57 80 66 52 106 108 98 15 91 16 12 28 71 49 67 56 58 47 26 102 104 60 105 13 3 95 30 41 88 6 1 38 43 53 50 72 73 76 34 4 89 40 48 62 87 61 96 63 86 21 18 97 65 
0 19 31 77 90 23 79 55 107 24 29 27 54 92 46 17 8 9 75 85 7 35 20 11 59 22 42 25 37 45 44 70 93 5 32 81 83 109 94 68 51 2 69 82 36 78 84 103 100 39 101 74 99 10 64 33 14 57 80 66 52 106 108 98 15 91 16 12 28 71 49 67 56 58 47 26 102 104 60 105 13 3 95 30 41 88 6 1 38 43 53 50 72 73 76 34 4 89 40 48 62 87 61 96 63 86 21 18 97 65 
0 19 31 77 90 23 79 55 107 24 29 27 54 92 46 17 8 9 75 85 7 35 20 11 59 22 42 25 37 45 44 70 93 5 32 81 83 109 94 68 51 2 69 82 36 78 84 103 100 39 101 74 99 10 64 33 14 57 80 66 52 106 108 98 15 91 16 12 28 71 49 67 56 58 47 26 102 104 60 105 13 3 95 30 41 88 6 1 38 43 53 50 72 73 76 34 4 89 40 48 62 87 61 96 63 86 21 18 97 65 
0 19 31 77 90 23 79 55 107 24 29 27 54 92 46 17 8 9 75 85 7 35 20 11 59 22 42 25 37 45 44 70 93 5 32 81 83 109 94 68 51 2 69 82 36 78 84 103 100 39 101 74 99 10 64 33 14 57 80 66 52 106 108 98 15 91 16 12 28 71 49 67 56 58 47 26 102 104 60 105 13 3 95 30 41 88 6 1 38 43 53 50 72 73 76 34 4 89 40 48 62 87 61 96 63 86 21 18 97 65 
0 19 31 77 90 23 79 55 107 24 29 27 54 92 46 17 8 9 75 85 7 35 20 11 59 22 42 25 37 45 44 70 93 5 32 81 83 109 94 68 51 2 69 82 36 78 84 103 100 39 101 74 99 10 64 33 14 57 80 66 52 106 108 98 15 91 16 12 28 71 49 67 56 58 47 26 102 104 60 105 13 3 95 30 41 88 6 1 38 43 53 50 72 73 76 34 4 89 40 48 62 87 61 96 63 86 21 18 97 65 
0 19 31 77 90 23 79 55 107 24 29 27 54 92 46 17 8 9 75 85 7 35 20 11 59 22 42 25 37 45 44 70 93 5 32 81 83 109 94 68 51 2 69 82 36 78 84 103 100 39 101 74 99 10 64 33 14 57 80 66 52 106 108 98 15 91 16 12 28 71 49 67 56 58 47 26 102 104 60 105 13 3 95 30 41 88 6 1 38 43 53 50 72 73 76 34 4 89 40 48 62 87 61 96 63 86 21 18 97 65 
0 19 31 77 90 23 79 55 107 24 29 27 54 92 46 17 8 9 75 85 7 35 20 11 59 22 42 25 37 45 44 70 93 5 32 81 83 109 94 68 51 2 69 82 36 78 84 103 100 39 101 74 99 10 64 33 14 57 80 66 52 106 108 98 15 91 16 12 28 71 49 67 56 58 47 26 102 104 60 105 13 3 95 30 41 88 6 1 38 43 53 50 72 73 76 34 4 89 40 48 62 87 61 96 63 86 21 18 97 65 
0 19 31 77 90 23 79 55 107 24 29 27 54 92 46 17 8 9 75 85 7 35 20 11 59 22 42 25 37 45 44 70 93 5 32 81 83 109 94 68 51 2 69 82 36 78 84 103 100 39 101 74 99 10 64 33 14 57 80 66 52 106 108 98 15 91 16 12 28 71 49 67 56 58 47 26 102 104 60 105 13 3 95 30 41 88 6 1 38 43 53 50 72 73 76 34 4 89 40 48 62 87 61 96 63 86 21 18 97 65 
0 19 31 77 90 23 79 55 107 24 29 27 54 92 46 17 8 9 75 85 7 35 20 11 59 22 42 25 37 45 44 70 93 5 32 81 83 109 94 68 51 2 69 82 36 78 84 103 100 39 101 74 99 10 64 33 14 57 80 66 52 106 108 98 15 91 16 12 28 71 49 67 56 58 47 26 102 104 60 105 13 3 95 30 41 88 6 1 38 43 53 50 72 73 76 34 4 89 40 48 62 87 61 96 63 86 21 18 97 65 
0 19 31 77 90 23 79 55 107 24 29 27 54 92 46 17 8 9 75 85 7 35 20 11 59 22 42 25 37 45 44 70 93 5 32 81 83 109 94 68 51 2 69 82 36 78 84 103 100 39 101 74 99 10 64 33 14 57 80 66 52 106 108 98 15 91 16 12 28 71 49 67 56 58 47 26 102 104 60 105 13 3 95 30 41 88 6 1 38 43 53 50 72 73 76 34 4 89 40 48 62 87 61 96 63 86 21 18 97 65 
0 19 31 77 90 23 79 55 107 24 29 27 54 92 46 17 8 9 75 85 7 35 20 11 59 22 42 25 37 45 44 70 93 5 32 81 83 109 94 68 51 2 69 82 36 78 84 103 100 39 101 74 99 10 64 33 14 57 80 66 52 106 108 98 15 91 16 12 28 71 49 67 56 58 47 26 102 104 60 105 13 3 95 30 41 88 6 1 38 43 53 50 72 73 76 34 4 89 40 48 62 87 61 96 63 86 21 18 97 65 
0 19 31 77 90 23 79 55 107 24 29 27 54 92 46 17 8 9 75 85 7 35 20 11 59 22 42 25 37 45 44 70 93 5 32 81 83 109 94 68 51 2 69 82 36 78 84 103 100 39 101 74 99 10 64 33 14 57 80 66 52 106 108 98 15 91 16 12 28 71 49 67 56 58 47 26 102 104 60 105 13 3 95 30 41 88 6 1 38 43 53 50 72 73 76 34 4 89 40 48 62 87 61 96 63 86 21 18 97 65 
0 19 31 77 90 23 79 55 107 24 29 27 54 92 46 17 8 9 75 85 7 35 20 11 59 22 42 25 37 45 44 70 93 5 32 81 83 109 94 68 51 2 69 82 36 78 84 103 100 39 101 74 99 10 64 33 14 57 80 66 52 106 108 98 15 91 16 12 28 71 49 67 56 58 47 26 102 104 60 105 13 3 95 30 41 88 6 1 38 43 53 50 72 73 76 34 4 89 40 48 62 87 61 96 63 86 21 18 97 65 
0 19 31 77 90 23 79 55 107 24 29 27 54 92 46 17 8 9 75 85 7 35 20 11 59 22 42 25 37 45 44 70 93 5 32 81 83 109 94 68 51 2 69 82 36 78 84 103 100 39 101 74 99 10 64 33 14 57 80 66 52 106 108 98 15 91 16 12 28 71 49 67 56 58 47 26 102 104 60 105 13 3 95 30 41 88 6 1 38 43 53 50 72 73 76 34 4 89 40 48 62 87 61 96 63 86 21 18 97 65 
0 19 31 77 90 23 79 55 107 24 29 27 54 92 46 17 8 9 75 85 7 35 20 11 59 22 42 25 37 45 44 70 93 5 32 81 83 109 94 68 51 2 69 82 36 78 84 103 100 39 101 74 99 10 64 33 14 57 80 66 52 106 108 98 15 91 16 12 28 71 49 67 56 58 47 26 102 104 60 105 13 3 95 30 41 88 6 1 38 43 53 50 72 73 76 34 4 89 40 48 62 87 61 96 63 86 21 18 97 65 
0 19 31 77 90 23 79 55 107 24 29 27 54 92 46 17 8 9 75 85 7 35 20 11 59 22 42 25 37 45 44 70 93 5 32 81 83 109 94 68 51 2 69 82 36 78 84 103 100 39 101 74 99 10 64 33 14 57 80 66 52 106 108 98 15 91 16 12 28 71 49 67 56 58 47 26 102 104 60 105 13 3 95 30 41 88 6 1 38 43 53 50 72 73 76 34 4 89 40 48 62 87 61 96 63 86 21 18 97 65 
0 19 31 77 90 23 79 55 107 24 29 27 54 92 46 17 8 9 75 85 7 35 20 11 59 22 42 25 37 45 44 70 93 5 32 81 83 109 94 68 51 2 69 82 36 78 84 103 100 39 101 74 99 10 64 33 14 57 80 66 52 106 108 98 15 91 16 12 28 71 49 67 56 58 47 26 102 104 60 105 13 3 95 30 41 88 6 1 38 43 53 50 72 73 76 34 4 89 40 48 62 87 61 96 63 86 21 18 97 65 
0 19 31 77 90 23 79 55 107 24 29 27 54 92 46 17 8 9 75 85 7 35 20 11 59 22 42 25 37 45 44 70 93 5 32 81 83 109 94 68 51 2 69 82 36 78 84 103 100 39 101 74 99 10 64 33 14 57 80 66 52 106 108 98 15 91 16 12 28 71 49 67 56 58 47 26 102 104 60 105 13 3 95 30 41 88 6 1 38 43 53 50 72 73 76 34 4 89 40 48 62 87 61 96 63 86 21 18 97 65 
0 19 31 77 90 23 79 55 107 24 29 27 54 92 46 17 8 9 75 85 7 35 20 11 59 22 42 25 37 45 44 70 93 5 32 81 83 109 94 68 51 2 69 82 36 78 84 103 100 39 101 74 99 10 64 33 14 57 80 66 52 106 108 98 15 91 16 12 28 71 49 67 56 58 47 26 102 104 60 105 13 3 95 30 41 88 6 1 38 43 53 50 72 73 76 34 4 89 40 48 62 87 61 96 63 86 21 18 97 65 
0 19 31 77 90 23 79 55 107 24 29 27 54 92 46 17 8 9 75 85 7 35 20 11 59 22 42 25 37 45 44 70 93 5 32 81 83 109 94 68 51 2 69 82 36 78 84 103 100 39 101 74 99 10 64 33 14 57 80 66 52 106 108 98 15 91 16 12 28 71 49 67 56 58 47 26 102 104 60 105 13 3 95 30 41 88 6 1 38 43 53 50 72 73 76 34 4 89 40 48 62 87 61 96 63 86 21 18 97 65 
0 19 31 77 90 23 79 55 107 24 29 27 54 92 46 17 8 9 75 85 7 35 20 11 59 22 42 25 37 45 44 70 93 5 32 81 83 109 94 68 51 2 69 82 36 78 84 103 100 39 101 74 99 10 64 33 14 57 80 66 52 106 108 98 15 91 16 12 28 71 49 67 56 58 47 26 102 104 60 105 13 3 95 30 41 88 6 1 38 43 53 50 72 73 76 34 4 89 40 48 62 87 61 96 63 86 21 18 97 65 
0 19 31 77 90 23 79 55 107 24 29 27 54 92 46 17 8 9 75 85 7 35 20 11 59 22 42 25 37 45 44 70 93 5 32 81 83 109 94 68 51 2 69 82 36 78 84 103 100 39 101 74 99 10 64 33 14 57 80 66 52 106 108 98 15 91 16 12 28 71 49 67 56 58 47 26 102 104 60 105 13 3 95 30 41 88 6 1 38 43 53 50 72 73 76 34 4 89 40 48 62 87 61 96 63 86 21 18 97 65 
0 19 31 77 90 23 79 55 107 24 29 27 54 92 46 17 8 9 75 85 7 35 20 11 59 22 42 25 37 45 44 70 93 5 32 81 83 109 94 68 51 2 69 82 36 78 84 103 100 39 101 74 99 10 64 33 14 57 80 66 52 106 108 98 15 91 16 12 28 71 49 67 56 58 47 26 102 104 60 105 13 3 95 30 41 88 6 1 38 43 53 50 72 73 76 34 4 89 40 48 62 87 61 96 63 86 21 18 97 65 
0 19 31 77 90 23 79 55 107 24 29 27 54 92 46 17 8 9 75 85 7 35 20 11 59 22 42 25 37 45 44 70 93 5 32 81 83 109 94 68 51 2 69 82 36 78 84 103 100 39 101 74 99 10 64 33 14 57 80 66 52 106 108 98 15 91 16 12 28 71 49 67 56 58 47 26 102 104 60 105 13 3 95 30 41 88 6 1 38 43 53 50 72 73 76 34 4 89 40 48 62 87 61 96 63 86 21 18 97 65 
0 19 31 77 90 23 79 55 107 24 29 27 54 92 46 17 8 9 75 85 7 35 20 11 59 22 42 25 37 45 44 70 93 5 32 81 83 109 94 68 51 2 69 82 36 78 84 103 100 39 101 74 99 10 64 33 14 57 80 66 52 106 108 98 15 91 16 12 28 71 49 67 56 58 47 26 102 104 60 105 13 3 95 30 41 88 6 1 38 43 53 50 72 73 76 34 4 89 40 48 62 87 61 96 63 86 21 18 97 65 
0 19 31 77 90 23 79 55 107 24 29 27 54 92 46 17 8 9 75 85 7 35 20 11 59 22 42 25 37 45 44 70 93 5 32 81 83 109 94 68 51 2 69 82 36 78 84 103 100 39 101 74 99 10 64 33 14 57 80 66 52 106 108 98 15 91 16 12 28 71 49 67 56 58 47 26 102 104 60 105 13 3 95 30 41 88 6 1 38 43 53 50 72 73 76 34 4 89 40 48 62 87 61 96 63 86 21 18 97 65 
0 19 31 77 90 23 79 55 107 24 29 27 54 92 46 17 8 9 75 85 7 35 20 11 59 22 42 25 37 45 44 70 93 5 32 81 83 109 94 68 51 2 69 82 36 78 84 103 100 39 101 74 99 10 64 33 14 57 80 66 52 106 108 98 15 91 16 12 28 71 49 67 56 58 47 26 102 104 60 105 13 3 95 30 41 88 6 1 38 43 53 50 72 73 76 34 4 89 40 48 62 87 61 96 63 86 21 18 97 65 
0 19 31 77 90 23 79 55 107 24 29 27 54 92 46 17 8 9 75 85 7 35 20 11 59 22 42 25 37 45 44 70 93 5 32 81 83 109 94 68 51 2 69 82 36 78 84 103 100 39 101 74 99 10 64 33 14 57 80 66 52 106 108 98 15 91 16 12 28 71 49 67 56 58 47 26 102 104 60 105 13 3 95 30 41 88 6 1 38 43 53 50 72 73 76 34 4 89 40 48 62 87 61 96 63 86 21 18 97 65 
0 19 31 77 90 23 79 55 107 24 29 27 54 92 46 17 8 9 75 85 7 35 20 11 59 22 42 25 37 45 44 70 93 5 32 81 83 109 94 68 51 2 69 82 36 78 84 103 100 39 101 74 99 10 64 33 14 57 80 66 52 106 108 98 15 91 16 12 28 71 49 67 56 58 47 26 102 104 60 105 13 3 95 30 41 88 6 1 38 43 53 50 72 73 76 34 4 89 40 48 62 87 61 96 63 86 21 18 97 65 
0 19 31 77 90 23 79 55 107 24 29 27 54 92 46 17 8 9 75 85 7 35 20 11 59 22 42 25 37 45 44 70 93 5 32 81 83 109 94 68 51 2 69 82 36 78 84 103 100 39 101 74 99 10 64 33 14 57 80 66 52 106 108 98 15 91 16 12 28 71 49 67 56 58 47 26 102 104 60 105 13 3 95 30 41 88 6 1 38 43 53 50 72 73 76 34 4 89 40 48 62 87 61 96 63 86 21 18 97 65 
0 19 31 77 90 23 79 55 107 24 29 27 54 92 46 17 8 9 75 85 7 35 20 11 59 22 42 25 37 45 44 70 93 5 32 81 83 109 94 68 51 2 69 82 36 78 84 103 100 39 101 74 99 10 64 33 14 57 80 66 52 106 108 98 15 91 16 12 28 71 49 67 56 58 47 26 102 104 60 105 13 3 95 30 41 88 6 1 38 43 53 50 72 73 76 34 4 89 40 48 62 87 61 96 63 86 21 18 97 65 
0 19 31 77 90 23 79 55 107 24 29 27 54 92 46 17 8 9 75 85 7 35 20 11 59 22 42 25 37 45 44 70 93 5 32 81 83 109 94 68 51 2 69 82 36 78 84 103 100 39 101 74 99 10 64 33 14 57 80 66 52 106 108 98 15 91 16 12 28 71 49 67 56 58 47 26 102 104 60 105 13 3 95 30 41 88 6 1 38 43 53 50 72 73 76 34 4 89 40 48 62 87 61 96 63 86 21 18 97 65 
0 19 31 77 90 23 79 55 107 24 29 27 54 92 46 17 8 9 75 85 7 35 20 11 59 22 42 25 37 45 44 70 93 5 32 81 83 109 94 68 51 2 69 82 36 78 84 103 100 39 101 74 99 10 64 33 14 57 80 66 52 106 108 98 15 91 16 12 28 71 49 67 56 58 47 26 102 104 60 105 13 3 95 30 41 88 6 1 38 43 53 50 72 73 76 34 4 89 40 48 62 87 61 96 63 86 21 18 97 65 
0 19 31 77 90 23 79 55 107 24 29 27 54 92 46 17 8 9 75 85 7 35 20 11 59 22 42 25 37 45 44 70 93 5 32 81 83 109 94 68 51 2 69 82 36 78 84 103 100 39 101 74 99 10 64 33 14 57 80 66 52 106 108 98 15 91 16 12 28 71 49 67 56 58 47 26 102 104 60 105 13 3 95 30 41 88 6 1 38 43 53 50 72 73 76 34 4 89 40 48 62 87 61 96 63 86 21 18 97 65 
0 19 31 77 90 23 79 55 107 24 29 27 54 92 46 17 8 9 75 85 7 35 20 11 59 22 42 25 37 45 44 70 93 5 32 81 83 109 94 68 51 2 69 82 36 78 84 103 100 39 101 74 99 10 64 33 14 57 80 66 52 106 108 98 15 91 16 12 28 71 49 67 56 58 47 26 102 104 60 105 13 3 95 30 41 88 6 1 38 43 53 50 72 73 76 34 4 89 40 48 62 87 61 96 63 86 21 18 97 65 
0 19 31 77 90 23 79 55 107 24 29 27 54 92 46 17 8 9 75 85 7 35 20 11 59 22 42 25 37 45 44 70 93 5 32 81 83 109 94 68 51 2 69 82 36 78 84 103 100 39 101 74 99 10 64 33 14 57 80 66 52 106 108 98 15 91 16 12 28 71 49 67 56 58 47 26 102 104 60 105 13 3 95 30 41 88 6 1 38 43 53 50 72 73 76 34 4 89 40 48 62 87 61 96 63 86 21 18 97 65 
0 19 31 77 90 23 79 55 107 24 29 27 54 92 46 17 8 9 75 85 7 35 20 11 59 22 42 25 37 45 44 70 93 5 32 81 83 109 94 68 51 2 69 82 36 78 84 103 100 39 101 74 99 10 64 33 14 57 80 66 52 106 108 98 15 91 16 12 28 71 49 67 56 58 47 26 102 104 60 105 13 3 95 30 41 88 6 1 38 43 53 50 72 73 76 34 4 89 40 48 62 87 61 96 63 86 21 18 97 65 
0 19 31 77 90 23 79 55 107 24 29 27 54 92 46 17 8 9 75 85 7 35 20 11 59 22 42 25 37 45 44 70 93 5 32 81 83 109 94 68 51 2 69 82 36 78 84 103 100 39 101 74 99 10 64 33 14 57 80 66 52 106 108 98 15 91 16 12 28 71 49 67 56 58 47 26 102 104 60 105 13 3 95 30 41 88 6 1 38 43 53 50 72 73 76 34 4 89 40 48 62 87 61 96 63 86 21 18 97 65 
0 19 31 77 90 23 79 55 107 24 29 27 54 92 46 17 8 9 75 85 7 35 20 11 59 22 42 25 37 45 44 70 93 5 32 81 83 109 94 68 51 2 69 82 36 78 84 103 100 39 101 74 99 10 64 33 14 57 80 66 52 106 108 98 15 91 16 12 28 71 49 67 56 58 47 26 102 104 60 105 13 3 95 30 41 88 6 1 38 43 53 50 72 73 76 34 4 89 40 48 62 87 61 96 63 86 21 18 97 65 
0 19 31 77 90 23 79 55 107 24 29 27 54 92 46 17 8 9 75 85 7 35 20 11 59 22 42 25 37 45 44 70 93 5 32 81 83 109 94 68 51 2 69 82 36 78 84 103 100 39 101 74 99 10 64 33 14 57 80 66 52 106 108 98 15 91 16 12 28 71 49 67 56 58 47 26 102 104 60 105 13 3 95 30 41 88 6 1 38 43 53 50 72 73 76 34 4 89 40 48 62 87 61 96 63 86 21 18 97 65 
0 19 31 77 90 23 79 55 107 24 29 27 54 92 46 17 8 9 75 85 7 35 20 11 59 22 42 25 37 45 44 70 93 5 32 81 83 109 94 68 51 2 69 82 36 78 84 103 100 39 101 74 99 10 64 33 14 57 80 66 52 106 108 98 15 91 16 12 28 71 49 67 56 58 47 26 102 104 60 105 13 3 95 30 41 88 6 1 38 43 53 50 72 73 76 34 4 89 40 48 62 87 61 96 63 86 21 18 97 65 
0 19 31 77 90 23 79 55 107 24 29 27 54 92 46 17 8 9 75 85 7 35 20 11 59 22 42 25 37 45 44 70 93 5 32 81 83 109 94 68 51 2 69 82 36 78 84 103 100 39 101 74 99 10 64 33 14 57 80 66 52 106 108 98 15 91 16 12 28 71 49 67 56 58 47 26 102 104 60 105 13 3 95 30 41 88 6 1 38 43 53 50 72 73 76 34 4 89 40 48 62 87 61 96 63 86 21 18 97 65 
0 19 31 77 90 23 79 55 107 24 29 27 54 92 46 17 8 9 75 85 7 35 20 11 59 22 42 25 37 45 44 70 93 5 32 81 83 109 94 68 51 2 69 82 36 78 84 103 100 39 101 74 99 10 64 33 14 57 80 66 52 106 108 98 15 91 16 12 28 71 49 67 56 58 47 26 102 104 60 105 13 3 95 30 41 88 6 1 38 43 53 50 72 73 76 34 4 89 40 48 62 87 61 96 63 86 21 18 97 65 
0 19 31 77 90 23 79 55 107 24 29 27 54 92 46 17 8 9 75 85 7 35 20 11 59 22 42 25 37 45 44 70 93 5 32 81 83 109 94 68 51 2 69 82 36 78 84 103 100 39 101 74 99 10 64 33 14 57 80 66 52 106 108 98 15 91 16 12 28 71 49 67 56 58 47 26 102 104 60 105 13 3 95 30 41 88 6 1 38 43 53 50 72 73 76 34 4 89 40 48 62 87 61 96 63 86 21 18 97 65 
0 19 31 77 90 23 79 55 107 24 29 27 54 92 46 17 8 9 75 85 7 35 20 11 59 22 42 25 37 45 44 70 93 5 32 81 83 109 94 68 51 2 69 82 36 78 84 103 100 39 101 74 99 10 64 33 14 57 80 66 52 106 108 98 15 91 16 12 28 71 49 67 56 58 47 26 102 104 60 105 13 3 95 30 41 88 6 1 38 43 53 50 72 73 76 34 4 89 40 48 62 87 61 96 63 86 21 18 97 65 
0 19 31 77 90 23 79 55 107 24 29 27 54 92 46 17 8 9 75 85 7 35 20 11 59 22 42 25 37 45 44 70 93 5 32 81 83 109 94 68 51 2 69 82 36 78 84 103 100 39 101 74 99 10 64 33 14 57 80 66 52 106 108 98 15 91 16 12 28 71 49 67 56 58 47 26 102 104 60 105 13 3 95 30 41 88 6 1 38 43 53 50 72 73 76 34 4 89 40 48 62 87 61 96 63 86 21 18 97 65 
0 19 31 77 90 23 79 55 107 24 29 27 54 92 46 17 8 9 75 85 7 35 20 11 59 22 42 25 37 45 44 70 93 5 32 81 83 109 94 68 51 2 69 82 36 78 84 103 100 39 101 74 99 10 64 33 14 57 80 66 52 106 108 98 15 91 16 12 28 71 49 67 56 58 47 26 102 104 60 105 13 3 95 30 41 88 6 1 38 43 53 50 72 73 76 34 4 89 40 48 62 87 61 63 86 21 18 96 97 65 
0 19 31 77 90 23 79 55 107 24 29 27 54 92 46 17 8 9 75 85 7 35 20 11 59 22 42 25 37 45 44 70 93 5 32 81 83 109 94 68 51 2 82 69 36 78 84 103 100 39 101 74 99 10 64 33 14 57 80 66 52 106 108 98 15 91 16 12 28 71 49 67 56 58 47 26 102 104 60 105 13 3 95 30 41 88 6 1 38 43 53 50 72 73 76 34 4 89 40 48 62 87 61 96 63 86 21 18 97 65 
0 19 31 77 90 23 79 55 107 24 29 27 54 92 46 17 8 9 75 85 7 35 20 11 59 22 42 44 37 45 25 70 93 5 32 81 83 109 94 68 51 2 69 82 36 78 84 103 100 39 101 74 99 10 64 33 14 57 80 66 52 106 108 98 15 91 16 12 28 71 49 67 56 58 47 26 102 104 60 105 13 3 95 30 41 88 6 1 38 43 53 50 72 73 76 34 4 89 40 48 62 87 61 96 63 86 21 18 97 65 
0 19 31 77 90 23 79 55 107 24 29 27 54 92 46 17 8 9 75 85 7 35 20 11 59 22 42 25 37 45 44 70 93 5 32 81 83 109 94 68 51 2 69 82 36 78 84 103 100 39 101 74 99 10 64 33 14 57 80 66 52 106 108 98 15 91 16 12 28 71 49 67 56 58 47 26 102 104 60 105 13 3 95 30 41 88 6 38 1 43 53 50 72 73 76 34 4 89 40 48 62 87 61 96 63 86 21 18 97 65 
0 19 31 77 90 23 79 55 107 24 29 27 54 92 46 17 8 9 7 85 75 35 20 11 59 22 42 25 37 45 44 70 93 5 32 81 83 109 94 68 51 2 69 82 36 78 84 103 100 39 101 74 99 10 64 33 14 57 80 66 52 106 108 98 15 91 16 12 28 71 49 67 56 58 47 26 102 104 60 105 13 3 95 30 41 88 6 1 38 43 53 50 72 73 76 34 4 89 40 48 62 87 61 96 63 86 21 18 97 65 
0 19 31 77 90 23 79 55 107 24 29 27 54 92 46 17 8 9 75 85 7 35 20 11 59 22 42 25 37 45 44 70 93 5 32 81 83 109 94 68 51 2 69 82 36 78 84 103 100 39 101 74 99 10 64 106 52 66 80 57 14 33 108 98 15 91 16 12 28 71 49 67 56 58 47 26 102 104 60 105 13 3 95 30 41 88 6 1 38 43 53 50 72 73 76 34 4 89 40 48 62 87 61 96 63 86 21 18 97 65 
0 19 77 31 90 23 79 55 107 24 29 27 54 92 46 17 8 9 75 85 7 35 20 11 59 22 42 25 37 45 44 70 93 5 32 81 83 109 94 68 51 2 69 82 36 78 84 103 100 39 101 74 99 10 64 33 14 57 80 66 52 106 108 98 15 91 16 12 28 71 49 67 56 58 47 26 102 104 60 105 13 3 95 30 41 88 6 1 38 43 53 50 72 73 76 34 4 89 40 48 62 87 61 96 63 86 21 18 97 65 
0 19 31 77 90 23 79 55 107 24 29 27 54 92 46 17 8 9 75 85 7 35 20 11 59 22 42 25 37 45 44 70 93 5 32 81 83 109 94 68 51 2 69 82 36 78 84 103 100 39 101 74 99 10 64 33 14 57 80 66 52 106 108 98 15 91 16 12 28 71 49 67 56 58 47 26 102 104 60 105 3 95 30 41 88 6 13 1 38 43 53 50 72 73 76 34 4 89 40 48 62 87 61 96 63 86 21 18 97 65 
0 19 31 77 90 23 79 55 107 24 29 27 54 92 46 17 8 9 75 85 7 35 20 11 59 22 42 25 37 45 44 70 93 5 32 81 83 109 94 68 51 2 69 82 36 78 84 103 100 39 101 74 99 10 64 33 14 80 66 52 106 108 98 15 91 16 12 28 71 49 67 56 58 47 26 102 104 60 105 13 3 95 30 41 88 6 1 38 43 53 50 72 73 76 57 34 4 89 40 48 62 87 61 96 63 86 21 18 97 65 
0 19 31 77 90 23 79 55 107 24 29 27 54 92 46 17 8 9 75 85 7 35 20 11 59 22 42 25 37 45 44 70 93 5 32 81 83 109 94 68 51 2 69 82 36 78 84 103 100 39 101 74 99 10 64 33 14 57 80 66 52 106 108 98 15 91 16 12 28 71 49 67 56 58 47 26 102 104 60 105 3 95 30 41 88 13 6 1 38 43 53 50 72 73 76 34 4 89 40 48 62 87 61 96 63 86 21 18 97 65 
0 19 31 77 90 23 79 55 107 24 29 27 54 92 46 17 8 9 75 85 7 35 20 11 59 22 42 25 37 45 44 70 93 5 32 81 83 109 94 68 51 2 69 82 36 78 84 103 100 39 101 74 99 10 64 33 14 57 80 66 52 106 91 108 98 15 16 12 28 71 49 67 56 58 47 26 102 104 60 105 13 3 95 30 41 88 6 1 38 43 53 50 72 73 76 34 4 89 40 48 62 87 61 96 63 86 21 18 97 65 
0 19 31 77 90 23 79 55 107 24 29 27 54 92 46 17 8 9 75 85 7 35 20 11 59 22 42 25 37 45 44 70 93 5 32 81 83 109 94 68 51 2 69 82 36 78 84 103 100 39 101 74 99 10 64 33 14 57 80 66 52 106 98 15 91 16 108 12 28 71 49 67 56 58 47 26 102 104 60 105 13 3 95 30 41 88 6 1 38 43 53 50 72 73 76 34 4 89 40 48 62 87 61 96 63 86 21 18 97 65 
0 19 31 77 90 23 79 55 107 24 29 27 54 92 46 17 8 9 75 85 7 35 20 11 59 22 42 25 37 45 44 70 93 5 32 81 83 109 94 68 51 2 69 82 36 78 84 103 100 39 101 74 99 10 64 33 14 57 80 66 52 106 108 98 15 91 16 12 28 71 49 67 56 58 47 26 102 104 60 105 13 3 95 30 41 88 6 1 38 43 53 76 72 73 50 34 4 89 40 48 62 87 61 96 63 86 21 18 97 65 
0 19 31 77 90 23 79 55 107 24 29 27 54 92 46 17 8 9 75 85 7 35 20 11 59 22 42 25 37 45 44 70 93 5 32 81 83 109 94 68 51 2 69 82 36 78 84 103 100 39 101 74 99 10 64 33 14 57 80 66 52 106 108 98 15 91 16 12 28 71 49 67 56 58 47 26 102 104 60 105 38 13 3 95 30 41 88 6 1 43 53 50 72 73 76 34 4 89 40 48 62 87 61 96 63 86 21 18 97 65 
0 19 31 77 90 23 79 55 107 24 29 27 54 92 46 17 8 9 75 85 7 35 20 11 59 22 42 25 37 45 44 70 93 5 32 81 83 109 94 68 51 2 69 82 36 78 84 103 100 39 101 74 99 10 64 33 14 57 80 66 47 58 56 67 49 71 28 12 16 91 15 98 108 106 52 26 102 104 60 105 13 3 95 30 41 88 6 1 38 43 53 50 72 73 76 34 4 89 40 48 62 87 61 96 63 86 21 18 97 65 
0 19 31 77 90 23 79 55 107 24 29 27 54 92 46 17 8 9 75 85 7 35 20 11 59 22 42 25 37 45 44 70 93 5 32 81 83 109 94 68 51 2 69 82 36 78 84 103 100 39 101 74 99 10 64 33 14 57 80 66 52 106 108 98 15 91 16 12 28 71 49 67 56 58 47 26 102 104 60 105 13 3 95 30 41 88 6 38 43 53 1 50 72 73 76 34 4 89 40 48 62 87 61 96 63 86 21 18 97 65 
0 19 31 77 90 23 79 55 107 24 29 27 54 92 46 17 8 9 75 85 7 35 20 11 59 22 42 25 37 45 44 70 93 5 32 81 83 109 94 68 51 2 69 82 36 78 84 103 100 39 101 74 99 10 64 33 14 57 80 66 52 106 108 98 15 91 16 12 28 71 49 67 56 58 47 26 102 104 60 105 13 3 95 30 41 88 6 38 43 53 1 50 72 73 76 34 4 89 40 48 62 87 61 96 63 86 21 18 97 65 
0 19 31 77 90 23 79 55 107 24 29 27 54 92 46 17 8 9 75 85 22 35 20 11 59 7 42 25 37 45 44 70 93 5 32 81 83 109 94 68 51 2 69 82 36 78 84 103 100 39 101 74 99 10 64 33 14 57 80 66 52 106 108 98 15 91 16 12 28 71 49 67 56 58 47 26 102 104 60 105 13 3 95 30 41 88 6 1 38 43 53 50 72 73 76 34 4 89 40 48 62 87 61 96 63 86 21 18 97 65 
0 19 31 77 90 23 79 55 107 24 29 27 54 92 46 17 8 9 75 85 7 35 20 11 59 22 42 25 37 45 44 70 93 5 32 81 83 109 94 68 51 2 69 82 36 78 84 103 100 39 101 74 99 10 64 33 14 57 80 66 52 106 108 98 15 91 16 12 28 71 49 67 56 58 26 102 104 60 105 13 3 95 30 41 88 47 6 1 38 43 53 50 72 73 76 34 4 89 40 48 62 87 61 96 63 86 21 18 97 65 
0 19 31 77 90 23 79 55 107 24 29 27 54 92 46 17 8 9 85 7 35 20 11 59 22 75 42 25 37 45 44 70 93 5 32 81 83 109 94 68 51 2 69 82 36 78 84 103 100 39 101 74 99 10 64 33 14 57 80 66 52 106 108 98 15 91 16 12 28 71 49 67 56 58 47 26 102 104 60 105 13 3 95 30 41 88 6 1 38 43 53 50 72 73 76 34 4 89 40 48 62 87 61 96 63 86 21 18 97 65 
0 19 31 77 90 23 79 55 107 24 29 27 54 92 46 8 9 75 17 85 7 35 20 11 59 22 42 25 37 45 44 70 93 5 32 81 83 109 94 68 51 2 69 82 36 78 84 103 100 39 101 74 99 10 64 33 14 57 80 66 52 106 108 98 15 91 16 12 28 71 49 67 56 58 47 26 102 104 60 105 13 3 95 30 41 88 6 1 38 43 53 50 72 73 76 34 4 89 40 48 62 87 61 96 63 86 21 18 97 65 
0 19 31 77 90 23 79 55 107 24 29 27 54 92 46 17 8 9 75 85 7 35 20 11 59 22 42 25 37 45 44 70 93 5 32 81 83 109 94 68 51 2 69 82 36 78 84 53 43 38 1 6 88 41 30 95 3 13 105 60 104 102 26 47 58 56 67 49 71 28 12 16 91 15 98 108 106 52 66 80 57 14 33 64 10 99 74 101 39 100 103 50 72 73 76 34 4 89 40 48 62 87 61 96 63 86 21 18 97 65 
0 19 31 77 90 23 79 55 107 24 29 27 54 92 46 17 8 9 75 85 7 35 20 11 59 22 42 25 37 45 44 70 93 5 32 81 83 109 94 68 51 2 69 82 36 28 12 16 91 15 98 108 106 52 66 80 57 14 33 64 10 99 74 101 39 100 103 84 78 71 49 67 56 58 47 26 102 104 60 105 13 3 95 30 41 88 6 1 38 43 53 50 72 73 76 34 4 89 40 48 62 87 61 96 63 86 21 18 97 65 
0 19 31 77 90 23 79 55 107 24 29 27 54 92 46 17 8 9 75 85 7 35 20 11 59 22 42 25 37 45 44 70 93 5 32 81 83 109 94 68 51 2 69 50 53 43 38 1 6 88 41 30 95 3 13 105 60 104 102 26 47 58 56 67 49 71 28 12 16 91 15 98 108 106 52 66 80 57 14 33 64 10 99 74 101 39 100 103 84 78 36 82 72 73 76 34 4 89 40 48 62 87 61 96 63 86 21 18 97 65 
0 19 31 77 90 23 79 55 107 24 29 27 54 92 46 17 8 9 75 85 7 35 20 11 59 22 42 25 37 45 44 70 93 5 32 81 83 109 94 68 51 2 69 82 36 78 84 103 100 39 101 74 99 10 64 33 14 57 80 66 52 106 108 98 15 91 16 12 28 71 49 67 56 58 47 26 102 104 60 105 13 3 95 30 41 50 53 43 38 1 6 88 72 73 76 34 4 89 40 48 62 87 61 96 63 86 21 18 97 65 
0 19 31 77 90 23 79 55 107 24 29 27 54 92 46 17 8 9 75 85 7 35 20 11 59 22 42 25 37 45 44 70 93 5 32 81 83 109 94 68 51 2 69 82 36 78 84 103 100 39 101 74 99 10 64 33 14 57 80 66 52 106 108 98 15 91 16 12 28 71 49 67 56 58 47 26 102 104 60 105 13 3 43 38 1 6 88 41 30 95 53 50 72 73 76 34 4 89 40 48 62 87 61 96 63 86 21 18 97 65 
0 19 31 77 90 23 79 55 107 24 29 27 54 92 46 17 8 9 75 85 7 35 20 11 59 22 42 25 37 45 44 70 93 5 32 81 83 109 94 68 51 2 69 36 78 84 103 100 39 101 74 99 10 64 33 14 57 80 66 52 106 108 98 15 91 16 12 28 71 49 67 56 58 47 26 102 104 60 105 13 3 95 30 41 88 6 1 38 43 53 82 50 72 73 76 34 4 89 40 48 62 87 61 96 63 86 21 18 97 65 
0 19 31 77 90 23 79 55 107 24 29 27 54 92 46 17 8 9 75 85 7 35 20 11 59 22 42 25 37 45 44 70 93 5 32 81 83 109 94 68 51 2 69 82 36 78 84 103 100 39 101 74 99 10 33 14 57 80 66 52 106 108 98 15 91 16 12 28 71 49 67 56 58 47 26 102 104 60 105 13 3 95 30 41 88 6 1 38 43 64 53 50 72 73 76 34 4 89 40 48 62 87 61 96 63 86 21 18 97 65 
0 19 31 77 90 23 79 55 107 24 29 27 54 92 46 17 8 9 75 85 7 35 20 11 59 22 42 25 37 45 44 70 93 5 32 81 83 109 94 68 51 2 69 82 36 78 84 103 100 39 101 74 99 10 64 33 14 57 80 66 52 106 108 98 15 16 12 28 71 49 67 56 58 47 26 102 104 60 105 13 3 95 30 41 88 6 1 38 43 53 50 72 73 91 76 34 4 89 40 48 62 87 61 96 63 86 21 18 97 65 
0 19 31 77 90 23 79 55 107 24 29 27 54 92 46 17 8 9 75 85 7 35 20 11 59 22 42 25 37 45 44 70 93 5 32 81 83 109 94 68 51 2 69 82 78 84 103 100 39 101 74 99 10 64 33 14 57 80 66 52 106 108 98 15 36 91 16 12 28 71 49 67 56 58 47 26 102 104 60 105 13 3 95 30 41 88 6 1 38 43 53 50 72 73 76 34 4 89 40 48 62 87 61 96 63 86 21 18 97 65 
0 19 31 77 90 23 79 55 107 24 29 27 54 92 46 17 8 9 75 85 7 35 20 11 59 22 42 25 37 45 44 70 93 5 32 81 83 109 94 68 51 2 69 82 36 78 84 103 100 39 101 74 99 10 64 33 28 71 49 66 52 106 108 98 15 91 16 12 14 57 80 67 56 58 47 26 102 104 60 105 13 3 95 30 41 88 6 1 38 43 53 50 72 73 76 34 4 89 40 48 62 87 61 96 63 86 21 18 97 65 
0 19 31 77 90 23 79 55 107 24 29 27 54 92 46 17 8 9 75 85 7 35 20 11 59 22 42 25 37 45 44 70 93 5 32 81 83 109 94 68 51 2 69 82 36 78 84 103 100 39 101 74 99 10 64 47 58 56 67 49 71 28 12 16 91 15 98 108 106 52 66 80 57 14 33 26 102 104 60 105 13 3 95 30 41 88 6 1 38 43 53 50 72 73 76 34 4 89 40 48 62 87 61 96 63 86 21 18 97 65 
0 19 31 77 90 23 79 55 107 24 29 27 54 92 46 17 8 9 75 85 7 35 20 11 59 22 42 25 37 45 44 70 93 5 32 81 83 109 94 68 51 2 69 82 36 78 84 103 100 39 101 74 99 10 64 33 14 98 80 66 52 106 108 57 15 91 16 12 28 71 49 67 56 58 47 26 102 104 60 105 13 3 95 30 41 88 6 1 38 43 53 50 72 73 76 34 4 89 40 48 62 87 61 96 63 86 21 18 97 65 
0 19 31 77 90 23 79 55 107 24 29 27 54 92 46 17 8 9 75 85 7 35 20 11 59 22 42 25 37 45 44 70 93 5 32 81 83 109 94 68 51 2 69 82 36 78 84 103 100 39 101 74 99 10 64 33 14 57 80 66 52 106 108 98 15 91 16 12 28 71 49 67 56 58 38 43 53 50 72 47 26 102 104 60 105 13 3 95 30 41 88 6 1 73 76 34 4 89 40 48 62 87 61 96 63 86 21 18 97 65 
0 19 31 77 90 23 79 55 107 24 29 27 54 92 46 17 8 9 75 85 7 35 20 11 59 22 42 25 37 45 44 70 93 5 32 81 83 109 94 68 51 99 2 69 82 36 78 84 103 100 39 101 74 10 64 33 14 57 80 66 52 106 108 98 15 91 16 12 28 71 49 67 56 58 47 26 102 104 60 105 13 3 95 30 41 88 6 1 38 43 53 50 72 73 76 34 4 89 40 48 62 87 61 96 63 86 21 18 97 65 
0 19 31 77 90 23 79 55 107 24 29 27 54 92 46 17 8 9 75 85 7 35 20 11 59 22 42 25 37 36 45 44 70 93 5 32 81 83 109 94 68 51 2 69 82 78 84 103 100 39 101 74 99 10 64 33 14 57 80 66 52 106 108 98 15 91 16 12 28 71 49 67 56 58 47 26 102 104 60 105 13 3 95 30 41 88 6 1 38 43 53 50 72 73 76 34 4 89 40 48 62 87 61 96 63 86 21 18 97 65 
0 19 31 77 90 23 18 21 86 63 96 61 87 62 48 40 89 4 34 76 73 72 50 53 43 38 1 6 88 41 30 95 3 13 105 60 104 102 26 47 58 56 67 49 71 28 12 16 91 15 98 108 106 52 66 80 57 14 33 64 10 99 74 101 39 100 103 84 78 36 82 69 2 51 68 94 109 83 81 32 5 93 70 44 45 37 25 42 22 59 11 20 35 7 85 75 9 8 17 46 92 54 27 29 24 107 55 79 97 65 
0 19 31 77 90 23 79 55 107 24 29 27 54 92 46 17 8 9 75 85 7 35 20 51 68 94 109 83 81 32 5 93 42 25 37 45 44 70 22 59 11 2 69 82 36 78 84 103 100 39 101 74 99 10 64 33 14 57 80 66 52 106 108 98 15 91 16 12 28 71 49 67 56 58 47 26 102 104 60 105 13 3 95 30 41 88 6 1 38 43 53 50 72 73 76 34 4 89 40 48 62 87 61 96 63 86 21 18 97 65 
0 19 31 77 90 23 79 55 107 24 29 27 54 92 46 17 8 9 75 85 7 35 20 11 59 22 42 25 37 45 44 70 93 5 32 81 83 109 94 68 51 2 69 82 36 78 84 103 100 39 101 74 99 10 64 33 14 57 80 66 52 106 108 98 15 91 16 12 28 71 49 67 56 58 47 26 102 104 60 105 13 3 95 30 41 88 6 1 40 38 43 53 50 72 73 76 34 4 89 48 62 87 61 96 63 86 21 18 97 65 
0 19 31 77 90 23 79 55 107 24 29 27 54 92 46 17 8 9 75 85 7 35 20 11 59 22 42 25 37 45 44 70 93 5 32 81 83 87 62 48 40 89 4 34 76 73 72 50 53 43 38 1 6 88 41 30 95 3 13 105 60 104 102 26 47 58 56 67 49 71 28 12 16 91 15 98 108 106 52 66 80 57 14 33 64 10 99 74 101 39 100 103 84 78 36 82 69 2 51 68 94 109 61 96 63 86 21 18 97 65 
0 19 31 77 90 23 27 55 107 24 29 79 54 92 46 17 8 9 75 85 7 35 20 11 59 22 42 25 37 45 44 70 93 5 32 81 83 109 94 68 51 2 69 82 36 78 84 103 100 39 101 74 99 10 64 33 14 57 80 66 52 106 108 98 15 91 16 12 28 71 49 67 56 58 47 26 102 104 60 105 13 3 95 30 41 88 6 1 38 43 53 50 72 73 76 34 4 89 40 48 62 87 61 96 63 86 21 18 97 65 
0 19 31 77 90 23 79 55 107 24 29 27 54 92 46 17 8 9 75 85 7 35 20 11 59 22 42 25 37 45 44 70 93 5 32 81 83 109 94 68 51 2 69 82 36 78 84 103 100 39 101 74 99 10 64 33 14 57 80 66 52 106 108 98 15 91 16 12 28 71 49 67 56 58 47 26 102 104 60 105 13 3 95 30 41 88 6 1 38 43 53 50 72 73 76 34 4 89 40 62 87 61 96 63 48 86 21 18 97 65 
0 19 31 77 90 23 79 55 107 24 29 27 54 92 46 17 8 9 75 85 7 35 20 11 59 22 42 25 37 45 44 70 93 5 32 81 83 109 94 68 51 2 69 82 36 78 84 103 100 39 101 74 99 10 64 33 14 57 80 40 52 106 108 98 15 91 16 12 28 71 49 67 56 58 47 26 102 104 60 105 13 3 95 30 41 88 6 1 66 38 43 53 50 72 73 76 34 4 89 48 62 87 61 96 63 86 21 18 97 65 
0 19 31 77 90 23 79 55 107 24 29 27 54 92 46 17 8 9 75 85 7 35 20 11 59 22 42 25 37 44 70 93 5 32 81 83 109 94 68 51 2 69 82 36 78 84 103 100 39 101 74 99 10 64 45 33 14 57 80 66 52 106 108 98 15 91 16 12 28 71 49 67 56 58 47 26 102 104 60 105 13 3 95 30 41 88 6 1 38 43 53 50 72 73 76 34 4 89 40 48 62 87 61 96 63 86 21 18 97 65 
0 19 31 77 90 29 79 55 107 24 23 27 54 92 46 17 8 9 75 85 7 35 20 11 59 22 42 25 37 45 44 70 93 5 32 81 83 109 94 68 51 2 69 82 36 78 84 103 100 39 101 74 99 10 64 33 14 57 80 66 52 106 108 98 15 91 16 12 28 71 49 67 56 58 47 26 102 104 60 105 13 3 95 30 41 88 6 1 38 43 53 50 72 73 76 34 4 89 40 48 62 87 61 96 63 86 21 18 97 65 
0 19 31 77 90 23 79 55 107 24 29 27 54 92 46 17 8 9 75 85 7 35 20 11 59 22 42 25 37 45 44 70 93 5 32 81 83 109 94 68 51 2 69 82 36 78 84 103 100 39 101 74 99 10 64 33 14 57 80 66 52 106 108 98 91 16 12 28 71 49 67 56 58 47 26 102 104 60 105 13 3 95 30 41 88 6 1 38 43 53 50 72 73 76 34 4 89 40 15 48 62 87 61 96 63 86 21 18 97 65 
0 19 31 77 90 23 79 55 107 24 29 27 54 92 46 17 8 42 75 85 7 35 20 11 59 22 9 25 37 45 44 70 93 5 32 81 83 109 94 68 51 2 69 82 36 78 84 103 100 39 101 74 99 10 64 33 14 57 80 66 52 106 108 98 15 91 16 12 28 71 49 67 56 58 47 26 102 104 60 105 13 3 95 30 41 88 6 1 38 43 53 50 72 73 76 34 4 89 40 48 62 87 61 96 63 86 21 18 97 65 
0 19 31 77 90 23 79 55 107 24 29 27 54 92 46 17 8 9 75 85 7 35 20 11 59 22 42 18 21 86 63 96 61 87 62 48 40 89 4 34 76 73 72 50 53 43 38 1 6 88 41 30 95 3 13 105 60 104 102 26 47 58 56 67 49 71 28 12 16 91 15 98 108 106 52 66 80 57 14 33 64 10 99 74 101 39 100 103 84 78 36 82 69 2 51 68 94 109 83 81 32 5 93 70 44 45 25 37 97 65 
0 19 31 77 90 23 79 55 107 24 29 27 54 92 46 17 8 9 75 85 7 35 20 11 59 22 42 25 37 45 44 70 93 5 32 81 83 109 94 68 51 2 69 82 36 78 84 103 100 39 101 74 99 10 64 33 14 57 80 66 52 106 108 98 15 91 16 12 28 71 49 67 56 58 47 30 102 104 60 105 13 3 95 26 41 88 6 1 38 43 53 50 72 73 76 34 4 89 40 48 62 87 61 96 63 86 21 18 97 65 
0 19 31 77 90 23 79 55 107 24 29 27 54 92 46 17 8 9 75 85 7 35 20 11 59 22 42 25 37 45 44 70 93 5 32 81 83 109 94 15 98 108 106 52 66 80 57 14 33 64 10 99 74 101 39 100 103 84 78 36 82 69 2 51 68 91 16 12 28 71 49 67 56 58 47 26 102 104 60 105 13 3 95 30 41 88 6 1 38 43 53 50 72 73 76 34 4 89 40 48 62 87 61 96 63 86 21 18 97 65 
0 19 31 77 90 23 79 55 107 24 29 27 54 92 46 17 8 9 75 85 7 35 20 11 59 22 42 25 37 45 44 70 93 5 32 81 83 109 94 68 51 2 69 36 78 84 103 100 39 101 74 99 10 64 33 14 57 80 66 52 106 108 98 15 91 16 12 28 71 49 67 82 56 58 47 26 102 104 60 105 13 3 95 30 41 88 6 1 38 43 53 50 72 73 76 34 4 89 40 48 62 87 61 96 63 86 21 18 97 65 
0 19 31 77 90 23 79 55 107 24 29 27 54 92 46 17 8 9 75 85 7 35 20 11 59 22 42 25 37 45 44 70 93 5 32 81 83 109 94 68 51 69 82 36 78 84 103 100 39 101 74 99 10 64 33 14 57 80 66 52 106 108 98 15 91 16 12 2 28 71 49 67 56 58 47 26 102 104 60 105 13 3 95 30 41 88 6 1 38 43 53 50 72 73 76 34 4 89 40 48 62 87 61 96 63 86 21 18 97 65 
0 19 31 77 90 23 79 55 107 24 29 27 54 92 46 17 8 9 75 85 7 35 20 11 59 22 42 25 37 45 44 70 93 5 32 81 83 109 94 68 51 2 69 82 36 78 84 103 100 39 101 74 99 10 64 91 14 57 80 66 52 106 108 98 15 33 16 12 28 71 49 67 56 58 47 102 104 60 105 13 26 3 95 30 41 88 6 1 38 43 53 50 72 73 76 34 4 89 40 48 62 87 61 96 63 86 21 18 97 65 
0 19 31 77 90 23 79 55 107 24 29 27 54 92 46 17 8 9 75 85 7 35 20 11 59 22 42 25 37 45 44 70 93 5 32 81 83 109 94 68 51 2 69 82 36 78 84 103 100 39 101 74 99 10 64 33 14 57 80 66 52 106 108 98 15 91 16 12 28 71 49 67 56 58 47 26 102 104 60 105 13 3 95 30 41 88 6 1 38 43 53 50 72 73 76 34 4 89 40 48 62 87 61 96 63 21 18 97 86 65 
0 19 31 77 90 23 79 55 107 24 29 27 92 46 17 8 9 75 85 7 35 20 11 59 22 42 25 37 45 44 70 93 5 32 81 83 109 94 68 51 54 2 69 82 36 78 84 103 100 39 101 74 99 10 64 33 14 57 80 66 52 106 108 98 15 91 16 12 28 71 49 67 56 58 47 26 102 104 60 105 13 3 95 30 41 88 6 1 38 43 53 50 72 73 76 34 4 89 40 48 62 87 61 96 63 86 21 18 97 65 
0 19 31 77 90 23 79 55 107 24 29 27 54 92 46 17 8 9 75 85 7 35 20 11 59 22 42 25 37 45 44 70 93 5 32 81 83 109 94 68 51 2 69 82 36 78 71 103 100 39 101 74 99 10 64 33 14 57 80 66 52 106 108 98 15 91 16 12 28 84 49 67 56 58 47 26 102 104 60 105 13 3 95 30 41 88 6 1 38 43 53 50 72 73 76 34 4 89 40 48 62 87 61 96 63 86 21 18 97 65 
0 19 31 77 90 23 79 55 107 24 29 27 54 92 46 17 8 9 75 85 7 35 20 11 59 22 42 25 37 45 44 70 93 5 32 81 83 109 94 68 51 2 69 82 71 78 84 103 100 39 101 74 99 10 64 33 14 57 80 66 52 106 108 98 15 91 16 12 28 36 49 67 56 58 47 26 102 104 60 105 13 3 95 30 41 88 6 1 38 43 53 50 72 73 76 34 4 89 40 48 62 87 61 96 63 86 21 18 97 65 
0 19 31 77 90 23 79 55 107 24 29 27 54 92 46 17 8 9 75 85 7 35 20 11 59 22 42 25 37 45 44 70 93 5 32 81 83 109 94 68 51 2 69 82 36 78 84 103 100 39 101 74 99 10 64 33 14 57 80 66 52 106 108 98 15 91 16 12 28 71 49 67 56 58 47 26 102 104 60 105 13 3 95 30 41 88 6 38 43 53 87 62 48 40 89 4 34 76 73 72 50 1 61 96 63 86 21 18 97 65 
0 19 31 77 90 23 79 55 107 24 29 27 54 92 46 17 8 9 75 85 7 35 11 20 59 22 42 25 37 45 44 70 93 5 32 81 83 109 94 68 51 2 69 82 36 78 84 103 100 39 101 74 99 10 64 33 14 57 80 66 52 106 108 98 15 91 16 12 28 71 49 67 56 58 47 26 102 104 60 105 13 3 95 30 41 6 1 38 43 53 50 72 73 76 34 4 89 40 48 62 87 61 96 63 88 86 21 18 97 65 
0 19 31 77 90 23 79 55 107 24 29 27 54 92 46 17 8 9 75 85 7 35 20 11 59 22 42 25 37 45 44 70 93 5 32 81 83 109 94 68 51 1 2 69 82 36 78 84 103 100 39 101 74 99 10 64 33 14 57 80 66 52 106 108 98 15 91 16 12 28 71 49 67 56 58 47 26 102 104 60 105 13 3 95 30 41 88 6 38 43 53 50 72 73 76 34 4 89 40 48 62 87 61 96 63 86 21 18 97 65 
0 19 31 77 90 23 79 55 107 24 29 27 54 92 46 17 8 9 75 85 7 35 20 11 59 22 42 25 37 45 44 70 93 5 32 81 83 109 94 68 51 2 69 82 36 78 84 49 103 100 39 101 74 99 10 64 33 14 57 66 52 106 108 98 15 91 16 12 28 71 67 56 58 47 26 102 104 60 105 13 3 95 30 41 88 80 6 1 38 43 53 50 72 73 76 34 4 89 40 48 62 87 61 96 63 86 21 18 97 65 
0 19 31 77 90 23 79 55 107 24 29 27 54 92 46 17 8 9 75 85 7 35 20 11 59 22 42 43 38 1 6 88 41 30 95 3 13 105 60 104 102 26 47 58 56 67 49 71 28 12 16 91 15 98 108 106 52 66 80 57 14 33 64 10 99 74 101 39 100 103 84 78 36 82 69 2 51 68 94 109 83 81 32 5 93 70 44 45 37 25 53 50 72 73 76 34 4 89 40 48 62 87 61 96 63 86 21 18 97 65 
0 19 31 77 90 23 79 55 107 24 29 27 54 92 46 17 8 9 75 85 7 35 20 11 59 22 42 25 37 45 44 70 93 5 32 81 83 109 94 68 51 2 69 82 36 99 84 103 100 39 101 74 78 10 64 33 14 102 26 47 58 56 67 49 71 28 12 16 91 15 98 108 106 52 66 80 57 104 60 105 13 3 95 30 41 88 6 1 38 43 53 50 72 73 76 34 4 89 40 48 62 87 61 96 63 86 21 18 97 65 
0 19 31 77 90 23 79 55 107 24 29 27 54 92 46 17 8 9 75 85 7 35 20 11 59 22 42 25 37 45 44 70 93 5 32 81 83 109 94 68 105 60 104 102 26 47 58 56 67 49 71 28 12 16 91 15 98 108 106 52 66 80 57 14 33 64 10 99 74 101 39 100 103 84 78 36 82 69 2 51 13 3 95 30 41 88 6 1 38 43 53 50 72 73 76 34 4 89 40 48 62 87 61 96 63 86 21 18 97 65 
0 19 31 77 90 23 79 55 107 24 29 27 54 92 46 17 8 9 75 85 7 35 20 11 59 22 82 25 37 45 44 70 93 5 32 81 83 109 94 68 51 2 69 42 36 78 84 103 100 39 101 74 99 10 64 33 14 57 80 66 52 106 108 98 15 91 16 12 28 71 49 67 56 58 47 26 102 104 60 105 13 3 95 30 41 88 6 1 38 43 53 50 72 73 76 34 4 89 40 48 62 87 61 96 63 86 21 18 97 65 
0 19 31 77 90 23 79 55 107 24 29 27 54 92 46 17 2 51 68 94 109 83 81 32 5 93 70 44 45 37 25 42 22 59 11 20 35 7 85 75 9 8 69 82 36 78 84 103 100 39 101 74 99 10 64 33 14 57 80 66 52 106 108 98 15 91 16 12 28 71 49 67 56 58 47 26 102 104 60 105 13 3 88 41 30 95 6 1 38 43 53 50 72 73 76 34 4 89 40 48 62 87 61 96 63 86 21 18 97 65 
0 19 61 87 62 48 40 89 4 34 76 73 72 50 53 43 38 1 6 88 41 30 95 3 13 105 60 104 102 26 47 58 56 67 49 71 28 12 16 91 15 98 108 106 52 66 80 57 14 33 64 10 99 74 101 39 100 103 84 78 36 82 69 2 51 68 94 109 83 81 32 5 93 70 44 45 37 25 42 22 59 11 20 35 7 85 75 9 8 17 46 92 54 27 29 24 107 55 79 23 90 77 31 96 63 86 21 18 97 65 
0 19 31 77 90 23 79 55 107 24 29 27 54 92 46 17 8 9 75 85 7 35 20 11 59 22 42 25 37 66 52 106 108 98 45 44 70 93 5 32 81 83 109 94 68 51 2 69 82 36 78 84 103 100 39 101 74 99 10 64 33 14 57 80 15 91 16 12 28 71 49 67 56 58 47 26 102 104 60 105 13 3 95 30 41 88 6 1 38 43 53 50 72 73 76 34 4 89 40 48 62 87 61 96 63 86 21 18 97 65 
0 19 31 77 90 23 79 55 107 24 29 27 54 92 46 17 8 9 75 85 7 35 20 11 59 22 42 25 37 45 44 70 93 5 32 81 83 109 94 68 51 2 69 82 36 78 84 103 100 39 101 74 99 10 64 33 14 57 80 66 52 108 98 15 91 16 12 28 71 106 49 76 56 58 47 26 102 104 60 105 13 3 95 30 41 88 6 1 38 43 53 50 72 73 67 34 4 89 40 48 62 87 61 96 63 86 21 18 97 65 
0 19 31 77 90 23 79 55 107 24 29 27 54 92 46 17 8 9 75 85 7 35 20 11 59 22 42 25 37 45 44 70 93 5 32 81 83 109 94 68 51 2 69 82 36 78 84 103 100 39 74 99 10 64 33 14 57 80 66 52 106 108 98 15 91 16 12 28 71 49 67 56 58 47 26 102 104 60 105 13 101 3 95 30 41 88 6 1 38 43 53 50 72 73 76 34 4 89 40 48 62 87 61 96 63 86 21 18 97 65 
0 19 31 77 90 23 79 55 107 24 29 27 54 92 46 17 8 9 75 85 7 35 20 11 59 22 42 25 37 45 44 70 93 5 32 81 83 109 94 51 2 69 82 36 78 84 103 100 39 101 74 99 10 64 33 14 57 80 66 52 106 108 98 15 91 16 12 28 71 49 67 56 58 47 26 102 104 60 13 3 95 30 41 68 88 6 1 38 105 43 53 50 72 73 76 34 4 89 40 48 62 87 61 96 63 86 21 18 97 65 
0 19 31 77 90 23 79 55 107 24 29 27 54 92 46 17 8 9 75 85 7 35 20 11 59 22 42 25 37 45 44 70 93 5 32 81 83 109 94 68 51 2 69 82 36 78 84 103 100 39 101 74 99 10 64 33 14 57 66 52 106 108 98 15 91 16 12 28 71 49 67 56 58 47 26 102 104 60 105 13 3 95 30 41 88 6 1 38 43 53 50 72 73 76 34 4 89 40 48 62 87 61 96 63 86 21 80 18 97 65 
0 19 31 77 90 23 79 55 107 24 29 27 54 92 46 17 8 101 39 100 103 84 78 36 82 69 2 51 68 94 109 83 81 32 5 93 70 44 45 37 25 42 22 59 11 20 35 7 85 75 9 74 99 10 64 33 14 57 80 66 52 106 108 98 15 91 16 12 28 71 49 67 56 58 47 26 102 104 60 105 13 3 95 30 41 88 6 1 38 43 53 50 72 73 76 34 4 89 40 48 62 87 61 96 63 86 21 18 97 65 
0 19 31 77 90 23 79 55 107 24 29 27 54 92 46 17 8 9 75 85 7 35 20 11 59 22 42 25 1 37 45 44 70 93 5 32 81 83 109 94 68 51 2 69 82 36 78 84 103 100 39 101 74 99 10 64 33 14 57 80 66 52 106 108 98 15 91 16 12 28 71 49 67 56 58 47 26 102 104 60 105 13 3 95 30 41 88 6 38 43 53 50 72 73 76 34 4 89 40 48 62 87 61 96 63 86 21 18 97 65 
0 19 31 77 90 23 79 55 107 24 29 27 54 92 46 17 8 9 75 85 7 35 20 11 59 22 42 25 1 37 45 44 70 93 5 32 81 83 109 94 68 51 2 69 82 36 78 84 103 100 39 101 74 99 10 64 33 14 57 80 66 52 106 108 98 15 91 16 12 28 71 49 67 56 58 47 26 102 104 60 105 13 3 95 30 41 88 6 38 43 53 50 72 73 76 34 4 89 40 48 62 87 61 96 63 86 21 18 97 65 
0 19 31 77 90 23 79 55 107 24 29 27 54 92 46 17 8 9 75 85 7 35 20 11 59 22 42 25 37 45 44 70 93 5 32 81 83 109 94 68 51 2 82 36 78 84 103 100 39 101 74 99 10 64 33 14 57 80 66 52 106 108 98 15 91 16 12 28 71 49 67 56 58 47 26 102 104 60 105 13 3 95 30 41 88 6 1 38 43 53 50 72 73 76 34 4 89 40 48 62 87 61 96 63 86 21 69 18 97 65 
0 19 31 77 90 23 79 55 107 24 29 27 54 92 46 17 8 9 75 85 7 35 20 11 59 22 42 25 37 45 44 70 93 5 32 81 83 109 94 68 51 2 69 82 36 78 84 103 100 39 101 74 10 64 33 14 57 80 66 52 106 108 98 15 91 16 12 28 71 49 67 56 58 47 26 102 104 60 105 13 3 95 30 41 88 6 1 38 43 53 50 72 73 76 34 4 89 40 48 62 87 61 96 63 86 21 18 99 97 65 
0 19 31 77 90 23 79 55 107 24 29 27 54 92 46 17 8 9 75 85 7 35 20 11 59 22 42 25 41 30 95 3 13 105 60 104 102 26 47 58 56 67 49 71 28 12 16 91 15 98 108 106 52 66 80 57 14 33 64 10 99 74 101 39 100 103 84 78 36 82 69 2 51 68 94 109 83 81 32 5 93 70 44 45 37 88 6 1 38 43 53 50 72 73 76 34 4 89 40 48 62 87 61 96 63 86 21 18 97 65 
0 19 31 77 90 23 79 55 107 24 29 27 54 92 46 17 8 9 75 85 7 35 20 11 59 42 25 37 45 44 70 93 5 32 81 83 109 94 68 51 2 69 82 36 78 84 103 100 39 101 74 99 10 64 33 14 57 80 66 52 106 108 98 15 91 16 12 22 28 71 49 67 56 58 47 26 102 104 60 105 13 3 95 30 41 88 6 1 38 43 53 50 72 73 76 34 4 89 40 48 62 87 61 96 63 86 21 18 97 65 
0 19 31 77 90 23 79 55 107 24 29 27 54 92 46 17 8 9 75 85 7 35 20 11 59 22 42 25 37 45 44 70 93 5 32 81 83 109 94 68 51 2 69 82 36 78 84 103 39 101 74 99 10 64 33 14 57 80 66 52 106 108 98 15 91 16 12 28 71 49 67 56 58 47 26 102 104 60 105 13 3 95 30 41 88 6 1 38 43 53 50 72 73 76 34 4 89 40 48 62 87 61 96 63 86 21 18 100 97 65 
0 19 31 77 90 23 79 55 107 24 29 27 54 92 46 17 8 9 75 85 7 35 20 11 59 22 42 25 37 45 44 70 93 10 32 81 83 109 94 68 51 2 69 82 36 78 84 103 100 39 101 74 99 5 64 33 14 57 80 66 52 106 108 98 15 91 16 12 28 71 49 67 56 58 47 26 102 104 60 105 13 3 95 30 41 88 6 1 38 43 53 50 72 73 76 34 4 89 40 48 62 87 61 96 63 86 21 18 97 65 
0 19 31 77 90 23 79 55 107 24 29 54 92 46 17 8 9 75 85 7 35 20 11 59 22 42 25 37 45 44 70 93 5 32 81 83 109 94 68 51 2 69 82 36 78 84 103 27 100 39 101 74 99 10 64 33 14 57 80 66 52 106 108 98 15 91 16 12 28 71 49 67 56 58 47 26 102 104 60 105 13 3 95 30 41 88 6 1 38 43 53 50 72 73 76 34 4 89 40 48 62 87 61 96 63 86 21 18 97 65 
0 19 31 77 90 23 79 55 107 24 29 27 54 92 46 17 8 9 75 85 7 35 20 11 59 22 42 25 37 45 44 70 5 32 81 83 109 94 68 51 2 69 82 36 78 84 103 100 39 101 74 99 10 64 33 14 57 80 66 52 106 108 98 15 91 16 12 28 71 49 67 56 58 47 26 102 104 60 105 13 3 95 30 41 88 6 1 93 38 43 76 53 50 72 73 34 4 89 40 48 62 87 61 96 63 86 21 18 97 65 
0 19 31 77 90 23 79 55 107 24 29 27 54 92 46 17 8 9 75 85 7 20 11 59 22 42 35 25 37 45 44 70 93 5 32 81 83 109 94 68 51 2 69 82 36 78 56 103 100 39 101 74 99 10 64 33 14 57 80 66 52 106 108 98 15 91 16 12 28 71 49 67 84 58 47 26 102 104 60 105 13 3 95 30 41 88 6 1 38 43 53 50 72 73 76 34 4 89 40 48 62 87 61 96 63 86 21 18 97 65 
0 19 31 77 90 23 79 55 107 24 29 27 54 92 46 17 8 9 75 85 7 35 20 11 59 22 42 25 37 45 44 70 93 5 32 81 83 109 12 28 71 49 67 56 58 47 26 103 100 39 101 74 99 10 64 33 14 57 80 66 52 106 108 98 15 91 16 94 68 51 2 69 82 36 78 84 102 104 60 105 13 3 95 30 41 88 6 1 38 43 53 50 72 73 76 34 4 89 40 48 62 87 61 96 63 86 21 18 97 65 
0 19 31 77 90 23 79 55 107 24 29 27 54 92 46 17 8 9 75 85 7 35 20 11 59 22 42 25 37 45 44 70 93 5 32 81 83 109 94 68 51 2 69 82 36 78 84 103 100 39 101 74 99 10 64 33 14 57 80 66 52 106 108 98 15 91 16 12 28 71 49 67 56 58 47 26 102 104 60 105 13 3 95 30 41 88 6 1 38 43 53 50 72 73 34 4 89 40 48 62 87 61 96 63 86 21 18 97 65 76 
0 19 31 77 90 23 79 55 107 24 29 27 54 92 46 17 8 9 75 85 7 35 20 11 59 22 42 25 37 45 44 70 93 5 32 81 83 109 94 68 51 2 69 82 36 78 84 103 57 39 101 74 99 10 64 33 14 100 80 66 52 106 108 98 15 91 16 12 71 49 67 56 58 47 26 102 104 60 105 13 3 95 30 41 88 6 1 38 43 53 50 72 73 76 34 4 89 28 40 48 62 87 61 96 63 86 21 18 97 65 
0 19 31 77 90 23 79 55 107 25 29 27 54 92 46 17 8 9 75 85 7 35 20 11 59 22 42 24 37 45 44 70 93 5 32 81 83 109 94 68 51 2 69 82 36 78 84 103 100 39 101 74 99 10 64 33 14 57 80 66 52 106 108 98 15 91 16 12 28 71 49 67 56 58 47 26 102 104 60 105 13 3 95 30 41 88 6 1 38 43 53 50 72 73 76 34 4 89 40 48 62 87 61 96 63 86 21 18 97 65 
0 19 31 77 90 23 79 55 107 24 29 27 54 92 46 17 8 9 75 85 7 35 20 11 59 22 42 25 100 45 44 70 93 5 32 81 83 109 94 68 51 2 69 82 36 78 84 103 37 39 101 74 99 10 64 33 14 57 80 66 52 106 108 98 15 91 16 12 28 71 49 67 56 58 47 26 102 104 60 105 13 3 95 30 41 88 6 1 38 43 53 50 72 73 76 34 4 89 40 48 62 87 61 96 63 86 21 18 97 65 
0 19 31 77 90 23 79 55 107 24 29 27 54 92 17 8 46 9 75 85 7 35 20 11 59 22 42 38 1 6 88 41 30 95 3 13 105 60 104 102 26 47 58 56 67 49 71 28 12 16 91 15 98 108 106 52 66 80 57 14 33 64 10 99 74 101 39 100 103 84 78 36 82 69 2 51 68 94 109 83 81 32 5 93 25 37 45 44 70 43 53 72 73 76 50 34 4 89 40 48 62 87 61 96 63 86 21 18 97 65 
0 19 31 77 92 23 79 55 107 24 29 27 54 90 46 17 8 9 75 85 7 35 20 11 59 22 42 25 37 45 44 70 93 5 32 81 83 109 94 68 51 2 69 82 36 78 84 103 100 39 101 74 99 10 64 33 14 57 80 66 52 106 108 98 15 91 16 12 28 71 49 67 56 58 47 26 102 104 60 105 13 3 95 30 41 88 6 1 38 43 53 50 72 73 76 34 4 89 40 48 62 87 61 96 63 86 21 18 97 65 
0 19 31 77 90 23 79 55 107 24 29 27 54 92 46 17 8 42 75 85 7 35 20 11 59 22 9 25 37 45 44 70 93 5 32 81 83 109 94 68 51 2 69 82 36 78 84 73 100 39 101 74 99 10 64 33 14 57 80 66 52 106 108 98 15 91 16 12 28 71 49 67 56 58 47 26 102 104 60 105 13 3 95 30 41 88 6 1 38 43 53 50 72 103 76 34 4 89 40 48 62 87 61 96 63 86 21 18 97 65 
0 19 31 77 90 23 79 55 107 24 29 27 54 92 46 17 8 9 75 85 7 35 20 11 59 22 42 25 37 45 44 70 89 5 32 81 83 109 94 68 51 2 69 82 36 78 84 103 100 39 101 74 99 10 64 33 14 104 60 105 13 3 95 30 41 88 6 1 38 71 49 67 56 58 47 26 102 57 80 66 52 106 108 98 15 91 16 12 28 43 53 50 72 73 76 34 4 93 40 48 62 87 61 96 63 86 21 18 97 65 
0 19 31 77 90 23 79 55 107 24 29 27 92 46 17 8 9 75 85 7 35 20 11 59 22 42 25 37 45 103 84 78 36 82 69 2 54 51 68 94 109 83 81 32 5 93 70 44 100 39 101 74 99 10 64 33 14 57 80 66 52 106 108 98 15 91 16 12 28 71 49 67 56 58 47 26 102 104 60 105 13 3 95 30 41 88 6 1 38 43 53 50 72 73 76 34 4 89 40 48 62 87 61 96 63 86 21 18 97 65 
0 19 31 77 90 23 79 55 107 24 29 27 54 92 46 17 8 9 40 89 4 34 76 73 72 50 53 43 38 1 6 88 41 30 95 3 13 105 60 104 102 26 47 58 56 67 49 71 28 12 16 91 15 98 108 106 52 66 80 57 33 64 10 99 74 101 39 100 103 84 78 36 82 69 2 51 68 94 109 83 81 14 32 5 93 70 44 45 37 25 42 22 59 11 20 35 7 85 75 48 62 87 61 96 63 86 21 18 97 65 
0 19 31 77 90 23 79 55 107 24 29 27 54 92 46 17 8 9 75 85 7 35 20 11 59 22 42 25 37 45 44 70 93 5 32 81 83 109 86 68 51 2 69 82 94 36 78 84 103 100 39 101 74 99 10 64 33 14 57 80 66 52 106 108 98 15 104 91 16 12 28 71 49 67 56 58 47 26 102 60 105 13 3 95 30 41 88 6 1 38 43 53 50 72 73 76 34 4 89 40 48 62 87 61 96 63 21 18 97 65 
0 19 31 77 90 23 79 55 107 24 29 27 54 92 46 17 8 9 75 85 7 35 20 11 22 42 25 37 45 44 70 93 5 59 32 81 83 64 10 99 74 101 39 100 103 84 78 36 82 69 2 51 68 94 109 48 40 89 4 34 76 73 72 50 53 43 38 1 6 88 41 30 95 3 13 105 60 33 14 57 80 104 102 26 47 58 56 67 49 71 28 12 16 91 15 98 108 106 52 66 62 87 61 96 63 86 21 18 97 65 
0 19 31 77 90 23 79 55 107 24 29 27 54 92 46 17 8 9 75 85 7 35 20 11 59 22 42 25 37 45 44 70 93 5 32 81 83 109 94 68 2 69 82 36 78 84 103 100 39 101 74 1 99 10 64 33 14 57 80 66 52 106 108 98 15 91 16 12 28 71 49 51 67 56 58 47 26 102 104 60 105 13 3 95 30 41 88 6 38 43 53 50 72 73 76 34 4 89 40 48 62 87 61 96 63 86 21 18 97 65 
0 19 31 77 90 23 79 55 107 24 29 27 54 92 46 17 8 9 75 85 7 35 20 11 59 22 42 25 37 106 44 70 93 5 32 81 83 109 94 68 51 2 69 82 36 78 84 103 100 39 101 74 99 10 64 33 14 57 80 66 52 45 108 98 15 91 16 12 28 71 49 67 56 58 47 26 102 104 60 105 13 3 95 30 41 88 6 1 38 43 53 50 72 73 76 34 4 89 40 48 62 87 61 96 63 86 21 18 97 65 
0 19 31 77 90 23 79 55 107 24 29 27 54 92 46 17 8 9 75 85 40 35 20 11 59 22 42 25 37 45 44 70 93 5 32 81 83 109 94 68 51 2 69 82 36 78 84 103 100 39 101 74 99 10 64 33 14 57 80 66 52 106 108 98 15 91 16 12 28 71 49 67 56 58 47 26 102 104 60 105 13 3 95 30 41 88 6 1 38 43 53 50 72 73 76 34 4 89 7 48 62 87 61 96 63 86 21 18 97 65 
0 19 31 77 90 23 79 55 107 24 29 27 54 92 46 17 8 9 75 7 35 20 11 59 22 42 25 37 45 44 2 51 68 94 109 83 81 32 5 85 93 70 69 82 36 78 84 103 100 39 101 74 99 10 64 33 14 57 80 66 52 106 108 98 15 91 16 12 28 71 49 67 56 58 47 26 102 104 60 105 13 3 95 30 41 88 6 1 38 43 53 72 73 76 34 4 89 40 48 62 87 61 50 18 21 86 63 96 97 65 
0 19 31 77 90 23 79 55 107 24 29 27 54 92 46 17 8 9 75 85 7 35 20 11 59 22 42 25 37 45 44 70 93 5 32 81 83 109 94 68 51 2 69 82 36 78 84 103 100 39 101 74 99 10 64 33 14 57 80 66 52 106 108 98 38 91 16 12 28 71 49 67 56 58 47 26 102 104 60 105 15 13 3 95 76 73 72 50 53 43 1 6 88 41 30 34 4 89 40 48 62 87 61 96 63 86 21 18 97 65 
0 19 31 77 90 23 79 55 24 29 27 54 92 46 17 8 9 75 85 7 35 20 11 74 101 39 100 103 84 78 107 59 22 42 25 37 45 44 70 93 5 32 81 83 109 94 68 51 2 69 82 36 99 10 64 33 14 57 80 66 52 106 108 98 15 91 16 12 28 71 49 67 56 58 47 26 102 104 60 105 13 3 95 30 41 88 6 1 38 43 53 50 72 73 76 34 4 40 89 48 62 87 61 96 63 86 21 18 97 65 
0 19 31 77 90 23 79 55 107 24 29 27 54 92 46 17 8 9 75 85 7 35 20 11 59 22 42 25 37 45 44 70 93 5 32 81 83 109 94 68 51 2 69 82 36 78 84 103 100 39 101 74 99 10 64 33 14 57 80 66 52 106 108 98 15 16 12 28 71 49 67 56 58 47 26 102 104 60 105 13 3 95 30 41 88 6 1 38 43 53 50 72 73 76 34 4 89 40 48 62 87 61 96 63 86 21 18 97 91 65 
0 19 31 77 90 23 79 55 107 24 29 27 54 92 46 17 8 9 75 85 7 35 20 11 59 22 42 25 37 45 44 70 93 5 56 58 47 26 12 102 104 60 105 13 3 30 95 41 88 6 1 38 43 53 50 72 73 76 34 4 89 40 48 62 87 61 96 63 86 21 18 32 81 83 109 94 68 51 2 69 82 36 78 84 103 100 39 101 74 99 10 64 33 14 57 80 66 52 106 108 98 15 91 16 28 71 49 67 97 65 
0 19 31 77 90 23 79 55 107 24 29 27 54 92 46 17 8 9 75 85 7 35 20 11 59 22 42 25 37 45 44 70 93 5 32 81 83 109 94 68 51 56 58 47 26 102 104 60 105 13 3 95 30 41 88 6 1 38 43 53 50 72 73 76 34 4 89 40 48 62 87 67 2 69 82 36 78 84 103 100 39 101 74 99 10 64 33 14 57 80 66 52 106 108 98 15 91 16 12 28 71 49 61 96 63 86 21 18 97 65 
0 19 31 77 90 23 79 55 107 24 29 27 54 92 46 17 8 9 75 85 7 35 20 11 59 22 42 25 37 45 44 70 93 5 32 81 83 109 94 68 51 26 69 82 36 78 84 103 100 39 101 74 99 10 64 33 14 57 80 66 52 106 108 98 15 91 16 12 28 71 49 67 56 58 47 2 102 104 60 105 13 3 95 30 41 88 6 1 38 43 53 50 72 73 76 34 4 89 40 48 62 87 61 96 63 86 21 18 97 65 
0 19 31 77 90 23 79 55 5 24 29 27 54 92 46 17 8 9 75 85 7 35 20 11 59 22 42 25 37 45 44 107 70 93 32 81 83 109 94 68 51 2 69 82 36 78 84 103 100 39 101 74 99 10 64 33 14 57 80 66 52 106 108 98 15 91 16 12 28 71 49 67 56 58 47 26 102 104 60 105 13 3 95 30 41 88 6 1 38 43 53 50 72 73 76 34 4 89 40 48 62 87 61 96 63 86 21 18 97 65 
0 19 31 77 90 23 79 55 107 24 29 27 54 92 46 17 8 9 75 99 7 35 20 11 59 22 42 25 37 45 44 70 93 5 32 81 83 109 94 68 51 85 2 69 82 36 78 84 103 100 39 101 74 10 64 33 14 57 80 66 52 106 108 98 15 91 16 12 28 71 49 67 56 58 47 26 102 104 60 105 13 3 95 30 41 88 6 1 38 43 53 50 72 73 76 34 4 89 40 48 62 87 61 96 63 86 21 18 97 65 
0 19 31 77 90 23 79 55 107 24 29 27 54 92 46 17 8 9 75 85 7 35 20 11 59 22 42 25 98 45 44 70 93 5 32 81 83 109 94 68 51 2 69 82 36 78 84 103 100 39 101 74 99 10 64 33 14 57 80 66 52 106 108 37 15 91 16 12 28 71 49 67 56 58 47 26 102 104 60 105 13 3 95 30 41 88 6 1 38 43 53 50 72 73 76 34 4 89 40 48 62 87 61 96 63 86 21 18 97 65 
0 19 31 77 90 23 79 55 107 24 29 27 54 88 41 30 95 3 13 105 60 104 102 26 47 58 56 67 49 71 28 12 16 91 15 98 108 106 52 66 80 57 14 33 64 10 99 74 101 39 100 103 84 78 36 82 69 2 51 68 94 109 83 81 32 5 93 70 44 45 37 25 42 22 59 11 20 35 7 85 75 9 8 17 46 92 6 1 38 43 53 50 72 73 76 34 4 89 40 48 62 87 61 96 63 86 21 18 97 65 
0 19 32 5 93 70 44 45 37 25 42 22 59 11 20 35 7 85 75 9 8 17 46 92 54 27 29 24 107 55 79 23 90 77 31 81 83 109 94 68 51 2 69 82 36 78 84 103 100 39 101 74 99 10 64 33 14 57 80 66 52 106 108 98 15 91 16 12 28 71 49 67 56 58 47 26 102 104 60 105 13 3 95 30 41 88 6 1 38 43 53 50 72 73 76 34 4 89 40 48 62 87 61 96 63 86 21 97 65 18 
0 19 31 77 90 23 79 55 107 24 29 27 54 92 46 17 8 9 75 85 7 35 20 11 59 22 42 25 37 45 44 70 93 5 32 81 83 109 94 68 51 2 69 82 36 78 84 103 100 39 101 74 72 10 64 33 14 57 80 66 52 106 108 98 15 91 16 12 28 71 49 67 56 58 47 26 102 104 60 105 13 3 95 30 41 88 6 1 38 43 53 50 99 73 76 34 89 40 48 62 87 61 96 63 4 86 21 18 97 65 
0 19 31 77 90 23 79 55 107 24 29 27 54 92 46 17 8 9 75 85 7 35 20 11 59 22 42 25 37 45 44 70 93 5 32 81 83 109 94 68 51 2 69 82 36 78 84 103 100 39 6 74 99 10 64 33 14 57 80 66 52 106 108 98 15 91 16 12 28 71 49 67 56 58 47 26 102 104 60 105 13 3 95 30 41 88 101 1 38 43 53 50 72 73 76 34 4 89 40 48 62 87 61 96 63 86 21 18 97 65 
0 19 31 77 90 23 79 55 107 24 29 27 54 92 46 17 8 9 75 85 7 20 11 59 22 42 25 37 45 44 70 93 5 32 81 83 109 94 66 51 2 69 82 36 78 84 103 100 39 101 74 99 10 64 33 14 57 80 68 52 106 108 98 15 91 16 12 28 71 49 67 56 58 47 26 102 104 60 105 13 3 95 30 41 88 6 1 38 43 53 50 72 73 76 34 4 89 40 48 35 62 87 61 96 63 86 21 18 97 65 
0 19 31 77 90 23 79 55 107 24 29 27 54 92 46 17 8 9 75 85 7 35 20 102 104 60 105 13 3 95 30 41 88 6 1 38 43 53 50 72 51 2 69 82 36 78 84 103 100 39 101 74 99 10 64 33 57 80 66 52 106 108 98 15 91 16 12 28 71 49 67 56 58 47 26 11 59 22 42 25 37 45 44 70 93 5 32 81 83 109 94 68 73 76 34 14 4 89 40 48 62 87 61 96 63 86 21 18 97 65 
0 19 31 77 90 23 79 55 107 24 29 27 54 92 46 17 8 9 75 85 7 35 20 11 59 22 42 25 37 45 44 70 93 5 32 81 83 109 94 68 51 2 69 82 36 78 84 103 100 39 101 74 99 10 64 33 14 57 104 66 52 106 108 98 15 91 16 12 28 71 49 67 56 58 47 26 102 80 60 105 13 3 95 30 41 88 6 86 63 96 61 87 62 48 40 89 4 34 76 73 72 50 53 43 38 1 21 18 97 65 
0 19 31 77 90 23 79 55 107 24 29 27 54 92 46 17 8 9 75 85 7 35 20 11 59 106 108 98 15 91 16 12 28 71 49 67 56 58 47 26 102 104 60 105 13 3 95 30 41 88 6 74 99 10 64 33 14 57 80 66 52 22 42 25 37 45 44 70 93 5 32 81 83 109 94 68 51 2 69 82 36 78 84 103 100 39 101 1 38 43 53 50 72 73 76 34 4 89 40 48 62 87 61 96 63 86 21 18 97 65 
0 19 31 77 90 23 79 55 107 24 29 27 54 92 46 17 8 9 75 85 7 35 20 11 59 22 42 25 37 45 44 70 93 5 32 81 83 109 72 68 51 2 69 82 36 78 84 103 100 101 74 99 10 64 33 14 57 80 66 52 106 108 98 15 91 16 12 28 71 49 67 56 58 47 26 102 104 60 105 13 3 39 95 30 41 88 6 1 38 43 53 50 94 73 76 34 4 89 40 48 62 87 61 96 63 86 21 18 97 65 
0 19 31 77 90 23 79 55 107 24 29 27 54 92 46 17 14 9 75 85 7 35 20 11 59 22 42 25 37 45 44 70 93 5 32 8 81 83 109 94 68 51 2 69 82 36 78 84 103 100 39 101 74 99 10 64 33 57 80 66 52 106 108 98 15 91 16 12 28 71 49 67 56 58 47 26 102 104 60 105 13 3 95 30 41 88 6 1 38 43 53 50 72 73 76 34 4 89 40 48 62 87 61 96 63 86 21 18 97 65 
0 19 31 77 90 23 79 55 107 24 29 27 54 92 46 17 8 9 75 85 97 35 20 11 59 22 42 25 37 45 44 70 93 5 32 81 83 109 94 68 51 2 69 82 36 78 84 103 100 39 101 74 99 10 64 33 14 57 80 66 52 106 108 98 15 91 16 12 28 71 49 67 56 58 47 26 102 104 60 105 13 73 72 50 53 43 38 1 6 88 41 30 95 3 76 34 4 89 40 48 62 87 61 96 63 86 21 18 7 65 
0 19 31 77 90 23 79 55 107 24 29 27 54 92 46 17 8 9 75 85 7 35 20 11 59 22 42 25 37 45 44 70 93 5 32 81 83 109 94 68 51 2 69 82 36 78 84 103 100 39 101 74 99 10 64 33 14 57 80 66 52 106 108 98 15 91 16 12 28 71 76 67 56 58 34 4 89 40 48 62 87 61 96 63 86 21 18 1 38 43 49 53 50 72 73 47 26 102 104 60 105 13 3 95 30 41 88 6 97 65 
0 19 31 77 90 23 79 55 107 24 29 27 54 92 46 17 8 9 75 85 7 35 20 11 59 22 42 25 37 45 44 30 95 3 13 105 60 104 102 26 57 58 56 67 49 71 28 12 16 91 15 98 108 106 52 66 80 47 14 33 64 10 99 74 101 39 100 103 84 78 36 82 69 2 51 68 94 109 83 81 32 5 93 70 41 88 6 1 38 43 53 50 72 73 76 34 4 89 40 48 62 87 61 96 63 86 21 18 97 65 
0 19 31 77 90 23 79 55 107 24 29 27 54 92 46 17 8 9 5 85 7 35 20 11 59 22 42 25 37 45 44 70 93 75 32 81 83 109 94 68 51 2 69 82 36 78 84 103 100 39 38 1 6 88 41 30 95 3 13 105 60 104 102 26 47 58 56 67 49 71 28 12 16 91 15 98 108 106 52 66 80 57 14 33 64 10 99 74 101 43 53 50 72 73 76 34 4 40 89 48 62 87 61 96 63 86 21 18 97 65 
0 19 31 77 90 23 79 55 107 24 29 27 54 92 46 17 8 9 75 85 7 35 20 11 59 22 42 25 37 45 44 70 93 5 32 81 83 109 94 68 51 2 82 36 78 84 103 100 39 101 74 99 10 64 33 14 57 80 66 52 106 108 98 15 91 69 16 12 28 71 49 67 56 58 47 26 102 104 60 105 13 3 95 30 41 88 6 1 38 43 53 50 72 76 34 4 89 40 48 87 61 62 96 63 86 21 18 97 65 73 
0 19 31 77 90 23 79 55 107 24 29 27 54 92 46 17 8 9 75 85 7 35 20 11 59 22 42 25 37 45 44 5 93 70 32 81 83 109 68 51 2 69 82 36 78 84 103 100 39 101 74 99 10 64 33 14 57 80 66 52 106 108 98 15 91 16 12 28 71 49 67 56 58 47 26 102 104 60 105 13 3 94 95 30 41 88 6 1 38 43 53 50 72 73 76 34 4 89 40 48 62 87 61 96 63 86 65 21 18 97 
0 19 31 77 90 23 79 55 107 24 29 27 54 92 46 17 8 9 75 85 7 35 52 11 59 22 42 25 37 45 44 70 93 5 32 81 83 109 94 68 51 2 69 82 36 78 84 103 100 39 101 74 99 10 64 33 14 57 80 66 20 106 108 98 15 91 16 12 28 71 49 67 56 58 47 26 102 104 60 105 13 3 95 30 41 88 6 1 38 43 53 50 72 73 76 34 4 89 40 48 62 87 61 96 63 86 21 18 97 65 
0 69 82 36 78 84 103 100 39 101 74 99 10 64 33 14 57 80 66 52 106 108 98 15 91 16 12 28 71 49 44 70 93 5 32 81 83 109 94 68 51 2 19 31 77 90 23 79 55 107 24 29 27 54 92 46 17 8 9 75 85 7 35 20 11 59 22 42 25 37 45 67 56 58 47 26 102 104 60 105 13 3 95 30 41 88 6 1 38 43 53 50 72 73 76 34 4 89 40 48 62 87 61 96 63 86 21 18 97 65 
0 19 31 77 90 23 79 55 107 24 29 27 54 92 46 17 8 9 75 85 7 35 20 48 40 89 4 34 76 73 72 50 53 43 38 1 6 88 41 30 95 3 13 105 60 104 102 26 47 58 56 67 49 71 28 12 16 91 15 98 108 106 52 66 80 57 14 33 45 10 99 74 101 39 100 103 84 78 36 82 69 2 51 68 94 109 83 81 32 5 93 70 44 64 37 25 42 22 59 11 62 87 61 96 63 86 21 18 97 65 
0 19 31 77 90 23 79 55 107 24 29 27 54 92 46 17 8 9 75 85 7 35 20 11 59 22 42 25 37 45 44 70 50 53 43 38 1 6 88 41 30 95 3 13 105 60 104 102 26 47 58 56 67 49 71 28 12 16 91 15 98 108 106 52 66 80 57 14 33 64 10 99 74 101 39 100 103 84 78 36 82 69 2 51 68 94 109 83 81 32 5 93 72 76 34 4 89 40 48 87 61 62 96 63 86 21 18 97 65 73 
0 19 36 77 90 23 79 55 107 24 29 27 54 92 46 17 8 9 75 85 7 35 20 11 59 22 42 25 37 31 45 44 70 93 5 32 81 83 109 94 68 51 2 69 82 78 84 103 100 39 101 74 99 10 64 33 14 57 80 66 52 106 108 98 15 91 16 12 28 71 49 67 56 58 47 26 102 104 60 105 13 3 95 30 41 88 6 1 38 43 53 50 72 73 76 34 4 89 40 48 62 87 61 96 63 86 21 18 97 65 
0 19 31 77 90 23 79 55 107 24 29 27 106 108 98 15 91 16 12 28 71 49 67 56 58 47 26 102 104 60 105 13 3 95 30 41 88 6 1 38 43 53 50 72 73 76 34 4 89 40 48 62 87 61 18 21 86 63 96 97 65 54 92 46 17 8 9 75 85 7 35 20 11 59 22 42 25 37 45 44 2 51 68 94 109 83 81 32 5 93 70 69 82 36 78 84 103 100 39 101 74 99 10 64 33 14 57 80 66 52 
0 19 31 77 90 23 79 55 107 24 29 27 54 46 17 8 9 75 85 7 35 20 103 84 78 36 82 69 2 51 68 94 109 83 81 32 5 93 70 44 45 37 25 42 22 59 11 100 39 101 74 99 10 64 33 14 92 57 80 66 52 106 108 98 15 91 16 12 28 71 49 67 56 58 47 26 102 104 60 105 13 3 95 30 41 88 6 1 38 43 53 50 72 73 76 34 4 89 40 48 62 87 61 96 63 86 21 18 97 65 
0 19 31 77 90 23 79 55 107 24 29 27 54 16 91 15 98 108 106 6 52 66 80 57 14 33 64 10 99 74 101 39 100 103 84 78 36 82 69 2 51 68 94 109 83 81 32 5 93 70 44 45 37 25 42 22 59 11 20 35 7 85 75 9 8 17 46 92 12 28 71 49 67 56 58 47 26 102 104 60 105 13 3 95 30 88 41 1 38 43 53 50 72 73 76 34 4 89 40 48 62 87 61 96 63 86 21 18 97 65 
0 19 31 77 90 23 79 15 91 16 12 28 71 49 67 56 58 47 26 102 104 60 105 13 3 95 30 41 88 6 1 38 43 53 50 72 73 76 34 4 109 2 69 82 36 78 84 103 100 39 101 74 99 10 64 33 14 57 80 66 52 106 108 98 55 107 24 29 27 54 92 46 17 8 9 75 85 7 35 20 11 59 22 42 25 37 45 44 70 93 5 32 81 83 51 94 68 89 40 48 62 87 61 96 63 86 21 18 97 65 
0 19 31 77 90 23 79 55 2 24 29 27 54 92 46 17 8 9 75 85 7 35 20 11 59 22 42 25 37 45 44 70 93 5 32 81 83 109 94 68 51 107 69 82 36 78 84 103 100 39 101 74 99 10 64 33 14 57 80 66 52 106 108 98 15 91 16 12 28 71 49 67 56 58 47 26 102 104 60 105 13 3 95 30 41 88 6 1 38 43 53 50 72 73 76 34 4 89 40 48 62 87 61 96 63 86 21 18 97 65 
0 19 31 77 90 23 79 55 107 24 29 27 54 92 46 17 8 9 75 85 7 35 20 11 59 22 42 25 37 45 44 70 93 5 66 52 106 108 98 15 91 16 12 28 71 49 67 56 58 47 26 102 104 60 105 13 3 95 30 41 88 6 1 38 43 53 50 72 73 76 34 4 89 40 48 62 87 61 96 63 86 21 18 97 74 99 10 64 33 14 57 80 32 81 83 109 94 68 51 2 69 82 36 78 84 103 100 39 101 65 
0 19 31 77 90 23 79 55 107 24 29 27 54 92 46 17 8 9 75 85 7 35 20 11 59 22 42 25 37 45 44 70 93 5 32 81 83 109 94 68 51 2 69 82 36 78 84 103 100 39 101 74 99 10 64 33 14 57 80 66 65 97 18 21 86 63 96 61 87 62 48 40 52 106 108 98 15 91 16 12 28 71 49 67 56 58 47 26 102 104 60 13 3 41 30 95 88 6 1 38 43 53 50 72 105 73 76 34 4 89 
0 19 31 77 90 23 79 55 107 24 29 27 54 92 46 17 8 52 106 108 98 15 91 16 12 28 71 49 67 56 58 47 26 102 104 60 105 13 3 95 30 41 88 82 36 78 84 103 100 39 101 74 99 10 64 33 14 57 80 66 9 75 85 7 35 20 11 59 22 42 25 37 45 44 70 93 5 32 81 83 109 94 68 51 2 69 6 1 38 43 53 50 72 73 76 34 4 89 40 48 62 87 61 96 63 86 21 18 97 65 
0 19 31 77 90 23 79 55 107 24 29 27 54 92 46 17 8 9 75 85 7 35 20 11 59 22 42 25 37 45 44 70 93 5 32 81 83 109 94 51 2 69 82 36 78 84 103 100 39 101 74 99 10 64 33 14 57 80 66 52 106 108 98 15 91 16 12 28 71 49 67 56 58 47 26 102 104 60 105 13 3 95 30 41 88 6 1 38 43 53 50 72 76 34 4 89 40 48 87 68 61 62 96 63 86 21 18 97 65 73 
0 19 31 77 90 23 79 55 107 24 29 27 54 92 46 17 8 9 75 85 7 35 20 11 59 22 42 25 37 45 44 70 93 5 13 105 60 104 102 26 47 58 56 67 49 71 28 12 16 91 38 98 108 106 52 66 80 57 14 33 64 10 99 74 101 39 100 103 84 78 36 82 69 2 51 68 94 109 83 81 32 3 95 30 41 88 6 15 1 43 53 50 72 73 76 34 4 89 40 48 62 87 61 96 63 86 21 18 97 65 
0 19 31 77 90 23 27 55 107 24 29 79 54 92 46 17 8 9 75 85 7 35 20 11 59 22 42 25 37 45 44 70 93 5 32 81 83 109 94 68 51 2 69 82 36 78 84 103 100 39 101 74 99 10 64 33 14 57 80 66 52 106 108 98 15 91 16 12 65 97 18 21 86 63 96 61 87 62 48 40 89 4 34 76 73 72 50 53 43 38 1 6 88 41 30 95 3 13 105 60 104 102 26 47 58 56 67 49 71 28 
0 19 31 77 90 23 79 55 107 24 29 27 54 92 46 17 8 9 75 85 7 35 20 11 59 22 42 86 37 45 44 70 93 5 32 81 83 109 94 68 51 2 69 82 36 78 84 103 100 39 101 74 99 10 64 33 14 57 80 66 52 106 108 98 15 91 16 12 28 71 49 67 56 58 47 26 102 104 60 105 13 3 95 30 41 88 6 1 38 43 53 50 72 73 76 34 4 89 40 48 62 87 61 96 63 25 21 18 97 65 
0 19 31 77 90 23 79 55 107 24 29 27 54 92 46 17 8 9 75 85 7 35 20 11 59 22 42 25 37 45 44 70 93 5 32 81 83 109 94 68 51 2 69 82 36 78 84 103 100 39 101 74 99 10 64 33 14 57 80 66 52 106 108 98 15 91 16 12 28 71 49 67 56 58 47 26 102 96 60 105 13 3 95 30 41 88 6 1 38 43 53 50 72 73 76 34 4 89 40 48 62 87 61 104 63 86 21 18 97 65 
0 19 31 77 90 23 79 55 107 24 69 27 54 92 46 17 8 9 75 85 7 35 20 11 59 22 42 25 37 45 44 70 93 5 32 81 83 109 94 68 51 2 29 82 36 78 84 103 100 39 101 74 99 10 64 33 14 57 80 66 52 106 108 98 15 91 16 12 28 71 49 67 56 58 47 26 102 104 60 105 13 3 95 30 41 88 6 1 38 43 53 50 72 73 76 34 4 89 40 48 62 87 61 96 63 86 21 18 97 65 
0 19 31 77 90 23 79 55 107 24 29 27 54 92 46 17 8 9 75 85 7 35 20 11 59 22 42 25 37 45 44 70 93 49 81 83 109 94 68 51 2 69 82 36 78 84 103 100 39 101 32 74 99 10 64 33 14 57 80 66 52 106 108 98 15 91 16 12 28 71 5 67 56 58 47 26 102 104 60 105 13 3 95 30 41 88 6 1 38 43 53 50 72 73 76 34 4 89 40 48 62 87 61 96 63 86 21 18 97 65 
0 19 31 77 90 23 79 55 107 24 29 27 54 92 46 17 8 9 75 85 7 35 20 11 59 22 42 25 37 45 44 70 93 5 32 81 83 109 94 68 51 2 69 82 36 78 84 103 100 39 101 74 99 10 64 33 14 57 80 66 52 106 108 98 15 91 34 4 89 40 48 62 87 61 96 63 86 21 18 97 65 3 95 30 41 88 6 1 38 43 53 50 72 73 76 16 12 28 71 49 67 56 58 47 26 102 104 60 105 13 
0 19 31 77 90 23 79 55 107 24 29 27 54 92 46 17 8 9 75 85 7 35 20 11 59 22 42 25 37 45 44 5 70 93 32 81 83 109 94 68 95 2 69 82 36 78 84 103 100 39 101 74 99 10 64 33 14 57 80 66 52 106 108 98 15 91 16 12 28 71 49 67 56 58 47 26 102 104 60 105 13 3 51 30 41 88 6 1 38 43 53 50 72 76 73 34 4 89 40 48 62 87 61 96 63 86 21 18 97 65 
0 19 31 77 90 23 79 55 107 24 29 27 92 46 17 8 9 75 85 7 35 20 11 59 22 42 25 37 45 44 70 93 5 54 32 81 83 109 94 68 51 2 69 82 36 78 84 103 100 39 101 74 99 10 64 33 14 57 80 66 52 106 108 98 15 91 16 12 28 71 49 67 56 58 47 26 102 104 60 105 13 3 95 30 41 88 6 1 38 43 53 50 63 73 76 34 4 89 40 48 62 87 61 96 72 86 21 18 97 65 
0 19 31 77 90 23 79 55 107 24 29 27 54 92 46 17 8 30 95 3 13 105 60 104 102 26 47 58 56 67 36 49 71 28 12 16 91 15 98 108 106 52 66 80 57 14 33 64 10 99 74 101 39 100 103 84 78 82 69 2 51 68 94 109 83 81 32 5 93 70 44 45 37 25 42 22 59 11 20 35 7 85 75 9 41 88 6 1 38 43 53 50 72 73 76 34 4 89 40 48 62 87 61 96 63 86 21 18 97 65 
0 19 31 77 90 23 79 55 107 24 29 27 54 92 46 17 8 9 75 85 7 35 20 11 59 22 42 25 37 99 74 101 39 100 103 84 78 36 82 69 2 51 68 94 109 83 81 32 5 93 70 44 45 10 64 33 14 57 80 66 52 106 108 98 15 91 16 12 28 71 49 67 56 58 47 26 102 104 60 105 13 3 95 30 88 6 1 38 43 53 50 72 73 76 34 4 89 40 48 62 87 61 96 63 86 21 18 97 41 65 
0 19 31 77 90 23 67 56 58 47 26 102 104 60 105 13 3 95 30 41 88 6 1 38 43 53 50 72 73 45 44 70 93 5 32 81 83 109 94 68 51 2 69 82 36 78 84 103 100 39 101 74 99 10 64 33 14 57 80 66 52 106 108 98 15 91 16 12 28 71 49 79 55 107 24 29 27 54 92 46 17 8 9 75 85 7 35 20 11 59 22 42 25 37 76 34 4 89 40 48 62 87 61 96 63 86 21 18 97 65 
0 19 31 77 90 23 79 55 107 24 29 27 54 92 46 17 8 9 75 85 22 35 20 11 59 7 42 25 37 45 44 70 93 5 32 65 83 109 94 68 51 2 69 82 36 78 84 103 100 39 101 74 99 10 64 33 14 57 80 66 52 106 108 98 15 91 16 12 28 71 49 67 56 58 47 26 102 104 60 105 13 3 95 30 41 88 6 1 38 43 53 81 97 18 21 86 63 96 61 87 50 72 73 76 34 4 89 40 48 62 
0 19 31 77 90 23 79 55 107 24 29 27 54 92 46 17 8 9 75 85 7 35 20 11 59 22 42 25 37 45 44 70 93 5 32 81 83 109 94 68 51 2 69 82 36 78 84 103 100 39 101 74 99 10 64 33 14 105 80 66 52 106 108 98 15 91 16 12 28 71 49 67 56 58 47 26 102 104 60 57 13 3 95 30 41 88 6 1 38 43 53 65 97 18 21 86 63 96 61 87 50 72 73 76 34 4 89 40 48 62 
0 19 31 77 90 23 79 55 107 24 29 27 54 92 46 17 8 9 75 85 7 35 20 11 59 22 42 25 37 98 44 70 93 5 32 81 83 109 94 68 51 2 69 82 36 78 84 103 100 39 101 74 99 47 66 80 57 14 33 64 10 58 56 67 49 71 28 12 16 91 15 45 108 106 52 26 102 104 60 105 13 3 95 30 41 88 6 1 38 43 53 50 72 73 76 34 4 89 40 48 62 87 61 96 63 86 21 18 97 65 
0 19 31 77 90 23 14 57 80 66 52 106 108 98 15 91 16 12 28 71 49 67 56 58 47 26 38 1 6 88 41 30 95 3 13 105 60 104 102 43 53 50 72 73 76 34 4 89 40 48 101 74 99 10 64 33 79 55 107 24 29 27 54 92 46 17 8 9 75 85 7 35 20 11 59 22 42 25 37 45 44 70 93 5 32 81 83 109 94 68 51 2 69 82 36 78 84 103 100 39 62 87 61 96 63 86 21 18 97 65 
0 19 31 77 90 23 79 55 107 24 29 27 54 92 78 17 8 9 75 85 7 35 20 11 59 22 42 25 37 45 44 70 93 5 32 81 83 109 94 68 51 2 69 82 36 46 84 103 100 39 101 74 99 10 64 33 14 57 80 66 52 106 108 98 15 91 16 12 28 71 49 67 56 58 47 26 102 104 60 105 13 3 95 30 41 88 6 1 38 43 53 50 72 73 76 34 4 89 40 48 62 87 61 96 63 86 21 18 97 65 
0 19 31 104 102 26 47 58 56 67 49 71 28 12 16 91 15 98 108 106 52 66 80 57 14 33 64 10 99 74 101 39 100 103 84 78 36 82 69 2 51 68 94 109 83 81 32 5 93 70 44 45 37 25 42 22 59 11 20 35 7 85 75 9 8 17 46 92 54 27 29 24 107 55 79 23 90 77 76 105 13 3 95 30 41 88 6 1 38 43 53 50 72 73 60 34 4 89 40 48 62 87 61 96 63 86 21 18 97 65 
0 19 31 77 90 23 79 55 107 24 29 27 54 92 46 17 8 9 75 85 7 35 20 11 59 22 41 25 37 45 44 70 93 5 32 81 83 109 94 68 51 2 69 82 36 78 84 103 100 39 101 74 99 10 64 33 14 57 80 66 52 106 108 98 15 91 16 12 28 71 49 67 56 58 47 26 102 104 60 105 13 3 95 30 42 88 6 1 38 43 53 50 72 73 76 34 4 89 40 48 62 87 61 96 63 86 18 21 97 65 
0 19 31 77 90 23 79 55 107 59 29 27 54 92 46 17 8 9 75 85 7 35 20 11 24 22 42 25 37 45 44 70 93 5 32 81 83 109 94 68 51 2 69 82 36 78 84 103 100 39 101 74 99 10 64 33 14 57 80 66 52 106 108 98 15 91 16 12 28 71 49 67 58 47 26 102 104 60 105 13 3 95 30 41 88 6 1 38 43 53 50 72 73 76 34 4 89 40 48 62 87 61 96 63 86 21 18 97 56 65 
0 19 31 77 90 23 74 99 10 64 33 14 57 80 66 52 106 108 98 15 91 16 12 28 71 49 67 56 58 47 44 70 93 5 32 81 83 109 94 68 51 2 69 82 36 78 84 103 100 39 101 79 55 107 24 29 27 54 92 46 17 8 9 75 85 7 35 20 11 59 22 42 25 37 45 26 102 104 60 105 13 3 95 30 41 88 6 1 38 43 53 50 72 73 76 34 4 89 40 48 62 87 61 96 63 86 21 18 97 65 
0 19 31 77 90 23 79 65 107 24 29 27 54 92 46 17 8 9 75 85 7 35 20 11 59 22 42 25 37 45 44 70 93 5 32 81 83 109 94 68 51 2 69 82 36 78 84 103 100 39 101 74 99 10 64 33 14 57 80 66 52 106 108 98 15 91 16 12 28 71 49 67 56 58 47 102 104 60 105 13 3 95 30 41 88 26 1 38 43 53 50 72 73 76 34 4 89 40 48 62 87 61 96 63 86 21 18 97 55 6 
0 19 31 77 90 23 79 66 52 106 108 98 15 91 16 12 28 71 49 67 56 58 47 26 102 104 60 105 13 3 95 30 41 5 32 81 83 109 94 68 51 2 69 82 36 78 84 103 100 39 101 74 99 10 64 33 14 57 80 55 107 24 29 27 54 92 46 17 8 9 75 85 7 35 20 11 59 22 42 25 37 45 44 70 93 88 6 1 38 43 53 50 72 73 76 34 4 89 40 48 62 87 61 96 63 86 21 18 97 65 
0 19 31 77 90 23 79 55 107 24 29 27 54 92 46 17 8 9 75 85 7 35 20 11 59 22 42 25 37 45 13 3 95 30 41 88 6 1 38 43 53 50 69 82 36 78 84 103 100 39 101 74 102 26 47 58 56 80 49 71 28 12 16 91 15 98 108 106 52 66 67 57 14 33 64 10 99 104 60 105 44 70 93 5 32 81 83 109 94 68 51 2 72 73 76 34 4 89 40 48 62 87 61 96 63 86 21 18 97 65 
0 19 31 77 90 23 79 55 107 24 29 27 54 92 46 17 26 47 58 56 67 49 71 28 12 16 91 15 98 108 106 52 66 80 57 14 33 64 10 99 74 101 39 100 103 84 78 36 82 69 2 51 68 94 109 83 81 32 5 93 70 44 45 37 25 42 22 59 11 20 35 7 85 75 9 8 102 104 60 105 13 3 95 30 41 88 6 1 38 43 53 50 72 73 76 34 4 89 40 48 62 87 61 96 63 21 18 97 65 86 
0 19 31 57 80 66 52 106 108 98 15 91 16 12 28 71 49 67 56 58 47 26 102 104 60 105 13 3 95 30 41 88 6 1 38 43 53 50 72 73 76 34 4 89 40 48 62 87 61 96 63 86 21 18 97 33 14 77 90 23 79 55 107 24 29 27 54 92 46 17 8 9 75 85 7 35 20 11 59 22 42 25 37 45 44 70 93 5 32 81 83 109 94 68 51 2 69 82 36 78 84 103 100 39 101 74 99 10 64 65 
0 19 31 101 74 99 10 64 33 14 57 80 66 52 106 108 98 15 91 16 12 28 71 49 36 67 56 58 47 26 102 104 60 105 13 3 95 30 41 88 6 1 38 43 53 50 72 73 39 77 90 23 79 55 107 24 29 27 54 92 46 17 8 9 75 85 7 35 20 11 59 22 42 25 37 45 44 70 93 5 32 81 83 109 94 68 51 2 69 82 78 84 103 100 76 34 4 89 40 48 62 87 61 96 63 86 21 18 97 65 
0 19 31 77 90 23 79 55 107 24 29 27 54 92 46 17 8 9 75 85 7 35 20 11 59 22 42 25 37 45 44 70 93 5 32 81 83 109 94 68 51 2 69 82 36 78 84 103 100 39 101 74 99 10 64 33 14 57 80 66 52 106 108 98 15 91 16 12 28 71 49 67 56 58 47 26 102 104 60 105 97 3 95 30 41 88 6 1 38 43 53 50 72 73 76 34 4 89 40 48 62 87 61 96 63 86 21 18 13 65 
0 19 31 77 90 23 79 55 107 24 29 27 49 92 46 17 8 9 75 85 7 35 20 11 59 22 42 25 37 45 44 70 93 5 32 81 83 109 94 68 51 2 69 82 36 78 84 54 103 100 39 101 74 99 10 64 33 14 57 80 66 52 106 108 98 15 91 16 12 28 71 67 56 58 47 26 102 104 60 105 13 3 95 30 41 88 6 1 38 43 53 50 72 73 76 34 4 89 40 48 62 87 61 96 63 86 21 18 97 65 
0 19 31 77 90 23 79 55 107 24 29 27 54 47 26 102 104 60 105 13 3 95 30 41 88 6 1 38 43 53 50 72 73 76 34 4 89 40 48 62 87 61 70 82 36 78 84 103 100 39 101 74 99 10 64 33 14 57 80 66 52 106 108 98 15 91 16 12 28 71 49 67 56 58 92 46 17 8 9 75 85 7 35 20 11 59 22 42 25 37 45 44 93 5 32 81 83 109 94 68 51 2 69 96 63 86 21 18 97 65 
0 19 31 77 90 23 79 55 107 24 29 27 54 92 46 17 8 9 75 85 7 35 20 11 59 22 42 25 102 45 44 70 93 5 32 81 83 109 94 68 51 69 82 36 78 84 103 100 39 101 74 99 10 64 33 14 57 80 66 52 106 108 98 15 91 16 12 28 71 49 67 56 58 47 26 37 104 60 105 13 3 95 30 41 88 6 1 38 43 53 50 72 73 76 34 4 89 40 48 2 62 87 61 96 63 86 21 18 97 65 
0 19 31 77 90 23 79 55 107 24 29 27 54 92 46 17 8 9 75 85 7 35 20 11 59 22 42 25 37 45 44 70 93 5 32 81 83 91 16 12 28 71 49 67 56 58 47 26 102 104 60 105 13 95 30 41 88 6 1 53 50 72 73 76 34 4 89 40 48 62 87 61 96 63 86 38 43 103 100 39 108 98 15 3 109 94 68 51 2 69 82 36 78 84 101 74 99 10 64 33 14 57 80 66 52 106 21 18 97 65 
0 19 31 77 90 23 79 55 107 24 29 64 10 99 74 101 39 100 103 84 78 36 82 69 2 51 68 94 109 83 81 32 5 93 70 44 45 27 54 92 46 17 8 9 75 85 7 35 20 11 42 25 37 59 33 14 57 80 66 52 106 108 98 15 91 16 12 28 71 49 67 56 58 47 30 95 3 13 105 60 104 102 26 41 88 6 1 38 22 43 53 50 72 73 76 34 4 89 40 48 62 87 61 96 63 86 21 18 97 65 
0 19 31 77 90 23 79 55 107 24 29 27 54 92 46 17 8 9 75 85 7 71 49 67 56 58 47 26 102 104 60 105 13 3 95 30 41 88 38 1 6 50 53 43 72 73 76 34 4 89 40 48 62 87 61 96 63 86 21 18 97 65 108 98 15 91 16 12 28 35 20 11 59 22 42 25 37 45 44 70 93 5 32 81 83 109 94 68 51 2 69 82 36 78 84 103 100 39 101 74 99 10 64 33 14 57 80 66 52 106 
0 19 31 77 90 23 79 55 107 24 29 27 54 92 46 17 8 9 75 85 7 35 20 11 59 22 42 25 37 45 44 70 93 5 32 81 83 109 94 68 51 2 69 82 36 78 84 103 100 61 87 62 48 40 89 56 67 49 71 28 12 16 91 15 98 108 106 52 66 80 57 14 33 64 10 99 74 101 39 96 63 3 95 30 41 88 6 1 38 43 53 50 72 73 76 34 4 58 47 26 102 104 60 105 13 86 21 18 97 65 
0 19 31 77 90 23 79 55 107 24 29 27 54 92 46 17 8 9 75 85 7 35 20 11 106 22 42 25 37 45 44 83 81 32 5 93 70 109 94 68 51 2 69 82 36 78 103 100 39 101 74 10 64 33 14 57 80 66 84 52 59 108 98 15 91 16 12 28 71 49 67 56 58 47 26 102 104 60 105 13 3 95 30 41 88 6 1 38 43 99 53 50 72 73 76 34 4 89 40 48 62 87 61 96 63 86 21 18 97 65 
0 19 31 77 90 23 79 55 107 28 71 49 67 56 58 47 26 102 104 60 105 13 3 95 30 41 88 6 1 38 43 53 50 72 73 76 34 4 89 40 48 62 87 61 96 63 84 103 100 39 101 74 99 10 64 33 14 57 80 66 52 106 108 98 15 91 16 12 24 29 27 54 92 46 17 8 9 75 85 7 35 20 37 59 22 42 25 11 45 44 70 93 5 32 81 83 109 94 68 51 2 69 82 36 78 86 21 18 97 65 
0 19 31 77 90 23 79 55 107 24 29 27 54 92 106 17 8 9 75 85 7 35 20 11 59 22 42 25 37 45 44 70 93 5 32 81 83 109 94 68 51 2 69 82 36 78 84 103 100 39 101 74 99 10 64 33 14 57 80 66 52 46 108 98 15 91 16 12 28 71 49 67 56 58 47 26 102 104 60 105 13 3 95 30 41 88 6 1 38 43 53 50 72 73 76 34 4 89 40 48 62 87 61 96 63 86 21 18 97 65 
0 19 31 77 80 66 52 106 108 98 15 91 16 12 28 71 49 67 56 58 47 26 102 104 60 105 13 3 95 30 41 88 6 1 43 53 50 38 72 73 76 34 4 89 40 48 62 87 61 96 63 86 21 18 97 33 14 57 90 23 79 55 107 24 29 27 54 92 46 17 8 9 75 85 7 35 20 11 59 22 42 25 37 45 44 70 93 5 32 81 83 109 94 68 51 2 69 82 36 78 84 103 100 39 101 74 99 10 64 65 
0 19 31 77 90 23 79 55 107 24 29 27 54 92 46 17 8 9 108 98 15 43 85 7 35 20 11 59 22 42 25 37 45 44 70 93 5 32 81 83 109 94 68 51 2 69 82 36 78 84 103 100 39 101 74 99 10 64 33 14 57 80 88 66 52 106 91 16 12 28 71 49 67 56 58 47 26 102 104 60 105 13 3 95 30 41 6 1 38 75 53 50 72 73 76 34 4 89 40 48 62 87 61 96 63 86 21 18 97 65 
0 19 31 77 90 23 79 55 107 24 29 27 54 92 46 17 8 9 75 85 7 35 20 65 97 18 21 86 63 96 61 87 62 48 40 89 4 34 76 73 72 50 57 53 43 38 1 6 88 41 30 95 3 13 105 60 104 102 26 47 58 56 67 49 71 28 12 16 11 59 22 42 25 37 45 44 70 93 5 98 81 83 109 94 68 51 2 69 82 36 78 84 103 100 39 101 74 99 10 64 33 14 80 66 52 106 108 32 15 91 
0 19 31 77 90 23 79 55 107 24 29 27 54 92 46 17 8 9 75 85 7 35 20 11 59 22 42 25 37 105 13 3 95 30 81 83 109 94 68 51 2 69 82 36 78 84 103 100 39 101 74 99 10 64 33 14 57 80 66 52 106 108 98 15 91 16 12 28 71 49 67 56 45 58 47 26 102 104 60 44 70 93 5 32 41 6 1 88 38 43 53 50 72 73 76 34 4 89 40 48 62 87 61 96 63 86 21 18 97 65 
0 19 31 77 90 23 79 55 107 43 29 27 54 92 46 17 8 9 75 85 7 35 20 11 59 22 42 25 37 45 44 70 93 5 32 81 83 109 94 68 51 2 69 82 36 78 84 103 100 39 101 74 99 10 64 33 14 57 80 66 52 106 108 98 15 91 16 12 28 71 49 67 56 58 47 26 102 104 60 105 13 3 95 30 41 88 6 1 38 24 53 50 72 73 76 34 4 89 40 48 62 87 61 96 63 86 21 18 97 65 
0 19 31 77 90 23 79 55 107 24 29 27 54 92 46 17 8 9 75 85 7 35 20 11 59 22 42 25 1 37 45 44 70 93 5 32 81 83 109 94 68 51 2 18 21 86 63 96 61 87 28 48 40 89 4 34 76 73 72 50 53 43 33 69 82 36 78 84 103 100 39 101 74 99 10 64 14 57 80 66 52 106 108 98 15 91 16 12 62 71 49 67 56 58 47 26 102 104 60 105 13 3 95 30 41 88 6 38 97 65 
0 19 31 77 90 23 53 55 107 24 29 27 54 92 46 17 8 9 75 85 7 35 20 11 59 22 42 25 37 45 44 70 93 5 32 81 83 109 94 68 51 2 69 82 36 78 84 103 100 39 101 74 99 10 64 33 14 57 80 66 52 106 108 98 15 6 88 41 30 95 3 13 105 60 104 102 26 47 58 56 67 49 71 28 12 16 91 1 38 43 79 50 72 73 76 34 4 89 40 48 62 87 61 96 63 86 21 18 97 65 
0 19 31 77 90 23 79 55 107 24 29 27 54 92 46 17 8 9 75 85 7 108 98 15 91 16 12 28 71 49 67 56 58 47 26 102 104 60 105 13 3 95 30 88 6 1 38 43 84 103 100 39 101 74 99 10 64 33 14 93 80 66 52 106 35 20 11 59 22 42 25 37 45 44 70 57 5 32 81 83 109 94 68 41 51 2 69 82 36 78 53 50 72 73 76 34 4 89 40 48 62 87 61 96 63 86 21 18 97 65 
0 19 31 77 90 23 79 55 107 24 29 27 54 92 46 17 8 95 75 85 7 35 20 11 59 22 42 25 37 45 44 70 93 5 32 81 83 3 13 105 60 104 102 26 47 58 56 67 49 71 28 12 16 91 15 98 108 106 52 66 80 57 14 33 64 10 99 74 101 39 100 103 84 78 36 82 69 2 51 68 94 109 9 30 41 88 6 1 38 43 53 50 72 73 76 34 4 89 40 48 62 87 61 96 63 86 21 18 97 65 
0 19 31 77 90 23 79 55 107 24 29 27 54 92 46 17 8 9 75 85 101 35 20 11 59 22 57 80 66 52 106 108 98 15 91 16 12 28 71 49 67 56 58 47 26 102 104 60 105 13 3 95 30 41 88 6 1 38 43 53 50 72 73 76 34 4 89 14 42 25 37 45 44 70 93 5 32 81 83 109 94 68 51 2 69 82 36 78 84 103 7 65 97 18 21 86 63 96 61 87 62 48 64 10 99 74 39 100 33 40 
0 19 31 77 90 23 79 55 107 24 29 27 54 92 46 17 8 9 75 85 7 35 20 11 59 22 42 25 37 45 44 70 93 5 32 81 83 109 94 68 51 2 69 82 88 6 1 38 43 53 50 72 73 76 34 78 39 89 36 41 30 95 3 13 105 60 104 102 26 47 58 56 67 65 97 18 21 86 63 96 61 87 62 48 40 84 103 100 4 101 74 99 10 64 33 14 57 80 66 52 106 108 98 15 91 16 12 28 71 49 
0 19 31 77 90 23 79 55 107 24 29 27 91 16 12 28 71 49 67 56 58 47 26 102 104 60 105 88 41 30 95 59 13 6 1 53 50 54 92 46 17 8 9 75 85 7 35 20 11 22 42 25 37 45 44 70 93 5 32 81 83 109 94 68 51 2 69 82 36 78 84 103 100 39 101 74 99 10 64 33 14 57 80 66 52 106 108 98 15 3 38 43 72 73 76 34 4 89 40 48 62 87 61 96 63 86 21 18 97 65 
0 19 31 77 90 23 79 55 107 103 100 39 101 75 99 10 64 33 74 85 7 35 20 11 59 22 42 25 37 45 44 70 93 5 32 81 83 109 94 68 51 2 69 82 36 78 84 24 29 27 54 92 46 17 8 9 14 57 80 66 52 106 108 98 15 91 16 12 28 71 49 67 56 58 47 26 102 104 60 105 13 3 95 30 41 88 6 1 38 43 53 50 72 73 76 34 4 89 40 48 62 87 61 96 63 86 21 18 97 65 
0 19 31 77 90 23 79 55 107 24 29 27 54 92 46 17 8 9 75 85 7 35 20 11 59 22 42 25 37 45 44 86 103 28 12 16 71 49 67 56 58 47 26 102 60 105 13 3 95 30 41 94 109 83 81 32 5 93 70 91 15 98 108 34 76 73 72 50 53 43 38 1 6 88 68 51 2 69 82 36 78 84 104 100 39 101 74 99 10 64 33 14 57 80 66 52 106 4 89 40 48 62 87 61 96 63 21 18 97 65 
0 19 31 77 90 23 79 55 47 24 29 27 54 92 46 17 8 9 75 85 7 35 20 11 59 22 42 25 37 45 44 70 93 5 32 81 83 109 94 68 51 2 69 82 36 78 84 103 100 39 101 74 99 10 64 33 14 57 80 66 52 106 108 98 15 91 16 12 28 71 49 67 56 58 107 26 102 104 60 105 13 3 95 30 41 88 6 1 38 43 53 50 72 73 76 34 4 89 40 48 62 87 61 96 63 86 21 18 97 65 
0 19 31 77 90 23 79 55 107 24 29 27 54 92 46 17 8 9 75 85 7 35 20 11 59 22 42 86 63 96 61 87 62 48 40 89 4 34 76 73 72 50 53 78 36 82 69 2 51 68 94 109 83 81 32 5 93 70 44 45 37 106 52 66 80 57 14 33 64 6 10 99 74 101 39 100 103 84 43 38 1 88 41 30 95 3 13 105 60 104 102 26 47 58 56 67 49 71 28 12 16 91 15 98 108 25 21 65 97 18 
0 19 31 77 90 23 79 55 107 24 29 27 54 92 46 17 8 9 15 85 7 35 20 11 59 22 42 25 37 45 44 70 93 5 32 81 83 109 68 51 2 69 82 36 78 84 103 4 34 76 73 72 50 53 43 38 1 6 88 94 41 30 95 3 13 105 60 104 102 26 47 58 56 67 49 71 28 12 16 91 75 98 108 106 52 66 80 57 14 33 64 10 99 74 101 39 100 89 40 48 62 87 61 96 63 86 21 18 97 65 
0 19 31 77 90 23 79 102 107 24 29 27 54 92 46 17 8 9 75 85 7 35 20 11 59 22 42 25 37 45 44 70 93 5 32 81 83 109 94 68 51 2 69 82 36 78 84 103 100 39 101 74 99 10 64 33 14 57 80 66 52 106 108 98 15 91 16 12 28 71 49 67 56 58 47 26 55 104 60 105 13 3 95 30 41 88 6 1 38 43 53 50 72 73 76 34 4 89 40 48 62 87 61 96 63 86 21 18 97 65 
0 19 31 77 90 23 79 55 107 24 29 54 92 46 17 8 9 75 85 7 35 20 11 58 22 42 25 37 45 44 70 93 5 32 81 83 109 94 68 51 2 69 82 36 78 84 103 100 39 101 74 99 10 64 33 14 57 80 66 52 106 108 98 15 91 16 12 28 27 71 49 67 56 59 47 26 102 104 60 105 13 3 95 30 41 88 6 1 38 43 53 50 72 73 76 34 4 89 40 48 62 87 61 96 63 86 21 18 97 65 
0 19 31 77 90 23 79 55 107 24 29 27 54 92 46 17 30 9 75 85 7 35 20 11 59 22 48 40 89 4 34 76 73 72 50 53 43 38 1 6 88 41 8 95 3 13 105 60 104 102 26 47 58 56 67 49 71 28 12 16 91 15 98 108 106 52 66 80 57 14 33 64 10 99 74 101 39 100 103 84 78 36 82 69 2 51 68 94 109 83 81 32 5 93 70 44 45 37 25 42 62 87 61 96 63 86 21 18 97 65 
0 19 31 77 90 23 79 55 107 24 27 54 92 46 17 8 9 75 85 7 18 21 86 63 96 61 87 28 48 40 89 29 4 34 76 73 72 50 53 43 33 35 20 11 59 22 42 25 1 37 45 44 70 93 5 32 81 83 109 94 68 51 2 69 82 36 78 84 103 100 39 101 74 99 10 64 14 57 80 66 52 106 108 98 15 91 16 12 71 49 67 56 58 47 26 102 104 60 105 13 3 95 30 41 88 6 38 62 97 65 
0 19 31 34 4 89 40 48 62 87 61 96 63 16 12 28 71 49 67 56 58 47 26 102 104 60 105 2 69 82 36 78 84 103 100 39 101 74 99 10 64 33 14 57 80 66 52 106 108 98 15 91 86 21 18 97 77 90 23 79 55 107 24 29 27 54 92 46 17 8 9 75 85 7 35 20 11 59 22 42 25 37 45 44 70 93 5 32 81 83 50 94 68 51 13 3 95 30 41 88 6 1 38 43 53 109 72 73 76 65 
0 57 80 66 52 106 108 98 15 91 16 12 32 5 93 70 44 45 37 25 42 22 59 11 20 35 7 85 75 9 8 17 46 92 54 29 24 107 55 79 23 90 77 31 19 14 65 97 18 21 86 63 96 61 87 62 48 40 89 4 27 34 76 73 72 50 53 43 38 1 6 88 41 30 95 3 13 105 60 104 102 26 47 58 56 67 49 71 28 81 83 109 94 68 51 2 69 82 36 78 84 103 100 39 101 74 99 10 64 33 
0 19 36 77 90 23 79 55 107 24 29 66 52 106 108 98 15 91 16 12 28 71 49 67 56 58 47 26 102 104 60 105 13 3 95 30 41 88 6 1 38 43 53 50 72 73 76 34 4 89 40 48 62 87 61 96 63 86 21 27 54 92 46 17 8 9 75 85 7 35 20 11 59 22 42 25 37 45 44 70 93 5 32 81 83 109 94 68 51 2 69 82 31 78 84 103 100 39 101 74 99 10 64 33 14 57 80 18 97 65 
0 19 31 77 90 23 79 55 107 24 29 27 54 3 46 17 8 9 75 85 7 35 20 11 59 22 42 25 37 45 44 70 93 5 32 81 83 109 94 68 51 2 105 60 104 102 26 47 58 56 67 49 71 28 12 16 91 15 98 108 106 66 80 57 14 33 64 10 99 74 101 39 100 103 84 78 36 82 69 13 92 95 30 41 88 6 1 52 38 43 53 50 72 73 76 34 4 89 40 48 62 87 61 96 63 86 21 18 97 65 
0 19 31 77 90 23 79 55 107 24 29 27 54 92 46 17 8 75 85 7 35 60 105 13 3 95 30 41 88 6 1 38 43 53 50 72 73 76 34 4 89 40 33 62 87 61 96 63 86 21 18 97 65 64 48 14 57 80 66 52 106 108 98 15 91 16 12 28 71 49 67 56 58 47 26 102 9 104 20 11 59 22 42 25 37 45 44 70 93 5 32 81 83 109 94 68 51 2 69 82 36 78 84 103 100 39 101 74 99 10 
0 19 31 77 90 23 79 99 107 24 29 27 54 92 46 17 8 9 75 85 7 35 20 11 59 22 42 25 37 45 44 70 93 88 41 30 95 6 1 38 43 53 50 72 73 76 34 4 89 40 48 62 87 61 96 63 86 21 18 97 52 106 108 98 15 91 16 12 28 71 49 67 56 58 47 26 102 104 60 105 13 3 5 32 81 83 109 94 68 51 2 69 82 36 78 84 103 100 39 101 74 55 10 64 33 14 57 80 66 65 
0 19 31 77 90 23 79 55 107 24 29 27 54 92 46 17 8 51 2 69 82 65 78 84 103 100 39 101 74 99 10 64 33 14 57 80 66 52 106 108 98 15 36 16 94 68 9 75 85 7 35 20 11 59 22 42 25 37 45 44 70 93 5 32 81 83 109 12 28 71 49 67 56 34 26 102 104 60 105 13 3 95 58 30 41 88 6 38 43 53 50 72 73 76 47 4 89 40 48 62 87 61 96 63 1 86 91 21 18 97 
