0 19 31 77 90 23 79 55 107 24 29 27 54 92 46 17 8 9 75 85 7 35 11 59 22 20 25 42 37 45 44 70 93 32 5 81 83 109 94 68 51 2 69 82 36 78 14 57 80 66 52 106 33 84 100 39 101 74 10 99 103 64 108 98 15 91 16 12 28 71 49 56 58 47 26 102 104 3 95 30 41 88 6 13 105 60 67 1 38 43 53 50 72 73 76 34 4 89 40 48 62 87 61 96 63 86 21 18 97 65 
0 19 31 77 90 23 79 55 107 24 29 27 54 92 46 17 8 9 75 85 7 35 11 59 22 20 25 42 37 45 44 70 93 32 5 81 83 109 94 68 51 2 69 82 36 78 14 57 80 66 52 106 33 84 100 39 101 74 10 99 103 64 108 98 15 91 16 12 28 71 49 56 58 47 26 102 104 3 95 30 41 88 6 13 105 60 67 1 38 43 53 50 72 73 76 34 4 89 40 48 62 87 61 96 63 86 21 18 97 65 
0 19 31 77 90 23 79 55 107 24 29 27 54 92 46 17 8 9 75 85 7 35 11 59 22 20 25 42 37 45 44 70 93 32 5 81 83 109 94 68 51 2 69 82 36 78 14 57 80 66 52 106 33 84 100 39 101 74 10 99 103 64 108 98 15 91 16 12 28 71 49 56 58 47 26 102 104 3 95 30 41 88 6 13 105 60 67 1 38 43 53 50 72 73 76 34 4 89 40 48 62 87 61 96 63 86 21 18 97 65 
0 19 31 77 90 23 79 55 107 24 29 27 54 92 46 17 8 9 75 85 7 35 11 59 22 20 25 42 37 45 44 70 93 32 5 81 83 109 94 68 51 2 69 82 36 78 14 57 80 66 52 106 33 84 100 39 101 74 10 99 103 64 108 98 15 91 16 12 28 71 49 56 58 47 26 102 104 3 95 30 41 88 6 13 105 60 67 1 38 43 53 50 72 73 76 34 4 89 40 48 62 87 61 96 63 86 21 18 97 65 
0 19 31 77 90 23 79 55 107 24 29 27 54 92 46 17 8 9 75 85 7 35 11 59 22 20 25 42 37 45 44 70 93 32 5 81 83 109 94 68 51 2 69 82 36 78 14 57 80 66 52 106 33 84 100 39 101 74 10 99 103 64 108 98 15 91 16 12 28 71 49 56 58 47 26 102 104 3 95 30 41 88 6 13 105 60 67 1 38 43 53 50 72 73 76 34 4 89 40 48 62 87 61 96 63 86 21 18 97 65 
0 19 31 77 90 23 79 55 107 24 29 27 54 92 46 17 8 9 75 85 7 35 11 59 22 20 25 42 37 45 44 70 93 32 5 81 83 109 94 68 51 2 69 82 36 78 14 57 80 66 52 106 33 84 100 39 101 74 10 99 103 64 108 98 15 91 16 12 28 71 49 56 58 47 26 102 104 3 95 30 41 88 6 13 105 60 67 1 38 43 53 50 72 73 76 34 4 89 40 48 62 87 61 96 63 86 21 18 97 65 
0 19 31 77 90 23 79 55 107 24 29 27 54 92 46 17 8 9 75 85 7 35 11 59 22 20 25 42 37 45 44 70 93 32 5 81 83 109 94 68 51 2 69 82 36 78 14 57 80 66 52 106 33 84 100 39 101 74 10 99 103 64 108 98 15 91 16 12 28 71 49 56 58 47 26 102 104 3 95 30 41 88 6 13 105 60 67 1 38 43 53 50 72 73 76 34 4 89 40 48 62 87 61 96 63 86 21 18 97 65 
0 19 31 77 90 23 79 55 107 24 29 27 54 92 46 17 8 9 75 85 7 35 11 59 22 20 25 42 37 45 44 70 93 32 5 81 83 109 94 68 51 2 69 82 36 78 14 57 80 66 52 106 33 84 100 39 101 74 10 99 103 64 108 98 15 91 16 12 28 71 49 56 58 47 26 102 104 3 95 30 41 88 6 13 105 60 67 1 38 43 53 50 72 73 76 34 4 89 40 48 62 87 61 96 63 86 21 18 97 65 
0 19 31 77 90 23 79 55 107 24 29 27 54 92 46 17 8 9 75 85 7 35 11 59 22 20 25 42 37 45 44 70 93 32 5 81 83 109 94 68 51 2 69 82 36 78 14 57 80 66 52 106 33 84 100 39 101 74 10 99 103 64 108 98 15 91 16 12 28 71 49 56 58 47 26 102 104 3 95 30 41 88 6 13 105 60 67 1 38 43 53 50 72 73 76 34 4 89 40 48 62 87 61 96 63 86 21 18 97 65 
0 19 31 77 90 23 79 55 107 24 29 27 54 92 46 17 8 9 75 85 7 35 11 59 22 20 25 42 37 45 44 70 93 32 5 81 83 109 94 68 51 2 69 82 36 78 14 57 80 66 52 106 33 84 100 39 101 74 10 99 103 64 108 98 15 91 16 12 28 71 49 56 58 47 26 102 104 3 95 30 41 88 6 13 105 60 67 1 38 43 53 50 72 73 76 34 4 89 40 48 62 87 61 96 63 86 21 18 97 65 
0 19 31 77 90 23 79 55 107 24 29 27 54 92 46 17 8 9 75 85 7 35 11 59 22 20 25 42 37 45 44 70 93 32 5 81 83 109 94 68 51 2 69 82 36 78 14 57 80 66 52 106 33 84 100 39 101 74 10 99 103 64 108 98 15 91 16 12 28 71 49 56 58 47 26 102 104 3 95 30 41 88 6 13 105 60 67 1 38 43 53 50 72 73 76 34 4 89 40 48 62 87 61 96 63 86 21 18 97 65 
0 19 31 77 90 23 79 55 107 24 29 27 54 92 46 17 8 9 75 85 7 35 11 59 22 20 25 42 37 45 44 70 93 32 5 81 83 109 94 68 51 2 69 82 36 78 14 57 80 66 52 106 33 84 100 39 101 74 10 99 103 64 108 98 15 91 16 12 28 71 49 56 58 47 26 102 104 3 95 30 41 88 6 13 105 60 67 1 38 43 53 50 72 73 76 34 4 89 40 48 62 87 61 96 63 86 21 18 97 65 
0 19 31 77 90 23 79 55 107 24 29 27 54 92 46 17 8 9 75 85 7 35 11 59 22 20 25 42 37 45 44 70 93 32 5 81 83 109 94 68 51 2 69 82 36 78 14 57 80 66 52 106 33 84 100 39 101 74 10 99 103 64 108 98 15 91 16 12 28 71 49 56 58 47 26 102 104 3 95 30 41 88 6 13 105 60 67 1 38 43 53 50 72 73 76 34 4 89 40 48 62 87 61 96 63 86 21 18 97 65 
0 19 31 77 90 23 79 55 107 24 29 27 54 92 46 17 8 9 75 85 7 35 11 59 22 20 25 42 37 45 44 70 93 32 5 81 83 109 94 68 51 2 69 82 36 78 14 57 80 66 52 106 33 84 100 39 101 74 10 99 103 64 108 98 15 91 16 12 28 71 49 56 58 47 26 102 104 3 95 30 41 88 6 13 105 60 67 1 38 43 53 50 72 73 76 34 4 89 40 48 62 87 61 96 63 86 21 18 97 65 
0 19 31 77 90 23 79 55 107 24 29 27 54 92 46 17 8 9 75 85 7 35 11 59 22 20 25 42 37 45 44 70 93 32 5 81 83 109 94 68 51 2 69 82 36 78 14 57 80 66 52 106 33 84 100 39 101 74 10 99 103 64 108 98 15 91 16 12 28 71 49 56 58 47 26 102 104 3 95 30 41 88 6 13 105 60 67 1 38 43 53 50 72 73 76 34 4 89 40 48 62 87 61 96 63 86 21 18 97 65 
0 19 31 77 90 23 79 55 107 24 29 27 54 92 46 17 8 9 75 85 7 35 11 59 22 20 25 42 37 45 44 70 93 32 5 81 83 109 94 68 51 2 69 82 36 78 14 57 80 66 52 106 33 84 100 39 101 74 10 99 103 64 108 98 15 91 16 12 28 71 49 56 58 47 26 102 104 3 95 30 41 88 6 13 105 60 67 1 38 43 53 50 72 73 76 34 4 89 40 48 62 87 61 96 63 86 21 18 97 65 
0 19 31 77 90 23 79 55 107 24 29 27 54 92 46 17 8 9 75 85 7 35 11 59 22 20 25 42 37 45 44 70 93 32 5 81 83 109 94 68 51 2 69 82 36 78 14 57 80 66 52 106 33 84 100 39 101 74 10 99 103 64 108 98 15 91 16 12 28 71 49 56 58 47 26 102 104 3 95 30 41 88 6 13 105 60 67 1 38 43 53 50 72 73 76 34 4 89 40 48 62 87 61 96 63 86 21 18 97 65 
0 19 31 77 90 23 79 55 107 24 29 27 54 92 46 17 8 9 75 85 7 35 11 59 22 20 25 42 37 45 44 70 93 32 5 81 83 109 94 68 51 2 69 82 36 78 14 57 80 66 52 106 33 84 100 39 101 74 10 99 103 64 108 98 15 91 16 12 28 71 49 56 58 47 26 102 104 3 95 30 41 88 6 13 105 60 67 1 38 43 53 50 72 73 76 34 4 89 40 48 62 87 61 96 63 86 21 18 97 65 
0 19 31 77 90 23 79 55 107 24 29 27 54 92 46 17 8 9 75 85 7 35 11 59 22 20 25 42 37 45 44 70 93 32 5 81 83 109 94 68 51 2 69 82 36 78 14 57 80 66 52 106 33 84 100 39 101 74 10 99 103 64 108 98 15 91 16 12 28 71 49 56 58 47 26 102 104 3 95 30 41 88 6 13 105 60 67 1 38 43 53 50 72 73 76 34 4 89 40 48 62 87 61 96 63 86 21 18 97 65 
0 19 31 77 90 23 79 55 107 24 29 27 54 92 46 17 8 9 75 85 7 35 11 59 22 20 25 42 37 45 44 70 93 32 5 81 83 109 94 68 51 2 69 82 36 78 14 57 80 66 52 106 33 84 100 39 101 74 10 99 103 64 108 98 15 91 16 12 28 71 49 56 58 47 26 102 104 3 95 30 41 88 6 13 105 60 67 1 38 43 53 50 72 73 76 34 4 89 40 48 62 87 61 96 63 86 21 18 97 65 
0 19 31 77 90 23 79 55 107 24 29 27 54 92 46 17 8 9 75 85 7 35 11 59 22 20 25 42 37 45 44 70 93 32 5 81 83 109 94 68 51 2 69 82 36 78 14 57 80 66 52 106 33 84 100 39 101 74 10 99 103 64 108 98 15 91 16 12 28 71 49 56 58 47 26 102 104 3 95 30 41 88 6 13 105 60 67 1 38 43 53 50 72 73 76 34 4 89 40 48 62 87 61 96 63 86 21 18 97 65 
0 19 31 77 90 23 79 55 107 24 29 27 54 92 46 17 8 9 75 85 7 35 11 59 22 20 25 42 37 45 44 70 93 32 5 81 83 109 94 68 51 2 69 82 36 78 14 57 80 66 52 106 33 84 100 39 101 74 10 99 103 64 108 98 15 91 16 12 28 71 49 56 58 47 26 102 104 3 95 30 41 88 6 13 105 60 67 1 38 43 53 50 72 73 76 34 4 89 40 48 62 87 61 96 63 86 21 18 97 65 
0 19 31 77 90 23 79 55 107 24 29 27 54 92 46 17 8 9 75 85 7 35 11 59 22 20 25 42 37 45 44 70 93 32 5 81 83 109 94 68 51 2 69 82 36 78 14 57 80 66 52 106 33 84 100 39 101 74 10 99 103 64 108 98 15 91 16 12 28 71 49 56 58 47 26 102 104 3 95 30 41 88 6 13 105 60 67 1 38 43 53 50 72 73 76 34 4 89 40 48 62 87 61 96 63 86 21 18 97 65 
0 19 31 77 90 23 79 55 107 24 29 27 54 92 46 17 8 9 75 85 7 35 11 59 22 20 25 42 37 45 44 70 93 32 5 81 83 109 94 68 51 2 69 82 36 78 14 57 80 66 52 106 33 84 100 39 101 74 10 99 103 64 108 98 15 91 16 12 28 71 49 56 58 47 26 102 104 3 95 30 41 88 6 13 105 60 67 1 38 43 53 50 72 73 76 34 4 89 40 48 62 87 61 96 63 86 21 18 97 65 
0 19 31 77 90 23 79 55 107 24 29 27 54 92 46 17 8 9 75 85 7 35 11 59 22 20 25 42 37 45 44 70 93 32 5 81 83 109 94 68 51 2 69 82 36 78 14 57 80 66 52 106 33 84 100 39 101 74 10 99 103 64 108 98 15 91 16 12 28 71 49 56 58 47 26 102 104 3 95 30 41 88 6 13 105 60 67 1 38 43 53 50 72 73 76 34 4 89 40 48 62 87 61 96 63 86 21 18 97 65 
0 19 31 77 90 23 79 55 107 24 29 27 54 92 46 17 8 9 75 85 7 35 11 59 22 20 25 42 37 45 44 70 93 32 5 81 83 109 94 68 51 2 69 82 36 78 14 57 80 66 52 106 33 84 100 39 101 74 10 99 103 64 108 98 15 91 16 12 28 71 49 56 58 47 26 102 104 3 95 30 41 88 6 13 105 60 67 1 38 43 53 50 72 73 76 34 4 89 40 48 62 87 61 96 63 86 21 18 97 65 
0 19 31 77 90 23 79 55 107 24 29 27 54 92 46 17 8 9 75 85 7 35 11 59 22 20 25 42 37 45 44 70 93 32 5 81 83 109 94 68 51 2 69 82 36 78 14 57 80 66 52 106 33 84 100 39 101 74 10 99 103 64 108 98 15 91 16 12 28 71 49 56 58 47 26 102 104 3 95 30 41 88 6 13 105 60 67 1 38 43 53 50 72 73 76 34 4 89 40 48 62 87 61 96 63 86 21 18 97 65 
0 19 31 77 90 23 79 55 107 24 29 27 54 92 46 17 8 9 75 85 7 35 11 59 22 20 25 42 37 45 44 70 93 32 5 81 83 109 94 68 51 2 69 82 36 78 14 57 80 66 52 106 33 84 100 39 101 74 10 99 103 64 108 98 15 91 16 12 28 71 49 56 58 47 26 102 104 3 95 30 41 88 6 13 105 60 67 1 38 43 53 50 72 73 76 34 4 89 40 48 62 87 61 96 63 86 21 18 97 65 
0 19 31 77 90 23 79 55 107 24 29 27 54 92 46 17 8 9 75 85 7 35 11 59 22 20 25 42 37 45 44 70 93 32 5 81 83 109 94 68 51 2 69 82 36 78 14 57 80 66 52 106 33 84 100 39 101 74 10 99 103 64 108 98 15 91 16 12 28 71 49 56 58 47 26 102 104 3 95 30 41 88 6 13 105 60 67 1 38 43 53 50 72 73 76 34 4 89 40 48 62 87 61 96 63 86 21 18 97 65 
0 19 31 77 90 23 79 55 107 24 29 27 54 92 46 17 8 9 75 85 7 35 11 59 22 20 25 42 37 45 44 70 93 32 5 81 83 109 94 68 51 2 69 82 36 78 14 57 80 66 52 106 33 84 100 39 101 74 10 99 103 64 108 98 15 91 16 12 28 71 49 56 58 47 26 102 104 3 95 30 41 88 6 13 105 60 67 1 38 43 53 50 72 73 76 34 4 89 40 48 62 87 61 96 63 86 21 18 97 65 
0 19 31 77 90 23 79 55 107 24 29 27 54 92 46 17 8 9 75 85 7 35 11 59 22 20 25 42 37 45 44 70 93 32 5 81 83 109 94 68 51 2 69 82 36 78 14 57 80 66 52 106 33 84 100 39 101 74 10 99 103 64 108 98 15 91 16 12 28 71 49 56 58 47 26 102 104 3 95 30 41 88 6 13 105 60 67 1 38 43 53 50 72 73 76 34 4 89 40 48 62 87 61 96 63 86 21 18 97 65 
0 19 31 77 90 23 79 55 107 24 29 27 54 92 46 17 8 9 75 85 7 35 11 59 22 20 25 42 37 45 44 70 93 32 5 81 83 109 94 68 51 2 69 82 36 78 14 57 80 66 52 106 33 84 100 39 101 74 10 99 103 64 108 98 15 91 16 12 28 71 49 56 58 47 26 102 104 3 95 30 41 88 6 13 105 60 67 1 38 43 53 50 72 73 76 34 4 89 40 48 62 87 61 96 63 86 21 18 97 65 
0 19 31 77 90 23 79 55 107 24 29 27 54 92 46 17 8 9 75 85 7 35 11 59 22 20 25 42 37 45 44 70 93 32 5 81 83 109 94 68 51 2 69 82 36 78 14 57 80 66 52 106 33 84 100 39 101 74 10 99 103 64 108 98 15 91 16 12 28 71 49 56 58 47 26 102 104 3 95 30 41 88 6 13 105 60 67 1 38 43 53 50 72 73 76 34 4 89 40 48 62 87 61 96 63 86 21 18 97 65 
0 19 31 77 90 23 79 55 107 24 29 27 54 92 46 17 8 9 75 85 7 35 11 59 22 20 25 42 37 45 44 70 93 32 5 81 83 109 94 68 51 2 69 82 36 78 14 57 80 66 52 106 33 84 100 39 101 74 10 99 103 64 108 98 15 91 16 12 28 71 49 56 58 47 26 102 104 3 95 30 41 88 6 13 105 60 67 1 38 43 53 50 72 73 76 34 4 89 40 48 62 87 61 96 63 86 21 18 97 65 
0 19 31 77 90 23 79 55 107 24 29 27 54 92 46 17 8 9 75 85 7 35 11 59 22 20 25 42 37 45 44 70 93 32 5 81 83 109 94 68 51 2 69 82 36 78 14 57 80 66 52 106 33 84 100 39 101 74 10 99 103 64 108 98 15 91 16 12 28 71 49 56 58 47 26 102 104 3 95 30 41 88 6 13 105 60 67 1 38 43 53 50 72 73 76 34 4 89 40 48 62 87 61 96 63 86 21 18 97 65 
0 19 31 77 90 23 79 55 107 24 29 27 54 92 46 17 8 9 75 85 7 35 11 59 22 20 25 42 37 45 44 70 93 32 5 81 83 109 94 68 51 2 69 82 36 78 14 57 80 66 52 106 33 84 100 39 101 74 10 99 103 64 108 98 15 91 16 12 28 71 49 56 58 47 26 102 104 3 95 30 41 88 6 13 105 60 67 1 38 43 53 50 72 73 76 34 4 89 40 48 62 87 61 96 63 86 21 18 97 65 
0 19 31 77 90 23 79 55 107 24 29 27 54 92 46 17 8 9 75 85 7 35 11 59 22 20 25 42 37 45 44 70 93 32 5 81 83 109 94 68 51 2 69 82 36 78 14 57 80 66 52 106 33 84 100 39 101 74 10 99 103 64 108 98 15 91 16 12 28 71 49 56 58 47 26 102 104 3 95 30 41 88 6 13 105 60 67 1 38 43 53 50 72 73 76 34 4 89 40 48 62 87 61 96 63 86 21 18 97 65 
0 19 31 77 90 23 79 55 107 24 29 27 54 92 46 17 8 9 75 85 7 35 11 59 22 20 25 42 37 45 44 70 93 32 5 81 83 109 94 68 51 2 69 82 36 78 14 57 80 66 52 106 33 84 100 39 101 74 10 99 103 64 108 98 15 91 16 12 28 71 49 56 58 47 26 102 104 3 95 30 41 88 6 13 105 60 67 1 38 43 53 50 72 73 76 34 4 89 40 48 62 87 61 96 63 86 21 18 97 65 
0 19 31 77 90 23 79 55 107 24 29 27 54 92 46 17 8 9 75 85 7 35 11 59 22 20 25 42 37 45 44 70 93 32 5 81 83 109 94 68 51 2 69 82 36 78 14 57 80 66 52 106 33 84 100 39 101 74 10 99 103 64 108 98 15 91 16 12 28 71 49 56 58 47 26 102 104 3 95 30 41 88 6 13 105 60 67 1 38 43 53 50 72 73 76 34 4 89 40 48 62 87 61 96 63 86 21 18 97 65 
0 19 31 77 90 23 79 55 107 24 29 27 54 92 46 17 8 9 75 85 7 35 11 59 22 20 25 42 37 45 44 70 93 32 5 81 83 109 94 68 51 2 69 82 36 78 14 57 80 66 52 106 33 84 100 39 101 74 10 99 103 64 108 98 15 91 16 12 28 71 49 56 58 47 26 102 104 3 95 30 41 88 6 13 105 60 67 1 38 43 53 50 72 73 76 34 4 89 40 48 62 87 61 96 63 86 21 18 97 65 
0 19 31 77 90 23 79 55 107 24 29 27 54 92 46 17 8 9 75 85 7 35 11 59 22 20 25 42 37 45 44 70 93 32 5 81 83 109 94 68 51 2 69 82 36 78 14 57 80 66 52 106 33 84 100 39 101 74 10 99 103 64 108 98 15 91 16 12 28 71 49 56 58 47 26 102 104 3 95 30 41 88 6 13 105 60 67 1 38 43 53 50 72 73 76 34 4 89 40 48 62 87 61 96 63 86 21 18 97 65 
0 19 31 77 90 23 79 55 107 24 29 27 54 92 46 17 8 9 75 85 7 35 11 59 22 20 25 42 37 45 44 70 93 32 5 81 83 109 94 68 51 2 69 82 36 78 14 57 80 66 52 106 33 84 100 39 101 74 10 99 103 64 108 98 15 91 16 12 28 71 49 56 58 47 26 102 104 3 95 30 41 88 6 13 105 60 67 1 38 43 53 50 72 73 76 34 4 89 40 48 62 87 61 96 63 86 21 18 97 65 
0 19 31 77 90 23 79 55 107 24 29 27 54 92 46 17 8 9 75 85 7 35 11 59 22 20 25 42 37 45 44 70 93 32 5 81 83 109 94 68 51 2 69 82 36 78 14 57 80 66 52 106 33 84 100 39 101 74 10 99 103 64 108 98 15 91 16 12 28 71 49 56 58 47 26 102 104 3 95 30 41 88 6 13 105 60 67 1 38 43 53 50 72 73 76 34 4 89 40 48 62 87 61 96 63 86 21 18 97 65 
0 19 31 77 90 23 79 55 107 24 29 27 54 92 46 17 8 9 75 85 7 35 11 59 22 20 25 42 37 45 44 70 93 32 5 81 83 109 94 68 51 2 69 82 36 78 14 57 80 66 52 106 33 84 100 39 101 74 10 99 103 64 108 98 15 91 16 12 28 71 49 56 58 47 26 102 104 3 95 30 41 88 6 13 105 60 67 1 38 43 53 50 72 73 76 34 4 89 40 48 62 87 61 96 63 86 21 18 97 65 
0 19 31 77 90 23 79 55 107 24 29 27 54 92 46 17 8 9 75 85 7 35 11 59 22 20 25 42 37 45 44 70 93 32 5 81 83 109 94 68 51 2 69 82 36 78 14 57 80 66 52 106 33 84 100 39 101 74 10 99 103 64 108 98 15 91 16 12 28 71 49 56 58 47 26 102 104 3 95 30 41 88 6 13 105 60 67 1 38 43 53 50 72 73 76 34 4 89 40 48 62 87 61 96 63 86 21 18 97 65 
0 19 31 77 90 23 79 55 107 24 29 27 54 92 46 17 8 9 75 85 7 35 11 59 22 20 25 42 37 45 44 70 93 32 5 81 83 109 94 68 51 2 69 82 36 78 14 57 80 66 52 106 33 84 100 39 101 74 10 99 103 64 108 98 15 91 16 12 28 71 49 56 58 47 26 102 104 3 95 30 41 88 6 13 105 60 67 1 38 43 53 50 72 73 76 34 4 89 40 48 62 87 61 96 63 86 21 18 97 65 
0 19 31 77 90 23 79 55 107 24 29 27 54 92 46 17 8 9 75 85 7 35 11 59 22 20 25 42 37 45 44 70 93 32 5 81 83 109 94 68 51 2 69 82 36 78 14 57 80 66 52 106 33 84 100 39 101 74 10 99 103 64 108 98 15 91 16 12 28 71 49 56 58 47 26 102 104 3 95 30 41 88 6 13 105 60 67 1 38 43 53 50 72 73 76 34 4 89 40 48 62 87 61 96 63 86 21 18 97 65 
0 19 31 77 90 23 79 55 107 24 29 27 54 92 46 17 8 9 75 85 7 35 11 59 22 20 25 42 37 45 44 70 93 32 5 81 83 109 94 68 51 2 69 82 36 78 14 57 80 66 52 106 33 84 100 39 101 74 10 99 103 64 108 98 15 91 16 12 28 71 49 56 58 47 26 102 104 3 95 30 41 88 6 13 105 60 67 1 38 43 53 50 72 73 76 34 4 89 40 48 62 87 61 96 63 86 21 18 97 65 
0 19 31 77 90 23 79 55 107 24 29 27 54 92 46 17 8 9 75 85 7 35 11 59 22 20 25 42 37 45 44 70 93 32 5 81 83 109 94 68 51 2 69 82 36 78 14 57 80 66 52 106 33 84 100 39 101 74 10 99 103 64 108 98 15 91 16 12 28 71 49 56 58 47 26 102 104 3 95 30 41 88 6 13 105 60 67 1 38 43 53 50 72 73 76 34 4 89 40 48 62 87 61 96 63 86 21 18 97 65 
0 19 31 77 90 23 79 55 107 24 29 27 54 92 46 17 8 9 75 85 7 35 11 59 22 20 25 42 37 45 44 70 93 32 5 81 83 109 94 68 51 2 69 82 36 78 14 57 80 66 52 106 33 84 100 39 101 74 10 99 103 64 108 98 15 91 16 12 28 71 49 56 58 47 26 102 104 3 95 30 41 88 6 13 105 60 67 1 38 43 53 50 72 73 76 34 4 89 40 48 62 87 61 96 63 86 21 18 97 65 
0 19 31 77 90 23 79 55 107 24 29 27 54 92 46 17 8 9 75 85 7 35 11 59 22 20 25 42 37 45 44 70 93 32 5 81 83 109 94 68 51 2 69 82 36 78 14 57 80 66 52 106 33 84 100 39 101 74 10 99 103 64 108 98 15 91 16 12 28 71 49 56 58 47 26 102 104 3 95 30 41 88 6 13 105 60 67 1 38 43 53 50 72 73 76 34 4 89 40 48 62 87 61 96 63 86 21 18 97 65 
0 19 31 77 90 23 79 55 107 24 29 27 54 92 46 17 8 9 75 85 7 35 11 59 22 20 25 42 37 45 44 70 93 32 5 81 83 109 94 68 51 2 69 82 36 78 14 57 80 66 52 106 33 84 100 39 101 74 10 99 103 64 108 98 15 91 16 12 28 71 49 56 58 47 26 102 104 3 95 30 41 88 6 13 105 60 67 1 38 43 53 50 72 73 76 34 4 89 40 48 62 87 61 96 63 86 21 18 97 65 
0 19 31 77 90 23 79 55 107 24 29 27 54 92 46 17 8 9 75 85 7 35 11 59 22 20 25 42 37 45 44 70 93 32 5 81 83 109 94 68 51 2 69 82 36 78 14 57 80 66 52 106 33 84 100 39 101 74 10 99 103 64 108 98 15 91 16 12 28 71 49 56 58 47 26 102 104 3 95 30 41 88 6 13 105 60 67 1 38 43 53 50 72 73 76 34 4 89 40 48 62 87 61 96 63 86 21 18 97 65 
0 19 31 77 90 23 79 55 107 24 29 27 54 92 46 17 8 9 75 85 7 35 11 59 22 20 25 42 37 45 44 70 93 32 5 81 83 109 94 68 51 2 69 82 36 78 14 57 80 66 52 106 33 84 100 39 101 74 10 99 103 64 108 98 15 91 16 12 28 71 49 56 58 47 26 102 104 3 95 30 41 88 6 13 105 60 67 1 38 43 53 50 72 73 76 34 4 89 40 48 62 87 61 96 63 86 21 18 97 65 
0 19 31 77 90 23 79 55 107 24 29 27 54 92 46 17 8 9 75 85 7 35 11 59 22 20 25 42 37 45 44 70 93 32 5 81 83 109 94 68 51 2 69 82 36 78 14 57 80 66 52 106 33 84 100 39 101 74 10 99 103 64 108 98 15 91 16 12 28 71 49 56 58 47 26 102 104 3 95 30 41 88 6 13 105 60 67 1 38 43 53 50 72 73 76 34 4 89 40 48 62 87 61 96 63 86 21 18 97 65 
0 19 31 77 90 23 79 55 107 24 29 27 54 92 46 17 8 9 75 85 7 35 11 59 22 20 25 42 37 45 44 70 93 32 5 81 83 109 94 68 51 2 69 82 36 78 14 57 80 66 52 106 33 84 100 39 101 74 10 99 103 64 108 98 15 91 16 12 28 71 49 56 58 47 26 102 104 3 95 30 41 88 6 13 105 60 67 1 38 43 53 50 72 73 76 34 4 89 40 48 62 87 61 96 63 86 21 18 97 65 
0 19 31 77 90 23 79 55 107 24 29 27 54 92 46 17 8 9 75 85 7 35 11 59 22 20 25 42 37 45 44 70 93 32 5 81 83 109 94 68 51 2 69 82 36 78 14 57 80 66 52 106 33 84 100 39 101 74 10 99 103 64 108 98 15 91 16 12 28 71 49 56 58 47 26 102 104 3 95 30 41 88 6 13 105 60 67 1 38 43 53 50 72 73 76 34 4 89 40 48 62 87 61 96 63 86 21 18 97 65 
0 19 31 77 90 23 79 55 107 24 29 27 54 92 46 17 8 9 75 85 7 35 11 59 22 20 25 42 37 45 44 70 93 32 5 81 83 109 94 68 51 2 69 82 36 78 14 57 80 66 52 106 33 84 100 39 101 74 10 99 103 64 108 98 15 91 16 12 28 71 49 56 58 47 26 102 104 3 95 30 41 88 6 13 105 60 67 1 38 43 53 50 72 73 76 34 4 89 40 48 62 87 61 96 63 86 21 18 97 65 
0 19 31 77 90 23 79 55 107 24 29 27 54 92 46 17 8 9 75 85 7 35 11 59 22 20 25 42 37 45 44 70 93 32 5 81 83 109 94 68 51 2 69 82 36 78 14 57 80 66 52 106 33 84 100 39 101 74 10 99 103 64 108 98 15 91 16 12 28 71 49 56 58 47 26 102 104 3 95 30 41 88 6 13 105 60 67 1 38 43 53 50 72 73 76 34 4 89 40 48 62 87 61 96 63 86 21 18 97 65 
0 19 31 77 90 23 79 55 107 24 29 27 54 92 46 17 8 9 75 85 7 35 11 59 22 20 25 42 37 45 44 70 93 32 5 81 83 109 94 68 51 2 69 82 36 78 14 57 80 66 52 106 33 84 100 39 101 74 10 99 103 64 108 98 15 91 16 12 28 71 49 56 58 47 26 102 104 3 95 30 41 88 6 13 105 60 67 1 38 43 53 50 72 73 76 34 4 89 40 48 62 87 61 96 63 86 21 18 97 65 
0 19 31 77 90 23 79 55 107 24 29 27 54 92 46 17 8 9 75 85 7 35 11 59 22 20 25 42 37 45 44 70 93 32 5 81 83 109 94 68 51 2 69 82 36 78 14 57 80 66 52 106 33 84 100 39 101 74 10 99 103 64 108 98 15 91 16 12 28 71 49 56 58 47 26 102 104 3 95 30 41 88 6 13 105 60 67 1 38 43 53 50 72 73 76 34 4 89 40 48 62 87 61 96 63 86 21 18 97 65 
0 19 31 77 90 23 79 55 107 24 29 27 54 92 46 17 8 9 75 85 7 35 11 59 22 20 25 42 37 45 44 70 93 32 5 81 83 109 94 68 51 2 69 82 36 78 14 57 80 66 52 106 33 84 100 39 101 74 10 99 103 64 108 98 15 91 16 12 28 71 49 56 58 47 26 102 104 3 95 30 41 88 6 13 105 60 67 1 38 43 53 50 72 73 76 34 4 89 40 48 62 87 61 96 63 86 21 18 97 65 
0 19 31 77 90 23 79 55 107 24 29 27 54 92 46 17 8 9 75 85 7 35 11 59 22 20 25 42 37 45 44 70 93 32 5 81 83 109 94 68 51 2 69 82 36 78 14 57 80 66 52 106 33 84 100 39 101 74 10 99 103 64 108 98 15 91 16 12 28 71 49 56 58 47 26 102 104 3 95 30 41 88 6 13 105 60 67 1 38 43 53 50 72 73 76 34 4 89 40 48 62 87 61 96 63 86 21 18 97 65 
0 19 31 77 90 23 79 55 107 24 29 27 54 92 46 17 8 9 75 85 7 35 11 59 22 20 25 42 37 45 44 70 93 32 5 81 83 109 94 68 51 2 69 82 36 78 14 57 80 66 52 106 33 84 100 39 101 74 10 99 103 64 108 98 15 91 16 12 28 71 49 56 58 47 26 102 104 3 95 30 41 88 6 13 105 60 67 1 38 43 53 50 72 73 76 34 4 89 40 48 62 87 61 96 63 86 21 18 97 65 
0 19 31 77 90 23 79 55 107 24 29 27 54 92 46 17 8 9 75 85 7 35 11 59 22 20 25 42 37 45 44 70 93 32 5 81 83 109 94 68 51 2 69 82 36 78 14 57 80 66 52 106 33 84 100 39 101 74 10 99 103 64 108 98 15 91 16 12 28 71 49 56 58 47 26 102 104 3 95 30 41 88 6 13 105 60 67 1 38 43 53 50 72 73 76 34 4 89 40 48 62 87 61 96 63 86 21 18 97 65 
0 19 31 77 90 23 79 55 107 24 29 27 54 92 46 17 8 9 75 85 7 35 11 59 22 20 25 42 37 45 44 70 93 32 5 81 83 109 94 68 51 2 69 82 36 78 14 57 80 66 52 106 33 84 100 39 101 74 10 99 103 64 108 98 15 91 16 12 28 71 49 56 58 47 26 102 104 3 95 30 41 88 6 13 105 60 67 1 38 43 53 50 72 73 76 34 4 89 40 48 62 87 61 96 63 86 21 18 97 65 
0 19 31 77 90 23 79 55 107 24 29 27 54 92 46 17 8 9 75 85 7 35 11 59 22 20 25 42 37 45 44 70 93 32 5 81 83 109 94 68 51 2 69 82 36 78 14 57 80 66 52 106 33 84 100 39 101 74 10 99 103 64 108 98 15 91 16 12 28 71 49 56 58 47 26 102 104 3 95 30 41 88 6 13 105 60 67 1 38 43 53 50 72 73 76 34 4 89 40 48 62 87 61 96 63 86 21 18 97 65 
0 19 31 77 90 23 79 55 107 24 29 27 54 92 46 17 8 9 75 85 7 35 11 59 22 20 25 42 37 45 44 70 93 32 5 81 83 109 94 68 51 2 69 82 36 78 14 57 80 66 52 106 33 84 100 39 101 74 10 99 103 64 108 98 15 91 16 12 28 71 49 56 58 47 26 102 104 3 95 30 41 88 6 13 105 60 67 1 38 43 53 50 72 73 76 34 4 89 40 48 62 87 61 96 63 86 21 18 97 65 
0 19 31 77 90 23 79 55 107 24 29 27 54 92 46 17 8 9 75 85 7 35 11 59 22 20 25 42 37 45 44 70 93 32 5 81 83 109 94 68 51 2 69 82 36 78 14 57 80 66 52 106 33 84 100 39 101 74 10 99 103 64 108 98 15 91 16 12 28 71 49 56 58 47 26 102 104 3 95 30 41 88 6 13 105 60 67 1 38 43 53 50 72 73 76 34 4 89 40 48 62 87 61 96 63 86 21 18 97 65 
0 19 31 77 90 23 79 55 107 24 29 27 54 92 46 17 8 9 75 85 7 35 11 59 22 20 25 42 37 45 44 70 93 32 5 81 83 109 94 68 51 2 69 82 36 78 14 57 80 66 52 106 33 84 100 39 101 74 10 99 103 64 108 98 15 91 16 12 28 71 49 56 58 47 26 102 104 3 95 30 41 88 6 13 105 60 67 1 38 43 53 50 72 73 76 34 4 89 40 48 62 87 61 96 63 86 21 18 97 65 
0 19 31 77 90 23 79 55 107 24 29 27 54 92 46 17 8 9 75 85 7 35 11 59 22 20 25 42 37 45 44 70 93 32 5 81 83 109 94 68 51 2 69 82 36 78 14 57 80 66 52 106 33 84 100 39 101 74 10 99 103 64 108 98 15 91 16 12 28 71 49 56 58 47 26 102 104 3 95 30 41 88 6 13 105 60 67 1 38 43 53 50 72 73 76 34 4 89 40 48 62 87 61 96 63 86 21 18 97 65 
0 19 31 77 90 23 79 55 107 24 29 27 54 92 46 17 8 9 75 85 7 35 11 59 22 20 25 42 37 45 44 70 93 32 5 81 83 109 94 68 51 2 69 82 36 78 14 57 80 66 52 106 33 84 100 39 101 74 10 99 103 64 108 98 15 91 16 12 28 71 49 56 58 47 26 102 104 3 95 30 41 88 6 13 105 60 67 1 38 43 53 50 72 73 76 34 4 89 40 48 62 87 61 96 63 86 21 18 97 65 
0 19 31 77 90 23 79 55 107 24 29 27 54 92 46 17 8 9 75 85 7 35 11 59 22 20 25 42 37 45 44 70 93 32 5 81 83 109 94 68 51 2 69 82 36 78 14 57 80 66 52 106 33 84 100 39 101 74 10 99 103 64 108 98 15 91 16 12 28 71 49 56 58 47 26 102 104 3 95 30 41 88 6 13 105 60 67 1 38 43 53 50 72 73 76 34 4 89 40 48 62 87 61 96 63 86 21 18 97 65 
0 19 31 77 90 23 79 55 107 24 29 27 54 92 46 17 8 9 75 85 7 35 11 59 22 20 25 42 37 45 44 70 93 32 5 81 83 109 94 68 51 2 69 82 36 78 14 57 80 66 52 106 33 84 100 39 101 74 10 99 103 64 108 98 15 91 16 12 28 71 49 56 58 47 26 102 104 3 95 30 41 88 6 13 105 60 67 1 38 43 53 50 72 73 76 34 4 89 40 48 62 87 61 96 63 86 21 18 97 65 
0 19 31 77 90 23 79 55 107 24 29 27 54 92 46 17 8 9 75 85 7 35 11 59 22 20 25 42 37 45 44 70 93 32 5 81 83 109 94 68 51 2 69 82 36 78 14 57 80 66 52 106 33 84 100 39 101 74 10 99 103 64 108 98 15 91 16 12 28 71 49 56 58 47 26 102 104 3 95 30 41 88 6 13 105 60 67 1 38 43 53 50 72 73 76 34 4 89 40 48 62 87 61 96 63 86 21 18 97 65 
0 19 31 77 90 23 79 55 107 24 29 27 54 92 46 17 8 9 75 85 7 35 11 59 22 20 25 42 37 45 44 70 93 32 5 81 83 109 94 68 51 2 69 82 36 78 14 57 80 66 52 106 33 84 100 39 101 74 10 99 103 64 108 98 15 91 16 12 28 71 49 56 58 47 26 102 104 3 95 30 41 88 6 13 105 60 67 1 38 43 53 50 72 73 76 34 4 89 40 48 62 87 61 96 63 86 21 18 97 65 
0 19 31 77 90 23 79 55 107 24 29 27 54 92 46 17 8 9 75 85 7 35 11 59 22 20 25 42 37 45 44 70 93 32 5 81 83 109 94 68 51 2 69 82 36 78 14 57 80 66 52 106 33 84 100 39 101 74 10 99 103 64 108 98 15 91 16 12 28 71 49 56 58 47 26 102 104 3 95 30 41 88 6 13 105 60 67 1 38 43 53 50 72 73 76 34 4 89 40 48 62 87 61 96 63 86 21 18 97 65 
0 19 31 77 90 23 79 55 107 24 29 27 54 92 46 17 8 9 75 85 7 35 11 59 22 20 25 42 37 45 44 70 93 32 5 81 83 109 94 68 51 2 69 82 36 78 14 57 80 66 52 106 33 84 100 39 101 74 10 99 103 64 108 98 15 91 16 12 28 71 49 56 58 47 26 102 104 3 95 30 41 88 6 13 105 60 67 1 38 43 53 50 72 73 76 34 4 89 40 48 62 87 61 96 63 86 21 18 97 65 
0 19 31 77 90 23 79 55 107 24 29 27 54 92 46 17 8 9 75 85 7 35 11 59 22 20 25 42 37 45 44 70 93 32 5 81 83 109 94 68 51 2 69 82 36 78 14 57 80 66 52 106 33 84 100 39 101 74 10 99 103 64 108 98 15 91 16 12 28 71 49 56 58 47 26 102 104 3 95 30 41 88 6 13 105 60 67 1 38 43 53 50 72 73 76 34 4 89 40 48 62 87 61 96 63 86 21 18 97 65 
0 19 31 77 90 23 79 55 107 24 29 27 54 92 46 17 8 9 75 85 7 35 11 59 22 20 25 42 37 45 44 70 93 32 5 81 83 109 94 68 51 2 69 82 36 78 14 57 80 66 52 106 33 84 100 39 101 74 10 99 103 64 108 98 15 91 16 12 28 71 49 56 58 47 26 102 104 3 95 30 41 88 6 13 105 60 67 1 38 43 53 50 72 73 76 34 4 89 40 48 62 87 61 96 63 86 21 18 97 65 
0 19 31 77 90 23 79 55 107 24 29 27 54 92 46 17 8 9 75 85 7 35 11 59 22 20 25 42 37 45 44 70 93 32 5 81 83 109 94 68 51 2 69 82 36 78 14 57 80 66 52 106 33 84 100 39 101 74 10 99 103 64 108 98 15 91 16 12 28 71 49 56 58 47 26 102 104 3 95 30 41 88 6 13 105 60 67 1 38 43 53 50 72 73 76 34 4 89 40 48 62 87 61 96 63 86 21 18 97 65 
0 19 31 77 90 23 79 55 107 24 29 27 54 92 46 17 8 9 75 85 7 35 11 59 22 20 25 42 37 45 44 70 93 32 5 81 83 109 94 68 51 2 69 82 36 78 14 57 80 66 52 106 33 84 100 39 101 74 10 99 103 64 108 98 15 91 16 12 28 71 49 56 58 47 26 102 104 3 95 30 41 88 6 13 105 60 67 1 38 43 53 50 72 73 76 34 4 89 40 48 62 87 61 96 63 86 21 18 97 65 
0 19 31 77 90 23 79 55 107 24 29 27 54 92 46 17 8 9 75 85 7 35 11 59 22 20 25 42 37 45 44 70 93 32 5 81 83 109 94 68 51 2 69 82 36 78 14 57 80 66 52 106 33 84 100 39 101 74 10 99 103 64 108 98 15 91 16 12 28 71 49 56 58 47 26 102 104 3 95 30 41 88 6 13 105 60 67 1 38 43 53 50 72 73 76 34 4 89 40 48 62 87 61 96 63 86 21 18 97 65 
0 19 31 77 90 23 79 55 107 24 29 27 54 92 46 17 8 9 75 85 7 35 11 59 22 20 25 42 37 45 44 70 93 32 5 81 83 109 94 68 51 2 69 82 36 78 14 57 80 66 52 106 33 84 100 39 101 74 10 99 103 64 108 98 15 91 16 12 28 71 49 56 58 47 26 102 104 3 95 30 41 88 6 13 105 60 67 1 38 43 53 50 72 73 76 34 4 89 40 48 62 87 61 96 63 86 21 18 97 65 
0 19 31 77 90 23 79 55 107 24 29 27 54 92 46 17 8 9 75 85 7 35 11 59 22 20 25 42 37 45 44 70 93 32 5 81 83 109 94 68 51 2 69 82 36 78 14 57 80 66 52 106 33 84 100 39 101 74 10 99 103 64 108 98 15 91 16 12 28 71 49 56 58 47 26 102 104 3 95 30 41 88 6 13 105 60 67 1 38 43 53 50 72 73 76 34 4 89 40 48 62 87 61 96 63 86 21 18 97 65 
0 19 31 77 90 23 79 55 107 24 29 27 54 92 46 17 8 9 75 85 7 35 11 59 22 20 25 42 37 45 44 70 93 32 5 81 83 109 94 68 51 2 69 82 36 78 14 57 80 66 52 106 33 84 100 39 101 74 10 99 103 64 108 98 15 91 16 12 28 71 49 56 58 47 26 102 104 3 95 30 41 88 6 13 105 60 67 1 38 43 53 50 72 73 76 34 4 89 40 48 62 87 61 96 63 86 21 18 97 65 
0 19 31 77 90 23 79 55 107 24 29 27 54 92 46 17 8 9 75 85 7 35 11 59 22 20 25 42 37 45 44 70 93 32 5 81 83 109 94 68 51 2 69 82 36 78 14 57 80 66 52 106 33 84 100 39 101 74 10 99 103 64 108 98 15 91 16 12 28 71 49 56 58 47 26 102 104 3 95 30 41 88 6 13 105 60 67 1 38 43 53 50 72 73 76 34 4 89 40 48 62 87 61 96 63 86 21 18 97 65 
0 19 31 77 90 23 79 55 107 24 29 27 54 92 46 17 8 9 75 85 7 35 11 59 22 20 25 42 37 45 44 70 93 32 5 81 83 109 94 68 51 2 69 82 36 78 14 57 80 66 52 106 33 84 100 39 101 74 10 99 103 64 108 98 15 91 16 12 28 71 49 56 58 47 26 102 104 3 95 30 41 88 6 13 105 60 67 1 38 43 53 50 72 73 76 34 4 89 40 48 62 87 61 96 63 86 21 18 97 65 
0 19 31 77 90 23 79 55 107 24 29 27 54 92 46 17 8 9 75 85 7 35 11 59 22 20 25 42 37 45 44 70 93 32 5 81 83 109 94 68 51 2 69 82 36 78 14 57 80 66 52 106 33 84 100 39 101 74 10 99 103 64 108 98 15 91 16 12 28 71 49 56 58 47 26 102 104 3 95 30 41 88 6 13 105 60 67 1 38 43 53 50 72 73 76 34 4 89 40 48 62 87 61 96 63 86 21 18 97 65 
0 19 31 77 90 23 79 55 107 24 29 27 54 92 46 17 8 9 75 85 7 35 11 59 22 20 25 42 37 45 44 70 93 32 5 81 83 109 94 68 51 2 69 82 36 78 14 57 80 66 52 106 33 84 100 39 101 74 10 99 103 64 108 98 15 91 16 12 28 71 49 56 58 47 26 102 104 3 95 30 41 88 6 13 105 60 67 1 38 43 53 50 72 73 76 34 4 89 40 48 62 87 61 96 63 86 21 18 97 65 
0 19 31 77 90 23 79 55 107 24 29 27 54 92 46 17 8 9 75 85 7 35 11 59 22 20 25 42 37 45 44 70 93 32 5 81 83 109 94 68 51 2 69 82 36 78 14 57 80 66 52 106 33 84 100 39 101 74 10 99 103 64 108 98 15 91 16 12 28 71 49 56 58 47 26 102 104 3 95 30 41 88 6 13 105 60 67 1 38 43 53 50 72 73 76 34 4 89 40 48 62 87 61 96 63 86 21 18 97 65 
0 19 31 77 90 23 79 55 107 24 29 27 54 92 46 17 8 9 75 85 7 35 11 59 22 20 25 42 37 45 44 70 93 32 5 81 83 109 94 68 51 2 69 82 36 78 14 57 80 66 52 106 33 84 100 39 101 74 10 99 103 64 108 98 15 91 16 12 28 71 49 56 58 47 26 102 104 3 95 30 41 88 6 13 105 60 67 1 38 43 53 50 72 73 76 34 4 89 40 48 62 87 61 96 63 86 21 18 97 65 
0 19 31 77 90 23 79 55 107 24 29 27 54 92 46 17 8 9 75 85 7 35 11 59 22 20 25 42 37 45 44 70 93 32 5 81 83 109 94 68 51 2 69 82 36 78 14 57 80 66 52 106 33 84 100 39 101 74 10 99 103 64 108 98 15 91 16 12 28 71 49 56 58 47 26 102 104 3 95 30 41 88 6 13 105 60 67 1 38 43 53 50 72 73 76 34 4 89 40 48 62 87 61 96 63 21 86 18 97 65 
0 19 31 77 23 90 79 55 107 24 29 27 54 92 46 17 8 9 75 85 7 35 11 59 22 20 25 42 37 45 44 70 93 32 5 81 83 109 94 68 51 2 69 82 36 78 14 57 80 66 52 106 33 84 100 39 101 74 10 99 103 64 108 98 15 91 16 12 28 71 49 56 58 47 26 102 104 3 95 30 41 88 6 13 105 60 67 1 38 43 53 50 72 73 76 34 4 89 40 48 62 87 61 96 63 86 21 18 97 65 
0 19 31 77 90 23 79 55 107 24 29 27 54 92 46 17 8 9 75 85 7 35 11 59 22 20 25 42 37 45 44 70 93 32 5 81 83 109 94 68 51 2 69 82 36 78 14 57 80 66 52 106 33 84 100 39 101 74 10 99 103 64 108 98 15 91 16 12 28 71 49 56 58 47 26 104 102 3 95 30 41 88 6 13 105 60 67 1 38 43 53 50 72 73 76 34 4 89 40 48 62 87 61 96 63 86 21 18 97 65 
0 19 31 77 90 23 79 55 107 24 29 27 54 92 46 17 8 9 75 85 7 35 11 59 22 20 25 42 37 45 44 70 93 32 5 81 83 109 94 68 51 2 69 82 36 78 14 57 80 66 52 106 33 84 100 39 101 74 10 99 103 64 108 98 15 91 16 12 28 71 49 56 58 47 26 102 104 3 95 30 41 88 6 13 105 60 67 1 38 43 53 50 72 73 76 34 4 89 40 48 62 61 87 96 63 86 21 18 97 65 
0 19 31 77 90 23 79 55 107 24 29 27 54 92 46 17 8 9 75 85 7 35 11 59 22 20 25 42 37 45 44 70 93 32 5 81 83 109 94 68 51 2 69 82 36 78 14 57 80 66 52 106 33 84 100 39 101 74 10 99 103 64 108 98 15 91 16 12 28 71 49 56 58 47 26 102 104 3 95 30 41 88 6 13 105 60 67 1 38 43 53 50 72 73 76 34 4 89 40 48 62 87 61 63 86 21 96 18 97 65 
0 19 31 77 90 23 79 55 107 24 29 27 54 92 46 17 8 9 75 85 7 35 11 59 22 20 25 42 37 45 44 70 93 32 51 81 83 109 94 68 5 2 69 82 36 78 14 57 80 66 52 106 33 84 100 39 101 74 10 99 103 64 108 98 15 91 16 12 28 71 49 56 58 47 26 102 104 3 95 30 41 88 6 13 105 60 67 1 38 43 53 50 72 73 76 34 4 89 40 48 62 87 61 96 63 86 21 18 97 65 
0 19 31 77 90 23 79 55 107 24 29 27 54 92 46 17 8 9 75 85 7 35 11 59 22 20 25 42 37 45 44 70 93 32 5 81 83 109 94 68 51 2 69 82 36 78 14 57 80 66 52 106 33 84 100 39 101 74 10 99 103 64 108 98 15 91 16 12 28 71 49 56 58 47 26 102 104 3 95 30 41 88 60 13 105 6 67 1 38 43 53 50 72 73 76 34 4 89 40 48 62 87 61 96 63 86 21 18 97 65 
0 19 31 77 90 23 79 55 107 24 29 27 54 92 46 17 8 9 75 85 7 35 11 59 22 20 25 42 37 45 44 70 93 32 5 81 83 109 94 68 51 2 69 82 36 78 14 57 80 66 52 106 33 84 100 39 101 74 10 99 103 64 108 98 15 91 16 12 28 71 49 56 58 47 26 102 104 3 95 30 41 88 6 13 105 60 67 1 38 43 53 50 73 76 34 72 4 89 40 48 62 87 61 96 63 86 21 18 97 65 
0 19 31 77 90 23 79 55 107 24 29 27 54 92 46 17 8 9 75 85 7 35 11 59 22 20 25 42 37 45 44 70 93 32 5 81 83 109 94 68 51 69 82 2 36 78 14 57 80 66 52 106 33 84 100 39 101 74 10 99 103 64 108 98 15 91 16 12 28 71 49 56 58 47 26 102 104 3 95 30 41 88 6 13 105 60 67 1 38 43 53 50 72 73 76 34 4 89 40 48 62 87 61 96 63 86 21 18 97 65 
0 19 31 77 90 23 79 55 107 24 29 27 54 92 46 17 8 9 75 85 7 35 11 59 22 20 25 42 37 45 44 70 93 32 5 81 83 109 94 68 51 2 69 82 36 78 14 57 80 66 52 106 33 84 100 39 101 74 10 99 103 64 108 98 15 91 16 12 28 71 49 56 58 47 102 104 26 3 95 30 41 88 6 13 105 60 67 1 38 43 53 50 72 73 76 34 4 89 40 48 62 87 61 96 63 86 21 18 97 65 
0 19 31 77 90 23 79 55 107 24 29 27 54 92 46 17 8 9 75 85 7 35 11 59 22 20 25 42 37 45 44 70 93 32 5 81 83 109 94 68 51 2 69 82 36 73 72 50 53 43 38 1 67 60 105 13 6 88 41 30 95 3 104 102 26 47 58 56 49 71 28 12 16 91 15 98 108 64 103 99 10 74 101 39 100 84 33 106 52 66 80 57 14 78 76 34 4 89 40 48 62 87 61 96 63 86 21 18 97 65 
0 19 31 77 90 23 79 55 107 24 29 27 54 92 46 17 8 9 75 85 7 35 11 59 22 20 25 42 37 45 44 70 93 32 5 81 83 109 94 68 51 2 69 33 106 52 66 80 57 14 78 36 82 84 100 39 101 74 10 99 103 64 108 98 15 91 16 12 28 71 49 56 58 47 26 102 104 3 95 30 41 88 6 13 105 60 67 1 38 43 53 50 72 73 76 34 4 89 40 48 62 87 61 96 63 86 21 18 97 65 
0 19 31 77 90 23 79 55 107 24 29 27 54 92 46 17 8 9 75 85 7 35 11 59 22 20 25 42 37 45 44 70 93 32 5 81 83 109 94 68 51 2 69 82 36 78 14 57 80 66 52 106 33 84 100 39 101 74 10 99 103 64 108 98 15 91 16 12 28 71 88 41 30 95 3 104 102 26 47 58 56 49 6 13 105 60 67 1 38 43 53 50 72 73 76 34 4 89 40 48 62 87 61 96 63 86 21 18 97 65 
0 19 31 77 90 23 79 55 107 24 29 27 54 92 46 17 8 9 75 85 7 35 11 59 22 20 25 42 37 45 44 70 93 32 5 81 83 109 94 68 51 2 69 82 36 78 14 57 80 66 52 106 33 84 100 39 101 74 10 99 103 64 108 98 15 91 16 12 28 71 49 56 58 47 26 102 104 3 95 30 41 88 6 13 105 60 67 1 38 43 53 50 72 73 76 34 4 89 40 48 62 61 96 63 86 87 21 18 97 65 
0 19 31 77 90 23 79 55 107 24 29 27 54 92 46 17 8 9 75 85 7 35 11 59 22 20 25 42 37 45 44 70 93 32 5 81 83 109 94 68 51 2 69 82 36 78 14 57 80 66 52 106 33 84 100 39 101 74 10 99 103 64 108 98 15 91 16 12 28 71 49 56 88 41 30 95 3 104 102 26 47 58 6 13 105 60 67 1 38 43 53 50 72 73 76 34 4 89 40 48 62 87 61 96 63 86 21 18 97 65 
0 19 31 77 90 23 79 55 107 24 29 27 54 92 46 17 8 9 75 85 7 35 11 59 22 20 25 42 37 45 44 70 93 32 5 81 83 109 94 68 51 2 69 82 36 78 14 57 80 66 52 106 33 84 100 39 101 74 10 99 103 64 108 98 15 91 16 12 28 71 49 56 58 47 26 102 104 3 95 30 41 13 6 88 105 60 67 1 38 43 53 50 72 73 76 34 4 89 40 48 62 87 61 96 63 86 21 18 97 65 
0 19 31 77 90 23 79 55 107 24 29 27 54 92 46 17 8 9 75 85 7 35 11 59 22 20 25 42 37 45 44 70 93 32 5 81 83 109 94 78 36 82 69 2 51 68 14 57 80 66 52 106 33 84 100 39 101 74 10 99 103 64 108 98 15 91 16 12 28 71 49 56 58 47 26 102 104 3 95 30 41 88 6 13 105 60 67 1 38 43 53 50 72 73 76 34 4 89 40 48 62 87 61 96 63 86 21 18 97 65 
0 19 31 77 90 23 79 55 107 24 29 27 54 92 46 17 8 9 75 85 7 35 11 59 22 20 25 42 37 45 44 70 93 32 5 81 83 109 94 68 51 2 69 82 36 78 14 57 80 66 52 106 33 84 100 39 101 74 10 99 103 64 108 98 15 91 16 12 28 104 102 26 47 58 56 49 71 3 95 30 41 88 6 13 105 60 67 1 38 43 53 50 72 73 76 34 4 89 40 48 62 87 61 96 63 86 21 18 97 65 
0 19 31 77 90 23 79 55 107 24 29 27 54 92 46 17 8 9 75 85 7 35 11 59 22 20 81 5 32 93 70 44 45 37 42 25 83 109 94 68 51 2 69 82 36 78 14 57 80 66 52 106 33 84 100 39 101 74 10 99 103 64 108 98 15 91 16 12 28 71 49 56 58 47 26 102 104 3 95 30 41 88 6 13 105 60 67 1 38 43 53 50 72 73 76 34 4 89 40 48 62 87 61 96 63 86 21 18 97 65 
0 19 31 77 90 23 79 55 107 24 29 27 54 92 46 17 8 9 75 85 7 35 11 59 22 20 25 42 37 45 44 70 93 32 5 81 83 109 94 68 51 2 69 82 36 78 14 57 80 66 52 106 33 84 100 39 101 74 10 99 103 64 108 98 15 91 16 12 28 71 104 102 49 60 105 13 6 88 41 30 95 3 26 47 58 56 67 1 38 43 53 50 72 73 76 34 4 89 40 48 62 87 61 96 63 86 21 18 97 65 
0 19 31 77 90 23 79 55 107 24 29 27 54 92 46 17 8 9 75 85 7 35 11 59 22 20 25 42 37 45 44 70 93 32 5 81 83 109 94 68 51 2 69 82 36 78 14 57 80 66 52 106 33 84 100 39 101 74 10 99 103 64 108 98 15 91 12 28 71 49 56 58 47 26 102 104 3 95 30 41 88 6 13 105 60 67 1 38 43 53 50 16 72 73 76 34 4 89 40 48 62 87 61 96 63 86 21 18 97 65 
0 19 31 77 90 23 79 55 107 24 29 27 54 92 46 17 8 9 75 85 7 35 11 59 22 20 25 42 37 45 40 89 4 34 76 73 72 50 53 43 38 1 67 60 105 13 6 88 41 30 95 3 104 102 26 47 58 56 49 71 28 12 16 91 15 98 108 64 103 99 10 74 101 39 100 84 33 106 52 66 80 57 14 78 36 82 69 2 51 68 94 109 83 81 5 32 93 70 44 48 62 87 61 96 63 86 21 18 97 65 
0 19 31 77 90 23 79 55 107 24 29 27 54 92 46 17 8 9 75 85 7 35 11 59 22 20 25 42 37 45 44 70 93 32 5 81 83 109 94 68 51 2 69 82 36 78 14 57 80 66 52 106 33 84 100 39 101 74 10 99 103 64 108 15 91 16 12 28 71 49 56 58 47 26 102 104 3 95 30 41 88 6 13 105 60 67 1 38 43 53 98 50 72 73 76 34 4 89 40 48 62 87 61 96 63 86 21 18 97 65 
0 19 31 77 90 23 79 55 107 24 29 27 54 92 46 17 8 9 75 85 7 35 11 59 22 20 25 42 37 45 44 70 93 32 5 33 106 52 66 80 57 14 78 36 82 69 2 51 68 94 109 83 81 84 100 39 101 74 10 99 103 64 108 98 15 91 16 12 28 71 49 56 58 47 26 102 104 3 95 30 41 88 6 13 105 60 67 1 38 43 53 50 72 73 76 34 4 89 40 48 62 87 61 96 63 86 21 18 97 65 
0 19 31 77 90 23 79 55 107 24 29 27 54 92 46 17 8 9 75 85 7 35 11 59 22 20 25 42 37 45 44 70 93 32 5 81 83 109 94 68 51 2 69 82 36 78 14 57 80 66 52 106 33 84 100 39 101 74 10 99 103 64 108 98 15 91 16 12 28 71 56 58 47 26 102 104 3 95 30 41 88 6 13 105 60 67 1 38 43 53 50 72 73 76 49 34 4 89 40 48 62 87 61 96 63 86 21 18 97 65 
0 19 31 77 90 23 79 55 107 24 29 27 54 92 46 17 8 9 75 85 7 35 11 59 22 20 25 42 37 45 44 70 32 5 81 83 109 94 68 51 2 69 82 36 93 78 14 57 80 66 52 106 33 84 100 39 101 74 10 99 103 64 108 98 15 91 16 12 28 71 49 56 58 47 26 102 104 3 95 30 41 88 6 13 105 60 67 1 38 43 53 50 72 73 76 34 4 89 40 48 62 87 61 96 63 86 21 18 97 65 
0 19 31 77 90 23 79 55 107 24 29 27 54 92 46 17 8 9 75 85 7 35 11 59 22 20 25 42 37 45 44 70 93 32 5 81 83 109 94 68 51 2 69 82 36 78 14 57 80 66 52 106 33 84 100 39 101 74 10 99 103 64 108 98 15 91 16 12 28 71 49 56 58 47 26 102 104 3 95 30 41 88 6 13 105 60 67 1 38 43 53 50 72 73 76 34 4 89 40 87 62 48 61 96 63 86 21 18 97 65 
0 23 31 77 90 19 79 55 107 24 29 27 54 92 46 17 8 9 75 85 7 35 11 59 22 20 25 42 37 45 44 70 93 32 5 81 83 109 94 68 51 2 69 82 36 78 14 57 80 66 52 106 33 84 100 39 101 74 10 99 103 64 108 98 15 91 16 12 28 49 56 58 47 26 102 104 3 13 30 41 88 6 95 105 60 71 67 1 38 43 53 50 72 73 76 34 4 89 40 48 62 87 61 96 63 86 21 18 97 65 
0 19 31 77 90 23 79 55 107 24 29 27 54 92 46 17 8 9 75 85 7 35 11 59 22 20 25 42 37 45 44 70 93 32 5 81 83 109 94 68 51 2 69 82 36 78 14 57 80 66 52 106 33 84 100 39 101 74 10 99 103 60 105 13 6 88 41 30 95 3 104 102 26 47 58 56 49 71 28 12 16 91 15 98 108 64 67 1 38 43 53 50 72 73 76 34 4 89 40 48 62 87 61 96 63 86 21 18 97 65 
0 19 31 77 90 23 79 55 107 24 29 27 54 92 46 17 8 9 75 85 7 35 11 59 22 20 25 42 37 45 44 70 93 32 5 81 83 109 94 68 51 2 69 82 36 78 14 57 1 66 52 106 33 84 100 39 101 74 10 99 103 64 108 98 15 91 16 12 28 71 49 56 58 47 26 102 104 3 95 30 41 88 6 13 105 60 67 80 38 43 53 50 72 73 76 34 4 89 40 48 62 87 61 96 63 86 21 18 97 65 
0 19 31 77 90 23 79 55 107 46 29 27 54 92 24 17 8 9 75 85 7 35 11 59 22 20 25 42 37 45 44 70 93 32 5 81 83 109 94 68 51 2 69 82 36 78 14 57 80 66 52 106 33 84 100 39 101 74 10 99 103 64 108 98 15 91 16 12 28 71 49 56 58 47 26 102 104 3 95 30 41 88 6 13 105 60 67 1 38 43 53 50 72 73 76 34 4 89 40 48 62 87 61 96 63 86 21 18 97 65 
0 19 31 77 90 23 7 85 75 9 8 17 46 92 54 27 29 24 107 55 79 35 11 59 22 20 25 42 37 45 44 70 93 32 5 81 83 109 94 68 51 2 69 82 36 78 14 57 80 66 52 106 33 84 100 39 101 74 10 99 103 64 108 98 15 91 16 12 28 71 49 56 58 47 26 102 104 3 95 30 41 88 6 13 105 60 67 1 38 43 53 50 72 73 76 34 4 89 40 48 62 87 61 96 63 86 21 18 97 65 
0 19 31 77 90 23 79 55 107 24 29 27 54 92 46 17 8 9 75 85 7 35 11 59 22 20 25 42 37 45 44 70 93 32 5 81 83 109 94 68 51 2 69 82 36 78 14 57 80 66 52 106 33 84 100 39 101 74 10 99 103 64 108 98 15 91 16 12 28 71 49 56 58 47 102 104 3 95 30 41 88 6 13 105 60 67 1 38 43 53 50 72 73 76 26 34 4 89 40 48 62 87 61 96 63 86 21 18 97 65 
0 19 31 77 90 23 79 55 107 24 29 27 54 92 46 17 8 9 75 85 7 35 11 59 22 20 25 42 37 45 44 70 93 32 5 81 83 109 94 68 51 2 69 82 52 78 14 57 80 66 36 106 33 84 100 39 101 74 10 99 103 64 108 98 15 91 16 12 28 71 49 56 58 47 26 102 104 3 95 30 41 88 6 13 105 60 67 1 38 43 53 50 72 73 76 34 4 89 40 48 62 87 61 96 63 86 21 18 97 65 
0 19 31 77 90 23 79 55 107 24 29 27 54 92 46 17 8 9 75 85 7 35 11 59 22 20 25 42 37 45 44 70 93 32 5 81 83 109 94 68 51 2 69 82 36 78 14 57 80 66 52 106 33 84 100 39 101 74 99 103 64 108 98 15 91 16 12 28 71 49 56 58 47 26 102 104 3 95 30 41 88 6 13 105 60 67 1 38 43 53 50 72 73 76 34 4 89 10 40 48 62 87 61 96 63 86 21 18 97 65 
0 19 31 77 90 23 79 55 107 24 29 27 54 92 46 17 8 9 75 85 7 35 11 59 22 20 25 42 37 45 44 70 93 32 5 81 83 109 94 68 51 2 69 82 36 78 14 57 80 66 52 106 33 84 100 39 101 74 10 99 103 64 108 98 15 91 16 12 28 71 49 56 58 47 26 102 104 3 95 30 41 88 6 13 105 60 67 1 38 43 53 50 72 73 76 34 4 62 48 40 89 87 61 96 63 86 21 18 97 65 
0 19 31 77 90 23 79 55 107 24 29 27 54 92 46 17 8 9 75 85 7 35 11 59 22 20 25 42 37 45 44 70 93 32 5 81 83 109 68 51 2 69 82 36 78 14 57 80 66 52 106 33 84 100 39 101 74 10 99 103 64 108 98 15 91 16 12 28 71 49 56 58 47 26 102 104 3 95 30 41 88 6 13 105 60 67 1 38 94 43 53 50 72 73 76 34 4 89 40 48 62 87 61 96 63 86 21 18 97 65 
0 19 31 77 90 23 79 55 107 24 29 27 54 92 46 17 8 9 75 85 7 35 11 59 22 20 25 42 37 45 44 70 93 32 81 83 109 94 68 51 2 69 82 36 78 14 57 80 66 52 106 33 84 100 39 101 74 10 5 99 103 64 108 98 15 91 16 12 28 71 49 56 58 47 26 102 104 3 95 30 41 88 6 13 105 60 67 1 38 43 53 50 72 73 76 34 4 89 40 48 62 87 61 96 63 86 21 18 97 65 
0 19 31 77 90 23 79 55 107 24 29 27 54 92 46 17 8 9 75 85 7 35 11 59 22 20 25 42 37 45 44 70 93 32 5 81 83 109 94 68 51 2 69 82 36 78 14 57 80 66 52 106 33 84 100 39 101 74 10 99 103 64 108 98 15 91 16 12 28 71 49 56 58 47 26 102 104 3 95 30 41 88 6 13 105 60 67 1 38 43 53 87 62 48 40 89 4 34 76 73 72 50 61 96 63 86 21 18 97 65 
0 19 31 77 90 23 79 55 107 24 29 27 54 92 46 17 8 9 75 85 7 35 11 59 22 20 25 42 37 45 44 70 93 32 5 81 83 109 94 68 51 2 69 82 36 78 14 57 80 66 106 33 84 100 39 101 74 10 99 103 64 52 108 98 15 91 16 12 28 71 49 56 58 47 26 102 104 3 95 30 41 88 6 13 105 60 67 1 38 43 53 50 72 73 76 34 4 89 62 40 48 87 61 96 63 86 21 18 97 65 
0 19 31 77 90 23 79 55 107 24 29 27 54 92 46 17 8 9 75 85 7 35 2 59 22 20 25 42 37 11 45 44 70 93 32 5 81 83 109 94 68 51 69 82 36 78 14 57 80 66 52 106 33 84 100 39 101 74 10 99 103 64 108 98 15 91 16 12 28 71 49 56 58 47 26 102 104 3 95 30 41 88 6 13 105 60 67 1 38 43 53 50 72 73 76 34 4 89 40 48 62 87 61 96 63 86 21 18 97 65 
0 19 31 77 90 23 79 55 107 24 29 27 54 92 46 17 8 9 75 85 7 35 11 59 22 20 25 42 37 45 44 70 93 32 5 81 83 109 94 68 51 2 69 36 78 14 57 80 66 52 106 33 84 100 39 101 74 10 99 103 64 108 98 15 91 16 12 28 71 49 82 56 58 47 26 102 104 3 95 30 41 88 6 13 105 60 67 1 38 43 53 50 72 73 76 34 4 89 40 48 62 87 61 96 63 86 21 18 97 65 
0 19 31 77 90 23 79 55 107 24 29 27 54 92 46 17 8 9 75 85 7 35 11 59 22 20 25 42 37 45 44 70 93 32 5 81 83 109 94 68 51 2 69 82 36 78 14 57 80 66 52 106 33 84 100 39 101 74 10 99 103 64 108 98 15 91 16 12 28 71 49 56 58 47 26 102 104 3 95 30 4 34 76 73 72 50 53 43 38 1 67 60 105 13 6 88 41 89 40 48 62 87 61 96 63 86 21 18 97 65 
0 19 31 77 90 23 79 55 107 24 29 27 54 92 46 17 8 9 75 85 7 35 11 59 22 20 25 42 37 45 44 70 93 32 5 81 83 109 94 68 51 2 69 82 36 78 14 57 10 66 52 106 33 84 100 39 101 74 80 99 103 64 108 98 15 91 16 12 28 71 49 56 58 47 26 102 104 3 95 30 41 88 6 13 105 60 67 1 38 43 53 50 72 73 76 34 4 89 40 48 62 87 61 96 63 86 21 18 97 65 
0 19 31 77 90 23 79 55 107 24 29 27 54 92 46 17 8 9 94 109 83 81 5 32 93 70 44 45 37 42 25 20 22 59 11 35 7 85 75 68 51 2 69 82 36 78 14 57 80 66 52 106 33 84 100 39 101 74 10 99 103 64 108 98 15 91 16 12 28 71 49 56 58 47 26 102 104 3 95 30 41 88 6 13 105 60 67 1 38 43 53 50 72 73 76 34 4 89 40 48 62 87 61 96 63 86 21 18 97 65 
0 19 31 77 90 23 79 55 107 24 29 27 54 92 46 17 8 9 18 21 86 63 96 61 87 62 48 40 89 4 34 76 73 72 50 53 43 38 1 67 60 105 13 6 88 41 30 95 3 104 102 26 47 58 56 49 71 28 12 16 91 15 98 108 64 103 99 10 74 101 39 100 84 33 106 52 66 80 57 14 78 36 82 69 2 51 68 94 109 83 81 5 32 93 70 44 45 37 42 25 20 22 59 11 35 7 85 75 97 65 
0 19 31 77 90 23 79 55 107 24 29 27 54 92 46 17 8 9 75 85 7 35 11 59 22 20 25 42 37 45 44 70 93 32 5 81 83 109 94 68 51 2 69 82 36 78 14 57 80 66 52 106 33 84 100 39 101 74 48 40 89 4 34 76 73 72 50 53 43 38 1 67 60 105 13 6 88 41 30 95 3 104 102 26 47 58 56 49 71 28 12 16 91 15 98 108 64 103 99 10 62 87 61 96 63 86 21 18 97 65 
0 19 31 77 90 23 79 55 107 24 29 27 54 92 46 17 8 9 75 85 7 35 11 59 22 20 25 42 37 45 44 70 93 80 66 52 106 33 84 100 39 101 74 10 99 103 14 57 32 5 81 83 109 94 68 51 2 69 82 36 78 64 108 98 15 91 16 12 28 71 49 56 58 47 26 102 104 3 95 30 41 88 6 13 105 60 67 1 38 43 53 50 72 73 76 34 4 89 40 48 62 87 61 96 63 86 21 18 97 65 
0 19 31 77 90 23 79 55 107 24 29 27 20 92 46 17 8 9 75 85 7 35 11 59 22 54 25 42 37 45 44 70 93 32 5 81 83 109 94 68 51 2 69 82 36 78 14 57 80 66 52 106 33 84 100 39 101 74 10 99 103 64 108 98 15 91 16 12 28 71 49 56 58 47 26 102 104 3 95 30 41 88 6 13 105 60 67 1 38 43 53 50 72 73 76 34 4 89 40 48 62 87 61 96 63 86 21 18 97 65 
0 19 31 77 23 79 55 107 24 29 27 54 92 46 17 8 9 75 85 7 35 11 59 90 22 20 25 42 37 45 44 70 93 32 5 81 83 109 94 68 51 2 69 82 36 78 14 57 80 66 52 106 33 84 100 39 101 74 10 99 103 64 108 98 15 91 16 12 28 71 49 56 58 47 26 102 104 3 95 30 41 88 6 13 105 60 67 1 38 43 53 50 72 73 76 34 4 89 40 48 62 87 61 96 63 86 21 18 97 65 
0 19 31 77 90 23 79 55 107 24 29 27 54 92 46 17 8 9 75 85 7 35 11 59 22 20 25 42 37 45 44 70 93 32 5 81 83 109 94 68 51 2 69 82 36 78 14 57 80 66 52 106 33 84 100 39 101 74 10 99 103 64 108 98 60 91 16 12 28 71 49 56 58 47 26 102 104 3 95 30 41 88 6 13 105 15 67 1 38 43 53 50 72 73 76 34 4 89 40 48 62 87 61 96 63 86 21 18 97 65 
0 19 31 77 90 23 79 55 107 24 29 27 54 92 46 17 8 9 75 85 7 35 11 59 22 20 25 42 37 45 44 70 93 32 5 81 83 109 94 68 51 2 69 82 36 78 14 57 80 66 52 106 33 84 100 71 28 12 16 91 15 98 108 64 103 99 10 74 101 39 49 56 58 47 26 102 104 3 95 30 41 88 6 13 105 60 67 1 38 43 53 50 72 73 76 34 4 89 40 48 62 87 61 96 63 86 21 18 97 65 
0 19 31 77 90 23 79 55 107 24 29 27 54 92 46 17 8 9 75 85 7 35 11 59 22 20 25 42 39 100 84 33 106 52 66 80 57 14 78 36 82 69 2 51 68 94 109 83 81 5 32 93 70 44 45 37 101 74 10 99 103 64 108 98 15 91 16 12 28 71 49 56 58 47 26 102 104 3 95 30 41 88 6 13 105 60 67 1 38 43 53 50 72 73 76 34 4 89 40 48 62 87 61 96 63 86 21 18 97 65 
0 19 31 77 90 23 79 55 107 24 29 27 54 92 46 17 8 9 75 85 7 35 11 59 22 20 25 42 37 45 44 70 93 32 5 81 83 109 94 68 51 2 69 82 105 36 78 14 57 80 66 52 106 33 84 100 39 101 74 10 99 103 64 108 98 15 91 16 12 28 71 49 56 58 47 26 102 104 3 95 30 41 88 6 13 60 67 1 38 43 53 50 72 73 76 34 4 89 40 48 62 87 61 96 63 86 21 18 97 65 
0 19 31 77 90 23 79 55 107 24 29 27 54 92 46 17 8 9 75 85 7 35 33 106 52 66 80 57 14 78 36 82 69 2 51 68 94 109 83 81 5 32 93 70 44 45 37 42 25 20 22 59 11 84 100 39 101 74 10 99 103 64 108 98 15 91 16 12 28 71 49 56 58 47 26 102 104 3 95 30 41 88 6 13 105 60 67 1 38 43 53 50 72 73 76 34 4 89 40 48 62 87 61 96 63 86 21 18 97 65 
0 19 31 77 90 23 79 55 107 24 29 27 54 92 46 17 8 9 75 85 7 35 11 59 22 20 25 42 37 45 44 70 93 32 5 81 83 109 94 51 2 69 82 36 78 14 57 80 66 52 106 33 84 100 39 101 74 10 99 103 64 108 98 15 91 16 12 28 71 49 56 58 47 26 68 102 104 3 95 30 41 88 6 13 105 60 67 1 38 43 53 50 72 73 76 34 4 89 40 48 62 87 61 96 63 86 21 18 97 65 
0 19 31 77 90 23 79 55 107 24 29 27 54 92 46 8 9 75 85 7 35 11 59 22 20 25 42 37 45 17 44 70 93 32 5 81 83 109 94 68 51 2 69 82 36 78 14 57 80 66 52 106 33 84 100 39 101 74 10 99 103 64 108 98 15 91 16 12 28 71 49 56 58 47 26 102 104 3 95 30 41 88 6 13 105 60 67 1 38 43 53 50 72 73 76 34 4 89 40 48 62 87 61 96 63 86 21 18 97 65 
0 19 31 77 90 23 79 55 107 24 29 27 54 92 46 17 8 9 75 85 7 35 11 59 22 20 25 42 37 45 44 70 93 32 5 81 83 109 94 68 51 2 69 82 36 78 14 57 80 66 52 106 33 84 100 39 101 74 10 99 103 64 108 98 15 91 16 12 28 71 49 56 58 47 26 102 104 3 95 30 41 88 6 13 105 60 67 1 38 43 53 50 72 73 76 34 4 40 48 62 87 61 96 63 89 86 21 18 97 65 
0 19 31 77 90 23 79 55 107 24 29 27 54 92 46 17 8 9 75 85 7 35 11 59 22 20 25 42 37 45 44 70 93 32 5 81 83 109 94 88 41 30 95 3 104 102 26 47 56 58 49 71 28 12 16 91 15 98 108 64 103 99 10 74 101 39 100 84 33 106 52 66 80 57 14 78 36 82 69 2 51 68 6 13 105 60 67 1 38 43 53 50 72 73 76 34 4 89 40 48 62 87 61 96 63 86 21 18 97 65 
0 19 31 77 90 23 79 55 107 24 29 27 54 92 46 17 8 9 75 85 7 35 11 59 22 20 25 42 37 45 44 70 93 32 5 81 83 109 94 68 51 2 69 82 36 78 14 57 80 66 52 106 33 84 100 39 101 74 10 99 103 64 108 98 15 91 88 12 28 71 49 56 58 47 26 102 104 3 95 30 41 16 6 13 105 60 67 1 38 43 53 50 72 73 76 34 4 89 40 48 62 87 61 96 63 86 21 18 97 65 
0 19 31 77 90 23 79 55 107 24 29 27 54 92 46 17 8 9 75 85 35 11 59 22 20 25 42 37 45 44 70 93 32 5 81 83 109 94 68 51 2 69 82 36 78 14 57 80 66 52 106 33 84 100 39 101 74 10 99 103 64 108 98 15 91 16 12 28 71 49 56 58 47 26 102 104 3 95 30 41 88 6 13 105 60 67 1 38 43 53 50 72 73 76 34 4 89 40 7 48 62 87 61 96 63 86 21 18 97 65 
0 19 31 77 90 23 79 55 107 24 29 27 54 92 46 17 8 9 75 85 7 35 11 59 22 20 25 42 37 45 44 70 93 32 5 81 83 109 68 51 2 69 82 36 78 14 57 80 66 52 106 33 84 100 39 101 74 10 99 103 64 108 98 15 91 16 12 28 71 49 56 58 47 26 94 102 104 3 95 30 41 88 6 13 105 60 67 1 38 43 53 50 72 73 76 34 4 89 40 48 62 87 61 96 63 86 21 18 97 65 
0 19 31 77 90 23 79 55 107 24 29 27 54 92 46 17 8 9 75 85 7 35 11 59 22 20 25 42 37 45 44 70 93 32 5 81 83 109 94 68 51 2 69 82 36 78 14 101 80 66 52 106 33 84 100 39 57 74 10 99 103 64 108 98 15 91 16 12 28 71 49 56 58 47 26 102 104 3 95 30 41 88 6 13 105 60 67 1 38 43 53 50 72 73 76 34 4 89 40 48 62 87 61 96 63 86 21 18 97 65 
0 19 31 77 90 23 79 55 107 24 29 27 54 92 46 17 8 9 75 85 7 35 11 59 22 20 25 42 37 45 44 70 93 32 5 81 83 109 13 6 88 41 30 95 3 104 102 26 47 58 56 49 71 28 12 16 91 15 98 108 64 103 99 10 74 101 39 100 84 33 106 52 66 80 57 14 78 36 82 69 2 51 68 94 105 60 67 1 38 43 53 50 72 73 76 34 4 89 40 48 62 87 61 96 63 86 21 18 97 65 
0 19 31 77 90 23 79 55 107 24 29 27 54 92 46 17 8 9 75 85 7 35 11 59 22 20 25 42 37 45 44 70 93 32 5 81 83 109 94 68 51 26 47 58 56 49 71 28 12 16 91 15 98 108 64 103 99 10 74 101 39 100 84 33 106 52 66 80 57 14 78 36 82 69 2 102 104 3 95 30 41 88 6 13 105 60 67 1 38 43 53 50 72 73 76 34 4 89 40 48 62 87 61 96 63 86 21 18 97 65 
0 19 31 77 90 23 79 55 107 24 29 27 54 92 46 17 8 9 75 85 7 11 59 22 20 25 35 42 37 45 44 70 93 32 5 81 109 94 68 51 2 69 82 36 78 14 57 80 66 83 52 106 33 84 100 39 101 74 10 99 103 64 108 98 15 91 16 12 28 71 49 43 38 1 67 60 105 13 6 88 41 30 95 3 104 102 26 47 58 56 53 50 72 73 76 34 4 89 40 48 62 87 61 96 63 86 21 18 97 65 
0 19 31 77 90 23 79 55 107 24 29 27 54 92 46 17 8 9 75 85 7 35 11 59 22 20 25 42 37 45 44 70 93 32 5 81 83 109 68 51 94 2 69 82 36 78 14 57 80 66 52 106 33 84 100 39 56 49 71 28 12 16 91 15 98 108 64 103 99 10 74 101 58 47 26 102 104 3 95 30 41 88 6 13 105 60 67 1 38 43 53 50 72 73 76 34 4 89 40 48 62 87 61 96 63 86 21 18 97 65 
0 19 31 77 90 23 79 55 107 24 29 27 54 92 46 17 8 9 75 85 7 35 11 59 22 20 25 42 37 45 44 70 93 32 5 81 83 109 94 68 51 2 69 82 36 78 14 57 80 66 52 106 33 84 100 39 101 74 72 99 103 64 108 98 15 91 16 12 28 71 49 56 58 47 26 102 104 3 95 30 41 88 6 13 105 60 67 1 38 43 53 50 10 73 76 34 4 89 40 48 62 87 61 96 63 86 21 18 97 65 
0 19 31 77 90 23 79 55 107 24 29 27 54 92 46 17 8 9 75 85 7 35 11 59 22 20 25 42 37 45 44 91 15 98 108 64 103 99 10 74 101 39 100 84 33 106 52 66 80 57 14 78 36 82 69 2 51 68 94 109 83 81 5 32 93 70 16 12 28 71 49 56 58 47 26 102 104 3 95 30 41 88 6 13 105 60 67 1 38 43 53 50 72 73 76 34 4 89 40 48 62 87 61 96 63 86 21 18 97 65 
0 19 31 77 90 23 79 55 107 24 29 27 54 92 46 17 8 9 75 85 7 35 11 59 22 20 25 42 37 45 44 70 93 32 5 81 83 109 94 68 51 2 69 82 36 78 14 57 80 66 52 106 33 84 100 39 101 74 10 99 103 64 108 98 15 91 16 12 28 71 49 56 58 47 26 102 104 87 62 48 40 89 4 34 76 73 72 50 53 43 38 1 67 60 105 13 6 88 41 30 95 3 61 96 63 86 21 18 97 65 
0 19 31 77 90 23 79 55 107 24 29 27 54 92 46 17 8 9 75 85 7 35 11 59 22 20 25 42 37 45 44 70 93 32 81 83 109 94 68 51 2 69 82 36 78 14 57 80 66 52 106 28 33 84 100 39 101 74 10 99 103 64 108 98 15 91 16 12 5 71 49 56 58 47 26 102 104 3 95 30 41 88 6 13 105 60 67 1 38 43 53 50 72 73 76 34 4 89 40 48 62 87 61 96 63 86 21 18 97 65 
0 19 31 77 90 23 79 55 107 24 29 27 54 92 46 17 8 9 75 85 7 35 11 59 22 20 42 37 45 44 70 93 32 5 81 83 109 94 68 51 2 69 82 36 78 14 57 80 66 52 106 33 84 100 39 101 74 10 99 103 64 108 98 15 91 25 16 12 28 71 49 56 58 47 26 102 104 3 95 30 41 88 6 13 105 60 67 1 38 43 53 50 72 73 76 34 4 89 40 48 62 87 61 96 63 86 21 18 97 65 
0 19 31 77 90 23 79 55 107 24 29 27 54 92 46 17 8 9 75 85 7 35 11 59 22 20 25 42 37 45 44 70 93 32 5 81 83 43 94 68 51 2 69 82 36 78 14 57 80 66 52 106 33 84 100 39 101 74 10 99 103 64 108 98 15 91 16 12 28 71 49 56 58 47 26 102 104 3 95 30 41 88 6 13 105 60 67 1 38 109 53 50 72 73 76 34 4 89 40 48 62 87 61 96 63 86 21 18 97 65 
0 19 31 77 90 23 79 55 107 24 29 27 54 92 46 17 8 9 75 85 7 35 11 59 22 20 25 42 37 45 44 70 93 32 5 81 83 109 94 68 51 2 69 82 36 78 14 57 80 66 52 106 33 84 100 39 101 74 10 99 103 64 108 98 15 91 16 28 71 49 56 58 47 26 102 104 3 95 30 41 88 6 13 105 60 67 1 38 43 53 50 72 73 76 34 4 89 40 48 62 87 61 96 63 86 21 18 12 97 65 
0 19 31 77 90 23 79 55 107 24 29 27 54 92 46 17 8 9 75 85 7 35 11 59 22 20 25 42 37 45 44 70 93 32 5 81 83 109 94 68 51 2 69 82 36 78 14 57 80 66 52 106 33 84 100 39 101 74 10 99 103 64 108 98 15 91 16 12 28 71 49 56 58 47 26 95 30 41 88 6 13 105 60 67 1 38 87 102 104 3 43 53 50 72 73 76 34 4 89 40 48 62 61 96 63 86 21 18 97 65 
0 19 31 77 90 23 79 55 107 24 29 27 54 92 46 17 8 9 75 85 7 35 11 59 22 20 25 42 37 45 44 70 93 32 5 81 83 109 94 68 51 2 69 82 36 78 14 57 80 66 52 106 33 84 100 39 101 74 10 99 103 64 108 98 87 62 48 40 89 4 34 76 73 72 50 53 43 15 91 16 12 28 71 49 56 58 47 26 102 104 3 95 30 41 88 6 13 105 60 67 1 38 61 96 63 86 21 18 97 65 
0 19 31 77 90 23 79 55 107 24 29 27 54 92 46 17 8 9 75 85 7 35 11 59 22 20 25 42 37 45 44 70 93 32 5 81 83 109 71 49 56 58 47 26 102 104 3 95 30 41 88 6 13 105 60 67 1 38 43 99 103 64 108 98 15 91 16 12 28 94 68 51 2 69 82 36 78 14 57 80 66 52 106 33 84 100 39 101 74 10 53 50 72 73 76 34 4 89 40 48 62 87 61 96 63 86 21 18 97 65 
0 19 31 77 90 23 79 55 107 24 29 27 54 92 46 17 8 9 75 85 7 35 11 59 22 20 25 42 37 45 44 70 93 32 5 81 83 109 94 68 51 2 69 82 36 78 14 57 80 66 52 106 33 84 100 39 101 74 10 99 103 64 108 98 15 91 16 12 28 71 49 56 58 47 26 102 104 3 95 30 41 88 6 13 105 60 67 1 38 43 53 50 72 73 76 4 89 40 48 62 87 61 96 63 86 21 18 97 34 65 
0 19 31 77 90 23 79 55 107 24 29 27 54 92 46 17 8 9 75 85 7 35 11 59 22 20 25 42 37 45 44 70 93 32 5 81 83 109 94 68 51 2 69 82 36 78 14 57 80 66 52 106 33 84 100 39 101 74 10 99 103 64 108 98 15 91 16 12 28 71 49 56 58 47 26 102 104 3 95 30 41 88 6 13 105 60 67 1 38 43 53 50 72 73 76 4 89 40 48 62 87 61 96 63 86 21 18 97 34 65 
0 19 31 77 90 23 79 55 107 24 29 27 54 92 46 17 8 9 75 85 7 35 11 59 22 20 25 42 37 45 44 70 93 32 5 81 83 109 74 68 51 2 69 82 36 78 14 57 80 66 52 106 33 84 100 39 101 94 10 99 103 64 108 98 15 91 16 12 28 71 49 56 58 47 26 102 104 3 95 30 41 88 6 13 105 60 67 1 38 43 53 50 72 73 76 34 4 89 40 48 62 87 61 96 63 86 21 18 97 65 
0 19 31 77 90 23 79 55 107 24 29 27 54 92 46 17 9 75 85 7 35 11 59 22 20 25 42 37 45 44 70 93 32 5 81 83 109 94 68 51 2 69 82 36 78 14 57 80 66 52 106 33 8 84 100 39 101 74 10 99 103 64 108 98 15 91 16 12 28 71 49 56 58 47 26 102 104 3 95 30 41 88 6 13 105 60 67 1 38 43 53 50 72 73 76 34 4 89 40 48 62 87 61 96 63 86 21 18 97 65 
0 19 31 77 90 23 79 55 107 24 29 27 54 92 46 17 8 9 75 85 7 35 11 59 22 20 25 42 37 45 44 70 93 32 5 81 83 109 94 68 51 2 69 82 36 78 14 57 80 66 52 106 33 84 100 39 101 74 10 99 103 64 108 98 15 91 16 12 28 71 49 56 58 47 26 102 104 3 95 30 41 76 34 4 89 40 48 62 87 61 96 63 86 21 88 6 13 105 60 67 1 38 43 53 50 72 73 18 97 65 
0 19 31 77 90 23 79 55 107 24 29 27 54 92 17 8 9 75 85 7 35 11 59 22 20 25 42 37 45 44 70 93 32 5 81 83 109 94 68 51 2 69 82 36 78 14 57 80 66 52 106 33 84 46 100 39 101 74 10 99 103 64 108 98 15 91 16 12 28 71 49 58 56 47 26 102 104 3 95 30 41 88 6 13 105 60 67 1 38 43 53 50 72 73 76 34 4 89 40 48 62 87 61 96 63 86 21 18 97 65 
0 19 31 77 90 23 79 55 107 24 29 27 54 92 46 17 8 9 75 85 7 35 11 59 22 20 25 42 37 44 70 93 32 5 81 83 109 94 68 51 2 69 82 36 78 14 57 80 66 52 106 33 84 100 39 101 74 10 99 103 108 98 15 91 45 16 12 28 71 49 56 58 47 26 102 104 3 95 30 41 88 6 13 105 60 67 1 38 43 53 50 72 73 76 34 64 4 89 40 48 62 87 61 96 63 86 21 18 97 65 
0 19 31 77 90 23 79 55 107 24 29 27 54 92 46 17 8 9 75 85 7 35 11 59 22 20 25 42 37 45 44 70 93 32 5 81 83 109 94 68 51 2 69 82 36 78 14 57 80 66 52 106 33 84 100 39 101 74 10 99 103 64 108 98 15 91 16 12 28 71 49 56 58 47 26 102 76 3 95 30 41 88 6 13 105 60 67 1 38 43 53 50 72 73 104 34 4 89 40 48 62 87 61 96 63 86 21 18 97 65 
0 19 31 77 90 23 79 55 107 24 29 27 54 92 46 17 8 9 75 85 7 35 11 59 22 20 25 42 37 45 44 98 108 64 103 99 10 74 101 39 100 84 33 106 52 66 80 57 14 78 36 82 69 2 51 68 94 109 83 81 5 32 93 70 15 91 16 28 71 49 56 58 47 26 102 104 3 95 30 41 88 6 13 105 60 67 1 38 12 43 53 50 72 48 40 89 4 34 76 73 62 87 61 96 63 86 21 18 97 65 
0 19 77 90 23 79 55 107 24 29 27 54 75 9 8 17 46 92 85 7 35 11 59 22 20 25 42 37 45 44 70 93 32 5 81 83 109 94 68 51 2 69 82 36 78 14 57 80 66 52 106 33 84 100 39 101 74 10 99 103 64 108 98 15 91 16 12 28 71 49 56 58 47 26 102 104 3 95 30 41 88 6 13 105 60 67 1 38 43 53 50 72 73 76 34 4 89 40 48 62 31 87 61 96 63 86 21 18 97 65 
0 19 31 77 90 23 79 55 107 24 29 27 54 92 46 17 8 9 75 85 7 35 11 59 22 20 25 42 37 2 45 44 70 93 32 5 81 83 109 94 68 51 69 53 50 72 73 76 34 4 89 40 16 91 15 98 108 64 103 99 10 74 101 39 100 84 33 106 52 66 80 57 14 78 36 82 43 38 1 67 60 105 13 6 88 41 30 95 3 104 102 26 47 58 56 49 71 28 12 48 62 87 61 96 63 86 21 18 97 65 
0 19 31 77 90 23 79 55 107 24 29 27 54 45 37 42 25 20 22 59 11 35 7 85 75 9 8 17 46 92 44 70 93 32 5 81 83 109 94 68 51 2 69 82 36 78 14 57 80 66 52 106 33 84 100 39 101 74 10 99 103 64 108 98 15 91 16 12 28 71 49 56 58 47 26 102 104 3 95 30 41 88 6 13 105 60 67 1 38 43 53 50 72 73 76 34 4 89 40 48 62 87 61 96 63 86 21 97 18 65 
0 19 31 77 90 23 79 55 107 24 29 27 54 92 46 17 8 9 75 85 7 35 11 59 22 20 25 42 37 45 44 70 93 32 5 81 83 109 94 68 51 2 69 82 36 78 14 57 80 66 52 106 33 84 100 39 101 74 10 99 103 64 108 98 15 91 16 12 28 71 49 56 58 47 26 102 104 3 95 30 41 88 6 13 105 60 67 1 38 43 53 65 97 18 21 86 63 96 61 87 62 48 40 89 4 34 76 73 72 50 
0 19 31 90 23 79 55 107 24 29 27 54 92 46 17 8 9 75 85 7 35 11 59 22 20 25 42 37 45 44 70 93 32 5 81 83 109 94 68 51 2 69 82 36 78 14 57 80 66 52 106 33 84 100 39 101 74 10 99 103 64 108 98 15 91 16 12 28 71 49 56 58 47 26 102 104 3 95 30 41 88 6 13 105 60 67 1 38 43 53 50 72 73 76 34 4 77 89 40 48 62 87 61 96 63 86 21 18 97 65 
0 19 31 77 90 23 79 55 107 24 29 27 54 92 46 17 8 9 75 85 7 35 48 40 89 4 34 76 73 72 50 53 43 38 1 67 60 105 13 6 88 41 30 95 3 104 102 26 47 58 56 49 71 28 12 16 91 15 11 59 22 20 25 42 37 45 44 70 93 32 5 81 83 109 94 68 51 2 69 82 36 78 14 57 80 66 52 106 33 84 100 39 101 74 10 99 103 64 108 98 62 87 61 96 63 86 21 18 97 65 
0 19 31 77 90 23 79 55 107 24 29 54 92 46 17 8 9 75 85 7 35 11 59 22 20 25 42 37 45 44 70 93 32 5 81 83 109 94 68 51 2 69 82 36 78 14 27 57 80 66 52 106 33 84 100 39 101 74 10 99 103 64 108 98 15 91 16 12 28 71 49 56 58 47 26 102 104 3 95 30 41 88 6 13 105 60 67 1 38 43 53 50 72 73 76 34 4 89 40 48 62 87 61 96 63 86 21 18 97 65 
0 19 31 77 90 23 79 55 107 24 29 27 54 92 46 17 8 9 75 85 7 35 11 26 47 58 56 49 71 28 12 16 91 15 98 108 64 103 99 10 74 101 39 100 84 33 106 52 66 80 57 14 78 36 82 69 2 51 68 94 109 83 81 5 32 93 70 44 45 37 42 25 20 22 59 102 104 3 95 30 41 88 6 13 105 60 67 1 38 43 53 50 72 73 76 34 4 89 40 48 62 87 61 96 63 86 21 18 97 65 
0 19 31 77 90 23 79 55 107 24 29 27 54 92 46 17 8 9 75 85 7 35 11 59 22 20 25 42 37 45 44 70 93 32 5 81 83 109 94 68 51 2 69 82 36 78 14 57 105 60 67 1 38 43 53 50 72 34 4 89 40 64 108 98 73 76 15 91 16 12 28 71 49 56 58 47 26 102 104 3 95 30 41 88 6 13 80 66 52 106 33 84 100 39 101 74 10 99 103 48 62 87 61 96 63 86 21 18 97 65 
0 19 31 77 90 23 79 55 107 24 29 27 54 92 46 17 8 9 85 7 35 11 59 22 20 25 42 37 45 44 70 93 32 5 81 83 109 94 68 51 2 69 82 36 78 14 57 80 66 52 106 33 84 100 39 101 74 10 99 103 64 108 98 15 91 16 12 28 71 49 56 58 47 26 102 104 3 95 30 41 88 6 13 105 60 67 1 38 43 53 50 72 73 76 34 4 89 40 48 62 87 61 96 63 86 75 21 18 97 65 
0 19 31 77 90 23 79 55 107 24 29 27 54 92 46 17 8 9 75 85 7 35 11 59 20 25 42 37 45 44 70 93 32 5 81 83 109 94 68 51 2 69 82 36 78 14 57 80 66 52 106 33 100 39 101 74 10 99 103 64 108 98 22 15 84 91 16 12 28 71 49 56 58 47 26 102 104 3 95 30 41 88 6 13 105 60 67 1 38 43 53 50 72 73 76 34 4 89 40 48 62 87 61 96 63 86 21 18 97 65 
0 19 31 77 90 23 79 55 107 24 29 27 54 92 46 17 8 9 75 85 7 35 11 59 22 20 25 42 37 74 44 70 93 32 5 81 83 109 94 68 51 2 69 82 36 78 14 57 80 66 52 106 33 84 100 39 101 45 10 99 103 64 108 98 15 91 16 12 28 71 49 56 58 47 26 102 104 3 95 30 41 88 6 13 105 60 67 1 38 43 53 50 72 73 76 34 4 89 40 48 62 87 61 96 63 86 21 18 97 65 
0 19 31 77 90 23 79 55 107 24 29 27 54 92 46 17 8 9 75 85 7 35 11 59 22 20 25 42 37 45 44 70 93 32 5 81 83 109 56 68 51 2 69 82 36 78 14 57 80 66 52 106 33 84 100 39 101 74 10 99 103 64 108 98 15 91 16 12 28 71 49 94 58 47 26 102 104 95 30 41 88 6 3 13 105 60 67 1 38 43 53 50 72 73 76 34 4 89 40 48 62 87 61 96 63 86 21 18 97 65 
0 19 31 77 90 23 79 55 107 24 39 100 84 33 106 52 66 80 57 14 78 36 82 69 2 51 68 94 29 27 54 92 46 17 8 9 75 85 7 35 11 59 22 20 25 42 37 45 44 70 93 32 5 81 83 109 101 74 10 99 103 64 108 98 15 91 16 12 28 71 49 56 58 47 26 102 104 3 95 30 41 88 6 13 105 60 67 1 38 43 53 50 72 73 76 34 4 89 40 48 62 87 61 96 63 86 21 18 97 65 
0 19 31 77 90 23 55 107 24 29 27 54 92 46 17 8 9 75 85 7 35 11 59 22 20 25 42 37 45 44 70 93 32 5 81 83 109 94 68 51 2 69 82 36 78 14 57 80 66 52 106 33 84 100 39 101 74 10 99 103 64 108 98 15 91 16 12 28 71 49 56 58 47 26 102 104 3 95 30 41 88 6 13 105 60 67 1 38 43 53 79 50 72 73 76 34 4 89 40 48 62 87 61 96 63 86 21 18 97 65 
0 19 31 77 90 23 79 55 107 24 29 27 54 92 46 17 8 9 75 85 7 35 11 59 22 20 25 42 37 45 44 70 93 32 5 81 83 109 94 68 51 2 69 82 36 78 14 57 80 66 52 88 47 58 56 49 71 28 12 16 91 15 98 108 64 103 99 10 74 101 39 100 84 33 106 102 104 3 95 30 41 26 6 13 105 60 67 1 38 43 53 50 73 76 34 4 89 40 48 62 87 61 96 63 72 86 21 18 97 65 
0 19 31 77 90 23 79 55 107 24 29 27 54 92 46 17 8 9 75 85 7 35 11 59 22 20 25 42 37 45 44 70 93 32 5 81 83 109 94 68 51 2 69 82 36 78 14 57 80 66 52 106 33 84 100 101 74 10 99 103 64 108 98 15 91 16 12 28 71 49 56 58 47 26 102 104 3 95 30 6 88 41 13 105 60 67 1 38 43 53 50 72 73 76 34 4 89 40 48 62 87 61 96 63 39 86 21 18 97 65 
0 19 31 77 90 23 79 55 107 24 29 27 54 92 46 17 8 9 75 85 7 35 11 59 22 20 25 42 37 45 44 70 93 32 5 81 83 109 94 68 51 2 69 82 36 78 14 57 80 66 52 106 33 84 100 101 74 10 99 103 64 108 98 15 91 16 12 28 71 49 56 58 47 26 102 104 3 95 30 6 88 41 13 105 60 67 1 38 43 53 50 72 73 76 34 4 89 40 48 62 87 61 96 63 39 86 21 18 97 65 
0 19 31 77 90 23 79 55 107 24 29 27 54 92 46 17 8 9 75 85 7 35 11 59 22 20 2 51 68 94 109 83 81 5 32 93 70 44 45 37 42 25 69 82 36 78 14 57 80 66 52 106 33 84 100 39 101 74 10 99 103 64 108 98 41 91 16 12 28 71 49 56 58 47 26 102 104 3 95 30 15 88 6 13 105 60 67 1 38 43 53 50 72 73 76 34 4 89 40 48 62 87 61 96 63 86 21 18 97 65 
0 19 31 77 90 23 79 55 107 24 29 27 54 92 46 17 8 9 75 85 7 35 11 59 22 20 25 42 37 45 44 70 93 32 5 81 83 109 94 68 51 2 69 82 36 78 14 57 80 66 52 106 33 84 100 39 101 74 10 99 103 64 108 98 15 91 16 12 65 97 18 21 86 63 96 61 87 62 48 40 89 4 34 76 73 72 50 53 43 38 1 67 60 105 13 6 88 41 30 3 95 104 102 26 47 58 56 49 71 28 
0 19 31 54 27 29 24 107 55 79 23 90 77 92 46 17 8 9 75 85 7 11 59 103 99 10 74 101 39 100 84 33 106 52 66 80 57 14 78 36 82 69 2 51 68 94 109 83 81 5 32 93 70 44 45 37 42 35 25 20 22 64 108 98 15 91 16 12 28 71 49 56 58 47 26 102 104 3 95 30 41 88 6 13 105 60 67 1 38 43 53 50 72 73 76 34 4 89 40 48 62 87 61 96 63 86 21 18 97 65 
0 19 31 77 90 23 79 55 107 24 29 27 54 92 46 17 8 9 75 85 7 35 11 59 22 20 25 42 37 45 44 70 93 32 5 81 83 109 71 108 98 15 91 16 12 78 14 57 80 66 52 106 33 84 100 39 101 74 10 99 103 64 68 51 2 69 82 36 28 94 49 56 58 47 26 102 104 3 95 30 41 88 6 13 105 60 67 1 38 43 53 50 72 73 76 34 4 89 40 48 62 87 61 96 63 86 21 18 97 65 
0 19 31 77 90 23 79 55 107 24 29 27 54 92 46 17 8 9 75 85 7 35 11 59 22 20 25 42 37 45 44 70 93 32 49 81 83 109 94 68 51 2 69 82 36 78 14 57 80 66 52 106 33 84 100 39 101 74 10 99 103 64 108 98 15 91 16 12 28 71 5 56 58 47 26 102 104 3 95 30 41 88 6 13 105 60 67 1 38 43 53 50 72 73 76 34 4 89 40 48 62 87 61 96 63 86 21 18 97 65 
0 33 84 100 39 101 74 10 99 103 64 108 98 15 91 16 12 28 71 49 56 58 47 26 102 104 3 95 30 41 88 6 13 105 60 67 1 38 43 53 50 72 73 76 34 4 89 57 80 66 52 106 19 31 77 90 23 79 55 107 24 29 27 54 92 46 17 8 9 75 85 7 35 11 59 22 20 25 42 37 45 44 70 93 32 5 81 83 109 94 68 51 2 69 82 36 78 14 40 48 62 87 61 96 63 86 21 18 97 65 
0 19 31 77 90 23 79 55 107 24 29 27 54 92 46 17 8 37 42 25 20 22 59 11 35 7 85 75 9 45 44 70 93 32 5 39 83 109 94 68 51 2 69 82 36 78 14 57 80 66 52 106 33 84 100 81 101 74 10 99 103 64 108 98 15 91 16 12 28 71 49 56 58 47 26 102 104 3 95 30 41 88 6 13 105 60 67 1 38 43 53 50 72 73 76 34 4 89 40 48 62 87 61 96 63 86 21 18 97 65 
0 19 31 77 90 23 79 55 107 24 29 27 54 92 46 17 8 9 75 85 7 35 11 59 22 20 25 42 37 45 44 70 93 32 5 81 83 109 94 68 51 2 69 82 36 78 14 57 80 30 41 88 6 13 105 60 67 1 38 43 53 50 72 73 76 34 4 89 40 48 62 87 61 96 63 86 21 18 97 66 52 106 33 84 100 39 101 74 10 99 103 64 108 98 15 91 16 12 28 71 49 56 58 47 26 102 104 3 95 65 
0 19 31 77 90 23 79 55 1 67 60 105 13 6 88 41 30 95 3 104 102 26 47 58 56 49 71 28 12 16 91 15 98 108 64 103 99 10 74 101 39 100 84 33 106 52 66 80 57 14 78 36 82 69 2 51 68 94 109 83 81 5 32 93 70 44 45 37 42 25 20 22 59 11 35 7 85 75 9 8 17 46 92 54 27 29 24 107 38 43 53 50 72 73 76 34 4 89 40 48 62 87 61 96 63 86 21 18 97 65 
0 19 31 77 90 23 79 55 107 24 29 27 54 92 46 17 8 9 75 85 7 35 11 59 22 20 25 42 37 45 44 70 93 32 5 81 83 109 94 68 51 2 69 82 36 78 14 57 80 66 52 106 33 84 100 39 101 74 10 99 103 64 108 98 15 91 16 12 28 71 49 56 58 47 26 102 104 3 95 30 41 88 6 105 60 67 1 38 43 53 50 72 73 76 34 4 89 40 48 62 87 61 96 63 86 21 18 97 65 13 
0 19 31 77 90 23 79 55 107 24 29 27 54 92 46 17 88 41 30 95 3 104 102 26 47 58 56 49 71 28 12 16 91 15 98 108 64 103 99 10 74 101 39 100 84 33 106 52 66 80 57 14 78 36 82 69 2 51 68 94 109 83 81 5 32 93 70 44 45 37 8 9 75 85 7 35 11 59 22 20 25 42 6 13 105 60 67 1 38 43 53 50 72 73 76 34 4 89 40 48 62 87 61 96 63 86 21 18 97 65 
0 19 31 77 90 23 79 15 98 108 64 103 99 10 74 101 39 100 84 33 106 52 66 80 57 14 78 36 82 69 2 51 68 94 109 83 81 5 32 93 70 44 45 37 42 25 20 22 59 11 35 7 85 75 9 8 17 46 92 54 27 29 24 107 55 91 16 12 28 71 49 56 58 47 26 102 104 3 95 30 41 88 6 13 105 60 67 1 38 43 53 50 72 73 76 34 4 89 40 48 62 87 61 96 63 86 21 18 97 65 
0 19 31 77 90 23 79 55 107 24 29 27 54 37 42 25 20 22 59 11 35 7 85 75 9 8 17 46 92 45 44 70 93 32 5 39 83 109 94 68 51 2 69 82 36 78 14 57 80 66 52 106 33 84 100 81 101 74 10 99 103 64 108 98 15 91 16 12 28 71 49 56 58 47 26 102 104 3 95 30 41 88 6 13 105 60 67 1 38 43 53 50 72 73 76 34 4 89 40 48 62 87 61 96 63 86 21 18 97 65 
0 19 31 77 90 23 79 55 52 106 33 84 100 39 101 74 10 99 103 64 108 98 15 91 16 12 28 71 49 56 58 47 26 102 104 3 95 30 41 88 6 13 105 60 67 1 38 57 80 66 107 24 29 27 54 92 46 17 8 9 75 85 7 35 11 59 22 20 25 42 37 45 44 70 93 32 5 81 83 109 94 68 51 2 69 82 36 78 14 43 53 50 72 73 76 34 4 89 40 48 62 87 61 96 63 86 21 18 97 65 
0 19 31 77 90 23 79 55 107 24 29 27 54 92 46 17 8 9 75 85 7 35 11 59 22 20 25 42 37 45 44 70 93 32 5 81 83 109 94 68 51 2 69 82 36 78 14 30 41 88 6 13 105 60 67 1 38 43 53 50 72 73 76 34 4 89 40 48 62 87 61 96 63 86 21 102 104 3 95 57 80 66 52 106 33 84 100 39 101 74 10 99 103 64 108 98 15 91 16 12 28 71 49 56 58 47 26 18 97 65 
0 19 31 77 90 23 79 55 107 24 29 27 54 92 46 17 8 88 41 30 95 3 104 102 12 47 58 56 49 71 28 26 16 91 15 98 108 64 103 99 10 74 101 39 100 84 33 106 52 66 80 57 14 78 36 82 69 2 51 68 94 109 83 81 5 32 93 70 44 45 37 42 25 20 22 59 11 35 7 85 75 9 6 13 105 60 67 1 38 43 53 50 72 73 76 34 4 89 40 48 62 87 61 96 63 86 21 18 97 65 
0 19 31 77 90 23 79 55 107 24 29 27 54 92 46 17 8 9 75 85 7 35 11 59 22 20 25 42 37 45 44 70 93 32 5 81 83 109 94 68 51 2 69 82 36 78 14 57 80 66 52 106 33 84 100 39 101 62 10 99 103 64 108 98 15 91 16 12 28 71 49 56 58 47 26 102 104 3 95 30 41 88 6 13 105 60 67 1 38 43 53 50 72 73 76 34 4 89 40 48 74 87 61 96 63 86 21 18 97 65 
0 19 31 77 90 23 79 55 107 24 29 27 54 92 46 17 8 9 75 85 7 35 2 59 22 20 25 42 37 45 44 70 93 32 5 81 83 109 94 68 51 11 69 53 50 72 73 76 34 4 89 40 16 91 15 98 108 64 103 99 10 74 101 39 100 84 33 106 52 66 80 57 14 78 36 82 43 38 1 67 60 105 13 6 88 41 30 95 3 104 102 26 47 58 12 28 71 49 56 48 62 87 61 96 63 86 21 18 97 65 
0 19 31 77 90 23 79 55 107 24 29 27 54 92 46 17 8 9 75 85 7 35 11 59 22 20 25 42 37 45 44 70 93 32 5 81 83 109 94 68 51 2 69 82 36 78 14 57 80 66 52 106 33 84 100 39 101 74 99 103 64 108 98 15 91 16 12 28 71 49 56 58 47 26 102 104 3 95 30 41 88 6 13 105 60 67 1 38 43 53 50 62 73 76 34 4 89 40 48 72 87 61 96 63 86 21 18 10 97 65 
0 19 31 77 90 23 79 55 107 24 29 27 54 92 46 17 8 9 75 85 7 35 11 76 22 20 25 42 37 45 44 70 93 32 5 81 83 109 94 68 51 2 69 82 36 78 14 80 66 52 106 33 84 100 39 101 74 10 99 103 64 108 98 15 91 16 12 28 71 49 57 56 58 47 26 102 104 3 95 30 41 88 6 13 105 60 67 1 38 43 53 50 72 73 59 34 4 89 40 48 62 87 61 96 63 86 21 18 97 65 
0 19 31 77 90 23 79 55 107 24 29 3 104 102 26 47 58 56 49 71 28 12 16 91 15 98 108 64 103 99 10 74 101 39 100 84 33 106 52 66 80 57 14 78 36 82 69 2 51 68 94 109 83 81 5 32 93 70 44 45 37 42 25 20 22 59 11 35 7 85 75 9 8 17 46 92 54 27 95 30 41 88 6 13 105 60 67 1 38 43 53 50 72 73 76 34 4 89 40 48 62 87 61 96 63 86 21 18 97 65 
0 19 31 77 90 23 79 55 107 24 26 47 58 56 49 71 28 12 16 91 15 98 108 64 103 99 10 74 101 39 100 84 33 106 52 66 80 57 14 76 73 78 36 82 69 2 51 68 94 109 83 81 5 32 93 70 44 45 37 42 25 20 22 59 11 35 7 85 75 9 8 17 46 92 54 27 29 102 104 3 95 30 41 88 6 13 105 60 67 1 38 43 53 50 72 34 4 89 40 48 62 87 61 96 63 86 21 18 97 65 
0 19 31 77 90 23 79 55 107 24 29 27 54 92 46 17 66 80 57 14 78 36 82 69 2 51 68 94 109 83 81 5 32 93 70 44 45 37 42 25 20 22 59 11 35 7 85 75 9 8 52 106 33 84 100 101 74 10 99 103 64 108 98 15 91 16 12 28 71 49 56 58 47 26 102 104 3 95 30 41 88 6 13 105 60 67 1 38 43 53 50 72 39 73 76 34 4 89 40 48 62 87 61 96 63 86 21 18 97 65 
0 19 31 77 90 23 79 107 24 29 27 54 92 46 17 8 9 75 85 7 35 11 59 22 20 25 42 37 45 44 70 93 32 5 81 83 109 94 68 51 2 69 82 36 78 14 55 57 80 66 52 106 33 84 100 101 74 10 99 103 64 108 98 15 91 16 39 12 28 71 49 56 58 47 26 102 104 3 95 30 41 88 6 13 105 60 67 1 38 43 53 50 72 73 76 34 4 89 40 48 62 87 61 96 63 86 21 18 97 65 
0 19 31 77 5 23 79 55 107 24 29 27 54 92 46 17 8 9 75 85 7 35 11 59 22 20 25 42 37 45 44 70 93 32 90 81 83 109 94 68 51 2 69 82 36 78 14 57 80 66 52 106 33 84 100 39 101 74 10 99 103 64 108 98 15 91 16 12 28 71 49 56 58 47 26 102 104 3 95 30 41 88 6 13 105 60 67 1 38 43 53 50 72 73 76 34 4 89 40 48 62 87 61 96 63 86 21 18 97 65 
0 19 31 77 90 23 79 55 107 24 29 27 54 92 46 17 8 9 75 85 7 35 12 28 71 49 56 58 47 99 26 102 104 3 11 59 22 20 25 42 37 45 44 70 93 32 5 81 83 109 94 68 51 2 69 82 36 78 14 57 80 66 52 106 33 84 100 39 101 74 10 103 64 108 98 15 91 16 95 30 41 88 6 13 105 60 67 1 38 43 53 50 72 73 76 34 4 89 40 48 62 87 61 96 63 86 21 18 97 65 
0 19 31 77 90 23 79 55 107 24 29 27 54 92 46 17 26 102 104 3 95 30 41 88 6 13 105 60 67 1 38 43 53 50 72 73 76 34 4 89 40 48 69 82 36 78 14 57 80 66 52 106 33 84 100 39 101 74 10 99 103 64 108 98 15 91 16 12 28 71 49 56 58 47 8 9 75 85 7 35 11 59 22 20 25 42 37 45 44 70 93 32 5 81 83 109 94 68 51 2 62 87 61 96 63 86 21 18 97 65 
0 19 31 77 90 23 79 55 107 24 29 27 54 92 46 17 8 9 75 85 14 35 11 59 22 20 25 42 37 45 44 70 93 32 5 81 83 109 94 68 51 2 69 82 36 78 7 80 66 52 106 33 84 100 39 101 74 10 99 103 64 108 98 15 91 16 12 28 71 49 56 58 47 26 102 104 3 95 30 41 88 6 13 105 60 67 1 57 38 43 53 50 72 73 76 34 4 89 40 48 62 87 61 96 63 86 21 18 97 65 
0 19 31 77 90 23 79 55 107 24 29 27 54 92 46 17 8 9 75 85 7 35 11 59 22 20 25 42 37 95 30 41 88 6 13 105 60 67 1 38 43 53 70 93 32 5 81 83 109 94 68 51 2 69 82 36 78 14 57 80 66 52 106 33 84 100 39 101 74 10 99 103 64 40 89 4 34 76 73 72 50 44 45 108 98 15 91 16 12 28 71 49 56 58 47 26 102 104 3 48 62 87 61 96 63 86 21 18 97 65 
0 19 31 77 90 23 79 55 107 24 29 27 54 92 46 17 8 9 75 85 7 35 11 59 22 20 25 42 37 95 30 41 88 6 13 105 60 67 1 38 43 53 70 93 32 5 81 83 109 94 68 51 2 69 82 36 78 14 57 80 66 52 106 33 84 100 39 101 74 10 99 103 64 40 89 4 34 76 73 72 50 44 45 108 98 15 91 16 12 28 71 49 56 58 47 26 102 104 3 48 62 87 61 96 63 86 21 18 97 65 
0 19 31 77 90 23 101 74 10 99 103 64 108 98 15 91 16 12 28 71 49 56 58 47 26 102 104 3 95 30 41 88 6 13 105 60 67 1 38 43 53 50 72 73 76 34 4 89 40 48 62 87 61 96 63 86 79 55 107 24 29 27 54 92 46 17 8 9 75 85 7 35 11 59 22 20 25 42 37 45 44 70 93 32 5 81 83 109 94 68 51 2 69 82 36 78 14 57 80 66 52 106 33 84 100 39 21 18 97 65 
0 19 31 77 90 23 79 55 107 24 29 27 54 92 46 17 8 9 75 85 7 35 11 59 22 20 25 42 37 45 44 70 93 32 5 81 83 109 94 62 51 2 69 82 36 78 14 57 80 66 52 106 33 84 100 39 101 74 10 99 103 64 108 98 15 91 16 12 28 71 49 56 58 47 26 102 104 3 95 30 41 88 6 13 105 60 67 1 38 43 97 18 21 86 63 96 61 87 68 48 40 89 4 34 76 73 72 50 53 65 
0 19 31 77 90 23 79 55 107 24 29 27 54 92 46 17 8 9 75 85 7 35 11 59 22 20 25 42 37 45 44 70 93 30 5 81 83 109 94 68 51 2 69 82 36 78 14 57 80 66 52 106 33 84 100 39 101 74 10 99 103 64 108 98 15 91 16 12 28 71 49 56 58 47 26 102 104 3 95 32 41 88 6 13 105 60 67 1 38 43 53 50 72 73 76 34 4 89 40 48 62 87 61 96 63 86 21 18 97 65 
0 19 31 77 90 23 79 55 107 24 29 27 54 92 46 17 8 9 75 85 7 35 11 59 22 20 25 42 37 45 44 70 93 32 5 81 83 56 15 91 16 12 28 71 49 58 47 26 102 104 3 95 30 41 88 6 13 105 60 67 1 38 43 53 50 72 73 76 34 4 89 40 48 62 87 61 96 63 86 103 64 108 98 109 94 68 51 2 69 82 36 78 14 57 80 66 52 106 33 84 100 39 101 74 10 99 21 18 97 65 
0 19 31 77 90 23 79 55 107 24 29 27 54 92 46 17 8 9 75 85 7 35 11 59 22 20 25 42 37 45 44 70 93 32 5 81 83 109 94 68 51 2 69 82 36 78 14 57 80 66 52 106 33 84 100 39 101 74 10 99 103 64 108 98 15 91 16 12 28 71 49 56 58 47 18 102 104 3 95 30 41 88 6 13 105 60 67 1 38 43 53 50 72 73 76 34 4 89 40 48 62 87 61 96 63 86 21 26 97 65 
0 19 31 77 90 23 79 55 107 24 29 27 54 92 46 17 8 9 75 85 7 35 11 59 22 20 53 63 38 1 67 60 105 13 6 88 41 30 95 3 104 102 26 47 58 56 49 71 28 12 16 91 15 98 108 64 103 99 10 74 101 39 100 84 33 106 52 66 80 57 14 78 36 82 69 2 51 68 94 109 83 81 5 32 93 70 44 45 37 42 25 50 72 73 76 34 4 89 40 48 62 87 61 96 43 86 21 18 97 65 
0 19 31 77 90 23 79 55 107 24 29 27 54 92 46 17 8 9 75 85 7 35 11 59 22 20 25 42 37 45 44 70 93 32 5 81 83 109 94 68 51 2 69 82 36 78 14 57 80 66 52 106 33 84 100 39 101 74 10 99 97 64 108 98 15 91 16 12 28 71 49 56 58 47 26 102 104 3 95 30 41 88 6 13 105 60 67 1 38 43 53 50 72 73 76 34 4 89 40 48 62 87 61 96 63 86 21 18 103 65 
0 100 39 101 74 10 99 103 64 108 98 15 91 16 12 28 71 49 56 58 47 26 102 104 3 95 30 41 88 6 13 105 60 67 1 38 43 53 50 72 73 76 34 4 89 40 48 62 87 61 96 106 33 84 19 31 77 90 23 79 55 107 24 29 27 54 92 46 17 8 9 75 85 7 11 59 22 20 25 35 42 37 45 44 70 93 32 5 81 83 109 94 68 51 2 69 82 36 78 14 57 80 66 52 63 86 21 18 97 65 
0 19 24 107 55 79 23 90 77 31 29 27 54 92 46 17 8 9 75 85 7 35 11 59 98 15 91 16 12 28 71 49 56 58 47 26 102 104 3 95 30 41 88 6 13 105 60 67 1 38 43 53 50 72 73 76 34 4 89 40 48 62 108 22 20 25 42 37 45 44 70 93 32 5 81 83 109 94 68 51 2 69 82 36 78 14 57 80 66 52 106 33 84 100 39 101 74 10 99 103 64 87 61 96 63 86 21 18 97 65 
0 19 31 77 90 23 29 55 107 24 79 27 54 92 104 102 26 47 58 56 49 71 28 12 16 91 15 98 108 64 103 99 46 17 8 9 75 85 7 35 11 59 22 20 25 42 37 45 44 70 93 32 5 81 83 109 94 68 51 2 69 82 36 78 14 57 80 66 52 106 33 84 100 39 101 74 10 3 95 30 41 88 6 13 105 60 67 1 38 43 53 50 72 73 76 34 4 89 40 48 62 87 61 96 63 86 21 18 97 65 
0 19 31 77 90 23 79 55 107 24 29 27 54 92 46 17 8 9 75 85 7 35 11 59 22 20 25 42 37 45 44 70 93 32 5 81 83 109 94 68 51 2 69 82 36 78 14 57 97 65 61 106 33 84 100 39 101 74 10 99 103 64 108 98 15 91 16 12 28 71 49 56 58 47 26 102 104 3 95 30 41 88 6 13 105 60 67 1 38 43 53 50 72 73 76 34 4 89 40 48 62 87 96 63 86 21 18 80 66 52 
0 19 31 77 90 23 79 55 107 24 29 27 54 37 42 25 20 92 46 17 8 9 75 85 7 35 11 59 22 45 44 70 93 32 5 81 83 109 94 68 51 2 69 82 36 78 14 57 80 66 52 106 33 84 100 39 101 74 10 99 103 64 108 98 15 91 16 12 28 71 49 56 58 47 26 34 4 89 40 102 48 62 87 61 96 63 1 38 43 53 50 72 73 76 104 3 95 30 41 88 6 13 105 60 67 86 21 18 97 65 
0 19 31 77 90 23 79 55 107 24 62 87 61 96 46 17 8 9 75 85 7 35 11 59 22 20 25 42 37 45 44 70 93 32 5 81 83 109 94 68 51 2 69 82 36 78 14 57 80 66 52 106 33 84 100 39 101 74 10 99 103 64 108 98 15 91 16 12 28 71 49 56 58 47 26 102 104 3 95 30 41 88 6 13 105 60 67 1 38 43 53 50 72 73 76 34 4 89 40 48 29 27 54 92 63 86 21 18 97 65 
0 19 31 77 90 23 79 55 107 24 29 27 54 92 46 17 8 9 75 85 28 71 49 56 58 47 26 102 104 3 95 30 41 88 6 13 105 60 67 1 38 43 53 50 72 73 76 34 4 89 40 48 62 87 61 96 63 74 10 99 103 64 108 98 15 91 16 12 7 35 11 59 22 20 25 42 37 45 44 70 93 32 5 81 83 109 94 68 51 2 69 82 36 78 14 57 80 66 52 106 33 84 100 39 101 86 21 18 97 65 
0 19 54 31 77 90 23 79 55 107 24 29 27 92 46 17 8 9 75 85 7 35 11 59 22 25 42 37 45 44 70 93 32 98 81 83 109 94 68 51 2 69 82 36 78 14 57 80 66 52 106 33 84 100 39 101 74 10 99 103 64 108 5 15 91 16 12 28 71 49 56 58 47 26 102 104 3 95 30 41 88 6 13 105 60 67 1 38 43 53 50 72 73 76 34 4 89 40 48 62 87 61 96 63 86 21 18 97 20 65 
0 19 31 77 90 23 79 55 107 24 29 27 54 92 46 17 8 9 75 85 7 35 11 59 22 20 25 42 37 45 44 70 93 32 5 81 83 109 56 68 51 2 69 82 36 78 14 57 80 66 52 106 33 84 100 39 101 74 10 99 103 64 108 98 15 91 16 3 28 71 49 94 58 47 26 102 104 12 95 76 73 72 50 53 43 38 1 67 60 105 13 6 88 41 30 34 4 89 40 48 62 87 61 96 63 86 21 18 97 65 
0 19 31 77 90 23 79 55 107 24 29 27 92 46 17 8 9 75 85 7 35 11 59 22 20 15 98 108 64 103 99 10 74 101 39 100 84 33 106 52 66 80 57 14 78 36 82 69 2 51 68 94 109 83 81 5 32 93 70 44 45 37 42 25 91 16 12 28 71 49 56 58 47 26 102 104 3 95 30 41 54 88 6 13 105 60 67 1 38 43 53 50 72 73 76 34 4 89 40 48 62 87 61 96 63 86 21 18 97 65 
0 19 31 77 90 23 79 55 107 24 34 27 54 92 46 17 8 9 75 85 7 35 11 59 22 20 25 42 37 45 44 70 93 32 5 81 83 109 94 68 51 2 69 82 36 78 14 57 80 66 52 106 33 84 100 39 101 74 10 99 103 64 108 98 15 91 16 12 28 71 49 56 58 47 26 102 104 3 95 41 88 6 13 105 30 60 67 1 38 43 53 50 72 73 76 29 4 89 40 48 62 87 61 96 63 86 21 18 97 65 
0 19 31 77 90 23 79 55 107 24 29 27 54 92 46 17 8 9 95 30 41 88 6 13 105 60 67 1 38 75 85 7 35 11 59 22 20 25 42 37 45 44 70 93 32 5 81 83 109 94 68 51 2 69 82 36 87 14 57 80 66 52 106 33 84 100 39 101 74 10 99 103 64 108 98 78 15 91 16 12 28 71 49 56 58 47 26 102 104 3 43 53 50 72 73 76 34 4 89 40 48 62 61 96 63 86 21 18 97 65 
0 19 31 77 90 23 79 55 107 24 29 27 54 92 46 17 8 9 75 85 7 35 11 59 22 20 25 42 37 45 44 70 93 99 5 81 83 109 94 68 51 2 69 82 36 78 14 57 80 66 52 106 33 84 100 39 101 74 10 32 103 64 108 98 15 91 16 12 28 71 49 56 58 47 26 65 97 18 21 86 63 96 61 87 62 48 40 89 4 34 76 102 104 3 95 30 41 88 6 13 105 60 67 1 38 43 53 50 72 73 
0 19 31 77 90 23 79 55 107 24 29 27 54 92 78 14 46 57 17 8 9 75 85 7 35 11 59 22 20 25 42 37 45 44 70 93 32 5 81 83 109 94 68 51 2 69 82 36 80 66 52 106 33 84 100 39 101 74 10 99 103 64 108 98 15 91 16 12 28 71 49 56 58 47 26 102 104 3 95 30 41 88 6 13 105 60 67 1 38 43 53 50 72 73 76 34 4 89 40 48 62 87 61 96 63 86 21 18 97 65 
0 19 31 77 90 23 79 55 107 24 29 27 54 92 46 17 8 9 75 85 7 35 11 22 20 25 42 37 45 44 70 93 32 5 81 83 109 94 68 51 2 69 82 36 78 14 57 59 80 66 52 106 33 84 100 6 101 74 10 99 103 64 108 98 15 91 16 12 28 71 49 56 58 47 26 102 104 3 95 30 41 88 39 13 105 60 67 1 38 43 53 50 72 73 76 34 4 89 40 48 62 87 61 96 63 86 21 18 97 65 
0 19 31 77 90 23 79 55 107 24 29 27 54 92 99 17 8 9 75 85 7 35 11 59 22 20 25 42 37 45 44 70 93 32 5 81 83 109 94 68 51 2 69 82 36 78 14 57 80 66 52 106 33 84 100 39 101 74 10 46 103 64 108 98 15 91 16 12 28 71 49 56 58 47 26 102 104 3 95 30 6 88 41 13 105 60 67 1 38 43 53 50 72 73 76 34 4 89 40 48 62 87 61 96 63 86 21 18 97 65 
0 19 31 77 90 23 79 55 107 24 29 27 54 92 46 17 8 9 75 85 7 35 11 59 22 20 25 42 37 45 44 70 93 32 12 28 71 49 56 58 47 99 26 102 104 3 95 30 41 88 6 13 105 60 67 38 43 53 50 72 73 76 34 4 89 40 48 1 62 87 10 103 64 108 98 15 91 16 5 81 83 109 94 68 51 2 69 82 36 78 14 57 80 66 52 106 33 84 100 39 101 74 61 96 63 86 21 18 97 65 
0 19 31 72 90 23 79 55 107 24 29 27 54 92 46 17 8 9 75 85 7 35 11 59 22 20 25 42 37 45 44 70 93 32 5 81 83 109 94 68 51 2 69 82 36 78 14 57 80 66 52 106 33 84 100 39 101 74 10 99 103 64 108 98 15 91 16 12 28 71 49 56 58 47 26 102 104 3 95 30 41 88 6 13 105 60 67 1 38 43 53 50 77 73 76 34 4 89 40 48 62 87 61 96 63 86 21 18 97 65 
0 19 31 77 90 23 79 1 55 107 24 29 27 54 92 46 17 8 9 75 85 7 35 11 59 22 20 25 42 37 45 44 70 93 32 5 81 83 109 94 68 51 2 69 82 36 78 14 57 80 66 52 106 21 86 63 96 61 87 62 48 40 89 4 34 76 73 72 50 53 43 38 67 60 105 13 6 88 41 30 95 3 104 102 26 47 58 56 49 71 28 12 16 91 15 98 108 64 103 99 10 74 101 39 100 84 33 18 97 65 
0 19 31 77 90 23 79 55 39 100 84 33 106 52 66 80 57 14 78 36 82 69 2 51 68 94 109 83 81 5 32 93 70 44 45 37 42 25 20 22 59 11 35 7 85 75 9 8 17 46 92 54 27 29 24 107 101 74 10 99 103 64 108 98 15 91 16 12 28 71 49 56 58 47 26 102 104 3 95 30 41 88 6 13 105 60 67 1 38 63 53 50 72 73 76 34 4 89 40 48 62 87 61 96 43 86 21 18 97 65 
0 19 31 77 90 23 79 55 106 24 29 27 54 92 46 17 8 9 75 85 7 35 11 59 22 20 25 42 37 45 44 70 93 32 5 81 83 109 94 68 51 2 69 82 36 78 14 57 80 66 52 107 33 84 100 39 101 74 10 99 103 64 108 98 15 91 16 12 28 71 49 56 58 47 26 102 104 3 95 30 41 88 6 13 105 60 67 1 38 43 53 50 72 73 76 34 4 89 40 48 62 87 61 96 63 86 21 18 97 65 
0 19 31 77 90 23 79 55 107 24 29 27 54 92 46 17 8 56 75 85 7 35 11 59 22 20 25 42 37 45 44 70 93 32 5 81 83 109 94 68 51 2 69 82 36 78 14 57 80 66 52 106 33 84 100 39 101 74 10 99 103 64 108 98 15 91 16 12 28 71 49 9 58 47 26 102 104 3 95 30 41 88 6 13 105 60 67 1 38 43 53 50 72 73 76 34 4 89 40 48 62 87 61 96 63 86 21 18 97 65 
0 101 74 10 99 103 64 108 98 15 91 16 12 28 71 49 56 58 47 26 102 104 3 95 30 41 88 6 13 105 60 67 1 38 43 53 50 72 73 76 34 4 89 40 48 62 87 61 96 63 86 21 18 97 65 39 19 31 77 90 23 79 55 107 24 29 27 54 92 46 17 8 9 75 85 7 35 11 59 22 20 25 42 37 45 44 70 93 32 5 81 83 109 94 68 51 2 69 82 36 78 14 57 80 66 52 106 33 84 100 
0 19 101 74 10 99 103 64 108 98 15 91 16 12 28 71 49 56 58 47 26 102 104 3 95 30 41 88 6 13 105 60 67 97 18 21 86 63 96 61 87 62 48 40 89 4 34 76 73 72 50 53 43 38 1 65 31 77 90 23 79 55 107 24 29 27 54 92 46 17 8 9 75 85 7 35 11 59 22 20 25 42 37 45 44 70 93 32 5 81 83 109 94 68 51 2 69 82 36 78 14 57 80 66 52 106 33 84 100 39 
0 19 31 77 90 23 79 55 107 24 29 27 54 92 46 17 8 9 75 85 7 35 11 59 22 20 25 42 30 45 44 70 93 32 5 81 83 109 94 68 51 2 69 82 36 78 14 57 80 66 52 106 33 84 100 39 101 74 10 99 103 64 108 98 15 91 16 12 28 71 49 56 58 47 26 102 104 3 95 105 13 6 88 41 37 60 1 38 43 53 50 72 73 76 34 4 89 40 48 62 67 87 61 96 63 86 21 18 97 65 
0 19 10 99 103 64 108 98 15 91 16 12 28 71 49 56 58 47 26 102 104 3 95 30 41 88 6 13 105 60 67 1 38 43 53 50 72 73 76 34 4 89 40 48 62 87 61 96 63 86 21 18 97 65 39 101 74 109 31 77 90 23 79 55 107 24 29 27 54 92 46 17 8 9 75 85 7 35 11 59 22 20 25 42 37 45 44 70 93 32 5 81 83 94 68 51 2 69 82 36 78 14 57 80 66 52 106 33 84 100 
0 19 31 77 90 23 10 99 103 64 108 98 15 91 16 12 28 71 49 56 58 47 26 102 104 3 95 30 41 88 6 13 105 79 55 107 24 29 27 54 92 46 17 8 9 75 85 7 100 84 33 106 52 66 80 57 14 78 36 82 69 2 51 68 94 109 83 81 5 32 93 70 44 45 37 35 11 59 22 20 25 42 39 101 74 60 67 1 38 43 53 50 72 73 76 34 4 89 40 48 62 87 61 96 63 86 21 18 97 65 
0 19 31 77 90 23 79 55 107 24 29 27 54 92 46 17 8 78 14 57 80 66 52 106 33 84 103 39 44 74 10 99 100 64 108 98 15 91 16 12 28 94 68 51 2 69 82 36 9 75 85 7 35 11 59 22 20 25 42 37 45 101 70 93 32 5 81 83 109 71 49 56 58 47 26 102 104 3 95 30 41 88 6 13 105 60 67 1 38 43 53 50 72 73 76 34 4 89 40 48 62 87 61 96 63 86 21 18 97 65 
0 19 31 77 90 23 79 55 107 24 29 89 4 34 99 10 74 101 39 100 84 33 106 52 66 80 57 14 78 36 82 69 2 51 68 94 109 83 81 5 32 16 91 15 98 108 64 103 76 73 72 50 53 43 38 1 67 60 105 6 88 41 30 95 3 104 102 26 47 58 56 49 71 28 12 93 70 44 45 37 42 25 20 22 59 11 35 7 85 75 9 8 17 46 92 54 27 40 48 62 13 87 61 96 63 86 21 18 97 65 
0 19 31 77 90 23 79 99 103 64 108 98 15 91 16 12 28 68 71 49 56 58 47 26 102 104 3 95 30 41 88 6 13 105 60 67 1 38 43 53 50 72 73 76 34 4 89 40 48 62 87 61 96 100 39 101 74 10 55 107 24 29 27 54 92 46 17 8 9 75 85 7 35 11 59 22 20 25 42 37 45 44 70 93 32 5 81 83 109 94 51 2 69 82 36 78 14 57 80 66 52 106 33 84 63 86 21 18 97 65 
0 19 31 77 90 23 79 55 107 24 29 27 54 92 46 17 8 9 75 85 7 35 11 59 22 20 25 42 37 12 28 71 49 56 58 47 99 26 102 104 3 95 30 41 88 6 13 105 60 67 1 38 43 53 50 72 73 76 34 4 89 40 48 62 87 10 103 64 108 98 15 91 16 45 44 70 32 5 81 83 109 94 68 51 2 69 82 36 78 14 57 80 66 52 106 33 84 100 39 101 93 74 61 96 63 86 21 18 97 65 
0 19 31 77 90 23 79 55 88 41 30 95 3 104 102 26 47 58 56 49 9 71 28 12 16 91 15 98 108 64 103 99 10 74 101 39 100 84 33 106 52 66 80 57 14 78 36 82 69 2 51 68 94 109 83 81 5 32 93 70 44 45 37 42 25 20 22 59 11 35 7 85 107 24 29 27 54 92 46 17 8 75 6 13 105 60 67 1 38 43 53 50 72 73 76 34 4 89 40 48 62 87 61 96 63 86 21 18 97 65 
0 19 31 77 90 23 79 55 107 24 29 27 54 92 46 17 56 9 75 85 7 35 11 59 22 20 25 42 37 45 44 70 93 32 5 81 83 109 94 68 51 2 69 82 36 78 14 57 80 66 52 106 33 84 100 39 101 74 10 99 103 64 108 98 15 91 16 12 28 71 49 8 58 47 26 102 104 3 95 30 41 88 6 13 105 60 67 1 38 43 53 50 72 73 76 34 4 89 40 48 62 87 61 96 63 86 21 18 97 65 
0 19 31 77 90 23 79 55 107 24 29 27 54 92 46 17 8 102 75 85 7 35 11 59 22 20 25 42 37 45 44 70 93 32 5 81 83 109 94 68 51 2 69 82 36 78 14 57 80 66 52 106 33 84 100 39 101 74 10 99 103 64 108 98 15 91 16 12 28 71 49 56 58 47 26 9 104 3 95 30 41 88 6 13 105 60 67 1 38 43 53 50 72 73 76 34 4 89 40 48 62 87 61 96 63 86 21 18 97 65 
0 19 31 77 90 23 79 55 107 24 29 27 54 92 46 17 8 9 75 85 16 35 11 59 22 20 25 42 37 45 44 70 93 32 5 81 83 109 94 68 51 2 69 82 36 78 14 57 80 66 52 106 33 84 100 39 101 74 10 99 103 64 108 98 15 91 7 12 28 71 49 56 58 47 26 102 104 3 95 30 41 88 6 13 105 60 67 1 38 43 53 50 72 73 76 34 4 89 40 48 62 87 61 96 63 86 21 97 65 18 
0 19 31 77 90 23 79 71 107 24 29 27 54 92 46 17 8 9 75 85 7 35 11 59 22 20 25 42 37 45 44 70 93 32 5 81 83 109 94 68 51 2 69 82 36 78 14 57 80 66 52 106 33 84 100 39 101 74 10 99 103 64 108 98 15 91 16 12 28 55 49 56 58 47 26 102 104 3 95 30 41 88 6 13 105 60 67 1 38 43 53 50 72 73 76 34 4 89 40 48 62 87 61 96 63 86 21 18 97 65 
0 19 31 77 90 23 79 55 107 24 29 27 54 92 46 49 8 9 75 85 7 35 11 59 22 20 25 42 37 45 44 70 93 32 5 81 83 109 94 68 51 2 69 82 36 78 14 57 80 66 52 106 33 84 100 39 101 74 10 99 103 64 108 98 15 91 16 12 28 71 17 56 58 47 26 102 104 3 95 30 41 88 6 13 105 60 67 1 38 43 53 50 72 73 76 34 4 89 40 48 62 87 61 96 63 86 21 18 97 65 
0 19 31 77 90 23 79 55 107 24 29 27 54 92 46 49 8 9 75 85 7 35 11 59 22 20 25 42 37 45 44 70 93 32 5 81 83 109 94 68 51 2 69 82 36 78 14 57 80 66 52 106 33 84 100 39 101 74 10 99 103 64 108 98 15 91 16 12 28 71 17 56 58 47 26 102 104 3 95 30 41 88 6 13 105 60 67 1 38 43 53 50 72 73 76 34 4 89 40 48 62 87 61 96 63 86 21 18 97 65 
0 19 31 77 90 23 79 55 107 24 29 27 54 92 46 17 8 9 75 85 7 35 11 59 22 20 25 42 37 62 44 70 93 32 5 81 83 109 94 68 51 2 69 82 36 78 14 57 80 66 52 106 33 84 100 39 101 74 10 99 103 64 108 98 15 91 16 12 28 71 49 56 58 47 26 102 104 3 95 97 41 88 6 13 105 60 67 1 38 43 53 50 72 73 76 34 4 89 45 40 48 87 61 96 63 86 21 18 30 65 
0 19 31 77 90 23 79 55 107 24 29 27 54 92 84 100 39 101 74 10 99 103 64 108 53 15 91 16 12 28 71 49 56 58 87 62 48 40 89 4 34 76 73 72 50 98 43 38 1 67 60 105 47 46 17 8 9 75 85 7 35 11 59 22 20 25 42 37 45 44 70 93 32 5 81 83 109 94 68 51 2 69 82 36 78 14 57 80 66 52 106 33 26 102 104 3 95 30 41 88 6 13 61 96 63 86 21 18 97 65 
0 19 31 77 90 23 41 55 107 24 29 27 54 92 46 17 8 9 75 85 7 35 11 59 22 20 25 42 37 45 44 70 93 32 5 81 83 109 94 68 51 2 69 82 36 78 14 57 80 66 52 106 33 84 100 39 101 74 10 99 103 64 108 98 15 91 16 12 28 71 49 56 58 47 26 102 104 3 95 30 79 88 6 13 105 60 67 1 38 43 53 50 72 73 76 34 4 89 40 48 62 87 61 96 63 86 21 18 97 65 
0 19 69 77 90 23 79 55 107 24 27 54 92 46 17 8 9 75 85 7 35 11 59 22 20 25 42 37 45 44 70 93 32 5 81 83 109 94 68 51 2 31 82 36 78 14 57 80 66 52 106 33 84 100 39 101 74 10 99 103 64 108 98 15 91 16 12 28 71 49 56 58 47 26 102 104 3 95 30 41 88 6 13 105 60 67 1 38 43 53 50 72 73 76 29 34 4 89 40 48 62 87 61 96 63 86 21 18 97 65 
0 19 31 77 90 23 79 55 107 24 29 27 54 92 46 17 8 9 75 85 7 35 12 28 71 49 56 58 47 11 59 22 20 25 42 37 45 44 70 93 32 5 81 83 109 94 68 51 2 69 82 36 78 57 80 66 52 106 33 84 100 39 101 74 10 99 103 64 108 98 15 91 16 63 86 21 18 95 30 41 88 6 13 105 60 14 67 1 38 43 53 50 72 73 76 34 4 89 40 48 62 87 61 96 26 102 104 3 97 65 
0 19 31 77 90 23 79 55 107 24 29 27 54 106 46 17 8 9 75 85 7 35 59 22 20 25 42 11 37 45 44 70 93 32 5 81 83 109 94 68 51 2 69 82 36 78 14 57 80 66 52 38 33 84 100 39 101 74 10 99 103 64 108 98 15 91 16 12 28 71 49 56 47 26 102 104 3 95 30 58 41 88 6 13 105 60 67 1 92 43 53 50 72 73 76 34 4 89 40 48 62 87 61 96 63 86 21 18 97 65 
0 19 31 77 90 23 79 55 107 24 29 27 54 92 46 17 8 9 75 91 16 12 28 71 49 56 58 47 26 102 104 3 95 30 41 88 6 13 105 60 67 1 38 43 53 50 72 73 76 34 4 89 40 48 45 87 61 96 63 86 21 18 97 98 15 85 7 35 11 59 22 20 25 42 37 62 44 70 93 32 5 81 83 109 94 68 51 2 69 82 36 78 14 57 80 66 52 106 33 84 100 39 101 74 10 99 103 64 108 65 
0 19 31 77 60 23 79 55 107 24 29 27 54 92 46 17 8 9 75 85 7 35 11 59 22 20 25 42 37 45 44 70 93 32 5 81 83 109 94 68 51 2 69 82 36 78 14 57 80 66 52 106 33 84 100 39 101 74 10 99 103 64 108 98 15 91 16 12 28 71 49 56 58 47 26 102 104 3 95 30 41 88 6 13 105 90 67 1 38 43 53 50 72 73 76 34 4 89 40 48 62 87 61 96 63 86 21 18 97 65 
0 19 31 77 90 23 79 55 107 24 29 27 54 92 46 17 8 9 75 85 7 35 11 59 22 20 25 28 37 45 44 70 93 32 5 81 83 109 94 68 51 2 69 82 36 78 14 57 80 66 52 106 33 84 100 39 101 74 13 105 60 67 1 38 43 53 50 72 73 76 34 4 89 40 48 62 87 61 96 63 86 21 18 10 99 56 49 71 42 12 16 91 15 98 108 64 103 58 47 26 102 104 3 95 30 41 88 6 97 65 
0 19 31 77 90 23 79 107 24 29 27 54 92 46 17 8 9 75 85 7 35 11 57 22 20 25 42 37 45 44 70 93 32 5 81 83 109 94 68 51 2 69 82 36 78 14 59 80 66 52 106 33 84 100 39 105 13 6 88 41 30 95 3 104 102 26 47 58 56 49 71 28 12 16 91 15 98 108 64 103 99 10 74 101 60 67 1 38 43 53 50 72 55 73 76 34 4 89 40 48 62 87 61 96 63 86 21 18 97 65 
0 19 31 77 90 23 79 55 107 24 29 27 64 108 98 15 91 16 12 28 71 49 56 66 47 26 102 104 3 95 30 41 88 6 13 105 60 67 1 38 43 53 50 72 73 76 34 4 89 40 48 62 87 61 96 63 21 18 97 65 54 92 86 46 17 8 9 75 85 35 11 59 22 20 25 42 37 7 45 44 70 93 32 5 81 83 109 94 68 51 2 69 82 36 78 14 57 80 58 52 106 33 84 100 39 101 74 10 99 103 
0 19 31 77 90 23 79 107 24 29 27 54 92 46 17 48 40 89 4 34 76 73 72 50 53 43 38 1 67 60 13 6 88 41 30 95 3 104 102 26 47 58 56 49 71 28 12 16 91 15 98 108 64 103 99 10 74 101 39 100 84 33 106 52 66 80 57 14 78 36 42 82 69 2 51 68 94 109 83 81 5 32 93 70 44 45 37 105 25 20 22 59 11 35 7 85 75 9 8 62 87 61 96 55 63 86 21 18 97 65 
0 19 31 77 90 23 79 55 107 89 29 27 54 92 46 17 8 9 75 85 62 35 11 59 22 20 25 42 37 45 44 70 93 32 5 81 83 109 94 68 51 2 69 82 36 78 14 57 80 66 52 106 33 84 100 39 101 74 10 99 103 64 108 98 15 91 16 12 28 71 49 56 58 47 26 102 104 3 95 30 41 88 6 13 105 60 67 1 38 43 53 50 72 73 76 34 4 24 40 48 7 87 61 96 63 86 21 18 97 65 
0 19 31 77 90 23 87 55 107 24 29 27 54 92 46 8 9 75 85 7 35 11 59 98 20 25 42 37 45 44 70 17 22 93 32 5 81 83 109 94 68 51 2 69 82 36 78 14 57 80 66 52 106 33 84 100 39 101 74 10 99 103 64 108 15 91 16 12 28 71 49 56 58 47 26 102 104 3 95 30 41 88 6 13 105 60 67 1 38 43 53 50 72 73 76 34 4 89 40 48 62 79 61 96 63 86 21 18 97 65 
0 19 31 77 90 23 79 55 107 24 29 27 54 92 46 17 28 9 75 85 7 35 11 59 22 20 25 42 37 45 44 70 93 32 5 81 83 109 94 68 51 2 69 82 36 78 14 104 3 95 30 41 88 6 13 105 60 67 1 38 43 53 50 72 66 80 57 102 26 47 58 62 48 40 89 4 34 76 73 52 106 33 84 100 39 101 74 10 99 103 64 108 98 15 91 16 12 8 71 49 56 87 61 96 63 86 21 18 97 65 
0 19 31 77 90 23 79 55 107 24 29 27 54 92 46 17 8 9 75 56 7 35 11 59 20 25 42 37 45 44 70 93 32 5 81 83 109 94 68 51 2 69 82 36 78 14 57 80 66 52 106 33 84 100 39 101 74 10 99 103 64 108 98 15 91 16 12 28 71 104 102 49 85 58 47 22 26 3 95 30 41 88 6 13 105 60 67 1 38 43 53 50 72 73 76 34 4 89 40 48 62 87 61 96 63 86 21 18 97 65 
0 19 31 77 90 23 79 55 107 24 29 27 54 92 46 17 8 9 75 85 7 35 12 28 71 49 56 58 47 99 26 102 104 3 95 30 41 88 6 13 105 60 67 1 38 43 53 50 72 73 76 59 11 16 91 15 98 108 64 103 10 87 62 48 40 89 4 34 22 20 25 42 37 45 44 70 93 5 81 83 109 94 68 51 2 69 82 36 78 14 57 80 66 52 106 33 84 100 39 101 74 61 32 96 63 86 21 18 97 65 
0 19 31 77 90 23 79 71 107 24 29 27 54 92 46 17 8 75 85 7 35 11 59 22 20 25 42 37 45 44 70 93 32 5 81 83 109 94 68 51 2 69 82 36 78 14 57 80 66 52 106 33 84 100 39 101 74 10 99 103 64 108 98 15 91 16 12 28 55 49 56 58 47 26 102 104 3 95 30 41 88 6 13 105 60 67 1 38 43 9 53 50 72 73 76 34 4 89 40 48 62 87 61 96 63 86 21 18 97 65 
0 103 64 108 98 15 91 16 12 28 71 49 56 58 47 26 102 104 3 95 30 41 88 6 13 105 60 67 1 38 43 53 50 72 73 76 34 4 89 40 48 62 87 61 96 63 86 21 18 97 52 106 33 84 100 39 101 74 10 99 19 31 77 90 23 79 55 107 24 29 27 54 94 46 17 8 9 75 85 7 35 11 59 22 20 25 42 37 45 44 70 93 32 5 81 83 109 92 68 51 2 69 82 36 78 14 57 80 66 65 
0 19 31 77 90 23 79 55 107 24 29 96 61 87 62 48 40 89 4 34 76 73 72 50 53 43 38 1 67 60 105 13 6 88 41 30 95 3 104 102 26 47 58 56 49 9 71 28 12 16 91 15 98 108 64 103 99 10 74 101 39 100 84 18 106 52 66 80 57 14 78 36 82 69 2 51 68 94 109 83 81 5 32 93 70 44 45 37 42 25 20 22 59 11 35 7 85 75 8 17 46 92 54 27 63 86 21 33 97 65 
0 19 80 66 52 106 33 39 100 84 101 74 10 99 103 64 108 98 15 91 16 12 28 71 49 56 58 47 26 102 104 3 95 30 41 88 6 13 94 68 51 2 69 82 36 78 14 57 31 75 90 23 79 55 107 24 29 27 54 92 46 17 8 9 77 85 7 35 11 59 22 20 25 42 45 44 70 93 32 5 81 83 109 105 60 67 1 38 37 43 53 50 72 73 76 34 4 89 40 48 62 87 96 61 63 86 21 18 97 65 
0 19 31 77 90 23 79 6 107 24 29 27 54 92 46 17 8 9 75 85 7 35 11 59 22 20 25 42 37 45 44 70 86 63 96 61 87 62 48 40 89 4 34 76 73 72 50 53 43 38 1 67 60 105 13 55 88 41 30 95 3 104 102 26 47 58 56 49 71 28 12 16 91 15 98 108 64 103 99 10 74 101 39 100 84 33 106 52 66 80 57 14 78 36 82 69 2 51 68 94 109 83 81 5 32 93 21 18 97 65 
0 19 31 77 3 23 79 55 107 24 29 27 54 92 46 17 8 9 75 85 7 100 84 33 106 52 66 80 57 14 78 36 82 69 2 51 68 94 109 83 81 5 32 93 70 44 45 37 35 11 59 22 20 25 42 39 101 74 10 99 103 64 108 98 15 91 16 12 28 71 49 56 58 47 26 102 104 90 95 30 41 88 6 13 105 60 67 1 38 43 53 50 72 73 76 34 4 89 40 48 62 87 61 96 63 86 21 18 97 65 
0 98 15 91 16 12 28 71 49 56 58 47 26 102 104 3 95 30 41 88 6 13 105 60 67 1 38 43 53 14 78 36 82 10 99 103 64 108 19 31 77 90 23 79 55 107 24 29 27 54 92 46 17 8 9 75 85 7 100 84 33 106 52 66 80 57 50 72 73 76 34 4 89 40 48 62 87 61 96 63 86 109 18 97 65 35 11 59 22 20 25 42 37 45 44 70 93 32 5 81 83 21 94 68 51 2 69 39 101 74 
0 19 31 77 90 91 79 55 107 24 29 27 54 92 78 14 57 80 66 52 106 33 84 103 39 101 74 10 99 100 64 108 98 15 23 16 12 28 94 68 51 2 69 82 36 46 17 8 9 75 85 7 35 5 32 93 70 44 45 37 42 25 20 22 59 11 81 83 109 71 49 56 58 47 26 102 104 3 95 30 41 88 6 13 105 60 67 1 38 43 53 50 72 73 76 34 4 89 40 48 62 87 61 96 63 86 21 18 97 65 
0 19 31 77 9 8 17 46 92 54 27 29 24 107 55 30 95 3 104 102 26 47 58 56 49 71 28 12 16 91 15 98 108 64 103 99 10 74 2 101 39 100 84 33 106 52 66 80 57 14 78 36 82 69 51 68 94 109 83 81 5 32 93 70 44 45 87 62 48 40 89 4 34 76 65 72 50 53 43 38 1 67 60 105 13 6 88 41 79 23 90 75 85 7 35 11 59 22 20 25 42 37 61 96 63 86 21 18 97 73 
0 19 31 77 90 23 46 55 107 24 25 27 54 80 79 17 8 9 75 85 7 35 11 59 22 20 29 42 37 45 44 70 93 76 98 15 91 16 12 28 71 49 56 58 47 26 102 104 3 95 30 41 88 6 13 105 60 67 1 99 103 64 108 73 32 5 81 83 109 94 68 51 2 69 82 36 78 14 57 92 66 52 106 33 84 100 39 101 74 10 38 43 53 50 72 34 4 89 40 48 62 87 61 96 63 86 21 18 97 65 
0 101 74 10 99 103 64 108 98 15 91 16 12 28 71 49 56 58 47 26 102 104 3 95 30 41 88 6 13 105 60 67 1 38 43 53 50 72 73 76 34 4 89 40 48 62 87 61 96 63 86 21 18 97 65 39 19 31 77 90 23 79 55 107 24 29 27 54 92 46 17 8 9 75 85 66 80 57 14 78 35 82 69 2 51 68 94 109 83 81 5 32 93 70 44 45 37 25 20 22 59 11 36 7 52 106 42 33 84 100 
0 19 31 77 90 23 43 55 107 24 29 27 54 92 46 17 8 9 75 85 7 41 30 95 3 104 102 26 47 58 56 49 71 28 12 16 11 35 88 6 13 105 60 67 1 38 79 53 50 72 73 76 34 4 89 40 48 62 87 61 96 63 86 21 18 91 59 22 20 25 42 37 45 44 70 93 32 5 81 83 109 94 68 51 2 69 82 36 78 14 57 80 66 52 106 33 84 100 39 101 74 10 99 103 64 108 98 15 97 65 
