0 33 32 31 30 29 28 27 26 25 24 23 22 21 20 19 18 17 16 15 14 13 12 11 10 9 8 7 6 5 4 3 2 1 
0 33 32 31 30 29 28 27 26 25 24 23 22 21 20 19 18 17 16 15 14 13 12 11 10 9 8 7 6 5 4 3 2 1 
0 33 32 31 30 29 28 27 26 25 24 23 22 21 20 19 18 17 16 15 14 13 12 11 10 9 8 7 6 5 4 3 2 1 
0 33 32 31 30 29 28 27 26 25 24 23 22 21 20 19 18 17 16 15 14 13 12 11 10 9 8 7 6 5 4 3 2 1 
0 33 32 31 30 29 28 27 26 25 24 23 22 21 20 19 18 17 16 15 14 13 12 11 10 9 8 7 6 5 4 3 2 1 
0 33 32 31 30 29 28 27 26 25 24 23 22 21 20 19 18 17 16 15 14 13 12 11 10 9 8 7 6 5 4 3 2 1 
0 33 32 31 30 29 28 27 26 25 24 23 22 21 20 19 18 17 16 15 14 13 12 11 10 9 8 7 6 5 4 3 2 1 
0 33 32 31 30 29 28 27 26 25 24 23 22 21 20 19 18 17 16 15 14 13 12 11 10 9 8 7 6 5 4 3 2 1 
0 33 32 31 30 29 28 27 26 25 24 23 22 21 20 19 18 17 16 15 14 13 12 11 10 9 8 7 6 5 4 3 2 1 
0 33 32 31 30 29 28 27 26 25 24 23 22 21 20 19 18 17 16 15 14 13 12 11 10 9 8 7 6 5 4 3 2 1 
0 33 32 31 30 29 28 27 26 25 24 23 22 21 20 19 18 17 16 15 14 13 12 11 10 9 8 7 6 5 4 3 2 1 
0 33 32 31 30 29 28 27 26 25 24 23 22 21 20 19 18 17 16 15 14 13 12 11 10 9 8 7 6 5 4 3 2 1 
0 33 32 31 30 29 28 27 26 25 24 23 22 21 20 19 18 17 16 15 14 13 12 11 10 9 8 7 6 5 4 3 2 1 
0 33 32 31 30 29 28 27 26 25 24 23 22 21 20 19 18 17 16 15 14 13 12 11 10 9 8 7 6 5 4 3 2 1 
0 33 32 31 30 29 28 27 26 25 24 23 22 21 20 19 18 17 16 15 14 13 12 11 10 9 8 7 6 5 4 3 2 1 
0 33 32 31 30 29 28 27 26 25 24 23 22 21 20 19 18 17 16 15 14 13 12 11 10 9 8 7 6 5 4 3 2 1 
0 33 32 31 30 29 28 27 26 25 24 23 22 21 20 19 18 17 16 15 14 13 12 11 10 9 8 7 6 5 4 3 2 1 
0 33 32 31 30 29 28 27 26 25 24 23 22 21 20 19 18 17 16 15 14 13 12 11 10 9 8 7 6 5 4 3 2 1 
0 33 32 31 30 29 28 27 26 25 24 23 22 21 20 19 18 17 16 15 14 13 12 11 10 9 8 7 6 5 4 3 2 1 
0 33 32 31 30 29 28 27 26 25 24 23 22 21 20 19 18 17 16 15 14 13 12 11 10 9 8 7 6 5 4 3 2 1 
0 33 32 31 30 29 28 27 26 25 24 23 22 21 20 19 18 17 16 15 14 13 12 11 10 9 8 7 6 5 4 3 2 1 
0 33 32 31 30 29 28 27 26 25 24 23 22 21 20 19 18 17 16 15 14 13 12 11 10 9 8 7 6 5 4 3 2 1 
0 33 32 31 30 29 28 27 26 25 24 23 22 21 20 19 18 17 16 15 14 13 12 11 10 9 8 7 6 5 4 3 2 1 
0 33 32 31 30 29 28 27 26 25 24 23 22 21 20 19 18 17 16 15 14 13 12 11 10 9 8 7 6 5 4 3 2 1 
0 33 32 31 30 29 28 27 26 25 24 23 22 21 20 19 18 17 16 15 14 13 12 11 10 9 8 7 6 5 4 3 2 1 
0 33 32 31 30 29 28 27 26 25 24 23 22 21 20 19 18 17 16 15 14 13 12 11 10 9 8 7 6 5 4 3 2 1 
0 33 32 31 30 29 28 27 26 25 24 23 22 21 20 19 18 17 16 15 14 13 12 11 10 9 8 7 6 5 4 3 2 1 
0 33 32 31 30 29 28 27 26 25 24 23 22 21 20 19 18 17 16 15 14 13 12 11 10 9 8 7 6 5 4 3 2 1 
0 33 32 31 30 29 28 27 26 25 24 23 22 21 20 19 18 17 16 15 14 13 12 11 10 9 8 7 6 5 4 3 2 1 
0 33 32 31 30 29 28 27 26 25 24 23 22 21 20 19 18 17 16 15 14 13 12 11 10 9 8 7 6 5 4 3 2 1 
0 33 32 31 30 29 28 27 26 25 24 23 22 21 20 19 18 17 16 15 14 13 12 11 10 9 8 7 6 5 4 3 2 1 
0 33 32 31 30 29 28 27 26 25 24 23 22 21 20 19 18 17 16 15 14 13 12 11 10 9 8 7 6 5 4 3 2 1 
0 33 32 31 30 29 28 27 26 25 24 23 22 21 20 19 18 17 16 15 14 13 12 11 10 9 8 7 6 5 4 3 2 1 
0 33 32 31 30 29 28 27 26 25 24 23 22 21 20 19 18 17 16 15 14 13 12 11 10 9 8 7 6 5 4 3 2 1 
0 33 32 31 30 29 28 27 26 25 24 23 22 21 20 19 18 17 16 15 14 13 12 11 10 9 8 7 6 5 4 3 2 1 
0 33 32 31 30 29 28 27 26 25 24 23 22 21 20 19 18 17 16 15 14 13 12 11 10 9 8 7 6 5 4 3 2 1 
0 33 32 31 30 29 28 27 26 25 24 23 22 21 20 19 18 17 16 15 14 13 12 11 10 9 8 7 6 5 4 3 2 1 
0 33 32 31 30 29 28 27 26 25 24 23 22 21 20 19 18 17 16 15 14 13 12 11 10 9 8 7 6 5 4 3 2 1 
0 33 32 31 30 29 28 27 26 25 24 23 22 21 20 19 18 17 16 15 14 13 12 11 10 9 8 7 6 5 4 3 2 1 
0 33 32 31 30 29 28 27 26 25 24 23 22 21 20 19 18 17 16 15 14 13 12 11 10 9 8 7 6 5 4 3 2 1 
0 33 32 31 30 29 28 27 26 25 24 23 22 21 20 19 18 17 16 15 14 13 12 11 10 9 8 7 6 5 4 3 2 1 
0 33 32 31 30 29 28 27 26 25 24 23 22 21 20 19 18 17 16 15 14 13 12 11 10 9 8 7 6 5 4 3 2 1 
0 33 32 31 30 29 28 27 26 25 24 23 22 21 20 19 18 17 16 15 14 13 12 11 10 9 8 7 6 5 4 3 2 1 
0 33 32 31 30 29 28 27 26 25 24 23 22 21 20 19 18 17 16 15 14 13 12 11 10 9 8 7 6 5 4 3 2 1 
0 33 32 31 30 29 28 27 26 25 24 23 22 21 20 19 18 17 16 15 14 13 12 11 10 9 8 7 6 5 4 3 2 1 
0 33 32 31 30 29 28 27 26 25 24 23 22 21 20 19 18 17 16 15 14 13 12 11 10 9 8 7 6 5 4 3 2 1 
0 33 32 31 30 29 28 27 26 25 24 23 22 21 20 19 18 17 16 15 14 13 12 11 10 9 8 7 6 5 4 3 2 1 
0 33 32 31 30 29 28 27 26 25 24 23 22 21 20 19 18 17 16 15 14 13 12 11 10 9 8 7 6 5 4 3 2 1 
0 33 32 31 30 29 28 27 26 25 24 23 22 21 20 19 18 17 16 15 14 13 12 11 10 9 8 7 6 5 4 3 2 1 
0 33 32 31 30 29 28 27 26 25 24 23 22 21 20 19 18 17 16 15 14 13 12 11 10 9 8 7 6 5 4 3 2 1 
0 33 32 31 30 29 28 27 26 25 24 23 22 21 20 19 18 17 16 15 14 13 12 11 10 9 8 7 6 5 4 3 2 1 
0 33 32 31 30 29 28 27 26 25 24 23 22 21 20 19 18 17 16 15 14 13 12 11 10 9 8 7 6 5 4 3 2 1 
0 33 32 31 30 29 28 27 26 25 24 23 22 21 20 19 18 17 16 15 14 13 12 11 10 9 8 7 6 5 4 3 2 1 
0 33 32 31 30 29 28 27 26 25 24 23 22 21 20 19 18 17 16 15 14 13 12 11 10 9 8 7 6 5 4 3 2 1 
0 33 32 31 30 29 28 27 26 25 24 23 22 21 20 19 18 17 16 15 14 13 12 11 10 9 8 7 6 5 4 3 2 1 
0 33 32 31 30 29 28 27 26 25 24 23 22 21 20 19 18 17 16 15 14 13 12 11 10 9 8 7 6 5 4 3 2 1 
0 33 32 31 30 29 28 27 26 25 24 23 22 21 20 19 18 17 16 15 14 13 12 11 10 9 8 7 6 5 4 3 2 1 
0 33 32 31 30 29 28 27 26 25 24 23 22 21 20 19 18 17 16 15 14 13 12 11 10 9 8 7 6 5 4 3 2 1 
0 33 32 31 30 29 28 27 26 25 24 23 22 21 20 19 18 17 16 15 14 13 12 11 10 9 8 7 6 5 4 3 2 1 
0 33 32 31 30 29 28 27 26 25 24 23 22 21 20 19 18 17 16 15 14 13 12 11 10 9 8 7 6 5 4 3 2 1 
0 33 32 31 30 29 28 27 26 25 24 23 22 21 20 19 18 17 16 15 14 13 12 11 10 9 8 7 6 5 4 3 2 1 
0 33 32 31 30 29 28 27 26 25 24 23 22 21 20 19 18 17 16 15 14 13 12 11 10 9 8 7 6 5 4 3 2 1 
0 33 32 31 30 29 28 27 26 25 24 23 22 21 20 19 18 17 16 15 14 13 12 11 10 9 8 7 6 5 4 3 2 1 
0 33 32 31 30 29 28 27 26 25 24 23 22 21 20 19 18 17 16 15 14 13 12 11 10 9 8 7 6 5 4 3 2 1 
0 33 32 31 30 29 28 27 26 25 24 23 22 21 20 19 18 17 16 15 14 13 12 11 10 9 8 7 6 5 4 3 2 1 
0 33 32 31 30 29 28 27 26 25 24 23 22 21 20 19 18 17 16 15 14 13 12 11 10 9 8 7 6 5 4 3 2 1 
0 33 32 31 30 29 28 27 26 25 24 23 22 21 20 19 18 17 16 15 14 13 12 11 10 9 8 7 6 5 4 3 2 1 
0 33 32 31 30 29 28 27 26 25 24 23 22 21 20 19 18 17 16 15 14 13 12 11 10 9 8 7 6 5 4 3 2 1 
0 33 32 31 30 29 28 27 26 25 24 23 22 21 20 19 18 17 16 15 14 13 12 11 10 9 8 7 6 5 4 3 2 1 
0 33 32 31 30 29 28 27 26 25 24 23 22 21 20 19 18 17 16 15 14 13 12 11 10 9 8 7 6 5 4 3 2 1 
0 33 32 31 30 29 28 27 26 25 24 23 22 21 20 19 18 17 16 15 14 13 12 11 10 9 8 7 6 5 4 3 2 1 
0 33 32 31 30 29 28 27 26 25 24 23 22 21 20 19 18 17 16 15 14 13 12 11 10 9 8 7 6 5 4 3 2 1 
0 33 32 31 30 29 28 27 26 25 24 23 22 21 20 19 18 17 16 15 14 13 12 11 10 9 8 7 6 5 4 3 2 1 
0 33 32 31 30 29 28 27 26 25 24 23 22 21 20 19 18 17 16 15 14 13 12 11 10 9 8 7 6 5 4 3 2 1 
0 33 32 31 30 29 28 27 26 25 24 23 22 21 20 19 18 17 16 15 14 13 12 11 10 9 8 7 6 5 4 3 2 1 
0 33 32 31 30 29 28 27 26 25 24 23 22 21 20 19 18 17 16 15 14 13 12 11 10 9 8 7 6 5 4 3 2 1 
0 33 32 31 30 29 28 27 26 25 24 23 22 21 20 19 18 17 16 15 14 13 12 11 10 9 8 7 6 5 4 3 2 1 
0 33 32 31 30 29 28 27 26 25 24 23 22 21 20 19 18 17 16 15 14 13 12 11 10 9 8 7 6 5 4 3 2 1 
0 33 32 31 30 29 28 27 26 25 24 23 22 21 20 19 18 17 16 15 14 13 12 11 10 9 8 7 6 5 4 3 2 1 
0 33 32 31 30 29 28 27 26 25 24 23 22 21 20 19 18 17 16 15 14 13 12 11 10 9 8 7 6 5 4 3 2 1 
0 33 32 31 30 29 28 27 26 25 24 23 22 21 20 19 18 17 16 15 14 13 12 11 10 9 8 7 6 5 4 3 2 1 
0 33 32 31 30 29 28 27 26 25 24 23 22 21 20 19 18 17 16 15 14 13 12 11 10 9 8 7 6 5 4 3 2 1 
0 33 32 31 30 29 28 27 26 25 24 23 22 21 20 19 18 17 16 15 14 13 12 11 10 9 8 7 6 5 4 3 2 1 
0 33 32 31 30 29 28 27 26 25 24 23 22 21 20 19 18 17 16 15 14 13 12 11 10 9 8 7 6 5 4 3 2 1 
0 33 32 31 30 29 28 27 26 25 24 23 22 21 20 19 18 17 16 15 14 13 12 11 10 9 8 7 6 5 4 3 2 1 
0 33 32 31 30 29 28 27 26 25 24 23 22 21 20 19 18 17 16 15 14 13 12 11 10 9 8 7 6 5 4 3 2 1 
0 33 32 31 30 29 28 27 26 25 24 23 22 21 20 19 18 17 16 15 14 13 12 11 10 9 8 7 6 5 4 3 2 1 
0 33 32 31 30 29 28 27 26 25 24 23 22 21 20 19 18 17 16 15 14 13 12 11 10 9 8 7 6 5 4 3 2 1 
0 33 32 31 30 29 28 27 26 25 24 23 22 21 20 19 18 17 16 15 14 13 12 11 10 9 8 7 6 5 4 3 2 1 
0 33 32 31 30 29 28 27 26 25 24 23 22 21 20 19 18 17 16 15 14 13 12 11 10 9 8 7 6 5 4 3 2 1 
0 33 32 31 30 29 28 27 26 25 24 23 22 21 20 19 18 17 16 15 14 13 12 11 10 9 8 7 6 5 4 3 2 1 
0 33 32 31 30 29 28 27 26 25 24 23 22 21 20 19 18 17 16 15 14 13 12 11 10 9 8 7 6 5 4 3 2 1 
0 33 32 31 30 29 28 27 26 25 24 23 22 21 20 19 18 17 16 15 14 13 12 11 10 9 8 7 6 5 4 3 2 1 
0 33 32 31 30 29 28 27 26 25 24 23 20 21 22 19 18 17 16 15 14 13 12 11 10 9 8 7 6 5 4 3 2 1 
0 33 32 30 31 29 28 27 26 25 24 23 22 21 20 19 18 17 16 15 14 13 12 11 10 9 8 7 6 5 4 3 2 1 
0 33 32 31 30 29 28 27 26 25 24 23 22 21 20 19 18 16 14 15 17 13 12 11 10 9 8 7 6 5 4 3 2 1 
0 33 32 31 30 29 28 27 26 25 24 23 22 21 20 19 18 17 16 15 14 13 12 11 10 9 8 6 7 5 4 3 2 1 
0 33 32 31 30 29 28 27 26 24 23 22 25 21 20 19 18 17 16 15 14 13 12 11 10 9 8 7 6 5 4 3 2 1 
0 33 32 31 30 29 28 27 26 25 24 23 22 21 20 19 18 17 16 15 14 13 12 11 10 9 8 7 6 5 3 4 2 1 
0 33 32 31 30 29 28 27 26 21 24 23 22 25 20 19 18 17 16 15 14 13 12 11 10 9 8 7 6 5 4 3 2 1 
0 33 32 31 30 29 28 27 26 25 24 23 22 21 20 19 18 17 16 15 14 13 12 11 10 9 8 7 6 5 3 2 4 1 
0 32 33 31 30 29 28 27 26 25 24 23 22 21 20 19 18 17 16 15 14 13 12 11 10 9 8 7 6 5 4 3 2 1 
0 33 32 31 30 29 28 27 26 25 24 23 22 21 20 19 18 17 16 15 14 13 12 11 10 9 8 7 6 5 4 1 2 3 
0 33 32 31 30 29 28 27 26 25 24 23 22 21 20 19 18 17 16 15 14 13 12 11 10 9 8 7 6 5 4 1 3 2 
0 33 32 31 30 29 26 28 27 25 24 23 22 21 20 19 18 17 16 15 14 13 12 11 10 9 8 7 6 5 4 3 2 1 
0 33 32 31 30 29 28 27 26 25 24 23 22 21 20 19 18 17 16 15 14 13 12 11 10 9 8 7 6 5 1 2 3 4 
0 33 32 31 30 29 28 27 26 25 24 23 22 21 20 19 18 17 16 15 14 13 12 11 10 9 8 7 6 4 3 2 5 1 
0 33 31 30 29 28 32 27 26 25 24 23 22 21 20 19 18 17 16 15 14 13 12 11 10 9 8 7 6 5 4 3 2 1 
0 33 32 31 30 29 28 27 26 25 24 23 22 21 20 19 18 17 16 15 14 13 12 7 10 9 8 11 6 5 4 3 2 1 
0 33 32 31 30 29 28 27 26 25 24 23 22 21 20 19 18 17 16 15 14 13 12 7 10 9 8 11 6 5 4 3 2 1 
0 33 32 31 30 29 28 27 24 25 26 23 22 21 20 19 18 17 16 15 14 13 12 11 10 9 8 7 6 4 5 3 2 1 
0 33 32 31 30 29 28 22 23 24 25 26 27 21 20 19 18 17 16 15 14 13 12 11 10 9 8 7 6 5 4 3 2 1 
0 33 28 31 30 29 32 27 26 25 24 23 22 21 20 19 18 17 16 15 14 13 12 11 10 9 8 7 6 5 4 3 2 1 
0 33 32 31 30 29 28 27 26 25 24 23 22 21 20 19 18 17 16 15 14 13 12 11 10 9 4 7 6 5 8 3 2 1 
0 33 32 31 30 29 28 27 26 25 24 23 22 21 20 19 18 17 16 15 14 13 11 10 9 8 7 12 6 5 4 3 2 1 
0 33 32 31 30 27 26 25 28 29 24 23 22 21 20 19 18 17 16 15 14 13 12 11 10 9 8 7 6 5 4 3 2 1 
0 33 32 31 30 27 26 25 28 29 24 23 22 21 20 19 18 17 16 15 14 13 12 11 10 9 8 7 6 5 4 3 2 1 
0 2 32 31 30 29 28 27 26 25 24 23 22 21 20 19 18 17 16 15 14 13 12 11 10 9 8 7 6 5 4 3 33 1 
0 33 32 31 30 29 28 27 26 25 24 23 22 21 20 19 12 18 17 16 15 14 13 11 10 9 8 7 6 5 4 3 2 1 
0 33 32 26 30 29 28 27 31 25 24 23 22 21 20 19 18 17 16 15 14 13 12 11 10 9 8 7 6 5 4 3 2 1 
0 33 32 31 30 29 28 27 26 25 24 23 22 21 20 19 18 17 16 15 14 13 12 11 10 9 8 1 6 5 7 4 3 2 
0 33 32 31 30 29 28 27 26 25 24 23 22 21 20 19 18 17 16 15 14 13 12 11 10 9 8 7 5 4 2 3 1 6 
0 33 32 31 30 29 28 27 26 25 24 23 22 21 20 19 18 17 16 15 14 13 7 11 10 9 8 12 6 5 4 3 2 1 
0 33 32 31 30 29 28 27 26 25 24 23 15 16 20 19 18 17 21 22 14 13 12 11 10 9 8 7 6 5 4 3 2 1 
0 33 32 31 30 29 28 27 26 25 24 23 22 21 20 19 18 17 16 15 14 13 12 11 10 9 8 7 6 1 4 3 5 2 
0 33 32 31 30 29 28 27 26 25 24 23 22 21 20 13 18 17 16 15 14 19 12 11 10 9 8 7 6 5 4 3 2 1 
0 33 32 31 30 29 28 22 26 25 24 23 27 21 20 19 18 17 16 15 14 13 12 11 10 9 8 7 6 5 4 3 2 1 
0 33 32 31 30 29 28 27 26 25 24 23 22 21 20 19 18 17 16 15 14 13 12 2 11 10 9 8 7 6 5 4 3 1 
0 33 32 31 30 29 28 27 26 25 24 23 22 21 20 19 18 17 16 15 14 13 12 11 10 9 8 7 6 1 4 3 2 5 
0 33 32 31 30 29 28 27 26 25 24 23 22 21 20 19 18 17 16 15 14 13 12 11 10 8 7 6 5 4 3 2 1 9 
0 33 32 31 30 29 28 27 26 25 24 23 22 21 20 19 18 17 15 14 13 12 11 10 16 9 8 7 6 5 4 3 2 1 
0 33 32 31 30 29 28 27 26 25 24 23 22 21 20 19 18 17 15 14 13 12 11 10 16 9 8 7 6 5 4 3 2 1 
0 3 32 31 30 29 28 27 26 25 24 23 22 21 20 19 18 17 16 15 14 13 12 11 10 9 8 7 6 5 4 33 2 1 
0 33 32 31 30 29 28 27 26 25 24 23 22 21 20 19 18 17 16 15 14 13 12 11 10 9 3 7 6 5 4 8 2 1 
0 29 32 31 30 33 28 27 26 25 24 23 22 21 20 19 18 17 16 15 14 13 12 11 10 9 8 7 6 5 4 3 2 1 
0 33 32 31 30 29 28 27 26 25 24 23 22 21 20 19 18 17 16 8 15 14 13 12 11 10 9 7 6 5 4 3 2 1 
0 33 32 31 30 29 28 27 26 25 12 24 23 22 21 20 19 18 17 16 15 14 13 11 10 9 8 7 6 5 4 3 2 1 
0 33 32 31 30 29 28 27 26 25 24 23 22 21 20 19 18 16 15 14 13 12 11 10 9 17 8 7 6 5 4 3 2 1 
0 33 32 31 30 29 28 27 26 25 24 23 22 21 14 19 18 17 16 15 20 13 12 11 10 6 9 8 7 5 4 3 2 1 
0 33 32 31 30 29 28 27 26 14 24 23 22 21 20 19 18 17 16 15 25 13 12 11 10 9 8 7 6 5 4 3 2 1 
0 33 32 31 30 29 28 27 26 25 24 23 22 21 20 19 18 12 11 10 9 8 17 16 15 14 13 7 6 5 4 3 2 1 
0 33 32 31 30 20 28 27 26 29 25 24 23 22 21 19 18 17 16 15 14 13 12 11 10 9 8 7 6 5 4 3 2 1 
0 33 32 31 30 29 28 27 26 25 24 23 22 21 20 19 17 16 15 14 13 12 11 10 9 8 7 6 5 18 4 3 2 1 
0 33 32 31 30 29 28 27 26 2 3 4 5 6 7 8 9 10 11 12 13 14 15 16 17 18 19 20 21 22 23 24 25 1 
0 33 16 32 31 30 29 28 27 26 25 24 23 22 21 20 19 18 17 15 14 13 12 11 10 9 8 7 6 5 4 3 2 1 
0 27 32 31 30 29 28 33 26 25 24 23 22 21 20 19 18 17 16 15 14 13 12 11 10 9 8 7 6 5 4 3 2 1 
0 33 32 31 30 29 28 27 26 25 24 22 21 20 17 18 19 16 15 14 13 12 23 11 10 9 8 7 6 5 4 3 2 1 
0 28 27 26 25 24 33 32 31 30 29 23 22 21 20 19 18 17 16 15 14 13 12 11 10 9 8 7 6 5 4 3 2 1 
0 33 32 31 30 29 28 27 26 25 24 23 22 21 20 19 18 17 16 10 9 8 7 6 15 14 13 12 11 5 4 3 2 1 
0 33 32 31 30 29 28 27 26 1 25 24 23 22 21 20 19 18 17 16 15 14 13 12 11 10 9 8 7 6 5 4 3 2 
0 33 32 31 30 29 13 28 27 26 25 24 23 22 21 20 19 18 17 16 15 14 12 11 10 9 8 7 6 5 4 3 2 1 
0 33 32 31 30 29 13 28 27 26 25 24 23 22 21 20 19 18 17 16 15 14 12 11 10 9 8 7 6 5 4 3 2 1 
0 33 32 31 28 27 30 29 26 25 24 23 22 21 20 19 18 17 16 15 8 11 12 13 14 9 10 7 6 5 4 3 2 1 
0 33 32 31 30 29 28 27 26 25 24 23 22 21 19 18 17 16 15 14 13 20 12 7 10 9 8 11 6 5 4 3 2 1 
0 33 32 31 30 29 28 27 26 25 24 23 22 21 20 19 18 17 9 8 7 6 5 11 10 16 15 14 13 12 4 3 2 1 
0 33 32 31 30 29 28 26 27 25 24 16 22 21 20 19 18 17 23 15 14 13 12 11 10 8 7 6 9 5 4 3 2 1 
0 33 32 31 30 29 28 27 26 25 24 3 4 5 6 7 8 9 10 11 12 13 14 15 16 17 18 19 20 21 22 23 2 1 
0 33 32 31 30 29 28 27 26 25 24 23 22 21 20 19 18 17 16 15 5 6 7 11 10 9 8 14 13 12 4 3 2 1 
0 33 32 31 30 29 28 27 26 25 24 23 22 21 1 20 19 18 17 16 15 14 13 12 11 10 9 8 7 6 5 4 3 2 
0 17 16 15 14 13 12 11 10 9 8 7 6 5 4 3 2 33 32 31 30 29 28 27 26 25 24 23 22 21 20 19 18 1 
0 33 32 31 30 29 28 27 26 25 24 23 22 21 19 18 17 16 15 14 13 12 11 10 9 8 6 7 5 4 3 2 20 1 
0 33 32 31 30 1 28 27 26 29 25 24 23 22 21 20 19 18 17 16 15 14 13 12 11 10 9 8 7 6 5 4 3 2 
0 33 23 24 25 26 27 20 32 31 30 29 28 22 21 19 18 17 16 15 14 13 12 11 10 9 8 7 6 5 4 3 2 1 
0 33 32 31 30 29 28 27 26 25 24 23 22 9 7 11 12 13 14 15 16 17 18 19 20 21 8 10 6 5 4 3 2 1 
0 33 32 31 30 29 25 27 26 28 24 23 21 20 19 18 17 22 16 15 14 13 12 11 10 9 8 7 6 4 3 2 5 1 
0 33 32 31 30 29 28 27 26 25 24 23 22 21 20 19 18 15 14 13 12 11 10 9 8 7 6 3 4 17 16 5 2 1 
0 33 32 31 30 29 28 27 26 25 24 23 22 1 2 4 3 5 6 7 8 9 10 11 12 13 14 15 16 17 18 19 20 21 
0 33 32 31 30 29 28 27 26 1 2 4 3 25 24 23 22 21 20 19 18 17 16 15 14 13 12 11 10 9 8 7 6 5 
0 33 16 15 14 13 12 11 10 9 8 7 6 5 4 3 2 1 32 31 30 29 28 27 26 25 24 23 22 21 20 19 18 17 
0 33 16 15 14 13 12 11 10 9 8 7 6 5 4 3 2 1 32 31 30 29 28 27 26 25 24 23 22 21 20 19 18 17 
0 33 16 15 14 13 12 11 10 9 8 7 6 5 4 3 2 1 32 31 30 29 28 27 26 25 24 23 22 21 20 19 18 17 
0 33 32 31 30 29 28 27 26 25 12 24 23 22 21 20 19 18 16 15 14 13 17 11 10 9 8 5 6 7 4 3 2 1 
0 25 24 31 30 29 28 27 26 33 32 23 22 21 20 19 18 17 16 15 14 13 12 11 10 9 8 7 6 5 4 3 2 1 
0 33 32 31 30 29 28 27 26 1 2 4 3 5 6 7 8 9 10 11 12 13 14 15 16 25 24 23 22 21 20 19 18 17 
0 33 32 31 18 17 16 15 14 13 12 11 10 9 8 7 30 29 28 27 26 25 24 23 22 21 20 19 6 5 4 3 2 1 
0 33 32 31 30 29 28 14 13 12 11 10 9 8 7 6 5 4 3 2 27 26 25 24 23 22 21 20 19 18 17 16 15 1 
0 33 32 16 17 14 13 12 11 10 9 8 7 6 5 4 3 2 31 30 29 28 27 26 25 24 23 22 21 20 19 18 15 1 
0 33 32 31 30 29 28 27 26 25 24 23 21 20 19 18 17 22 16 15 14 6 12 11 10 9 8 7 13 5 4 3 2 1 
0 33 32 31 16 15 14 13 12 11 10 9 8 7 6 5 4 3 30 29 28 27 26 25 24 23 22 21 20 19 18 17 2 1 
0 33 32 31 30 16 15 14 13 12 11 10 9 8 7 6 5 4 29 28 27 26 25 24 23 22 21 20 19 18 17 3 2 1 
0 33 32 31 30 18 28 27 26 25 24 23 22 21 20 19 29 17 16 15 14 13 12 11 10 9 8 7 6 5 4 3 2 1 
0 33 32 31 30 29 28 12 26 25 24 23 22 20 21 19 27 18 17 16 15 14 13 11 10 9 8 7 6 5 4 3 2 1 
0 33 19 31 30 29 28 27 26 25 24 23 22 21 20 32 18 17 16 15 14 13 12 11 10 9 8 7 6 5 4 3 2 1 
0 33 9 7 11 12 13 14 15 16 17 18 19 32 31 30 29 28 27 26 25 24 23 22 21 20 10 8 6 5 4 3 2 1 
0 33 32 26 30 29 31 28 27 25 1 2 3 4 5 6 7 8 9 10 11 12 13 14 15 16 17 18 19 20 21 22 23 24 
0 33 17 31 30 29 28 27 26 25 32 24 23 22 21 20 19 18 16 15 14 13 12 11 10 9 8 7 6 5 4 3 2 1 
0 33 32 31 30 29 28 27 26 25 24 23 22 21 20 19 18 17 16 15 6 13 12 11 10 9 8 7 14 5 4 3 2 1 
0 33 15 18 19 20 21 22 23 24 25 31 27 28 29 30 26 32 17 16 14 13 12 11 10 9 8 7 6 5 4 3 2 1 
0 33 32 31 30 29 28 27 26 25 24 23 22 21 20 19 18 11 16 15 14 13 12 17 10 9 8 7 6 5 1 2 3 4 
0 33 32 31 30 29 28 27 26 25 17 16 15 13 14 12 11 10 9 8 7 6 5 4 3 24 23 22 21 20 19 18 2 1 
0 33 32 3 30 29 28 27 26 25 24 23 22 21 20 19 18 17 16 15 14 13 12 11 10 9 8 7 6 5 4 31 2 1 
0 33 32 31 30 29 15 27 26 25 24 23 22 21 20 19 18 17 16 28 14 13 12 11 10 9 8 5 6 7 4 3 2 1 
0 33 32 31 30 29 28 27 26 25 24 23 22 21 12 11 10 9 8 5 7 6 15 16 17 18 19 20 13 14 4 3 2 1 
0 33 32 31 30 1 28 27 26 25 24 23 22 21 20 19 18 17 16 15 14 13 12 11 10 9 8 7 6 5 4 3 2 29 
0 33 32 31 30 29 28 27 26 25 24 23 22 21 20 9 18 17 16 15 14 13 12 11 10 19 8 7 6 5 4 3 2 1 
0 33 32 31 30 29 13 27 26 25 24 23 22 21 20 19 18 17 16 15 14 28 12 11 10 9 8 7 6 5 4 3 2 1 
0 33 1 11 30 29 32 31 28 26 25 24 23 22 21 27 20 19 18 17 16 15 14 13 12 10 9 8 7 6 5 4 3 2 
0 33 32 31 30 29 28 27 26 25 24 23 22 21 20 19 18 17 16 4 3 2 12 11 10 9 8 7 6 5 15 14 13 1 
0 33 32 31 16 29 28 27 26 25 24 23 22 21 20 19 18 17 30 15 14 13 12 11 10 9 8 7 6 5 4 3 2 1 
0 33 6 31 30 29 28 27 26 25 24 23 22 21 20 19 18 17 16 15 14 13 12 11 10 9 8 7 32 5 4 3 2 1 
0 33 32 17 16 15 14 13 12 11 10 9 8 7 6 5 18 31 30 29 28 27 26 25 24 23 22 21 20 19 4 3 2 1 
0 33 5 31 30 29 28 27 26 25 24 23 22 21 20 19 18 17 16 15 14 13 12 11 10 9 8 32 7 6 4 3 2 1 
0 33 32 31 30 29 28 27 26 25 24 23 22 21 3 19 18 17 16 15 14 13 20 12 11 10 9 8 7 6 5 4 2 1 
0 33 16 15 14 13 12 11 10 9 8 7 6 1 4 3 32 31 30 29 28 27 26 25 24 23 22 21 20 19 18 17 5 2 
0 33 32 31 30 29 28 27 12 11 10 9 22 21 20 19 18 17 16 15 14 13 26 25 24 23 8 7 6 5 4 3 2 1 
0 33 32 31 29 28 27 26 25 24 15 14 13 12 11 10 9 8 7 23 22 21 20 19 30 18 17 16 6 5 4 3 2 1 
0 16 32 31 30 29 28 27 26 25 24 23 22 21 20 19 18 17 33 15 14 13 12 11 10 9 8 7 6 5 4 3 2 1 
0 33 17 31 30 29 28 27 26 25 24 23 22 21 20 19 18 32 16 15 14 13 12 11 10 9 8 5 6 7 4 3 2 1 
0 33 13 12 11 10 9 8 7 6 5 4 3 2 20 19 18 17 16 15 14 32 31 30 29 28 27 26 25 24 23 22 21 1 
0 33 32 31 30 29 28 27 26 25 24 23 22 8 7 6 5 4 3 2 1 13 12 11 10 9 21 20 19 18 17 16 15 14 
0 33 32 31 30 29 28 27 26 25 24 23 22 21 8 7 6 5 16 15 14 13 12 11 10 9 20 19 18 17 4 3 2 1 
0 33 32 31 30 29 28 27 26 25 24 10 9 8 7 6 5 4 16 15 14 13 12 11 23 22 21 20 19 18 17 3 2 1 
0 33 32 31 30 29 28 27 26 25 24 23 22 21 20 19 15 17 16 18 2 13 12 11 10 6 14 9 8 7 5 4 3 1 
0 33 32 31 30 29 28 27 26 25 24 23 22 21 20 19 18 8 16 15 14 13 12 11 9 17 7 6 5 10 4 3 2 1 
0 33 29 31 30 32 28 27 26 25 24 12 11 7 10 9 8 6 5 4 3 2 23 22 21 20 19 18 17 16 15 14 13 1 
0 33 32 31 30 29 28 27 26 9 24 23 22 21 20 19 18 17 16 15 14 13 12 11 10 25 8 7 6 5 4 3 2 1 
0 33 32 31 30 12 11 10 9 8 24 23 22 21 20 19 18 17 16 15 14 13 29 28 27 26 25 7 6 5 4 3 2 1 
0 16 15 14 13 12 11 10 9 8 7 6 5 4 20 19 18 17 33 32 31 30 29 28 27 26 25 24 23 22 21 3 2 1 
0 16 33 32 31 30 29 28 27 26 25 13 23 22 21 20 19 18 17 15 14 24 12 11 10 9 8 7 6 5 4 3 2 1 
0 33 32 14 13 12 11 10 9 8 7 6 5 4 3 2 1 17 16 15 31 30 29 28 27 26 25 24 23 22 21 20 19 18 
0 33 32 31 30 29 28 27 10 9 8 7 22 21 20 19 18 17 16 15 14 13 12 11 26 25 24 23 6 5 4 3 2 1 
0 33 32 8 7 9 10 11 12 31 13 14 15 16 17 18 19 20 21 22 23 24 25 26 27 28 29 30 6 5 4 3 2 1 
0 33 32 31 30 29 28 27 26 25 24 23 22 21 20 19 18 17 3 15 14 13 12 11 10 9 8 7 6 5 4 16 2 1 
0 16 15 14 13 12 11 10 9 8 7 6 5 4 3 2 1 17 33 32 31 30 29 28 27 26 25 24 23 22 21 20 19 18 
0 16 15 14 13 12 11 10 9 8 7 6 5 4 3 2 1 17 33 32 31 30 29 28 27 26 25 24 23 22 21 20 19 18 
0 33 32 31 17 16 15 14 13 12 11 6 5 4 3 2 1 10 9 8 7 30 29 28 27 26 25 24 23 22 21 20 19 18 
0 33 32 31 30 29 28 27 26 25 5 23 22 21 20 19 18 17 16 15 14 13 12 11 10 9 8 24 7 6 4 3 2 1 
0 33 32 31 30 29 28 27 26 25 24 23 22 21 20 19 18 3 16 15 14 13 12 11 10 9 8 7 6 5 4 17 2 1 
0 33 32 31 30 29 28 27 26 25 24 23 22 21 20 19 18 8 16 15 14 13 12 11 9 17 7 6 5 4 10 3 2 1 
0 33 32 31 30 29 28 27 26 25 24 23 22 21 20 19 18 17 2 15 14 13 12 11 10 9 8 7 6 5 4 3 16 1 
0 33 32 31 30 29 8 27 24 25 26 23 22 21 20 19 18 28 17 16 15 14 13 12 11 10 9 7 6 5 4 3 2 1 
0 33 32 31 30 29 28 27 26 25 24 11 10 17 9 8 7 6 5 4 3 2 23 22 21 20 19 18 16 15 14 13 12 1 
0 33 12 11 10 9 8 7 6 5 4 3 2 1 20 19 18 16 17 15 14 13 32 31 30 29 28 27 26 25 24 23 22 21 
0 33 32 31 30 29 8 27 26 25 24 23 22 21 20 19 18 17 16 15 14 13 12 11 10 9 28 7 6 5 4 3 2 1 
0 33 32 31 30 8 28 27 26 25 24 23 22 21 20 19 18 17 16 15 14 13 29 12 11 10 9 7 6 5 4 3 2 1 
0 33 32 31 30 29 28 27 26 25 24 23 22 21 20 9 18 17 16 15 8 13 12 11 10 19 14 7 6 5 4 3 2 1 
0 33 13 12 11 10 9 8 7 6 5 4 22 21 19 18 20 17 16 15 14 32 31 30 29 28 27 26 25 24 23 3 2 1 
0 33 32 31 30 8 28 27 26 25 24 23 22 21 20 19 18 17 16 15 14 13 12 11 10 9 29 7 6 5 4 3 2 1 
0 33 32 31 30 29 9 27 26 25 24 23 22 21 20 19 18 17 16 15 14 13 12 11 10 28 8 7 6 5 4 3 2 1 
0 33 32 31 30 29 28 27 2 26 25 13 12 11 10 9 8 7 6 5 4 3 24 23 22 21 20 19 18 17 16 15 14 1 
0 33 32 31 30 29 28 27 2 26 25 13 12 11 10 9 8 7 6 5 4 3 24 23 22 21 20 19 18 17 16 15 14 1 
0 33 15 31 30 29 28 27 26 25 24 23 22 21 20 19 18 17 16 32 14 13 12 11 10 9 8 7 6 5 1 4 3 2 
0 33 32 31 10 29 28 27 26 25 24 23 22 21 20 19 18 17 16 15 14 13 12 11 30 9 8 7 6 5 4 3 2 1 
0 33 7 31 30 29 28 27 13 12 11 10 32 26 25 24 23 22 21 20 19 18 17 16 15 14 9 8 6 5 4 3 2 1 
0 33 28 31 30 29 32 27 26 25 24 12 11 10 9 8 7 6 1 4 3 2 23 22 21 20 19 18 17 16 15 14 13 5 
0 33 32 31 30 29 28 27 26 18 24 10 9 8 7 6 5 17 16 15 14 13 12 11 23 22 21 20 19 25 4 3 2 1 
0 33 32 31 30 29 27 26 25 28 6 23 22 21 20 19 18 17 16 15 14 13 12 11 10 9 8 7 24 5 4 3 2 1 
0 33 15 14 13 12 11 10 9 8 7 6 3 4 20 19 18 32 31 30 29 28 27 26 25 24 23 22 21 17 16 5 2 1 
0 33 32 22 27 26 25 24 23 13 12 11 10 9 8 7 21 20 19 18 17 16 15 14 31 30 29 28 6 5 3 2 4 1 
0 33 16 15 14 13 12 11 5 9 8 7 6 1 4 3 2 10 32 31 30 29 28 27 26 25 24 23 22 21 20 19 18 17 
0 33 17 16 15 14 13 12 11 10 32 31 30 29 28 27 26 7 8 9 18 19 20 21 22 23 24 25 6 5 4 3 2 1 
0 33 32 31 30 29 10 27 26 25 24 23 22 21 20 19 18 17 16 15 14 13 12 11 2 28 9 8 7 6 5 4 3 1 
0 33 32 31 30 29 28 5 25 24 23 27 22 21 20 19 18 17 16 15 14 13 12 11 10 9 8 7 6 26 4 3 2 1 
0 33 29 31 14 13 12 11 7 10 9 8 6 5 4 3 18 17 16 15 30 32 28 27 26 25 24 23 22 21 20 19 2 1 
0 33 32 31 15 14 13 27 26 25 24 23 22 21 20 19 18 17 16 30 29 28 11 12 3 10 9 8 7 6 5 4 2 1 
0 33 32 31 30 29 28 27 26 25 24 14 13 12 18 10 9 8 7 15 23 22 21 20 19 11 17 16 6 5 4 3 2 1 
0 33 3 31 30 29 28 12 26 25 27 24 23 22 21 20 19 18 17 16 15 14 13 11 10 9 8 7 6 5 4 32 2 1 
0 33 32 26 30 29 28 27 31 25 23 15 21 20 19 18 17 24 1 2 3 4 5 6 7 8 9 10 11 12 13 14 22 16 
0 33 16 15 14 13 12 11 10 9 8 7 6 5 4 3 2 1 32 19 30 29 28 27 26 25 24 23 22 21 20 31 18 17 
0 33 32 22 21 20 19 18 17 16 15 14 31 30 29 28 27 26 25 7 6 13 12 11 10 9 8 24 23 5 3 2 4 1 
0 33 32 31 30 29 28 27 26 25 24 23 22 14 20 19 15 17 5 6 7 9 10 12 11 13 21 16 8 18 4 3 2 1 
0 33 32 31 7 29 28 27 26 25 24 23 22 21 20 19 18 17 16 15 14 13 11 10 9 8 30 6 12 5 4 3 2 1 
0 33 32 31 14 26 27 28 25 24 23 22 21 20 19 18 17 16 15 30 13 12 29 11 10 9 8 7 6 5 4 3 2 1 
0 29 32 16 15 14 13 12 11 10 9 8 7 6 5 4 3 17 31 30 33 28 27 26 25 24 23 22 21 20 19 18 2 1 
0 33 32 31 30 2 22 27 26 25 24 23 28 21 20 19 18 17 16 15 14 13 12 11 10 9 8 7 6 5 29 4 3 1 
0 33 32 31 30 2 22 27 26 25 24 23 28 21 20 19 18 17 16 15 14 13 12 29 11 10 9 8 7 6 5 4 3 1 
0 33 32 31 7 29 28 27 26 25 24 17 16 21 20 19 18 23 22 15 14 13 12 11 10 9 8 30 6 5 4 3 2 1 
0 33 32 31 30 29 28 27 26 25 24 4 5 6 17 8 9 10 11 12 13 14 15 16 7 18 19 20 21 22 23 3 2 1 
0 33 32 23 22 21 20 27 26 25 9 31 30 29 28 19 18 17 16 15 14 13 12 11 10 24 8 7 6 5 4 3 2 1 
0 33 32 31 30 29 28 27 26 25 3 23 22 21 20 19 18 17 16 15 14 7 6 5 4 24 8 13 12 11 10 9 2 1 
0 33 32 31 30 4 28 27 26 25 11 12 13 14 15 16 17 18 19 20 21 22 23 24 10 9 8 7 6 5 29 3 2 1 
0 33 32 31 30 29 28 27 26 25 9 8 7 15 6 5 4 3 16 14 13 12 11 10 24 23 22 21 20 19 18 17 2 1 
0 33 32 31 30 29 1 11 28 27 26 25 24 23 22 21 20 19 18 17 16 15 14 2 12 10 9 8 7 6 5 4 3 13 
0 33 32 15 14 13 12 11 10 9 8 7 6 5 4 3 1 16 31 30 29 28 27 2 26 25 24 23 22 21 20 19 18 17 
0 33 32 31 30 20 28 6 26 29 25 24 23 22 21 19 18 17 16 15 14 13 12 11 10 9 8 7 27 5 4 3 2 1 
0 32 33 31 30 29 28 27 1 25 24 23 22 21 26 12 11 10 9 8 5 14 13 20 19 18 17 16 15 6 7 4 3 2 
0 33 32 12 13 14 15 16 17 18 19 9 21 22 23 24 25 26 27 28 29 30 31 2 11 10 20 8 7 6 5 4 3 1 
0 7 32 19 18 17 16 15 14 13 12 11 31 30 27 26 25 28 29 24 23 22 21 20 10 9 8 33 6 5 4 3 2 1 
0 20 31 30 29 28 27 26 25 24 23 22 21 32 19 18 17 5 33 16 15 14 13 12 11 10 9 8 7 6 1 4 3 2 
0 33 32 31 30 29 28 27 24 25 26 23 22 21 20 19 18 9 16 15 6 5 4 3 2 17 8 7 14 13 12 11 10 1 
0 18 32 31 30 29 28 27 26 25 24 23 11 10 9 8 7 6 5 4 3 2 1 22 21 20 19 33 17 16 15 14 13 12 
0 33 32 31 30 29 28 27 26 25 24 1 22 21 20 19 18 17 16 15 14 13 12 11 7 9 2 10 6 5 4 3 8 23 
0 33 32 31 30 29 28 27 26 25 24 23 7 1 22 21 20 19 18 17 16 15 3 2 13 12 11 10 9 8 6 5 4 14 
0 33 32 18 30 29 28 27 26 25 24 23 22 21 20 19 16 15 11 13 12 14 10 9 8 7 6 1 31 17 5 4 3 2 
0 33 32 31 30 29 28 6 26 25 24 13 22 21 20 19 18 17 16 15 14 23 12 11 10 9 8 7 27 5 4 3 2 1 
0 7 32 31 15 14 13 12 11 10 9 8 33 6 5 4 3 2 16 30 29 28 27 26 25 24 23 22 21 20 19 18 17 1 
0 33 32 31 10 11 30 9 20 19 18 17 16 15 12 29 28 27 26 25 24 23 22 21 14 13 8 7 6 5 4 3 2 1 
0 33 32 31 30 2 26 25 28 29 24 23 19 18 17 16 15 14 13 12 11 10 9 8 22 21 20 7 6 5 4 3 27 1 
0 32 16 15 14 13 12 11 10 9 7 6 5 4 3 2 18 8 17 31 30 29 28 33 27 26 25 24 23 22 21 20 19 1 
0 19 18 17 16 28 27 24 25 26 23 22 8 7 6 33 32 31 30 29 15 14 13 9 11 10 12 21 20 5 4 3 2 1 
0 33 32 31 30 29 28 26 12 25 24 23 22 21 20 19 18 17 16 15 14 2 27 11 10 9 8 7 6 4 1 5 3 13 
0 33 32 31 30 29 28 27 26 25 24 14 13 12 18 10 9 8 7 15 23 22 21 20 19 11 17 6 5 4 3 2 16 1 
0 33 1 11 30 29 28 27 26 25 24 23 22 21 20 19 18 17 16 15 14 13 12 31 10 32 8 7 6 5 4 3 2 9 
0 33 32 31 30 29 28 27 23 24 25 26 20 18 21 19 7 8 16 15 14 13 12 11 3 9 17 6 5 22 10 4 2 1 
0 33 17 16 29 15 14 13 12 11 10 9 7 6 5 19 18 32 31 30 8 28 27 26 20 21 25 23 24 22 4 3 2 1 
0 33 32 31 30 11 28 27 26 25 24 23 22 9 8 7 6 5 4 3 14 13 12 29 10 21 20 19 18 17 16 15 2 1 
0 33 32 31 30 29 28 27 26 10 6 23 22 21 20 19 1 17 9 8 7 5 4 3 25 24 14 16 15 13 12 11 2 18 
0 33 11 10 1 2 4 3 26 25 24 23 22 21 20 19 18 17 16 15 14 13 12 32 31 7 29 28 27 5 6 30 8 9 
0 13 31 30 29 28 27 26 25 24 23 6 21 20 19 15 18 17 16 32 14 33 12 11 10 22 2 9 8 7 5 4 3 1 
0 33 32 31 30 7 25 9 10 11 12 13 14 15 16 17 18 19 20 21 3 23 24 8 26 27 28 29 6 5 4 22 2 1 
