0 65 22 70 93 2 76 14 64 84 33 78 36 81 37 20 25 83 40 48 72 43 38 6 1 102 13 104 26 47 12 56 67 49 28 106 16 52 57 73 82 32 5 51 69 108 98 99 74 101 39 100 103 10 15 91 58 60 105 3 95 30 88 41 71 66 80 53 50 34 4 89 62 87 63 61 96 86 21 18 45 68 109 94 44 42 59 85 107 19 77 23 79 75 7 11 35 9 8 54 92 17 46 29 27 24 55 90 31 97 
0 65 22 70 93 2 76 34 4 89 50 53 6 38 1 102 13 104 26 47 12 56 67 49 28 106 16 52 57 73 82 32 5 51 69 108 98 99 74 101 39 100 103 10 15 91 58 60 105 3 95 30 88 41 71 66 80 43 72 14 64 84 33 78 36 81 37 20 25 83 40 48 62 87 63 61 96 86 21 18 45 68 109 94 44 42 59 85 107 19 77 90 55 24 27 29 46 17 92 54 8 9 35 11 7 75 79 23 31 97 
0 65 22 70 93 2 76 14 64 84 33 78 36 81 37 20 25 83 40 48 72 43 80 66 71 41 88 30 95 3 105 60 58 91 15 10 103 100 39 101 74 99 98 108 69 51 5 32 82 73 57 52 16 106 28 49 67 56 12 47 26 104 13 102 1 6 38 53 50 34 4 89 62 87 63 61 96 86 21 18 45 68 109 94 44 42 59 85 107 19 77 23 79 75 7 11 35 9 8 54 92 17 46 29 27 24 55 90 31 97 
0 65 22 70 93 2 76 14 64 84 33 78 36 81 37 20 25 83 40 48 72 43 80 66 71 41 88 30 95 3 105 60 58 91 15 10 103 100 39 101 74 99 98 108 69 51 5 32 82 73 57 52 16 106 28 49 67 56 12 47 26 104 13 102 1 6 38 53 50 34 4 89 62 87 63 61 96 86 21 18 45 68 109 94 44 42 59 85 107 19 77 23 79 75 7 11 35 9 8 54 92 17 46 29 27 24 55 90 31 97 
0 65 22 70 93 2 76 14 64 84 33 78 36 81 37 20 25 83 40 48 72 43 80 66 71 41 88 30 95 3 105 60 58 91 15 10 103 100 39 101 74 99 98 108 69 51 5 32 82 73 57 52 16 106 28 49 67 56 12 47 26 104 13 102 1 6 38 53 50 34 4 89 62 87 63 61 96 86 21 18 45 68 109 94 44 42 59 85 107 19 77 23 79 75 7 11 35 9 8 54 92 17 46 29 27 24 55 90 31 97 
0 65 22 70 93 2 76 14 64 84 33 78 36 81 37 20 25 83 40 48 72 43 80 66 71 41 88 30 95 3 105 60 58 91 15 10 103 100 39 101 74 99 98 108 69 51 5 32 82 73 57 52 16 106 28 49 67 56 12 47 26 104 13 102 1 6 38 53 50 34 4 89 62 87 63 61 96 86 21 18 45 68 109 94 44 42 59 85 107 19 77 23 79 75 7 11 35 9 8 54 92 17 46 29 27 24 55 90 31 97 
0 65 22 70 93 2 76 14 64 84 33 78 36 81 37 20 25 83 40 48 72 43 80 66 71 41 88 30 95 3 105 60 58 91 15 10 103 100 39 101 74 99 98 108 69 51 5 32 82 73 57 52 16 106 28 49 67 56 12 47 26 104 13 102 1 6 38 53 50 34 4 89 62 87 63 61 96 86 21 18 45 68 109 94 44 42 59 85 107 19 77 23 79 75 7 11 35 9 8 54 92 17 46 29 27 24 55 90 31 97 
0 65 22 70 93 2 76 14 64 84 33 78 36 81 37 20 25 83 40 48 72 43 80 66 71 41 88 30 95 3 105 60 58 91 15 10 103 100 39 101 74 99 98 108 69 51 5 32 82 73 57 52 16 106 28 49 67 56 12 47 26 104 13 102 1 6 38 53 50 34 4 89 62 87 63 61 96 86 21 18 45 68 109 94 44 42 59 85 107 19 77 23 79 75 7 11 35 9 8 54 92 17 46 29 27 24 55 90 31 97 
0 65 22 70 93 2 76 14 64 84 33 78 36 81 37 20 25 83 40 48 72 43 80 66 71 41 88 30 95 3 105 60 58 91 15 10 103 100 39 101 74 99 98 108 69 51 5 32 82 73 57 52 16 106 28 49 67 56 12 47 26 104 13 102 1 6 38 53 50 34 4 89 62 87 63 61 96 86 21 18 45 68 109 94 44 42 59 85 107 19 77 23 79 75 7 11 35 9 8 54 92 17 46 29 27 24 55 90 31 97 
0 65 22 70 93 2 76 14 64 84 33 78 36 81 37 20 25 83 40 48 72 43 80 66 71 41 88 30 95 3 105 60 58 91 15 10 103 100 39 101 74 99 98 108 69 51 5 32 82 73 57 52 16 106 28 49 67 56 12 47 26 104 13 102 1 6 38 53 50 34 4 89 62 87 63 61 96 86 21 18 45 68 109 94 44 42 59 85 107 19 77 23 79 75 7 11 35 9 8 54 92 17 46 29 27 24 55 90 31 97 
0 65 22 70 93 2 76 14 64 84 33 78 36 81 37 20 25 83 40 48 72 43 80 66 71 41 88 30 95 3 105 60 58 91 15 10 103 100 39 101 74 99 98 108 69 51 5 32 82 73 57 52 16 106 28 49 67 56 12 47 26 104 13 102 1 6 38 53 50 34 4 89 62 87 63 61 96 86 21 18 45 68 109 94 44 42 59 85 107 19 77 23 79 75 7 11 35 9 8 54 92 17 46 29 27 24 55 90 31 97 
0 65 22 70 93 2 76 14 64 84 33 78 36 81 37 20 25 83 40 48 72 43 80 66 71 41 88 30 95 3 105 60 58 91 15 10 103 100 39 101 74 99 98 108 69 51 5 32 82 73 57 52 16 106 28 49 67 56 12 47 26 104 13 102 1 6 38 53 50 34 4 89 62 87 63 61 96 86 21 18 45 68 109 94 44 42 59 85 107 19 77 23 79 75 7 11 35 9 8 54 92 17 46 29 27 24 55 90 31 97 
0 65 22 70 93 2 76 14 64 84 33 78 36 81 37 20 25 83 40 48 72 43 80 66 71 41 88 30 95 3 105 60 58 91 15 10 103 100 39 101 74 99 98 108 69 51 5 32 82 73 57 52 16 106 28 49 67 56 12 47 26 104 13 102 1 6 38 53 50 34 4 89 62 87 63 61 96 86 21 18 45 68 109 94 44 42 59 85 107 19 77 23 79 75 7 11 35 9 8 54 92 17 46 29 27 24 55 90 31 97 
0 65 22 70 93 2 76 14 64 84 33 78 36 81 37 20 25 83 40 48 72 43 80 66 71 41 88 30 95 3 105 60 58 91 15 10 103 100 39 101 74 99 98 108 69 51 5 32 82 73 57 52 16 106 28 49 67 56 12 47 26 104 13 102 1 6 38 53 50 34 4 89 62 87 63 61 96 86 21 18 45 68 109 94 44 42 59 85 107 19 77 23 79 75 7 11 35 9 8 54 92 17 46 29 27 24 55 90 31 97 
0 65 22 70 93 2 76 14 64 84 33 78 36 81 37 20 25 83 40 48 72 43 80 66 71 41 88 30 95 3 105 60 58 91 15 10 103 100 39 101 74 99 98 108 69 51 5 32 82 73 57 52 16 106 28 49 67 56 12 47 26 104 13 102 1 6 38 53 50 34 4 89 62 87 63 61 96 86 21 18 45 68 109 94 44 42 59 85 107 19 77 23 79 75 7 11 35 9 8 54 92 17 46 29 27 24 55 90 31 97 
0 65 22 70 93 2 76 14 64 84 33 78 36 81 37 20 25 83 40 48 72 43 80 66 71 41 88 30 95 3 105 60 58 91 15 10 103 100 39 101 74 99 98 108 69 51 5 32 82 73 57 52 16 106 28 49 67 56 12 47 26 104 13 102 1 6 38 53 50 34 4 89 62 87 63 61 96 86 21 18 45 68 109 94 44 42 59 85 107 19 77 23 79 75 7 11 35 9 8 54 92 17 46 29 27 24 55 90 31 97 
0 65 22 70 93 2 76 14 64 84 33 78 36 81 37 20 25 83 40 48 72 43 80 66 71 41 88 30 95 3 105 60 58 91 15 10 103 100 39 101 74 99 98 108 69 51 5 32 82 73 57 52 16 106 28 49 67 56 12 47 26 104 13 102 1 6 38 53 50 34 4 89 62 87 63 61 96 86 21 18 45 68 109 94 44 42 59 85 107 19 77 23 79 75 7 11 35 9 8 54 92 17 46 29 27 24 55 90 31 97 
0 65 22 70 93 2 76 14 64 84 33 78 36 81 37 20 25 83 40 48 72 43 80 66 71 41 88 30 95 3 105 60 58 91 15 10 103 100 39 101 74 99 98 108 69 51 5 32 82 73 57 52 16 106 28 49 67 56 12 47 26 104 13 102 1 6 38 53 50 34 4 89 62 87 63 61 96 86 21 18 45 68 109 94 44 42 59 85 107 19 77 23 79 75 7 11 35 9 8 54 92 17 46 29 27 24 55 90 31 97 
0 65 22 70 93 2 76 14 64 84 33 78 36 81 37 20 25 83 40 48 72 43 80 66 71 41 88 30 95 3 105 60 58 91 15 10 103 100 39 101 74 99 98 108 69 51 5 32 82 73 57 52 16 106 28 49 67 56 12 47 26 104 13 102 1 6 38 53 50 34 4 89 62 87 63 61 96 86 21 18 45 68 109 94 44 42 59 85 107 19 77 23 79 75 7 11 35 9 8 54 92 17 46 29 27 24 55 90 31 97 
0 65 22 70 93 2 76 14 64 84 33 78 36 81 37 20 25 83 40 48 72 43 80 66 71 41 88 30 95 3 105 60 58 91 15 10 103 100 39 101 74 99 98 108 69 51 5 32 82 73 57 52 16 106 28 49 67 56 12 47 26 104 13 102 1 6 38 53 50 34 4 89 62 87 63 61 96 86 21 18 45 68 109 94 44 42 59 85 107 19 77 23 79 75 7 11 35 9 8 54 92 17 46 29 27 24 55 90 31 97 
0 65 22 70 93 2 76 14 64 84 33 78 36 81 37 20 25 83 40 48 72 43 80 66 71 41 88 30 95 3 105 60 58 91 15 10 103 100 39 101 74 99 98 108 69 51 5 32 82 73 57 52 16 106 28 49 67 56 12 47 26 104 13 102 1 6 38 53 50 34 4 89 62 87 63 61 96 86 21 18 45 68 109 94 44 42 59 85 107 19 77 23 79 75 7 11 35 9 8 54 92 17 46 29 27 24 55 90 31 97 
0 65 22 70 93 2 76 14 64 84 33 78 36 81 37 20 25 83 40 48 72 43 80 66 71 41 88 30 95 3 105 60 58 91 15 10 103 100 39 101 74 99 98 108 69 51 5 32 82 73 57 52 16 106 28 49 67 56 12 47 26 104 13 102 1 6 38 53 50 34 4 89 62 87 63 61 96 86 21 18 45 68 109 94 44 42 59 85 107 19 77 23 79 75 7 11 35 9 8 54 92 17 46 29 27 24 55 90 31 97 
0 65 22 70 93 2 76 14 64 84 33 78 36 81 37 20 25 83 40 48 72 43 80 66 71 41 88 30 95 3 105 60 58 91 15 10 103 100 39 101 74 99 98 108 69 51 5 32 82 73 57 52 16 106 28 49 67 56 12 47 26 104 13 102 1 6 38 53 50 34 4 89 62 87 63 61 96 86 21 18 45 68 109 94 44 42 59 85 107 19 77 23 79 75 7 11 35 9 8 54 92 17 46 29 27 24 55 90 31 97 
0 65 22 70 93 2 76 14 64 84 33 78 36 81 37 20 25 83 40 48 72 43 80 66 71 41 88 30 95 3 105 60 58 91 15 10 103 100 39 101 74 99 98 108 69 51 5 32 82 73 57 52 16 106 28 49 67 56 12 47 26 104 13 102 1 6 38 53 50 34 4 89 62 87 63 61 96 86 21 18 45 68 109 94 44 42 59 85 107 19 77 23 79 75 7 11 35 9 8 54 92 17 46 29 27 24 55 90 31 97 
0 65 22 70 93 2 76 14 64 84 33 78 36 81 37 20 25 83 40 48 72 43 80 66 71 41 88 30 95 3 105 60 58 91 15 10 103 100 39 101 74 99 98 108 69 51 5 32 82 73 57 52 16 106 28 49 67 56 12 47 26 104 13 102 1 6 38 53 50 34 4 89 62 87 63 61 96 86 21 18 45 68 109 94 44 42 59 85 107 19 77 23 79 75 7 11 35 9 8 54 92 17 46 29 27 24 55 90 31 97 
0 65 22 70 93 2 76 14 64 84 33 78 36 81 37 20 25 83 40 48 72 43 80 66 71 41 88 30 95 3 105 60 58 91 15 10 103 100 39 101 74 99 98 108 69 51 5 32 82 73 57 52 16 106 28 49 67 56 12 47 26 104 13 102 1 6 38 53 50 34 4 89 62 87 63 61 96 86 21 18 45 68 109 94 44 42 59 85 107 19 77 23 79 75 7 11 35 9 8 54 92 17 46 29 27 24 55 90 31 97 
0 65 22 70 93 2 76 14 64 84 33 78 36 81 37 20 25 83 40 48 72 43 80 66 71 41 88 30 95 3 105 60 58 91 15 10 103 100 39 101 74 99 98 108 69 51 5 32 82 73 57 52 16 106 28 49 67 56 12 47 26 104 13 102 1 6 38 53 50 34 4 89 62 87 63 61 96 86 21 18 45 68 109 94 44 42 59 85 107 19 77 23 79 75 7 11 35 9 8 54 92 17 46 29 27 24 55 90 31 97 
0 65 22 70 93 2 76 14 64 84 33 78 36 81 37 20 25 83 40 48 72 43 80 66 71 41 88 30 95 3 105 60 58 91 15 10 103 100 39 101 74 99 98 108 69 51 5 32 82 73 57 52 16 106 28 49 67 56 12 47 26 104 13 102 1 6 38 53 50 34 4 89 62 87 63 61 96 86 21 18 45 68 109 94 44 42 59 85 107 19 77 23 79 75 7 11 35 9 8 54 92 17 46 29 27 24 55 90 31 97 
0 65 22 70 93 2 76 14 64 84 33 78 36 81 37 20 25 83 40 48 72 43 80 66 71 41 88 30 95 3 105 60 58 91 15 10 103 100 39 101 74 99 98 108 69 51 5 32 82 73 57 52 16 106 28 49 67 56 12 47 26 104 13 102 1 6 38 53 50 34 4 89 62 87 63 61 96 86 21 18 45 68 109 94 44 42 59 85 107 19 77 23 79 75 7 11 35 9 8 54 92 17 46 29 27 24 55 90 31 97 
0 65 22 70 93 2 76 14 64 84 33 78 36 81 37 20 25 83 40 48 72 43 80 66 71 41 88 30 95 3 105 60 58 91 15 10 103 100 39 101 74 99 98 108 69 51 5 32 82 73 57 52 16 106 28 49 67 56 12 47 26 104 13 102 1 6 38 53 50 34 4 89 62 87 63 61 96 86 21 18 45 68 109 94 44 42 59 85 107 19 77 23 79 75 7 11 35 9 8 54 92 17 46 29 27 24 55 90 31 97 
0 65 22 70 93 2 76 14 64 84 33 78 36 81 37 20 25 83 40 48 72 43 80 66 71 41 88 30 95 3 105 60 58 91 15 10 103 100 39 101 74 99 98 108 69 51 5 32 82 73 57 52 16 106 28 49 67 56 12 47 26 104 13 102 1 6 38 53 50 34 4 89 62 87 63 61 96 86 21 18 45 68 109 94 44 42 59 85 107 19 77 23 79 75 7 11 35 9 8 54 92 17 46 29 27 24 55 90 31 97 
0 65 22 70 93 2 76 14 64 84 33 78 36 81 37 20 25 83 40 48 72 43 80 66 71 41 88 30 95 3 105 60 58 91 15 10 103 100 39 101 74 99 98 108 69 51 5 32 82 73 57 52 16 106 28 49 67 56 12 47 26 104 13 102 1 6 38 53 50 34 4 89 62 87 63 61 96 86 21 18 45 68 109 94 44 42 59 85 107 19 77 23 79 75 7 11 35 9 8 54 92 17 46 29 27 24 55 90 31 97 
0 65 22 70 93 2 76 14 64 84 33 78 36 81 37 20 25 83 40 48 72 43 80 66 71 41 88 30 95 3 105 60 58 91 15 10 103 100 39 101 74 99 98 108 69 51 5 32 82 73 57 52 16 106 28 49 67 56 12 47 26 104 13 102 1 6 38 53 50 34 4 89 62 87 63 61 96 86 21 18 45 68 109 94 44 42 59 85 107 19 77 23 79 75 7 11 35 9 8 54 92 17 46 29 27 24 55 90 31 97 
0 65 22 70 93 2 76 14 64 84 33 78 36 81 37 20 25 83 40 48 72 43 80 66 71 41 88 30 95 3 105 60 58 91 15 10 103 100 39 101 74 99 98 108 69 51 5 32 82 73 57 52 16 106 28 49 67 56 12 47 26 104 13 102 1 6 38 53 50 34 4 89 62 87 63 61 96 86 21 18 45 68 109 94 44 42 59 85 107 19 77 23 79 75 7 11 35 9 8 54 92 17 46 29 27 24 55 90 31 97 
0 65 22 70 93 2 76 14 64 84 33 78 36 81 37 20 25 83 40 48 72 43 80 66 71 41 88 30 95 3 105 60 58 91 15 10 103 100 39 101 74 99 98 108 69 51 5 32 82 73 57 52 16 106 28 49 67 56 12 47 26 104 13 102 1 6 38 53 50 34 4 89 62 87 63 61 96 86 21 18 45 68 109 94 44 42 59 85 107 19 77 23 79 75 7 11 35 9 8 54 92 17 46 29 27 24 55 90 31 97 
0 65 22 70 93 2 76 14 64 84 33 78 36 81 37 20 25 83 40 48 72 43 80 66 71 41 88 30 95 3 105 60 58 91 15 10 103 100 39 101 74 99 98 108 69 51 5 32 82 73 57 52 16 106 28 49 67 56 12 47 26 104 13 102 1 6 38 53 50 34 4 89 62 87 63 61 96 86 21 18 45 68 109 94 44 42 59 85 107 19 77 23 79 75 7 11 35 9 8 54 92 17 46 29 27 24 55 90 31 97 
0 65 22 70 93 2 76 14 64 84 33 78 36 81 37 20 25 83 40 48 72 43 80 66 71 41 88 30 95 3 105 60 58 91 15 10 103 100 39 101 74 99 98 108 69 51 5 32 82 73 57 52 16 106 28 49 67 56 12 47 26 104 13 102 1 6 38 53 50 34 4 89 62 87 63 61 96 86 21 18 45 68 109 94 44 42 59 85 107 19 77 23 79 75 7 11 35 9 8 54 92 17 46 29 27 24 55 90 31 97 
0 65 22 70 93 2 76 14 64 84 33 78 36 81 37 20 25 83 40 48 72 43 80 66 71 41 88 30 95 3 105 60 58 91 15 10 103 100 39 101 74 99 98 108 69 51 5 32 82 73 57 52 16 106 28 49 67 56 12 47 26 104 13 102 1 6 38 53 50 34 4 89 62 87 63 61 96 86 21 18 45 68 109 94 44 42 59 85 107 19 77 23 79 75 7 11 35 9 8 54 92 17 46 29 27 24 55 90 31 97 
0 65 22 70 93 2 76 14 64 84 33 78 36 81 37 20 25 83 40 48 72 43 80 66 71 41 88 30 95 3 105 60 58 91 15 10 103 100 39 101 74 99 98 108 69 51 5 32 82 73 57 52 16 106 28 49 67 56 12 47 26 104 13 102 1 6 38 53 50 34 4 89 62 87 63 61 96 86 21 18 45 68 109 94 44 42 59 85 107 19 77 23 79 75 7 11 35 9 8 54 92 17 46 29 27 24 55 90 31 97 
0 65 22 70 93 2 76 14 64 84 33 78 36 81 37 20 25 83 40 48 72 43 80 66 71 41 88 30 95 3 105 60 58 91 15 10 103 100 39 101 74 99 98 108 69 51 5 32 82 73 57 52 16 106 28 49 67 56 12 47 26 104 13 102 1 6 38 53 50 34 4 89 62 87 63 61 96 86 21 18 45 68 109 94 44 42 59 85 107 19 77 23 79 75 7 11 35 9 8 54 92 17 46 29 27 24 55 90 31 97 
0 65 22 70 93 2 76 14 64 84 33 78 36 81 37 20 25 83 40 48 72 43 80 66 71 41 88 30 95 3 105 60 58 91 15 10 103 100 39 101 74 99 98 108 69 51 5 32 82 73 57 52 16 106 28 49 67 56 12 47 26 104 13 102 1 6 38 53 50 34 4 89 62 87 63 61 96 86 21 18 45 68 109 94 44 42 59 85 107 19 77 23 79 75 7 11 35 9 8 54 92 17 46 29 27 24 55 90 31 97 
0 65 22 70 93 2 76 14 64 84 33 78 36 81 37 20 25 83 40 48 72 43 80 66 71 41 88 30 95 3 105 60 58 91 15 10 103 100 39 101 74 99 98 108 69 51 5 32 82 73 57 52 16 106 28 49 67 56 12 47 26 104 13 102 1 6 38 53 50 34 4 89 62 87 63 61 96 86 21 18 45 68 109 94 44 42 59 85 107 19 77 23 79 75 7 11 35 9 8 54 92 17 46 29 27 24 55 90 31 97 
0 65 22 70 93 2 76 14 64 84 33 78 36 81 37 20 25 83 40 48 72 43 80 66 71 41 88 30 95 3 105 60 58 91 15 10 103 100 39 101 74 99 98 108 69 51 5 32 82 73 57 52 16 106 28 49 67 56 12 47 26 104 13 102 1 6 38 53 50 34 4 89 62 87 63 61 96 86 21 18 45 68 109 94 44 42 59 85 107 19 77 23 79 75 7 11 35 9 8 54 92 17 46 29 27 24 55 90 31 97 
0 65 22 70 93 2 76 14 64 84 33 78 36 81 37 20 25 83 40 48 72 43 80 66 71 41 88 30 95 3 105 60 58 91 15 10 103 100 39 101 74 99 98 108 69 51 5 32 82 73 57 52 16 106 28 49 67 56 12 47 26 104 13 102 1 6 38 53 50 34 4 89 62 87 63 61 96 86 21 18 45 68 109 94 44 42 59 85 107 19 77 23 79 75 7 11 35 9 8 54 92 17 46 29 27 24 55 90 31 97 
0 65 22 70 93 2 76 14 64 84 33 78 36 81 37 20 25 83 40 48 72 43 80 66 71 41 88 30 95 3 105 60 58 91 15 10 103 100 39 101 74 99 98 108 69 51 5 32 82 73 57 52 16 106 28 49 67 56 12 47 26 104 13 102 1 6 38 53 50 34 4 89 62 87 63 61 96 86 21 18 45 68 109 94 44 42 59 85 107 19 77 23 79 75 7 11 35 9 8 54 92 17 46 29 27 24 55 90 31 97 
0 65 22 70 93 2 76 14 64 84 33 78 36 81 37 20 25 83 40 48 72 43 80 66 71 41 88 30 95 3 105 60 58 91 15 10 103 100 39 101 74 99 98 108 69 51 5 32 82 73 57 52 16 106 28 49 67 56 12 47 26 104 13 102 1 6 38 53 50 34 4 89 62 87 63 61 96 86 21 18 45 68 109 94 44 42 59 85 107 19 77 23 79 75 7 11 35 9 8 54 92 17 46 29 27 24 55 90 31 97 
0 65 22 70 93 2 76 14 64 84 33 78 36 81 37 20 25 83 40 48 72 43 80 66 71 41 88 30 95 3 105 60 58 91 15 10 103 100 39 101 74 99 98 108 69 51 5 32 82 73 57 52 16 106 28 49 67 56 12 47 26 104 13 102 1 6 38 53 50 34 4 89 62 87 63 61 96 86 21 18 45 68 109 94 44 42 59 85 107 19 77 23 79 75 7 11 35 9 8 54 92 17 46 29 27 24 55 90 31 97 
0 65 22 70 93 2 76 14 64 84 33 78 36 81 37 20 25 83 40 48 72 43 80 66 71 41 88 30 95 3 105 60 58 91 15 10 103 100 39 101 74 99 98 108 69 51 5 32 82 73 57 52 16 106 28 49 67 56 12 47 26 104 13 102 1 6 38 53 50 34 4 89 62 87 63 61 96 86 21 18 45 68 109 94 44 42 59 85 107 19 77 23 79 75 7 11 35 9 8 54 92 17 46 29 27 24 55 90 31 97 
0 65 22 70 93 2 76 14 64 84 33 78 36 81 37 20 25 83 40 48 72 43 80 66 71 41 88 30 95 3 105 60 58 91 15 10 103 100 39 101 74 99 98 108 69 51 5 32 82 73 57 52 16 106 28 49 67 56 12 47 26 104 13 102 1 6 38 53 50 34 4 89 62 87 63 61 96 86 21 18 45 68 109 94 44 42 59 85 107 19 77 23 79 75 7 11 35 9 8 54 92 17 46 29 27 24 55 90 31 97 
0 65 22 70 93 2 76 14 64 84 33 78 36 81 37 20 25 83 40 48 72 43 80 66 71 41 88 30 95 3 105 60 58 91 15 10 103 100 39 101 74 99 98 108 69 51 5 32 82 73 57 52 16 106 28 49 67 56 12 47 26 104 13 102 1 6 38 53 50 34 4 89 62 87 63 61 96 86 21 18 45 68 109 94 44 42 59 85 107 19 77 23 79 75 7 11 35 9 8 54 92 17 46 29 27 24 55 90 31 97 
0 65 22 70 93 2 76 14 64 84 33 78 36 81 37 20 25 83 40 48 72 43 80 66 71 41 88 30 95 3 105 60 58 91 15 10 103 100 39 101 74 99 98 108 69 51 5 32 82 73 57 52 16 106 28 49 67 56 12 47 26 104 13 102 1 6 38 53 50 34 4 89 62 87 63 61 96 86 21 18 45 68 109 94 44 42 59 85 107 19 77 23 79 75 7 11 35 9 8 54 92 17 46 29 27 24 55 90 31 97 
0 65 22 70 93 2 76 14 64 84 33 78 36 81 37 20 25 83 40 48 72 43 80 66 71 41 88 30 95 3 105 60 58 91 15 10 103 100 39 101 74 99 98 108 69 51 5 32 82 73 57 52 16 106 28 49 67 56 12 47 26 104 13 102 1 6 38 53 50 34 4 89 62 87 63 61 96 86 21 18 45 68 109 94 44 42 59 85 107 19 77 23 79 75 7 11 35 9 8 54 92 17 46 29 27 24 55 90 31 97 
0 65 22 70 93 2 76 14 64 84 33 78 36 81 37 20 25 83 40 48 72 43 80 66 71 41 88 30 95 3 105 60 58 91 15 10 103 100 39 101 74 99 98 108 69 51 5 32 82 73 57 52 16 106 28 49 67 56 12 47 26 104 13 102 1 6 38 53 50 34 4 89 62 87 63 61 96 86 21 18 45 68 109 94 44 42 59 85 107 19 77 23 79 75 7 11 35 9 8 54 92 17 46 29 27 24 55 90 31 97 
0 65 22 70 93 2 76 14 64 84 33 78 36 81 37 20 25 83 40 48 72 43 80 66 71 41 88 30 95 3 105 60 58 91 15 10 103 100 39 101 74 99 98 108 69 51 5 32 82 73 57 52 16 106 28 49 67 56 12 47 26 104 13 102 1 6 38 53 50 34 4 89 62 87 63 61 96 86 21 18 45 68 109 94 44 42 59 85 107 19 77 23 79 75 7 11 35 9 8 54 92 17 46 29 27 24 55 90 31 97 
0 65 22 70 93 2 76 14 64 84 33 78 36 81 37 20 25 83 40 48 72 43 80 66 71 41 88 30 95 3 105 60 58 91 15 10 103 100 39 101 74 99 98 108 69 51 5 32 82 73 57 52 16 106 28 49 67 56 12 47 26 104 13 102 1 6 38 53 50 34 4 89 62 87 63 61 96 86 21 18 45 68 109 94 44 42 59 85 107 19 77 23 79 75 7 11 35 9 8 54 92 17 46 29 27 24 55 90 31 97 
0 65 22 70 93 2 76 14 64 84 33 78 36 81 37 20 25 83 40 48 72 43 80 66 71 41 88 30 95 3 105 60 58 91 15 10 103 100 39 101 74 99 98 108 69 51 5 32 82 73 57 52 16 106 28 49 67 56 12 47 26 104 13 102 1 6 38 53 50 34 4 89 62 87 63 61 96 86 21 18 45 68 109 94 44 42 59 85 107 19 77 23 79 75 7 11 35 9 8 54 92 17 46 29 27 24 55 90 31 97 
0 65 22 70 93 2 76 14 64 84 33 78 36 81 37 20 25 83 40 48 72 43 80 66 71 41 88 30 95 3 105 60 58 91 15 10 103 100 39 101 74 99 98 108 69 51 5 32 82 73 57 52 16 106 28 49 67 56 12 47 26 104 13 102 1 6 38 53 50 34 4 89 62 87 63 61 96 86 21 18 45 68 109 94 44 42 59 85 107 19 77 23 79 75 7 11 35 9 8 54 92 17 46 29 27 24 55 90 31 97 
0 65 22 70 93 2 76 14 64 84 33 78 36 81 37 20 25 83 40 48 72 43 80 66 71 41 88 30 95 3 105 60 58 91 15 10 103 100 39 101 74 99 98 108 69 51 5 32 82 73 57 52 16 106 28 49 67 56 12 47 26 104 13 102 1 6 38 53 50 34 4 89 62 87 63 61 96 86 21 18 45 68 109 94 44 42 59 85 107 19 77 23 79 75 7 11 35 9 8 54 92 17 46 29 27 24 55 90 31 97 
0 65 22 70 93 2 76 14 64 84 33 78 36 81 37 20 25 83 40 48 72 43 80 66 71 41 88 30 95 3 105 60 58 91 15 10 103 100 39 101 74 99 98 108 69 51 5 32 82 73 57 52 16 106 28 49 67 56 12 47 26 104 13 102 1 6 38 53 50 34 4 89 62 87 63 61 96 86 21 18 45 68 109 94 44 42 59 85 107 19 77 23 79 75 7 11 35 9 8 54 92 17 46 29 27 24 55 90 31 97 
0 65 22 70 93 2 76 14 64 84 33 78 36 81 37 20 25 83 40 48 72 43 80 66 71 41 88 30 95 3 105 60 58 91 15 10 103 100 39 101 74 99 98 108 69 51 5 32 82 73 57 52 16 106 28 49 67 56 12 47 26 104 13 102 1 6 38 53 50 34 4 89 62 87 63 61 96 86 21 18 45 68 109 94 44 42 59 85 107 19 77 23 79 75 7 11 35 9 8 54 92 17 46 29 27 24 55 90 31 97 
0 65 22 70 93 2 76 14 64 84 33 78 36 81 37 20 25 83 40 48 72 43 80 66 71 41 88 30 95 3 105 60 58 91 15 10 103 100 39 101 74 99 98 108 69 51 5 32 82 73 57 52 16 106 28 49 67 56 12 47 26 104 13 102 1 6 38 53 50 34 4 89 62 87 63 61 96 86 21 18 45 68 109 94 44 42 59 85 107 19 77 23 79 75 7 11 35 9 8 54 92 17 46 29 27 24 55 90 31 97 
0 65 22 70 93 2 76 14 64 84 33 78 36 81 37 20 25 83 40 48 72 43 80 66 71 41 88 30 95 3 105 60 58 91 15 10 103 100 39 101 74 99 98 108 69 51 5 32 82 50 53 38 6 1 102 13 104 26 47 12 56 67 49 28 106 16 52 57 73 34 4 89 62 87 63 61 96 86 21 18 45 68 109 94 44 42 59 85 107 19 77 23 79 75 7 11 35 9 8 54 92 17 46 29 27 24 55 90 31 97 
0 65 22 70 93 2 76 34 4 89 50 53 6 38 1 102 13 104 26 47 12 56 67 49 28 106 16 52 57 73 82 32 5 51 69 108 98 99 74 101 39 100 103 10 15 91 58 60 105 3 95 30 88 41 71 66 80 43 72 14 64 84 33 78 36 81 37 20 25 83 40 48 62 87 63 61 96 86 21 18 45 68 109 94 44 42 59 85 107 19 77 23 79 75 7 11 35 9 8 54 92 17 46 29 27 24 55 90 31 97 
0 65 22 70 93 2 76 34 4 89 50 53 6 38 1 102 13 104 26 47 12 56 67 49 28 106 16 52 57 73 82 32 5 51 69 108 98 99 74 101 39 100 103 10 15 91 58 60 105 3 95 30 88 41 71 66 80 43 72 14 64 84 33 78 36 81 37 20 25 83 40 48 62 87 63 61 96 86 21 18 45 68 109 94 44 42 59 85 107 19 77 23 79 75 7 11 35 9 8 54 92 17 46 29 27 24 55 90 31 97 
0 65 22 70 93 2 76 34 4 89 50 53 6 38 1 102 13 104 26 47 12 56 67 49 28 106 16 52 57 73 82 32 5 51 69 108 98 99 74 101 39 100 103 10 15 91 58 60 105 3 95 30 88 41 71 66 80 43 72 14 64 84 33 78 36 81 37 20 25 83 40 48 62 87 63 61 96 86 21 18 45 68 109 94 44 42 59 85 107 19 77 23 79 75 7 11 35 9 8 54 92 17 46 29 27 24 55 90 31 97 
0 65 22 70 93 2 76 34 4 89 50 53 6 38 1 102 13 104 26 47 12 56 67 49 28 106 16 52 57 73 82 32 5 51 69 108 98 99 74 101 39 100 103 10 15 91 58 60 105 3 95 30 88 41 71 66 80 43 72 14 64 84 33 78 36 81 37 20 25 83 40 48 62 87 63 61 96 86 21 18 45 68 109 94 44 42 59 85 107 19 77 23 79 75 7 11 35 9 8 54 92 17 46 29 27 24 55 90 31 97 
0 65 22 70 93 2 76 34 4 89 50 53 6 38 1 102 13 104 26 47 12 56 67 49 28 106 16 52 57 73 82 32 5 51 69 108 98 99 74 101 39 100 103 10 15 91 58 60 105 3 95 30 88 41 71 66 80 43 72 14 64 84 33 78 36 81 37 20 25 83 40 48 62 87 63 61 96 86 21 18 45 68 109 94 44 42 59 85 107 19 77 23 79 75 7 11 35 9 8 54 92 17 46 29 27 24 55 90 31 97 
0 65 22 70 93 2 76 34 4 89 50 53 6 38 1 102 13 104 26 47 12 56 67 49 28 106 16 52 57 73 82 32 5 51 69 108 98 99 74 101 39 100 103 10 15 91 58 60 105 3 95 30 88 41 71 66 80 43 72 14 64 84 33 78 36 81 37 20 25 83 40 48 62 87 63 61 96 86 21 18 45 68 109 94 44 42 59 85 107 19 77 23 79 75 7 11 35 9 8 54 92 17 46 29 27 24 55 90 31 97 
0 65 22 70 93 2 76 34 4 89 50 53 6 38 1 102 13 104 26 47 12 56 67 49 28 106 16 52 57 73 82 32 5 51 69 108 98 99 74 101 39 100 103 10 15 91 58 60 105 3 95 30 88 41 71 66 80 43 72 14 64 84 33 78 36 81 37 20 25 83 40 48 62 87 63 61 96 86 21 18 45 68 109 94 44 42 59 85 107 19 77 23 79 75 7 11 35 9 8 54 92 17 46 29 27 24 55 90 31 97 
0 65 22 70 93 2 76 34 4 89 50 53 6 38 1 102 13 104 26 47 12 56 67 49 28 106 16 52 57 73 82 32 5 51 69 108 98 99 74 101 39 100 103 10 15 91 58 60 105 3 95 30 88 41 71 66 80 43 72 14 64 84 33 78 36 81 37 20 25 83 40 48 62 87 63 61 96 86 21 18 45 68 109 94 44 42 59 85 107 19 77 23 79 75 7 11 35 9 8 54 92 17 46 29 27 24 55 90 31 97 
0 65 22 70 93 2 76 34 4 89 50 53 6 38 1 102 13 104 26 47 12 56 67 49 28 106 16 52 57 73 82 32 5 51 69 108 98 99 74 101 39 100 103 10 15 91 58 60 105 3 95 30 88 41 71 66 80 43 72 14 64 84 33 78 36 81 37 20 25 83 40 48 62 87 63 61 96 86 21 18 45 68 109 94 44 42 59 85 107 19 77 23 79 75 7 11 35 9 8 54 92 17 46 29 27 24 55 90 31 97 
0 65 22 70 93 2 76 34 4 89 50 53 6 38 1 102 13 104 26 47 12 56 67 49 28 106 16 52 57 73 82 32 5 51 69 108 98 99 74 101 39 100 103 10 15 91 58 60 105 3 95 30 88 41 71 66 80 43 72 14 64 84 33 78 36 81 37 20 25 83 40 48 62 87 63 61 96 86 21 18 45 68 109 94 44 42 59 85 107 19 77 23 79 75 7 11 35 9 8 54 92 17 46 29 27 24 55 90 31 97 
0 65 22 70 93 2 76 64 84 33 78 36 81 37 20 25 83 40 48 72 43 80 66 71 41 88 30 95 3 105 60 58 91 15 10 103 100 39 101 74 99 98 108 14 69 51 5 32 82 73 57 52 16 106 28 49 67 56 12 47 26 104 13 102 1 6 38 53 50 34 4 89 62 87 63 61 96 86 21 18 45 68 109 94 44 42 59 85 107 19 77 23 79 75 7 11 35 9 8 54 92 17 46 29 27 24 55 90 31 97 
0 65 22 70 93 2 76 14 64 84 33 78 36 81 37 20 25 83 40 48 72 43 80 66 71 41 88 30 95 3 105 60 58 91 15 10 103 100 39 101 74 99 98 108 69 51 5 32 82 73 57 52 16 106 28 49 67 56 12 47 26 104 13 102 1 6 38 53 50 89 4 34 62 87 63 61 96 86 21 18 45 68 109 94 44 42 59 85 107 19 77 23 79 75 7 11 35 9 8 54 92 17 46 29 27 24 55 90 31 97 
0 65 22 70 93 2 76 14 64 84 33 78 36 81 37 20 25 83 40 48 72 43 80 66 71 41 88 30 95 3 105 60 58 91 15 10 103 100 39 101 74 99 98 108 69 51 5 32 82 73 57 52 16 106 28 49 67 56 12 47 26 104 13 102 1 6 38 53 50 89 4 34 62 87 63 61 96 86 21 18 45 68 109 94 44 42 59 85 107 19 77 23 79 75 7 11 35 9 8 54 92 17 46 29 27 24 55 90 31 97 
0 65 22 70 93 2 76 14 64 84 33 78 36 81 37 20 25 83 40 48 72 43 80 66 71 41 88 30 95 3 105 60 58 91 15 10 103 100 39 101 74 99 98 108 69 51 5 32 82 73 57 52 16 106 28 49 67 56 12 47 26 104 13 102 1 6 38 53 50 89 4 34 62 87 63 61 96 86 21 18 45 68 109 94 44 42 59 85 107 19 77 23 79 75 7 11 35 9 8 54 92 17 46 29 27 24 55 90 31 97 
0 65 22 70 93 2 76 14 64 84 33 78 36 81 37 20 25 83 40 48 72 43 80 66 71 41 88 30 95 3 105 60 58 91 15 10 103 100 39 101 74 99 98 108 69 51 5 32 82 73 57 52 16 106 28 49 67 56 12 47 26 104 13 102 1 6 38 53 50 89 4 34 62 87 63 61 96 86 21 18 45 68 109 94 44 42 59 85 107 19 77 23 79 75 7 11 35 9 8 54 92 17 46 29 27 24 55 90 31 97 
0 65 22 70 93 2 76 14 64 84 33 78 36 81 37 20 25 83 40 48 72 43 80 66 71 41 88 30 95 3 105 60 58 91 15 10 103 100 39 101 74 99 98 108 69 51 5 32 82 73 57 52 16 106 28 49 67 56 12 47 26 104 13 102 1 6 38 53 50 89 4 34 62 87 63 61 96 86 21 18 45 68 109 94 44 42 59 85 107 19 77 23 79 75 7 11 35 9 8 54 92 17 46 29 27 24 55 90 31 97 
0 65 22 70 93 2 76 14 64 84 33 78 36 81 37 20 25 83 40 48 72 43 80 66 71 41 88 30 95 3 105 60 58 91 15 10 103 100 39 101 74 99 98 108 69 51 5 32 82 73 57 52 16 106 28 49 67 56 12 47 26 104 13 102 1 6 38 53 50 89 4 34 62 87 63 61 96 86 21 18 45 68 109 94 44 42 59 85 107 19 77 23 79 75 7 11 35 9 8 54 92 17 46 29 27 24 55 90 31 97 
0 65 22 70 93 2 76 14 64 84 33 78 36 81 37 20 25 83 40 48 72 43 80 66 71 41 88 30 95 3 105 60 58 91 15 10 103 100 39 101 74 99 98 108 69 51 5 32 82 73 57 52 16 106 28 49 67 56 12 47 26 104 13 102 1 6 38 53 50 89 4 34 62 87 63 61 96 86 21 18 45 68 109 94 44 42 59 85 107 19 77 23 79 75 7 11 35 9 8 54 92 17 46 29 27 24 55 90 31 97 
0 65 22 70 93 2 76 14 64 84 33 78 36 81 37 20 25 83 40 48 72 43 80 66 71 41 88 30 95 3 105 60 58 91 15 10 103 100 39 101 74 99 98 108 69 51 5 32 82 73 57 52 16 106 28 49 67 56 12 47 26 104 13 102 1 6 38 53 50 89 4 34 62 87 63 61 96 86 21 18 45 68 109 94 44 42 59 85 107 19 77 23 79 75 7 11 35 9 8 54 92 17 46 29 27 24 55 90 31 97 
0 65 22 70 93 2 76 14 64 84 33 78 36 81 37 20 25 83 40 48 72 43 80 66 71 41 88 30 95 3 105 60 58 91 15 10 103 100 39 101 74 99 98 108 69 51 5 32 82 73 57 52 16 106 28 49 67 56 12 47 26 104 13 102 1 6 38 53 50 89 4 34 62 87 63 61 96 86 21 18 45 68 109 94 44 42 59 85 107 19 77 23 79 75 7 11 35 9 8 54 92 17 46 29 27 24 55 90 31 97 
0 65 22 70 93 2 76 14 64 84 33 78 36 81 37 20 25 83 40 48 72 43 80 66 71 41 88 30 95 3 105 60 58 91 15 10 103 100 39 101 74 99 98 108 69 51 5 32 82 73 57 52 16 106 28 49 67 56 12 47 26 104 13 102 1 6 38 53 50 89 4 34 62 87 63 61 96 86 21 18 45 68 109 94 44 42 59 85 107 19 77 23 79 75 7 11 35 9 8 54 92 17 46 29 27 24 55 90 31 97 
0 65 22 70 93 2 76 14 64 84 33 78 36 81 37 20 25 83 40 48 72 43 80 66 71 41 88 30 95 3 105 60 58 91 15 10 103 100 39 101 74 99 98 108 69 51 5 32 82 73 57 52 16 106 28 49 67 56 12 47 26 104 13 102 1 6 38 53 50 89 4 34 62 87 63 96 61 86 21 18 45 68 109 94 44 42 59 85 107 19 77 23 79 75 7 11 35 9 8 54 92 17 46 29 27 24 55 90 31 97 
0 65 22 70 93 2 76 14 64 84 33 78 36 34 4 89 50 53 6 38 1 102 13 104 26 47 12 56 67 49 28 106 16 52 57 73 82 32 5 51 69 108 98 99 74 101 39 100 103 10 15 91 58 60 105 3 95 30 88 41 71 66 80 43 72 81 37 20 25 83 40 48 62 87 63 61 96 86 21 18 45 68 109 94 44 42 59 85 107 19 77 23 79 75 7 11 35 9 8 54 92 17 46 29 27 24 55 90 31 97 
0 65 22 70 93 2 76 14 64 84 33 78 36 37 20 25 83 40 48 72 43 80 66 71 41 88 30 95 3 105 60 58 91 15 10 103 100 39 101 74 99 98 108 69 81 51 5 32 82 73 57 52 16 106 28 49 67 56 12 47 26 104 13 102 1 6 38 53 50 34 4 89 62 87 63 61 96 86 21 18 45 68 109 94 44 42 59 85 107 19 77 23 79 75 7 11 35 9 8 54 92 17 46 29 27 24 55 90 31 97 
0 65 22 70 93 2 76 14 64 84 33 78 36 81 37 20 25 83 40 48 72 43 80 66 71 41 88 30 95 3 105 60 58 91 15 10 103 100 39 101 74 99 98 108 69 51 5 32 82 53 38 6 1 102 13 104 26 47 12 56 67 49 28 106 16 52 57 73 50 89 4 34 62 87 63 61 96 86 21 18 45 68 109 94 44 42 59 85 107 19 77 23 79 75 7 11 35 9 8 54 92 17 46 29 27 24 55 90 31 97 
0 65 22 70 93 2 76 34 4 89 50 53 6 38 1 102 13 104 26 47 12 56 67 49 28 106 16 52 57 73 82 32 5 51 69 108 98 99 74 101 39 100 103 10 15 91 58 60 105 3 95 30 88 41 71 66 80 43 72 14 64 84 33 78 36 81 37 20 25 83 40 48 62 87 63 61 96 86 21 18 45 68 109 94 44 42 59 85 107 19 77 79 23 75 7 11 35 9 8 54 92 17 46 29 27 24 55 90 31 97 
0 65 22 70 93 2 76 14 64 84 73 78 36 81 37 20 25 83 40 48 72 43 80 66 71 41 88 30 95 3 105 60 58 91 15 10 103 100 39 101 74 99 98 108 69 51 5 32 82 33 57 52 16 106 28 49 67 56 12 47 26 104 13 102 1 6 38 53 50 34 4 89 62 87 63 61 96 86 21 18 45 68 109 94 44 42 59 85 107 19 77 23 79 75 7 11 35 9 8 54 92 17 46 29 27 24 55 90 31 97 
0 65 22 70 93 2 76 14 64 84 33 78 36 81 37 20 25 83 40 48 72 43 80 66 71 41 88 30 95 3 105 60 58 91 15 10 103 39 101 74 100 99 98 108 69 51 5 32 82 73 57 52 16 106 28 49 67 56 12 47 26 104 13 102 1 6 38 53 50 34 4 89 62 87 63 61 96 86 21 18 45 68 109 94 44 42 59 85 107 19 77 23 79 75 7 11 35 9 8 54 92 17 46 29 27 24 55 90 31 97 
0 65 22 70 93 2 76 14 64 84 33 78 36 81 37 20 25 83 40 48 72 43 80 66 71 41 88 30 95 3 105 60 52 57 73 82 32 5 51 69 108 98 99 74 101 39 100 103 10 15 91 58 16 106 28 49 67 56 12 47 26 104 13 102 1 6 38 53 50 34 4 89 62 87 63 61 96 86 21 18 45 68 109 94 44 42 59 85 107 19 77 23 79 75 7 11 35 9 8 54 92 17 46 29 27 24 55 90 31 97 
0 65 22 70 93 2 76 14 64 84 33 78 36 81 37 20 25 83 40 48 72 49 28 106 16 52 57 73 82 32 5 51 69 108 98 99 74 101 39 100 103 10 15 91 58 60 105 3 95 30 88 41 71 66 80 43 67 56 12 47 26 104 13 102 1 6 38 53 50 89 4 34 62 87 63 61 96 86 21 18 45 68 109 94 44 42 59 85 107 19 77 23 79 75 7 11 35 9 8 54 92 17 46 29 27 24 55 90 31 97 
0 65 22 70 93 2 76 14 64 84 33 78 36 81 37 20 25 83 40 48 72 43 80 66 71 41 88 30 95 3 105 60 58 91 15 10 103 100 39 101 74 99 98 108 69 51 5 32 82 73 57 52 16 106 28 49 67 56 12 47 26 104 13 102 1 6 38 53 50 34 4 89 62 87 63 61 96 86 21 18 45 68 109 94 44 42 59 85 107 19 77 23 79 75 7 11 35 9 8 54 92 17 46 29 27 24 55 97 31 90 
0 65 22 70 93 2 76 14 64 84 33 78 36 81 37 20 25 83 40 48 72 43 80 66 71 50 53 38 6 1 102 13 104 26 47 12 56 67 49 28 106 16 52 57 73 82 32 5 51 69 108 98 99 74 101 39 100 103 10 15 91 58 60 105 3 95 30 88 41 34 4 89 87 63 61 96 86 21 18 62 45 68 109 94 44 42 59 85 107 19 77 23 79 75 7 11 35 9 8 54 92 17 46 29 27 24 55 90 31 97 
0 65 22 70 93 2 76 14 64 84 33 78 36 81 37 20 25 83 40 48 72 43 34 66 71 41 88 30 95 3 105 60 58 91 15 10 103 100 39 101 74 99 98 108 69 51 5 32 82 73 57 52 16 106 28 49 67 56 12 47 26 104 13 102 1 6 38 53 50 80 4 89 62 87 63 61 96 86 21 18 45 68 109 94 44 42 59 85 107 19 77 23 79 75 7 11 35 9 8 54 92 17 46 29 27 24 55 90 31 97 
0 65 22 70 93 2 76 14 64 84 33 78 36 81 37 20 25 83 40 48 72 43 80 66 71 41 88 30 95 3 105 60 58 91 15 10 103 100 39 101 74 99 98 108 69 51 5 32 82 73 57 52 16 106 28 49 67 56 12 47 26 104 13 102 1 6 38 53 50 34 4 89 62 87 63 61 96 86 21 18 45 68 109 94 44 42 59 85 19 77 23 79 75 107 7 11 35 9 8 54 92 17 46 29 27 24 55 90 31 97 
0 65 22 70 93 2 76 14 16 84 33 78 36 81 37 20 25 83 40 48 72 43 80 66 71 41 88 30 95 3 105 60 58 91 15 10 103 100 39 101 74 99 98 108 69 51 5 32 82 73 57 52 64 106 28 49 67 56 12 47 26 104 13 102 1 6 38 53 50 34 4 89 62 87 63 61 96 86 21 18 45 68 109 94 44 42 59 85 107 19 77 23 79 75 7 11 35 9 8 54 92 17 46 29 27 24 55 90 31 97 
0 65 22 70 93 2 76 14 64 84 33 36 81 37 20 25 83 40 48 72 43 80 66 71 41 88 30 95 3 105 60 58 91 15 10 78 103 100 39 101 74 99 98 108 69 51 5 32 82 73 57 52 16 106 28 49 67 56 12 47 26 104 13 102 1 6 38 53 50 89 4 34 62 87 63 61 96 86 21 18 45 68 109 94 44 42 59 85 107 19 77 23 79 75 7 11 35 9 8 54 92 17 46 29 27 24 55 90 31 97 
0 65 22 70 93 2 76 14 64 84 33 78 36 81 37 20 25 83 40 48 72 43 80 66 71 41 88 30 95 3 105 60 58 91 15 10 103 100 39 101 74 99 98 108 69 51 5 32 82 73 57 52 16 106 28 49 67 56 12 47 26 104 13 102 1 6 38 53 50 34 4 89 62 87 63 61 96 86 21 18 45 68 109 94 44 42 59 85 107 19 77 23 79 75 7 11 35 8 54 92 17 46 29 9 27 24 55 90 31 97 
0 65 22 70 93 2 76 14 64 84 33 78 36 81 37 20 25 83 40 48 72 43 80 66 71 41 88 30 95 3 105 60 58 91 15 10 103 100 39 101 74 99 98 108 69 51 5 32 82 73 57 52 16 106 28 49 67 56 12 47 26 104 13 102 1 6 38 53 50 34 4 89 62 87 63 61 96 86 21 18 45 68 109 94 44 42 59 85 107 19 77 23 79 75 7 35 9 8 54 11 92 17 46 29 27 24 55 90 31 97 
0 65 22 70 93 2 76 14 64 84 33 78 36 81 37 20 25 83 40 48 72 43 80 66 71 41 88 30 95 3 105 60 58 91 15 10 103 100 32 5 51 69 108 98 99 74 101 39 82 73 57 52 16 106 28 49 67 56 12 47 26 104 13 102 1 6 38 53 50 34 4 89 62 87 63 61 96 86 21 18 45 68 109 94 44 42 59 85 107 19 77 23 79 75 7 11 35 9 8 54 92 17 46 29 27 24 55 90 31 97 
0 65 22 70 93 2 76 34 4 89 50 53 6 38 1 102 13 104 26 47 12 56 67 49 28 106 14 64 84 33 78 36 81 37 20 25 83 40 48 72 43 80 66 71 41 88 30 95 3 105 60 58 91 15 10 103 100 39 101 74 99 98 108 69 51 5 32 82 73 57 52 16 62 87 63 61 96 86 21 18 45 68 109 94 44 42 59 85 107 19 77 23 79 75 7 11 35 9 8 54 92 17 46 29 27 24 55 90 31 97 
0 65 22 70 93 2 76 14 64 84 33 78 36 81 37 20 25 83 40 48 72 43 80 66 71 41 88 30 95 3 105 60 58 91 15 10 103 100 39 101 74 99 98 108 69 51 5 32 82 73 57 52 16 106 50 49 67 56 12 47 26 104 13 102 1 6 38 53 28 34 4 89 62 87 63 61 96 86 21 18 45 68 109 94 44 42 59 85 107 19 77 23 79 75 7 11 35 9 8 54 92 17 46 29 27 24 55 90 31 97 
0 65 22 70 93 2 76 14 64 84 33 78 36 81 37 20 25 83 40 48 72 43 80 66 71 41 88 30 95 3 105 60 58 91 15 10 103 100 39 101 74 99 98 108 69 51 5 32 82 73 57 52 16 106 28 49 67 56 12 47 26 104 13 102 1 6 38 53 50 34 4 89 62 87 63 61 96 86 21 18 45 68 109 94 44 42 59 85 107 19 77 23 79 75 7 11 35 9 8 54 92 17 46 29 27 55 90 24 31 97 
0 65 22 70 93 2 76 14 64 84 33 78 36 81 37 20 25 4 40 48 72 43 80 66 71 41 88 30 95 3 105 60 58 91 15 10 103 100 39 101 74 99 98 108 69 51 5 32 82 73 57 52 16 106 28 49 67 56 12 47 26 104 13 102 1 6 38 53 50 34 83 89 62 87 63 61 96 86 21 18 45 68 109 94 44 42 59 85 107 19 77 23 79 75 7 11 35 9 8 54 92 17 46 29 27 24 55 90 31 97 
0 65 22 70 93 2 76 14 64 100 103 10 15 91 58 60 105 3 95 30 88 41 71 66 80 43 72 48 40 83 25 20 37 81 36 78 33 84 39 101 74 99 98 108 69 51 5 32 82 73 57 52 16 106 28 49 67 56 12 47 26 104 13 102 1 6 38 53 50 89 4 34 62 87 63 61 96 86 21 18 45 68 109 94 44 42 59 85 107 19 77 23 79 75 7 11 35 9 8 54 92 17 46 29 27 24 55 90 31 97 
0 65 22 70 93 2 76 34 4 89 50 53 6 38 1 102 13 104 26 47 12 56 67 49 28 106 16 52 57 73 82 32 5 51 69 108 98 99 74 101 39 100 103 10 15 91 14 64 84 33 78 36 81 37 20 25 83 40 48 72 43 80 66 71 41 88 30 95 3 105 60 58 62 87 63 61 96 86 21 18 45 68 109 94 44 42 59 85 107 19 77 23 79 75 7 11 35 9 8 54 92 17 46 29 27 24 55 90 31 97 
0 65 22 70 93 2 76 34 4 89 50 53 6 38 1 102 13 104 26 47 12 56 67 49 28 106 16 52 57 73 82 32 5 51 69 108 98 99 74 101 39 100 103 10 15 91 14 64 84 33 78 36 81 37 20 25 83 40 48 72 43 80 66 71 41 88 30 95 3 105 60 58 62 87 63 61 96 86 21 18 45 68 109 94 44 42 59 85 107 19 77 23 79 75 7 11 35 9 8 54 92 17 46 29 27 24 55 90 31 97 
0 65 22 70 93 2 76 14 64 84 33 78 36 81 37 20 25 83 40 48 72 43 80 66 71 41 88 30 95 3 105 60 58 91 67 15 10 103 100 39 101 74 99 98 108 69 51 5 32 82 73 57 52 16 106 28 49 56 12 47 26 104 13 102 1 6 38 53 50 89 4 34 62 87 63 61 96 86 21 18 45 68 109 94 44 42 59 85 107 19 77 23 79 75 7 11 35 9 8 54 92 17 46 29 27 24 55 90 31 97 
0 65 22 70 93 2 76 14 64 84 33 78 36 81 37 20 25 83 40 48 72 43 80 66 71 41 88 30 95 3 105 60 58 91 15 10 103 100 39 101 74 99 98 108 69 51 5 32 34 4 89 50 53 6 38 1 102 13 104 26 47 12 56 67 49 28 106 16 52 57 73 82 62 87 63 61 96 86 21 18 45 68 109 94 44 42 59 85 107 19 77 23 79 75 7 11 35 9 8 54 92 17 46 29 27 24 55 90 31 97 
0 65 22 70 93 2 76 14 64 84 33 78 36 81 37 20 25 83 40 48 72 43 80 66 71 41 88 30 95 3 105 60 58 91 15 10 103 100 39 101 74 99 98 108 69 51 5 32 82 73 57 52 16 106 28 49 67 56 12 47 26 104 13 102 1 6 38 53 50 89 4 34 62 87 63 61 96 86 21 18 45 68 109 94 44 42 59 107 19 77 23 79 75 7 11 35 9 8 54 92 85 17 46 29 27 24 55 90 31 97 
0 65 22 70 93 2 76 14 64 84 33 78 36 81 37 20 25 83 40 48 72 43 80 66 71 41 88 30 95 3 105 60 58 91 15 10 103 100 39 101 74 99 98 108 69 51 5 32 82 73 57 52 16 106 28 49 67 56 12 47 26 104 13 102 6 38 53 50 1 89 4 34 62 87 63 61 96 86 21 18 45 68 109 94 44 42 59 85 107 19 77 23 79 75 7 11 35 9 8 54 92 17 46 29 27 24 55 90 31 97 
0 65 22 4 34 50 53 38 6 1 102 13 104 26 47 12 56 67 49 28 106 16 52 57 73 82 32 5 51 69 108 98 99 74 101 39 100 103 10 15 91 58 60 105 3 95 30 88 41 71 66 80 43 72 48 40 83 25 20 37 81 36 78 33 84 64 14 76 2 93 70 89 62 87 63 61 96 86 21 18 45 68 109 94 44 42 59 85 107 19 77 23 79 75 7 11 35 9 8 54 92 17 46 29 27 24 55 90 31 97 
0 65 22 70 93 2 76 81 4 89 50 53 6 38 1 102 13 104 26 47 12 56 67 49 28 106 16 52 57 73 82 32 5 51 69 108 98 99 74 101 39 100 103 10 15 91 58 60 105 3 95 30 88 41 71 66 80 43 72 14 64 84 33 78 36 34 37 20 25 83 40 48 62 87 63 61 96 86 21 18 45 68 109 94 44 42 59 85 107 19 77 23 79 75 7 11 35 9 8 54 92 17 46 29 27 24 55 90 31 97 
0 65 22 70 93 2 76 34 4 89 50 53 6 38 1 102 13 104 26 47 12 56 67 49 28 106 16 52 57 73 82 32 5 51 69 108 80 99 74 101 39 100 103 10 15 91 58 60 105 3 95 30 88 41 71 66 98 43 72 14 64 84 33 78 36 81 37 20 25 83 40 48 62 87 63 61 96 86 21 18 45 68 109 94 44 42 59 85 107 19 77 23 79 75 7 11 35 9 8 54 92 17 46 29 27 24 55 90 31 97 
0 65 22 70 93 2 76 14 64 84 33 78 36 81 37 20 25 83 40 48 72 43 80 66 71 41 88 30 95 3 105 60 58 91 15 10 103 100 39 101 74 99 98 108 69 51 5 32 82 73 57 52 16 106 28 49 67 56 12 47 26 104 13 102 1 6 38 53 50 34 4 89 62 87 63 61 96 86 21 18 45 68 109 44 42 59 85 107 19 77 23 79 75 7 11 94 35 9 8 54 92 17 46 29 27 24 55 90 31 97 
0 65 22 70 93 2 76 14 64 84 33 78 36 81 37 20 25 83 40 48 72 43 80 66 71 41 88 30 95 3 105 60 58 91 15 10 103 100 39 101 74 99 98 108 69 51 5 32 82 73 57 52 16 106 28 49 67 56 12 47 26 104 102 1 6 38 53 34 4 89 50 13 62 87 63 61 96 86 21 18 45 68 109 94 44 42 59 85 107 19 77 23 79 75 7 11 35 9 8 54 92 17 46 29 27 24 55 90 31 97 
0 65 22 70 93 2 76 14 64 84 33 78 36 81 37 20 25 83 40 48 72 43 80 66 71 41 88 30 95 3 105 60 58 91 15 10 103 100 39 101 74 99 98 108 69 51 5 32 82 73 57 52 16 106 28 49 67 56 12 47 26 104 13 102 1 6 38 53 50 44 89 4 34 62 87 63 61 96 86 21 18 45 68 109 94 42 59 85 107 19 77 23 79 75 7 11 35 9 8 54 92 17 46 29 27 24 55 90 31 97 
0 65 22 70 93 2 76 14 64 84 33 78 36 81 37 20 25 83 40 48 72 43 80 66 71 41 88 30 95 3 105 60 58 91 15 10 103 100 39 101 74 99 98 108 69 51 5 32 82 73 57 52 16 106 28 49 67 56 12 47 26 104 13 102 1 6 38 53 50 34 4 89 62 87 63 61 96 86 21 18 45 68 109 94 44 42 59 85 107 19 77 23 79 75 7 11 35 9 8 54 17 46 29 27 24 55 92 90 31 97 
0 65 22 70 93 2 76 14 64 84 33 78 36 62 89 4 34 50 53 38 6 1 102 13 104 26 47 12 56 67 49 28 106 16 52 57 73 82 32 5 51 69 108 98 99 74 101 39 100 103 10 15 91 58 60 105 3 95 30 88 41 71 66 80 43 72 48 40 83 25 20 37 81 87 63 61 96 86 21 18 45 68 109 94 44 42 59 85 107 19 77 23 79 75 7 11 35 9 8 54 92 17 46 29 27 24 55 90 31 97 
0 65 22 93 2 76 14 64 84 33 78 70 36 81 37 20 25 83 40 48 72 43 80 66 71 41 88 30 95 3 105 60 58 91 15 10 103 100 39 101 74 99 98 108 69 51 5 32 82 73 57 52 16 106 28 49 67 56 12 47 26 104 13 102 1 6 38 53 50 89 4 34 62 87 63 61 96 86 21 18 45 68 109 94 44 42 59 85 107 19 77 23 79 75 7 11 35 9 8 54 92 17 46 29 27 24 55 90 31 97 
0 65 22 70 93 2 76 14 64 84 33 78 36 81 37 20 25 83 40 13 104 26 47 12 56 67 49 28 106 16 52 57 73 82 32 5 51 69 108 98 99 74 101 39 100 103 10 15 91 58 60 105 3 95 30 88 41 71 66 80 43 72 48 102 1 6 38 53 50 34 4 89 62 87 63 61 96 86 21 18 45 68 109 94 44 42 59 85 107 19 77 23 79 75 7 11 35 9 8 54 92 17 46 29 27 24 55 90 31 97 
0 65 22 70 93 2 76 34 4 89 50 53 6 38 1 13 104 26 47 12 56 67 49 28 106 16 52 57 73 82 32 5 51 69 108 98 14 64 84 33 78 36 81 37 20 25 83 40 48 72 43 80 66 71 41 88 30 95 3 105 60 58 91 15 10 103 100 39 101 74 99 102 62 87 63 61 96 86 21 18 45 68 109 94 44 42 59 85 107 19 77 23 79 75 7 11 35 9 8 54 92 17 46 29 27 24 55 90 31 97 
0 65 22 70 93 2 76 14 64 84 33 78 36 81 37 20 25 83 40 48 72 43 80 66 71 88 30 95 3 105 60 58 91 15 10 103 100 39 101 74 99 98 108 69 51 5 32 82 73 57 52 16 106 28 49 67 56 12 47 26 104 13 102 1 6 38 53 50 89 4 34 62 41 87 63 61 96 86 21 18 45 68 109 94 44 42 59 85 107 19 77 23 79 75 7 11 35 9 8 54 92 17 46 29 27 24 55 90 31 97 
0 65 22 70 93 2 76 14 64 51 33 78 36 81 37 20 25 83 40 48 72 43 80 66 71 41 88 30 95 3 105 60 58 91 15 10 103 100 39 101 74 99 98 108 69 84 5 32 82 73 57 52 16 106 28 49 67 56 12 47 26 104 13 102 1 6 38 53 50 34 4 89 62 87 63 61 96 86 21 18 45 68 109 94 44 42 59 85 107 19 77 23 79 75 7 11 35 9 8 54 92 17 46 29 27 24 55 90 31 97 
0 65 22 70 93 2 76 14 64 84 33 78 36 81 37 20 25 40 48 72 43 80 66 71 41 88 30 95 3 105 60 58 91 15 10 103 100 39 101 74 99 98 108 69 51 5 32 82 73 57 52 16 106 28 49 67 56 12 47 26 104 13 102 1 6 38 53 50 34 4 89 62 87 63 61 83 96 86 21 18 45 68 109 94 44 42 59 85 107 19 77 23 79 75 7 11 35 9 8 54 92 17 46 29 27 24 55 90 31 97 
0 65 22 70 93 2 76 14 64 84 33 78 36 81 37 20 25 83 40 48 72 43 80 66 71 41 88 30 95 3 105 60 58 91 15 10 103 100 39 101 74 99 98 67 69 51 5 32 82 73 57 52 16 106 28 49 108 56 12 47 26 104 13 102 1 6 38 53 50 34 4 89 62 87 63 61 96 86 21 18 45 68 109 94 44 42 59 85 107 19 77 23 79 75 7 11 35 9 8 54 92 17 46 29 27 24 55 90 31 97 
0 65 22 70 93 2 76 14 64 84 33 78 36 81 37 97 31 90 55 24 27 29 46 17 92 54 8 9 35 11 7 75 79 23 77 19 107 85 59 42 44 94 109 68 45 18 21 86 96 61 63 87 62 34 4 89 50 53 38 6 1 102 13 104 26 47 12 56 67 49 28 106 16 52 57 73 82 32 5 51 69 108 98 99 74 101 39 100 103 10 15 91 58 60 105 3 95 30 88 41 71 66 80 43 72 48 40 83 25 20 
0 65 22 70 93 2 76 14 64 84 33 78 36 81 37 20 25 83 40 48 72 43 80 66 71 41 88 30 95 3 105 60 58 91 15 10 103 100 39 101 74 99 98 108 69 51 34 4 89 50 53 6 38 1 102 13 104 26 47 12 56 67 49 28 106 16 52 57 73 82 32 5 62 87 63 61 96 86 21 18 45 68 109 94 44 42 59 85 107 19 77 23 79 75 7 11 35 9 8 54 92 17 46 29 27 24 55 97 90 31 
0 65 22 70 93 2 76 14 64 84 33 78 36 81 37 20 25 83 40 48 72 43 80 66 71 41 88 30 95 3 105 60 58 91 15 10 103 100 39 101 74 99 98 108 69 51 5 32 82 73 57 52 16 106 28 49 67 56 12 47 26 104 13 102 1 6 38 53 50 89 4 34 62 87 63 61 96 86 21 18 45 68 109 94 42 59 85 107 19 77 23 79 75 7 11 35 9 8 44 54 92 17 46 29 27 24 55 90 31 97 
0 65 22 70 93 2 76 34 4 89 62 53 6 38 1 102 13 104 26 47 12 56 67 49 28 106 16 52 57 73 82 32 5 51 69 108 98 99 74 101 39 100 103 10 15 91 58 60 105 3 95 30 88 41 71 66 80 43 72 14 64 84 33 78 36 81 37 20 25 83 40 48 50 87 63 61 96 86 21 18 45 68 109 94 44 42 59 85 107 19 77 23 79 75 7 11 35 9 8 54 92 17 46 29 27 24 55 90 31 97 
0 65 22 70 93 2 76 61 96 86 21 18 45 68 109 94 44 83 40 48 72 43 80 66 71 41 88 30 95 3 105 60 58 91 15 10 103 100 39 101 74 99 98 108 69 51 5 32 82 73 57 52 16 106 28 49 67 56 12 47 26 104 13 102 1 6 38 53 50 34 4 89 62 87 63 14 64 84 33 78 36 81 37 20 25 42 59 85 107 19 77 23 79 75 7 11 35 9 8 54 92 17 46 29 27 24 55 90 31 97 
0 65 22 70 93 2 76 14 64 84 33 78 36 81 37 20 25 83 40 48 72 43 80 66 71 41 88 30 95 3 105 60 58 34 4 89 50 53 6 38 1 102 13 104 26 47 12 56 91 15 10 100 39 101 74 99 98 108 69 51 5 32 103 82 73 57 52 16 106 28 49 67 62 87 63 61 96 86 21 18 45 68 109 94 44 42 59 85 107 19 77 23 79 75 7 11 35 9 8 54 92 17 46 29 27 24 55 90 31 97 
0 65 22 70 93 2 76 14 64 84 33 78 36 81 37 20 25 83 40 48 26 104 13 102 1 6 38 53 50 34 4 89 62 87 63 61 96 86 21 18 45 68 109 94 44 42 5 32 82 73 57 52 16 106 28 49 67 56 12 47 72 43 80 66 71 41 88 30 95 3 105 60 58 91 15 10 103 100 39 101 74 99 98 108 69 51 59 85 107 19 77 23 79 75 7 11 35 9 8 54 92 17 46 29 27 24 55 90 31 97 
0 65 22 70 93 2 76 14 64 84 33 78 36 81 37 20 25 83 40 48 72 43 80 66 71 41 88 30 95 3 105 60 58 91 15 10 103 1 102 13 104 26 47 12 56 67 49 28 106 16 52 57 73 82 32 5 51 69 108 98 99 74 101 39 100 6 38 53 50 34 4 89 62 87 63 61 96 86 21 18 45 68 109 94 44 42 59 85 107 19 77 23 79 75 7 11 35 9 8 54 92 17 46 29 27 24 55 90 31 97 
0 65 22 70 93 2 76 14 64 84 33 78 36 81 37 20 25 83 40 48 72 43 80 66 71 41 88 30 95 3 105 60 58 91 15 10 103 100 39 101 74 99 98 108 69 51 5 32 82 73 57 52 16 106 28 49 67 56 12 47 26 104 13 102 1 6 38 53 50 34 4 89 62 87 63 61 96 86 21 18 45 68 109 94 44 42 59 97 107 19 77 23 79 75 7 11 35 9 8 54 92 17 46 29 27 24 55 90 31 85 
0 65 22 70 93 2 76 14 64 84 33 78 36 81 37 20 25 83 40 48 72 43 80 66 71 41 88 30 95 3 105 60 58 91 15 10 103 100 39 101 74 99 98 108 69 51 5 32 82 73 57 52 16 106 28 49 67 56 12 47 26 104 13 102 1 6 38 53 109 94 44 42 59 85 107 19 77 23 79 75 45 68 50 34 4 89 62 87 63 61 96 86 21 18 7 11 35 9 8 54 92 17 46 29 27 24 55 90 31 97 
0 65 22 70 93 2 76 14 64 84 33 78 36 81 37 20 25 83 40 48 72 43 80 66 71 41 88 30 95 3 105 60 58 91 15 10 103 100 39 101 74 99 98 108 69 51 5 32 82 73 57 52 16 106 28 38 49 67 56 12 47 26 104 13 102 1 6 53 50 34 4 89 62 87 63 61 96 86 21 18 45 68 109 94 44 42 59 85 107 79 23 77 75 7 19 11 35 9 8 54 92 17 46 29 27 24 55 90 31 97 
0 65 22 2 93 70 76 14 64 84 33 78 36 81 37 20 25 83 40 48 72 43 80 66 71 41 88 30 95 3 105 60 58 91 15 10 103 100 39 101 74 34 4 89 50 53 6 38 1 102 13 104 26 47 12 56 67 49 28 106 16 52 57 73 99 98 108 69 51 5 32 82 62 87 63 61 96 86 21 18 45 68 109 94 44 42 59 85 107 19 77 23 79 75 7 11 35 9 8 54 92 17 46 29 27 24 55 90 31 97 
0 65 22 70 93 2 76 14 64 84 33 78 36 81 37 20 25 83 40 48 72 43 80 66 71 41 88 30 95 3 105 60 58 91 15 10 103 100 39 101 74 99 98 108 69 51 5 32 82 73 57 52 16 106 28 49 67 56 34 47 26 104 13 102 1 6 38 53 50 12 4 89 62 87 63 61 96 86 21 18 45 68 109 94 44 42 59 85 107 19 77 23 79 75 7 11 35 9 8 54 92 17 46 29 27 24 55 90 31 97 
0 65 22 70 93 2 76 14 64 84 33 78 36 81 37 20 25 83 40 48 72 43 80 66 71 73 88 30 95 3 105 60 58 91 15 10 103 100 39 101 74 99 98 108 69 51 5 32 82 41 57 52 16 106 28 49 67 56 12 47 26 104 13 102 1 6 38 53 50 89 4 34 62 87 63 61 96 86 21 18 45 68 109 94 44 42 59 85 107 19 77 23 79 75 7 11 35 9 8 54 92 17 46 29 27 24 55 90 31 97 
0 65 22 70 93 2 76 14 64 84 33 78 36 81 37 20 25 83 40 48 72 43 80 66 71 41 88 30 95 3 105 60 58 91 15 10 103 100 39 101 74 99 98 108 69 51 5 32 82 73 57 52 16 106 28 49 67 56 12 47 26 104 13 102 1 6 38 53 50 34 4 89 62 87 63 61 96 86 21 18 45 109 94 44 42 59 85 107 19 77 23 79 75 7 11 35 9 8 54 92 17 46 29 27 24 55 90 31 68 97 
0 65 22 70 93 2 76 34 4 89 50 53 6 38 1 102 13 104 26 47 12 56 67 49 28 106 16 52 57 73 82 32 5 51 69 108 98 18 21 86 96 61 63 87 62 66 71 41 88 30 95 3 105 60 58 91 15 10 103 100 39 101 74 99 80 43 72 14 64 84 33 78 36 81 37 20 25 83 40 48 45 68 109 94 44 42 59 85 107 19 77 23 79 75 7 11 35 9 8 54 92 17 46 29 27 24 55 90 31 97 
0 65 22 70 93 2 76 34 4 89 50 53 6 38 1 102 13 104 26 47 12 56 67 49 28 106 16 52 57 73 82 32 5 51 69 108 101 74 99 98 39 100 103 10 15 91 58 60 14 64 84 33 78 36 81 37 20 25 83 40 48 72 43 80 66 71 41 88 30 95 3 105 62 87 63 61 96 86 21 18 45 68 109 94 44 42 59 85 107 19 77 23 79 75 7 11 35 9 8 54 92 17 46 29 27 24 55 90 31 97 
0 65 22 70 93 2 76 14 64 84 33 78 36 81 37 20 25 83 40 48 72 43 80 66 71 41 88 95 3 105 60 58 91 15 10 103 100 39 101 74 99 98 108 69 51 5 32 82 73 57 52 16 106 28 49 67 56 12 47 26 104 13 102 1 6 38 53 50 34 4 89 62 87 63 61 30 96 86 21 18 45 68 109 94 44 42 59 85 107 19 77 23 79 75 7 11 35 9 8 54 92 17 46 29 27 24 55 90 31 97 
0 65 22 70 93 2 76 14 64 84 33 78 36 81 37 20 25 83 40 48 72 43 80 66 71 41 88 30 95 3 105 60 58 91 15 10 103 100 39 101 74 99 98 108 69 51 5 32 82 73 57 52 16 106 28 49 67 56 12 47 26 104 13 102 1 6 38 53 21 86 96 61 63 87 62 89 4 34 50 18 45 68 109 94 44 42 59 85 107 19 77 23 79 75 7 11 35 9 8 54 92 17 46 29 27 24 55 90 31 97 
0 65 22 70 93 2 76 14 64 84 33 78 36 81 37 20 25 83 40 48 72 43 80 66 71 41 88 30 95 3 105 60 58 91 15 10 103 100 39 101 74 99 98 108 69 51 5 32 82 73 57 52 16 106 28 49 67 56 12 47 26 104 13 102 1 6 38 53 50 34 4 62 87 63 61 96 86 21 18 45 68 109 94 44 42 59 85 107 19 77 23 79 89 75 7 11 35 9 8 54 92 17 46 29 27 24 55 90 31 97 
0 65 22 70 93 2 76 34 4 89 50 53 6 38 1 102 13 104 26 47 12 56 67 49 28 106 16 52 57 73 82 32 5 51 69 108 98 99 74 101 39 100 103 10 15 91 58 60 105 3 95 30 41 71 66 14 64 84 33 78 36 62 88 80 43 72 48 40 83 25 20 37 81 87 63 61 96 86 21 18 45 68 109 94 44 42 59 85 107 19 77 23 79 75 7 11 35 9 8 54 92 17 46 29 27 24 55 90 31 97 
0 65 22 70 93 2 76 14 64 84 33 78 36 81 37 20 25 83 40 48 72 43 80 66 71 41 88 30 95 3 105 60 58 91 15 10 100 39 101 74 99 98 108 69 51 5 32 82 73 57 52 16 106 28 49 67 56 12 47 26 104 13 102 1 6 38 53 50 89 4 34 62 87 63 61 96 86 21 18 45 68 109 94 44 42 59 85 107 19 77 23 79 75 7 103 11 35 9 8 54 92 17 46 29 27 24 55 90 31 97 
0 65 22 70 93 2 76 14 64 84 33 78 36 81 37 20 25 83 40 48 72 43 80 66 71 41 88 30 95 3 105 60 58 91 15 10 103 100 39 101 74 99 98 108 69 51 5 32 82 73 57 52 16 106 28 49 67 56 12 47 26 104 13 102 1 6 38 53 50 34 4 89 62 87 63 61 96 90 55 24 27 29 46 17 92 54 8 9 35 11 7 75 79 23 77 19 107 85 59 42 44 94 109 68 45 18 21 86 31 97 
0 65 22 70 93 2 76 14 64 84 33 78 36 81 37 20 25 83 40 48 72 43 80 66 71 41 88 30 95 3 105 60 58 91 15 10 103 100 39 101 74 99 59 42 44 94 109 68 45 18 21 86 96 61 63 87 62 89 4 34 50 53 38 6 1 102 13 104 26 47 12 56 67 49 28 106 16 52 57 73 82 32 5 51 69 108 98 85 107 19 77 23 79 75 7 11 35 9 8 54 92 17 46 29 27 24 55 90 31 97 
0 65 22 70 93 2 76 14 64 84 33 78 36 81 37 20 25 83 40 48 72 43 80 66 71 41 44 94 109 68 45 18 21 86 96 61 63 87 62 88 30 95 3 105 60 58 91 15 10 103 100 39 101 74 99 98 108 69 51 5 32 82 73 57 52 16 106 28 49 67 56 12 47 26 104 13 102 1 38 6 53 50 89 4 34 42 59 85 107 19 77 23 79 75 7 11 35 9 8 54 92 17 46 29 27 24 55 90 31 97 
0 65 22 70 93 91 58 60 105 3 95 30 88 41 71 66 80 43 72 48 40 83 25 20 37 81 36 78 33 84 64 14 76 2 67 15 10 103 100 39 101 74 99 98 108 69 51 5 32 82 73 57 52 16 106 28 49 56 12 47 26 104 13 102 1 6 38 53 50 89 4 34 62 87 63 61 96 86 21 18 45 68 109 94 44 42 59 85 107 19 77 23 79 75 7 11 35 9 8 54 92 17 46 29 27 24 55 90 31 97 
0 65 22 70 93 2 76 14 64 84 33 78 36 81 37 20 25 83 40 48 72 13 104 26 47 12 56 67 49 28 106 16 52 57 73 82 32 5 51 69 108 98 99 74 101 39 100 103 10 15 91 58 60 105 3 95 30 88 41 71 66 80 43 102 1 6 38 53 50 89 4 34 62 87 63 61 96 86 21 18 45 68 109 94 44 42 59 85 107 19 77 23 79 75 7 11 90 55 24 27 29 46 17 92 54 8 9 35 31 97 
0 65 22 70 93 2 76 14 64 84 33 78 36 81 37 20 25 83 40 48 72 43 80 66 71 41 88 30 95 3 105 60 58 61 91 15 10 103 100 39 101 74 99 98 108 69 51 5 32 82 73 57 52 16 106 28 49 67 56 12 47 26 104 13 102 1 6 38 53 50 34 4 89 62 87 63 96 86 21 18 45 68 109 94 44 42 59 85 107 19 77 23 79 75 7 11 35 9 8 54 92 17 46 29 27 24 55 90 31 97 
0 65 22 70 93 2 76 14 64 84 33 78 36 81 37 20 25 83 40 48 72 43 80 66 71 41 88 30 95 3 105 60 58 91 67 15 34 4 89 50 53 6 38 1 13 104 26 47 12 56 49 28 106 16 52 57 73 82 32 5 51 69 108 98 99 74 101 39 100 103 10 102 62 87 63 61 96 86 21 18 45 68 109 94 44 42 59 85 107 19 77 23 79 75 7 11 35 9 8 54 92 17 46 29 27 24 55 90 31 97 
0 65 22 70 93 2 76 14 64 84 33 78 36 81 37 20 25 83 40 48 72 43 80 66 71 41 88 30 95 3 105 60 58 38 15 10 103 100 39 101 74 99 98 108 69 51 5 32 82 73 57 52 16 106 28 91 49 67 56 12 47 26 104 13 102 1 53 50 34 4 89 62 6 87 63 61 96 86 21 18 45 68 109 94 44 42 59 85 107 19 77 23 79 75 7 11 35 9 8 54 92 17 46 29 27 24 55 90 31 97 
0 65 22 70 93 2 76 14 64 84 33 78 36 81 37 20 25 83 1 6 38 53 50 34 4 89 62 87 63 61 96 86 21 18 45 68 103 100 39 101 74 99 98 108 69 51 5 32 82 73 57 52 16 106 28 49 67 56 12 47 26 104 13 102 40 48 72 43 80 66 71 41 88 30 95 3 105 60 58 91 15 10 109 94 44 42 59 85 107 19 77 23 79 75 7 11 35 9 8 54 92 17 46 29 27 24 55 90 31 97 
0 65 22 70 93 2 76 14 64 84 33 78 36 81 37 20 25 83 40 48 72 43 80 66 71 41 88 30 95 3 105 60 58 91 15 10 103 100 39 101 74 99 98 108 69 51 5 32 82 73 52 16 106 28 49 67 56 12 47 26 104 13 102 1 6 38 53 50 34 4 89 62 87 63 61 96 86 21 57 18 45 68 109 94 44 42 59 85 107 19 77 23 79 75 7 11 35 9 8 54 92 17 46 29 27 24 55 90 31 97 
0 65 22 70 93 2 76 14 64 84 33 78 36 81 37 20 25 83 40 48 72 43 80 66 71 41 88 30 95 3 105 60 58 91 15 10 103 100 39 101 74 99 98 108 69 51 5 32 82 73 57 52 16 106 28 49 67 56 12 47 26 104 61 63 87 62 89 4 34 50 53 38 6 1 102 13 96 86 21 18 45 68 109 94 44 42 59 85 107 19 77 23 79 75 7 11 35 9 8 54 92 17 46 29 27 24 55 90 31 97 
0 65 22 70 93 2 76 14 64 84 33 78 36 81 37 20 25 83 40 48 72 43 80 66 71 41 88 30 95 3 105 60 58 91 15 10 103 100 39 101 109 99 98 108 69 51 5 32 82 73 57 52 16 106 28 49 67 56 12 47 26 104 13 102 1 6 38 53 50 34 4 89 62 87 63 61 96 86 21 18 45 68 74 94 44 42 59 85 107 19 77 23 79 75 7 11 35 9 8 54 92 17 46 29 27 24 55 90 31 97 
0 65 22 70 93 2 44 94 62 68 45 18 21 86 96 61 63 87 109 48 40 83 25 20 37 81 76 14 64 84 33 78 36 72 43 80 66 71 41 88 30 95 3 105 60 58 91 15 10 103 100 39 101 74 99 98 108 69 51 5 32 82 73 57 52 16 106 28 49 67 56 12 47 26 104 13 102 1 6 38 53 50 89 4 34 42 59 85 107 19 77 23 79 75 7 11 35 9 8 54 92 17 46 29 27 24 55 90 31 97 
0 65 22 70 93 2 76 14 64 84 33 78 36 81 37 20 25 83 40 48 72 43 80 66 71 41 88 30 95 3 105 60 58 91 15 10 103 100 39 101 74 99 98 108 69 51 23 5 32 82 73 57 52 16 106 28 49 67 56 12 47 26 104 13 102 1 6 38 53 50 34 4 89 62 87 63 61 96 86 21 18 45 68 109 94 44 42 59 85 107 19 77 79 75 7 11 35 9 8 54 92 17 46 29 27 24 55 90 31 97 
0 65 22 70 93 2 76 14 64 84 33 78 36 81 37 20 25 83 96 61 63 87 62 89 4 34 50 53 38 6 1 102 13 104 26 47 12 56 67 49 28 106 16 52 57 73 82 32 5 51 69 108 98 99 74 101 39 100 103 10 15 91 58 60 105 3 95 30 88 41 71 66 80 43 72 48 40 86 21 18 45 68 109 94 44 42 59 85 107 19 77 23 79 75 7 11 35 9 8 90 55 24 27 29 46 17 92 54 31 97 
0 65 22 70 93 2 76 14 64 33 78 36 81 37 20 25 83 40 48 72 43 80 66 71 41 88 30 95 3 105 60 58 91 15 10 103 100 39 101 74 84 98 108 69 51 5 32 82 73 57 52 16 106 28 49 99 67 56 12 47 26 104 102 1 6 38 53 34 4 89 50 13 62 87 63 61 96 86 21 18 45 68 109 94 44 42 59 85 107 19 77 23 79 75 7 11 35 9 8 54 92 17 46 29 27 24 55 90 31 97 
0 65 22 70 93 2 76 14 64 84 33 78 36 81 37 20 25 83 40 48 72 43 80 66 71 41 88 30 95 3 105 60 58 91 15 10 103 100 39 101 74 99 98 108 69 51 5 32 82 73 57 52 16 106 28 49 67 56 12 47 26 104 13 102 1 6 38 53 50 34 4 89 62 87 63 61 96 86 21 18 45 68 7 94 44 42 59 85 107 19 77 23 79 75 109 11 35 9 8 54 92 17 46 29 27 24 55 90 31 97 
0 65 22 70 93 2 76 34 4 89 50 53 6 38 1 102 13 104 26 47 12 56 67 49 28 106 16 52 57 14 64 84 33 78 36 81 37 20 25 83 40 48 72 80 66 71 41 88 30 95 3 105 60 58 91 15 10 103 100 39 101 74 99 98 108 69 51 5 32 82 73 62 87 63 61 96 86 21 18 45 68 109 94 44 42 59 85 107 19 77 23 79 75 7 11 43 35 9 8 54 92 17 46 29 27 24 55 90 31 97 
0 65 22 70 93 2 76 14 64 84 33 78 36 81 37 20 25 83 40 48 72 43 80 66 71 41 88 30 95 3 60 6 91 15 10 103 100 39 101 74 99 98 108 69 105 51 5 32 82 73 57 52 16 106 28 49 67 56 12 47 26 104 13 102 1 58 38 53 50 34 4 89 62 87 63 61 96 86 21 18 45 68 109 94 44 42 59 85 107 19 77 23 79 75 7 11 35 9 8 54 92 17 46 29 27 24 55 90 31 97 
0 65 97 31 90 55 24 27 29 46 17 92 54 8 9 35 11 7 75 79 23 77 19 107 85 59 42 44 49 28 106 16 52 22 70 93 2 76 14 64 84 33 78 36 81 37 20 25 83 40 48 72 43 80 66 71 41 88 30 95 3 105 60 58 91 15 10 103 100 39 101 74 99 98 108 69 51 5 32 82 73 57 67 56 12 47 26 104 13 102 1 6 38 53 50 34 4 89 62 87 63 61 96 86 21 18 45 68 109 94 
0 65 22 70 93 2 76 14 64 84 33 78 36 81 37 20 25 83 40 48 72 43 80 66 71 41 88 30 95 3 105 60 58 91 15 34 4 89 50 53 38 1 102 13 104 26 47 12 56 67 49 28 106 16 52 57 73 82 32 5 51 69 108 98 99 74 101 39 100 103 6 10 62 87 63 61 96 86 21 18 45 68 109 94 44 42 59 85 107 19 77 23 79 75 7 11 35 9 8 54 92 17 46 29 27 24 55 90 31 97 
0 65 22 70 93 2 76 14 64 84 33 78 36 81 37 20 25 83 40 48 72 43 80 66 71 41 88 30 95 3 105 60 58 91 15 10 103 100 39 101 74 99 98 108 69 51 5 32 82 73 57 52 16 106 28 49 67 56 12 47 34 4 89 50 53 6 38 1 102 13 104 26 62 87 63 61 96 86 21 18 68 109 94 44 42 59 85 107 19 77 23 79 75 7 11 35 9 8 54 92 17 46 29 27 24 45 55 90 31 97 
0 65 22 70 93 2 76 14 64 84 33 78 36 81 37 20 25 83 40 48 72 43 80 66 71 41 88 30 95 3 105 60 58 91 15 10 103 100 39 101 74 99 98 108 69 51 5 32 82 73 57 52 16 106 28 49 67 12 47 26 104 13 102 1 6 38 53 50 34 4 89 62 87 63 61 96 86 21 18 45 68 109 94 44 42 56 59 85 107 19 77 23 79 75 7 11 35 9 8 54 92 17 46 29 27 24 55 90 31 97 
0 65 67 56 12 47 26 104 13 1 6 22 70 93 2 76 14 64 84 33 78 36 81 37 20 25 83 40 48 72 43 80 66 71 41 88 30 95 3 105 60 58 91 15 10 103 100 39 101 74 99 98 108 69 51 5 32 82 73 57 52 16 106 28 49 102 38 53 50 34 4 89 62 87 63 61 96 86 21 18 45 68 109 94 44 42 59 85 107 19 77 23 79 75 7 11 35 9 8 54 92 17 46 29 27 24 55 90 31 97 
0 65 22 70 93 2 76 14 64 84 33 78 36 81 37 20 25 83 40 48 72 43 80 66 71 41 88 30 95 105 60 58 91 15 10 103 100 39 101 74 99 98 108 69 51 5 32 82 73 57 52 16 106 28 49 67 56 12 47 26 104 13 102 3 44 1 6 38 53 50 34 4 89 62 87 63 61 96 86 21 18 45 68 109 94 42 59 85 107 19 77 23 79 75 7 11 35 9 8 54 92 17 46 29 27 24 55 90 31 97 
0 65 22 70 93 2 76 34 4 89 50 53 6 38 1 102 48 104 26 47 12 56 67 49 28 106 16 52 57 73 82 32 5 51 69 108 98 99 74 101 39 100 103 10 15 91 58 60 105 3 95 30 88 41 71 66 80 43 72 14 64 84 33 78 36 81 37 20 25 83 40 13 62 87 63 61 96 86 21 18 45 68 109 94 44 42 59 85 107 19 77 23 79 75 7 11 35 9 8 54 92 17 46 29 27 24 55 90 31 97 
0 65 22 57 52 16 106 28 49 67 56 12 47 60 105 3 95 30 88 41 71 66 80 43 72 48 40 83 25 20 37 81 36 78 33 84 64 14 76 2 93 70 73 82 32 75 79 23 77 19 107 85 59 42 44 94 109 68 45 18 21 86 96 61 63 87 62 34 4 89 50 53 38 6 1 102 13 104 26 58 91 15 10 103 100 39 101 74 99 98 108 69 51 5 7 11 35 9 8 54 92 17 46 29 27 24 55 90 31 97 
0 65 22 70 93 2 76 34 4 89 50 53 6 14 64 84 33 78 36 81 37 20 25 83 40 48 15 43 80 66 71 41 88 30 95 3 105 60 58 91 72 10 103 100 39 101 74 99 98 108 69 51 5 32 82 73 57 52 16 106 28 49 67 56 12 47 26 104 13 102 1 38 62 87 63 61 96 86 21 18 45 68 109 94 44 42 59 85 107 19 77 23 79 75 7 11 35 9 8 54 92 17 46 29 27 24 55 90 31 97 
0 65 22 70 93 2 76 14 64 84 33 78 36 81 37 20 25 83 40 48 72 43 80 66 71 41 88 30 95 3 105 60 58 91 15 10 103 100 39 101 74 99 98 108 18 51 5 32 82 73 57 52 16 106 28 49 67 56 12 47 26 104 13 102 1 6 38 53 50 34 4 89 62 87 63 61 96 86 21 69 45 68 109 94 44 42 59 85 107 19 77 23 79 75 7 11 35 9 8 54 92 17 46 29 27 24 55 90 31 97 
0 65 22 70 93 2 76 14 64 84 33 78 36 81 37 20 25 83 40 48 72 43 80 66 71 41 88 30 95 3 105 60 58 91 15 10 103 100 39 101 74 99 98 108 69 51 5 32 82 73 57 52 16 106 28 49 67 56 18 12 47 26 104 13 102 1 6 38 53 50 89 4 34 62 87 63 61 96 86 21 45 68 109 94 44 42 59 85 107 19 77 23 79 75 7 11 35 9 8 54 92 17 46 29 27 24 55 90 31 97 
0 65 22 70 93 2 76 14 64 84 33 78 36 81 37 20 25 83 40 48 72 43 80 66 71 41 88 30 95 3 105 60 58 91 15 10 103 100 39 101 74 99 98 108 69 51 5 32 82 73 57 52 16 106 28 49 67 56 12 47 26 104 13 102 1 6 38 53 50 34 4 89 62 87 63 61 96 86 21 18 45 68 109 94 97 42 59 85 107 19 77 23 79 75 7 11 35 9 8 54 92 17 46 29 27 24 55 90 31 44 
0 65 22 70 93 2 76 14 64 84 33 78 36 81 37 20 25 83 40 48 72 43 80 66 71 41 88 30 95 3 105 60 58 91 15 10 103 100 39 101 74 99 98 108 69 51 5 32 82 73 57 52 16 106 28 49 67 56 12 47 26 104 13 102 1 6 38 53 50 34 4 89 62 87 63 61 96 86 21 18 45 68 7 94 44 42 59 107 19 77 23 79 75 109 11 35 9 85 8 54 92 17 46 29 27 24 55 90 31 97 
0 65 22 57 52 16 106 28 49 67 56 12 47 70 93 2 76 14 64 84 33 78 36 81 37 20 25 83 40 48 72 43 80 66 71 41 88 30 95 3 105 60 58 91 15 10 103 100 39 101 74 99 98 108 69 51 5 32 82 73 26 104 13 102 1 6 38 53 50 89 4 34 62 87 63 61 96 86 21 18 45 68 109 94 44 42 59 85 107 19 77 79 23 75 7 11 35 9 8 54 92 17 46 29 27 24 55 90 31 97 
0 65 22 70 93 2 76 34 4 89 50 53 6 38 1 102 13 104 26 47 12 56 67 49 28 106 16 52 57 73 82 32 5 51 69 108 98 99 74 101 39 100 103 10 15 91 58 60 105 3 95 30 88 41 71 66 80 43 72 14 64 84 33 78 36 54 37 20 25 83 40 48 62 87 63 61 96 86 21 18 45 68 109 94 44 42 59 85 107 19 77 23 79 75 7 11 35 9 8 81 92 17 46 29 27 24 55 90 31 97 
0 65 22 70 93 2 76 14 64 84 33 78 36 81 37 20 25 83 40 48 72 43 80 66 71 41 88 30 95 3 105 60 58 91 15 10 103 100 39 101 74 99 98 108 69 51 5 32 82 73 57 52 16 106 28 49 67 56 12 47 26 104 13 102 34 4 89 50 53 6 38 1 42 59 85 107 19 77 23 79 75 7 11 35 9 8 54 92 17 46 29 27 24 55 90 31 97 62 87 63 61 96 86 21 18 45 68 109 94 44 
0 65 22 70 93 2 76 34 4 89 50 53 6 38 1 102 13 104 26 47 12 56 14 64 84 33 78 36 81 18 20 25 83 40 48 72 43 80 66 71 41 88 30 95 3 105 60 58 91 15 10 103 100 39 101 74 99 98 108 69 51 5 32 82 73 57 52 16 106 28 49 67 62 87 63 61 96 86 21 37 45 68 109 94 44 42 59 85 107 19 77 23 79 75 7 11 35 9 8 54 92 17 46 29 27 24 55 90 31 97 
0 65 22 70 93 2 76 34 4 89 50 53 6 38 1 102 13 104 26 47 12 56 67 49 28 106 16 52 57 73 82 32 5 3 105 60 58 91 15 10 103 100 39 101 74 99 98 108 69 51 95 30 88 41 71 66 80 43 72 14 64 84 33 78 36 81 37 20 25 83 40 48 62 87 63 61 96 86 21 18 45 68 109 94 44 42 59 85 107 19 77 23 79 75 7 11 35 9 8 54 92 17 46 29 27 24 55 97 90 31 
0 65 28 106 16 52 57 73 82 32 5 51 69 38 1 102 13 104 26 47 12 56 67 49 22 70 93 2 76 34 4 89 50 53 6 108 98 99 74 101 39 100 103 10 15 91 58 60 105 3 95 30 88 41 71 66 80 43 72 14 64 84 33 78 36 81 37 20 25 83 40 48 62 87 63 61 96 86 21 18 45 68 109 94 44 42 59 85 107 19 77 23 79 75 7 11 35 9 8 54 92 17 46 29 27 24 55 90 31 97 
0 65 22 70 93 2 76 14 64 84 33 78 36 81 37 20 25 83 40 48 72 43 80 66 71 41 88 30 95 3 105 60 58 91 15 10 103 100 39 101 74 99 98 108 69 51 5 32 82 73 57 52 16 106 28 49 67 56 12 47 26 104 13 102 1 6 38 53 50 34 4 89 62 87 63 61 96 86 21 45 68 109 94 44 42 59 85 107 19 77 23 79 75 7 11 35 9 18 8 54 92 17 46 29 27 24 55 90 31 97 
0 65 22 70 93 2 76 14 64 84 33 78 36 81 37 20 25 83 40 48 72 43 80 66 71 41 88 30 95 3 105 60 58 91 15 10 103 100 39 101 74 99 98 108 69 51 5 32 82 73 57 52 16 106 28 49 67 56 12 47 26 104 13 102 1 6 38 53 50 34 4 89 62 87 63 61 96 86 21 45 68 109 94 44 42 59 85 107 19 77 23 79 75 7 11 35 9 18 8 54 92 17 46 29 27 24 55 90 31 97 
0 65 22 70 93 2 76 14 64 84 33 78 36 81 37 20 25 83 40 48 72 43 80 66 39 100 103 10 15 91 58 60 105 3 95 30 88 41 71 101 74 99 98 108 69 51 5 32 82 73 57 52 16 106 28 49 67 56 12 47 26 104 13 102 1 6 38 53 50 34 4 89 62 87 63 61 96 86 21 18 45 68 109 94 90 55 24 27 29 46 17 92 54 8 9 35 11 7 75 79 23 77 19 107 85 59 42 44 31 97 
0 65 22 70 93 2 76 34 4 89 50 53 6 38 1 102 13 104 26 47 12 56 67 49 28 106 16 52 57 73 82 32 5 51 69 108 98 99 74 101 39 100 103 10 15 91 58 48 105 3 95 30 88 41 71 66 80 43 72 14 64 84 33 78 36 81 37 20 25 83 40 60 18 62 87 63 61 96 86 21 45 68 109 94 44 42 59 85 107 19 77 23 79 75 7 11 35 9 8 54 92 17 46 29 27 24 55 90 31 97 
0 65 22 70 93 2 76 14 64 84 33 78 36 81 37 20 25 83 40 48 72 43 80 66 71 41 88 30 95 3 105 60 91 15 10 103 100 39 101 74 99 98 108 69 51 5 32 82 73 57 52 16 106 28 49 67 56 12 47 26 104 13 102 1 6 38 53 50 34 4 89 62 87 63 61 96 86 21 18 45 68 109 94 44 42 59 85 107 19 77 23 79 75 7 11 35 58 9 8 54 92 17 46 29 27 24 55 90 31 97 
0 65 22 70 93 2 76 14 64 84 33 78 36 81 37 20 25 83 40 48 72 43 80 66 71 41 88 30 95 3 105 60 58 91 15 10 103 100 39 101 74 99 98 108 69 51 5 32 82 73 57 52 16 106 28 49 67 56 12 47 26 104 13 102 1 6 38 53 50 89 4 34 62 87 63 61 96 86 21 18 45 68 109 94 17 42 59 85 107 19 77 23 79 75 7 11 35 9 8 54 92 44 46 29 27 24 55 90 31 97 
0 65 22 70 93 2 76 14 64 84 33 78 36 81 37 20 25 83 40 48 72 43 80 66 71 41 88 30 95 3 105 60 58 91 15 10 103 100 39 101 74 99 98 108 69 51 5 32 82 73 57 52 16 106 28 49 67 56 12 47 26 104 13 102 1 6 38 53 50 34 4 89 62 63 61 96 86 21 18 45 68 109 94 44 42 59 85 107 19 77 23 79 75 7 11 35 9 8 54 92 17 46 87 29 27 24 55 90 31 97 
0 65 22 70 93 2 76 14 64 84 33 78 36 81 37 20 25 83 40 48 72 43 80 66 71 41 88 30 95 3 105 60 58 91 15 10 103 35 39 101 74 99 98 108 69 51 5 32 82 73 57 52 16 106 28 49 67 56 12 47 26 104 13 102 1 6 38 53 50 34 4 89 62 87 63 61 96 86 21 18 45 68 109 94 44 42 59 85 107 19 77 23 79 75 7 11 100 9 8 54 92 17 46 29 27 24 55 90 31 97 
0 65 22 70 93 2 76 14 64 84 33 78 36 81 37 67 49 28 106 16 52 57 73 82 32 5 51 69 108 98 99 74 101 39 100 103 10 15 91 58 60 105 3 95 30 88 41 71 66 80 43 72 48 40 83 25 20 56 12 47 26 104 13 102 1 38 53 50 34 4 6 89 62 87 63 61 96 86 21 18 45 109 68 94 44 42 59 85 107 19 77 23 79 75 7 11 35 9 8 54 92 17 46 29 27 24 55 90 31 97 
0 65 22 70 93 2 76 34 4 89 50 101 6 38 1 102 13 104 26 47 12 56 67 49 28 106 16 52 57 73 82 32 5 51 69 108 39 53 74 99 98 100 103 10 15 91 58 60 105 3 95 30 88 41 71 66 80 43 72 14 64 84 33 78 36 81 37 20 25 83 40 48 62 87 63 61 96 86 21 18 45 68 109 94 44 42 59 85 107 19 77 23 79 75 7 11 35 9 8 54 92 17 46 29 27 24 55 90 31 97 
0 65 22 70 93 2 76 14 64 84 33 78 36 81 37 20 25 83 40 48 63 43 80 66 71 41 88 30 95 3 105 60 58 91 15 10 34 4 89 50 53 6 38 1 102 13 104 26 47 12 56 67 49 28 106 16 52 57 73 82 32 5 51 69 108 98 99 74 101 39 100 103 62 87 72 61 96 86 21 18 45 68 109 94 44 42 59 85 107 19 77 23 79 75 7 11 35 9 8 54 92 17 46 29 27 24 55 90 31 97 
0 65 22 70 93 2 76 34 4 89 50 53 6 38 1 102 13 104 26 47 12 56 67 49 28 106 16 52 57 73 82 32 5 51 69 108 98 99 74 101 39 100 103 10 15 91 58 60 105 3 95 30 88 41 90 55 24 27 29 46 17 92 54 8 9 35 11 7 75 79 23 77 19 107 85 59 42 14 64 84 33 78 36 81 37 20 25 83 40 48 72 43 80 66 71 62 87 63 61 96 86 21 18 45 68 109 94 44 31 97 
0 65 22 70 93 2 76 14 64 84 33 78 36 81 37 20 25 83 40 48 72 43 80 66 71 41 88 30 95 3 105 60 58 91 15 10 103 100 39 101 74 99 98 108 69 51 5 32 82 73 57 52 16 106 28 49 67 56 12 47 26 104 13 102 1 6 38 68 45 18 21 86 96 61 63 87 62 89 34 50 53 109 94 44 42 59 85 107 19 77 23 4 79 75 7 11 35 9 8 54 92 17 46 29 27 24 55 90 31 97 
0 65 22 70 93 2 76 14 64 84 33 78 36 81 37 20 34 4 89 50 53 6 38 1 102 13 104 26 47 12 56 25 83 40 48 72 43 80 66 71 41 88 30 95 3 105 60 58 91 15 10 103 39 101 74 99 98 108 69 51 5 32 82 73 57 52 16 106 28 49 67 62 87 63 61 96 86 21 18 45 100 68 109 94 44 42 59 85 107 19 77 23 79 75 7 11 35 9 8 54 92 17 46 29 27 24 55 90 31 97 
0 65 21 70 93 2 76 14 64 84 33 78 36 81 37 20 25 83 40 48 72 43 80 66 71 41 88 30 95 3 105 60 58 91 15 10 103 100 39 101 74 99 98 108 69 51 5 32 82 73 57 52 16 106 28 49 67 56 12 47 26 104 13 102 1 6 38 53 50 34 4 89 62 87 63 61 96 86 22 18 45 68 109 94 44 42 59 85 107 19 77 23 79 75 7 11 35 9 8 54 92 17 46 29 27 24 55 90 31 97 
0 65 22 70 93 2 76 14 64 84 33 78 36 81 37 20 61 83 40 48 72 43 80 66 71 41 88 30 95 3 105 60 58 91 15 10 103 100 39 101 74 99 98 108 69 51 5 32 82 73 57 52 16 106 28 49 67 56 12 47 26 104 13 102 1 6 38 53 50 34 4 89 62 87 63 25 96 86 21 18 45 68 109 94 44 42 59 85 107 19 77 23 79 75 7 11 35 9 8 54 92 17 46 29 27 24 55 90 31 97 
0 65 22 70 93 2 76 14 64 84 33 78 36 81 37 20 25 83 40 48 72 43 80 66 71 41 88 30 95 3 105 60 58 91 15 10 103 100 39 101 74 99 98 108 69 51 5 6 82 73 57 52 16 106 28 49 67 56 12 47 26 104 13 102 1 32 38 53 50 34 4 89 62 87 63 61 96 86 21 18 45 68 109 94 44 42 59 85 107 19 77 23 79 75 7 11 35 9 8 54 92 17 46 29 27 24 55 90 31 97 
0 65 22 70 93 2 76 14 64 84 33 78 104 13 102 1 6 38 53 50 34 4 89 62 87 63 61 96 86 21 18 45 68 109 94 44 42 59 85 107 19 77 23 79 75 7 11 35 9 8 54 92 17 46 29 27 24 55 90 31 97 36 81 37 20 25 83 40 48 72 43 80 66 71 41 88 30 95 3 105 60 58 91 15 10 103 100 39 101 74 99 98 108 69 51 5 32 82 73 57 52 16 106 28 49 67 56 12 47 26 
0 65 22 70 93 2 76 14 64 84 33 78 36 81 37 20 25 83 40 48 72 43 80 66 71 41 88 30 95 3 105 60 58 91 15 10 103 100 39 101 74 99 98 108 69 51 5 32 82 73 57 52 16 106 28 49 67 29 46 17 92 54 8 9 35 11 7 75 79 23 77 19 107 85 59 42 56 12 47 26 104 13 102 1 6 38 53 50 34 4 89 62 87 63 61 96 86 21 18 45 68 109 94 44 27 24 55 90 31 97 
0 65 22 70 93 2 76 14 64 84 33 78 36 81 37 20 25 83 40 48 72 43 80 66 71 41 88 30 95 3 105 60 58 91 15 10 103 100 39 101 44 94 109 68 45 18 21 86 96 61 63 28 87 62 34 4 89 50 53 6 38 1 102 13 104 26 47 12 56 67 49 106 16 52 57 73 82 32 5 51 69 108 98 99 74 42 59 85 107 19 77 23 79 75 7 11 35 9 8 54 92 17 46 29 27 24 55 90 31 97 
0 65 22 70 93 2 76 14 64 84 78 36 81 37 20 25 83 40 48 33 72 43 80 66 71 41 88 30 95 3 105 60 58 91 15 10 103 67 56 12 47 26 104 13 102 1 6 38 53 50 89 4 34 62 87 49 100 39 101 74 99 98 108 69 51 5 32 82 73 57 52 16 106 28 63 61 96 86 21 18 45 68 109 94 44 42 59 85 107 19 77 23 79 75 7 11 35 9 8 54 92 17 46 29 27 24 55 90 31 97 
0 65 22 70 109 2 76 14 64 84 33 78 36 81 37 20 25 83 40 48 72 43 80 66 71 41 88 30 95 3 105 60 58 91 15 10 103 100 39 101 74 99 98 108 69 51 5 32 82 73 57 52 16 106 28 49 38 6 1 102 13 104 26 47 12 56 67 53 50 34 4 89 62 87 63 61 96 21 18 45 68 93 94 44 42 59 85 107 19 77 23 79 75 7 11 35 86 9 8 54 92 17 46 29 27 24 55 90 31 97 
0 65 22 70 93 2 76 14 64 84 48 40 83 25 20 37 81 36 78 33 72 43 80 66 71 41 88 10 95 3 105 60 58 91 15 30 103 100 39 101 74 99 98 108 69 51 5 32 82 73 57 52 16 106 28 49 67 56 12 47 26 104 13 102 1 6 38 53 50 34 4 89 62 87 63 61 96 86 21 18 45 68 109 94 44 42 59 85 107 19 77 23 79 75 7 11 35 9 8 54 92 17 46 29 27 24 55 90 31 97 
0 65 22 70 93 2 76 14 64 84 33 78 36 81 37 20 25 83 40 48 72 43 86 66 71 41 88 30 95 3 105 60 58 91 15 10 103 100 39 101 74 99 98 108 69 51 5 32 82 73 57 52 16 106 28 49 67 56 12 47 26 104 13 102 1 6 38 53 50 34 4 89 62 87 63 61 96 80 21 18 45 68 109 94 44 42 59 85 107 19 77 23 79 75 7 11 35 9 8 54 92 17 46 29 27 24 55 90 31 97 
0 65 22 70 93 2 76 34 4 89 50 53 6 38 1 102 13 104 26 47 12 56 67 49 28 106 16 52 57 73 82 32 5 51 69 108 98 99 74 101 39 100 103 10 15 91 58 60 105 3 95 30 88 41 66 80 43 72 14 64 84 33 78 36 81 37 20 25 83 40 48 62 87 44 94 109 68 45 18 21 86 96 61 71 63 42 59 85 107 19 77 23 79 75 7 11 35 9 8 54 92 17 46 29 27 24 55 90 31 97 
0 65 22 70 93 2 76 34 4 89 50 53 6 38 1 102 14 64 84 33 78 36 81 37 20 25 83 40 48 72 43 80 66 71 41 88 30 95 3 105 60 58 91 15 10 103 100 39 101 74 99 98 108 69 51 5 32 82 73 57 52 16 106 28 49 67 56 12 47 26 104 13 44 62 87 63 61 96 86 21 18 45 68 109 94 42 59 85 107 19 77 23 79 75 7 11 35 9 27 24 55 90 31 29 8 54 92 17 46 97 
0 65 22 70 93 2 76 14 64 84 33 78 36 81 37 20 25 83 40 48 72 43 80 66 71 41 88 30 95 3 105 60 58 91 15 10 103 100 39 101 74 99 98 108 69 51 5 32 82 73 57 52 16 106 28 49 67 56 12 47 26 104 13 102 1 6 38 53 50 34 4 89 62 87 63 61 96 86 21 77 45 68 109 94 44 59 85 107 19 18 23 79 75 7 11 35 42 9 8 54 92 17 46 29 27 24 55 90 31 97 
0 22 70 93 2 76 34 4 89 50 53 52 38 1 102 13 104 26 47 12 56 67 49 28 106 16 6 57 73 82 32 5 51 69 108 98 99 74 101 39 100 103 14 64 84 33 78 36 81 37 20 25 83 40 48 72 43 80 66 71 41 88 30 95 3 105 60 58 91 15 10 62 87 63 61 96 86 21 18 45 68 94 44 109 42 59 85 107 19 77 23 79 75 7 11 35 9 65 8 54 92 17 46 29 27 24 55 90 31 97 
0 65 22 70 93 2 76 23 64 84 33 78 36 81 37 20 25 83 40 48 72 43 80 66 71 41 88 30 95 3 105 60 58 91 15 10 103 100 39 101 74 99 98 108 69 51 14 5 32 82 73 57 52 16 106 28 49 67 56 12 47 26 104 13 102 1 6 38 53 50 34 4 89 62 87 63 61 96 86 21 18 45 68 109 94 44 42 59 85 107 19 77 79 75 7 11 35 9 8 54 92 17 46 29 27 24 55 90 31 97 
0 65 22 70 93 2 76 14 64 84 33 78 36 81 37 20 25 83 40 6 72 43 80 66 71 41 88 30 95 3 105 60 58 91 15 10 103 100 39 101 74 99 98 108 69 51 5 32 82 73 57 52 16 106 28 49 67 56 12 47 26 104 34 4 89 50 53 48 38 1 102 13 62 87 63 61 96 86 21 18 45 68 109 11 44 42 59 85 107 19 77 23 79 75 7 94 35 9 8 54 92 17 46 29 27 24 55 90 31 97 
0 65 22 70 67 49 28 106 16 52 57 73 82 32 48 51 69 108 98 99 74 101 39 100 103 10 15 91 58 60 105 3 95 30 88 41 71 66 80 43 72 5 40 83 25 20 37 81 36 78 33 84 64 14 76 2 93 56 12 47 26 104 13 102 1 6 38 53 50 34 4 89 62 87 63 61 96 86 21 18 45 68 109 94 44 42 59 85 107 19 77 23 79 75 7 11 35 9 8 54 92 17 46 29 27 24 55 90 31 97 
0 65 22 70 93 2 76 14 64 84 33 78 36 81 37 20 25 83 40 48 72 43 80 66 71 41 88 30 95 3 105 60 58 91 15 10 103 100 39 101 74 99 98 108 69 51 5 32 82 73 57 52 16 106 28 49 67 56 12 26 104 13 102 1 6 38 53 50 34 4 89 62 87 63 61 96 86 21 18 45 68 109 94 44 42 59 85 107 19 77 23 79 75 7 11 35 9 8 54 92 17 46 29 27 24 55 90 47 31 97 
0 65 22 70 80 2 76 14 64 84 33 78 36 57 52 16 106 28 49 67 56 12 47 60 105 3 95 30 88 41 71 66 93 43 72 48 40 83 25 20 37 81 73 82 32 75 79 23 77 19 107 85 59 42 44 94 109 68 45 18 21 86 96 61 63 87 62 34 4 89 50 53 38 6 1 102 13 104 26 58 91 15 10 103 100 39 101 74 99 98 108 69 51 5 7 11 35 9 8 54 92 17 46 29 27 24 55 90 31 97 
0 65 22 70 93 2 76 34 4 89 50 53 6 38 1 102 13 104 26 47 12 56 67 49 28 106 16 52 57 73 82 32 5 51 69 108 98 99 74 101 39 100 103 10 15 91 58 60 105 3 95 30 88 41 90 55 24 27 29 46 17 92 54 8 9 35 11 7 75 79 23 77 19 107 85 59 42 44 94 109 68 45 18 21 14 64 84 33 78 36 81 37 20 25 83 40 48 72 43 80 66 71 62 87 63 61 96 86 31 97 
0 65 22 70 93 2 76 14 64 84 33 78 36 81 37 20 25 83 40 48 72 43 80 66 71 41 88 30 95 3 105 60 58 91 15 10 103 100 39 31 90 55 24 27 29 46 17 92 54 8 9 35 11 7 75 79 23 77 19 42 107 85 59 44 94 109 68 45 18 21 86 96 61 63 87 62 34 4 89 50 53 38 6 1 102 13 104 26 47 12 56 67 49 28 106 16 52 57 73 82 32 5 51 69 108 98 99 74 101 97 
0 65 22 70 93 2 76 14 64 84 33 78 36 81 37 20 25 83 40 48 72 43 80 66 71 41 5 30 95 3 105 60 58 91 15 10 103 100 39 101 74 99 98 108 69 51 88 32 82 73 57 52 16 106 28 49 67 56 12 47 26 104 13 102 1 6 38 53 50 34 4 89 62 87 63 61 96 86 21 18 45 68 109 94 44 42 59 85 107 19 77 23 79 75 7 11 35 9 8 54 92 17 46 29 27 24 55 90 31 97 
0 65 22 70 93 2 76 34 4 89 50 53 6 38 1 102 13 104 26 47 12 56 67 49 28 106 16 52 57 73 82 32 5 51 69 108 98 99 74 101 39 100 103 18 15 91 58 60 105 3 95 30 88 41 71 66 80 43 72 14 64 84 33 78 36 81 37 20 25 83 40 48 62 87 63 61 96 86 21 10 45 68 109 94 44 42 59 85 107 19 77 23 79 75 7 11 35 9 8 54 92 17 46 29 27 24 55 90 31 97 
0 65 22 70 93 2 76 14 64 47 26 104 13 102 1 6 38 53 50 34 4 89 62 87 63 61 96 86 21 18 45 68 109 94 44 42 59 85 107 19 77 23 79 75 7 11 35 9 8 54 92 17 46 29 27 49 67 56 12 84 33 78 36 81 37 20 25 83 40 48 72 43 80 66 71 41 88 30 95 3 105 60 58 91 15 10 103 100 39 101 74 99 98 108 69 51 5 32 82 73 57 52 16 106 28 24 55 90 31 97 
0 65 22 70 93 2 76 14 64 84 33 78 36 81 37 20 25 83 40 48 72 43 80 66 71 41 88 30 95 3 60 58 91 15 10 103 100 39 101 74 99 98 108 69 51 5 32 82 73 57 52 16 106 28 49 67 56 12 47 34 4 89 50 53 6 38 1 102 13 104 26 62 87 63 61 96 86 21 18 45 68 109 94 44 105 42 59 85 107 19 77 23 79 75 7 11 35 9 8 54 92 17 46 29 27 24 55 97 90 31 
0 65 22 70 93 2 76 14 64 84 33 78 36 81 37 20 25 83 40 48 72 43 80 66 71 41 34 4 89 50 53 6 38 1 102 13 104 26 47 8 9 35 11 7 75 79 23 77 19 107 85 59 42 44 94 109 68 45 18 21 86 96 61 63 87 62 88 30 95 3 105 60 58 91 15 10 103 100 39 101 74 99 98 108 69 51 5 32 82 73 57 52 16 106 28 49 67 56 12 54 92 17 46 29 27 24 55 90 31 97 
0 65 67 56 33 47 26 104 13 1 6 22 70 93 2 76 14 64 84 12 78 36 81 37 20 25 83 40 48 72 43 80 66 71 41 88 30 95 3 105 60 58 91 15 10 103 100 39 101 74 99 98 108 69 51 5 32 82 73 57 52 16 106 28 49 102 38 53 50 34 4 89 62 87 63 61 96 86 21 18 45 68 109 94 44 42 59 85 107 19 77 23 79 75 7 11 35 9 8 54 92 17 46 29 27 24 55 90 31 97 
0 65 22 70 93 2 76 34 4 89 50 14 64 84 33 78 36 81 37 20 13 104 26 47 12 56 67 49 28 106 16 52 25 83 40 48 72 43 80 66 71 41 88 30 95 3 105 60 58 91 15 10 103 100 39 101 74 99 98 108 69 51 5 32 82 73 57 102 1 6 38 53 62 87 63 61 96 86 21 18 45 68 109 94 44 42 59 85 107 19 77 79 75 7 11 23 35 9 8 54 92 17 46 29 27 24 55 90 31 97 
0 65 22 70 93 2 76 14 64 84 33 78 36 81 37 20 25 83 40 48 72 43 80 66 71 41 88 30 95 3 105 60 58 91 15 10 103 100 39 101 74 99 98 108 69 51 5 32 82 73 57 52 16 106 28 49 67 56 12 47 26 104 13 102 1 6 38 53 75 34 4 89 62 87 63 61 96 86 21 18 45 68 109 94 44 42 59 85 107 19 77 23 79 50 7 11 35 9 8 54 92 17 46 29 27 24 55 90 31 97 
0 65 22 70 93 3 76 14 64 84 33 78 36 81 37 20 25 83 40 48 72 43 80 66 71 41 88 30 95 2 105 60 58 91 15 10 103 100 39 101 74 99 98 108 69 51 34 4 89 50 53 6 38 1 102 13 104 26 47 12 56 67 49 28 106 16 52 57 73 82 32 5 62 87 63 61 96 86 21 18 45 68 109 94 44 42 59 85 107 19 77 23 79 75 7 11 35 9 8 54 92 17 46 29 27 24 55 90 31 97 
0 65 22 70 93 2 76 14 64 84 86 78 36 81 37 20 25 83 40 48 72 43 80 66 71 41 88 30 95 3 105 60 58 91 15 10 103 100 39 101 74 99 98 108 69 51 5 32 82 73 57 52 16 106 28 49 67 56 12 47 26 104 13 102 1 6 38 53 50 34 4 89 62 87 63 61 96 33 21 18 45 68 109 94 44 42 59 85 107 19 77 23 79 75 7 11 35 9 8 54 92 17 46 29 27 24 55 90 31 97 
0 65 22 70 93 2 76 14 64 84 33 78 36 81 37 20 25 83 40 48 72 43 80 66 71 41 88 30 95 3 105 60 58 91 15 10 103 100 39 31 90 55 24 27 29 46 17 92 54 8 9 35 11 7 75 79 23 77 19 42 107 85 59 44 94 109 68 45 18 21 86 96 61 63 101 74 99 98 108 69 51 5 32 82 73 57 52 16 106 28 49 67 56 12 47 26 104 13 102 1 6 38 53 50 34 4 89 62 87 97 
0 65 22 70 93 2 76 34 4 89 50 53 6 38 1 102 13 104 26 47 12 56 103 100 39 101 74 99 98 108 62 87 63 61 96 86 21 18 45 68 109 94 44 42 59 85 107 19 77 23 79 75 7 11 35 9 8 54 92 17 46 29 27 10 67 49 28 106 16 52 57 73 82 32 5 51 69 14 64 84 33 78 36 81 37 20 25 83 40 48 72 43 80 66 71 41 88 30 95 3 105 60 58 91 15 24 55 90 31 97 
0 65 22 70 93 2 76 14 64 84 33 78 36 62 89 4 34 50 53 38 6 1 102 13 104 26 47 12 56 67 49 28 106 16 52 57 73 82 32 5 51 69 108 98 99 74 101 39 100 103 10 15 91 58 60 105 3 95 30 41 71 66 80 43 72 81 37 20 25 83 40 48 87 63 61 96 86 21 18 45 68 109 94 44 42 59 85 107 19 88 77 23 79 75 7 11 35 9 8 54 92 17 46 29 27 24 55 90 31 97 
0 65 22 2 93 70 76 14 64 84 33 78 36 81 37 20 25 83 40 48 72 43 80 66 71 41 88 30 10 15 91 58 60 105 3 95 103 100 39 101 74 34 4 89 50 53 6 38 1 102 13 104 26 47 12 56 67 49 28 106 16 52 57 73 99 98 108 69 51 5 32 82 62 87 63 61 96 86 21 18 45 68 109 11 44 42 59 85 107 19 77 23 79 75 7 94 35 9 8 54 92 17 46 29 27 24 55 90 31 97 
0 65 22 70 93 2 76 14 64 84 33 78 36 81 37 20 25 83 40 48 72 43 80 66 71 41 88 30 95 3 105 4 89 62 87 31 90 55 24 27 29 46 17 92 54 8 9 35 11 7 75 79 23 77 19 42 107 85 59 44 94 109 68 45 18 21 86 96 61 63 60 58 91 15 10 103 100 39 101 74 99 98 108 69 51 5 32 82 73 57 52 16 106 28 49 67 56 12 47 26 104 13 102 1 6 38 53 50 34 97 
0 65 22 70 93 2 76 34 4 89 50 53 6 38 1 102 13 104 26 47 12 35 67 49 28 106 16 52 57 73 82 32 5 51 69 108 98 99 74 101 39 100 103 10 15 91 58 60 105 3 95 30 88 41 71 66 80 43 72 14 64 84 33 78 36 81 37 20 25 83 56 40 48 62 87 63 61 21 86 96 18 45 68 109 94 44 42 59 107 19 77 23 79 75 7 11 9 8 54 92 17 46 29 27 85 24 55 90 31 97 
0 65 22 70 93 2 76 14 64 84 33 78 36 81 37 34 4 89 50 53 6 38 1 102 13 104 26 47 12 56 28 49 67 62 87 63 61 96 86 21 18 45 68 109 94 44 42 59 85 107 19 77 23 79 75 7 11 35 9 8 54 92 17 46 29 27 24 55 90 31 97 106 20 25 83 40 48 72 43 80 66 71 41 88 30 95 3 105 60 58 91 15 10 103 100 39 101 74 99 98 108 69 51 5 32 82 73 57 52 16 
0 65 22 70 93 2 76 14 64 84 33 78 36 81 37 20 25 83 40 48 72 43 80 66 71 41 88 30 95 3 67 56 12 47 26 104 13 1 6 105 60 58 91 15 10 103 100 39 101 74 99 98 108 69 51 5 32 82 73 57 52 16 106 28 49 102 38 53 50 34 4 89 62 87 63 61 96 86 21 29 45 68 109 94 44 42 59 85 107 19 77 23 79 75 7 11 35 9 8 54 92 17 46 18 27 24 55 90 31 97 
0 65 22 70 93 76 14 64 84 33 78 36 81 37 20 25 83 40 48 72 43 80 66 71 41 88 30 95 3 105 60 58 91 15 10 103 100 39 101 74 2 99 98 108 69 51 5 32 82 73 57 52 16 106 28 49 67 56 12 47 26 104 13 102 1 6 38 53 50 34 8 89 62 87 63 61 96 86 21 18 45 68 109 94 44 42 59 85 107 19 77 23 79 75 7 11 35 9 4 54 92 17 46 29 27 24 55 90 31 97 
0 22 70 93 2 76 34 4 89 50 53 6 38 1 102 13 104 26 47 12 56 67 49 28 106 16 52 57 73 82 32 5 51 69 108 98 99 74 14 64 84 33 78 36 81 37 20 25 83 40 48 72 43 80 66 71 41 88 30 95 3 105 60 58 91 15 10 103 100 39 65 101 62 87 63 61 96 86 21 18 45 68 109 94 44 42 59 85 107 19 77 23 79 75 7 11 46 17 92 54 8 9 35 29 27 24 55 90 31 97 
0 65 22 70 93 2 76 34 4 89 50 53 6 38 1 102 13 104 26 47 12 56 67 46 28 106 16 52 57 73 82 32 5 51 14 64 84 33 78 36 81 37 20 25 83 40 48 72 43 80 66 71 41 88 30 95 3 105 60 58 91 15 10 103 100 39 101 74 99 98 108 69 49 62 87 63 61 96 86 21 18 45 68 109 94 44 42 59 85 107 19 77 23 79 75 7 11 35 9 8 54 92 17 29 27 24 55 90 31 97 
0 65 22 70 93 2 9 14 64 84 33 78 36 81 37 20 25 83 40 48 72 43 80 66 71 41 88 30 95 3 105 60 58 91 15 10 103 100 39 101 74 99 98 108 69 51 5 49 28 106 16 52 57 73 82 32 67 56 12 47 26 104 13 102 1 6 38 53 50 34 4 89 62 87 63 61 96 86 21 18 45 68 109 94 44 42 59 85 107 19 77 23 79 75 7 11 35 76 8 54 92 17 46 29 27 24 55 90 31 97 
0 65 22 70 93 2 76 14 64 84 33 78 36 81 37 20 67 83 40 48 72 43 80 66 71 41 88 30 95 3 105 60 58 91 15 10 103 100 39 101 74 99 98 108 69 51 5 32 82 73 57 52 16 106 28 49 25 56 12 47 26 104 13 102 1 6 38 53 50 89 4 34 62 87 63 61 96 86 21 18 45 68 109 94 44 42 59 85 107 19 77 23 79 75 7 35 9 8 54 92 17 46 29 27 24 55 90 31 11 97 
0 65 22 70 93 2 76 14 64 84 89 50 53 6 38 1 102 13 104 26 47 12 56 67 49 28 106 16 52 57 73 82 32 5 51 10 34 4 33 78 36 81 37 20 25 83 40 48 63 43 80 66 71 41 88 30 95 3 105 60 58 91 15 69 108 98 99 74 101 39 100 103 62 87 72 61 96 86 21 18 45 68 109 94 44 42 59 85 107 19 77 23 79 75 7 11 35 9 54 92 17 46 29 27 8 24 55 90 31 97 
0 65 22 70 93 2 76 34 4 89 50 53 6 38 1 102 13 104 35 47 12 56 67 49 28 106 16 52 57 73 82 32 5 51 69 108 98 99 74 101 39 100 103 10 15 91 58 60 105 3 95 30 88 41 71 66 80 43 72 14 64 84 33 78 36 81 37 20 25 83 40 48 62 87 63 61 26 96 86 21 18 45 68 109 94 44 42 59 85 107 19 77 23 79 75 7 11 9 8 54 92 17 46 29 27 24 55 90 31 97 
0 22 70 93 2 76 14 64 84 33 78 36 81 37 20 25 83 40 48 72 43 80 66 71 41 88 30 95 3 105 60 65 58 91 15 10 68 100 39 101 74 99 98 108 69 51 5 32 82 73 57 52 16 106 28 49 67 56 12 103 34 4 89 50 53 6 38 1 102 13 104 26 47 62 87 63 61 96 86 21 18 45 109 94 44 42 59 85 107 19 77 23 79 75 7 11 35 9 8 54 92 17 46 29 27 24 55 90 31 97 
0 65 22 70 93 2 76 14 64 84 33 78 36 81 37 20 25 83 40 48 72 43 80 66 71 41 88 30 95 3 105 60 58 91 15 10 103 100 39 101 74 99 98 108 69 51 5 32 82 73 57 52 16 106 28 49 67 56 12 47 26 104 13 102 1 6 38 53 50 89 9 8 54 92 17 109 46 29 27 24 55 90 31 97 42 59 85 107 19 77 23 79 75 7 11 35 4 34 62 87 63 61 96 86 21 18 45 68 94 44 
0 65 22 70 93 2 76 14 64 84 57 73 82 32 5 51 69 108 98 99 74 101 39 100 103 10 15 91 58 20 105 3 95 30 88 41 71 66 80 43 72 48 40 83 25 60 37 81 36 78 33 52 16 106 28 49 67 56 12 47 26 104 13 102 1 6 38 53 50 89 4 34 62 87 63 61 96 86 21 18 45 68 109 94 44 42 59 85 107 19 77 23 79 75 7 11 35 9 8 54 92 17 46 29 27 24 55 90 31 97 
0 65 22 70 93 2 76 14 64 84 33 78 36 81 37 20 25 83 40 48 72 43 80 66 71 104 26 47 12 56 67 49 28 106 16 52 57 73 82 32 5 51 69 108 98 99 74 61 39 100 103 10 15 91 58 60 105 3 95 30 88 41 13 102 1 6 38 53 50 34 4 89 62 87 63 101 96 86 21 18 45 68 109 94 44 42 59 85 107 19 77 23 79 75 7 11 35 9 8 54 92 17 46 29 27 24 55 90 31 97 
0 65 22 70 93 2 76 34 4 89 50 53 6 38 1 84 64 14 60 58 91 15 10 103 100 39 101 74 99 98 108 69 51 5 32 82 73 57 52 16 106 28 49 67 56 12 47 26 104 13 102 33 78 36 81 37 20 25 83 40 48 72 43 80 66 71 41 88 30 95 35 105 3 62 87 63 61 96 86 21 18 45 68 109 94 44 42 11 7 75 79 23 77 19 107 85 59 9 8 54 92 17 46 29 27 24 55 90 31 97 
0 65 22 70 93 2 76 14 64 84 33 78 36 81 37 20 38 53 50 34 4 89 62 87 63 61 96 86 21 18 45 68 109 94 44 42 59 85 107 19 77 23 79 75 7 11 35 9 8 54 92 17 46 29 27 24 55 90 31 47 26 104 13 102 1 6 25 83 40 48 72 43 80 66 71 41 88 30 95 3 105 60 58 91 15 10 103 100 39 101 74 99 98 108 69 51 5 32 82 73 57 52 16 106 28 49 67 56 12 97 
0 65 22 70 93 2 76 14 9 35 11 7 75 79 23 77 19 107 85 59 42 44 94 109 68 45 18 21 86 96 61 63 87 66 80 43 72 48 40 83 25 20 37 81 104 26 47 12 56 67 49 28 106 58 52 57 73 82 32 5 51 69 108 98 99 74 101 39 100 103 10 15 91 16 60 105 3 95 30 88 41 71 62 89 4 34 50 53 38 6 1 102 13 36 78 33 84 64 8 54 92 17 46 29 27 24 55 90 31 97 
0 65 22 70 93 2 76 34 4 89 50 6 38 1 102 13 104 26 47 12 56 67 49 28 59 42 44 94 109 68 45 18 21 86 96 61 63 87 62 48 40 83 25 20 37 81 36 78 33 84 64 14 72 43 80 66 71 41 88 30 95 3 105 60 58 91 15 10 103 100 39 101 74 99 98 108 69 51 5 32 82 73 57 52 16 106 85 107 19 77 23 79 75 7 11 35 9 8 54 92 17 53 46 29 27 24 55 90 31 97 
0 65 22 70 93 2 76 14 64 84 33 78 36 81 37 20 25 83 40 48 72 43 80 66 71 41 88 30 95 3 105 60 58 91 15 10 86 21 18 45 68 109 94 44 42 59 85 107 19 77 23 79 75 7 11 35 9 8 12 47 26 104 13 102 1 6 38 53 50 34 4 89 62 87 63 61 96 103 100 39 101 74 99 98 108 69 51 5 32 82 73 57 52 16 106 28 49 67 56 54 92 17 46 29 27 24 55 90 31 97 
0 65 22 70 93 2 76 14 64 33 78 36 81 37 20 25 83 40 48 72 43 80 66 71 41 88 30 95 3 84 105 60 58 91 15 10 103 100 39 101 74 99 98 108 69 51 5 32 82 73 57 52 16 106 7 75 79 23 77 19 107 85 59 42 44 94 109 68 45 18 21 86 96 61 63 87 62 34 4 89 104 53 38 6 1 102 13 50 26 47 12 56 67 49 28 11 35 9 8 54 92 17 46 29 27 24 55 90 31 97 
0 65 22 70 93 16 52 57 73 82 32 5 51 69 108 98 99 74 101 39 100 103 10 15 91 58 53 105 3 95 30 88 41 71 66 80 43 72 48 40 83 61 20 37 81 36 78 33 84 64 14 76 2 106 28 49 67 56 12 47 26 104 13 102 1 6 38 60 50 34 4 89 62 87 63 25 96 86 21 18 45 68 109 94 44 42 59 85 107 19 77 23 79 75 7 11 35 9 8 54 92 17 46 29 27 24 55 90 31 97 
0 65 22 70 93 2 76 14 64 84 33 78 36 81 37 20 25 83 40 48 72 43 80 66 71 41 5 51 69 108 98 18 74 101 39 100 103 10 15 91 58 60 105 3 95 30 88 32 82 73 57 52 16 106 28 49 67 56 99 12 47 26 104 13 102 1 6 38 53 50 34 4 89 62 87 63 61 96 86 21 45 68 109 94 44 42 59 85 107 19 77 23 79 75 7 11 35 9 8 54 92 17 46 29 27 24 55 90 31 97 
0 65 22 70 93 2 76 14 64 84 33 78 36 81 37 20 25 83 40 48 72 43 92 66 71 41 88 30 95 3 105 60 58 91 15 10 103 100 39 101 74 99 98 108 69 51 5 32 82 73 57 52 16 106 28 49 67 56 12 47 26 104 13 102 1 6 38 53 50 34 4 89 62 87 63 61 96 86 21 18 45 68 109 94 44 42 59 85 107 19 77 23 79 75 7 11 35 9 8 54 80 17 46 29 27 24 55 90 31 97 
0 65 22 70 93 2 76 14 64 84 33 78 36 81 37 20 25 83 40 48 72 43 80 66 71 41 88 30 95 3 105 60 58 91 15 10 103 21 18 45 68 109 94 44 42 59 85 107 19 77 23 79 75 7 11 35 9 56 12 47 26 104 13 102 1 6 38 53 50 34 4 89 62 87 63 61 96 86 100 39 101 74 99 98 108 69 51 5 32 82 73 57 52 16 106 28 49 67 8 54 92 17 46 29 27 24 55 90 31 97 
0 65 22 70 93 2 76 14 64 84 33 78 36 81 37 20 25 83 40 48 72 43 80 66 71 41 88 30 95 3 105 60 58 91 15 10 103 100 39 86 21 18 45 68 109 94 44 42 59 85 107 19 77 23 79 75 7 11 35 9 8 54 92 17 46 29 27 24 55 89 4 34 101 74 99 98 108 69 51 5 32 82 57 52 16 106 28 49 67 56 12 47 104 26 13 102 1 6 38 53 50 62 87 63 73 61 96 90 31 97 
0 65 22 70 93 2 76 14 64 84 33 78 36 81 37 20 25 83 40 48 72 43 80 66 71 41 88 30 95 3 105 60 58 91 15 10 103 100 39 101 74 99 98 108 69 51 5 32 82 73 57 44 42 59 85 107 19 77 23 79 75 7 11 35 9 8 54 92 17 46 4 34 62 87 63 61 96 86 12 56 67 49 28 106 16 52 94 109 68 45 18 21 47 26 104 13 102 1 6 38 53 50 89 29 27 24 55 90 31 97 
0 65 22 70 87 2 76 34 4 89 50 53 6 38 1 102 13 104 26 47 12 56 67 49 28 106 16 52 57 73 82 32 5 51 69 108 98 99 74 101 39 100 103 10 15 91 58 60 105 3 95 30 88 41 71 66 80 43 72 14 42 59 85 107 19 77 23 79 75 7 11 35 9 8 54 92 17 46 29 27 24 55 90 31 97 64 84 33 78 36 81 37 20 25 83 40 48 62 93 63 61 96 86 21 18 45 68 109 94 44 
0 65 22 70 93 2 76 14 64 84 33 78 36 81 37 20 25 83 40 48 72 43 80 66 17 41 88 30 95 3 105 60 58 91 109 10 103 100 39 101 74 99 98 108 69 51 5 32 82 73 57 52 16 106 28 49 67 56 12 47 26 104 13 102 1 6 38 53 50 89 4 34 62 87 63 61 96 86 21 18 45 15 71 68 94 44 42 59 85 107 19 77 23 79 75 7 11 35 9 8 54 92 46 29 27 24 55 90 31 97 
0 65 22 70 93 2 76 14 64 84 33 78 36 81 37 20 25 83 40 48 72 43 80 66 71 41 88 30 95 3 105 34 4 89 50 53 6 38 1 102 13 104 26 47 12 56 67 49 28 106 16 52 57 73 82 32 5 51 69 108 98 99 107 101 39 100 103 10 15 91 58 60 62 87 63 61 96 86 21 18 45 68 109 94 44 42 59 85 74 19 77 23 79 75 7 11 35 9 8 54 92 17 46 29 27 24 55 90 31 97 
0 65 22 70 93 2 76 34 4 89 50 53 38 1 102 13 104 26 47 12 56 67 49 28 106 16 85 57 73 82 32 5 51 69 108 98 99 74 101 39 100 103 10 15 91 58 60 105 3 95 30 88 41 71 66 80 43 72 14 64 84 33 78 36 81 6 37 20 25 83 40 48 62 87 63 61 96 86 21 18 45 68 109 94 44 42 59 52 107 19 77 23 79 75 7 11 35 9 8 54 92 17 46 29 27 24 55 90 31 97 
0 65 22 70 56 12 47 26 104 13 102 1 6 38 53 50 34 4 89 62 87 63 61 96 86 21 18 45 68 109 94 44 17 42 59 85 107 19 77 23 79 75 7 11 35 9 8 54 92 46 29 27 24 55 90 31 97 93 2 76 14 64 84 33 78 36 81 37 20 83 40 48 72 43 80 66 71 41 88 30 95 3 105 60 58 91 15 10 25 103 100 39 101 74 99 98 108 69 51 5 32 82 73 57 52 16 106 28 49 67 
0 65 22 70 93 2 76 14 64 84 78 36 81 37 20 25 83 40 48 72 43 80 66 71 41 88 30 95 3 105 60 58 91 15 10 103 100 39 101 74 99 98 108 69 51 5 32 82 73 57 52 16 106 28 49 67 56 12 47 26 104 13 102 1 6 38 53 50 34 4 89 62 87 27 61 96 86 21 18 33 45 68 109 94 44 42 59 85 107 19 77 23 79 75 7 11 35 9 8 54 92 17 46 29 63 24 55 90 31 97 
0 65 22 70 93 2 76 14 64 84 33 78 36 81 37 20 34 4 89 50 53 6 38 1 102 13 104 26 47 12 56 67 49 28 106 16 52 57 73 82 32 5 51 69 108 98 99 107 101 39 100 103 10 15 91 58 60 105 3 95 30 88 41 71 66 80 43 72 25 83 40 48 62 87 63 61 96 86 21 18 45 68 109 94 44 42 59 85 74 19 77 23 79 75 7 11 35 9 8 54 92 17 46 29 27 24 55 90 31 97 
0 65 22 70 93 2 76 14 64 84 33 78 36 81 37 20 34 4 89 50 53 6 38 1 102 13 104 26 47 12 56 67 49 28 106 16 52 57 73 82 32 5 51 69 108 98 99 107 101 39 100 103 10 15 91 58 60 105 3 95 30 88 41 71 66 80 43 72 25 83 40 48 62 87 63 61 96 86 21 18 45 68 109 94 44 42 59 85 74 19 77 23 79 75 7 11 35 9 8 54 92 17 46 29 27 24 55 90 31 97 
0 65 22 18 21 86 96 61 63 87 62 34 4 89 50 70 93 2 76 53 6 38 1 102 13 104 47 12 56 67 49 28 106 16 52 57 73 82 32 5 51 69 108 98 26 99 74 101 39 100 103 10 15 91 58 60 105 3 95 30 88 41 71 66 80 43 72 14 64 84 33 78 36 81 37 20 25 83 92 48 45 68 109 94 44 42 59 85 107 19 77 23 79 75 7 11 35 9 8 54 40 17 46 29 27 24 55 90 31 97 
0 65 22 70 93 2 76 14 64 39 101 74 99 98 108 69 51 5 32 82 73 57 52 16 106 41 88 30 95 3 105 60 58 91 15 27 103 100 84 33 78 36 81 37 20 25 83 40 48 72 43 80 66 71 28 49 67 56 12 47 26 104 13 102 1 6 38 53 50 34 4 89 62 87 63 61 96 86 21 18 45 68 109 94 44 42 59 85 107 19 77 23 79 75 7 11 35 9 8 54 92 17 46 29 10 24 55 90 31 97 
0 65 22 70 93 2 76 14 64 84 33 78 36 81 37 20 25 83 48 72 43 80 61 68 45 18 21 86 96 66 63 87 62 34 4 89 53 38 6 1 102 13 104 26 47 12 56 67 49 28 106 16 52 57 73 82 40 32 5 51 69 30 95 50 3 105 60 58 91 15 10 103 100 39 101 74 99 98 108 88 41 71 109 94 44 42 59 85 107 19 77 23 79 75 7 11 35 9 8 54 92 17 46 29 27 24 55 90 31 97 
0 65 22 70 2 76 67 56 12 47 26 104 34 4 89 50 53 6 38 1 102 3 13 62 87 63 61 96 86 21 18 45 68 16 94 44 42 59 85 107 19 77 23 79 75 7 11 35 9 8 54 92 106 28 49 14 64 84 33 78 36 81 37 20 25 83 40 48 72 43 80 66 71 41 88 30 95 105 60 58 91 15 10 103 93 100 39 101 74 99 98 108 69 51 5 32 82 73 57 52 109 17 46 29 27 24 55 90 31 97 
0 65 22 70 93 2 76 14 64 84 33 78 36 81 37 20 25 83 40 48 72 43 80 66 71 41 88 30 95 3 105 60 58 91 15 10 103 100 39 101 74 99 98 108 69 51 5 32 82 73 57 52 16 106 28 49 67 56 17 47 26 104 13 102 1 6 38 53 50 34 4 89 62 87 63 61 96 86 21 18 45 68 109 94 44 42 59 85 107 19 77 23 79 75 7 11 35 9 8 54 92 12 46 29 27 24 55 90 31 97 
0 72 22 70 93 2 76 14 64 84 33 78 36 81 37 20 25 83 40 48 65 43 80 66 71 41 88 30 95 3 105 60 58 91 15 10 103 100 39 101 74 99 98 108 69 51 5 32 82 53 38 6 1 102 13 104 26 47 12 56 67 49 28 106 16 52 57 73 50 89 4 34 62 87 68 109 94 44 42 59 45 63 61 96 86 21 18 85 107 19 77 23 79 75 7 35 9 8 54 92 17 46 29 97 31 90 55 24 27 11 
0 65 22 70 93 2 76 34 4 89 50 53 6 38 1 102 13 104 26 47 12 56 67 49 28 106 16 52 57 73 82 32 5 51 69 108 98 99 74 101 39 100 103 10 15 91 58 60 105 3 95 30 107 41 66 80 43 72 14 64 84 33 78 36 81 37 20 25 83 71 40 48 62 87 63 61 96 86 21 18 45 68 109 94 44 42 59 85 88 19 77 23 79 75 7 11 35 9 8 54 92 17 46 29 27 24 55 90 31 97 
0 65 22 70 93 2 76 14 64 84 33 107 19 77 23 79 75 7 11 35 9 8 54 92 71 88 30 41 95 3 105 60 58 91 15 10 103 100 39 101 74 99 98 108 69 51 5 32 82 42 57 52 16 106 28 49 67 56 12 47 26 104 13 102 1 6 38 53 50 34 4 89 62 87 63 61 96 86 21 18 45 68 109 94 44 73 59 85 78 36 81 37 20 25 83 40 48 72 43 80 66 17 46 29 27 24 55 90 31 97 
0 65 22 70 93 2 76 34 4 89 50 53 6 38 1 102 13 104 26 47 12 56 67 49 28 106 14 64 84 33 78 36 81 37 20 25 83 40 48 72 43 94 44 42 59 85 107 19 77 23 79 75 7 11 16 52 57 73 82 32 5 51 69 108 98 88 74 101 39 100 103 10 15 91 58 60 105 3 95 30 99 41 71 66 80 8 9 35 62 87 63 61 96 86 21 18 45 68 109 54 92 17 46 29 27 24 55 90 31 97 
0 65 22 70 93 2 76 14 64 84 33 78 36 81 37 20 25 83 40 48 72 43 80 66 71 41 88 30 95 3 105 60 58 91 38 6 1 102 13 104 26 47 12 56 67 49 15 10 103 100 39 101 74 99 98 108 69 51 5 32 82 73 57 52 16 106 28 53 50 89 4 24 62 87 63 61 96 86 21 23 79 75 7 11 35 59 85 107 19 77 18 45 68 109 94 44 42 9 8 54 92 17 46 29 27 34 55 90 31 97 
0 65 22 70 93 2 76 14 64 84 33 78 36 81 37 20 25 83 40 48 72 43 80 66 71 41 59 30 95 3 105 60 58 91 15 10 103 100 39 101 74 99 98 108 69 51 5 32 82 73 57 52 16 106 28 49 67 56 12 47 26 104 13 102 1 6 38 53 50 34 4 89 62 87 63 61 29 46 17 92 54 8 9 35 11 7 75 79 23 77 19 107 85 88 42 44 94 109 68 45 18 21 86 96 27 24 55 90 31 97 
0 65 22 70 93 2 76 34 4 89 50 53 6 38 14 64 84 33 78 36 81 37 20 25 83 40 48 72 43 80 66 71 41 88 30 95 105 60 58 19 15 10 103 100 39 101 74 99 98 108 69 51 5 32 82 73 57 52 16 106 28 49 67 56 12 47 26 104 13 102 1 3 62 87 63 61 96 86 21 18 45 68 109 94 44 42 59 85 107 91 77 23 79 75 7 11 35 9 8 54 92 17 46 29 27 24 55 90 31 97 
0 65 22 70 48 40 83 25 20 37 81 36 78 33 84 64 14 76 2 93 72 43 80 66 71 41 88 30 95 3 105 60 58 97 31 90 55 24 27 29 46 17 92 54 8 9 35 11 7 75 79 23 77 19 107 85 59 42 44 49 28 106 16 52 57 73 82 32 5 51 69 108 98 99 74 101 6 1 102 13 104 26 47 12 56 67 94 109 68 45 18 21 86 96 61 63 87 62 89 4 34 50 53 38 100 103 10 15 91 39 
0 65 22 70 93 2 76 14 64 84 33 78 36 81 37 20 25 83 40 48 72 43 80 66 71 41 88 30 95 3 105 60 58 91 34 4 89 50 53 6 38 1 102 13 104 26 47 12 56 67 46 28 106 16 52 57 73 82 32 5 51 69 108 98 99 74 101 39 100 103 10 15 62 87 63 61 96 86 21 18 45 68 109 94 44 42 59 85 107 19 77 23 79 75 7 11 35 9 8 54 92 17 49 29 27 24 55 90 31 97 
0 65 22 70 93 2 76 14 64 84 78 33 36 81 37 20 25 83 40 48 13 102 1 56 38 53 50 89 4 34 62 87 63 61 96 86 21 18 72 43 80 66 71 41 88 30 95 3 105 60 58 91 15 10 103 100 39 101 74 99 98 108 69 51 5 32 82 73 57 52 16 106 11 7 75 79 23 77 19 107 85 59 42 44 94 109 68 45 104 26 12 6 67 49 28 35 9 8 54 92 17 46 47 29 27 24 55 90 31 97 
0 65 22 70 93 2 76 14 67 84 33 78 36 81 37 20 25 83 40 48 72 43 80 66 71 41 88 30 95 3 105 34 4 89 50 53 6 38 1 102 13 104 26 47 12 56 49 28 106 16 52 57 73 82 32 5 51 69 108 98 99 74 101 39 100 103 79 15 91 58 60 64 62 87 63 61 96 86 21 18 45 68 109 94 44 42 59 85 107 19 77 23 10 75 7 11 35 9 8 54 92 17 46 29 27 24 55 90 31 97 
0 65 22 70 93 2 76 14 64 84 33 78 36 81 37 67 25 83 40 48 72 43 80 66 71 41 88 30 95 3 105 60 58 91 15 10 103 100 39 101 74 99 98 108 69 51 32 82 73 57 52 16 106 28 49 20 56 12 47 26 104 13 8 9 35 11 7 5 75 79 23 77 19 107 85 59 42 44 94 109 68 45 18 21 86 96 61 63 87 62 89 4 34 50 53 38 6 1 102 54 92 17 46 29 27 24 55 90 31 97 
0 65 78 36 81 37 20 25 83 40 48 62 87 63 61 96 86 21 18 45 68 109 94 44 23 79 75 7 11 35 9 8 54 92 17 46 29 27 24 55 90 31 97 10 15 34 58 60 105 3 95 30 88 41 71 66 80 43 72 14 42 59 85 107 19 77 64 84 33 22 70 93 2 76 91 4 89 50 53 6 38 1 102 13 104 26 47 12 56 67 49 28 106 16 52 57 73 82 32 5 51 69 108 98 99 74 101 39 100 103 
0 65 22 70 93 2 76 73 82 32 5 51 69 108 71 99 74 101 39 100 103 10 15 91 58 60 20 3 95 30 88 41 43 80 66 102 13 104 26 62 87 63 61 96 86 21 18 45 68 109 94 44 42 59 85 107 19 77 23 79 75 7 11 35 9 8 54 92 17 46 29 27 24 55 90 31 97 38 1 98 72 48 40 83 25 105 37 81 36 78 33 84 64 14 57 52 16 106 28 49 67 56 12 47 34 4 89 50 53 6 
0 65 87 70 93 2 76 14 64 84 33 78 36 81 37 20 25 83 40 48 72 43 80 66 71 41 88 30 95 3 105 60 58 91 15 10 103 100 39 101 74 18 98 108 69 51 5 32 82 73 57 52 16 106 28 49 27 29 46 17 92 54 8 9 35 11 7 75 79 23 77 19 107 85 59 42 44 94 109 68 45 21 86 96 61 63 22 62 99 38 6 53 50 89 4 34 1 102 13 104 26 47 12 56 67 24 55 90 31 97 
0 65 22 70 93 2 34 4 89 50 53 6 38 1 14 64 84 33 78 36 81 37 20 25 83 40 48 72 43 80 66 71 41 88 30 95 3 105 60 58 91 15 10 103 100 39 29 74 32 5 51 69 108 98 99 82 73 57 52 68 45 18 21 86 96 61 63 87 62 102 13 104 26 47 12 56 67 49 28 106 16 109 94 44 42 85 107 19 77 23 79 75 7 11 35 9 76 8 54 92 17 46 101 27 24 55 90 31 59 97 
0 65 12 47 26 104 13 102 1 6 38 53 50 89 92 34 62 87 63 61 96 86 21 18 45 68 109 94 44 42 59 85 67 107 19 97 23 79 75 7 11 35 9 8 54 4 99 74 101 39 100 103 10 15 91 58 60 22 70 93 2 76 14 64 84 33 78 36 81 37 20 25 83 40 48 72 43 80 66 71 41 88 30 95 3 105 56 49 28 106 16 52 57 73 82 32 5 51 69 108 98 17 46 29 27 24 55 77 90 31 
0 60 58 97 31 90 55 24 27 29 46 17 92 54 8 9 35 11 7 75 79 23 77 19 107 85 59 42 44 94 109 68 45 18 21 86 96 61 63 69 62 98 99 74 101 91 15 10 103 100 43 80 66 71 41 88 30 95 3 105 65 22 70 93 2 76 34 4 89 50 53 6 38 1 102 13 104 26 47 12 56 67 49 28 106 16 52 57 73 82 32 5 51 87 108 14 64 84 33 78 36 81 37 20 25 83 40 48 72 39 
0 65 22 70 93 2 76 14 64 84 33 78 36 81 37 20 61 83 40 48 72 43 80 66 71 41 88 30 95 3 105 60 58 25 91 15 10 103 100 39 101 74 18 98 108 69 51 5 32 82 73 57 52 67 106 28 49 16 56 12 47 26 104 13 102 1 17 92 54 8 9 35 11 7 75 79 23 77 19 107 85 59 42 44 94 109 68 45 99 21 86 96 63 87 62 34 4 89 50 53 38 6 46 29 27 24 55 90 31 97 
0 65 22 70 93 2 76 14 64 84 33 78 36 81 37 20 25 83 40 48 72 27 29 46 17 92 54 8 9 35 11 7 75 79 23 77 19 107 85 59 42 44 94 109 68 45 18 21 86 61 91 58 60 105 3 95 30 88 41 71 66 80 43 24 55 90 38 53 50 89 4 34 62 87 56 96 15 10 103 100 39 101 74 99 98 108 69 51 5 32 82 73 57 52 16 106 28 49 67 63 12 47 26 104 13 102 1 6 31 97 
0 65 22 70 93 2 76 14 64 36 81 37 20 25 83 40 48 84 33 78 34 4 89 50 53 6 59 72 43 27 24 55 90 31 10 103 100 39 101 74 99 98 108 69 51 5 32 82 73 57 52 16 106 28 49 67 56 12 47 26 104 13 102 1 38 62 87 63 61 96 86 21 18 45 68 23 94 44 42 85 107 19 77 109 79 75 7 11 35 9 8 54 92 17 46 29 15 91 58 60 105 3 95 30 88 41 71 66 80 97 
0 65 22 70 93 2 76 34 4 89 50 53 6 38 1 102 13 104 26 47 12 56 67 49 28 106 16 52 57 73 82 32 5 51 69 108 98 99 74 46 17 92 54 41 88 30 95 3 105 60 19 72 43 80 66 71 8 9 35 11 7 75 79 23 77 107 10 59 42 44 94 109 68 45 18 21 86 96 61 63 87 62 48 40 83 25 20 37 81 36 78 33 84 64 14 58 91 15 85 103 100 39 101 29 27 24 55 90 31 97 
0 65 22 70 93 2 76 14 64 84 33 78 36 81 37 20 25 83 40 48 72 27 29 46 17 92 54 8 9 35 11 7 75 79 23 77 19 107 85 59 42 44 94 109 68 45 18 105 60 58 91 61 86 21 3 95 30 88 41 71 66 80 43 24 55 90 38 53 50 89 4 34 62 87 56 96 15 10 103 100 39 101 74 99 98 108 69 51 5 32 82 73 57 52 16 106 28 49 67 63 12 47 26 104 13 102 1 6 31 97 
0 65 22 70 93 2 76 34 4 89 50 53 6 14 64 84 33 78 36 81 37 20 25 83 40 48 62 87 63 61 96 86 21 18 45 68 109 94 44 104 59 85 107 26 77 23 1 102 13 42 47 12 56 67 49 28 106 16 52 57 73 82 32 5 51 69 108 98 99 74 101 39 100 103 10 15 91 58 60 105 3 95 30 88 41 71 66 80 43 72 19 79 75 7 11 35 9 8 54 92 17 46 38 29 27 24 55 90 31 97 
