0 19 31 77 90 23 79 55 107 24 29 27 54 92 46 17 8 9 75 85 7 35 11 59 22 42 20 25 70 44 37 45 83 109 68 94 81 93 5 32 51 2 69 82 36 78 84 103 100 39 101 74 10 99 64 33 14 57 52 106 108 98 15 91 16 12 28 71 49 56 58 47 26 102 104 3 95 30 41 88 6 13 105 60 67 1 38 43 53 66 80 50 72 73 76 34 4 89 40 48 62 87 61 96 63 86 21 18 97 65 
0 19 31 77 90 23 79 55 107 24 29 27 54 92 46 17 8 9 75 85 7 35 11 59 22 42 20 25 70 44 37 45 83 109 68 94 81 93 5 32 51 2 69 82 36 78 84 103 100 39 101 74 10 99 64 33 14 57 52 106 108 98 15 91 16 12 28 71 49 56 58 47 26 102 104 3 95 30 41 88 6 13 105 60 67 1 38 43 53 66 80 50 72 73 76 34 4 89 40 48 62 87 61 96 63 86 21 18 97 65 
0 19 31 77 90 23 79 55 107 24 29 27 54 92 46 17 8 9 75 85 7 35 11 59 22 42 20 25 70 44 37 45 83 109 68 94 81 93 5 32 51 2 69 82 36 78 84 103 100 39 101 74 10 99 64 33 14 57 52 106 108 98 15 91 16 12 28 71 49 56 58 47 26 102 104 3 95 30 41 88 6 13 105 60 67 1 38 43 53 66 80 50 72 73 76 34 4 89 40 48 62 87 61 96 63 86 21 18 97 65 
0 19 31 77 90 23 79 55 107 24 29 27 54 92 46 17 8 9 75 85 7 35 11 59 22 42 20 25 70 44 37 45 83 109 68 94 81 93 5 32 51 2 69 82 36 78 84 103 100 39 101 74 10 99 64 33 14 57 52 106 108 98 15 91 16 12 28 71 49 56 58 47 26 102 104 3 95 30 41 88 6 13 105 60 67 1 38 43 53 66 80 50 72 73 76 34 4 89 40 48 62 87 61 96 63 86 21 18 97 65 
0 19 31 77 90 23 79 55 107 24 29 27 54 92 46 17 8 9 75 85 7 35 11 59 22 42 20 25 70 44 37 45 83 109 68 94 81 93 5 32 51 2 69 82 36 78 84 103 100 39 101 74 10 99 64 33 14 57 52 106 108 98 15 91 16 12 28 71 49 56 58 47 26 102 104 3 95 30 41 88 6 13 105 60 67 1 38 43 53 66 80 50 72 73 76 34 4 89 40 48 62 87 61 96 63 86 21 18 97 65 
0 19 31 77 90 23 79 55 107 24 29 27 54 92 46 17 8 9 75 85 7 35 11 59 22 42 20 25 70 44 37 45 83 109 68 94 81 93 5 32 51 2 69 82 36 78 84 103 100 39 101 74 10 99 64 33 14 57 52 106 108 98 15 91 16 12 28 71 49 56 58 47 26 102 104 3 95 30 41 88 6 13 105 60 67 1 38 43 53 66 80 50 72 73 76 34 4 89 40 48 62 87 61 96 63 86 21 18 97 65 
0 19 31 77 90 23 79 55 107 24 29 27 54 92 46 17 8 9 75 85 7 35 11 59 22 42 20 25 70 44 37 45 83 109 68 94 81 93 5 32 51 2 69 82 36 78 84 103 100 39 101 74 10 99 64 33 14 57 52 106 108 98 15 91 16 12 28 71 49 56 58 47 26 102 104 3 95 30 41 88 6 13 105 60 67 1 38 43 53 66 80 50 72 73 76 34 4 89 40 48 62 87 61 96 63 86 21 18 97 65 
0 19 31 77 90 23 79 55 107 24 29 27 54 92 46 17 8 9 75 85 7 35 11 59 22 42 20 25 70 44 37 45 83 109 68 94 81 93 5 32 51 2 69 82 36 78 84 103 100 39 101 74 10 99 64 33 14 57 52 106 108 98 15 91 16 12 28 71 49 56 58 47 26 102 104 3 95 30 41 88 6 13 105 60 67 1 38 43 53 66 80 50 72 73 76 34 4 89 40 48 62 87 61 96 63 86 21 18 97 65 
0 19 31 77 90 23 79 55 107 24 29 27 54 92 46 17 8 9 75 85 7 35 11 59 22 42 20 25 70 44 37 45 83 109 68 94 81 93 5 32 51 2 69 82 36 78 84 103 100 39 101 74 10 99 64 33 14 57 52 106 108 98 15 91 16 12 28 71 49 56 58 47 26 102 104 3 95 30 41 88 6 13 105 60 67 1 38 43 53 66 80 50 72 73 76 34 4 89 40 48 62 87 61 96 63 86 21 18 97 65 
0 19 31 77 90 23 79 55 107 24 29 27 54 92 46 17 8 9 75 85 7 35 11 59 22 42 20 25 70 44 37 45 83 109 68 94 81 93 5 32 51 2 69 82 36 78 84 103 100 39 101 74 10 99 64 33 14 57 52 106 108 98 15 91 16 12 28 71 49 56 58 47 26 102 104 3 95 30 41 88 6 13 105 60 67 1 38 43 53 66 80 50 72 73 76 34 4 89 40 48 62 87 61 96 63 86 21 18 97 65 
0 19 31 77 90 23 79 55 107 24 29 27 54 92 46 17 8 9 75 85 7 35 11 59 22 42 20 25 70 44 37 45 83 109 68 94 81 93 5 32 51 2 69 82 36 78 84 103 100 39 101 74 10 99 64 33 14 57 52 106 108 98 15 91 16 12 28 71 49 56 58 47 26 102 104 3 95 30 41 88 6 13 105 60 67 1 38 43 53 66 80 50 72 73 76 34 4 89 40 48 62 87 61 96 63 86 21 18 97 65 
0 19 31 77 90 23 79 55 107 24 29 27 54 92 46 17 8 9 75 85 7 35 11 59 22 42 20 25 70 44 37 45 83 109 68 94 81 93 5 32 51 2 69 82 36 78 84 103 100 39 101 74 10 99 64 33 14 57 52 106 108 98 15 91 16 12 28 71 49 56 58 47 26 102 104 3 95 30 41 88 6 13 105 60 67 1 38 43 53 66 80 50 72 73 76 34 4 89 40 48 62 87 61 96 63 86 21 18 97 65 
0 19 31 77 90 23 79 55 107 24 29 27 54 92 46 17 8 9 75 85 7 35 11 59 22 42 20 25 70 44 37 45 83 109 68 94 81 93 5 32 51 2 69 82 36 78 84 103 100 39 101 74 10 99 64 33 14 57 52 106 108 98 15 91 16 12 28 71 49 56 58 47 26 102 104 3 95 30 41 88 6 13 105 60 67 1 38 43 53 66 80 50 72 73 76 34 4 89 40 48 62 87 61 96 63 86 21 18 97 65 
0 19 31 77 90 23 79 55 107 24 29 27 54 92 46 17 8 9 75 85 7 35 11 59 22 42 20 25 70 44 37 45 83 109 68 94 81 93 5 32 51 2 69 82 36 78 84 103 100 39 101 74 10 99 64 33 14 57 52 106 108 98 15 91 16 12 28 71 49 56 58 47 26 102 104 3 95 30 41 88 6 13 105 60 67 1 38 43 53 66 80 50 72 73 76 34 4 89 40 48 62 87 61 96 63 86 21 18 97 65 
0 19 31 77 90 23 79 55 107 24 29 27 54 92 46 17 8 9 75 85 7 35 11 59 22 42 20 25 70 44 37 45 83 109 68 94 81 93 5 32 51 2 69 82 36 78 84 103 100 39 101 74 10 99 64 33 14 57 52 106 108 98 15 91 16 12 28 71 49 56 58 47 26 102 104 3 95 30 41 88 6 13 105 60 67 1 38 43 53 66 80 50 72 73 76 34 4 89 40 48 62 87 61 96 63 86 21 18 97 65 
0 19 31 77 90 23 79 55 107 24 29 27 54 92 46 17 8 9 75 85 7 35 11 59 22 42 20 25 70 44 37 45 83 109 68 94 81 93 5 32 51 2 69 82 36 78 84 103 100 39 101 74 10 99 64 33 14 57 52 106 108 98 15 91 16 12 28 71 49 56 58 47 26 102 104 3 95 30 41 88 6 13 105 60 67 1 38 43 53 66 80 50 72 73 76 34 4 89 40 48 62 87 61 96 63 86 21 18 97 65 
0 19 31 77 90 23 79 55 107 24 29 27 54 92 46 17 8 9 75 85 7 35 11 59 22 42 20 25 70 44 37 45 83 109 68 94 81 93 5 32 51 2 69 82 36 78 84 103 100 39 101 74 10 99 64 33 14 57 52 106 108 98 15 91 16 12 28 71 49 56 58 47 26 102 104 3 95 30 41 88 6 13 105 60 67 1 38 43 53 66 80 50 72 73 76 34 4 89 40 48 62 87 61 96 63 86 21 18 97 65 
0 19 31 77 90 23 79 55 107 24 29 27 54 92 46 17 8 9 75 85 7 35 11 59 22 42 20 25 70 44 37 45 83 109 68 94 81 93 5 32 51 2 69 82 36 78 84 103 100 39 101 74 10 99 64 33 14 57 52 106 108 98 15 91 16 12 28 71 49 56 58 47 26 102 104 3 95 30 41 88 6 13 105 60 67 1 38 43 53 66 80 50 72 73 76 34 4 89 40 48 62 87 61 96 63 86 21 18 97 65 
0 19 31 77 90 23 79 55 107 24 29 27 54 92 46 17 8 9 75 85 7 35 11 59 22 42 20 25 70 44 37 45 83 109 68 94 81 93 5 32 51 2 69 82 36 78 84 103 100 39 101 74 10 99 64 33 14 57 52 106 108 98 15 91 16 12 28 71 49 56 58 47 26 102 104 3 95 30 41 88 6 13 105 60 67 1 38 43 53 66 80 50 72 73 76 34 4 89 40 48 62 87 61 96 63 86 21 18 97 65 
0 19 31 77 90 23 79 55 107 24 29 27 54 92 46 17 8 9 75 85 7 35 11 59 22 42 20 25 70 44 37 45 83 109 68 94 81 93 5 32 51 2 69 82 36 78 84 103 100 39 101 74 10 99 64 33 14 57 52 106 108 98 15 91 16 12 28 71 49 56 58 47 26 102 104 3 95 30 41 88 6 13 105 60 67 1 38 43 53 66 80 50 72 73 76 34 4 89 40 48 62 87 61 96 63 86 21 18 97 65 
0 19 31 77 90 23 79 55 107 24 29 27 54 92 46 17 8 9 75 85 7 35 11 59 22 42 20 25 70 44 37 45 83 109 68 94 81 93 5 32 51 2 69 82 36 78 84 103 100 39 101 74 10 99 64 33 14 57 52 106 108 98 15 91 16 12 28 71 49 56 58 47 26 102 104 3 95 30 41 88 6 13 105 60 67 1 38 43 53 66 80 50 72 73 76 34 4 89 40 48 62 87 61 96 63 86 21 18 97 65 
0 19 31 77 90 23 79 55 107 24 29 27 54 92 46 17 8 9 75 85 7 35 11 59 22 42 20 25 70 44 37 45 83 109 68 94 81 93 5 32 51 2 69 82 36 78 84 103 100 39 101 74 10 99 64 33 14 57 52 106 108 98 15 91 16 12 28 71 49 56 58 47 26 102 104 3 95 30 41 88 6 13 105 60 67 1 38 43 53 66 80 50 72 73 76 34 4 89 40 48 62 87 61 96 63 86 21 18 97 65 
0 19 31 77 90 23 79 55 107 24 29 27 54 92 46 17 8 9 75 85 7 35 11 59 22 42 20 25 70 44 37 45 83 109 68 94 81 93 5 32 51 2 69 82 36 78 84 103 100 39 101 74 10 99 64 33 14 57 52 106 108 98 15 91 16 12 28 71 49 56 58 47 26 102 104 3 95 30 41 88 6 13 105 60 67 1 38 43 53 66 80 50 72 73 76 34 4 89 40 48 62 87 61 96 63 86 21 18 97 65 
0 19 31 77 90 23 79 55 107 24 29 27 54 92 46 17 8 9 75 85 7 35 11 59 22 42 20 25 70 44 37 45 83 109 68 94 81 93 5 32 51 2 69 82 36 78 84 103 100 39 101 74 10 99 64 33 14 57 52 106 108 98 15 91 16 12 28 71 49 56 58 47 26 102 104 3 95 30 41 88 6 13 105 60 67 1 38 43 53 66 80 50 72 73 76 34 4 89 40 48 62 87 61 96 63 86 21 18 97 65 
0 19 31 77 90 23 79 55 107 24 29 27 54 92 46 17 8 9 75 85 7 35 11 59 22 42 20 25 70 44 37 45 83 109 68 94 81 93 5 32 51 2 69 82 36 78 84 103 100 39 101 74 10 99 64 33 14 57 52 106 108 98 15 91 16 12 28 71 49 56 58 47 26 102 104 3 95 30 41 88 6 13 105 60 67 1 38 43 53 66 80 50 72 73 76 34 4 89 40 48 62 87 61 96 63 86 21 18 97 65 
0 19 31 77 90 23 79 55 107 24 29 27 54 92 46 17 8 9 75 85 7 35 11 59 22 42 20 25 70 44 37 45 83 109 68 94 81 93 5 32 51 2 69 82 36 78 84 103 100 39 101 74 10 99 64 33 14 57 52 106 108 98 15 91 16 12 28 71 49 56 58 47 26 102 104 3 95 30 41 88 6 13 105 60 67 1 38 43 53 66 80 50 72 73 76 34 4 89 40 48 62 87 61 96 63 86 21 18 97 65 
0 19 31 77 90 23 79 55 107 24 29 27 54 92 46 17 8 9 75 85 7 35 11 59 22 42 20 25 70 44 37 45 83 109 68 94 81 93 5 32 51 2 69 82 36 78 84 103 100 39 101 74 10 99 64 33 14 57 52 106 108 98 15 91 16 12 28 71 49 56 58 47 26 102 104 3 95 30 41 88 6 13 105 60 67 1 38 43 53 66 80 50 72 73 76 34 4 89 40 48 62 87 61 96 63 86 21 18 97 65 
0 19 31 77 90 23 79 55 107 24 29 27 54 92 46 17 8 9 75 85 7 35 11 59 22 42 20 25 70 44 37 45 83 109 68 94 81 93 5 32 51 2 69 82 36 78 84 103 100 39 101 74 10 99 64 33 14 57 52 106 108 98 15 91 16 12 28 71 49 56 58 47 26 102 104 3 95 30 41 88 6 13 105 60 67 1 38 43 53 66 80 50 72 73 76 34 4 89 40 48 62 87 61 96 63 86 21 18 97 65 
0 19 31 77 90 23 79 55 107 24 29 27 54 92 46 17 8 9 75 85 7 35 11 59 22 42 20 25 70 44 37 45 83 109 68 94 81 93 5 32 51 2 69 82 36 78 84 103 100 39 101 74 10 99 64 33 14 57 52 106 108 98 15 91 16 12 28 71 49 56 58 47 26 102 104 3 95 30 41 88 6 13 105 60 67 1 38 43 53 66 80 50 72 73 76 34 4 89 40 48 62 87 61 96 63 86 21 18 97 65 
0 19 31 77 90 23 79 55 107 24 29 27 54 92 46 17 8 9 75 85 7 35 11 59 22 42 20 25 70 44 37 45 83 109 68 94 81 93 5 32 51 2 69 82 36 78 84 103 100 39 101 74 10 99 64 33 14 57 52 106 108 98 15 91 16 12 28 71 49 56 58 47 26 102 104 3 95 30 41 88 6 13 105 60 67 1 38 43 53 66 80 50 72 73 76 34 4 89 40 48 62 87 61 96 63 86 21 18 97 65 
0 19 31 77 90 23 79 55 107 24 29 27 54 92 46 17 8 9 75 85 7 35 11 59 22 42 20 25 70 44 37 45 83 109 68 94 81 93 5 32 51 2 69 82 36 78 84 103 100 39 101 74 10 99 64 33 14 57 52 106 108 98 15 91 16 12 28 71 49 56 58 47 26 102 104 3 95 30 41 88 6 13 105 60 67 1 38 43 53 66 80 50 72 73 76 34 4 89 40 48 62 87 61 96 63 86 21 18 97 65 
0 19 31 77 90 23 79 55 107 24 29 27 54 92 46 17 8 9 75 85 7 35 11 59 22 42 20 25 70 44 37 45 83 109 68 94 81 93 5 32 51 2 69 82 36 78 84 103 100 39 101 74 10 99 64 33 14 57 52 106 108 98 15 91 16 12 28 71 49 56 58 47 26 102 104 3 95 30 41 88 6 13 105 60 67 1 38 43 53 66 80 50 72 73 76 34 4 89 40 48 62 87 61 96 63 86 21 18 97 65 
0 19 31 77 90 23 79 55 107 24 29 27 54 92 46 17 8 9 75 85 7 35 11 59 22 42 20 25 70 44 37 45 83 109 68 94 81 93 5 32 51 2 69 82 36 78 84 103 100 39 101 74 10 99 64 33 14 57 52 106 108 98 15 91 16 12 28 71 49 56 58 47 26 102 104 3 95 30 41 88 6 13 105 60 67 1 38 43 53 66 80 50 72 73 76 34 4 89 40 48 62 87 61 96 63 86 21 18 97 65 
0 19 31 77 90 23 79 55 107 24 29 27 54 92 46 17 8 9 75 85 7 35 11 59 22 42 20 25 70 44 37 45 83 109 68 94 81 93 5 32 51 2 69 82 36 78 84 103 100 39 101 74 10 99 64 33 14 57 52 106 108 98 15 91 16 12 28 71 49 56 58 47 26 102 104 3 95 30 41 88 6 13 105 60 67 1 38 43 53 66 80 50 72 73 76 34 4 89 40 48 62 87 61 96 63 86 21 18 97 65 
0 19 31 77 90 23 79 55 107 24 29 27 54 92 46 17 8 9 75 85 7 35 11 59 22 42 20 25 70 44 37 45 83 109 68 94 81 93 5 32 51 2 69 82 36 78 84 103 100 39 101 74 10 99 64 33 14 57 52 106 108 98 15 91 16 12 28 71 49 56 58 47 26 102 104 3 95 30 41 88 6 13 105 60 67 1 38 43 53 66 80 50 72 73 76 34 4 89 40 48 62 87 61 96 63 86 21 18 97 65 
0 19 31 77 90 23 79 55 107 24 29 27 54 92 46 17 8 9 75 85 7 35 11 59 22 42 20 25 70 44 37 45 83 109 68 94 81 93 5 32 51 2 69 82 36 78 84 103 100 39 101 74 10 99 64 33 14 57 52 106 108 98 15 91 16 12 28 71 49 56 58 47 26 102 104 3 95 30 41 88 6 13 105 60 67 1 38 43 53 66 80 50 72 73 76 34 4 89 40 48 62 87 61 96 63 86 21 18 97 65 
0 19 31 77 90 23 79 55 107 24 29 27 54 92 46 17 8 9 75 85 7 35 11 59 22 42 20 25 70 44 37 45 83 109 68 94 81 93 5 32 51 2 69 82 36 78 84 103 100 39 101 74 10 99 64 33 14 57 52 106 108 98 15 91 16 12 28 71 49 56 58 47 26 102 104 3 95 30 41 88 6 13 105 60 67 1 38 43 53 66 80 50 72 73 76 34 4 89 40 48 62 87 61 96 63 86 21 18 97 65 
0 19 31 77 90 23 79 55 107 24 29 27 54 92 46 17 8 9 75 85 7 35 11 59 22 42 20 25 70 44 37 45 83 109 68 94 81 93 5 32 51 2 69 82 36 78 84 103 100 39 101 74 10 99 64 33 14 57 52 106 108 98 15 91 16 12 28 71 49 56 58 47 26 102 104 3 95 30 41 88 6 13 105 60 67 1 38 43 53 66 80 50 72 73 76 34 4 89 40 48 62 87 61 96 63 86 21 18 97 65 
0 19 31 77 90 23 79 55 107 24 29 27 54 92 46 17 8 9 75 85 7 35 11 59 22 42 20 25 70 44 37 45 83 109 68 94 81 93 5 32 51 2 69 82 36 78 84 103 100 39 101 74 10 99 64 33 14 57 52 106 108 98 15 91 16 12 28 71 49 56 58 47 26 102 104 3 95 30 41 88 6 13 105 60 67 1 38 43 53 66 80 50 72 73 76 34 4 89 40 48 62 87 61 96 63 86 21 18 97 65 
0 19 31 77 90 23 79 55 107 24 29 27 54 92 46 17 8 9 75 85 7 35 11 59 22 42 20 25 70 44 37 45 83 109 68 94 81 93 5 32 51 2 69 82 36 78 84 103 100 39 101 74 10 99 64 33 14 57 52 106 108 98 15 91 16 12 28 71 49 56 58 47 26 102 104 3 95 30 41 88 6 13 105 60 67 1 38 43 53 66 80 50 72 73 76 34 4 89 40 48 62 87 61 96 63 86 21 18 97 65 
0 19 31 77 90 23 79 55 107 24 29 27 54 92 46 17 8 9 75 85 7 35 11 59 22 42 20 25 70 44 37 45 83 109 68 94 81 93 5 32 51 2 69 82 36 78 84 103 100 39 101 74 10 99 64 33 14 57 52 106 108 98 15 91 16 12 28 71 49 56 58 47 26 102 104 3 95 30 41 88 6 13 105 60 67 1 38 43 53 66 80 50 72 73 76 34 4 89 40 48 62 87 61 96 63 86 21 18 97 65 
0 19 31 77 90 23 79 55 107 24 29 27 54 92 46 17 8 9 75 85 7 35 11 59 22 42 20 25 70 44 37 45 83 109 68 94 81 93 5 32 51 2 69 82 36 78 84 103 100 39 101 74 10 99 64 33 14 57 52 106 108 98 15 91 16 12 28 71 49 56 58 47 26 102 104 3 95 30 41 88 6 13 105 60 67 1 38 43 53 66 80 50 72 73 76 34 4 89 40 48 62 87 61 96 63 86 21 18 97 65 
0 19 31 77 90 23 79 55 107 24 29 27 54 92 46 17 8 9 75 85 7 35 11 59 22 42 20 25 70 44 37 45 83 109 68 94 81 93 5 32 51 2 69 82 36 78 84 103 100 39 101 74 10 99 64 33 14 57 52 106 108 98 15 91 16 12 28 71 49 56 58 47 26 102 104 3 95 30 41 88 6 13 105 60 67 1 38 43 53 66 80 50 72 73 76 34 4 89 40 48 62 87 61 96 63 86 21 18 97 65 
0 19 31 77 90 23 79 55 107 24 29 27 54 92 46 17 8 9 75 85 7 35 11 59 22 42 20 25 70 44 37 45 83 109 68 94 81 93 5 32 51 2 69 82 36 78 84 103 100 39 101 74 10 99 64 33 14 57 52 106 108 98 15 91 16 12 28 71 49 56 58 47 26 102 104 3 95 30 41 88 6 13 105 60 67 1 38 43 53 66 80 50 72 73 76 34 4 89 40 48 62 87 61 96 63 86 21 18 97 65 
0 19 31 77 90 23 79 55 107 24 29 27 54 92 46 17 8 9 75 85 7 35 11 59 22 42 20 25 70 44 37 45 83 109 68 94 81 93 5 32 51 2 69 82 36 78 84 103 100 39 101 74 10 99 64 33 14 57 52 106 108 98 15 91 16 12 28 71 49 56 58 47 26 102 104 3 95 30 41 88 6 13 105 60 67 1 38 43 53 66 80 50 72 73 76 34 4 89 40 48 62 87 61 96 63 86 21 18 97 65 
0 19 31 77 90 23 79 55 107 24 29 27 54 92 46 17 8 9 75 85 7 35 11 59 22 42 20 25 70 44 37 45 83 109 68 94 81 93 5 32 51 2 69 82 36 78 84 103 100 39 101 74 10 99 64 33 14 57 52 106 108 98 15 91 16 12 28 71 49 56 58 47 26 102 104 3 95 30 41 88 6 13 105 60 67 1 38 43 53 66 80 50 72 73 76 34 4 89 40 48 62 87 61 96 63 86 21 18 97 65 
0 19 31 77 90 23 79 55 107 24 29 27 54 92 46 17 8 9 75 85 7 35 11 59 22 42 20 25 70 44 37 45 83 109 68 94 81 93 5 32 51 2 69 82 36 78 84 103 100 39 101 74 10 99 64 33 14 57 52 106 108 98 15 91 16 12 28 71 49 56 58 47 26 102 104 3 95 30 41 88 6 13 105 60 67 1 38 43 53 66 80 50 72 73 76 34 4 89 40 48 62 87 61 96 63 86 21 18 97 65 
0 19 31 77 90 23 79 55 107 24 29 27 54 92 46 17 8 9 75 85 7 35 11 59 22 42 20 25 70 44 37 45 83 109 68 94 81 93 5 32 51 2 69 82 36 78 84 103 100 39 101 74 10 99 64 33 14 57 52 106 108 98 15 91 16 12 28 71 49 56 58 47 26 102 104 3 95 30 41 88 6 13 105 60 67 1 38 43 53 66 80 50 72 73 76 34 4 89 40 48 62 87 61 96 63 86 21 18 97 65 
0 19 31 77 90 23 79 55 107 24 29 27 54 92 46 17 8 9 75 85 7 35 11 59 22 42 20 25 70 44 37 45 83 109 68 94 81 93 5 32 51 2 69 82 36 78 84 103 100 39 101 74 10 99 64 33 14 57 52 106 108 98 15 91 16 12 28 71 49 56 58 47 26 102 104 3 95 30 41 88 6 13 105 60 67 1 38 43 53 66 80 50 72 73 76 34 4 89 40 48 62 87 61 96 63 86 21 18 97 65 
0 19 31 77 90 23 79 55 107 24 29 27 54 92 46 17 8 9 75 85 7 35 11 59 22 42 20 25 70 44 37 45 83 109 68 94 81 93 5 32 51 2 69 82 36 78 84 103 100 39 101 74 10 99 64 33 14 57 52 106 108 98 15 91 16 12 28 71 49 56 58 47 26 102 104 3 95 30 41 88 6 13 105 60 67 1 38 43 53 66 80 50 72 73 76 34 4 89 40 48 62 87 61 96 63 86 21 18 97 65 
0 19 31 77 90 23 79 55 107 24 29 27 54 92 46 17 8 9 75 85 7 35 11 59 22 42 20 25 70 44 37 45 83 109 68 94 81 93 5 32 51 2 69 82 36 78 84 103 100 39 101 74 10 99 64 33 14 57 52 106 108 98 15 91 16 12 28 71 49 56 58 47 26 102 104 3 95 30 41 88 6 13 105 60 67 1 38 43 53 66 80 50 72 73 76 34 4 89 40 48 62 87 61 96 63 86 21 18 97 65 
0 19 31 77 90 23 79 55 107 24 29 27 54 92 46 17 8 9 75 85 7 35 11 59 22 42 20 25 70 44 37 45 83 109 68 94 81 93 5 32 51 2 69 82 36 78 84 103 100 39 101 74 10 99 64 33 14 57 52 106 108 98 15 91 16 12 28 71 49 56 58 47 26 102 104 3 95 30 41 88 6 13 105 60 67 1 38 43 53 66 80 50 72 73 76 34 4 89 40 48 62 87 61 96 63 86 21 18 97 65 
0 19 31 77 90 23 79 55 107 24 29 27 54 92 46 17 8 9 75 85 7 35 11 59 22 42 20 25 70 44 37 45 83 109 68 94 81 93 5 32 51 2 69 82 36 78 84 103 100 39 101 74 10 99 64 33 14 57 52 106 108 98 15 91 16 12 28 71 49 56 58 47 26 102 104 3 95 30 41 88 6 13 105 60 67 1 38 43 53 66 80 50 72 73 76 34 4 89 40 48 62 87 61 96 63 86 21 18 97 65 
0 19 31 77 90 23 79 55 107 24 29 27 54 92 46 17 8 9 75 85 7 35 11 59 22 42 20 25 70 44 37 45 83 109 68 94 81 93 5 32 51 2 69 82 36 78 84 103 100 39 101 74 10 99 64 33 14 57 52 106 108 98 15 91 16 12 28 71 49 56 58 47 26 102 104 3 95 30 41 88 6 13 105 60 67 1 38 43 53 66 80 50 72 73 76 34 4 89 40 48 62 87 61 96 63 86 21 18 97 65 
0 19 31 77 90 23 79 55 107 24 29 27 54 92 46 17 8 9 75 85 7 35 11 59 22 42 20 25 70 44 37 45 83 109 68 94 81 93 5 32 51 2 69 82 36 78 84 103 100 39 101 74 10 99 64 33 14 57 52 106 108 98 15 91 16 12 28 71 49 56 58 47 26 102 104 3 95 30 41 88 6 13 105 60 67 1 38 43 53 66 80 50 72 73 76 34 4 89 40 48 62 87 61 96 63 86 21 18 97 65 
0 19 31 77 90 23 79 55 107 24 29 27 54 92 46 17 8 9 75 85 7 35 11 59 22 42 20 25 70 44 37 45 83 109 68 94 81 93 5 32 51 2 69 82 36 78 84 103 100 39 101 74 10 99 64 33 14 57 52 106 108 98 15 91 16 12 28 71 49 56 58 47 26 102 104 3 95 30 41 88 6 13 105 60 67 1 38 43 53 66 80 50 72 73 76 34 4 89 40 48 62 87 61 96 63 86 21 18 97 65 
0 19 31 77 90 23 79 55 107 24 29 27 54 92 46 17 8 9 75 85 7 35 11 59 22 42 20 25 70 44 37 45 83 109 68 94 81 93 5 32 51 2 69 82 36 78 84 103 100 39 101 74 10 99 64 33 14 57 52 106 108 98 15 91 16 12 28 71 49 56 58 47 26 102 104 3 95 30 41 88 6 13 105 60 67 1 38 43 53 66 80 50 72 73 76 34 4 89 40 48 62 87 61 96 63 86 21 18 97 65 
0 19 31 77 90 23 79 55 107 24 29 27 54 92 46 17 8 9 75 85 7 35 11 59 22 42 20 25 70 44 37 45 83 109 68 94 81 93 5 32 51 2 69 82 36 78 84 103 100 39 101 74 10 99 64 33 14 57 52 106 108 98 15 91 16 12 28 71 49 56 58 47 26 102 104 3 95 30 41 88 6 13 105 60 67 1 38 43 53 66 80 50 72 73 76 34 4 89 40 48 62 87 61 96 63 86 21 18 97 65 
0 19 31 77 90 23 79 55 107 24 29 27 54 92 46 17 8 9 75 85 7 35 11 59 22 42 20 25 70 44 37 45 83 109 68 94 81 93 5 32 51 2 69 82 36 78 84 103 100 39 101 74 10 99 64 33 14 57 52 106 108 98 15 91 16 12 28 71 49 56 58 47 26 102 104 3 95 30 41 88 6 13 105 60 67 1 38 43 53 66 80 50 72 73 76 34 4 89 40 48 62 87 61 96 63 86 21 18 97 65 
0 19 31 77 90 23 79 55 107 24 29 27 54 92 46 17 8 9 75 85 7 35 11 59 22 42 20 25 70 44 37 45 83 109 68 94 81 93 5 32 51 2 69 82 36 78 84 103 100 39 101 74 10 99 64 33 14 57 52 106 108 98 15 91 16 12 28 71 49 56 58 47 26 102 104 3 95 30 41 88 6 13 105 60 67 1 38 43 53 66 80 50 72 73 76 34 4 89 40 48 62 87 61 96 63 86 21 18 97 65 
0 19 31 77 90 23 79 55 107 24 29 27 54 92 46 17 8 9 75 85 7 35 11 59 22 42 20 25 70 44 37 45 83 109 68 94 81 93 5 32 51 2 69 82 36 78 84 103 100 39 101 74 10 99 64 33 14 57 52 106 108 98 15 91 16 12 28 71 49 56 58 47 26 102 104 3 95 30 41 88 6 13 105 60 67 1 38 43 53 66 80 50 72 73 76 34 4 89 40 48 62 87 61 96 63 86 21 18 97 65 
0 19 31 77 90 23 79 55 107 24 29 27 54 92 46 17 8 9 75 85 7 35 11 59 22 42 20 25 70 44 37 45 83 109 68 94 81 93 5 32 51 2 69 82 36 78 84 103 100 39 101 74 10 99 64 33 14 57 52 106 108 98 15 91 16 12 28 71 49 56 58 47 26 102 104 3 95 30 41 88 6 13 105 60 67 1 38 43 53 66 80 50 72 73 76 34 4 89 40 48 62 87 61 96 63 86 21 18 97 65 
0 19 31 77 90 23 79 55 107 24 29 27 54 92 46 17 8 9 75 85 7 35 11 59 22 42 20 25 70 44 37 45 83 109 68 94 81 93 5 32 51 2 69 82 36 78 84 103 100 39 101 74 10 99 64 33 14 57 52 106 108 98 15 91 16 12 28 71 49 56 58 47 26 102 104 3 95 30 41 88 6 13 105 60 67 1 38 43 53 66 80 50 72 73 76 34 4 89 40 48 62 87 61 96 63 86 21 18 97 65 
0 19 31 77 90 23 79 55 107 24 29 27 54 92 46 17 8 9 75 85 7 35 11 59 22 42 20 25 70 44 37 45 83 109 68 94 81 93 5 32 51 2 69 82 36 78 84 103 100 39 101 74 10 99 64 33 14 57 52 106 108 98 15 91 16 12 28 71 49 56 58 47 26 102 104 3 95 30 41 88 6 13 105 60 67 1 38 43 53 66 80 50 72 73 76 34 4 89 40 48 62 87 61 96 63 86 21 18 97 65 
0 19 31 77 90 23 79 55 107 24 29 27 54 92 46 17 8 9 75 85 7 35 11 59 22 42 20 25 70 44 37 45 83 109 68 94 81 93 5 32 51 2 69 82 36 78 84 103 100 39 101 74 10 99 64 33 14 57 52 106 108 98 15 91 16 12 28 71 49 56 58 47 26 102 104 3 95 30 41 88 6 13 105 60 67 1 38 43 53 66 80 50 72 73 76 34 4 89 40 48 62 87 61 96 63 86 21 18 97 65 
0 19 31 77 90 23 79 55 107 24 29 27 54 92 46 17 8 9 75 85 7 35 11 59 22 42 20 25 70 44 37 45 83 109 68 94 81 93 5 32 51 2 69 82 36 78 84 103 100 39 101 74 10 99 64 33 14 57 52 106 108 98 15 91 16 12 28 71 49 56 58 47 26 102 104 3 95 30 41 88 6 13 105 60 67 1 38 43 53 66 80 50 72 73 76 34 4 89 40 48 62 87 61 96 63 86 21 18 97 65 
0 19 31 77 90 23 79 55 107 24 29 27 54 92 46 17 8 9 75 85 7 35 11 59 22 42 20 25 70 44 37 45 83 109 68 94 81 93 5 32 51 2 69 82 36 78 84 103 100 39 101 74 10 99 64 33 14 57 52 106 108 98 15 91 16 12 28 71 49 56 58 47 26 102 104 3 95 30 41 88 6 13 105 60 67 1 38 43 53 66 80 50 72 73 76 34 4 89 40 48 62 87 61 96 63 86 21 18 97 65 
0 19 31 77 90 23 79 55 107 24 29 27 54 92 46 17 8 9 75 85 7 35 11 59 22 42 20 25 70 44 37 45 83 109 68 94 81 93 5 32 51 2 69 82 36 78 84 103 100 39 101 74 10 99 64 33 14 57 52 106 108 98 15 91 16 12 28 71 49 56 58 47 26 102 104 3 95 30 41 88 6 13 105 60 67 1 38 43 53 66 80 50 72 73 76 34 4 89 40 48 62 87 61 96 63 86 21 18 97 65 
0 19 31 77 90 23 79 55 107 24 29 27 54 92 46 17 8 9 75 85 7 35 11 59 22 42 20 25 70 44 37 45 83 109 68 94 81 93 5 32 51 2 69 82 36 78 84 103 100 39 101 74 10 99 64 33 14 57 52 106 108 98 15 91 16 12 28 71 49 56 58 47 26 102 104 3 95 30 41 88 6 13 105 60 67 1 38 43 53 66 80 50 72 73 76 34 4 89 40 48 62 87 61 96 63 86 21 18 97 65 
0 19 31 77 90 23 79 55 107 24 29 27 54 92 46 17 8 9 75 85 7 35 11 59 22 42 20 25 70 44 37 45 83 109 68 94 81 93 5 32 51 2 69 82 36 78 84 103 100 39 101 74 10 99 64 33 14 57 52 106 108 98 15 91 16 12 28 71 49 56 58 47 26 102 104 3 95 30 41 88 6 13 105 60 67 1 38 43 53 66 80 50 72 73 76 34 4 89 40 48 62 87 61 96 63 86 21 18 97 65 
0 19 31 77 90 23 79 55 107 24 29 27 54 92 46 17 8 9 75 85 7 35 11 59 22 42 20 25 70 44 37 45 83 109 68 94 81 93 5 32 51 2 69 82 36 78 84 103 100 39 101 74 10 99 64 33 14 57 52 106 108 98 15 91 16 12 28 71 49 56 58 47 26 102 104 3 95 30 41 88 6 13 105 60 67 1 38 43 53 66 80 50 72 73 76 34 4 89 40 48 62 87 61 96 63 86 21 18 97 65 
0 19 31 77 90 23 79 55 107 24 29 27 54 92 46 17 8 9 75 85 7 35 11 59 22 42 20 25 70 44 37 45 83 109 68 94 81 93 5 32 51 2 69 82 36 78 84 103 100 39 101 74 10 99 64 33 14 57 52 106 108 98 15 91 16 12 28 71 49 56 58 47 26 102 104 3 95 30 41 88 6 13 105 60 67 1 38 43 53 66 80 50 72 73 76 34 4 89 40 48 62 87 61 96 63 86 21 18 97 65 
0 19 31 77 90 23 79 55 107 24 29 27 54 92 46 17 8 9 75 85 7 35 11 59 22 42 20 25 70 44 37 45 83 109 68 94 81 93 5 32 51 2 69 82 36 78 84 103 100 39 101 74 10 99 64 33 14 57 52 106 108 98 15 91 16 12 28 71 49 56 58 47 26 102 104 3 95 30 41 88 6 13 105 60 67 1 38 43 53 66 80 50 72 73 76 34 4 89 40 48 62 87 61 96 63 86 21 18 97 65 
0 19 31 77 90 23 79 55 107 24 29 27 54 92 46 17 8 9 75 85 7 35 11 59 22 42 20 25 70 44 37 45 83 109 68 94 81 93 5 32 51 2 69 82 36 78 84 103 100 39 101 74 10 99 64 33 14 57 52 106 108 98 15 91 16 12 28 71 49 56 58 47 26 102 104 3 95 30 41 88 6 13 105 60 67 1 38 43 53 66 80 50 72 73 76 34 4 89 40 48 62 87 61 96 63 86 21 18 97 65 
0 19 31 77 90 23 79 55 107 24 29 27 54 92 46 17 8 9 75 85 7 35 11 59 22 42 20 25 70 44 37 45 83 109 68 94 81 93 5 32 51 2 69 82 36 78 84 103 100 39 101 74 10 99 64 33 14 57 52 106 108 98 15 91 16 12 28 71 49 56 58 47 26 102 104 3 95 30 41 88 6 13 105 60 67 1 38 43 53 66 80 50 72 73 76 34 4 89 40 48 62 87 61 96 63 86 21 18 97 65 
0 19 31 77 90 23 79 55 107 24 29 27 54 92 46 17 8 9 75 85 7 35 11 59 22 42 20 25 70 44 37 45 83 109 68 94 81 93 5 32 51 2 69 82 36 78 84 103 100 39 101 74 10 99 64 33 14 57 52 106 108 98 15 91 16 12 28 71 49 56 58 47 26 102 104 3 95 30 41 88 6 13 105 60 67 1 38 43 53 66 80 50 72 73 76 34 4 89 40 48 62 87 61 96 63 86 21 18 97 65 
0 19 31 77 90 23 79 55 107 24 29 27 54 92 46 17 8 9 75 85 7 35 11 59 22 42 20 25 70 44 37 45 83 109 68 94 81 93 5 32 51 2 69 82 36 78 84 103 100 39 101 74 10 99 64 33 14 57 52 106 108 98 15 91 16 12 28 71 49 56 58 47 26 102 104 3 95 30 41 88 6 13 105 60 67 1 38 43 53 66 80 50 72 73 76 34 4 89 40 48 62 87 61 96 63 86 21 18 97 65 
0 19 31 77 90 23 79 55 107 24 29 27 54 92 46 17 8 9 75 85 7 35 11 59 22 42 20 25 70 44 37 45 83 109 68 94 81 93 5 32 51 2 69 82 36 78 84 103 100 39 101 74 10 99 64 33 14 57 52 106 108 98 15 91 16 12 28 71 49 56 58 47 26 102 104 3 95 30 41 88 6 13 105 60 67 1 38 43 53 66 80 50 72 73 76 34 4 89 40 48 62 87 61 96 63 86 21 18 97 65 
0 19 31 77 90 23 79 55 107 24 29 27 54 92 46 17 8 9 75 85 7 35 11 59 22 42 20 25 70 44 37 45 83 109 68 94 81 93 5 32 51 2 69 82 36 78 84 103 100 39 101 74 10 99 64 33 14 57 52 106 108 98 15 91 16 12 28 71 49 56 58 47 26 102 104 3 95 30 41 88 6 13 105 60 67 1 38 43 53 66 80 50 72 73 76 34 4 89 40 48 62 87 61 96 63 86 21 18 97 65 
0 19 31 77 90 23 79 55 107 24 29 27 54 92 46 17 8 9 75 85 7 35 11 59 22 42 20 25 70 44 37 45 83 109 68 94 81 93 5 32 51 2 69 82 36 78 84 103 100 39 101 74 10 99 64 33 14 57 52 106 108 98 15 91 16 12 28 71 49 56 58 47 26 102 104 3 95 30 41 88 6 13 105 60 67 1 38 43 53 66 80 50 72 73 76 34 4 89 40 48 62 87 61 96 63 86 21 18 97 65 
0 19 31 77 90 23 79 55 107 24 29 27 54 92 46 17 8 9 75 85 7 35 11 59 22 42 20 25 70 44 37 45 83 109 68 94 81 93 5 32 51 2 69 82 36 78 84 103 100 39 101 74 10 99 64 33 14 57 52 106 108 98 15 91 16 12 28 71 49 56 58 47 26 102 104 3 95 30 41 88 6 13 105 60 67 1 38 43 53 66 80 50 72 73 76 34 4 89 40 48 62 87 61 96 63 86 21 18 97 65 
0 19 31 77 90 23 79 55 107 24 29 27 54 92 46 17 8 9 75 85 7 35 11 59 22 42 20 25 70 44 37 45 83 109 68 94 81 93 5 32 51 2 69 82 36 78 84 103 100 39 101 74 10 99 64 33 14 57 52 106 108 98 15 91 16 12 28 71 49 56 58 47 26 102 104 3 95 30 41 88 6 13 105 60 67 1 38 43 53 66 80 50 72 73 76 34 4 89 40 48 62 87 61 96 63 86 21 18 97 65 
0 19 31 77 90 23 79 55 107 24 29 27 54 92 46 17 8 9 75 85 7 35 11 59 22 42 20 25 70 44 37 45 83 109 68 94 81 93 5 32 51 2 69 82 36 78 84 103 100 39 101 74 10 99 64 33 14 57 52 106 108 98 15 91 16 12 28 71 49 56 58 47 26 102 104 3 95 30 41 88 6 13 105 60 67 1 38 43 53 66 80 50 72 73 76 34 4 89 40 48 62 87 61 96 63 86 21 18 97 65 
0 19 31 77 90 23 79 55 107 24 29 27 54 92 46 17 8 9 75 85 7 35 11 59 22 42 20 25 70 44 37 45 83 109 68 94 81 93 5 32 51 2 69 82 36 78 84 103 100 39 101 74 10 99 64 33 14 57 52 106 108 98 15 91 16 12 28 71 49 56 58 47 26 102 104 3 95 30 41 88 6 13 105 60 67 1 38 43 53 66 80 50 72 73 76 34 4 89 40 48 62 87 61 96 63 86 21 18 97 65 
0 19 31 77 90 23 79 55 107 24 29 27 54 92 46 17 8 9 75 85 7 35 11 59 22 42 20 25 70 44 37 45 83 109 68 94 81 93 5 32 51 2 69 82 36 78 84 103 100 39 101 74 10 99 64 33 14 57 52 106 108 98 15 91 16 12 28 71 49 56 58 47 26 102 104 3 95 30 41 88 6 13 105 60 67 1 38 43 53 66 80 50 72 73 76 34 4 89 40 48 62 87 61 96 63 86 21 18 97 65 
0 19 31 77 90 23 79 55 107 24 29 27 54 92 46 17 8 9 75 85 7 35 11 59 22 42 20 25 70 44 37 45 83 109 68 94 81 93 5 32 51 2 69 82 36 78 84 103 100 39 101 74 10 99 64 33 14 57 52 106 108 98 15 91 16 12 28 71 49 56 58 47 26 102 104 3 95 30 41 88 6 13 105 60 67 1 38 43 53 66 80 50 72 73 76 34 4 89 40 48 62 87 61 96 63 86 21 18 97 65 
0 19 31 77 90 23 79 55 107 24 29 27 54 92 46 17 8 9 75 85 7 35 11 59 22 42 20 25 70 44 37 45 83 109 68 94 81 93 5 32 51 2 69 82 36 78 84 103 100 39 101 74 10 99 64 33 14 57 52 106 108 98 15 91 16 12 28 71 49 56 58 47 26 102 104 3 95 30 41 88 6 13 105 60 67 1 38 43 53 66 80 50 72 73 76 34 4 89 40 48 62 87 61 96 63 86 21 18 97 65 
0 19 31 77 90 23 79 55 107 24 29 27 54 92 46 17 8 9 75 85 7 35 11 59 22 42 20 25 70 44 37 45 83 109 68 94 81 93 5 32 51 2 69 82 36 78 84 103 100 39 101 74 10 99 64 33 14 57 52 106 108 98 15 91 16 12 28 71 49 56 58 47 26 102 104 3 95 30 41 88 6 13 105 60 67 1 38 43 53 66 80 50 72 73 76 34 4 89 40 48 62 87 61 96 63 86 21 18 97 65 
0 19 31 77 90 23 79 55 107 24 29 27 54 92 46 17 8 9 75 85 7 35 11 59 22 42 20 25 70 44 37 45 83 109 68 94 81 93 5 32 51 2 69 82 36 78 84 103 100 39 101 74 10 99 64 33 14 57 52 106 108 98 15 91 16 12 28 71 49 56 58 47 26 102 104 3 95 30 41 88 6 13 105 60 67 1 38 43 53 66 80 50 72 73 76 34 4 89 40 48 62 87 61 96 63 86 21 18 97 65 
0 19 31 77 90 23 79 55 107 24 29 27 54 92 46 17 8 9 75 85 7 35 11 59 22 42 20 25 70 44 37 45 83 109 68 94 81 93 5 32 51 2 69 82 36 78 84 103 100 39 101 74 10 99 64 33 14 57 52 106 108 98 15 91 16 12 28 71 49 56 58 47 26 102 104 3 95 30 41 88 6 13 105 60 67 1 38 43 53 66 80 50 72 73 76 34 4 89 40 48 62 87 61 96 63 86 21 18 97 65 
0 19 31 77 90 23 79 55 107 24 29 27 54 92 46 17 8 9 75 85 7 35 11 59 22 42 20 25 70 44 37 45 83 109 68 94 81 93 5 32 51 2 69 82 36 78 84 103 100 39 101 74 10 99 64 33 14 57 52 106 108 98 15 91 16 12 28 71 49 56 58 47 26 102 104 3 95 30 41 88 6 13 105 60 67 1 38 43 53 66 80 50 72 73 76 34 4 89 40 48 62 87 61 96 63 86 21 18 97 65 
0 19 31 77 90 23 79 55 107 24 29 27 54 92 46 17 8 9 75 85 7 35 11 59 22 42 20 25 70 44 37 45 83 109 68 94 81 93 5 32 51 2 69 82 36 78 84 103 100 39 101 74 10 99 64 33 14 57 52 106 108 98 15 91 16 12 28 71 49 56 58 47 26 102 104 3 95 30 41 88 6 13 105 60 67 1 38 43 53 66 80 50 72 73 76 34 4 89 40 48 62 87 61 96 63 86 21 18 97 65 
0 19 31 77 90 23 79 55 107 24 29 27 54 92 46 17 8 9 75 85 7 35 11 59 22 42 20 25 70 44 37 45 83 109 68 94 81 93 5 32 51 2 69 82 36 78 84 103 100 39 101 74 10 99 64 33 14 57 52 106 108 98 15 91 16 12 28 71 49 56 58 47 26 102 104 3 95 30 41 88 6 13 105 60 67 1 38 43 53 66 80 50 72 73 76 34 4 89 40 48 62 87 61 96 63 86 21 18 97 65 
0 19 31 77 90 23 79 55 107 24 29 27 54 92 46 17 8 9 75 85 7 35 11 59 22 42 20 25 70 44 37 45 83 109 68 94 81 93 5 32 51 2 69 82 36 78 84 103 100 39 101 74 10 99 64 33 14 57 52 106 108 98 15 91 16 12 28 71 49 56 58 47 26 102 104 3 95 30 41 88 6 13 105 60 67 1 38 43 53 66 80 50 72 73 76 34 4 89 40 48 62 87 61 96 63 86 21 18 97 65 
0 19 31 77 23 90 79 55 107 24 29 27 54 92 46 17 8 9 75 85 7 35 11 59 22 42 20 25 70 44 37 45 83 109 68 94 81 93 5 32 51 2 69 82 36 78 84 103 100 39 101 74 10 99 64 33 14 57 52 106 108 98 15 91 16 12 28 71 49 56 58 47 26 102 104 3 95 30 41 88 6 13 105 60 67 1 38 43 53 66 80 50 72 73 76 34 4 89 40 48 62 87 61 96 63 86 21 18 97 65 
0 19 31 77 90 23 79 55 107 24 29 27 54 92 46 17 8 9 75 85 7 35 11 59 22 42 20 25 70 44 37 45 83 109 68 94 81 93 5 32 51 2 69 82 36 78 84 103 100 39 101 74 10 99 64 33 14 57 52 106 108 15 98 91 16 12 28 71 49 56 58 47 26 102 104 3 95 30 41 88 6 13 105 60 67 1 38 43 53 66 80 50 72 73 76 34 4 89 40 48 62 87 61 96 63 86 21 18 97 65 
0 19 31 77 90 23 79 55 107 24 29 27 54 92 46 17 8 9 75 85 7 35 11 59 22 42 20 25 70 44 37 45 83 109 68 94 81 93 5 32 51 2 69 82 36 78 84 103 100 39 101 74 10 99 64 33 14 57 52 106 108 98 15 91 16 12 28 71 49 56 58 47 26 102 104 3 95 30 41 88 6 13 105 60 67 1 38 43 53 66 80 50 72 73 76 34 4 89 40 48 87 62 61 96 63 86 21 18 97 65 
0 19 31 77 90 23 79 55 107 24 29 27 54 92 46 17 8 9 75 85 7 35 11 59 22 42 20 25 70 44 37 45 83 109 68 94 81 93 5 32 51 2 69 82 36 78 84 103 100 39 101 74 10 99 64 33 14 57 52 106 108 98 15 91 16 12 28 71 49 56 58 47 26 102 104 3 95 30 88 41 6 13 105 60 67 1 38 43 53 66 80 50 72 73 76 34 4 89 40 48 62 87 61 96 63 86 21 18 97 65 
0 19 31 77 90 23 79 55 107 24 29 27 54 92 46 17 8 9 75 85 7 35 11 59 22 42 20 25 70 44 37 45 83 109 68 94 81 93 5 32 51 2 69 82 36 78 84 103 100 39 101 74 10 99 64 33 14 57 106 108 98 15 91 16 12 28 71 49 56 58 47 26 102 104 3 95 30 41 88 6 13 105 60 67 1 38 43 53 66 52 80 50 72 73 76 34 4 89 40 48 62 87 61 96 63 86 21 18 97 65 
0 19 31 77 90 23 79 55 107 24 29 27 54 92 46 17 8 9 75 85 7 35 11 59 22 42 20 25 70 44 37 45 83 109 68 94 81 93 5 32 51 2 69 82 36 78 84 103 100 101 39 74 10 99 64 33 14 57 52 106 108 98 15 91 16 12 28 71 49 56 58 47 26 102 104 3 95 30 41 88 6 13 105 60 67 1 38 43 53 66 80 50 72 73 76 34 4 89 40 48 62 87 61 96 63 86 21 18 97 65 
0 19 31 77 90 23 79 55 107 24 29 27 54 92 46 17 8 9 75 85 7 35 11 59 22 42 20 25 70 44 37 45 83 81 68 94 109 93 5 32 51 2 69 82 36 78 84 103 100 39 101 74 10 99 64 33 14 57 52 106 108 98 15 91 16 12 28 71 49 56 58 47 26 102 104 3 95 30 41 88 6 13 105 60 67 1 38 43 53 66 80 50 72 73 76 34 4 89 40 48 62 87 61 96 63 86 21 18 97 65 
0 19 31 77 90 23 79 55 107 24 29 27 54 92 46 17 8 9 75 85 7 35 11 59 22 42 20 25 70 44 37 45 83 109 68 94 81 93 5 32 51 2 69 82 36 78 84 103 100 39 101 74 10 99 64 33 14 57 52 106 108 98 15 91 16 12 28 71 49 56 58 47 26 102 104 3 95 30 41 6 88 13 105 60 67 1 38 43 53 66 80 50 72 73 76 34 4 89 40 48 62 87 61 96 63 86 21 18 97 65 
0 19 31 77 90 23 79 55 107 24 29 27 54 92 46 17 8 9 75 85 7 35 11 59 22 42 20 25 70 44 37 45 83 109 68 94 81 93 5 32 51 2 69 82 36 78 84 103 100 39 101 74 10 99 64 33 14 57 52 106 108 15 91 16 98 12 28 71 49 56 58 47 26 102 104 3 95 30 41 88 6 13 105 60 67 1 38 43 53 66 80 50 72 73 76 34 4 89 40 48 62 87 61 96 63 86 21 18 97 65 
0 19 31 77 90 23 79 55 107 24 29 27 54 92 46 17 8 9 75 85 7 35 11 59 22 42 20 25 70 44 37 45 83 109 68 94 81 93 5 32 51 2 69 82 36 78 84 103 100 39 101 74 10 99 64 33 14 57 52 106 53 43 38 1 67 60 105 13 6 88 41 30 95 3 104 102 26 47 58 56 49 71 28 12 16 91 15 98 108 66 80 50 72 73 76 34 4 89 40 48 62 87 61 96 63 86 21 18 97 65 
0 19 31 77 90 23 79 55 107 24 29 27 54 92 46 17 8 9 75 85 7 35 11 59 22 42 20 25 70 44 37 45 83 109 68 94 81 93 5 32 51 2 69 82 36 78 84 103 100 39 101 74 10 99 64 33 34 57 52 106 108 98 15 91 16 12 28 71 49 56 58 47 26 102 104 3 95 30 41 88 6 13 105 60 67 1 38 43 53 66 80 50 72 73 76 14 4 89 40 48 62 87 61 96 63 86 21 18 97 65 
0 19 31 77 90 23 79 55 107 24 29 27 54 92 46 17 8 9 75 7 35 11 59 22 42 85 20 25 70 44 37 45 83 109 68 94 81 93 5 32 51 2 69 82 36 78 84 103 100 39 101 74 10 99 64 33 14 57 52 106 108 98 15 91 16 12 28 71 49 56 58 47 26 102 104 3 95 30 41 88 6 13 105 60 67 1 38 43 53 66 80 50 72 73 76 34 4 89 40 48 62 87 61 96 63 86 21 18 97 65 
0 19 31 77 90 23 79 55 107 24 29 27 54 92 46 17 8 9 75 85 7 35 11 59 22 42 20 25 70 44 37 45 83 109 68 94 81 93 5 32 51 2 69 82 36 78 33 14 40 89 4 34 76 73 57 80 66 52 106 108 64 84 103 100 39 101 74 99 10 15 98 91 16 28 12 47 58 26 102 71 49 56 104 3 95 30 41 88 6 13 105 60 67 1 38 43 53 50 72 48 62 87 61 96 63 86 21 18 97 65 
0 19 31 77 90 23 79 55 107 24 29 27 54 92 46 17 8 9 75 85 7 35 11 59 22 42 20 25 70 44 37 45 83 109 68 94 81 93 5 32 51 2 69 82 36 78 84 103 100 39 101 74 10 99 64 33 14 57 52 106 108 98 15 91 16 12 28 71 49 58 47 26 102 104 3 95 30 41 88 6 13 105 60 67 1 38 43 56 53 66 80 50 72 73 76 34 4 89 40 48 62 87 61 96 63 86 21 18 97 65 
0 19 31 77 90 23 79 55 107 24 29 27 54 92 46 17 8 9 75 85 7 35 11 59 22 42 20 25 70 44 37 45 83 109 68 94 81 93 5 32 51 2 69 82 36 78 84 103 100 39 101 74 10 99 64 33 14 57 52 106 108 98 15 91 16 12 28 71 49 56 58 104 26 102 47 3 95 30 41 88 6 13 105 60 67 1 38 43 53 66 80 50 72 73 76 34 4 89 40 48 62 87 61 96 63 86 21 18 97 65 
0 19 31 77 90 23 79 55 107 24 29 27 54 92 46 17 8 9 75 85 7 35 11 59 22 42 20 25 70 44 37 45 83 109 68 94 81 93 5 32 51 2 82 36 78 84 103 100 39 101 74 10 99 64 33 14 57 52 106 108 98 15 91 16 12 28 71 49 56 58 47 26 102 104 3 95 30 41 88 6 13 105 60 67 1 38 43 53 66 80 50 72 73 76 34 4 89 69 40 48 62 87 61 96 63 86 21 18 97 65 
0 19 31 77 90 23 79 55 107 24 29 27 54 92 46 17 8 9 75 85 7 35 11 59 22 42 20 25 70 44 37 45 83 109 68 94 81 93 5 32 51 2 69 82 36 34 84 103 100 39 101 74 10 99 64 33 14 57 52 106 108 98 15 91 16 12 28 71 49 56 58 47 26 102 104 3 95 30 41 88 6 13 105 60 67 1 38 43 53 66 80 50 72 73 76 78 4 89 40 48 62 87 61 96 63 86 21 18 97 65 
0 19 31 77 90 23 79 55 107 24 29 27 54 92 46 17 8 9 75 85 7 35 11 59 22 42 20 25 70 44 37 45 83 109 68 94 81 93 5 32 51 2 69 82 36 78 84 103 100 39 101 74 10 99 64 33 14 52 106 108 98 15 91 16 12 28 71 49 56 58 47 26 102 104 3 95 30 41 88 6 13 105 60 67 1 38 43 53 66 80 50 72 73 76 34 4 89 40 57 48 62 87 61 96 63 86 21 18 97 65 
0 19 31 77 90 23 79 55 107 24 29 27 54 92 46 17 8 9 75 85 7 35 11 59 22 42 20 25 70 44 37 45 83 109 68 94 81 93 5 32 51 2 69 82 36 78 84 103 100 39 101 74 10 99 64 33 14 57 52 106 108 98 15 91 16 12 28 71 49 56 58 47 26 102 104 3 95 41 88 6 13 105 60 67 1 38 30 43 53 66 80 50 72 73 76 34 4 89 40 48 62 87 61 96 63 86 21 18 97 65 
0 19 31 77 90 23 79 55 107 24 29 27 54 92 46 17 8 9 75 85 7 35 11 59 22 42 20 25 70 44 37 45 83 109 68 94 81 93 5 32 51 2 69 82 36 78 84 103 100 39 101 74 10 99 64 33 14 57 52 106 108 98 15 91 16 12 28 71 49 56 58 47 26 102 104 3 95 30 41 88 6 13 105 60 67 1 38 43 53 66 80 50 72 73 34 4 89 40 48 76 62 87 61 96 63 86 21 18 97 65 
0 19 31 77 90 23 79 55 107 24 29 27 54 92 46 17 8 9 75 85 7 35 11 59 22 42 20 25 70 44 37 45 83 109 68 94 81 93 5 32 51 2 69 82 36 78 84 103 100 39 101 74 10 99 64 33 14 57 52 106 108 98 15 91 16 12 28 49 56 58 47 26 102 104 3 95 30 41 88 6 13 105 60 67 1 38 43 53 66 80 50 72 73 76 71 34 4 89 40 48 62 87 61 96 63 86 21 18 97 65 
0 19 31 77 90 23 79 55 107 24 29 27 54 92 46 17 8 9 75 85 7 35 11 59 22 42 20 25 70 44 37 45 83 109 68 94 81 93 5 32 51 2 69 82 36 78 103 100 84 39 101 74 10 99 64 33 14 57 52 106 108 98 15 91 16 12 28 71 49 56 58 47 26 102 104 3 95 30 41 88 6 13 105 60 67 1 38 43 53 66 80 50 72 73 76 34 4 89 40 48 62 87 61 96 63 86 21 18 97 65 
0 19 31 77 90 23 79 55 107 24 29 27 54 92 46 17 8 9 75 85 7 35 11 59 22 42 20 25 70 44 37 45 83 109 68 94 81 93 5 32 51 2 69 82 36 78 84 103 100 39 101 74 10 99 64 33 14 57 52 106 98 15 91 16 12 28 71 108 49 56 58 47 26 102 104 3 95 30 41 88 6 13 105 60 67 1 38 43 53 66 80 50 72 73 76 34 4 89 40 48 62 87 61 96 63 86 21 18 97 65 
0 19 31 77 90 23 79 55 107 24 29 27 54 92 46 17 8 9 75 85 7 35 11 59 22 42 20 25 70 44 37 45 83 109 68 94 81 93 5 32 51 2 69 82 36 78 84 103 100 39 101 74 10 99 64 33 14 57 52 106 108 98 15 91 16 12 28 71 49 56 58 47 26 102 3 95 30 104 41 88 6 13 105 60 67 1 38 43 53 66 80 50 72 73 76 34 4 89 40 48 62 87 61 96 63 86 21 18 97 65 
0 19 31 77 90 23 79 55 107 24 29 27 54 92 46 17 8 9 75 85 7 35 11 59 22 42 20 25 70 44 37 45 83 109 68 94 81 93 5 32 51 2 69 82 36 78 84 103 100 39 101 74 10 64 33 14 57 52 106 108 98 15 91 16 99 12 28 71 49 56 58 47 26 102 104 3 95 30 41 88 6 13 105 60 67 1 38 43 53 66 80 50 72 73 76 34 4 89 40 48 62 87 61 96 63 86 21 18 97 65 
0 19 31 77 90 23 79 55 107 24 29 27 54 92 46 17 8 9 75 85 7 35 11 59 22 42 20 25 70 44 37 45 83 109 68 94 81 93 5 32 51 2 69 82 36 78 84 103 100 39 101 74 10 99 64 33 14 57 52 106 108 98 15 91 16 12 28 71 49 56 58 47 26 104 3 95 30 41 88 6 13 105 60 67 1 38 43 102 53 66 80 50 72 73 76 34 4 89 40 48 62 87 61 96 63 86 21 18 97 65 
0 19 31 77 90 23 79 55 107 24 29 27 54 92 46 17 8 9 75 85 7 35 11 59 22 42 20 25 70 44 37 45 83 109 68 94 81 93 5 32 51 2 69 82 36 78 84 103 100 39 101 74 10 99 64 33 14 57 52 106 108 98 15 91 16 28 71 49 56 58 47 26 102 104 3 95 30 41 12 88 6 13 105 60 67 1 38 43 53 66 80 50 72 73 76 34 4 89 40 48 62 87 61 96 63 86 21 18 97 65 
0 19 31 77 90 23 79 55 107 24 29 27 54 92 46 17 8 9 75 85 7 35 11 59 22 42 20 25 70 44 37 45 83 109 68 94 81 93 5 32 51 2 69 82 36 78 84 103 100 39 101 74 10 99 64 33 14 1 67 60 105 13 6 88 41 30 95 3 104 102 26 47 58 56 49 71 28 12 16 91 15 98 108 106 52 57 38 43 53 66 80 50 72 73 76 34 4 89 40 48 62 87 61 96 63 86 21 18 97 65 
0 19 31 77 90 23 79 55 107 24 29 27 54 46 17 8 92 9 75 85 7 35 11 59 22 42 20 25 70 44 37 45 83 109 68 94 81 93 5 32 51 2 69 82 36 78 84 103 100 39 101 74 10 99 64 33 14 57 52 106 108 98 15 91 16 12 28 71 49 56 58 3 104 102 26 47 95 30 41 88 6 13 105 60 67 1 38 43 53 66 80 50 72 73 76 34 4 89 40 48 62 87 61 96 63 86 21 18 97 65 
0 19 31 77 90 23 79 55 107 24 29 27 54 92 46 17 8 9 75 85 7 35 11 59 22 42 20 25 70 44 37 45 83 109 68 94 81 93 5 32 51 2 69 82 36 78 84 103 100 39 101 74 10 99 64 33 14 57 52 106 108 98 15 91 16 12 28 71 49 56 58 47 26 102 104 3 95 30 41 88 6 13 105 60 67 1 38 53 66 80 50 72 73 76 34 4 89 43 40 48 62 87 61 96 63 86 21 18 97 65 
0 19 31 77 90 23 79 55 107 24 29 27 54 92 46 17 8 9 75 85 7 35 11 59 22 42 20 25 70 44 37 45 83 109 68 94 81 93 5 32 51 2 69 82 36 78 84 103 100 39 101 74 10 99 64 33 14 57 52 106 98 15 91 16 12 28 71 49 56 58 47 26 102 104 3 95 30 41 88 6 13 105 60 67 1 38 43 53 66 80 50 72 73 76 34 4 108 89 40 48 62 87 61 96 63 86 21 18 97 65 
0 19 31 77 90 23 79 55 107 24 29 27 54 92 46 17 8 9 75 85 7 35 11 59 22 42 20 25 70 44 37 45 83 109 68 94 81 93 5 32 51 2 69 82 36 78 84 103 100 39 101 74 10 99 64 33 14 57 52 106 108 98 15 91 16 12 28 71 49 56 58 47 26 102 104 3 95 30 41 88 6 105 60 67 1 38 43 53 13 66 80 50 72 73 76 34 4 89 40 48 62 87 61 96 63 86 21 18 97 65 
0 19 31 77 90 23 79 55 107 24 29 27 54 92 46 17 8 9 75 85 7 35 11 59 22 42 20 25 70 44 37 45 83 109 68 94 81 93 5 32 51 2 69 82 36 78 84 103 100 39 101 74 10 99 64 33 14 57 52 106 108 98 15 91 16 12 28 71 49 56 58 47 26 102 104 3 95 30 41 6 13 105 60 67 1 38 43 53 66 88 80 50 72 73 76 34 4 89 40 48 62 87 61 96 63 86 21 18 97 65 
0 19 31 77 90 23 79 55 107 24 29 27 54 92 46 17 8 9 75 85 7 35 11 59 22 42 20 25 70 44 37 45 83 109 68 94 81 93 5 32 51 2 69 82 36 78 84 103 100 39 101 74 10 99 64 33 14 57 52 106 108 98 15 91 16 12 28 71 49 56 58 72 40 89 4 34 76 73 80 66 47 26 102 104 60 67 1 6 105 13 3 95 30 41 88 38 43 53 50 48 62 87 61 96 63 86 21 18 97 65 
0 19 31 77 90 23 79 55 107 24 29 27 54 92 46 17 8 9 75 85 7 35 11 59 22 42 20 25 70 44 37 45 83 109 68 94 81 93 5 32 51 2 34 82 36 78 84 103 100 39 101 74 10 99 64 33 14 57 52 106 108 98 15 91 16 12 28 71 49 56 58 47 26 102 104 3 95 30 41 88 6 13 105 60 67 1 38 43 53 66 80 50 72 73 76 69 4 89 40 48 62 87 61 96 63 86 21 18 97 65 
0 19 31 77 90 23 79 55 107 24 29 27 54 92 46 17 8 9 75 85 7 35 11 59 22 42 20 25 70 44 37 45 83 109 68 94 81 93 5 32 51 2 69 82 36 78 84 103 100 39 101 74 10 99 64 33 14 57 52 106 108 98 15 91 16 12 28 71 53 43 38 1 67 60 105 13 6 88 41 30 95 104 102 26 47 58 56 49 3 66 80 50 72 73 76 34 4 89 40 48 62 87 61 96 63 86 21 18 97 65 
0 19 31 77 90 23 79 55 107 24 29 27 54 92 46 17 8 9 75 85 7 35 11 59 22 42 20 25 70 44 37 45 83 109 68 94 81 93 5 32 51 2 69 82 36 78 33 14 40 89 4 34 76 73 57 80 66 52 106 64 84 103 100 39 101 74 99 10 15 98 91 16 28 12 47 108 58 26 102 104 60 56 49 71 67 1 6 105 13 3 95 30 41 88 38 43 53 50 72 48 62 87 61 96 63 86 21 18 97 65 
0 19 31 77 90 23 79 55 107 24 29 27 54 92 46 17 8 9 75 85 7 35 11 59 22 42 20 25 70 44 37 45 83 109 68 94 81 93 5 32 51 2 69 82 36 78 84 103 100 39 101 74 10 99 64 33 14 57 52 106 108 98 15 91 16 12 28 71 49 40 89 4 34 76 73 72 50 80 66 53 43 38 1 67 60 105 13 6 88 41 30 95 3 104 102 26 47 58 56 48 62 87 61 96 63 86 21 18 97 65 
0 19 31 77 90 23 79 55 107 24 29 27 54 92 46 17 8 9 75 85 7 35 11 59 22 42 20 25 70 44 37 45 83 109 68 94 81 93 5 32 51 2 69 82 36 78 84 103 100 39 101 74 10 99 64 33 14 57 52 106 108 98 15 91 16 12 104 71 49 56 58 47 26 102 28 3 95 30 41 88 6 13 105 60 67 1 38 43 53 66 80 50 72 73 76 34 4 89 40 48 62 87 61 96 63 86 21 18 97 65 
0 19 31 77 90 23 79 55 107 24 29 27 54 92 46 17 8 9 75 85 7 35 11 59 22 42 20 25 70 44 37 45 83 109 68 94 81 93 5 32 51 2 69 82 36 78 84 103 100 39 101 74 10 99 64 33 14 57 52 106 108 98 15 91 16 12 28 71 49 56 58 47 26 102 104 3 95 30 41 88 6 13 105 67 1 38 43 53 66 80 50 72 60 73 76 34 4 89 40 48 62 87 61 96 63 86 21 18 97 65 
0 19 31 77 90 23 79 55 107 24 29 27 54 92 46 17 8 9 75 85 7 35 11 59 22 42 20 25 70 44 37 45 83 109 68 94 81 93 5 32 51 2 69 82 36 78 84 103 100 39 101 74 10 99 64 33 14 57 52 106 108 98 15 91 16 12 28 71 49 56 58 47 26 102 104 3 95 30 41 88 6 13 105 60 67 1 38 43 53 66 80 50 72 73 76 34 4 89 40 62 87 61 96 63 86 21 18 48 97 65 
0 19 31 77 90 23 79 55 107 24 29 27 54 92 46 17 8 9 75 85 7 35 11 59 22 42 20 25 70 44 37 45 83 109 68 94 81 93 5 32 51 2 69 82 36 78 84 103 100 39 101 74 10 99 64 33 14 57 52 106 108 98 15 91 16 12 28 71 49 56 58 47 26 102 104 3 95 30 41 88 6 13 105 60 67 1 38 43 53 66 80 50 73 76 34 4 89 40 48 62 72 87 61 96 63 86 21 18 97 65 
0 19 31 77 90 23 79 55 107 24 29 27 54 92 46 17 8 9 75 85 7 35 11 59 22 42 20 25 70 44 37 45 83 109 68 94 81 93 5 32 2 69 82 36 78 84 103 100 39 101 74 51 10 99 64 33 14 57 52 106 108 98 15 91 16 12 28 71 49 56 58 47 26 102 104 3 95 30 41 88 6 13 105 60 67 1 38 43 53 66 80 50 72 73 76 34 4 89 40 48 62 87 61 96 63 86 21 18 97 65 
0 19 31 77 90 23 79 8 17 46 92 54 27 29 24 107 55 9 75 85 7 35 11 59 22 42 20 25 70 44 37 45 83 109 68 94 81 93 5 32 51 2 69 82 36 78 84 103 100 39 101 74 10 99 64 33 14 57 52 106 108 98 15 91 16 12 28 71 49 56 58 47 26 102 104 3 95 30 41 88 6 13 105 60 67 1 38 43 53 66 80 50 72 73 76 34 4 89 40 48 62 87 61 96 63 86 21 18 97 65 
0 19 31 77 90 23 79 55 107 24 29 27 54 92 46 17 8 9 75 85 7 35 11 59 22 42 20 25 70 44 37 45 83 109 68 94 81 93 5 32 51 2 69 82 36 78 84 103 100 39 101 74 10 99 64 33 6 88 41 30 95 3 104 102 26 47 58 56 49 71 28 12 16 91 15 98 108 106 52 57 14 13 105 60 67 1 38 43 53 66 80 50 72 73 76 34 4 89 40 48 62 87 61 96 63 86 21 18 97 65 
0 19 31 77 90 23 79 55 107 24 29 27 54 92 46 17 8 9 75 85 7 35 11 59 22 42 20 25 70 44 37 45 83 109 68 94 81 93 5 57 14 33 64 99 10 74 101 39 100 103 84 78 36 82 69 2 51 32 52 106 108 98 15 91 16 12 28 71 49 56 58 47 26 102 104 3 95 30 41 88 6 13 105 60 67 1 38 43 53 66 80 50 72 73 76 34 4 89 40 48 62 87 61 96 63 86 21 18 97 65 
0 19 31 77 90 23 79 55 107 24 29 27 54 92 46 17 8 9 75 85 7 35 11 59 22 42 20 25 70 44 37 45 83 109 68 94 81 93 5 32 51 2 69 82 36 78 84 103 100 39 101 74 10 99 64 33 14 57 52 106 108 98 15 91 16 12 88 71 49 56 58 47 26 102 104 3 95 30 41 28 6 13 105 60 67 1 38 43 53 66 80 50 72 73 76 34 4 89 40 48 62 87 61 96 63 86 21 18 97 65 
0 19 31 77 90 23 79 55 107 24 29 27 54 92 46 17 8 9 75 85 7 35 11 59 22 42 20 25 70 44 37 45 83 109 68 94 81 93 5 32 51 2 69 82 36 78 84 103 100 39 101 74 10 99 64 33 14 57 52 106 108 98 15 91 16 12 28 71 49 56 58 47 26 102 104 3 95 30 41 88 6 72 40 89 4 34 76 73 80 66 60 67 1 105 13 38 43 53 50 48 62 87 61 96 63 86 21 18 97 65 
0 19 27 29 24 107 55 79 23 90 77 31 54 92 46 17 8 9 75 85 7 35 11 59 22 42 20 25 70 44 37 45 83 109 68 94 81 93 5 32 51 2 69 82 36 78 84 103 100 39 101 74 10 99 64 33 14 57 52 106 108 98 15 91 16 12 28 49 71 56 58 47 26 102 104 3 95 30 41 88 6 13 105 60 67 1 38 43 53 66 80 50 72 73 76 34 4 89 40 48 62 87 61 96 63 86 21 18 97 65 
0 19 31 77 90 23 79 55 107 24 29 27 54 92 46 17 8 9 75 85 7 35 11 59 22 42 20 25 70 44 37 45 83 109 68 94 81 93 5 32 51 2 69 82 36 78 84 103 100 39 101 74 10 99 64 33 14 57 52 106 108 49 15 91 16 12 28 71 98 56 58 47 26 102 104 3 95 30 41 88 6 13 105 60 67 1 38 43 53 66 80 50 72 73 76 34 4 89 40 48 62 87 61 96 63 86 21 18 97 65 
0 19 31 77 90 23 79 55 107 24 29 27 54 92 46 17 8 9 75 85 7 35 11 59 22 42 20 25 70 44 37 45 83 109 68 94 81 93 5 32 51 2 69 82 36 78 84 103 100 39 101 74 10 99 64 33 14 57 52 106 108 98 15 91 16 12 28 71 49 56 58 47 26 102 104 3 95 30 41 88 6 13 105 60 67 1 38 43 53 66 80 50 72 48 62 87 61 96 40 89 4 34 76 73 63 86 21 18 97 65 
0 19 31 77 90 23 79 55 107 24 29 27 54 92 46 17 8 9 75 85 7 35 11 59 22 42 20 25 70 44 37 45 83 109 68 94 81 93 5 32 51 2 69 82 36 78 84 103 100 39 101 74 10 99 64 33 14 57 52 106 108 98 15 91 16 12 28 71 49 56 58 47 26 102 104 3 95 30 41 88 6 13 105 60 67 1 38 43 53 66 80 50 72 73 76 34 4 40 48 62 87 61 96 63 86 21 18 89 97 65 
0 19 31 77 23 79 55 107 24 29 27 54 92 46 17 8 9 75 85 90 7 35 11 59 22 42 20 25 70 44 37 45 83 109 68 94 81 93 5 32 51 2 69 82 36 78 84 103 100 39 101 74 10 99 64 33 14 57 52 106 108 98 15 91 16 12 28 71 49 56 58 47 26 102 104 3 95 30 41 88 6 13 105 60 67 1 38 43 53 66 80 50 72 73 76 34 4 89 40 48 62 87 61 96 63 86 21 18 97 65 
0 19 31 77 90 23 79 55 107 24 29 27 54 92 46 17 8 9 75 85 7 35 11 59 22 42 20 51 2 69 82 45 83 109 68 94 81 93 5 32 25 70 44 37 36 78 84 103 100 39 101 74 10 99 64 33 14 57 52 106 108 98 15 91 16 12 28 71 49 56 58 47 26 102 104 3 95 30 41 88 6 13 105 60 67 1 38 43 53 66 80 50 72 73 76 34 4 89 40 48 62 87 61 96 63 86 21 18 97 65 
0 19 31 77 90 23 79 55 107 24 29 27 54 92 46 17 8 9 75 85 7 35 11 59 22 42 20 25 70 44 37 45 83 109 68 94 81 93 5 32 51 2 69 82 36 78 84 103 100 39 101 74 99 64 33 14 57 52 106 98 15 91 16 12 28 71 49 56 58 47 26 102 104 3 95 30 41 88 6 13 105 60 67 1 38 43 53 66 80 50 76 73 72 34 4 89 40 108 10 48 62 87 61 96 63 86 21 18 97 65 
0 19 31 77 90 23 79 55 107 24 29 27 54 92 46 17 8 9 75 85 7 35 11 59 22 42 20 25 70 44 37 45 83 109 68 94 81 93 5 32 51 2 69 82 36 78 84 103 100 39 101 74 10 64 33 14 57 52 106 108 98 15 91 16 12 28 71 49 56 58 47 26 102 99 104 3 95 30 41 88 6 13 105 60 67 1 38 43 53 66 80 50 72 73 76 34 4 89 40 48 62 87 61 96 63 86 21 18 97 65 
0 19 31 77 90 23 79 55 107 24 29 27 54 92 46 17 8 9 75 85 7 35 11 59 22 42 20 25 70 44 37 45 83 109 68 94 81 93 5 32 51 2 69 82 36 78 84 103 100 39 101 74 10 99 64 33 14 57 52 106 108 98 15 91 16 12 28 71 49 56 58 47 26 102 104 3 95 30 41 88 6 13 105 60 67 1 38 43 53 66 80 50 73 76 34 4 89 40 48 62 87 61 96 63 86 21 18 72 97 65 
0 19 31 77 90 23 79 55 107 24 29 27 54 92 46 17 8 9 75 85 7 35 11 59 22 42 20 25 70 44 37 45 83 109 68 94 81 5 32 51 2 69 82 36 78 84 103 100 39 101 74 10 99 64 33 14 57 52 106 93 108 98 15 91 16 12 28 71 49 56 58 47 26 102 104 3 95 30 41 88 6 13 105 60 67 1 38 43 53 66 80 50 72 73 76 34 4 89 40 48 62 87 61 96 63 86 21 18 97 65 
0 19 31 77 90 23 79 55 107 24 29 27 54 92 46 17 8 9 75 85 7 35 11 59 22 42 20 25 70 44 37 45 109 68 94 81 93 5 32 51 2 69 82 36 78 84 103 100 39 101 74 10 99 83 64 33 14 57 52 106 108 98 15 91 16 12 28 71 49 56 58 47 26 102 104 3 95 30 41 88 6 13 105 60 67 1 38 43 53 66 80 50 72 73 76 34 4 89 40 48 62 87 61 96 63 86 21 18 97 65 
0 19 31 77 90 23 79 55 107 24 25 20 42 22 59 11 35 7 85 75 9 8 17 46 92 54 27 29 70 44 37 45 83 109 68 94 81 93 5 32 51 2 69 82 36 78 84 103 100 39 101 74 10 99 64 33 14 57 52 106 108 98 15 91 16 12 28 71 49 56 58 47 26 102 104 3 95 30 41 88 6 13 105 60 67 1 38 43 53 66 80 50 72 73 76 34 4 89 40 48 62 87 61 96 63 86 21 18 97 65 
0 19 31 77 90 23 79 55 107 24 29 27 54 92 46 17 8 9 75 85 7 35 11 59 22 42 20 25 70 44 37 45 83 109 68 94 81 93 5 32 51 2 69 82 36 78 84 103 100 39 101 74 10 99 64 33 14 57 52 106 108 98 15 91 16 12 28 71 49 56 58 47 26 102 104 3 95 30 41 88 6 13 105 60 67 1 38 43 53 66 80 50 72 76 34 4 89 40 48 62 87 73 61 96 63 86 21 18 97 65 
0 19 31 77 90 23 79 55 107 24 29 27 54 92 46 17 8 9 75 85 7 35 11 59 22 42 20 25 70 44 37 45 83 109 68 94 81 93 5 32 51 2 69 82 36 78 84 103 100 39 101 74 10 99 64 33 14 57 52 106 108 98 15 91 16 12 28 71 49 56 58 47 26 102 104 3 30 41 88 6 13 105 60 67 1 38 43 53 66 80 50 72 73 76 95 34 4 89 40 48 62 87 61 96 63 86 21 18 97 65 
0 19 31 77 90 23 79 55 107 24 29 27 54 92 46 17 8 9 75 85 7 35 11 59 22 42 20 25 70 44 37 45 83 109 68 94 81 93 5 32 51 2 69 82 36 78 84 103 100 39 101 74 10 99 64 33 14 57 52 26 108 98 15 91 16 12 28 71 49 56 58 47 106 102 104 3 95 30 41 88 6 13 105 60 67 1 38 43 53 66 80 50 72 89 4 34 76 73 40 48 62 87 61 96 63 86 21 18 97 65 
0 19 31 77 90 23 79 55 107 24 29 27 54 92 46 17 8 9 75 85 7 35 11 59 22 42 20 25 70 44 37 45 83 109 68 94 81 93 5 32 51 2 69 82 36 78 84 103 100 39 101 74 10 99 64 33 14 57 52 106 108 98 15 91 16 30 28 71 49 56 58 47 26 102 104 3 95 12 41 88 6 13 105 60 67 1 38 43 53 66 80 50 72 73 76 34 4 89 40 48 62 87 61 96 63 86 21 18 97 65 
0 19 31 77 90 23 79 55 107 24 29 27 54 92 46 17 8 9 75 85 7 35 11 59 22 42 20 25 70 37 45 83 109 68 94 81 93 5 32 51 2 69 82 36 78 84 103 100 39 101 74 10 99 64 33 14 57 52 106 108 98 15 91 16 12 28 71 49 56 58 47 26 102 104 3 95 30 41 88 6 13 105 60 67 1 38 43 44 53 66 80 50 72 73 76 34 4 89 40 48 62 87 61 96 63 86 21 18 97 65 
0 19 31 77 90 23 79 55 107 24 29 27 54 92 46 17 8 9 75 85 7 35 11 59 22 42 20 25 53 43 38 1 67 60 105 13 6 88 41 30 95 3 104 102 26 47 58 56 49 71 28 12 16 91 15 98 108 106 52 57 14 33 64 99 10 74 101 39 100 103 84 78 36 82 69 2 51 32 5 93 81 94 68 109 83 45 37 44 70 66 80 50 72 73 76 34 4 89 40 48 62 87 61 96 63 86 21 18 97 65 
0 19 31 77 90 23 79 55 107 24 29 27 54 92 46 17 8 9 75 85 7 35 11 59 22 42 20 25 70 44 37 45 83 109 68 94 81 93 5 32 51 2 69 82 36 84 103 100 39 101 74 10 99 64 33 14 57 52 106 108 98 15 91 16 12 28 71 49 56 58 47 26 102 104 3 95 30 78 41 88 6 13 105 60 67 1 38 43 53 66 80 50 72 73 76 34 4 89 40 48 62 87 61 96 63 86 21 18 97 65 
0 19 31 77 90 23 79 55 107 24 29 27 54 92 46 17 8 9 75 85 7 35 11 59 22 42 20 25 70 44 37 45 83 109 68 94 81 93 5 32 51 2 69 82 36 78 84 103 39 101 74 10 99 64 33 14 57 52 106 108 98 15 91 16 12 28 71 49 100 56 58 47 26 102 104 3 95 30 41 88 6 13 105 60 67 1 38 43 53 66 80 50 72 73 76 34 4 89 40 48 62 87 61 96 63 86 21 18 97 65 
0 19 31 77 90 23 79 55 107 24 29 27 54 92 46 17 8 9 75 85 7 35 11 59 22 42 20 25 70 44 37 45 83 109 68 94 81 93 5 32 51 2 69 82 36 78 84 103 100 39 101 74 10 64 33 14 57 52 106 108 98 15 91 16 12 99 28 71 49 56 58 72 40 89 4 34 76 73 80 66 47 26 102 104 60 67 1 6 105 13 3 95 30 41 88 38 43 53 50 48 62 87 61 96 63 86 21 18 97 65 
0 19 31 77 90 23 79 55 107 24 29 27 54 92 46 17 8 9 75 85 7 35 11 59 22 42 20 25 70 44 37 45 83 109 68 94 81 67 93 5 32 51 2 69 82 36 78 84 103 100 39 101 74 10 99 64 33 14 57 52 106 108 98 15 91 16 12 28 71 49 56 58 47 26 102 104 3 95 30 41 88 6 13 105 60 1 38 43 53 66 80 50 72 73 76 34 4 89 40 48 62 87 61 96 63 86 21 18 97 65 
0 19 31 77 90 23 79 55 107 24 29 27 54 92 46 17 8 9 75 85 7 35 11 59 22 42 20 25 70 44 37 45 83 109 68 94 81 93 5 32 51 2 82 36 78 84 103 100 39 101 74 10 99 64 33 14 57 52 108 98 15 91 16 12 28 71 49 56 58 47 26 102 104 106 3 95 30 41 88 6 13 105 60 67 1 38 43 53 66 80 50 72 73 76 34 4 89 40 69 48 62 87 61 96 63 86 21 18 97 65 
0 19 31 77 90 23 79 55 24 29 27 54 92 46 17 8 9 75 85 7 35 11 59 22 42 20 25 70 44 37 45 83 109 68 94 81 93 5 32 51 2 69 82 36 78 84 103 100 39 101 74 10 99 64 33 14 57 52 106 108 98 15 91 16 12 28 71 49 56 58 47 26 102 104 3 67 30 41 88 6 13 105 60 95 1 38 43 53 66 80 50 72 73 76 34 4 89 40 48 62 87 61 96 63 86 21 18 97 107 65 
0 19 31 77 90 23 79 55 107 24 29 27 54 92 46 17 8 9 75 85 7 35 11 59 22 42 20 25 70 44 37 45 83 109 68 94 81 93 5 32 2 69 82 36 78 84 103 100 39 101 74 10 99 64 33 14 57 52 106 108 98 15 91 16 12 28 71 49 56 58 47 51 26 102 104 3 95 30 41 88 6 13 105 60 67 1 38 43 53 66 80 50 72 73 76 34 4 89 40 48 62 87 61 96 63 86 21 18 97 65 
0 19 31 77 90 23 79 55 5 93 81 94 68 109 83 45 37 44 70 25 20 42 22 107 24 29 27 54 92 46 17 8 9 75 85 7 35 11 59 32 51 2 69 82 36 78 84 103 100 39 101 74 10 99 64 33 14 57 52 106 108 98 15 91 16 12 28 71 49 56 58 47 26 102 104 3 95 30 41 88 6 13 105 60 67 1 38 43 53 66 80 50 72 73 76 34 4 89 40 48 62 87 61 96 63 86 21 18 97 65 
0 19 31 77 90 23 79 55 107 24 29 27 54 92 46 17 8 9 75 85 7 35 11 59 22 42 20 25 70 44 37 45 83 109 68 94 81 93 5 32 51 2 69 82 36 78 84 103 100 39 101 74 10 99 64 33 14 57 52 106 108 98 15 91 16 12 28 71 49 96 61 87 62 48 40 89 4 34 76 73 72 50 80 66 53 43 38 1 67 60 105 13 6 88 41 30 95 3 104 102 26 47 58 56 63 86 21 18 97 65 
0 19 31 77 90 23 79 55 107 24 29 27 54 92 46 17 8 9 75 85 7 35 11 59 22 42 20 25 70 44 37 45 83 109 68 16 12 28 71 49 56 58 47 26 102 104 3 95 30 41 88 6 13 105 60 67 1 38 43 53 66 80 15 91 94 81 93 5 32 51 2 69 82 36 78 84 103 100 39 101 74 10 99 64 33 14 57 52 106 108 98 50 72 73 76 34 4 89 40 48 62 87 61 96 63 86 21 18 97 65 
0 19 31 77 90 23 79 55 107 24 29 27 54 92 46 17 8 9 75 85 7 35 11 59 22 42 20 25 70 44 37 45 83 109 68 94 81 93 5 32 51 2 69 82 36 78 84 103 100 39 101 74 10 99 64 33 14 57 52 106 108 98 15 91 16 12 28 71 49 56 58 47 26 102 104 3 95 30 41 88 6 13 105 60 67 1 38 43 53 66 80 50 72 76 34 4 89 40 48 62 87 61 96 63 86 73 21 18 97 65 
0 19 31 77 90 23 9 55 107 24 29 27 54 92 46 17 8 79 75 85 7 35 11 59 22 42 20 25 70 44 37 45 83 109 68 94 81 93 5 32 51 2 69 82 36 78 84 103 100 39 101 74 10 99 64 33 14 57 52 106 108 98 15 91 16 12 28 71 49 56 58 47 26 102 104 3 95 30 41 88 6 13 105 60 67 1 38 43 53 66 80 50 72 73 76 34 4 89 40 48 62 87 61 96 63 86 21 18 97 65 
0 19 31 77 90 23 79 55 107 24 29 27 54 92 46 17 8 9 75 85 7 35 11 59 22 42 20 25 70 44 37 45 83 109 68 94 81 93 5 32 51 2 69 82 36 78 84 103 100 39 101 74 10 99 64 60 14 57 52 106 108 98 15 91 16 12 28 71 49 56 58 47 26 102 104 3 95 30 41 88 6 13 105 33 67 1 38 43 53 66 80 50 72 73 76 34 4 89 40 48 62 87 61 96 63 86 21 18 97 65 
0 19 31 77 90 23 79 55 107 24 29 27 54 92 46 17 8 9 75 85 7 35 11 59 22 42 20 25 70 44 37 45 83 109 68 94 81 93 5 32 51 2 69 82 36 78 84 103 100 39 101 74 10 99 64 33 16 57 52 106 108 98 15 91 14 12 28 71 49 56 58 47 26 102 104 3 30 41 88 6 13 105 60 67 1 38 43 53 66 80 50 72 95 73 76 34 4 89 40 48 62 87 61 96 63 86 21 18 97 65 
0 19 31 77 90 23 79 55 107 24 29 27 54 92 46 17 8 9 75 85 7 35 11 59 22 42 20 25 70 44 64 33 14 57 52 106 108 98 15 91 16 12 28 71 49 56 50 80 66 53 43 38 1 67 60 105 13 6 88 41 30 95 3 104 102 26 47 58 99 10 74 101 39 100 103 84 78 36 82 69 2 51 32 5 93 81 94 68 109 83 45 37 72 73 76 34 4 89 40 48 62 87 61 96 63 86 21 18 97 65 
0 19 31 77 90 23 79 55 107 24 29 27 54 92 46 17 8 9 75 85 7 35 11 59 22 42 20 25 70 44 37 45 83 109 68 94 81 93 5 32 51 2 69 82 36 78 57 52 106 108 98 74 10 99 64 33 14 84 103 100 39 101 15 91 16 12 28 71 49 56 58 47 26 102 104 3 95 30 41 88 6 13 105 60 67 1 38 43 53 66 80 50 72 73 76 34 4 89 40 48 62 87 61 63 86 21 18 97 65 96 
0 19 31 77 90 23 79 55 107 24 29 27 54 92 46 17 8 9 75 85 7 35 11 59 22 42 20 25 70 44 37 45 83 109 68 94 81 93 5 32 51 2 69 82 36 78 84 103 100 39 101 74 10 99 64 33 14 57 52 106 108 98 15 91 16 12 28 71 49 56 58 47 26 102 104 3 95 30 41 88 21 86 63 96 61 87 62 48 40 89 4 34 80 76 73 72 50 66 53 43 38 1 67 60 105 13 6 18 97 65 
0 19 31 77 90 23 79 55 107 24 29 27 54 92 46 17 8 9 75 85 7 35 11 59 22 42 20 25 70 44 37 45 83 109 68 94 81 93 5 74 51 2 69 82 36 78 84 103 100 39 101 32 10 99 64 106 52 57 14 33 108 98 15 91 16 12 28 71 49 56 58 47 26 102 104 3 95 30 41 88 6 13 105 60 67 1 38 43 53 66 80 50 72 73 76 34 4 89 40 48 62 87 61 96 63 86 21 18 97 65 
0 19 31 77 90 23 79 55 107 24 29 27 54 46 92 17 8 9 75 85 7 35 11 59 22 42 20 25 70 44 37 45 83 109 68 94 81 93 5 32 51 2 69 82 36 78 84 103 100 39 101 71 10 99 64 33 14 57 52 106 108 98 15 91 16 12 28 74 49 56 58 47 26 102 104 3 95 30 41 88 6 13 105 60 67 1 38 43 53 66 80 50 72 73 76 34 4 89 40 48 62 87 61 96 63 86 21 18 97 65 
0 19 31 77 90 23 79 55 107 24 29 27 54 92 46 17 8 9 75 85 7 35 11 59 22 42 20 25 70 44 37 45 109 68 94 81 93 5 34 76 73 72 50 80 66 53 43 38 1 67 60 105 13 6 88 41 30 95 3 104 102 26 47 58 56 49 71 28 12 16 91 15 98 108 106 52 57 14 33 64 99 10 83 74 101 39 100 103 84 78 36 82 69 2 51 32 4 89 40 48 62 87 61 96 63 86 21 18 97 65 
0 19 31 77 90 23 79 55 107 24 29 27 54 92 46 17 8 9 75 85 7 35 11 59 22 42 20 25 70 44 37 45 83 109 68 94 81 93 5 32 51 2 69 82 36 78 84 103 100 39 101 74 10 99 64 33 14 57 52 106 108 98 15 91 16 12 28 71 49 56 58 47 26 102 104 3 95 30 41 88 6 13 60 67 1 38 43 53 66 80 50 72 73 76 34 4 89 40 48 62 87 61 96 63 86 21 18 105 97 65 
0 19 31 77 90 23 79 55 107 24 29 27 54 92 46 17 8 9 75 85 7 35 11 59 42 20 25 70 44 37 45 83 109 68 94 81 93 5 32 51 2 69 82 36 78 84 103 100 39 101 74 10 99 64 33 14 57 52 106 108 98 15 91 16 22 12 28 71 49 56 58 47 26 102 104 3 95 30 41 88 6 13 105 60 67 1 38 43 53 66 80 50 72 73 76 34 4 89 40 48 62 87 61 96 63 86 21 18 97 65 
0 70 25 20 42 22 59 11 35 7 85 75 9 8 17 46 92 54 27 29 24 107 55 79 23 90 77 31 19 44 37 45 83 109 68 94 81 93 5 32 51 2 69 82 36 78 84 103 100 39 101 74 10 99 64 33 14 57 52 106 108 98 15 91 16 12 28 71 49 56 58 26 102 104 3 47 95 30 41 88 6 13 105 60 67 1 38 43 53 66 80 50 72 73 76 34 4 89 40 48 62 87 61 96 63 86 21 18 97 65 
0 19 31 77 90 23 79 55 107 24 29 27 54 92 46 17 8 9 75 85 7 35 11 59 22 42 20 25 41 30 95 3 104 102 26 47 58 56 49 71 28 12 16 91 15 98 108 106 52 57 14 33 64 99 10 74 101 39 100 103 84 78 36 82 69 2 51 32 5 93 81 94 68 109 83 45 37 44 70 88 6 13 105 60 67 1 38 43 53 66 80 50 72 73 76 34 4 89 40 48 62 87 61 96 63 86 21 18 97 65 
0 19 31 77 90 23 79 55 107 24 29 27 54 92 46 17 8 9 75 85 7 35 11 59 22 42 20 25 70 44 37 45 83 109 68 94 93 5 32 51 2 69 82 36 78 84 103 100 39 101 74 10 99 64 53 81 106 14 57 34 52 108 98 15 91 16 12 28 71 49 56 58 47 26 102 104 3 95 30 41 88 6 13 105 60 67 1 38 43 66 80 50 72 73 76 33 4 89 40 48 62 87 61 96 63 86 21 18 97 65 
0 19 31 77 90 23 79 55 107 24 29 27 54 92 46 17 8 9 75 85 7 35 11 59 22 42 20 25 70 44 37 45 83 109 68 94 81 93 5 32 51 2 69 82 36 78 84 103 100 39 101 74 10 99 64 33 14 57 52 106 108 98 15 91 16 12 62 71 49 56 58 47 26 102 104 3 95 30 41 88 6 13 105 60 67 1 38 43 53 66 80 50 72 73 76 34 4 89 40 48 28 87 61 96 63 86 21 18 97 65 
0 19 31 77 90 23 79 55 107 24 29 27 54 92 46 17 8 9 75 85 7 35 11 59 22 42 20 25 70 44 37 45 83 109 68 94 81 93 5 32 51 2 69 82 36 78 84 103 100 39 101 74 89 99 64 33 14 57 52 106 108 98 15 91 12 28 71 49 56 58 47 26 102 104 3 95 30 41 88 6 13 105 60 16 67 1 38 43 53 66 80 50 72 73 76 34 4 10 40 48 62 87 61 96 63 86 21 18 97 65 
0 19 31 77 90 23 79 55 107 24 29 27 54 92 46 17 8 9 75 85 7 35 11 59 22 42 20 25 70 44 37 45 83 109 68 94 81 93 5 32 51 2 66 80 50 72 73 76 34 69 82 36 78 84 103 100 39 101 74 10 99 64 33 14 57 52 106 108 98 15 91 16 12 28 71 49 56 58 47 26 102 104 3 95 53 41 88 6 13 105 60 67 1 38 43 30 4 89 40 48 62 87 61 96 63 86 21 18 97 65 
0 19 31 77 90 23 79 55 107 24 29 27 54 92 46 17 8 9 75 85 7 35 11 59 22 42 20 25 70 44 68 37 45 83 109 94 81 93 5 32 51 2 69 82 36 78 33 14 40 89 4 34 76 73 57 80 66 52 106 108 64 84 103 100 39 101 74 99 10 15 98 91 16 28 12 47 58 26 102 104 60 56 49 71 67 1 6 105 13 3 95 30 41 88 38 53 50 72 48 62 87 61 96 63 86 43 21 18 97 65 
0 19 31 77 90 23 79 55 107 24 29 27 54 92 46 17 8 9 75 85 7 35 11 59 22 42 20 25 70 44 37 45 83 109 68 94 81 93 5 32 51 12 69 82 36 78 84 103 100 39 101 74 10 99 64 33 14 57 52 106 108 98 15 91 16 2 28 71 49 56 58 47 26 102 104 3 95 30 41 88 6 13 105 60 67 1 38 43 53 66 80 50 72 73 76 34 4 89 40 48 62 87 61 96 63 86 21 18 97 65 
0 19 31 77 90 23 79 55 107 24 29 27 54 92 46 17 8 9 75 85 35 11 59 22 42 20 25 70 44 37 45 83 109 68 94 81 93 5 32 51 2 69 82 36 78 84 103 100 39 101 74 10 99 64 33 14 57 52 106 108 98 15 7 91 16 12 28 71 49 56 58 47 26 102 104 3 95 30 41 88 6 13 105 60 67 1 38 43 53 66 80 50 72 73 76 34 4 89 40 48 62 87 61 96 63 86 21 18 97 65 
0 19 31 77 90 23 79 55 107 24 29 48 27 54 92 46 17 8 9 75 85 7 35 11 59 22 42 20 25 70 44 37 45 83 109 68 94 81 93 5 32 51 2 69 82 36 78 84 103 100 39 101 74 10 99 64 33 14 57 52 106 108 98 15 91 16 12 28 71 49 56 58 47 26 102 104 3 95 30 41 88 6 13 105 60 67 1 38 43 53 66 80 50 72 73 76 34 4 89 40 62 87 61 96 63 86 21 18 97 65 
0 19 31 77 90 23 79 55 107 24 29 27 54 92 46 17 8 9 75 85 7 35 11 59 22 42 20 25 70 44 37 45 83 109 68 94 81 93 5 32 51 2 69 82 36 34 84 103 100 39 101 74 10 99 64 1 38 43 52 106 108 98 15 91 16 12 28 71 49 56 58 78 47 26 102 104 3 95 30 41 88 6 13 105 60 67 33 14 57 53 66 80 50 72 73 76 4 89 40 48 62 87 61 96 63 86 21 18 97 65 
0 19 31 77 90 23 79 55 107 24 29 27 54 92 46 17 8 9 75 85 7 35 11 59 22 42 20 25 70 44 37 45 83 109 68 94 81 93 5 32 51 2 69 82 36 78 84 103 100 39 101 74 10 99 64 33 14 57 52 106 108 98 15 91 16 12 28 71 49 56 58 47 26 102 104 3 95 30 41 88 6 13 105 60 67 1 38 43 87 66 80 50 72 76 34 4 89 40 48 62 73 53 61 96 63 86 21 18 97 65 
0 19 31 77 90 23 79 55 107 24 29 27 54 92 46 17 8 9 75 85 7 35 11 59 22 42 20 25 70 44 37 45 83 109 68 94 81 93 5 32 51 2 69 82 36 78 84 103 100 39 101 74 10 99 64 33 14 57 52 106 98 15 91 63 96 61 87 62 48 40 89 4 34 76 73 72 50 80 108 66 53 43 38 1 67 60 105 13 6 88 41 30 95 3 104 102 26 47 58 56 49 71 28 12 16 86 21 18 97 65 
0 19 31 77 90 23 79 55 107 24 29 27 54 92 46 17 8 9 25 85 7 35 11 59 22 42 20 75 70 44 37 45 83 109 68 94 81 93 5 32 51 1 67 60 105 13 6 88 41 30 95 3 104 102 26 47 58 56 49 71 28 12 16 91 15 98 108 106 52 57 14 33 64 99 10 74 101 39 100 103 84 78 36 82 69 2 38 43 53 66 80 50 72 73 76 34 4 89 40 48 62 87 61 96 63 86 21 18 97 65 
0 19 31 77 90 23 79 55 107 24 29 27 54 92 46 17 8 9 75 85 7 35 11 59 22 42 20 25 70 44 37 45 83 109 68 94 81 93 5 32 51 2 69 82 78 84 103 100 39 101 74 10 99 64 33 14 57 52 106 108 98 15 91 16 12 28 71 49 56 58 47 26 102 104 3 95 30 41 36 88 6 13 105 60 67 1 38 43 53 66 80 50 72 73 76 34 4 96 61 87 62 48 40 89 63 86 21 18 97 65 
0 19 31 77 90 23 79 55 107 24 29 27 54 92 46 17 8 9 75 85 7 35 11 59 22 42 20 25 50 53 43 38 1 67 60 105 13 6 88 41 30 95 3 104 102 26 47 66 80 73 76 34 4 89 40 72 58 56 49 71 28 99 12 16 91 15 98 108 106 52 57 14 33 64 10 74 101 39 100 103 84 78 36 82 69 2 51 32 5 93 81 94 68 109 83 45 37 44 70 48 62 87 61 96 63 86 21 18 97 65 
0 19 31 77 90 23 79 55 107 24 29 27 54 92 46 17 8 9 75 85 7 35 11 59 22 42 20 65 70 44 37 45 83 109 68 94 81 93 5 32 51 2 69 82 36 78 84 103 100 39 101 74 10 99 64 33 14 57 52 106 108 98 15 91 16 12 28 71 49 56 58 47 26 102 104 3 95 30 41 88 6 13 105 60 67 1 38 43 53 66 80 50 72 73 76 34 4 89 40 48 62 87 61 96 63 86 21 18 97 25 
0 19 31 77 90 23 79 55 107 24 29 27 54 92 46 17 8 9 75 85 7 35 11 59 22 42 20 25 70 44 37 49 56 58 47 26 102 104 3 95 30 41 88 6 13 105 60 67 1 38 43 53 66 80 50 72 73 76 34 4 89 40 15 91 16 12 28 71 45 83 109 68 94 81 93 5 32 51 2 69 82 36 78 84 103 100 39 101 74 10 99 64 33 14 57 52 106 108 98 48 62 87 61 96 63 86 21 18 97 65 
0 19 31 8 90 23 79 55 107 24 29 27 54 92 46 17 77 9 75 85 7 35 11 59 22 42 20 25 70 44 37 45 83 109 68 94 81 93 5 32 51 2 69 82 36 78 84 103 100 39 101 74 10 99 64 33 14 57 52 106 108 98 15 91 16 12 28 71 49 56 58 47 26 102 104 3 95 30 41 88 6 13 105 60 67 1 38 43 53 66 80 50 72 73 76 34 4 89 40 48 62 87 61 96 63 86 21 18 97 65 
0 19 31 77 90 23 79 55 107 24 29 27 54 92 46 17 8 9 75 85 7 35 11 59 22 42 20 25 70 44 37 45 83 109 68 94 81 93 5 32 51 2 58 47 26 102 104 3 95 30 41 6 13 88 105 60 67 1 52 106 108 98 15 91 16 12 64 99 10 74 101 39 100 103 84 78 36 82 69 56 49 71 28 33 14 57 38 43 53 66 80 50 72 73 76 34 4 89 40 48 62 87 61 96 63 86 21 18 97 65 
0 19 31 77 90 23 79 55 107 24 29 27 54 92 86 63 96 61 87 62 48 40 89 4 34 76 73 72 50 80 66 53 43 38 1 67 60 105 13 6 88 41 30 95 3 104 102 26 47 58 56 49 71 28 12 16 91 15 98 108 106 52 57 14 33 64 99 10 74 101 39 100 103 84 78 36 82 69 2 51 32 5 93 81 94 68 109 83 45 37 44 70 25 20 42 22 59 11 35 7 85 75 9 8 17 46 21 18 97 65 
0 19 31 77 90 23 79 55 107 24 29 27 54 7 46 17 8 9 75 85 92 35 16 11 59 22 42 20 25 70 44 37 45 83 109 68 94 81 93 5 32 51 2 69 82 36 78 84 103 100 39 101 74 10 99 64 33 14 57 52 106 108 98 15 91 12 28 71 49 56 58 47 26 102 104 3 95 30 41 88 6 13 105 60 67 1 38 43 53 66 80 50 72 73 76 34 4 89 40 48 62 87 61 96 63 86 21 18 97 65 
0 19 31 77 90 23 79 55 107 24 29 27 54 92 46 17 8 9 75 85 67 35 11 59 22 42 20 25 70 44 37 45 83 109 68 94 81 7 93 5 32 51 2 69 82 36 78 84 103 100 39 101 74 10 99 64 33 14 57 52 106 108 98 15 91 16 12 28 71 49 56 58 47 26 102 104 3 95 30 41 88 6 13 105 60 1 38 43 53 66 80 50 72 73 76 34 4 89 40 48 62 87 61 96 63 86 21 18 97 65 
0 19 31 25 90 23 79 55 107 24 29 27 54 92 46 17 8 9 75 85 7 35 11 59 22 42 20 77 70 44 37 45 83 109 68 94 81 93 5 32 51 2 69 82 36 78 84 103 100 39 101 74 10 99 64 33 14 57 52 106 108 98 15 91 16 12 28 71 49 56 58 47 26 102 104 3 95 30 41 88 6 13 105 60 67 1 38 43 53 66 80 50 72 73 76 34 4 89 40 48 62 87 61 96 63 86 21 18 97 65 
0 19 31 77 90 23 79 55 107 24 29 27 54 92 46 17 8 9 75 85 7 35 11 59 22 42 20 25 70 44 37 45 83 109 68 94 81 93 91 32 51 2 69 82 36 78 84 103 100 39 101 74 10 99 64 33 14 57 52 106 108 98 15 5 16 12 28 71 49 56 58 47 26 102 104 3 95 30 41 88 6 13 105 60 67 1 38 66 43 53 80 50 72 73 76 34 4 89 40 48 62 87 61 96 63 86 21 18 97 65 
0 19 31 77 90 23 79 55 107 24 29 27 54 92 46 17 8 9 75 85 7 35 11 59 22 42 20 25 70 44 37 45 83 109 68 94 81 93 5 32 51 2 69 82 36 78 84 103 100 39 101 74 10 99 64 33 14 57 73 76 34 4 89 40 48 62 87 61 96 63 86 21 18 97 104 3 95 30 41 88 6 13 105 60 67 1 38 43 53 66 80 50 72 52 106 108 98 15 91 16 12 28 71 49 56 58 47 26 102 65 
0 19 31 77 90 23 79 55 107 24 29 27 54 92 46 17 8 9 75 85 7 35 11 59 22 42 20 25 70 44 37 45 83 109 68 94 81 93 5 32 51 2 69 82 36 78 84 103 100 39 101 74 10 99 64 33 14 57 52 106 108 98 15 91 16 12 28 71 49 56 58 47 26 102 104 3 95 30 41 88 6 13 105 60 67 1 18 43 53 66 80 50 72 73 76 34 4 89 40 48 62 87 61 96 63 86 21 38 97 65 
0 19 31 40 89 4 34 76 73 72 50 80 66 53 43 38 1 67 60 105 13 6 88 41 30 95 3 104 102 26 47 58 56 49 71 28 12 16 91 15 98 108 106 52 57 14 33 64 99 10 36 101 39 100 103 84 78 74 82 69 2 51 32 5 93 81 94 68 109 83 45 37 44 70 25 20 42 22 59 11 35 7 85 75 9 8 17 46 92 54 27 29 24 107 55 79 23 90 77 48 62 87 61 96 63 86 21 18 97 65 
0 19 31 77 90 23 79 55 107 24 29 27 54 92 46 17 8 9 75 85 7 35 11 59 22 42 20 25 70 6 13 105 60 67 1 38 43 53 5 32 51 2 69 82 36 78 84 103 100 39 101 74 10 99 64 33 14 57 52 106 108 98 15 91 16 12 28 71 49 56 58 47 26 102 104 3 95 30 41 88 44 37 45 83 109 68 94 81 93 66 80 50 72 73 76 34 4 89 40 48 62 87 61 96 63 86 21 18 97 65 
0 19 31 77 90 23 79 55 107 24 29 27 54 92 46 17 8 9 75 85 7 35 11 59 22 42 20 25 70 44 37 45 83 109 68 94 81 93 5 32 51 2 69 82 36 78 84 103 100 39 101 74 10 99 64 33 14 48 1 67 60 105 13 6 88 41 30 95 3 104 102 26 47 58 56 49 71 28 18 21 86 63 96 61 87 62 72 50 53 43 66 80 38 40 89 4 34 76 73 57 52 106 108 15 98 91 16 12 97 65 
0 19 31 77 90 23 79 55 49 71 28 12 16 91 15 98 108 106 52 57 14 33 64 99 10 74 101 39 100 103 84 78 36 82 69 2 51 32 5 93 81 94 68 109 83 45 37 44 70 25 20 42 22 59 11 35 7 85 75 9 8 17 46 92 54 27 29 24 107 56 58 47 26 102 104 3 95 30 41 88 6 13 105 60 67 1 38 43 53 66 80 50 72 73 76 34 4 89 40 48 62 87 61 96 63 86 21 18 97 65 
0 19 31 77 90 23 79 55 107 24 29 27 54 92 46 17 8 9 75 85 7 35 11 59 22 42 20 25 70 44 37 45 83 109 68 94 81 93 5 32 51 2 69 82 36 78 84 103 100 39 101 74 10 99 64 33 14 57 52 106 108 98 15 91 16 12 28 71 49 56 58 47 26 102 104 3 95 86 41 88 6 13 105 60 67 1 38 43 53 66 80 50 72 73 76 34 4 89 40 48 62 87 61 96 63 30 21 18 97 65 
0 19 31 77 90 23 79 55 107 24 29 27 54 92 46 17 8 9 75 85 7 35 11 59 22 42 20 25 70 44 37 45 83 109 68 94 81 93 5 67 51 2 69 82 36 78 84 103 100 39 101 74 10 99 64 33 14 57 52 106 108 98 15 91 16 12 28 71 49 56 58 47 26 102 104 3 95 30 41 88 6 13 105 60 32 1 38 43 53 66 80 50 72 73 76 34 4 89 40 48 62 87 61 96 63 86 21 18 97 65 
0 19 31 77 90 23 79 55 107 24 29 27 54 92 46 17 8 9 75 85 7 35 11 59 22 42 20 25 70 44 37 96 83 109 68 94 81 93 5 32 2 69 82 36 78 84 103 100 39 101 74 10 99 64 33 45 51 14 57 52 106 108 98 15 30 95 3 104 102 26 47 58 56 49 71 28 12 16 91 41 88 6 13 105 60 67 1 38 43 53 66 80 50 72 73 76 34 4 89 40 48 62 87 61 63 86 21 18 97 65 
0 19 31 77 90 23 79 55 107 24 29 27 54 92 46 17 8 15 91 16 12 28 71 49 56 58 47 26 102 104 3 95 30 41 88 6 13 105 60 67 1 38 43 53 66 80 50 72 73 76 34 4 89 40 48 33 14 57 52 106 108 98 9 75 85 7 35 11 59 22 42 20 25 70 44 37 45 83 109 68 94 81 93 5 32 51 2 69 82 36 78 84 103 100 39 101 74 10 99 64 62 87 61 96 63 86 21 18 97 65 
0 19 31 77 90 23 79 55 107 24 29 27 54 92 46 17 8 9 75 85 7 35 11 59 22 16 12 28 71 49 56 58 47 53 43 38 1 67 60 105 13 6 88 41 30 95 3 104 102 26 66 80 50 72 73 76 34 4 89 40 48 62 87 61 42 20 25 70 44 37 45 83 109 68 94 81 93 5 32 51 2 69 82 36 78 84 103 100 39 101 74 10 99 64 33 14 57 52 106 108 98 15 91 96 63 86 21 18 97 65 
0 19 31 77 90 23 79 55 107 24 29 27 54 92 46 17 8 9 75 85 7 35 11 59 22 42 20 25 70 44 37 45 83 109 68 94 81 93 5 32 51 2 69 82 36 78 84 103 100 39 101 62 10 99 64 33 14 57 52 106 108 98 15 91 16 12 28 71 49 56 58 47 26 102 104 3 95 30 41 88 6 13 105 60 67 1 38 43 53 66 80 50 72 73 76 34 4 89 40 48 74 87 61 96 63 86 21 18 97 65 
0 19 31 77 90 23 79 55 107 24 29 27 54 92 46 17 8 9 75 85 7 35 11 80 22 42 20 25 70 44 37 45 83 109 68 94 81 93 5 32 51 2 69 82 36 78 84 103 100 39 101 74 10 99 64 33 14 57 52 106 108 98 15 91 16 12 28 71 49 56 58 47 26 102 104 3 95 30 41 88 6 13 105 60 67 1 38 43 53 66 59 50 72 73 76 34 4 89 40 48 62 87 61 96 63 86 21 18 97 65 
0 19 31 77 90 23 79 55 107 24 29 54 92 46 17 8 9 75 85 7 35 11 59 22 42 20 25 70 44 37 45 83 109 68 94 81 93 5 32 51 2 69 82 36 78 84 103 100 39 101 74 10 99 64 33 14 57 52 106 108 98 15 91 16 12 28 71 49 56 58 34 47 26 102 104 3 95 30 41 88 6 13 105 60 67 1 38 43 53 66 80 50 72 73 76 4 89 40 48 62 27 87 61 96 63 86 21 18 97 65 
0 19 31 77 90 23 79 55 107 24 29 27 54 92 46 17 8 9 75 85 7 35 11 59 22 42 20 25 70 44 37 45 83 109 68 94 81 93 5 32 51 104 3 95 30 41 88 6 13 105 60 67 1 38 43 53 66 80 50 72 73 76 34 64 99 10 74 101 39 100 103 84 78 36 82 69 2 21 86 63 96 61 87 62 48 40 89 4 33 14 57 52 106 108 98 15 91 16 12 28 71 49 56 58 47 26 102 18 97 65 
0 19 31 77 90 23 79 55 107 24 29 27 54 92 46 17 8 9 75 85 7 15 91 16 12 28 71 49 56 58 47 26 102 104 3 95 30 41 88 6 13 105 60 67 1 38 43 53 66 80 50 72 73 99 64 33 14 57 52 106 108 98 35 11 59 22 42 20 25 70 44 37 45 83 109 68 48 40 89 4 34 76 10 74 101 39 100 103 84 78 36 82 69 2 51 32 5 93 81 94 62 87 61 96 63 86 21 18 97 65 
0 19 31 77 90 23 79 55 107 24 29 27 54 92 46 17 8 9 75 85 7 35 11 59 22 42 20 25 70 44 37 45 83 109 68 94 81 93 5 32 88 2 69 82 36 78 84 103 100 39 101 74 10 99 64 33 14 57 52 106 108 98 15 91 16 12 28 71 49 56 58 47 26 102 104 3 95 30 41 51 6 13 105 60 67 1 38 43 53 66 80 50 72 73 76 34 4 89 40 48 62 87 61 96 63 86 21 18 97 65 
0 19 31 77 90 23 79 55 107 24 29 27 54 92 46 17 8 9 75 85 7 35 11 59 22 42 20 25 70 108 37 45 83 109 68 94 81 93 5 32 51 2 69 82 36 78 84 103 100 39 101 74 10 99 64 33 14 57 52 106 44 98 15 91 16 12 28 3 104 102 26 47 58 56 49 71 95 30 41 88 6 13 105 60 67 1 38 43 53 66 80 50 72 73 76 34 4 89 40 48 62 87 61 96 63 86 21 18 97 65 
0 19 31 77 90 23 79 55 107 24 29 27 54 92 46 17 8 9 75 85 7 35 11 59 22 42 20 25 70 44 37 45 83 109 30 41 88 6 13 105 60 67 1 38 43 53 66 80 50 72 73 76 34 4 89 40 48 62 87 61 96 98 15 91 16 12 28 71 49 56 58 47 26 102 104 3 95 68 94 81 93 5 32 51 2 69 82 36 78 84 103 100 39 101 74 10 99 64 33 14 57 52 106 108 63 86 21 18 97 65 
0 19 38 1 67 60 105 13 6 88 41 30 95 3 104 102 26 47 58 56 49 71 28 12 16 91 15 108 106 52 57 14 33 64 99 10 74 101 39 100 103 84 78 36 82 69 2 51 32 5 93 81 94 68 109 83 45 37 44 70 25 20 42 22 59 11 35 7 85 75 9 8 17 46 92 54 27 29 24 107 55 79 23 90 77 31 43 53 66 80 50 72 98 73 76 34 4 89 40 48 62 87 61 96 63 86 21 18 97 65 
0 19 31 77 90 23 79 55 107 24 29 27 54 65 46 17 8 9 75 85 7 35 11 59 22 42 20 25 70 44 37 45 83 109 68 94 81 93 5 32 51 2 69 82 36 78 84 103 100 39 101 74 10 99 64 33 14 57 52 106 98 15 91 16 12 28 71 49 56 58 47 26 102 104 3 95 30 41 88 6 13 105 60 67 1 38 43 53 66 80 50 72 73 76 34 4 89 40 108 48 62 87 61 96 63 86 21 18 97 92 
0 19 31 77 90 23 79 55 107 24 29 27 54 92 46 17 8 9 75 85 7 35 11 59 22 69 20 25 70 44 37 45 83 109 68 94 81 93 5 32 51 2 42 82 36 78 84 103 100 39 101 74 10 99 64 33 14 57 52 106 108 98 15 61 87 62 48 40 89 4 34 76 73 72 50 80 66 53 43 38 1 67 60 105 13 6 88 41 30 95 3 104 102 26 47 58 56 49 71 28 12 16 91 96 63 86 21 18 97 65 
0 19 31 77 90 23 79 55 107 24 29 27 54 92 46 17 8 9 75 85 99 35 11 59 22 42 20 25 70 44 37 45 83 109 68 94 81 93 5 32 51 2 69 82 36 78 84 103 100 39 101 74 10 7 64 33 14 57 52 106 108 98 15 91 16 12 28 71 49 56 58 47 26 102 104 3 95 30 41 88 6 13 105 60 67 1 38 43 53 66 80 50 72 73 76 34 4 89 40 48 62 87 61 96 63 86 21 18 97 65 
0 19 31 77 90 23 79 55 107 24 29 27 54 92 46 17 8 9 75 85 7 96 11 59 22 42 20 25 70 44 37 45 83 109 68 94 81 93 5 32 51 2 69 82 36 78 84 103 100 39 101 74 10 99 64 33 14 57 52 106 108 98 15 91 16 12 28 71 49 56 58 47 26 102 104 3 95 30 41 88 6 13 105 60 67 1 38 43 53 66 80 50 72 73 76 34 4 89 40 48 62 87 61 35 63 86 21 18 97 65 
0 19 31 77 90 23 79 91 15 98 108 52 57 14 33 64 99 10 74 101 39 100 103 84 78 36 82 69 2 51 32 5 93 81 94 68 109 83 45 37 44 70 25 20 42 22 59 11 35 7 85 75 9 8 17 46 92 54 27 29 24 107 55 16 12 28 71 49 56 58 47 26 102 104 3 95 30 41 88 6 13 105 60 67 1 38 43 53 66 80 50 72 73 76 106 34 4 89 40 48 62 87 61 96 63 86 21 18 97 65 
0 19 31 68 90 23 79 55 107 24 29 27 54 92 46 17 8 9 75 85 7 35 11 59 22 42 20 25 70 44 37 45 83 77 109 94 81 93 5 32 51 2 69 82 36 78 84 103 100 39 101 74 10 99 64 33 14 57 52 106 108 98 15 91 16 12 28 71 49 56 58 47 26 102 104 3 95 30 41 88 6 13 105 60 67 1 38 43 53 66 80 50 72 73 76 34 4 89 40 48 62 87 61 96 63 86 21 18 97 65 
0 19 31 77 90 23 79 55 107 24 29 27 54 92 46 17 8 9 75 85 7 35 11 59 22 42 20 25 70 44 37 45 83 109 68 94 81 93 5 32 51 104 89 66 4 34 76 73 72 50 80 53 43 38 1 67 60 105 13 6 88 41 30 95 3 40 102 26 47 58 56 49 71 28 12 16 91 15 98 108 106 52 57 14 33 64 99 10 74 101 39 100 103 84 78 36 82 69 2 48 62 87 61 96 63 86 21 18 97 65 
0 19 31 77 90 23 79 55 107 24 59 27 54 92 46 17 8 9 75 85 7 35 11 29 22 42 20 25 70 44 95 3 104 102 26 47 58 56 49 71 28 12 16 91 15 98 108 106 52 57 14 33 64 99 10 74 101 39 100 103 84 78 36 82 69 2 51 32 5 93 81 94 68 109 83 45 37 30 41 88 6 13 105 60 67 1 38 43 53 66 80 50 72 73 76 34 4 89 40 48 62 87 61 96 63 86 21 18 97 65 
0 19 31 77 90 23 79 55 107 24 29 27 54 92 46 17 8 9 68 85 7 35 11 59 22 42 20 25 70 44 75 37 45 83 109 94 81 93 5 32 51 2 69 82 36 78 84 103 100 39 101 74 10 99 64 33 14 57 52 106 108 98 15 91 16 12 28 71 49 56 58 47 26 102 104 3 95 30 41 88 6 13 105 60 89 1 38 43 53 66 80 50 72 73 76 34 4 67 40 48 62 87 61 96 63 86 21 18 97 65 
0 19 31 77 90 23 79 55 107 24 29 27 54 92 46 17 8 9 75 85 7 35 11 59 22 42 20 25 70 44 37 45 83 109 68 94 81 93 5 32 51 2 69 82 78 84 103 100 39 101 74 10 99 64 33 14 57 52 106 108 98 15 91 16 12 87 71 49 56 58 36 47 26 102 104 3 95 30 41 88 6 13 105 60 67 1 38 43 53 66 80 50 72 73 76 34 4 89 40 48 62 28 61 96 63 86 21 18 97 65 
0 19 31 77 90 23 79 55 107 24 29 27 54 92 46 17 8 9 75 85 16 12 28 71 49 56 58 47 26 102 104 3 95 30 41 88 6 13 105 60 67 1 38 43 53 66 80 50 72 73 76 34 99 64 33 14 10 57 52 106 108 98 15 91 7 35 11 59 22 42 20 25 70 44 37 45 83 109 68 94 81 93 5 32 51 2 82 36 78 84 103 100 39 101 74 4 89 69 40 48 62 87 61 96 63 86 21 18 97 65 
0 19 31 77 90 23 79 55 107 24 29 27 54 92 46 17 8 9 75 85 7 35 11 59 22 87 20 25 70 44 37 45 83 109 68 94 81 93 5 32 51 2 69 82 36 91 15 98 108 106 52 57 14 33 64 99 10 74 101 39 100 103 84 78 16 12 28 71 49 56 58 47 26 102 104 3 95 30 41 88 6 13 105 60 67 1 38 43 53 66 80 50 72 73 76 34 4 89 40 48 62 42 61 96 63 86 21 18 97 65 
0 19 14 57 52 106 108 98 15 91 16 12 28 71 49 56 58 47 26 102 104 3 95 30 41 88 6 13 105 60 67 1 38 43 53 66 80 50 72 73 76 34 4 89 40 48 62 87 61 96 63 86 21 18 97 65 31 77 90 23 79 55 107 24 29 27 54 92 46 17 8 9 75 85 7 35 11 33 22 42 20 25 70 44 37 45 83 109 68 94 81 93 5 32 51 2 69 82 36 78 84 103 100 39 101 74 10 99 64 59 
0 19 31 77 90 23 79 55 107 24 29 27 54 92 46 17 8 9 75 85 7 35 11 59 22 1 20 25 70 44 37 45 83 109 68 94 81 93 5 32 51 2 69 82 36 78 84 103 100 39 101 74 10 99 64 33 14 57 52 106 108 98 15 91 16 12 28 71 49 56 58 47 26 102 104 3 95 30 41 88 6 13 105 60 67 42 38 43 53 66 80 50 72 73 76 34 4 89 40 48 62 87 61 96 63 86 21 18 97 65 
0 19 31 77 90 23 79 55 107 24 29 27 54 92 46 17 8 9 75 85 7 35 11 59 22 42 20 25 70 44 37 45 83 109 68 94 81 93 5 32 51 2 69 82 36 78 84 103 100 39 101 74 10 99 64 33 14 57 52 106 108 98 15 91 16 12 28 71 49 56 58 47 18 102 104 3 95 30 41 88 6 13 105 60 67 1 38 43 53 66 80 50 72 73 76 34 4 89 40 48 62 87 61 96 63 86 21 26 97 65 
0 19 31 77 90 23 79 55 107 24 29 27 54 92 46 17 8 9 75 85 7 35 11 59 22 42 67 25 70 44 37 45 83 109 68 94 81 93 5 32 51 2 69 82 36 78 84 103 100 39 101 74 10 99 64 33 14 57 52 106 108 98 15 91 16 12 28 71 49 56 58 47 26 102 104 3 95 30 41 88 6 13 105 60 20 1 38 43 53 66 80 50 72 73 76 34 4 89 40 48 62 87 61 96 63 86 21 18 97 65 
0 19 31 77 90 23 79 55 107 24 29 66 80 50 72 73 76 34 75 85 7 35 11 59 22 42 20 25 70 44 37 45 83 109 68 94 81 93 5 32 51 2 69 82 36 78 84 103 100 39 101 74 10 99 64 33 14 57 52 106 108 98 15 91 16 12 28 71 49 56 58 47 26 102 104 3 95 30 41 88 6 13 105 60 67 1 38 43 53 27 54 92 46 17 8 9 4 89 40 48 62 87 61 96 63 86 21 18 97 65 
0 19 31 77 90 23 79 55 107 24 29 27 54 92 46 17 8 9 75 85 7 35 11 59 22 42 20 25 70 44 37 45 83 109 68 94 81 93 5 32 51 2 69 82 36 78 84 103 100 95 101 74 10 99 64 33 14 57 52 106 108 98 15 91 16 12 71 49 56 58 47 26 102 104 3 39 30 41 88 6 13 105 60 67 1 38 43 53 66 80 50 72 28 73 76 34 4 89 40 48 62 87 61 96 63 86 21 18 97 65 
0 19 31 77 90 23 79 55 107 24 29 27 54 92 46 40 8 9 75 85 7 35 11 59 22 42 20 25 70 44 37 45 83 109 68 94 81 93 5 32 51 2 69 82 36 78 84 103 100 39 101 74 10 99 64 33 14 57 52 106 108 98 15 91 16 12 28 71 49 56 58 47 26 102 104 3 95 30 41 88 6 13 105 60 67 1 38 43 53 66 80 50 72 73 76 34 4 89 17 48 62 87 61 96 63 86 21 18 97 65 
0 19 31 77 90 23 79 55 107 24 29 27 54 92 46 17 8 9 53 85 7 35 11 59 22 42 20 25 70 44 37 45 83 109 68 94 81 93 5 32 51 2 69 82 36 78 84 103 100 39 101 74 10 99 64 33 14 57 52 106 108 98 15 91 16 12 28 71 49 56 58 47 26 102 104 3 95 30 41 88 6 13 105 60 67 1 38 43 75 66 80 50 72 73 76 34 4 89 40 48 62 87 61 96 63 86 21 18 97 65 
0 19 31 77 90 23 79 55 107 24 29 27 54 92 46 17 8 9 75 85 7 35 11 59 22 42 20 25 70 44 37 45 83 109 68 94 81 93 5 32 51 2 69 82 36 78 84 103 100 39 101 74 10 99 64 98 15 91 16 43 12 47 58 26 67 1 6 105 13 3 95 30 41 88 38 28 63 40 89 4 34 76 73 80 66 60 56 49 71 57 14 33 108 106 52 104 102 96 61 87 62 48 72 50 53 86 21 18 97 65 
0 19 31 77 90 23 79 55 107 24 29 70 44 37 45 83 8 9 75 85 7 35 11 59 22 42 20 25 27 54 92 46 17 109 68 94 48 93 5 32 51 2 69 82 36 78 84 103 100 39 101 74 10 99 64 33 14 57 52 106 108 80 66 53 43 38 1 67 60 105 13 6 88 41 30 95 3 104 102 26 47 58 56 49 71 28 12 16 91 15 98 89 4 34 76 73 72 50 40 81 62 87 61 96 63 86 21 18 97 65 
0 19 31 77 90 23 79 55 107 78 29 27 54 92 46 17 8 9 75 85 7 35 11 59 22 42 20 25 70 44 37 45 83 109 68 94 81 93 5 32 51 2 69 82 36 24 84 103 100 39 101 74 10 99 64 33 14 57 52 106 108 98 15 91 16 12 28 71 49 56 58 47 26 102 104 3 95 30 41 88 6 13 105 60 67 1 38 43 53 66 80 50 72 73 76 34 4 89 40 48 62 87 61 96 63 86 21 18 97 65 
0 19 31 77 90 23 79 55 107 24 29 27 54 92 46 17 8 9 75 85 7 35 11 59 22 42 20 25 70 44 37 45 83 109 68 94 81 93 5 32 51 2 69 82 36 78 84 103 100 39 101 74 10 99 64 33 14 52 106 108 98 15 91 16 12 28 71 49 56 58 47 26 102 104 3 95 30 41 88 6 13 105 60 67 1 38 65 53 66 80 57 50 72 73 76 34 4 89 40 48 62 87 61 96 63 86 21 18 97 43 
0 19 31 77 90 23 79 55 107 24 29 27 54 92 46 17 8 9 75 85 7 35 11 59 22 42 20 25 70 44 37 45 26 102 104 3 95 30 41 88 6 13 105 60 67 1 38 69 2 51 32 5 93 81 94 68 109 83 47 58 56 49 71 28 12 16 91 15 87 62 48 40 89 4 34 76 73 72 50 80 66 53 43 82 36 78 84 103 100 39 101 74 10 99 64 33 14 57 52 106 108 98 61 96 63 86 21 18 97 65 
0 19 16 77 90 23 79 55 107 24 29 27 54 92 46 17 8 9 75 85 7 35 31 11 59 22 42 20 25 70 44 37 45 83 109 68 94 81 93 5 32 51 2 69 82 36 78 84 103 100 39 101 74 10 99 64 33 14 57 52 106 108 98 15 91 12 28 71 49 56 58 47 26 102 104 3 95 30 41 88 6 13 105 60 67 50 80 66 53 43 38 1 72 73 76 34 4 89 40 48 62 87 61 96 63 86 21 18 97 65 
0 19 31 77 90 23 79 55 107 24 29 27 54 92 46 17 71 49 56 58 47 26 102 104 3 95 30 41 88 6 13 105 60 67 1 38 43 53 66 80 50 72 73 76 34 4 89 40 48 62 101 74 10 99 64 33 14 57 52 106 108 98 15 91 16 12 28 8 9 75 85 7 35 11 59 22 42 20 25 70 44 37 45 83 109 68 94 81 93 5 32 51 2 69 82 36 78 84 103 100 39 61 96 87 63 86 21 18 97 65 
0 19 31 77 90 23 79 55 107 24 29 27 54 92 46 17 8 9 75 85 7 35 11 50 22 42 20 25 70 44 37 45 83 109 68 94 81 93 5 32 51 2 69 82 36 78 84 103 39 101 74 10 99 64 33 14 57 52 106 108 98 15 91 16 12 28 71 49 56 58 47 26 102 104 3 95 30 41 88 6 13 105 60 67 1 38 43 53 66 80 59 40 89 4 34 76 73 72 48 62 100 87 61 96 63 86 21 18 97 65 
0 19 31 77 8 23 79 55 107 24 29 27 54 92 46 17 90 9 75 85 7 35 11 59 22 42 20 25 70 44 37 45 83 109 68 94 81 93 5 32 51 2 69 82 36 78 84 103 100 39 101 74 10 99 64 33 14 57 52 106 108 98 15 91 16 12 28 71 49 56 58 47 26 102 95 30 41 88 6 13 105 60 67 1 38 43 53 66 80 50 72 73 76 4 89 40 34 48 62 87 61 96 63 86 21 104 3 18 97 65 
0 19 31 77 90 23 79 55 107 24 29 27 54 92 46 17 8 9 75 85 7 35 11 59 22 42 20 25 70 44 37 45 83 109 68 94 81 93 5 32 51 2 69 82 36 78 84 103 100 39 101 74 10 99 64 33 14 57 52 106 108 98 15 91 16 12 28 65 49 56 58 47 26 102 104 3 95 30 41 88 6 13 105 60 67 1 38 43 53 66 80 50 72 73 76 34 4 89 40 48 62 87 61 96 63 86 21 18 97 71 
0 19 31 77 90 23 79 55 107 24 29 27 54 46 92 97 8 9 75 85 7 35 11 59 22 42 20 25 70 44 37 45 83 109 68 94 81 93 5 32 51 2 69 82 36 78 84 103 100 39 101 71 10 99 64 33 14 57 52 106 108 98 15 91 16 12 28 74 49 56 58 47 26 102 104 3 95 30 41 88 6 13 105 60 67 1 38 43 53 66 80 50 72 73 76 34 4 89 40 48 62 87 61 96 63 86 21 18 17 65 
0 19 31 77 90 23 79 55 107 24 29 27 54 92 46 17 28 71 49 56 58 47 26 102 104 3 95 30 41 88 6 13 105 60 67 1 38 43 53 66 80 50 72 73 76 34 4 89 40 48 62 87 61 96 63 86 21 18 97 106 108 98 15 91 16 12 8 9 75 85 7 35 11 59 22 42 20 25 70 44 37 45 83 109 68 94 81 93 5 32 51 2 69 82 36 78 84 103 100 39 101 74 10 99 64 33 14 57 52 65 
0 19 31 77 52 106 108 98 15 91 16 12 28 71 49 56 58 47 26 102 104 3 95 30 39 41 88 6 13 105 60 67 1 38 43 53 66 80 50 40 89 4 34 76 73 72 48 62 87 61 96 63 86 21 18 97 65 90 23 79 55 107 24 29 27 54 92 46 17 8 9 75 85 7 35 11 59 22 42 20 25 70 44 37 45 83 109 68 94 81 93 5 32 51 2 69 82 36 78 84 103 100 101 74 10 99 64 33 14 57 
0 19 31 77 90 23 79 55 64 33 14 57 52 106 108 98 15 91 16 12 28 71 49 56 107 24 29 27 54 92 46 17 8 9 75 85 7 35 11 59 22 42 20 25 70 44 37 45 83 109 68 94 81 93 5 32 51 2 69 82 36 78 84 103 100 39 101 74 10 99 58 47 26 102 104 3 95 30 41 88 21 86 63 96 61 87 62 48 40 89 4 34 80 76 73 72 50 66 53 43 38 1 67 60 105 13 6 18 97 65 
0 10 74 101 39 100 103 19 78 36 82 69 2 51 32 5 93 81 94 68 109 83 45 37 44 70 25 20 42 22 59 11 35 7 85 75 9 8 17 46 92 54 27 29 24 107 55 79 23 90 77 31 84 99 64 33 14 57 52 106 108 98 15 91 16 12 28 71 49 56 58 47 26 102 104 3 95 30 41 88 6 13 105 60 67 1 38 43 53 66 80 50 72 73 76 34 4 89 40 48 62 61 96 87 63 86 21 18 97 65 
0 19 77 31 90 23 79 55 107 24 29 27 54 92 46 17 8 9 75 85 7 35 11 59 22 42 20 25 70 44 37 45 83 109 68 94 81 93 5 32 51 2 69 82 36 78 84 103 100 39 101 6 13 105 60 67 1 38 43 53 66 80 50 72 73 76 34 4 89 40 48 62 87 61 102 104 3 95 30 41 88 74 10 99 64 96 33 14 57 52 106 108 98 15 91 16 12 28 71 49 56 58 47 26 63 21 18 86 97 65 
0 19 31 77 3 95 30 41 88 6 13 105 60 67 1 38 43 53 66 80 50 35 11 59 22 42 20 25 70 44 37 45 83 109 68 94 81 93 5 32 51 2 69 82 36 78 84 103 100 39 101 74 10 99 64 33 14 57 52 106 108 98 15 91 16 12 28 71 49 56 58 47 26 102 104 90 23 79 55 107 24 29 27 54 92 46 17 8 9 75 85 7 72 73 76 34 4 89 40 48 62 87 61 96 63 86 21 18 97 65 
0 19 31 77 90 23 79 33 107 24 29 27 54 92 46 17 8 9 75 85 7 35 11 59 22 42 20 25 70 44 37 45 83 109 68 94 81 93 5 32 51 2 69 82 36 78 84 103 100 39 101 74 10 99 64 55 14 57 52 106 108 98 15 91 16 12 28 71 49 56 58 47 26 102 104 3 95 30 41 88 6 13 105 60 67 1 38 43 53 66 80 50 72 73 76 34 4 89 40 48 87 61 96 63 86 21 62 18 97 65 
0 19 31 77 90 23 79 55 107 24 29 27 54 92 46 17 8 9 75 85 7 35 11 59 22 42 20 25 70 44 37 45 83 109 68 94 81 95 30 41 88 6 13 105 60 67 1 38 57 53 66 80 50 72 73 76 4 89 40 48 62 34 87 61 96 12 28 71 49 56 58 47 26 102 104 3 93 5 32 51 2 69 82 36 78 84 103 100 39 101 74 10 99 64 33 14 43 52 106 108 98 15 91 16 63 86 21 18 97 65 
0 19 31 77 90 23 79 55 107 24 29 27 54 12 46 17 8 9 75 85 7 35 11 59 22 42 20 25 70 44 37 45 83 109 68 94 81 93 5 32 51 2 69 82 36 78 84 103 100 39 101 74 10 99 64 33 14 57 52 106 108 98 15 91 16 92 28 71 49 56 58 47 26 102 104 3 95 30 41 88 6 13 105 60 67 1 38 43 53 66 80 50 72 73 76 34 4 89 40 48 62 87 61 96 63 86 21 18 97 65 
0 19 31 77 90 23 79 55 107 24 29 27 54 92 46 17 8 9 75 85 7 35 11 59 22 42 20 25 70 44 37 45 83 109 68 94 81 93 5 51 2 69 82 36 78 84 103 100 39 101 74 10 99 64 33 14 57 52 106 108 98 15 91 16 12 28 71 49 56 58 47 40 48 62 87 61 96 63 86 21 18 97 60 67 1 38 43 53 66 80 50 72 73 76 34 4 89 26 102 104 3 95 30 41 88 6 13 105 65 32 
0 19 31 77 90 23 79 52 106 108 98 15 91 16 12 28 71 49 56 58 47 26 102 104 3 95 36 41 88 6 13 105 60 67 1 38 43 53 66 80 50 72 73 76 34 4 89 40 48 62 87 61 96 63 86 21 18 97 55 107 24 29 27 54 92 46 17 8 9 75 85 7 35 11 59 22 42 20 25 70 44 37 45 83 109 68 94 81 93 5 32 51 2 69 82 30 78 84 103 100 39 101 74 10 99 64 33 14 57 65 
0 19 31 77 90 23 80 55 107 24 29 27 54 92 46 17 8 9 75 85 7 35 11 59 22 42 20 25 70 44 37 45 83 109 68 94 81 93 5 32 51 2 69 82 36 78 33 14 40 89 4 34 76 73 57 79 66 52 106 108 64 84 103 100 39 101 74 99 10 15 98 91 16 28 12 47 58 26 102 71 49 56 104 3 95 30 41 88 6 13 105 60 67 1 38 43 53 50 72 48 62 87 61 96 63 86 21 18 97 65 
0 19 31 77 90 23 79 55 107 24 29 27 54 92 46 17 8 9 75 85 7 35 11 59 22 42 20 25 70 6 13 105 60 67 36 38 43 53 66 80 50 72 73 76 34 4 89 40 48 62 101 74 10 99 64 33 14 57 52 106 108 98 15 91 16 12 28 71 49 56 58 47 26 102 104 3 95 30 41 88 44 37 45 83 109 68 94 81 93 5 32 51 2 69 82 1 78 84 103 100 39 87 61 96 63 86 21 18 97 65 
0 19 31 77 90 23 79 55 107 24 29 27 54 92 46 17 8 9 75 85 67 35 11 59 22 42 20 25 70 44 37 45 83 109 68 94 81 93 5 32 51 2 69 82 36 78 84 103 100 39 101 74 10 99 64 33 14 57 52 106 108 98 15 91 16 12 28 71 49 56 58 47 26 102 104 3 95 30 41 88 6 13 105 60 7 1 40 43 53 66 80 50 72 73 76 34 4 89 38 48 62 87 61 96 63 86 21 18 97 65 
0 19 31 77 90 23 79 55 107 24 29 27 54 92 46 17 8 9 75 85 7 35 81 6 13 105 60 67 1 38 43 53 66 80 50 72 76 34 4 89 40 48 62 87 61 96 73 63 86 21 74 10 99 64 33 14 57 52 106 108 98 15 91 16 12 28 71 49 56 58 47 26 102 104 3 95 30 41 88 11 59 22 42 20 25 70 44 37 45 83 109 68 94 93 5 32 51 2 69 82 36 78 84 103 100 39 101 18 97 65 
0 19 31 77 90 23 79 55 107 69 29 27 54 92 46 17 8 9 75 85 7 35 11 5 93 81 94 68 109 83 45 37 44 70 25 20 42 22 59 32 51 2 24 82 36 78 84 103 100 39 101 74 10 99 64 33 14 57 52 106 108 98 15 91 16 12 28 71 49 56 58 47 26 102 104 3 95 30 41 88 6 13 61 87 62 48 40 89 4 34 76 73 72 50 80 66 53 43 38 1 67 60 105 96 63 86 21 18 97 65 
0 19 31 77 90 23 79 55 107 24 29 27 54 92 46 17 8 9 75 85 7 35 21 86 63 96 61 87 62 48 34 40 89 4 76 73 72 50 80 66 53 43 38 1 101 39 100 103 84 78 36 82 69 2 51 32 5 93 81 94 68 109 83 45 37 44 70 25 20 42 22 59 11 104 3 18 41 88 6 13 105 60 67 74 10 99 64 33 14 57 52 106 108 98 15 91 16 12 28 71 49 56 58 47 26 102 95 30 97 65 
0 19 31 68 90 23 79 55 107 24 29 27 54 92 46 17 8 9 75 85 7 35 11 59 22 42 20 25 70 44 37 45 83 109 77 94 81 5 32 51 2 69 82 36 78 84 103 100 39 101 74 10 99 64 33 14 57 52 106 108 98 15 91 16 12 28 93 71 49 56 58 47 26 102 104 3 95 30 41 88 6 13 105 60 67 1 38 43 53 66 80 50 72 76 34 4 89 40 48 62 87 61 96 73 63 86 21 18 97 65 
0 19 31 77 90 23 79 55 107 24 29 27 54 57 46 17 8 9 75 85 7 35 11 59 22 42 20 25 70 86 63 61 87 62 48 40 89 4 34 76 73 72 50 80 66 53 43 38 1 67 60 105 13 6 88 41 30 95 3 104 102 26 47 58 56 49 71 28 12 16 91 15 98 108 106 52 92 14 33 64 99 10 74 101 39 100 103 84 78 36 82 69 2 51 32 5 93 81 94 68 109 83 45 37 44 21 96 18 97 65 
0 19 31 77 90 23 79 55 107 24 29 27 54 48 92 46 17 8 9 75 85 7 35 11 59 22 1 67 60 105 13 6 88 41 30 95 3 104 102 26 47 58 56 49 71 28 18 21 86 63 96 61 87 62 72 50 53 43 66 80 38 40 89 4 34 76 73 64 42 20 25 70 44 37 45 83 109 68 94 81 93 5 32 51 2 69 82 36 78 84 103 100 39 101 74 10 33 14 57 52 106 108 99 15 98 91 16 12 97 65 
0 19 31 77 90 23 79 55 107 24 29 27 56 92 46 17 8 9 75 85 7 35 11 59 22 42 20 25 70 44 37 45 83 109 68 94 81 93 5 32 51 2 69 82 36 78 84 103 100 39 101 74 10 99 64 33 14 57 52 106 108 98 15 91 16 12 28 71 49 54 58 47 26 102 104 3 95 30 41 88 6 13 105 60 67 1 38 43 53 66 80 50 72 73 76 34 4 89 40 62 87 61 96 63 86 48 21 18 97 65 
0 19 31 72 90 23 16 12 28 71 49 56 58 47 26 77 79 55 107 24 29 27 54 92 46 17 8 9 75 85 7 35 11 59 22 42 20 25 70 44 37 45 83 109 68 94 81 93 5 32 51 2 69 82 36 78 84 103 100 39 101 74 10 99 64 33 14 57 52 106 108 98 15 91 102 104 3 95 30 41 88 6 13 105 60 67 1 38 43 53 89 80 50 73 76 34 4 66 40 48 62 87 61 96 63 86 21 18 97 65 
0 19 31 77 90 23 79 55 107 52 29 27 54 92 46 17 8 9 75 85 7 35 11 59 22 42 20 25 44 37 45 83 109 68 94 81 93 5 32 51 2 69 82 36 78 84 4 34 76 73 72 50 80 66 53 43 38 1 67 60 105 13 6 88 41 30 95 3 104 102 26 47 58 56 49 71 28 12 16 91 15 98 108 106 24 57 14 33 64 99 10 74 101 39 100 103 89 40 48 62 87 61 96 63 86 21 18 70 97 65 
0 19 31 77 90 23 79 55 107 24 29 27 54 92 46 17 8 9 75 85 7 35 11 59 22 20 25 70 44 28 45 83 109 68 94 93 5 32 51 2 69 82 36 78 84 103 100 39 101 74 10 99 64 33 14 57 52 106 108 98 15 91 16 12 37 71 49 56 58 47 26 102 104 3 95 30 41 88 81 6 13 42 105 60 67 1 38 43 53 66 80 50 72 73 76 34 4 89 40 48 62 87 61 96 63 86 21 18 97 65 
0 19 31 47 90 23 79 55 107 24 29 27 54 92 46 17 8 9 75 85 7 35 11 59 22 20 25 70 44 37 45 83 109 68 94 81 93 5 42 32 51 2 69 82 36 78 84 103 100 39 101 74 10 99 64 33 14 57 52 106 108 98 15 91 16 12 28 71 49 56 58 77 26 102 104 3 95 30 41 88 6 13 105 60 67 1 38 43 53 66 80 50 72 73 76 34 4 89 40 48 62 87 61 96 63 86 21 18 97 65 
0 19 31 77 14 57 52 106 108 98 15 91 16 12 28 71 49 56 58 47 26 102 104 95 3 30 41 88 6 13 105 60 67 1 38 43 53 66 80 50 72 73 65 34 4 89 109 83 45 37 44 70 25 20 42 22 59 11 35 7 85 75 9 8 17 46 92 54 27 29 24 107 55 79 23 90 33 64 99 10 74 101 39 100 103 84 68 94 81 93 5 32 51 2 69 82 36 78 40 48 62 87 61 96 63 86 21 18 97 76 
0 19 31 77 90 23 79 55 107 24 29 27 54 92 46 72 16 12 28 71 49 56 58 47 26 102 104 9 75 85 7 35 11 59 22 42 20 25 70 44 37 45 83 109 68 94 81 93 5 32 51 2 69 82 36 78 84 103 100 39 101 74 33 14 40 89 4 34 76 73 57 80 66 52 106 108 64 99 10 15 98 91 17 8 3 95 30 41 88 6 13 60 67 1 38 43 53 50 105 48 62 87 61 96 63 86 21 18 97 65 
0 19 31 104 90 23 79 55 107 24 29 27 54 92 46 17 8 9 75 85 7 35 11 59 22 42 20 25 70 44 37 45 83 109 68 94 81 93 5 32 51 2 69 82 36 78 84 103 100 39 101 74 10 99 64 33 14 57 52 106 108 98 15 16 12 28 71 49 56 58 47 26 102 77 3 95 30 41 88 6 13 105 60 67 1 38 43 53 66 80 50 72 73 76 91 34 4 89 40 48 62 87 61 96 63 86 21 18 97 65 
0 19 31 48 90 23 79 55 107 29 27 54 77 92 46 17 24 8 9 75 85 7 35 11 59 22 42 20 25 70 44 37 45 83 109 68 94 81 93 5 32 51 2 69 82 36 78 84 103 100 39 101 74 10 99 64 41 14 57 52 106 108 98 15 91 16 12 28 47 26 102 104 3 95 30 33 88 6 13 105 60 67 1 38 43 53 66 80 50 72 73 76 34 4 89 40 62 87 71 49 56 58 61 96 63 86 21 18 97 65 
0 19 31 77 90 23 79 55 107 24 15 91 16 12 28 17 8 9 75 85 59 11 35 7 22 42 20 25 70 44 37 45 83 109 68 94 81 93 5 32 51 2 69 82 36 78 84 106 39 101 74 10 99 64 33 14 57 52 103 108 98 29 27 54 92 46 71 49 56 58 47 26 102 104 3 95 30 41 88 6 13 105 60 67 1 38 43 53 66 80 50 72 73 76 34 4 89 100 40 48 62 87 61 96 63 86 21 18 97 65 
0 19 31 77 90 23 57 52 106 108 98 15 91 16 12 28 71 49 56 58 47 26 102 104 3 95 30 41 88 6 13 105 60 67 1 38 43 53 66 80 50 72 73 76 34 4 89 40 48 62 87 61 96 99 64 33 14 79 55 51 24 29 27 54 92 46 17 8 9 75 85 7 35 11 59 22 42 20 25 70 44 37 45 83 109 68 94 81 93 5 32 107 2 69 82 36 78 84 103 100 39 101 74 10 63 86 21 18 97 65 
0 19 31 77 90 23 79 55 107 24 29 27 54 92 46 17 8 9 98 108 106 52 57 14 33 64 99 10 74 101 39 100 103 84 78 36 82 69 2 51 32 5 81 94 109 68 83 45 37 44 70 25 20 42 22 59 11 86 7 85 75 15 91 16 12 28 93 71 49 56 58 47 26 102 104 3 95 30 41 88 6 13 105 60 67 1 38 43 53 66 80 50 72 73 76 34 4 89 40 48 62 87 61 96 63 35 21 18 97 65 
0 19 31 77 90 23 79 55 107 24 29 27 54 92 46 17 8 9 75 85 7 35 28 71 49 56 58 47 26 102 104 3 95 30 74 88 6 13 105 60 67 1 38 43 50 53 40 89 4 34 76 73 80 66 72 48 62 87 61 96 63 86 21 91 16 12 11 59 22 42 20 25 70 44 37 45 83 109 68 94 81 93 5 32 51 2 69 82 36 78 84 103 100 39 101 41 10 99 64 33 14 57 106 108 98 52 15 18 97 65 
0 19 31 77 90 23 79 55 107 24 29 27 54 92 46 17 8 9 75 85 7 53 11 59 22 42 20 25 70 44 37 45 83 109 68 94 81 93 5 32 51 2 69 106 36 78 84 103 100 39 74 10 99 35 82 64 33 14 57 52 108 98 15 91 16 12 28 71 101 49 56 58 47 26 102 104 3 80 30 41 88 6 13 105 60 67 1 38 43 66 95 50 72 76 34 4 89 40 48 62 87 61 96 73 63 86 21 18 97 65 
0 19 31 77 90 23 79 55 107 24 29 66 80 50 72 73 76 34 75 85 7 35 11 59 22 42 20 25 70 44 37 45 83 109 68 94 81 93 95 30 41 88 6 13 105 60 67 1 38 43 53 4 89 40 48 62 87 61 96 63 86 21 18 97 65 52 106 108 98 15 91 16 49 28 71 12 56 58 47 26 102 104 3 5 32 51 2 27 54 92 46 17 8 9 69 82 36 78 84 103 100 39 101 74 10 99 64 33 14 57 
0 19 31 77 90 98 79 55 107 24 29 27 54 92 46 17 8 9 75 85 7 35 11 59 22 42 20 81 70 44 37 45 83 109 68 94 25 93 5 32 51 2 69 82 36 78 84 103 100 39 101 74 10 99 64 33 14 57 52 106 61 89 87 62 48 40 4 34 76 73 72 50 80 66 53 43 38 1 67 60 105 13 6 88 41 30 95 3 104 102 26 47 58 56 49 71 28 12 16 91 15 23 108 96 63 86 21 18 97 65 
0 19 31 48 90 23 79 55 107 24 29 27 54 92 46 17 8 9 75 85 7 35 11 59 22 1 67 60 105 13 6 88 41 30 95 3 104 102 26 47 58 56 49 37 45 83 109 68 94 81 93 5 32 51 2 50 53 42 20 25 70 44 71 28 18 21 86 63 96 61 87 62 77 72 69 82 36 78 84 103 100 39 101 74 10 99 64 33 14 57 52 106 108 98 15 91 16 12 38 43 66 80 73 76 34 4 89 40 97 65 
0 19 31 77 90 23 79 55 107 24 29 27 16 92 46 17 8 9 75 85 7 35 11 59 22 42 20 25 70 44 37 45 83 109 82 94 81 93 5 32 51 2 69 68 49 71 28 12 91 15 98 108 106 52 57 14 54 33 64 99 10 74 101 39 100 18 21 86 63 96 61 87 62 48 40 80 89 4 34 76 73 50 66 53 43 38 1 67 60 105 13 6 88 41 103 84 78 36 56 58 47 72 26 102 104 3 95 30 97 65 
0 24 31 77 90 23 79 55 26 102 104 3 95 30 41 28 6 13 105 60 67 1 38 43 53 66 80 50 72 73 76 34 4 89 40 48 62 87 61 96 63 86 21 18 97 65 103 100 39 101 74 10 99 64 33 14 57 52 106 108 98 15 91 16 85 12 88 71 49 56 58 47 107 19 29 27 54 92 46 17 8 9 75 7 35 11 59 22 42 20 25 70 44 37 45 83 109 68 94 81 93 5 32 51 2 69 82 36 78 84 
0 19 31 77 90 23 79 55 107 24 29 27 84 78 36 82 69 2 51 32 5 93 81 94 68 92 46 17 8 9 75 39 7 35 11 59 22 42 20 25 70 44 10 45 109 54 103 100 85 101 74 37 99 33 14 57 52 106 108 64 98 15 91 16 12 28 88 49 56 58 47 26 102 76 34 4 89 40 73 80 66 104 60 67 1 6 105 13 3 95 30 41 71 38 43 53 50 83 72 48 62 87 61 96 63 86 21 18 97 65 
0 19 31 77 90 23 79 55 107 24 29 27 84 78 36 82 69 2 51 32 5 93 81 94 68 92 46 17 8 9 75 85 7 35 11 59 102 76 34 4 89 40 73 80 66 104 60 67 1 6 105 13 3 95 30 41 71 38 43 53 50 83 72 48 62 28 88 49 56 58 47 26 22 42 20 25 70 44 10 45 109 54 103 100 39 101 74 37 99 33 14 57 52 106 108 64 98 15 91 16 12 87 61 96 63 86 21 18 97 65 
0 19 31 77 90 23 79 55 107 24 61 27 54 92 46 17 8 9 75 85 58 47 26 102 103 3 95 30 41 88 6 13 105 67 1 38 43 93 5 28 71 49 56 7 35 11 59 22 42 20 25 70 44 37 45 83 109 68 94 81 53 66 80 50 72 73 76 34 4 89 40 48 62 87 29 96 63 86 108 60 98 15 91 16 12 32 51 2 69 82 36 78 84 104 100 39 101 74 10 99 64 33 14 57 52 106 21 18 97 65 
