0 97 18 21 86 96 61 63 87 62 53 43 38 1 6 88 41 30 95 3 13 105 60 104 102 26 47 12 58 56 67 49 71 28 52 106 98 108 99 74 101 39 100 103 10 15 91 16 66 80 57 76 89 40 48 72 50 73 34 4 14 64 84 33 78 36 69 82 68 94 109 83 81 45 37 44 5 51 2 32 93 70 25 42 22 59 11 20 7 35 85 75 9 8 54 92 17 46 29 27 24 107 55 79 23 90 77 31 19 65 
0 97 18 21 86 96 61 63 87 62 53 43 38 1 6 88 41 30 95 3 13 105 60 104 102 26 47 12 58 56 67 49 71 28 52 106 98 108 99 74 101 39 100 103 10 15 91 16 66 80 57 76 89 40 48 72 50 73 34 4 14 64 84 33 78 36 69 82 68 94 109 83 81 45 37 44 5 51 2 32 93 70 25 42 22 59 11 20 7 35 85 75 9 8 54 92 17 46 29 27 24 107 55 79 23 90 77 31 19 65 
0 97 18 21 86 96 61 63 87 62 53 43 38 1 6 88 41 30 95 3 13 105 60 104 102 26 47 12 58 56 67 49 71 28 52 106 98 108 99 74 101 39 100 103 10 15 91 16 66 80 57 76 89 40 48 72 50 73 34 4 14 64 84 33 78 36 69 82 68 94 109 83 81 45 37 44 5 51 2 32 93 70 25 42 22 59 11 20 7 35 85 75 9 8 54 92 17 46 29 27 24 107 55 79 23 90 77 31 19 65 
0 97 18 21 86 96 61 63 87 62 53 43 38 1 6 88 41 30 95 3 13 105 60 104 102 26 47 12 58 56 67 49 71 28 52 106 98 108 99 74 101 39 100 103 10 15 91 16 66 80 57 76 89 40 48 72 50 73 34 4 14 64 84 33 78 36 69 82 68 94 109 83 81 45 37 44 5 51 2 32 93 70 25 42 22 59 11 20 7 35 85 75 9 8 54 92 17 46 29 27 24 107 55 79 23 90 77 31 19 65 
0 97 18 21 86 96 61 63 87 62 53 43 38 1 6 88 41 30 95 3 13 105 60 104 102 26 47 12 58 56 67 49 71 28 52 106 98 108 99 74 101 39 100 103 10 15 91 16 66 80 57 76 89 40 48 72 50 73 34 4 14 64 84 33 78 36 69 82 68 94 109 83 81 45 37 44 5 51 2 32 93 70 25 42 22 59 11 20 7 35 85 75 9 8 54 92 17 46 29 27 24 107 55 79 23 90 77 31 19 65 
0 97 18 21 86 96 61 63 87 62 53 43 38 1 6 88 41 30 95 3 13 105 60 104 102 26 47 12 58 56 67 49 71 28 52 106 98 108 99 74 101 39 100 103 10 15 91 16 66 80 57 76 89 40 48 72 50 73 34 4 14 64 84 33 78 36 69 82 68 94 109 83 81 45 37 44 5 51 2 32 93 70 25 42 22 59 11 20 7 35 85 75 9 8 54 92 17 46 29 27 24 107 55 79 23 90 77 31 19 65 
0 97 18 21 86 96 61 63 87 62 53 43 38 1 6 88 41 30 95 3 13 105 60 104 102 26 47 12 58 56 67 49 71 28 52 106 98 108 99 74 101 39 100 103 10 15 91 16 66 80 57 76 89 40 48 72 50 73 34 4 14 64 84 33 78 36 69 82 68 94 109 83 81 45 37 44 5 51 2 32 93 70 25 42 22 59 11 20 7 35 85 75 9 8 54 92 17 46 29 27 24 107 55 79 23 90 77 31 19 65 
0 97 18 21 86 96 61 63 87 62 53 43 38 1 6 88 41 30 95 3 13 105 60 104 102 26 47 12 58 56 67 49 71 28 52 106 98 108 99 74 101 39 100 103 10 15 91 16 66 80 57 76 89 40 48 72 50 73 34 4 14 64 84 33 78 36 69 82 68 94 109 83 81 45 37 44 5 51 2 32 93 70 25 42 22 59 11 20 7 35 85 75 9 8 54 92 17 46 29 27 24 107 55 79 23 90 77 31 19 65 
0 97 18 21 86 96 61 63 87 62 53 43 38 1 6 88 41 30 95 3 13 105 60 104 102 26 47 12 58 56 67 49 71 28 52 106 98 108 99 74 101 39 100 103 10 15 91 16 66 80 57 76 89 40 48 72 50 73 34 4 14 64 84 33 78 36 69 82 68 94 109 83 81 45 37 44 5 51 2 32 93 70 25 42 22 59 11 20 7 35 85 75 9 8 54 92 17 46 29 27 24 107 55 79 23 90 77 31 19 65 
0 97 18 21 86 96 61 63 87 62 53 43 38 1 6 88 41 30 95 3 13 105 60 104 102 26 47 12 58 56 67 49 71 28 52 106 98 108 99 74 101 39 100 103 10 15 91 16 66 80 57 76 89 40 48 72 50 73 34 4 14 64 84 33 78 36 69 82 68 94 109 83 81 45 37 44 5 51 2 32 93 70 25 42 22 59 11 20 7 35 85 75 9 8 54 92 17 46 29 27 24 107 55 79 23 90 77 31 19 65 
0 97 18 21 86 96 61 63 87 62 53 43 38 1 6 88 41 30 95 3 13 105 60 104 102 26 47 12 58 56 67 49 71 28 52 106 98 108 99 74 101 39 100 103 10 15 91 16 66 80 57 76 89 40 48 72 50 73 34 4 14 64 84 33 78 36 69 82 68 94 109 83 81 45 37 44 5 51 2 32 93 70 25 42 22 59 11 20 7 35 85 75 9 8 54 92 17 46 29 27 24 107 55 79 23 90 77 31 19 65 
0 97 18 21 86 96 61 63 87 62 53 43 38 1 6 88 41 30 95 3 13 105 60 104 102 26 47 12 58 56 67 49 71 28 52 106 98 108 99 74 101 39 100 103 10 15 91 16 66 80 57 76 89 40 48 72 50 73 34 4 14 64 84 33 78 36 69 82 68 94 109 83 81 45 37 44 5 51 2 32 93 70 25 42 22 59 11 20 7 35 85 75 9 8 54 92 17 46 29 27 24 107 55 79 23 90 77 31 19 65 
0 97 18 21 86 96 61 63 87 62 53 43 38 1 6 88 41 30 95 3 13 105 60 104 102 26 47 12 58 56 67 49 71 28 52 106 98 108 99 74 101 39 100 103 10 15 91 16 66 80 57 76 89 40 48 72 50 73 34 4 14 64 84 33 78 36 69 82 68 94 109 83 81 45 37 44 5 51 2 32 93 70 25 42 22 59 11 20 7 35 85 75 9 8 54 92 17 46 29 27 24 107 55 79 23 90 77 31 19 65 
0 97 18 21 86 96 61 63 87 62 53 43 38 1 6 88 41 30 95 3 13 105 60 104 102 26 47 12 58 56 67 49 71 28 52 106 98 108 99 74 101 39 100 103 10 15 91 16 66 80 57 76 89 40 48 72 50 73 34 4 14 64 84 33 78 36 69 82 68 94 109 83 81 45 37 44 5 51 2 32 93 70 25 42 22 59 11 20 7 35 85 75 9 8 54 92 17 46 29 27 24 107 55 79 23 90 77 31 19 65 
0 97 18 21 86 96 61 63 87 62 53 43 38 1 6 88 41 30 95 3 13 105 60 104 102 26 47 12 58 56 67 49 71 28 52 106 98 108 99 74 101 39 100 103 10 15 91 16 66 80 57 76 89 40 48 72 50 73 34 4 14 64 84 33 78 36 69 82 68 94 109 83 81 45 37 44 5 51 2 32 93 70 25 42 22 59 11 20 7 35 85 75 9 8 54 92 17 46 29 27 24 107 55 79 23 90 77 31 19 65 
0 97 18 21 86 96 61 63 87 62 53 43 38 1 6 88 41 30 95 3 13 105 60 104 102 26 47 12 58 56 67 49 71 28 52 106 98 108 99 74 101 39 100 103 10 15 91 16 66 80 57 76 89 40 48 72 50 73 34 4 14 64 84 33 78 36 69 82 68 94 109 83 81 45 37 44 5 51 2 32 93 70 25 42 22 59 11 20 7 35 85 75 9 8 54 92 17 46 29 27 24 107 55 79 23 90 77 31 19 65 
0 97 18 21 86 96 61 63 87 62 53 43 38 1 6 88 41 30 95 3 13 105 60 104 102 26 47 12 58 56 67 49 71 28 52 106 98 108 99 74 101 39 100 103 10 15 91 16 66 80 57 76 89 40 48 72 50 73 34 4 14 64 84 33 78 36 69 82 68 94 109 83 81 45 37 44 5 51 2 32 93 70 25 42 22 59 11 20 7 35 85 75 9 8 54 92 17 46 29 27 24 107 55 79 23 90 77 31 19 65 
0 97 18 21 86 96 61 63 87 62 53 43 38 1 6 88 41 30 95 3 13 105 60 104 102 26 47 12 58 56 67 49 71 28 52 106 98 108 99 74 101 39 100 103 10 15 91 16 66 80 57 76 89 40 48 72 50 73 34 4 14 64 84 33 78 36 69 82 68 94 109 83 81 45 37 44 5 51 2 32 93 70 25 42 22 59 11 20 7 35 85 75 9 8 54 92 17 46 29 27 24 107 55 79 23 90 77 31 19 65 
0 97 18 21 86 96 61 63 87 62 53 43 38 1 6 88 41 30 95 3 13 105 60 104 102 26 47 12 58 56 67 49 71 28 52 106 98 108 99 74 101 39 100 103 10 15 91 16 66 80 57 76 89 40 48 72 50 73 34 4 14 64 84 33 78 36 69 82 68 94 109 83 81 45 37 44 5 51 2 32 93 70 25 42 22 59 11 20 7 35 85 75 9 8 54 92 17 46 29 27 24 107 55 79 23 90 77 31 19 65 
0 97 18 21 86 96 61 63 87 62 53 43 38 1 6 88 41 30 95 3 13 105 60 104 102 26 47 12 58 56 67 49 71 28 52 106 98 108 99 74 101 39 100 103 10 15 91 16 66 80 57 76 89 40 48 72 50 73 34 4 14 64 84 33 78 36 69 82 68 94 109 83 81 45 37 44 5 51 2 32 93 70 25 42 22 59 11 20 7 35 85 75 9 8 54 92 17 46 29 27 24 107 55 79 23 90 77 31 19 65 
0 97 18 21 86 96 61 63 87 62 53 43 38 1 6 88 41 30 95 3 13 105 60 104 102 26 47 12 58 56 67 49 71 28 52 106 98 108 99 74 101 39 100 103 10 15 91 16 66 80 57 76 89 40 48 72 50 73 34 4 14 64 84 33 78 36 69 82 68 94 109 83 81 45 37 44 5 51 2 32 93 70 25 42 22 59 11 20 7 35 85 75 9 8 54 92 17 46 29 27 24 107 55 79 23 90 77 31 19 65 
0 97 18 21 86 96 61 63 87 62 53 43 38 1 6 88 41 30 95 3 13 105 60 104 102 26 47 12 58 56 67 49 71 28 52 106 98 108 99 74 101 39 100 103 10 15 91 16 66 80 57 76 89 40 48 72 50 73 34 4 14 64 84 33 78 36 69 82 68 94 109 83 81 45 37 44 5 51 2 32 93 70 25 42 22 59 11 20 7 35 85 75 9 8 54 92 17 46 29 27 24 107 55 79 23 90 77 31 19 65 
0 97 18 21 86 96 61 63 87 62 53 43 38 1 6 88 41 30 95 3 13 105 60 104 102 26 47 12 58 56 67 49 71 28 52 106 98 108 99 74 101 39 100 103 10 15 91 16 66 80 57 76 89 40 48 72 50 73 34 4 14 64 84 33 78 36 69 82 68 94 109 83 81 45 37 44 5 51 2 32 93 70 25 42 22 59 11 20 7 35 85 75 9 8 54 92 17 46 29 27 24 107 55 79 23 90 77 31 19 65 
0 97 18 21 86 96 61 63 87 62 53 43 38 1 6 88 41 30 95 3 13 105 60 104 102 26 47 12 58 56 67 49 71 28 52 106 98 108 99 74 101 39 100 103 10 15 91 16 66 80 57 76 89 40 48 72 50 73 34 4 14 64 84 33 78 36 69 82 68 94 109 83 81 45 37 44 5 51 2 32 93 70 25 42 22 59 11 20 7 35 85 75 9 8 54 92 17 46 29 27 24 107 55 79 23 90 77 31 19 65 
0 97 18 21 86 96 61 63 87 62 53 43 38 1 6 88 41 30 95 3 13 105 60 104 102 26 47 12 58 56 67 49 71 28 52 106 98 108 99 74 101 39 100 103 10 15 91 16 66 80 57 76 89 40 48 72 50 73 34 4 14 64 84 33 78 36 69 82 68 94 109 83 81 45 37 44 5 51 2 32 93 70 25 42 22 59 11 20 7 35 85 75 9 8 54 92 17 46 29 27 24 107 55 79 23 90 77 31 19 65 
0 97 18 21 86 96 61 63 87 62 53 43 38 1 6 88 41 30 95 3 13 105 60 104 102 26 47 12 58 56 67 49 71 28 52 106 98 108 99 74 101 39 100 103 10 15 91 16 66 80 57 76 89 40 48 72 50 73 34 4 14 64 84 33 78 36 69 82 68 94 109 83 81 45 37 44 5 51 2 32 93 70 25 42 22 59 11 20 7 35 85 75 9 8 54 92 17 46 29 27 24 107 55 79 23 90 77 31 19 65 
0 97 18 21 86 96 61 63 87 62 53 43 38 1 6 88 41 30 95 3 13 105 60 104 102 26 47 12 58 56 67 49 71 28 52 106 98 108 99 74 101 39 100 103 10 15 91 16 66 80 57 76 89 40 48 72 50 73 34 4 14 64 84 33 78 36 69 82 68 94 109 83 81 45 37 44 5 51 2 32 93 70 25 42 22 59 11 20 7 35 85 75 9 8 54 92 17 46 29 27 24 107 55 79 23 90 77 31 19 65 
0 97 18 21 86 96 61 63 87 62 53 43 38 1 6 88 41 30 95 3 13 105 60 104 102 26 47 12 58 56 67 49 71 28 52 106 98 108 99 74 101 39 100 103 10 15 91 16 66 80 57 76 89 40 48 72 50 73 34 4 14 64 84 33 78 36 69 82 68 94 109 83 81 45 37 44 5 51 2 32 93 70 25 42 22 59 11 20 7 35 85 75 9 8 54 92 17 46 29 27 24 107 55 79 23 90 77 31 19 65 
0 97 18 21 86 96 61 63 87 62 53 43 38 1 6 88 41 30 95 3 13 105 60 104 102 26 47 12 58 56 67 49 71 28 52 106 98 108 99 74 101 39 100 103 10 15 91 16 66 80 57 76 89 40 48 72 50 73 34 4 14 64 84 33 78 36 69 82 68 94 109 83 81 45 37 44 5 51 2 32 93 70 25 42 22 59 11 20 7 35 85 75 9 8 54 92 17 46 29 27 24 107 55 79 23 90 77 31 19 65 
0 97 18 21 86 96 61 63 87 62 53 43 38 1 6 88 41 30 95 3 13 105 60 104 102 26 47 12 58 56 67 49 71 28 52 106 98 108 99 74 101 39 100 103 10 15 91 16 66 80 57 76 89 40 48 72 50 73 34 4 14 64 84 33 78 36 69 82 68 94 109 83 81 45 37 44 5 51 2 32 93 70 25 42 22 59 11 20 7 35 85 75 9 8 54 92 17 46 29 27 24 107 55 79 23 90 77 31 19 65 
0 97 18 21 86 96 61 63 87 62 53 43 38 1 6 88 41 30 95 3 13 105 60 104 102 26 47 12 58 56 67 49 71 28 52 106 98 108 99 74 101 39 100 103 10 15 91 16 66 80 57 76 89 40 48 72 50 73 34 4 14 64 84 33 78 36 69 82 68 94 109 83 81 45 37 44 5 51 2 32 93 70 25 42 22 59 11 20 7 35 85 75 9 8 54 92 17 46 29 27 24 107 55 79 23 90 77 31 19 65 
0 97 18 21 86 96 61 63 87 62 53 43 38 1 6 88 41 30 95 3 13 105 60 104 102 26 47 12 58 56 67 49 71 28 52 106 98 108 99 74 101 39 100 103 10 15 91 16 66 80 57 76 89 40 48 72 50 73 34 4 14 64 84 33 78 36 69 82 68 94 109 83 81 45 37 44 5 51 2 32 93 70 25 42 22 59 11 20 7 35 85 75 9 8 54 92 17 46 29 27 24 107 55 79 23 90 77 31 19 65 
0 97 18 21 86 96 61 63 87 62 53 43 38 1 6 88 41 30 95 3 13 105 60 104 102 26 47 12 58 56 67 49 71 28 52 106 98 108 99 74 101 39 100 103 10 15 91 16 66 80 57 76 89 40 48 72 50 73 34 4 14 64 84 33 78 36 69 82 68 94 109 83 81 45 37 44 5 51 2 32 93 70 25 42 22 59 11 20 7 35 85 75 9 8 54 92 17 46 29 27 24 107 55 79 23 90 77 31 19 65 
0 97 18 21 86 96 61 63 87 62 53 43 38 1 6 88 41 30 95 3 13 105 60 104 102 26 47 12 58 56 67 49 71 28 52 106 98 108 99 74 101 39 100 103 10 15 91 16 66 80 57 76 89 40 48 72 50 73 34 4 14 64 84 33 78 36 69 82 68 94 109 83 81 45 37 44 5 51 2 32 93 70 25 42 22 59 11 20 7 35 85 75 9 8 54 92 17 46 29 27 24 107 55 79 23 90 77 31 19 65 
0 97 18 21 86 96 61 63 87 62 53 43 38 1 6 88 41 30 95 3 13 105 60 104 102 26 47 12 58 56 67 49 71 28 52 106 98 108 99 74 101 39 100 103 10 15 91 16 66 80 57 76 89 40 48 72 50 73 34 4 14 64 84 33 78 36 69 82 68 94 109 83 81 45 37 44 5 51 2 32 93 70 25 42 22 59 11 20 7 35 85 75 9 8 54 92 17 46 29 27 24 107 55 79 23 90 77 31 19 65 
0 97 18 21 86 96 61 63 87 62 53 43 38 1 6 88 41 30 95 3 13 105 60 104 102 26 47 12 58 56 67 49 71 28 52 106 98 108 99 74 101 39 100 103 10 15 91 16 66 80 57 76 89 40 48 72 50 73 34 4 14 64 84 33 78 36 69 82 68 94 109 83 81 45 37 44 5 51 2 32 93 70 25 42 22 59 11 20 7 35 85 75 9 8 54 92 17 46 29 27 24 107 55 79 23 90 77 31 19 65 
0 97 18 21 86 96 61 63 87 62 53 43 38 1 6 88 41 30 95 3 13 105 60 104 102 26 47 12 58 56 67 49 71 28 52 106 98 108 99 74 101 39 100 103 10 15 91 16 66 80 57 76 89 40 48 72 50 73 34 4 14 64 84 33 78 36 69 82 68 94 109 83 81 45 37 44 5 51 2 32 93 70 25 42 22 59 11 20 7 35 85 75 9 8 54 92 17 46 29 27 24 107 55 79 23 90 77 31 19 65 
0 97 18 21 86 96 61 63 87 62 53 43 38 1 6 88 41 30 95 3 13 105 60 104 102 26 47 12 58 56 67 49 71 28 52 106 98 108 99 74 101 39 100 103 10 15 91 16 66 80 57 76 89 40 48 72 50 73 34 4 14 64 84 33 78 36 69 82 68 94 109 83 81 45 37 44 5 51 2 32 93 70 25 42 22 59 11 20 7 35 85 75 9 8 54 92 17 46 29 27 24 107 55 79 23 90 77 31 19 65 
0 97 18 21 86 96 61 63 87 62 53 43 38 1 6 88 41 30 95 3 13 105 60 104 102 26 47 12 58 56 67 49 71 28 52 106 98 108 99 74 101 39 100 103 10 15 91 16 66 80 57 76 89 40 48 72 50 73 34 4 14 64 84 33 78 36 69 82 68 94 109 83 81 45 37 44 5 51 2 32 93 70 25 42 22 59 11 20 7 35 85 75 9 8 54 92 17 46 29 27 24 107 55 79 23 90 77 31 19 65 
0 97 18 21 86 96 61 63 87 62 53 43 38 1 6 88 41 30 95 3 13 105 60 104 102 26 47 12 58 56 67 49 71 28 52 106 98 108 99 74 101 39 100 103 10 15 91 16 66 80 57 76 89 40 48 72 50 73 34 4 14 64 84 33 78 36 69 82 68 94 109 83 81 45 37 44 5 51 2 32 93 70 25 42 22 59 11 20 7 35 85 75 9 8 54 92 17 46 29 27 24 107 55 79 23 90 77 31 19 65 
0 97 18 21 86 96 61 63 87 62 53 43 38 1 6 88 41 30 95 3 13 105 60 104 102 26 47 12 58 56 67 49 71 28 52 106 98 108 99 74 101 39 100 103 10 15 91 16 66 80 57 76 89 40 48 72 50 73 34 4 14 64 84 33 78 36 69 82 68 94 109 83 81 45 37 44 5 51 2 32 93 70 25 42 22 59 11 20 7 35 85 75 9 8 54 92 17 46 29 27 24 107 55 79 23 90 77 31 19 65 
0 97 18 21 86 96 61 63 87 62 53 43 38 1 6 88 41 30 95 3 13 105 60 104 102 26 47 12 58 56 67 49 71 28 52 106 98 108 99 74 101 39 100 103 10 15 91 16 66 80 57 76 89 40 48 72 50 73 34 4 14 64 84 33 78 36 69 82 68 94 109 83 81 45 37 44 5 51 2 32 93 70 25 42 22 59 11 20 7 35 85 75 9 8 54 92 17 46 29 27 24 107 55 79 23 90 77 31 19 65 
0 97 18 21 86 96 61 63 87 62 53 43 38 1 6 88 41 30 95 3 13 105 60 104 102 26 47 12 58 56 67 49 71 28 52 106 98 108 99 74 101 39 100 103 10 15 91 16 66 80 57 76 89 40 48 72 50 73 34 4 14 64 84 33 78 36 69 82 68 94 109 83 81 45 37 44 5 51 2 32 93 70 25 42 22 59 11 20 7 35 85 75 9 8 54 92 17 46 29 27 24 107 55 79 23 90 77 31 19 65 
0 97 18 21 86 96 61 63 87 62 53 43 38 1 6 88 41 30 95 3 13 105 60 104 102 26 47 12 58 56 67 49 71 28 52 106 98 108 99 74 101 39 100 103 10 15 91 16 66 80 57 76 89 40 48 72 50 73 34 4 14 64 84 33 78 36 69 82 68 94 109 83 81 45 37 44 5 51 2 32 93 70 25 42 22 59 11 20 7 35 85 75 9 8 54 92 17 46 29 27 24 107 55 79 23 90 77 31 19 65 
0 97 18 21 86 96 61 63 87 62 53 43 38 1 6 88 41 30 95 3 13 105 60 104 102 26 47 12 58 56 67 49 71 28 52 106 98 108 99 74 101 39 100 103 10 15 91 16 66 80 57 76 89 40 48 72 50 73 34 4 14 64 84 33 78 36 69 82 68 94 109 83 81 45 37 44 5 51 2 32 93 70 25 42 22 59 11 20 7 35 85 75 9 8 54 92 17 46 29 27 24 107 55 79 23 90 77 31 19 65 
0 97 18 21 86 96 61 63 87 62 53 43 38 1 6 88 41 30 95 3 13 105 60 104 102 26 47 12 58 56 67 49 71 28 52 106 98 108 99 74 101 39 100 103 10 15 91 16 66 80 57 76 89 40 48 72 50 73 34 4 14 64 84 33 78 36 69 82 68 94 109 83 81 45 37 44 5 51 2 32 93 70 25 42 22 59 11 20 7 35 85 75 9 8 54 92 17 46 29 27 24 107 55 79 23 90 77 31 19 65 
0 97 18 21 86 96 61 63 87 62 53 43 38 1 6 88 41 30 95 3 13 105 60 104 102 26 47 12 58 56 67 49 71 28 52 106 98 108 99 74 101 39 100 103 10 15 91 16 66 80 57 76 89 40 48 72 50 73 34 4 14 64 84 33 78 36 69 82 68 94 109 83 81 45 37 44 5 51 2 32 93 70 25 42 22 59 11 20 7 35 85 75 9 8 54 92 17 46 29 27 24 107 55 79 23 90 77 31 19 65 
0 97 18 21 86 96 61 63 87 62 53 43 38 1 6 88 41 30 95 3 13 105 60 104 102 26 47 12 58 56 67 49 71 28 52 106 98 108 99 74 101 39 100 103 10 15 91 16 66 80 57 76 89 40 48 72 50 73 34 4 14 64 84 33 78 36 69 82 68 94 109 83 81 45 37 44 5 51 2 32 93 70 25 42 22 59 11 20 7 35 85 75 9 8 54 92 17 46 29 27 24 107 55 79 23 90 77 31 19 65 
0 97 18 21 86 96 61 63 87 62 53 43 38 1 6 88 41 30 95 3 13 105 60 104 102 26 47 12 58 56 67 49 71 28 52 106 98 108 99 74 101 39 100 103 10 15 91 16 66 80 57 76 89 40 48 72 50 73 34 4 14 64 84 33 78 36 69 82 68 94 109 83 81 45 37 44 5 51 2 32 93 70 25 42 22 59 11 20 7 35 85 75 9 8 54 92 17 46 29 27 24 107 55 79 23 90 77 31 19 65 
0 97 18 21 86 96 61 63 87 62 53 43 38 1 6 88 41 30 95 3 13 105 60 104 102 26 47 12 58 56 67 49 71 28 52 106 98 108 99 74 101 39 100 103 10 15 91 16 66 80 57 76 89 40 48 72 50 73 34 4 14 64 84 33 78 36 69 82 68 94 109 83 81 45 37 44 5 51 2 32 93 70 25 42 22 59 11 20 7 35 85 75 9 8 54 92 17 46 29 27 24 107 55 79 23 90 77 31 19 65 
0 97 18 21 86 96 61 63 87 62 53 43 38 1 6 88 41 30 95 3 13 105 60 104 102 26 47 12 58 56 67 49 71 28 52 106 98 108 99 74 101 39 100 103 10 15 91 16 66 80 57 76 89 40 48 72 50 73 34 4 14 64 84 33 78 36 69 82 68 94 109 83 81 45 37 44 5 51 2 32 93 70 25 42 22 59 11 20 7 35 85 75 9 8 54 92 17 46 29 27 24 107 55 79 23 90 77 31 19 65 
0 97 18 21 86 96 61 63 87 62 53 43 38 1 6 88 41 30 95 3 13 105 60 104 102 26 47 12 58 56 67 49 71 28 52 106 98 108 99 74 101 39 100 103 10 15 91 16 66 80 57 76 89 40 48 72 50 73 34 4 14 64 84 33 78 36 69 82 68 94 109 83 81 45 37 44 5 51 2 32 93 70 25 42 22 59 11 20 7 35 85 75 9 8 54 92 17 46 29 27 24 107 55 79 23 90 77 31 19 65 
0 97 18 21 86 96 61 63 87 62 53 43 38 1 6 88 41 30 95 3 13 105 60 104 102 26 47 12 58 56 67 49 71 28 52 106 98 108 99 74 101 39 100 103 10 15 91 16 66 80 57 76 89 40 48 72 50 73 34 4 14 64 84 33 78 36 69 82 68 94 109 83 81 45 37 44 5 51 2 32 93 70 25 42 22 59 11 20 7 35 85 75 9 8 54 92 17 46 29 27 24 107 55 79 23 90 77 31 19 65 
0 97 18 21 86 96 61 63 87 62 53 43 38 1 6 88 41 30 95 3 13 105 60 104 102 26 47 12 58 56 67 49 71 28 52 106 98 108 99 74 101 39 100 103 10 15 91 16 66 80 57 76 89 40 48 72 50 73 34 4 14 64 84 33 78 36 69 82 68 94 109 83 81 45 37 44 5 51 2 32 93 70 25 42 22 59 11 20 7 35 85 75 9 8 54 92 17 46 29 27 24 107 55 79 23 90 77 31 19 65 
0 97 18 21 86 96 61 63 87 62 53 43 38 1 6 88 41 30 95 3 13 105 60 104 102 26 47 12 58 56 67 49 71 28 52 106 98 108 99 74 101 39 100 103 10 15 91 16 66 80 57 76 89 40 48 72 50 73 34 4 14 64 84 33 78 36 69 82 68 94 109 83 81 45 37 44 5 51 2 32 93 70 25 42 22 59 11 20 7 35 85 75 9 8 54 92 17 46 29 27 24 107 55 79 23 90 77 31 19 65 
0 97 18 21 86 96 61 63 87 62 53 43 38 1 6 88 41 30 95 3 13 105 60 104 102 26 47 12 58 56 67 49 71 28 52 106 98 108 99 74 101 39 100 103 10 15 91 16 66 80 57 76 89 40 48 72 50 73 34 4 14 64 84 33 78 36 69 82 68 94 109 83 81 45 37 44 5 51 2 32 93 70 25 42 22 59 11 20 7 35 85 75 9 8 54 92 17 46 29 27 24 107 55 79 23 90 77 31 19 65 
0 97 18 21 86 96 61 63 87 62 53 43 38 1 6 88 41 30 95 3 13 105 60 104 102 26 47 12 58 56 67 49 71 28 52 106 98 108 99 74 101 39 100 103 10 15 91 16 66 80 57 76 89 40 48 72 50 73 34 4 14 64 84 33 78 36 69 82 68 94 109 83 81 45 37 44 5 51 2 32 93 70 25 42 22 59 11 20 7 35 85 75 9 8 54 92 17 46 29 27 24 107 55 79 23 90 77 31 19 65 
0 97 18 21 86 96 61 63 87 62 53 43 38 1 6 88 41 30 95 3 13 105 60 104 102 26 47 12 58 56 67 49 71 28 52 106 98 108 99 74 101 39 100 103 10 15 91 16 66 80 57 76 89 40 48 72 50 73 34 4 14 64 84 33 78 36 69 82 68 94 109 83 81 45 37 44 5 51 2 32 93 70 25 42 22 59 11 20 7 35 85 75 9 8 54 92 17 46 29 27 24 107 55 79 23 90 77 31 19 65 
0 97 18 21 86 96 61 63 87 62 53 43 38 1 6 88 41 30 95 3 13 105 60 104 102 26 47 12 58 56 67 49 71 28 52 106 98 108 99 74 101 39 100 103 10 15 91 16 66 80 57 76 89 40 48 72 50 73 34 4 14 64 84 33 78 36 69 82 68 94 109 83 81 45 37 44 5 51 2 32 93 70 25 42 22 59 11 20 7 35 85 75 9 8 54 92 17 46 29 27 24 107 55 79 23 90 77 31 19 65 
0 97 18 21 86 96 61 63 87 62 53 43 38 1 6 88 41 30 95 3 13 105 60 104 102 26 47 12 58 56 67 49 71 28 52 106 98 108 99 74 101 39 100 103 10 15 91 16 66 80 57 76 89 40 48 72 50 73 34 4 14 64 84 33 78 36 69 82 68 94 109 83 81 45 37 44 5 51 2 32 93 70 25 42 22 59 11 20 7 35 85 75 9 8 54 92 17 46 29 27 24 107 55 79 23 90 77 31 19 65 
0 97 18 21 86 96 61 63 87 62 53 43 38 1 6 88 41 30 95 3 13 105 60 104 102 26 47 12 58 56 67 49 71 28 52 106 98 108 99 74 101 39 100 103 10 15 91 16 66 80 57 76 89 40 48 72 50 73 34 4 14 64 84 33 78 36 69 82 68 94 109 83 81 45 37 44 5 51 2 32 93 70 25 42 22 59 11 20 7 35 85 75 9 8 54 92 17 46 29 27 24 107 55 79 23 90 77 31 19 65 
0 97 18 21 86 96 61 63 87 62 53 43 38 1 6 88 41 30 95 3 13 105 60 104 102 26 47 12 58 56 67 49 71 28 52 106 98 108 99 74 101 39 100 103 10 15 91 16 66 80 57 76 89 40 48 72 50 73 34 4 14 64 84 33 78 36 69 82 68 94 109 83 81 45 37 44 5 51 2 32 93 70 25 42 22 59 11 20 7 35 85 75 9 8 54 92 17 46 29 27 24 107 55 79 23 90 77 31 19 65 
0 97 18 21 86 96 61 63 87 62 53 43 38 1 6 88 41 30 95 3 13 105 60 104 102 26 47 12 58 56 67 49 71 28 52 106 98 108 99 74 101 39 100 103 10 15 91 16 66 80 57 76 89 40 48 72 50 73 34 4 14 64 84 33 78 36 69 82 68 94 109 83 81 45 37 44 5 51 2 32 93 70 25 42 22 59 11 20 7 35 85 75 9 8 54 92 17 46 29 27 24 107 55 79 23 90 77 31 19 65 
0 97 18 21 86 96 61 63 87 62 53 43 38 1 6 88 41 30 95 3 13 105 60 104 102 26 47 12 58 56 67 49 71 28 52 106 98 108 99 74 101 39 100 103 10 15 91 16 66 80 57 76 89 40 48 72 50 73 34 4 14 64 84 33 78 36 69 82 68 94 109 83 81 45 37 44 5 51 2 32 93 70 25 42 22 59 11 20 7 35 85 75 9 8 54 92 17 46 29 27 24 107 55 79 23 90 77 31 19 65 
0 97 18 21 86 96 61 63 87 62 53 43 38 1 6 88 41 30 95 3 13 105 60 104 102 26 47 12 58 56 67 49 71 28 52 106 98 108 99 74 101 39 100 103 10 15 91 16 66 80 57 76 89 40 48 72 50 73 34 4 14 64 84 33 78 36 69 82 68 94 109 83 81 45 37 44 5 51 2 32 93 70 25 42 22 59 11 20 7 35 85 75 9 8 54 92 17 46 29 27 24 107 55 79 23 90 77 31 19 65 
0 97 18 21 86 96 61 63 87 62 53 43 38 1 6 88 41 30 95 3 13 105 60 104 102 26 47 12 58 56 67 49 71 28 52 106 98 108 99 74 101 39 100 103 10 15 91 16 66 80 57 76 89 40 48 72 50 73 34 4 14 64 84 33 78 36 69 82 68 94 109 83 81 45 37 44 5 51 2 32 93 70 25 42 22 59 11 20 7 35 85 75 9 8 54 92 17 46 29 27 24 107 55 79 23 90 77 31 19 65 
0 97 18 21 86 96 61 63 87 62 53 43 38 1 6 88 41 30 95 3 13 105 60 104 102 26 47 12 58 56 67 49 71 28 52 106 98 108 99 74 101 39 100 103 10 15 91 16 66 80 57 76 89 40 48 72 50 73 34 4 14 64 84 33 78 36 69 82 68 94 109 83 81 45 37 44 5 51 2 32 93 70 25 42 22 59 11 20 7 35 85 75 9 8 54 92 17 46 29 27 24 107 55 79 23 90 77 31 19 65 
0 97 18 21 86 96 61 63 87 62 53 43 38 1 6 88 41 30 95 3 13 105 60 104 102 26 47 12 58 56 67 49 71 28 52 106 98 108 99 74 101 39 100 103 10 15 91 16 66 80 57 76 89 40 48 72 50 73 34 4 14 64 84 33 78 36 69 82 68 94 109 83 81 45 37 44 5 51 2 32 93 70 25 42 22 59 11 20 7 35 85 75 9 8 54 92 17 46 29 27 24 107 55 79 23 90 77 31 19 65 
0 97 18 21 86 96 61 63 87 62 53 43 38 1 6 88 41 30 95 3 13 105 60 104 102 26 47 12 58 56 67 49 71 28 52 106 98 108 99 74 101 39 100 103 10 15 91 16 66 80 57 76 89 40 48 72 50 73 34 4 14 64 84 33 78 36 69 82 68 94 109 83 81 45 37 44 5 51 2 32 93 70 25 42 22 59 11 20 7 35 85 75 9 8 54 92 17 46 29 27 24 107 55 79 23 90 77 31 19 65 
0 97 18 21 86 96 61 63 87 62 53 43 38 1 6 88 41 30 95 3 13 105 60 104 102 26 47 12 58 56 67 49 71 28 52 106 98 108 99 74 101 39 100 103 10 15 91 16 66 80 57 76 89 40 48 72 50 73 34 4 14 64 84 33 78 36 69 82 68 94 109 83 81 45 37 44 5 51 2 32 93 70 25 42 22 59 11 20 7 35 85 75 9 8 54 92 17 46 29 27 24 107 55 79 23 90 77 31 19 65 
0 97 18 21 86 96 61 63 87 62 53 43 38 1 6 88 41 30 95 3 13 105 60 104 102 26 47 12 58 56 67 49 71 28 52 106 98 108 99 74 101 39 100 103 10 15 91 16 66 80 57 76 89 40 48 72 50 73 34 4 14 64 84 33 78 36 69 82 68 94 109 83 81 45 37 44 5 51 2 32 93 70 25 42 22 59 11 20 7 35 85 75 9 8 54 92 17 46 29 27 24 107 55 79 23 90 77 31 19 65 
0 97 18 21 86 96 61 63 87 62 53 43 38 1 6 88 41 30 95 3 13 105 60 104 102 26 47 12 58 56 67 49 71 28 52 106 98 108 99 74 101 39 100 103 10 15 91 16 66 80 57 76 89 40 48 72 50 73 34 4 14 64 84 33 78 36 69 82 68 94 109 83 81 45 37 44 5 51 2 32 93 70 25 42 22 59 11 20 7 35 85 75 9 8 54 92 17 46 29 27 24 107 55 79 23 90 77 31 19 65 
0 97 18 21 86 96 61 63 87 62 53 43 38 1 6 88 41 30 95 3 13 105 60 104 102 26 47 12 58 56 67 49 71 28 52 106 98 108 99 74 101 39 100 103 10 15 91 16 66 80 57 76 89 40 48 72 50 73 34 4 14 64 84 33 78 36 69 82 68 94 109 83 81 45 37 44 5 51 2 32 93 70 25 42 22 59 11 20 7 35 85 75 9 8 54 92 17 46 29 27 24 107 55 79 23 90 77 31 19 65 
0 97 18 21 86 96 61 63 87 62 53 43 38 1 6 88 41 30 95 3 13 105 60 104 102 26 47 12 58 56 67 49 71 28 52 106 98 108 99 74 101 39 100 103 10 15 91 16 66 80 57 76 89 40 48 72 50 73 34 4 14 64 84 33 78 36 69 82 68 94 109 83 81 45 37 44 5 51 2 32 93 70 25 42 22 59 11 20 7 35 85 75 9 8 54 92 17 46 29 27 24 107 55 79 23 90 77 31 19 65 
0 97 18 21 86 96 61 63 87 62 53 43 38 1 6 88 41 30 95 3 13 105 60 104 102 26 47 12 58 56 67 49 71 28 52 106 98 108 99 74 101 39 100 103 10 15 91 16 66 80 57 76 89 40 48 72 50 73 34 4 14 64 84 33 78 36 69 82 68 94 109 83 81 45 37 44 5 51 2 32 93 70 25 42 22 59 11 20 7 35 85 75 9 8 54 92 17 46 29 27 24 107 55 79 23 90 77 31 19 65 
0 97 18 21 86 96 61 63 87 62 53 43 38 1 6 88 41 30 95 3 13 105 60 104 102 26 47 12 58 56 67 49 71 28 52 106 98 108 99 74 101 39 100 103 10 15 91 16 66 80 57 76 89 40 48 72 50 73 34 4 14 64 84 33 78 36 69 82 68 94 109 83 81 45 37 44 5 51 2 32 93 70 25 42 22 59 11 20 7 35 85 75 9 8 54 92 17 46 29 27 24 107 55 79 23 90 77 31 19 65 
0 97 18 21 86 96 61 63 87 62 53 43 38 1 6 88 41 30 95 3 13 105 60 104 102 26 47 12 58 56 67 49 71 28 52 106 98 108 99 74 101 39 100 103 10 15 91 16 66 80 57 76 89 40 48 72 50 73 34 4 14 64 84 33 78 36 69 82 68 94 109 83 81 45 37 44 5 51 2 32 93 70 25 42 22 59 11 20 7 35 85 75 9 8 54 92 17 46 29 27 24 107 55 79 23 90 77 31 19 65 
0 97 18 21 86 96 61 63 87 62 53 43 38 1 6 88 41 30 95 3 13 105 60 104 102 26 47 12 58 56 67 49 71 28 52 106 98 108 99 74 101 39 100 103 10 15 91 16 66 80 57 76 89 40 48 72 50 73 34 4 14 64 84 33 78 36 69 82 68 94 109 83 81 45 37 44 5 51 2 32 93 70 25 42 22 59 11 20 7 35 85 75 9 8 54 92 17 46 29 27 24 107 55 79 23 90 77 31 19 65 
0 97 18 21 86 96 61 63 87 62 53 43 38 1 6 88 41 30 95 3 13 105 60 104 102 26 47 12 58 56 67 49 71 28 52 106 98 108 99 74 101 39 100 103 10 15 91 16 66 80 57 76 89 40 48 72 50 73 34 4 14 64 84 33 78 36 69 82 68 94 109 83 81 45 37 44 5 51 2 32 93 70 25 42 22 59 11 20 7 35 85 75 9 8 54 92 17 46 29 27 24 107 55 79 23 90 77 31 19 65 
0 97 18 21 86 96 61 63 87 62 53 43 38 1 6 88 41 30 95 3 13 105 60 104 102 26 47 12 58 56 67 49 71 28 52 106 98 108 99 74 101 39 100 103 10 15 91 16 66 80 57 76 89 40 48 72 50 73 34 4 14 64 84 33 78 36 69 82 68 94 109 83 81 45 37 44 5 51 2 32 93 70 25 42 22 59 11 20 7 35 85 75 9 8 54 92 17 46 29 27 24 107 55 79 23 90 77 31 19 65 
0 97 18 21 86 96 61 63 87 62 53 43 38 1 6 88 41 30 95 3 13 105 60 104 102 26 47 12 58 56 67 49 71 28 52 106 98 108 99 74 101 39 100 103 10 15 91 16 66 80 57 76 89 40 48 72 50 73 34 4 14 64 84 33 78 36 69 82 68 94 109 83 81 45 37 44 5 51 2 32 93 70 25 42 22 59 11 20 7 35 85 75 9 8 54 92 17 46 29 27 24 107 55 79 23 90 77 31 19 65 
0 97 18 21 86 96 61 63 87 62 53 43 38 1 6 88 41 30 95 3 13 105 60 104 102 26 47 12 58 56 67 49 71 28 52 106 98 108 99 74 101 39 100 103 10 15 91 16 66 80 57 76 89 40 48 72 50 73 34 4 14 64 84 33 78 36 69 82 68 94 109 83 81 45 37 44 5 51 2 32 93 70 25 42 22 59 11 20 7 35 85 75 9 8 54 92 17 46 29 27 24 107 55 79 23 90 77 31 19 65 
0 97 18 21 86 96 61 63 87 62 53 43 38 1 6 88 41 30 95 3 13 105 60 104 102 26 47 12 58 56 67 49 71 28 52 106 98 108 99 74 101 39 100 103 10 15 91 16 66 80 57 76 89 40 48 72 50 73 34 4 14 64 84 33 78 36 69 82 68 94 109 83 81 45 37 44 5 51 2 32 93 70 25 42 22 59 11 20 7 35 85 75 9 8 54 92 17 46 29 27 24 107 55 79 23 90 77 31 19 65 
0 97 18 21 86 96 61 63 87 62 53 43 38 1 6 88 41 30 95 3 13 105 60 104 102 26 47 12 58 56 67 49 71 28 52 106 98 108 99 74 101 39 100 103 10 15 91 16 66 80 57 76 89 40 48 72 50 73 34 4 14 64 84 33 78 36 69 82 68 94 109 83 81 45 37 44 5 51 2 32 93 70 25 42 22 59 11 20 7 35 85 75 9 8 54 92 17 46 29 27 24 107 55 79 23 90 77 31 19 65 
0 97 18 21 86 96 61 63 87 62 53 43 38 1 6 88 41 30 95 3 13 105 60 104 102 26 47 12 58 56 67 49 71 28 52 106 98 108 99 74 101 39 100 103 10 15 91 16 66 80 57 76 89 40 48 72 50 73 34 4 14 64 84 33 78 36 69 82 68 94 109 83 81 45 37 44 5 51 2 32 93 70 25 42 22 59 11 20 7 35 85 75 9 8 54 92 17 46 29 27 24 107 55 79 23 90 77 31 19 65 
0 97 18 21 86 96 61 63 87 62 53 43 38 1 6 88 41 30 95 3 13 105 60 104 102 26 47 12 58 56 67 49 71 28 52 106 98 108 99 74 101 39 100 103 10 15 91 16 66 80 57 76 89 40 48 72 50 73 34 4 14 64 84 33 78 36 69 82 68 94 109 83 81 45 37 44 5 51 2 32 93 70 25 42 22 59 11 20 7 35 85 75 9 8 54 92 17 46 29 27 24 107 55 79 23 90 77 31 19 65 
0 97 18 21 86 96 61 63 87 62 53 43 38 1 6 88 41 30 95 3 13 105 60 104 102 26 47 12 58 56 67 49 71 28 52 106 98 108 99 74 101 39 100 103 10 15 91 16 66 80 57 76 89 40 48 72 50 73 34 4 14 64 84 33 78 36 69 82 68 94 109 83 81 45 37 44 5 32 51 2 93 70 25 42 22 59 11 20 7 35 85 75 9 8 54 92 17 46 29 27 24 107 55 79 23 90 77 31 19 65 
0 97 18 21 86 96 61 63 87 62 53 43 38 1 6 88 41 30 95 3 13 105 60 104 102 26 47 12 58 56 67 49 71 28 52 106 98 108 99 74 101 39 100 103 10 15 91 16 66 80 57 76 89 40 48 72 50 73 34 4 14 64 84 33 78 36 69 82 68 94 109 83 81 45 37 44 5 32 51 2 93 70 25 42 22 59 11 20 7 35 85 75 9 8 54 92 17 46 29 27 24 107 55 79 23 90 77 31 19 65 
0 97 18 21 86 96 61 63 87 62 53 43 38 1 6 88 41 30 95 3 13 105 60 104 102 26 47 12 58 56 67 49 71 28 52 106 98 108 99 74 101 39 100 103 10 15 91 16 66 80 57 76 89 40 48 72 50 73 34 4 14 64 84 33 78 36 69 82 68 94 109 83 81 45 37 44 5 32 51 2 93 70 25 42 22 59 11 20 7 35 85 75 9 8 54 92 17 46 29 27 24 107 55 79 23 90 77 31 19 65 
0 97 18 21 86 96 61 63 87 62 53 43 38 1 6 88 41 30 95 3 13 105 60 104 102 26 47 12 58 56 67 49 71 28 52 106 98 108 99 74 101 39 100 103 10 15 91 16 66 80 57 76 89 40 48 72 50 73 34 4 14 64 84 33 78 36 69 82 68 94 109 83 81 45 37 44 5 32 51 2 93 70 25 42 22 59 11 20 7 35 85 75 9 8 54 92 17 46 29 27 24 107 55 79 23 90 77 31 19 65 
0 97 18 21 86 96 61 63 87 62 53 43 38 1 6 88 41 30 95 3 13 105 60 104 102 26 47 12 58 56 67 49 71 28 52 106 98 108 99 74 101 39 100 103 10 15 91 16 66 80 57 76 89 40 48 72 50 73 34 4 14 64 84 33 78 36 69 82 68 94 109 83 81 45 37 44 5 32 51 2 93 70 25 42 22 59 11 20 7 35 85 75 9 8 54 92 17 46 29 27 24 107 55 79 23 90 77 31 19 65 
0 97 18 21 86 96 61 63 87 62 53 43 38 1 6 88 41 30 95 3 13 105 60 104 102 26 47 12 58 56 67 49 71 28 52 106 98 108 99 74 101 39 100 103 10 15 91 16 66 80 57 76 89 40 48 72 50 73 34 4 14 64 84 33 78 36 69 82 68 94 109 83 81 45 37 44 5 32 51 2 93 70 25 42 22 59 11 20 7 35 85 75 9 8 54 92 17 46 29 27 24 107 55 79 23 90 77 31 19 65 
0 97 18 21 86 96 61 63 87 62 53 43 38 1 6 88 41 30 95 3 13 105 60 104 102 26 47 12 58 56 67 49 71 28 52 106 98 108 99 74 101 39 100 103 10 15 91 16 66 80 57 76 89 40 48 72 50 73 34 4 14 64 84 33 78 36 69 82 68 94 109 83 81 45 37 93 5 51 2 32 44 70 25 42 22 59 11 20 7 35 85 75 9 8 54 92 17 46 29 27 24 107 55 79 23 90 77 31 19 65 
0 97 18 21 86 96 61 63 87 62 53 43 38 1 6 88 41 30 95 3 13 105 60 104 102 26 47 12 58 56 67 49 71 28 52 106 98 108 99 74 101 39 100 103 10 15 91 16 66 80 57 76 89 40 48 72 50 73 34 4 14 64 84 33 78 36 69 82 68 94 109 81 45 83 37 44 5 51 2 32 93 70 25 42 22 59 11 20 7 35 85 75 9 8 54 92 17 46 29 27 24 107 55 79 23 90 77 31 19 65 
0 97 18 21 86 96 61 63 87 62 53 43 38 1 6 88 41 30 95 3 13 105 60 104 102 26 47 12 58 56 67 49 71 28 52 106 98 108 99 74 101 39 100 103 10 15 91 16 66 80 57 76 89 40 48 72 50 73 34 4 14 64 84 33 78 36 69 82 68 94 109 83 81 45 37 44 51 5 2 32 93 70 25 42 22 59 11 20 7 35 85 75 9 8 54 92 17 46 29 27 24 107 55 79 23 90 77 31 19 65 
0 97 18 21 86 96 61 63 87 62 53 43 38 1 6 88 41 30 95 3 13 105 60 104 67 102 26 47 12 58 56 49 71 28 52 106 98 108 99 74 101 39 100 103 10 15 91 16 66 80 57 76 89 40 48 72 50 73 34 4 14 64 84 33 78 36 69 82 68 94 109 83 81 45 37 44 5 51 2 32 93 70 25 42 22 59 11 20 7 35 85 75 9 8 54 92 17 46 29 27 24 107 55 79 23 90 77 31 19 65 
0 97 18 21 86 96 61 63 87 62 53 38 43 1 6 88 41 30 95 3 13 105 60 104 102 26 47 12 58 56 67 49 71 28 52 106 98 108 99 74 101 39 100 103 10 15 91 16 66 80 57 76 89 40 48 72 50 73 34 4 14 64 84 33 78 36 69 82 68 94 109 83 81 45 37 44 5 51 2 32 93 70 25 42 22 59 11 20 7 35 85 75 9 8 54 92 17 46 29 27 24 107 55 79 23 90 77 31 19 65 
0 97 18 21 86 96 61 63 87 62 53 49 38 1 6 88 41 30 95 3 13 105 60 104 102 26 47 12 58 56 67 43 71 28 52 106 98 108 99 74 101 39 100 103 10 15 91 16 66 80 57 76 89 40 48 72 50 73 34 4 14 64 84 33 78 36 69 82 68 94 109 83 81 45 37 44 5 51 2 32 93 70 25 42 22 59 11 20 7 35 85 75 9 8 54 92 17 46 29 27 24 107 55 79 23 90 77 31 19 65 
0 97 18 21 86 96 61 63 87 62 53 43 38 1 6 88 41 30 95 3 13 105 60 104 102 26 47 12 58 56 67 49 71 28 52 106 98 108 99 74 101 39 100 103 10 15 91 16 66 80 57 76 89 40 48 72 50 73 34 4 14 64 84 33 78 36 69 82 68 94 109 83 81 45 37 44 5 51 2 32 93 70 25 42 22 59 11 20 7 35 85 29 46 17 92 54 8 9 75 27 24 107 55 79 23 90 77 31 19 65 
0 97 18 21 86 96 61 63 87 62 53 43 38 1 6 88 41 30 95 3 13 105 60 104 102 26 47 12 58 56 67 49 71 28 52 106 98 108 99 74 101 39 100 103 10 15 91 16 66 80 57 76 89 40 48 72 50 73 34 4 14 64 84 33 78 36 69 82 68 109 83 81 45 37 44 5 51 2 32 94 93 70 25 42 22 59 11 20 7 35 85 75 9 8 54 92 17 46 29 27 24 107 55 79 23 90 77 31 19 65 
0 97 18 21 86 96 61 63 87 62 53 43 38 1 6 88 41 30 95 3 13 105 60 104 102 26 47 12 52 28 71 49 67 56 58 106 98 108 99 74 101 39 100 103 10 15 91 16 66 80 57 76 89 40 48 72 50 73 34 4 14 64 84 33 78 36 69 82 68 94 109 83 81 45 37 44 5 51 2 32 93 70 25 42 22 59 11 20 7 35 85 75 9 8 54 92 17 46 29 27 24 107 55 79 23 90 77 31 19 65 
0 97 18 21 86 96 61 63 87 62 53 43 38 1 6 88 41 30 95 3 13 105 60 104 102 26 47 12 58 56 67 49 71 28 52 106 98 108 99 74 101 39 100 103 10 15 91 16 66 80 57 76 89 78 33 84 64 14 4 34 73 50 72 48 40 36 69 82 68 94 109 83 81 45 37 44 5 32 51 2 93 70 25 42 22 59 11 20 7 35 85 75 9 8 54 92 17 46 29 27 24 107 55 79 23 90 77 31 19 65 
0 97 18 21 86 96 61 63 87 62 53 43 38 1 6 88 41 30 95 3 13 105 60 104 102 26 47 12 58 15 10 103 100 39 101 74 99 108 98 106 52 28 71 49 67 56 91 16 66 80 57 76 89 40 48 72 50 73 34 4 14 64 84 33 78 36 69 82 68 94 109 83 81 45 37 44 5 51 2 32 93 70 25 42 22 59 11 20 7 35 85 75 9 8 54 92 17 46 29 27 24 107 55 79 23 90 77 31 19 65 
0 97 18 21 86 96 61 63 87 62 53 43 38 1 6 88 41 30 95 3 13 105 60 104 102 26 47 12 58 56 67 49 71 28 52 106 98 108 99 74 101 39 100 103 10 15 91 16 66 80 57 76 40 89 48 72 50 73 34 4 14 64 84 33 78 36 69 82 68 94 109 83 81 45 37 44 5 32 51 2 93 70 25 42 22 59 11 20 7 35 85 75 9 8 54 92 17 46 29 27 24 107 55 79 90 77 31 19 23 65 
0 97 18 21 86 96 61 63 87 62 53 43 38 1 6 88 41 30 95 3 13 105 60 104 102 26 47 12 58 56 49 71 28 52 106 98 108 99 74 101 39 100 103 10 15 67 91 16 66 80 57 76 89 40 48 72 50 73 34 4 14 64 84 33 78 36 69 82 68 94 109 83 81 45 37 44 5 51 2 32 93 70 25 42 22 59 11 20 7 35 85 75 9 8 54 92 17 46 29 27 24 107 55 79 23 90 77 31 19 65 
0 97 18 21 86 96 61 63 87 62 4 43 38 1 6 88 41 30 95 3 13 105 60 104 102 26 47 12 58 56 67 49 71 28 52 106 98 108 99 74 101 39 100 103 10 15 91 16 66 80 57 76 89 40 48 72 50 73 34 53 14 64 84 33 78 36 69 82 68 94 109 83 81 45 37 44 5 51 2 32 93 70 25 42 22 59 11 20 7 35 85 75 9 8 54 92 17 46 29 27 24 107 55 79 23 90 77 31 19 65 
0 97 18 21 86 96 61 63 87 62 53 43 38 1 6 88 41 30 95 3 13 105 60 104 102 26 47 12 58 56 67 49 71 28 52 106 98 108 74 101 39 100 103 10 15 91 16 99 66 80 57 76 89 40 48 72 50 73 34 4 14 64 84 33 78 36 69 82 68 94 109 83 81 45 37 44 5 51 2 32 93 70 25 42 22 59 11 20 7 35 85 75 9 8 54 92 17 46 29 27 24 107 55 79 23 90 77 31 19 65 
0 97 18 21 86 96 61 63 87 62 53 43 38 1 6 88 41 30 95 3 13 105 60 104 102 26 47 12 58 56 67 49 71 28 52 106 98 108 99 74 101 39 100 103 10 15 91 16 66 80 57 76 89 40 48 72 50 73 34 4 14 64 84 33 78 36 69 82 68 94 109 83 81 45 37 44 5 51 32 93 70 25 2 42 22 59 11 20 7 35 85 75 9 8 54 92 17 46 29 27 24 107 55 79 23 90 77 31 19 65 
0 97 18 21 86 96 61 63 87 62 53 43 38 1 6 88 41 30 95 3 13 105 60 104 102 26 47 12 58 56 67 49 71 28 52 106 98 108 99 74 101 39 100 103 10 15 91 16 66 80 57 76 89 40 48 72 50 73 34 4 14 64 84 33 78 36 69 82 68 94 109 83 81 45 37 44 5 51 2 32 93 70 25 42 22 59 11 20 7 35 85 75 9 8 54 92 17 46 29 55 24 107 27 79 23 90 77 31 19 65 
0 97 18 21 86 96 61 63 87 62 53 43 38 1 6 88 41 30 95 3 13 105 60 104 102 26 47 12 58 56 67 49 71 28 52 106 98 108 99 74 101 39 100 103 10 15 91 57 66 80 16 76 89 40 48 72 50 73 34 4 14 64 84 33 78 36 69 82 68 94 109 83 81 45 37 44 5 51 2 32 93 70 25 42 22 59 11 20 7 35 85 75 9 8 54 92 17 46 29 27 24 107 55 79 23 90 77 31 19 65 
0 97 18 21 86 96 61 63 87 62 53 43 38 1 6 88 41 30 95 3 13 105 60 104 102 26 47 12 58 56 67 49 71 28 52 106 98 108 99 74 101 39 100 103 10 15 91 16 66 80 57 76 89 40 48 72 50 73 34 4 14 64 84 33 78 36 69 82 68 94 109 83 81 37 44 5 51 2 32 93 70 25 42 22 59 11 20 7 35 45 85 75 9 8 54 92 17 46 29 27 24 107 55 79 23 90 77 31 19 65 
0 97 18 21 86 96 61 63 87 62 53 43 38 1 6 88 41 30 95 3 13 12 60 104 102 26 47 105 58 56 67 49 71 28 52 106 98 108 99 74 101 39 100 103 10 15 91 16 66 80 57 76 89 40 48 72 50 73 34 4 14 64 84 33 78 36 69 82 68 94 109 83 81 45 37 44 5 51 2 32 93 70 25 42 22 59 11 20 7 35 85 75 9 8 54 92 17 46 29 27 24 107 55 79 23 90 77 31 19 65 
0 97 18 21 86 96 61 63 87 62 14 43 38 1 6 88 41 30 95 3 13 105 60 104 102 26 47 12 58 56 67 49 71 28 52 106 98 108 99 74 101 39 100 103 10 15 91 16 66 80 57 76 89 40 48 72 50 73 34 4 53 64 84 33 78 36 69 82 68 94 109 83 81 45 37 44 5 51 2 32 93 70 25 42 22 59 11 20 7 35 85 75 9 8 54 92 17 46 29 27 24 107 55 79 23 90 77 31 19 65 
0 97 18 21 86 96 61 63 87 62 53 43 38 1 6 88 41 30 95 3 13 105 60 104 102 26 47 12 58 56 67 49 71 28 52 106 98 108 99 74 101 39 100 103 10 15 91 16 66 80 57 76 89 40 48 72 50 73 34 4 14 64 84 33 78 36 69 82 68 94 109 83 81 45 37 44 5 51 2 32 93 70 25 42 22 59 11 20 7 35 85 75 9 54 92 17 46 29 27 24 107 8 55 79 23 90 77 31 19 65 
0 97 18 21 86 96 61 63 87 62 53 43 38 1 6 88 41 30 95 3 13 105 60 104 102 26 12 58 56 67 49 71 28 52 106 98 108 99 74 101 39 100 103 10 15 91 16 66 80 57 76 89 40 48 72 50 73 34 4 14 64 47 84 33 78 36 69 82 68 94 109 83 81 45 37 44 5 51 2 32 93 70 25 42 22 59 11 20 7 35 85 75 9 8 54 92 17 46 29 27 24 107 55 79 23 90 77 31 19 65 
0 97 18 21 86 96 61 63 87 62 53 43 38 1 6 88 41 30 95 3 13 105 60 104 102 26 47 12 58 56 67 49 71 28 52 106 98 108 99 74 101 39 100 103 10 15 91 16 66 80 57 76 89 40 48 72 50 73 34 4 14 64 84 33 78 36 69 82 68 94 109 83 81 45 37 44 5 51 2 32 93 70 25 42 59 11 20 7 35 85 75 9 8 54 92 17 46 29 27 22 24 107 55 79 23 90 77 31 19 65 
0 97 18 21 86 96 61 63 87 62 53 43 38 1 6 88 41 30 95 3 13 105 60 104 102 26 47 12 58 56 67 49 71 28 52 106 98 108 99 74 101 39 100 103 10 15 91 16 66 80 57 76 89 40 48 72 50 73 34 4 14 64 84 33 78 36 69 82 68 94 109 83 81 45 37 44 5 51 2 32 93 70 25 42 22 11 20 7 35 85 75 9 8 54 92 59 17 46 29 27 24 107 55 79 23 90 77 31 19 65 
0 97 18 21 86 96 61 63 87 62 53 43 105 60 104 102 41 30 95 3 13 38 1 6 88 26 47 12 58 56 67 49 71 28 52 106 98 108 99 74 101 39 100 103 10 15 91 16 66 80 57 76 89 40 48 72 50 73 34 4 14 64 84 33 78 36 69 82 68 94 109 83 81 45 37 44 5 51 2 32 93 70 25 42 22 59 11 20 7 35 85 75 9 8 54 92 17 46 29 27 24 107 55 79 23 90 77 31 19 65 
0 97 18 21 86 96 61 63 87 62 53 43 38 1 6 88 41 30 95 3 13 105 60 104 102 26 47 12 58 56 67 49 71 28 52 106 98 108 99 74 101 39 100 103 10 15 91 16 66 80 57 76 89 40 48 72 50 73 34 4 14 64 84 33 78 36 69 82 68 94 109 83 81 45 37 44 5 51 2 32 93 70 25 42 22 59 11 24 27 29 46 17 92 54 8 9 75 85 35 7 20 107 55 79 23 90 77 31 19 65 
0 97 18 21 86 96 61 63 87 62 53 43 38 1 6 88 41 30 95 3 13 105 60 104 102 26 47 12 58 56 67 49 71 28 52 106 98 108 99 74 101 39 100 103 10 15 91 16 66 80 57 76 89 40 72 50 73 34 4 48 14 64 84 33 78 36 69 82 68 94 109 83 81 45 37 44 5 51 2 32 93 70 25 42 22 59 11 20 7 35 85 75 46 17 92 54 8 9 107 29 27 24 55 79 23 90 77 31 19 65 
0 97 18 21 86 96 61 63 87 62 53 43 38 1 6 88 41 30 95 3 13 105 60 104 102 26 47 12 58 56 67 49 71 28 52 106 48 72 50 73 34 4 14 64 84 33 78 36 69 82 68 94 109 40 98 108 99 74 101 39 100 103 10 15 91 16 66 80 57 76 89 83 81 45 37 44 5 51 2 32 93 70 25 42 22 59 11 20 7 35 85 75 9 8 54 92 17 46 29 27 24 107 55 79 23 90 77 31 19 65 
0 97 18 21 86 96 61 63 87 62 53 43 38 1 6 88 41 30 95 3 13 105 60 104 102 26 47 12 58 56 67 49 71 28 52 106 98 108 99 74 101 100 103 10 15 91 16 66 80 57 76 39 89 40 48 72 50 73 34 4 14 64 84 33 78 36 69 82 68 94 109 83 81 45 37 44 5 51 2 32 93 70 25 42 22 59 11 20 7 35 85 75 9 8 54 92 17 46 29 27 24 107 55 79 23 90 77 31 19 65 
0 97 18 21 86 96 61 63 87 62 93 32 2 51 5 44 37 45 81 83 109 94 68 82 69 36 78 33 84 64 14 4 34 73 50 72 48 40 89 76 57 80 66 16 91 15 10 103 100 39 101 74 99 108 98 106 52 28 71 49 67 56 58 12 47 26 102 104 60 105 13 3 95 30 41 88 6 1 38 43 53 70 25 42 22 59 11 20 7 35 8 9 75 85 54 92 17 46 29 27 24 107 55 79 23 90 77 31 19 65 
0 97 18 21 86 96 61 63 87 62 53 43 38 1 6 88 41 30 95 3 13 105 60 104 102 26 47 12 58 56 67 49 71 28 52 106 98 108 99 74 101 39 100 103 10 15 91 16 36 80 57 76 89 40 48 72 50 73 34 4 14 64 84 33 78 66 69 82 68 94 109 83 81 45 37 44 5 51 2 32 93 70 25 42 22 59 11 20 7 35 85 75 9 8 54 92 17 46 29 27 24 107 55 79 23 90 77 31 19 65 
0 97 18 21 86 96 61 63 87 62 53 43 38 1 6 88 41 30 95 3 13 105 60 76 57 80 66 16 91 15 10 103 100 39 101 74 99 108 98 106 52 28 71 49 67 56 58 12 47 26 102 104 89 40 48 72 50 73 34 4 14 64 84 33 78 36 69 82 68 94 109 83 81 45 37 44 5 51 2 32 93 70 25 42 22 59 11 20 7 35 85 75 9 8 54 92 17 46 29 27 24 107 55 79 23 90 77 31 19 65 
0 97 18 21 86 96 61 63 87 62 53 43 38 1 6 88 41 30 95 3 13 105 60 104 102 26 47 12 58 56 67 49 71 28 52 106 98 108 99 74 101 39 100 103 10 15 91 16 66 80 57 76 89 40 48 72 50 73 34 4 14 64 84 33 78 36 69 82 68 94 109 83 81 45 37 44 5 51 2 32 93 70 25 22 59 11 20 7 35 85 75 9 8 54 92 17 46 29 42 27 24 107 55 79 23 90 77 31 19 65 
0 97 18 21 86 96 61 63 87 62 53 43 38 1 6 88 41 30 95 3 13 105 60 104 102 26 47 12 58 56 67 49 71 28 52 106 98 108 99 91 101 39 100 103 10 15 74 16 66 80 57 76 89 40 48 72 50 73 34 4 14 64 84 33 78 36 69 82 68 94 109 83 81 45 37 44 5 51 2 32 93 70 25 42 22 59 11 20 7 35 85 75 9 8 54 92 17 46 29 27 24 107 55 79 23 90 77 31 19 65 
0 97 18 21 86 96 61 63 87 62 53 43 38 1 6 88 41 30 95 3 13 105 60 104 102 26 47 12 58 56 67 49 71 28 52 106 98 108 99 74 101 39 100 103 10 15 91 16 66 80 57 76 89 40 48 72 50 73 34 4 14 64 84 33 78 36 69 82 68 94 109 83 81 45 37 44 5 51 2 32 93 70 25 42 22 59 20 7 35 85 75 9 8 54 92 17 46 29 27 24 107 55 79 11 23 90 77 31 19 65 
0 97 18 21 86 96 61 63 87 62 53 43 38 1 6 88 41 30 95 3 13 105 60 104 102 26 47 12 58 56 67 49 71 28 52 106 98 108 99 74 101 39 100 103 15 91 16 66 80 57 76 89 40 48 72 50 73 34 4 14 64 84 33 78 36 69 82 68 10 94 109 83 81 45 37 44 5 51 2 32 93 70 25 42 22 59 11 20 7 35 85 75 9 8 54 92 17 46 29 27 24 107 55 79 23 90 77 31 19 65 
0 97 18 21 86 96 61 63 87 62 53 43 38 1 6 88 41 30 95 3 13 105 60 104 102 26 47 12 58 56 67 49 71 28 52 106 98 108 99 74 101 39 100 103 10 91 16 66 80 57 76 89 40 48 72 50 73 34 4 84 64 14 33 78 36 69 82 15 68 94 109 83 81 45 37 44 5 51 2 32 93 70 25 42 22 59 11 20 7 35 85 75 9 8 54 92 17 46 29 27 24 107 55 79 23 90 77 31 19 65 
0 97 18 21 86 96 61 63 87 62 53 43 38 1 6 88 41 30 95 3 13 105 60 104 102 26 47 12 58 56 67 49 71 28 52 106 98 108 99 74 101 39 100 103 10 15 91 16 66 80 57 76 89 40 48 72 50 73 34 4 14 84 33 78 36 69 82 68 94 109 83 81 45 37 44 5 51 2 32 93 70 64 25 42 22 59 11 20 7 35 85 75 9 8 54 92 17 46 29 27 24 107 55 79 23 90 77 31 19 65 
0 97 18 21 86 96 61 63 87 62 53 43 38 1 6 88 41 30 95 3 13 105 60 104 102 26 47 12 58 56 67 49 71 28 52 106 98 108 99 74 101 39 100 103 15 91 16 66 80 57 76 89 40 48 72 50 73 34 4 14 64 84 33 78 36 69 82 68 94 10 109 83 81 45 37 44 5 32 51 2 93 70 25 42 22 59 11 20 7 35 85 75 9 8 54 92 17 46 29 27 24 107 55 79 23 90 77 31 19 65 
0 97 18 21 86 96 61 63 87 62 53 43 38 1 6 88 41 30 95 3 13 105 60 104 102 26 47 12 58 56 67 49 71 28 52 100 39 101 74 99 108 98 106 103 10 15 91 16 66 80 57 76 89 40 48 72 50 73 34 4 14 64 84 33 78 36 69 82 68 94 109 83 81 45 37 44 5 51 2 32 93 70 25 42 22 59 11 20 7 35 85 75 9 8 54 92 17 46 29 24 107 55 79 23 90 77 27 31 19 65 
0 97 18 21 86 96 61 63 87 62 53 43 38 1 6 88 41 30 95 3 13 105 60 104 102 47 12 58 56 67 49 71 28 52 106 98 108 99 74 26 101 39 100 103 10 15 91 16 66 80 57 76 89 40 48 72 50 73 34 4 14 64 84 33 78 36 69 82 68 94 109 83 81 45 37 44 5 51 2 32 93 70 25 42 22 59 11 20 7 35 85 75 9 8 54 92 17 46 29 27 24 107 55 79 23 90 77 31 19 65 
0 97 18 21 86 96 61 63 87 62 53 43 38 1 6 88 41 30 95 3 13 105 60 104 102 26 47 12 58 56 67 49 71 28 52 106 98 108 99 74 101 40 89 76 57 80 66 16 91 15 10 103 100 39 48 72 50 73 34 4 14 64 84 33 78 36 69 82 68 94 109 83 81 45 37 44 5 51 2 32 93 70 25 42 22 59 11 20 7 35 85 75 9 8 54 92 17 46 29 27 24 107 55 79 23 90 77 31 19 65 
0 97 18 21 86 96 61 63 87 62 53 43 38 1 6 88 30 95 3 13 105 60 104 102 26 47 12 58 56 67 49 71 28 52 106 98 108 41 99 74 101 39 100 103 10 15 91 16 66 80 57 76 89 40 48 72 50 73 34 4 14 64 84 33 78 36 69 82 68 94 109 83 81 45 37 44 5 51 2 32 93 70 25 42 22 59 11 20 7 35 85 75 9 8 54 92 17 46 29 27 24 107 55 79 23 90 77 31 19 65 
0 97 18 21 86 96 61 63 87 62 53 43 38 1 6 88 41 30 95 3 13 105 60 104 102 26 47 12 58 56 67 49 71 28 52 106 98 108 99 74 101 39 100 103 10 15 91 16 66 80 57 76 89 40 48 72 50 73 34 4 14 64 84 33 78 36 69 82 94 109 83 81 45 37 44 5 51 2 32 93 70 25 42 22 59 11 20 7 35 85 68 75 9 8 54 92 17 46 29 27 24 107 55 79 23 90 77 31 19 65 
0 97 18 21 86 96 61 63 87 62 53 43 38 1 98 106 52 28 71 49 67 56 58 12 47 26 102 104 60 105 13 3 95 30 41 88 6 108 99 74 101 39 100 103 10 15 91 16 66 80 57 76 89 40 48 72 50 73 34 4 14 64 84 33 78 36 69 82 68 94 109 83 81 45 37 44 5 51 2 32 93 70 25 42 22 59 11 20 7 35 85 75 9 8 54 92 17 46 27 24 107 55 29 79 23 90 77 31 19 65 
0 97 18 21 86 96 61 63 87 62 53 43 38 1 6 88 41 30 95 3 13 105 60 104 102 26 47 12 58 56 67 49 71 28 52 106 98 108 99 74 101 45 81 83 109 94 68 82 69 36 78 33 84 64 14 4 34 73 50 72 48 40 89 76 57 80 66 16 91 15 10 103 100 39 37 44 5 51 2 32 93 70 25 42 22 59 11 20 7 35 85 75 9 8 54 92 17 46 29 27 24 107 55 79 23 90 77 31 19 65 
0 97 18 21 86 96 61 63 87 62 53 43 38 1 6 88 41 30 95 3 13 105 60 104 102 26 47 12 58 56 67 49 71 28 80 57 76 89 40 48 72 50 73 34 4 14 64 84 33 78 36 69 82 68 94 109 83 81 45 37 44 5 51 2 32 91 16 66 52 106 98 108 99 74 101 39 100 103 10 15 93 70 25 42 22 59 11 20 7 35 85 75 9 8 54 92 17 46 29 27 24 107 55 79 23 90 77 31 19 65 
0 97 18 21 86 96 61 63 87 62 53 43 38 1 6 88 41 30 95 3 13 105 60 104 102 26 47 12 58 56 67 49 71 28 52 106 98 108 99 74 101 39 100 103 10 15 91 16 66 80 57 76 89 40 48 72 50 73 34 4 14 64 84 33 78 36 69 82 68 94 109 83 81 45 37 44 5 51 2 32 93 70 25 42 22 59 11 20 7 35 85 75 9 8 54 92 46 29 27 24 107 55 79 23 90 17 77 31 19 65 
0 97 18 21 86 96 61 63 87 62 53 43 38 1 6 88 41 30 95 3 13 105 60 104 102 26 47 12 58 56 67 49 32 2 51 5 44 37 45 81 83 109 94 68 82 69 36 78 33 84 64 14 4 34 73 50 72 48 40 89 76 57 80 66 16 91 15 10 103 100 39 101 74 99 108 98 106 52 28 71 93 70 25 42 22 59 11 20 7 35 85 75 9 8 54 92 17 46 29 27 24 107 55 79 23 90 77 31 19 65 
0 97 18 21 86 96 61 63 87 62 53 43 38 1 6 88 41 30 95 3 13 105 60 104 102 26 47 12 58 56 67 49 71 28 52 106 98 108 99 74 101 39 100 103 10 15 91 16 66 80 57 76 89 40 48 72 50 73 34 4 14 64 84 33 78 36 69 82 68 94 109 83 81 45 37 44 24 5 51 2 32 93 70 25 42 22 59 11 20 7 35 85 75 9 8 54 92 17 46 29 27 107 55 79 23 90 77 31 19 65 
0 97 18 21 86 96 61 63 87 62 53 43 38 1 6 88 41 30 95 3 13 105 60 104 102 26 47 12 58 56 67 49 71 28 52 106 98 108 99 74 101 39 100 103 10 15 91 16 66 80 57 76 89 40 48 72 50 73 34 4 64 84 33 78 36 69 82 68 94 109 83 81 45 37 44 5 51 2 32 93 70 25 42 22 59 11 14 20 7 35 85 75 9 8 54 92 17 46 29 27 24 107 55 79 23 90 77 31 19 65 
0 97 18 21 86 96 61 63 87 62 53 43 33 84 64 14 4 34 73 50 72 48 40 89 76 57 80 66 16 91 15 10 103 100 39 101 74 99 108 98 106 52 28 71 49 67 56 58 12 47 26 102 104 60 105 13 3 95 30 41 88 6 1 38 78 36 69 82 68 94 109 83 81 45 37 44 5 51 2 93 70 25 42 22 59 11 20 7 32 35 85 75 9 8 54 92 17 46 29 27 24 107 55 79 23 90 77 31 19 65 
0 97 18 21 86 96 61 63 87 62 53 70 93 32 2 51 5 44 37 45 81 83 109 94 68 82 69 36 78 33 84 64 14 4 34 73 50 72 48 40 89 76 57 80 66 16 91 15 10 103 100 39 101 74 99 108 98 106 52 28 71 49 67 56 58 12 47 26 102 104 60 105 13 3 95 30 41 88 6 1 38 43 25 42 22 59 11 20 7 35 85 75 9 8 54 92 17 46 29 27 24 107 55 79 23 90 77 31 19 65 
0 97 18 21 86 96 61 63 87 62 53 43 38 1 6 88 41 30 95 3 13 105 60 104 102 26 47 12 58 56 67 49 71 28 52 106 98 108 99 74 101 39 100 103 10 15 91 16 66 80 57 76 89 40 48 72 50 73 34 4 14 64 84 33 78 36 69 82 68 94 109 83 81 45 37 44 5 51 2 32 93 25 42 22 59 11 20 7 35 85 75 9 8 54 92 17 46 29 27 24 107 55 70 79 23 90 77 31 19 65 
0 97 18 21 86 96 61 63 87 62 53 43 38 1 6 88 41 30 95 3 13 105 60 104 102 26 47 12 58 56 67 49 71 28 52 106 98 108 99 74 101 39 100 103 10 15 91 16 66 80 2 76 89 40 48 72 50 73 34 4 14 64 84 33 78 36 69 82 68 94 109 83 81 45 37 44 5 51 57 32 93 70 25 42 22 59 11 20 7 35 85 75 9 8 54 92 17 46 29 27 24 107 55 79 23 90 77 31 19 65 
0 97 18 21 86 96 61 63 87 62 53 43 38 1 6 88 41 30 95 3 13 105 60 104 15 10 103 100 39 102 26 47 12 58 56 67 49 71 28 52 106 98 108 99 74 101 91 16 66 80 57 76 89 40 48 72 50 73 34 4 14 64 84 33 78 36 69 82 68 94 109 83 81 45 37 44 5 51 2 32 93 70 25 42 22 59 11 20 7 35 85 75 9 8 54 92 17 46 29 27 24 107 55 79 23 90 77 31 19 65 
0 97 18 21 86 96 61 63 87 62 53 43 38 1 6 88 41 30 95 3 13 105 60 104 102 26 47 12 58 56 67 49 71 28 52 106 98 108 99 74 101 39 100 103 10 15 91 16 66 80 57 76 89 40 48 72 50 73 34 4 14 64 84 33 78 36 69 82 68 94 109 83 81 45 37 44 5 51 2 32 85 75 9 8 54 92 17 46 29 27 24 93 70 25 42 22 59 11 20 7 35 107 55 79 23 90 77 31 19 65 
0 97 18 21 86 96 61 63 87 62 53 43 38 1 6 88 41 30 95 3 13 105 109 94 68 82 69 36 78 33 84 64 14 4 34 73 50 72 48 40 89 76 57 80 66 16 91 15 10 103 100 39 101 74 99 108 98 106 52 28 71 49 67 56 58 12 47 26 102 104 60 83 81 45 37 44 5 51 2 32 93 70 25 42 22 59 11 20 7 35 85 75 9 8 54 92 17 46 29 27 24 107 55 79 23 90 77 31 19 65 
0 97 18 21 86 96 61 63 87 62 53 43 38 1 6 88 41 30 95 3 13 105 60 104 102 26 47 12 58 56 67 49 71 28 52 106 98 108 99 74 101 39 100 81 103 10 15 91 16 66 80 57 76 89 40 48 72 50 73 34 4 14 64 84 33 78 36 69 82 68 94 109 45 37 44 5 51 2 32 93 70 25 42 22 59 11 20 7 83 35 85 75 9 8 54 92 17 46 29 27 24 107 55 79 23 90 77 31 19 65 
0 97 18 21 86 96 61 63 87 62 53 43 38 1 6 88 41 30 95 3 13 105 60 104 102 26 47 12 58 56 67 49 71 28 52 106 98 108 99 74 101 39 100 103 10 15 91 16 66 80 57 76 89 40 48 72 50 73 34 4 14 64 84 33 78 36 69 82 68 94 109 83 81 85 75 9 8 54 92 17 46 29 27 24 107 55 79 23 90 77 45 37 44 5 51 2 32 93 70 25 42 22 59 11 20 7 35 31 19 65 
0 97 18 21 86 96 61 63 87 62 53 43 38 1 6 88 41 30 95 3 13 105 60 104 102 26 47 12 58 56 67 49 71 28 52 106 108 100 74 101 39 99 103 10 15 91 16 66 80 57 76 89 40 48 72 50 73 34 4 14 64 84 33 78 36 69 82 68 94 109 83 98 81 45 37 44 5 51 2 32 93 70 25 42 22 59 11 20 7 35 85 75 9 8 54 92 17 46 29 27 24 107 55 79 23 90 77 31 19 65 
0 97 18 21 86 96 61 63 87 62 53 43 38 1 6 88 41 30 95 3 13 105 60 104 102 26 47 12 58 56 67 49 71 28 52 106 98 108 99 74 101 39 100 103 10 15 91 16 66 80 57 76 89 40 48 72 50 73 34 4 64 84 33 78 36 69 82 68 94 109 83 81 45 37 44 5 32 51 2 93 70 25 42 22 59 11 20 7 35 14 85 75 9 8 54 92 17 46 29 27 24 107 55 79 23 90 77 31 19 65 
0 97 18 21 86 96 61 63 94 68 82 69 36 78 33 84 64 14 4 34 73 50 72 48 40 89 76 43 80 66 16 91 15 10 103 100 39 101 74 99 108 98 106 52 28 71 49 67 56 58 12 47 26 102 104 60 105 13 3 95 30 41 88 6 1 38 57 53 62 87 109 83 81 45 37 44 5 51 2 32 93 70 25 42 22 59 11 20 7 35 85 75 9 8 54 92 17 46 29 27 24 107 55 79 23 90 77 31 19 65 
0 97 18 21 86 96 61 63 87 62 32 2 51 5 44 37 45 72 81 83 109 94 68 82 69 36 78 33 84 64 14 4 34 73 50 48 40 89 76 57 80 66 16 91 15 10 103 100 39 101 74 99 108 98 106 52 28 71 49 67 56 58 12 47 26 102 104 60 105 13 3 95 30 41 88 6 1 38 43 53 93 70 25 42 22 59 11 20 7 35 85 75 9 8 54 92 17 46 29 27 24 107 55 79 23 90 77 31 19 65 
0 97 18 21 86 96 61 63 87 62 53 43 38 1 6 88 41 30 95 3 13 105 60 104 102 26 47 12 58 56 67 49 71 28 52 106 98 108 99 74 101 39 100 103 10 15 91 16 66 80 57 76 89 40 48 72 35 7 20 11 59 22 42 25 70 93 32 2 51 5 44 37 45 81 83 109 94 68 82 69 36 78 33 84 64 14 4 34 73 50 85 75 9 8 54 92 17 46 29 27 24 107 55 79 23 90 77 31 19 65 
0 97 18 21 86 96 61 63 87 62 53 43 38 1 6 88 41 30 95 3 13 48 72 50 73 34 4 12 58 56 67 49 71 28 52 106 98 108 99 74 101 39 100 103 10 15 91 16 66 80 57 76 89 40 105 60 104 102 26 47 14 64 84 33 78 36 69 82 68 94 109 83 81 45 37 44 5 51 2 32 93 70 25 42 22 59 11 20 7 35 85 75 9 8 54 92 17 46 29 27 24 107 55 79 23 90 77 31 19 65 
0 97 73 50 72 48 40 89 76 57 80 66 16 91 15 10 103 100 39 101 74 99 108 98 106 52 28 71 49 67 18 21 86 96 61 63 87 62 53 43 38 1 6 88 41 30 95 3 13 105 60 104 102 26 47 12 58 56 34 4 14 64 84 33 78 36 69 82 68 94 109 83 81 45 37 44 5 32 51 2 93 70 25 42 22 59 11 20 7 35 85 75 9 8 54 92 17 46 29 27 24 107 55 79 23 90 77 31 19 65 
0 97 18 21 86 96 61 63 87 62 2 43 38 1 6 88 41 30 95 3 13 105 60 104 102 26 47 12 58 56 67 49 71 28 52 106 98 108 99 74 101 39 100 103 10 15 91 16 66 80 57 76 89 40 48 72 50 73 34 4 14 64 84 33 78 36 69 82 68 94 109 83 81 45 37 44 5 51 53 32 93 70 25 42 22 59 11 20 7 35 85 75 9 8 54 92 17 46 29 27 24 107 55 79 23 90 77 31 19 65 
0 97 18 21 86 96 61 63 87 62 53 43 38 1 6 88 41 30 95 3 13 105 60 104 102 94 68 82 69 36 78 33 84 64 14 4 34 73 50 72 48 40 89 76 57 80 66 16 91 15 10 103 100 39 101 74 99 108 98 106 52 28 71 49 67 56 58 12 47 26 109 37 81 45 83 44 5 51 2 32 93 70 25 42 22 59 11 20 7 35 85 75 9 8 54 92 17 46 29 27 24 107 55 79 23 90 77 31 19 65 
0 97 18 21 86 96 61 63 87 62 66 43 38 1 6 88 41 30 95 3 13 105 60 104 102 47 12 58 56 67 49 71 28 52 106 98 108 99 74 101 39 100 103 10 15 91 16 53 80 57 76 89 40 48 72 50 73 34 4 14 64 84 33 78 36 69 82 68 94 26 109 83 81 45 37 44 5 51 2 32 93 70 25 42 22 59 11 20 7 35 85 75 9 8 54 92 17 46 29 27 24 107 55 79 23 90 77 31 19 65 
0 97 18 21 86 96 61 63 87 62 53 43 38 1 6 88 41 30 95 3 13 105 60 104 102 26 47 12 58 56 67 49 71 28 52 106 98 108 99 74 101 39 100 103 10 15 91 16 80 57 76 89 40 48 72 50 73 34 4 14 64 84 33 78 36 69 82 68 94 109 83 81 45 37 44 5 51 2 32 93 70 25 42 22 59 11 20 66 7 35 85 75 9 8 54 92 17 46 29 27 24 107 55 79 23 90 77 31 19 65 
0 97 18 21 86 61 63 87 62 53 43 38 1 6 88 41 30 95 3 13 105 60 104 102 26 47 12 58 56 67 49 71 28 52 106 98 108 99 74 101 39 100 103 10 15 91 16 66 80 57 76 89 40 48 72 50 73 34 4 14 64 84 33 78 36 69 82 68 94 109 83 81 45 37 44 5 51 2 32 93 70 25 42 22 59 11 20 7 35 85 75 9 8 54 92 17 46 29 27 24 107 55 79 96 23 90 77 31 19 65 
0 97 18 21 86 96 61 63 87 62 53 43 38 1 6 88 41 30 95 3 13 105 60 104 102 26 47 12 58 56 67 49 71 28 52 106 98 108 99 74 101 39 100 44 10 15 91 16 66 80 57 76 89 40 48 72 50 73 34 4 14 64 84 33 78 36 69 82 68 94 109 83 81 45 37 103 5 51 2 32 93 70 25 42 22 59 11 20 7 35 85 75 9 8 54 92 17 46 29 27 24 107 55 79 23 90 77 31 19 65 
0 97 18 21 86 96 61 63 87 62 53 43 38 1 6 88 41 30 95 3 13 105 60 104 102 26 47 12 58 56 67 49 71 28 52 106 98 108 99 74 101 39 100 103 10 15 91 16 66 80 57 76 89 40 48 72 50 73 34 4 14 64 84 33 78 36 69 82 68 94 83 81 45 37 44 5 51 2 32 93 70 25 42 22 59 11 20 7 35 85 75 9 8 54 92 17 46 29 27 24 107 55 79 23 109 90 77 31 19 65 
0 97 18 21 86 96 61 63 87 62 53 43 38 1 6 88 41 30 95 3 13 105 60 104 102 26 47 12 58 56 67 49 71 28 52 106 98 108 99 74 101 39 100 103 10 15 91 16 66 80 57 76 89 40 48 72 50 73 32 2 51 5 44 37 45 81 83 109 94 68 82 69 36 78 33 84 64 14 4 34 93 70 25 42 22 59 11 20 7 35 85 79 17 92 54 8 9 75 46 29 27 24 107 55 23 90 77 31 19 65 
0 97 18 21 86 96 61 63 87 62 53 43 38 33 6 88 41 30 95 3 13 105 60 104 102 26 47 12 58 56 67 49 71 28 52 106 98 108 99 74 101 39 100 103 10 15 91 16 66 80 57 76 89 40 48 72 50 73 34 4 14 64 84 1 78 36 69 82 68 94 109 83 81 45 37 44 5 51 2 32 93 70 25 42 22 59 11 20 7 35 85 75 9 8 54 92 17 46 29 27 24 107 55 79 23 90 77 31 19 65 
0 97 18 21 86 96 61 63 87 62 83 43 38 1 6 88 41 30 95 3 13 105 60 104 102 26 47 12 58 56 73 50 72 48 40 89 76 57 80 66 16 91 15 10 103 100 39 101 74 99 108 98 106 52 28 71 49 67 34 4 14 64 84 33 78 36 69 82 68 94 109 53 81 45 37 44 5 32 51 2 93 70 25 42 22 59 11 20 7 35 85 75 9 8 54 92 17 46 29 27 24 107 55 79 23 90 77 31 19 65 
0 97 18 21 86 96 61 63 87 62 53 43 38 1 6 88 41 30 95 3 13 105 60 104 102 26 47 12 58 56 67 49 71 28 52 106 98 108 99 74 101 39 100 103 10 15 91 16 66 80 57 76 89 40 48 72 50 73 34 4 14 64 84 33 78 36 69 82 68 94 109 83 81 45 75 85 35 7 20 59 22 42 25 70 93 32 2 51 5 44 37 9 8 54 92 17 46 29 27 24 107 55 79 23 11 90 77 31 19 65 
0 97 18 21 86 96 61 63 87 62 53 43 38 1 6 88 41 30 95 3 13 105 60 104 102 26 47 12 58 56 67 49 71 28 52 106 98 108 99 74 101 39 100 103 10 15 91 16 66 80 57 76 89 40 48 72 50 73 34 4 14 64 84 33 78 36 69 82 68 94 109 83 81 45 37 44 5 51 2 32 93 70 25 42 22 59 11 20 7 35 77 75 9 8 54 92 17 46 29 27 24 107 55 79 23 90 85 31 19 65 
0 97 18 21 86 96 61 63 87 62 53 43 38 1 6 88 41 30 95 3 13 105 60 104 102 26 47 12 58 56 67 49 71 28 52 106 98 108 99 74 101 39 100 103 10 15 91 16 66 80 57 76 89 40 48 72 50 73 34 4 14 64 84 33 78 36 69 82 68 94 109 83 81 45 37 44 5 51 2 32 93 70 25 42 22 59 11 20 7 35 77 75 9 8 54 92 17 46 29 27 24 107 55 79 23 90 85 31 19 65 
0 97 18 21 86 96 61 63 87 62 53 43 38 1 6 88 41 30 95 3 13 105 60 104 102 26 47 12 58 56 67 49 71 28 52 106 98 108 99 74 101 39 100 103 10 15 91 16 66 80 57 76 89 40 48 72 50 73 34 14 64 84 33 78 36 69 82 68 94 109 83 81 45 37 44 5 51 2 32 93 70 25 42 22 59 11 20 7 35 85 75 9 8 54 92 17 46 29 27 24 107 55 79 4 23 90 77 31 19 65 
0 97 18 21 86 96 61 63 87 62 53 74 38 1 6 88 41 30 95 3 13 105 60 104 102 26 47 12 58 56 67 49 71 28 52 106 98 108 99 43 101 39 100 103 10 15 91 16 66 80 57 76 89 40 48 72 50 73 34 4 14 64 84 33 78 36 69 82 68 94 109 83 81 45 37 44 5 51 2 32 93 70 25 42 22 59 11 20 7 35 85 75 9 8 54 92 17 46 29 27 24 107 55 79 23 90 77 31 19 65 
0 97 18 21 86 96 61 63 87 62 53 43 38 1 6 88 41 30 95 3 13 105 60 104 102 26 47 12 58 56 14 49 71 28 52 106 98 108 99 74 101 39 100 103 10 15 91 16 66 80 57 76 89 40 48 72 50 73 34 4 67 64 84 33 78 36 69 82 68 94 109 83 81 45 37 44 5 32 51 2 93 70 25 42 22 59 11 20 85 75 9 8 54 92 17 46 29 27 24 7 35 107 55 79 23 90 77 31 19 65 
0 97 18 21 86 96 61 63 87 62 53 43 38 1 6 88 41 30 95 3 13 105 60 104 102 26 47 12 58 56 67 49 71 28 52 106 98 108 99 74 101 39 100 103 10 15 91 16 66 80 57 76 89 40 48 72 50 73 34 4 14 64 84 33 78 36 69 82 35 85 75 9 8 54 92 17 46 29 27 24 107 55 79 23 90 31 19 77 65 68 94 109 83 81 45 37 44 5 51 2 32 93 70 25 42 22 59 11 20 7 
0 24 18 21 86 96 61 63 87 62 53 43 38 1 6 88 41 30 95 3 13 105 60 104 102 26 47 12 58 56 67 49 71 28 52 106 98 108 99 74 101 39 100 103 10 15 91 16 66 80 57 76 89 40 48 72 50 73 34 4 14 64 84 33 78 36 69 82 68 94 109 83 81 45 37 44 5 51 2 32 93 70 25 42 22 59 11 20 7 35 85 75 9 8 54 92 17 46 29 27 97 107 55 79 23 90 77 31 19 65 
0 97 18 21 86 96 61 63 87 62 53 43 38 1 6 88 41 30 95 3 13 105 60 104 102 26 47 12 58 56 67 49 71 28 52 106 98 108 99 74 101 39 100 103 10 15 91 16 66 80 57 76 89 40 48 72 50 73 34 4 14 64 84 33 78 36 69 82 68 94 109 83 81 45 37 44 5 51 2 32 93 70 25 42 19 59 11 20 7 35 85 75 9 8 54 92 17 46 29 27 24 107 55 79 23 90 77 31 22 65 
0 97 18 21 86 96 61 63 87 62 53 43 38 1 6 88 41 30 95 3 13 105 60 104 102 26 47 12 58 56 67 49 71 28 52 106 98 108 99 74 101 39 100 103 10 15 91 16 66 80 57 76 89 40 48 72 50 73 34 4 14 64 84 33 78 69 82 68 94 109 83 81 45 37 44 5 51 2 32 93 70 25 42 22 59 11 20 7 35 85 75 9 8 54 92 17 46 36 29 27 24 107 55 79 23 90 77 31 19 65 
0 97 18 21 86 96 61 63 87 62 53 43 38 1 6 88 41 30 95 3 13 105 60 104 102 26 47 12 58 56 67 49 71 28 52 106 98 108 99 74 101 39 100 103 10 15 91 16 66 80 57 89 40 48 72 50 73 34 4 14 64 84 33 78 36 69 82 68 94 109 83 81 45 37 44 5 51 2 32 93 70 25 42 22 59 11 20 7 35 85 75 9 8 54 76 92 17 46 29 27 24 107 55 79 23 90 77 31 19 65 
0 97 18 21 86 96 61 63 87 62 53 43 38 1 6 88 41 30 95 3 13 105 60 104 102 26 47 12 58 56 67 49 71 28 52 106 98 108 99 74 101 39 100 103 10 15 91 16 66 80 57 76 89 40 48 72 50 73 34 4 14 64 84 33 36 69 82 68 94 109 83 81 45 37 44 5 51 2 32 93 70 25 42 22 59 11 20 7 35 85 75 9 8 54 92 17 46 29 78 27 24 107 55 79 23 90 77 31 19 65 
0 97 18 21 86 96 61 63 87 62 53 43 38 1 6 88 41 30 95 3 13 105 60 104 102 26 47 39 12 58 56 67 49 71 28 106 98 108 99 74 101 100 103 10 15 91 16 66 80 57 52 76 89 40 48 72 50 73 34 4 14 64 84 33 78 36 69 82 68 94 109 83 81 45 37 44 5 51 2 32 93 70 25 42 22 59 11 20 46 17 92 54 8 9 75 85 35 7 29 27 24 107 55 79 23 90 77 31 19 65 
0 97 18 21 86 96 61 63 87 62 53 43 38 1 6 88 41 30 3 13 105 60 104 102 26 47 12 58 56 67 49 71 28 52 106 98 108 99 74 101 39 100 103 10 15 91 16 66 80 57 76 89 40 48 72 50 73 34 4 14 64 84 33 78 36 69 82 68 94 109 83 81 45 37 44 5 51 2 32 93 95 70 25 42 22 59 11 20 7 35 85 75 9 8 54 92 17 46 29 27 24 107 55 79 23 90 77 31 19 65 
0 97 18 21 86 96 61 63 87 62 53 43 38 1 6 88 41 30 95 3 13 105 60 104 102 26 47 12 58 56 67 49 71 28 52 106 36 69 82 68 94 109 83 81 45 37 44 5 51 2 32 93 70 25 42 22 59 11 20 7 35 85 75 9 78 98 108 99 74 101 39 100 103 10 15 91 16 66 80 57 76 89 40 48 72 50 73 34 4 14 64 84 33 8 54 92 17 46 29 27 24 107 55 79 23 90 77 31 19 65 
0 97 18 21 86 96 61 63 87 62 53 43 38 1 6 88 41 30 104 3 13 105 60 95 102 26 47 12 58 56 67 49 71 28 52 106 98 108 99 74 101 39 100 103 10 15 91 16 66 80 57 76 89 40 48 72 50 73 34 4 14 64 84 33 78 36 69 82 68 94 109 83 81 45 51 5 44 37 2 32 93 70 25 42 22 59 11 20 7 35 85 75 9 54 92 17 46 29 27 24 107 55 79 23 90 8 77 31 19 65 
0 97 18 21 86 96 61 63 87 62 53 43 38 1 6 88 41 30 95 3 13 105 60 104 102 26 47 12 58 56 67 49 71 28 52 106 98 108 99 74 101 39 100 103 10 15 91 16 66 80 57 76 23 79 55 107 24 27 29 46 17 92 54 8 9 75 85 35 7 20 11 59 22 42 25 70 93 32 2 51 5 44 37 45 81 83 109 94 68 82 69 36 78 33 84 64 14 4 34 73 50 72 48 40 89 90 77 31 19 65 
0 97 18 21 86 96 61 63 87 62 53 43 38 1 6 88 41 30 95 3 13 105 60 104 102 26 12 58 56 67 49 71 28 52 106 98 108 99 74 101 39 100 103 10 15 91 16 66 80 57 76 89 40 48 72 50 73 34 47 4 14 64 84 33 78 36 69 82 68 94 109 83 81 45 37 44 5 51 2 32 85 75 9 8 54 92 17 46 93 70 25 42 22 59 11 20 7 35 29 27 24 107 55 79 23 90 77 31 19 65 
0 97 18 21 86 96 61 63 87 51 53 43 38 1 6 88 41 30 95 3 13 105 60 104 102 26 47 12 58 56 67 49 71 28 52 106 98 108 99 74 101 39 100 103 10 15 91 16 66 80 57 76 89 40 48 72 50 73 34 4 14 64 84 33 78 36 69 82 68 94 109 83 81 45 25 70 93 32 2 62 5 44 37 42 22 59 11 20 7 35 85 75 9 8 54 92 17 46 29 27 24 107 55 79 23 90 77 31 19 65 
0 97 18 21 86 96 61 63 87 62 53 43 38 1 6 88 41 30 95 3 13 105 60 104 102 26 47 12 58 56 67 49 71 28 52 106 98 108 99 74 101 39 100 103 10 15 91 16 66 80 76 89 40 48 72 50 73 34 4 14 64 84 33 78 36 69 82 68 94 109 83 81 45 37 44 5 51 2 32 93 70 25 42 22 59 11 20 7 35 85 75 9 8 54 92 17 46 29 27 24 107 55 79 23 90 77 31 19 57 65 
0 97 18 21 86 96 61 63 87 62 53 43 38 1 6 88 41 30 95 3 13 105 60 104 102 26 47 12 58 56 67 49 71 28 52 106 98 108 99 74 101 39 100 103 10 15 91 16 66 80 57 76 89 20 48 72 50 73 34 4 14 64 84 33 78 36 69 82 68 94 109 83 81 45 37 44 5 51 2 32 93 70 25 42 22 59 11 40 7 35 85 75 9 8 54 92 17 46 29 27 24 107 55 79 23 90 77 31 19 65 
0 97 18 21 86 96 61 63 87 62 53 43 38 1 6 88 41 30 95 3 13 105 60 104 102 26 47 12 58 56 67 49 71 28 52 106 98 108 99 74 101 39 100 103 10 15 91 16 66 80 57 76 89 40 48 72 50 73 34 4 14 64 84 33 78 36 69 82 68 94 109 83 81 45 37 44 5 51 2 32 93 70 42 22 59 11 20 7 35 85 75 9 8 54 92 17 46 29 27 90 107 25 55 79 23 24 77 31 19 65 
0 97 18 21 86 96 61 63 87 62 53 43 38 1 6 88 41 30 95 3 13 105 60 104 102 47 12 58 56 67 49 71 28 52 106 98 108 99 74 101 39 100 103 10 15 91 16 66 80 57 76 89 40 48 26 72 50 73 34 4 14 64 84 33 78 36 69 82 68 94 109 81 45 37 44 5 51 2 32 93 70 25 42 22 59 11 20 7 35 85 75 9 8 54 92 17 46 29 27 24 107 55 79 83 23 90 77 31 19 65 
0 97 18 21 86 96 61 63 87 62 26 43 38 1 6 80 57 76 89 40 48 72 50 73 34 4 14 64 84 33 78 36 69 82 88 41 30 95 3 13 105 60 104 102 53 47 12 58 56 67 49 71 28 52 106 98 108 99 74 101 39 100 103 10 15 91 16 66 68 94 109 83 81 45 37 44 5 51 2 32 93 70 25 42 22 59 11 20 7 35 85 75 9 8 54 92 17 46 29 27 24 107 55 79 23 90 77 31 19 65 
0 97 18 21 86 96 61 63 87 62 53 43 38 1 6 88 41 30 95 3 13 105 60 104 102 26 47 12 58 56 67 49 71 28 52 106 98 108 99 74 101 39 100 103 10 15 91 16 66 80 57 76 89 40 48 72 50 73 34 4 14 64 84 24 27 29 46 17 92 54 8 9 75 85 35 7 20 11 59 22 42 25 70 93 32 2 51 5 44 37 45 81 83 109 94 68 82 69 36 78 33 107 55 79 23 90 77 31 19 65 
0 97 18 21 86 96 61 63 87 62 53 43 38 1 6 88 41 30 95 64 13 105 60 104 102 26 47 12 58 56 67 49 71 28 52 106 98 108 99 74 101 39 100 103 10 15 91 16 66 80 57 76 89 40 48 72 50 73 34 4 14 3 84 33 78 36 69 82 68 94 109 83 81 45 37 44 5 51 2 32 93 70 25 42 22 59 11 20 7 35 85 75 9 8 54 92 17 46 29 27 24 107 55 79 23 90 77 31 19 65 
0 97 18 21 86 96 61 63 87 62 53 43 38 1 6 88 41 30 95 3 13 105 60 104 102 26 47 12 58 56 67 49 71 28 81 45 37 44 5 51 2 32 93 70 25 42 22 59 11 20 7 35 85 75 9 8 54 92 17 46 29 27 24 107 55 79 23 90 77 31 19 65 52 106 98 108 99 74 101 39 100 103 10 15 91 16 66 80 57 76 89 40 48 72 50 73 34 4 14 64 84 33 78 36 69 82 68 94 109 83 
0 97 18 21 86 96 61 63 87 62 53 43 38 1 6 88 41 30 95 3 13 105 60 104 102 26 47 12 58 56 67 49 71 28 52 106 98 108 99 74 101 39 100 103 10 15 91 16 66 80 57 76 89 40 48 72 50 73 34 4 14 64 84 33 78 36 69 82 68 31 77 90 23 79 107 24 27 29 46 17 92 54 8 9 75 85 35 7 20 11 59 22 42 25 70 93 2 51 32 5 44 37 45 81 83 109 94 19 65 55 
0 97 18 21 72 96 61 63 87 62 53 43 38 1 6 88 41 30 95 3 13 105 60 104 102 26 47 12 58 56 67 49 71 28 52 106 98 108 99 74 101 39 100 103 10 15 91 16 66 80 57 76 89 40 48 86 50 73 34 4 14 64 84 33 78 36 69 82 68 94 109 83 81 45 37 44 5 51 2 32 93 70 25 42 22 59 11 20 7 35 85 75 9 8 54 92 17 46 29 27 24 107 55 79 23 90 77 31 19 65 
0 97 18 21 86 96 92 54 8 9 75 85 35 7 20 11 59 22 42 25 70 93 32 2 51 5 44 37 45 81 83 109 94 68 82 69 36 78 33 84 64 14 4 34 73 50 72 48 40 89 76 57 80 66 16 91 15 10 103 100 39 101 74 99 108 98 106 52 28 71 49 67 56 58 12 47 26 102 104 60 105 13 3 95 30 41 88 6 1 38 43 53 62 87 63 61 17 46 29 27 24 107 55 79 23 90 77 31 19 65 
0 97 18 21 86 96 61 63 87 62 53 43 38 1 6 88 41 30 95 3 13 105 60 104 102 26 47 12 58 56 67 49 71 28 52 106 98 108 99 74 101 39 100 103 10 15 91 16 66 80 57 76 40 89 48 72 50 73 34 4 25 64 84 33 78 36 69 82 68 94 109 83 81 45 37 44 5 32 51 2 93 70 14 42 59 11 20 7 35 85 22 75 9 8 54 92 17 46 29 27 24 107 55 79 23 90 77 31 19 65 
0 97 18 21 86 96 61 63 87 62 53 43 38 1 6 88 41 30 95 3 13 105 60 104 102 26 12 58 56 67 49 71 28 52 106 98 108 99 74 101 39 100 103 10 15 47 91 16 9 75 85 35 7 20 11 59 22 42 25 70 93 32 2 51 5 44 37 45 81 83 109 94 68 82 69 36 78 33 84 64 14 4 34 73 50 72 48 40 89 76 57 80 66 8 54 92 17 46 29 27 24 107 55 79 23 90 77 31 19 65 
0 97 18 21 86 96 61 63 87 62 53 43 38 1 6 88 41 30 95 3 13 105 60 104 102 26 47 109 58 56 67 49 71 28 52 106 98 108 99 74 101 39 100 103 10 15 91 16 66 80 57 76 89 40 48 72 50 73 34 4 14 64 84 33 78 36 69 82 68 94 12 83 81 45 37 44 5 51 2 32 93 70 25 42 22 59 11 20 7 35 85 75 9 8 54 92 17 46 29 27 24 107 55 79 23 90 77 31 19 65 
0 97 18 21 86 96 61 63 87 62 84 33 78 36 69 82 68 94 109 83 81 45 37 44 5 51 2 32 93 70 25 42 22 59 11 20 7 35 85 75 9 8 54 92 17 46 29 27 24 107 55 79 23 90 77 31 19 65 34 4 14 64 53 43 38 1 6 88 41 30 95 3 13 105 60 104 102 26 47 12 58 56 67 49 71 28 52 106 98 108 99 74 101 39 100 103 10 15 91 16 66 80 57 76 89 40 48 72 50 73 
0 97 18 21 86 96 61 63 87 62 100 103 10 15 91 16 66 80 57 76 89 40 48 104 102 26 47 12 58 56 67 49 71 28 52 106 98 108 99 74 101 39 53 43 38 1 6 88 41 30 95 3 13 105 60 72 50 73 34 4 14 64 84 33 78 36 69 82 68 94 109 83 81 45 37 44 5 51 2 93 70 25 42 22 59 11 20 32 7 35 85 75 9 8 54 92 17 46 29 27 24 107 55 79 23 90 77 31 19 65 
0 97 18 21 86 96 61 63 87 62 53 43 38 1 88 41 30 95 3 13 105 60 104 102 26 47 6 12 58 56 67 49 71 28 52 106 98 108 99 74 101 39 100 103 10 15 91 16 66 80 57 76 89 40 48 72 50 73 34 4 14 64 84 33 36 69 82 68 94 109 83 81 45 37 44 5 51 2 32 93 70 25 42 22 59 11 20 7 35 85 75 9 8 54 92 17 46 29 78 27 24 107 55 79 23 90 77 31 19 65 
0 97 18 21 86 96 61 63 87 62 53 43 38 1 6 88 41 30 95 3 13 105 60 104 102 26 47 12 58 56 67 49 71 28 52 106 98 108 99 74 101 39 100 103 10 15 91 16 66 80 57 76 89 40 48 72 50 73 34 4 7 64 84 33 78 36 69 82 68 94 109 83 81 45 37 44 5 51 2 32 93 70 25 42 22 59 11 20 14 35 85 75 9 8 54 92 17 46 29 27 24 107 55 79 23 90 77 31 19 65 
0 97 18 21 73 34 4 14 64 84 33 78 36 69 82 68 94 109 83 81 45 37 44 5 51 2 32 93 70 25 42 22 59 11 20 7 35 85 75 9 8 54 92 17 46 29 27 24 107 55 79 23 90 77 31 19 65 86 96 61 63 87 62 53 43 38 1 6 88 41 30 95 3 13 105 60 104 102 26 47 12 58 56 67 49 71 28 52 106 98 108 99 74 101 39 100 103 10 15 91 16 66 80 57 76 89 40 48 72 50 
0 97 18 21 2 51 5 44 37 45 81 83 109 94 68 82 69 36 78 33 84 64 14 4 34 73 50 72 48 40 89 76 57 80 66 16 91 15 10 103 100 39 101 74 99 108 98 106 52 28 71 49 67 56 58 12 47 26 102 104 60 105 13 3 95 30 41 88 6 1 38 43 53 62 87 63 61 96 86 32 93 70 25 42 22 59 11 20 7 35 85 9 8 54 92 17 46 29 27 24 107 55 75 79 23 90 77 31 19 65 
0 97 24 21 86 96 61 63 87 62 53 43 38 1 6 88 41 30 95 3 13 105 60 104 102 26 47 12 58 56 67 49 71 28 52 106 98 108 99 74 101 39 100 103 10 15 91 16 66 80 57 76 18 89 40 48 72 50 73 34 4 14 64 84 33 78 36 69 82 68 94 109 83 81 45 37 44 5 51 2 32 93 70 25 42 22 59 11 20 7 35 85 75 9 8 54 92 17 46 29 27 107 55 79 23 90 77 31 19 65 
0 97 18 21 86 96 61 3 95 30 41 88 6 1 38 43 53 62 87 63 13 105 60 104 102 26 47 12 58 56 67 49 71 28 52 106 98 108 99 74 101 39 100 103 10 15 91 16 66 80 57 76 89 40 48 72 50 73 34 4 14 64 84 33 78 36 69 82 68 94 109 83 81 45 44 5 51 2 32 93 70 25 42 22 59 11 20 7 35 85 75 9 8 54 92 17 46 29 27 37 24 107 55 79 23 90 77 31 19 65 
0 94 109 47 26 102 104 60 105 13 3 95 30 41 88 6 1 38 43 53 62 87 63 61 96 86 21 18 97 68 82 69 36 78 33 84 64 14 4 34 12 58 56 67 49 71 28 52 106 98 108 99 74 101 39 100 103 10 15 91 16 66 80 57 76 89 40 48 72 50 73 83 81 45 37 44 5 51 2 32 93 70 25 42 22 59 11 20 7 35 85 75 9 8 54 92 17 46 29 27 24 107 55 79 23 90 77 31 19 65 
0 97 18 21 86 96 61 80 87 62 53 43 38 1 6 88 41 30 95 3 13 105 60 104 102 26 47 12 58 56 67 49 71 28 52 106 98 108 99 74 101 39 100 103 10 15 91 16 66 63 57 76 89 40 48 72 50 73 34 4 14 64 84 33 78 36 69 82 68 94 109 83 81 45 37 44 5 51 2 32 93 70 25 42 22 59 11 20 7 35 85 75 9 8 54 92 17 46 29 27 24 107 55 79 23 90 77 31 19 65 
0 97 18 21 86 96 61 63 87 62 53 43 38 1 6 88 41 30 95 3 13 105 60 104 85 35 7 20 11 59 22 42 25 70 93 32 2 51 5 44 37 45 81 83 109 94 68 82 69 36 78 33 84 64 14 4 34 73 50 72 48 40 89 76 57 80 66 16 91 15 10 103 100 39 101 74 99 108 98 106 52 28 71 49 67 56 58 12 47 26 102 75 9 8 54 92 17 46 29 27 24 107 55 79 23 90 77 31 19 65 
0 97 18 21 86 96 61 63 87 95 30 41 88 6 1 38 43 53 62 3 13 105 60 104 102 26 47 12 58 56 67 49 71 28 52 106 98 108 99 74 101 39 40 76 57 80 66 16 91 15 10 103 100 89 48 72 50 73 34 4 14 64 84 33 78 36 69 82 68 94 109 45 81 83 37 44 5 32 51 2 93 70 25 42 22 59 11 20 7 35 85 75 9 8 54 92 17 46 29 27 24 107 55 79 23 90 77 31 19 65 
0 97 18 21 86 96 61 63 4 14 64 84 33 78 36 69 82 68 94 109 83 81 45 37 44 5 51 2 32 93 70 25 42 22 59 11 20 7 99 74 101 39 100 103 10 15 91 16 66 80 57 76 89 40 48 72 50 73 34 87 62 53 43 38 1 6 88 41 30 95 3 13 105 60 104 102 26 47 12 58 56 67 49 71 28 52 106 98 108 35 85 75 9 8 54 92 17 46 29 27 24 107 55 79 23 90 77 31 19 65 
0 97 18 21 86 96 61 63 87 62 53 43 38 1 6 88 41 30 95 3 13 105 60 104 102 26 47 12 58 56 67 49 71 28 52 106 98 108 99 74 101 45 81 83 109 94 68 82 69 36 78 33 84 64 14 4 34 73 50 72 48 40 89 76 57 80 20 11 59 22 42 25 70 93 32 2 51 5 44 37 66 16 91 15 10 103 100 39 7 35 85 75 9 8 54 92 17 46 29 27 24 107 55 79 23 90 77 31 19 65 
0 97 18 21 86 96 61 63 87 62 53 43 38 1 6 88 41 30 95 3 13 105 60 104 102 26 47 12 58 56 67 69 82 68 94 109 83 81 45 37 44 5 51 2 32 93 70 25 42 22 59 11 20 7 35 85 75 9 8 54 92 17 46 29 27 36 49 71 28 52 106 98 108 99 74 101 39 100 103 10 15 91 16 66 80 57 76 89 40 48 72 50 73 34 4 14 64 84 33 78 24 107 55 79 23 90 77 31 19 65 
0 97 18 21 86 36 61 63 87 62 53 43 38 1 6 88 41 30 95 3 13 105 60 104 102 26 47 12 58 56 67 49 71 28 52 106 98 108 99 74 101 39 100 103 10 15 91 16 66 80 57 76 89 40 48 72 50 73 34 4 14 64 84 33 78 96 69 82 68 94 109 83 81 45 37 44 5 51 2 32 93 70 25 42 22 59 11 20 7 35 85 75 9 8 54 92 17 46 29 27 24 107 55 79 23 90 77 31 19 65 
0 97 18 21 86 96 61 63 87 62 53 43 38 1 6 88 41 30 95 3 13 105 60 104 102 26 47 12 58 56 67 49 71 28 52 106 98 108 99 101 39 100 103 10 15 91 16 66 80 57 76 89 40 48 72 50 73 34 4 14 64 84 33 78 36 69 82 68 94 109 83 81 45 37 44 5 51 2 32 93 70 25 42 22 59 11 20 7 35 85 75 9 8 54 92 17 46 29 27 24 107 55 79 23 90 74 77 31 19 65 
0 97 18 21 86 96 61 63 87 62 53 43 38 1 6 88 41 30 95 3 13 105 60 104 102 26 47 12 58 56 67 49 71 28 52 106 98 108 99 74 101 39 100 103 10 15 91 16 66 80 57 76 89 40 48 72 50 73 34 4 14 64 84 33 78 36 69 82 94 109 83 81 45 37 44 5 51 2 32 93 70 25 42 22 59 11 20 7 35 85 9 8 54 92 17 46 29 27 24 107 55 79 23 90 75 77 31 68 19 65 
0 97 18 21 86 96 61 63 87 62 53 43 38 1 6 88 41 30 95 3 13 105 60 104 102 26 47 12 107 24 27 29 46 17 92 54 8 9 75 85 35 7 20 11 59 22 42 25 70 93 32 2 51 5 44 37 45 81 83 109 94 68 82 69 36 78 33 84 64 14 4 34 73 50 72 48 40 89 76 57 80 66 16 91 15 10 103 100 39 101 74 99 108 98 106 52 28 71 49 67 56 58 55 79 23 90 77 31 19 65 
0 97 18 21 86 96 61 63 87 62 53 43 38 1 6 41 30 95 3 13 105 60 104 102 26 47 12 58 56 67 49 71 28 52 106 98 108 99 74 101 39 100 103 10 15 91 16 66 80 57 76 89 40 48 72 50 73 34 4 14 64 84 33 78 36 69 82 68 94 109 83 81 45 37 44 5 51 2 32 93 70 25 42 22 59 11 20 7 35 85 75 9 8 54 92 17 46 29 27 88 24 107 55 79 23 90 77 31 19 65 
0 97 18 21 86 96 61 63 87 62 53 43 38 1 6 88 41 30 95 3 13 105 60 104 102 26 47 12 58 29 46 17 92 54 8 9 75 85 35 7 20 11 59 22 42 25 70 93 32 2 51 5 44 37 45 81 83 109 94 68 82 69 36 78 33 84 64 14 4 34 73 50 72 48 40 89 76 57 80 66 16 91 15 10 103 100 39 101 74 99 108 98 106 52 28 71 49 67 56 27 24 107 55 79 23 90 77 31 19 65 
0 97 18 21 86 96 61 63 87 62 53 43 38 1 6 88 41 30 95 3 13 105 60 104 102 26 47 12 94 109 83 81 45 37 44 5 51 2 32 93 101 39 100 103 10 33 91 16 66 80 57 76 89 40 48 72 50 73 34 4 14 64 84 15 78 36 69 82 68 58 56 67 49 71 28 52 106 98 108 99 74 70 25 42 22 59 11 20 7 35 85 75 9 8 54 92 17 46 29 27 24 107 55 79 23 90 77 31 19 65 
0 59 22 42 25 70 93 32 2 51 5 44 37 45 81 83 109 94 68 82 69 36 78 33 84 64 14 4 34 73 50 72 48 40 89 76 57 80 66 8 54 92 17 46 29 27 24 107 55 79 23 90 77 31 19 97 18 21 86 96 61 63 87 62 53 43 38 1 6 88 41 30 95 3 13 105 60 104 102 26 47 12 58 56 67 49 71 28 52 106 98 108 99 74 101 39 100 103 10 15 91 16 9 75 85 35 7 20 11 65 
0 8 18 21 86 96 61 63 87 62 53 43 38 1 6 88 41 30 95 3 13 105 60 104 15 10 103 100 39 101 74 99 108 98 106 52 28 71 49 67 56 58 12 47 26 102 91 16 66 80 57 76 89 40 48 72 50 73 34 4 14 64 84 33 78 36 69 82 68 94 109 83 81 45 37 44 5 51 2 32 93 70 25 42 22 59 11 20 7 35 85 75 9 97 54 92 17 46 29 27 24 107 55 79 23 90 77 31 19 65 
0 12 47 26 102 104 60 105 13 3 95 30 41 88 6 1 38 43 53 62 87 63 61 96 86 21 18 97 58 56 67 71 28 52 106 98 108 99 74 101 39 100 103 10 15 91 16 66 80 57 76 89 40 48 49 72 50 73 34 4 14 64 84 33 78 36 69 82 68 94 109 83 81 45 37 44 5 32 51 2 93 70 25 42 22 59 11 20 7 35 85 75 9 8 54 92 17 46 29 27 24 107 55 79 23 90 77 31 19 65 
0 97 18 21 86 96 61 63 87 62 53 43 38 1 6 88 41 30 95 3 13 105 60 31 77 90 23 79 55 107 24 27 29 46 17 92 54 8 9 75 85 35 7 20 11 59 22 42 25 70 93 32 2 51 5 44 37 45 81 83 109 94 68 82 69 36 78 33 84 64 14 4 34 73 50 72 48 40 89 76 57 80 66 16 91 15 10 103 100 39 101 74 99 108 98 106 52 28 71 49 67 56 58 12 47 26 102 104 19 65 
0 97 18 21 86 96 61 63 87 62 53 43 38 1 6 88 41 30 95 3 13 105 60 104 102 26 47 12 58 56 67 49 71 28 52 106 98 108 70 25 42 22 59 11 20 7 35 85 75 9 8 54 92 17 48 72 50 73 34 4 14 64 84 33 78 36 69 82 68 94 109 83 81 45 37 44 5 51 2 32 93 99 74 101 39 100 103 10 15 91 16 66 80 57 76 89 40 46 29 27 24 107 55 79 23 90 77 31 19 65 
0 97 18 21 86 96 14 64 84 33 78 36 69 82 68 94 109 83 81 45 37 44 5 51 2 32 93 70 25 42 22 59 11 20 7 35 85 75 9 8 54 92 17 46 29 27 24 107 55 79 23 90 77 31 19 65 50 73 34 4 61 63 87 62 53 43 38 1 6 88 41 30 95 3 13 105 60 104 102 26 47 12 58 56 67 49 71 28 52 106 98 108 99 74 101 39 100 103 10 15 91 16 66 80 57 76 89 40 48 72 
0 97 18 21 86 96 61 63 51 5 44 37 45 81 83 109 94 68 82 69 36 78 33 84 64 14 4 34 73 50 72 48 40 89 76 57 80 66 62 91 15 10 103 100 39 101 74 99 108 98 106 52 28 71 49 67 56 58 12 47 26 102 104 60 105 13 3 95 30 41 88 6 1 38 43 53 16 87 2 32 93 70 25 42 22 59 11 20 7 35 85 75 9 8 54 92 17 46 29 27 24 107 55 79 23 90 77 31 19 65 
0 97 18 21 86 96 61 63 87 62 53 43 38 1 6 88 41 30 95 3 13 105 24 27 29 46 17 92 54 8 9 75 85 35 7 20 11 59 60 104 102 26 47 12 58 56 67 49 71 28 52 106 98 108 99 74 101 39 100 103 10 15 91 16 66 80 57 76 89 40 48 72 50 73 34 4 14 64 84 33 78 36 69 82 68 94 109 83 81 45 37 44 5 51 2 32 93 70 25 42 22 107 55 79 23 90 77 31 19 65 
0 97 18 21 86 96 61 63 87 62 53 43 38 1 6 88 41 30 95 3 13 105 60 104 102 26 47 12 58 56 67 49 71 28 52 106 98 108 24 27 29 46 17 92 54 8 9 75 85 35 7 20 11 59 22 42 25 70 93 2 51 32 5 44 37 45 81 83 109 94 68 82 100 36 78 33 84 64 14 4 34 99 74 101 39 103 10 15 91 16 66 80 57 76 89 40 48 72 50 73 69 107 55 79 23 90 77 31 19 65 
0 97 18 21 86 96 61 63 87 62 53 43 38 1 6 88 41 30 3 13 105 60 104 102 26 47 12 58 56 67 49 71 28 52 106 98 108 99 74 101 39 100 103 10 15 91 16 66 80 57 76 89 40 48 72 50 73 34 4 14 64 84 33 78 36 69 82 68 94 109 83 81 45 37 44 5 51 2 32 93 70 25 42 22 59 11 20 7 35 85 75 9 8 54 92 17 46 29 27 24 107 55 79 95 23 90 77 31 19 65 
0 97 18 21 86 96 61 63 87 62 53 43 38 1 6 88 41 30 95 3 13 105 60 104 102 26 47 12 58 56 67 14 64 84 33 78 36 69 82 68 94 109 83 81 45 37 44 5 51 2 32 93 70 25 42 72 50 73 34 4 49 71 28 52 106 98 108 99 74 101 91 100 103 10 15 39 16 66 80 57 76 89 40 48 22 59 11 20 7 35 85 75 9 8 54 92 17 46 29 27 24 107 55 79 23 90 77 31 19 65 
0 97 41 88 6 1 38 43 53 62 87 63 61 96 86 21 18 30 95 3 13 105 60 104 102 26 47 12 58 56 67 49 71 28 52 106 98 108 99 74 101 39 100 103 10 15 91 16 66 80 57 76 89 40 48 72 50 73 34 14 64 84 33 78 36 69 82 68 94 109 83 81 45 37 44 5 51 2 32 93 70 25 42 22 59 11 20 7 35 85 75 9 8 54 92 17 4 46 29 27 24 107 55 79 23 90 77 31 19 65 
0 97 18 21 86 96 61 63 87 62 103 43 20 11 59 22 42 25 70 93 32 2 51 5 44 37 45 81 83 109 94 68 82 69 36 78 33 84 64 14 4 34 73 50 72 48 40 89 76 57 80 66 16 91 15 10 53 100 39 101 74 99 108 98 106 52 38 1 6 88 41 30 95 3 13 105 60 104 102 26 47 12 58 56 67 49 71 28 7 35 85 75 9 8 54 92 17 46 29 27 24 107 55 79 23 90 77 31 19 65 
0 97 18 21 86 96 61 63 87 62 53 43 38 1 6 88 41 30 95 3 13 105 60 102 26 47 12 58 56 67 49 71 28 52 106 98 108 99 74 101 39 100 103 10 15 91 16 66 80 57 76 89 40 48 72 50 73 34 4 14 64 84 33 78 36 69 82 68 94 109 83 81 45 37 44 5 51 2 32 93 70 25 42 22 59 11 20 7 35 85 75 9 8 54 92 17 46 29 27 24 107 55 79 23 104 90 77 31 19 65 
0 97 18 21 86 96 61 63 87 62 53 43 38 1 6 88 41 30 95 3 13 105 60 104 102 26 47 12 58 56 67 49 71 28 52 106 98 108 85 74 101 39 100 103 10 15 91 16 66 80 57 76 89 40 48 72 50 73 34 4 14 64 84 33 78 36 69 82 68 94 109 83 81 45 37 44 5 51 2 32 93 70 25 42 22 59 11 20 7 35 99 75 9 8 54 92 17 46 29 27 24 107 55 79 23 90 77 31 19 65 
0 97 18 21 86 96 61 63 87 62 53 43 38 1 6 88 41 30 95 3 13 105 60 25 104 102 26 47 12 58 56 67 49 71 28 52 106 98 108 99 74 101 39 100 103 10 15 91 16 66 80 76 89 40 48 72 50 73 34 4 14 64 84 33 78 36 69 82 68 94 109 83 81 45 37 44 5 51 2 32 93 70 42 57 22 59 11 20 7 35 85 75 9 8 54 92 17 46 29 27 24 107 55 79 23 90 77 31 19 65 
0 66 80 57 76 89 40 48 72 50 73 34 4 14 64 84 33 78 36 69 82 68 94 109 83 81 45 37 44 5 51 2 32 93 70 25 42 22 59 11 20 7 35 103 10 15 91 16 97 18 21 86 96 61 63 87 62 53 43 38 1 6 88 41 30 95 3 13 105 60 104 102 26 47 12 58 56 67 49 71 28 52 106 98 108 99 74 101 39 100 85 75 9 8 54 92 17 46 29 27 24 107 55 79 23 90 77 31 19 65 
0 97 18 21 86 96 69 82 68 94 109 83 81 45 37 44 5 51 2 32 93 70 25 42 22 59 11 20 7 35 85 75 9 8 54 92 17 46 29 27 24 107 55 79 23 90 77 31 19 65 57 76 89 40 48 72 50 73 34 4 14 64 84 33 78 36 61 63 87 62 53 43 38 1 6 88 41 30 95 3 13 105 60 104 102 26 47 12 58 56 67 49 71 28 52 106 98 108 99 74 101 39 100 103 10 15 91 16 66 80 
0 97 103 10 15 91 69 36 104 60 105 13 3 95 30 41 88 6 1 38 43 53 62 87 63 61 96 86 21 18 100 39 101 74 99 108 98 106 52 28 71 49 67 56 58 12 47 26 102 78 33 84 64 14 4 34 73 50 72 48 40 89 76 57 80 66 16 82 68 94 109 83 81 45 37 44 5 51 2 32 93 70 25 42 22 59 11 20 7 35 85 75 9 8 54 92 17 46 29 27 24 107 55 79 23 90 77 31 19 65 
0 97 18 21 86 96 61 63 87 62 53 43 20 1 6 88 41 30 95 3 13 105 60 104 102 26 47 12 58 56 67 49 71 28 52 106 98 108 99 74 101 39 100 103 10 15 91 16 66 80 57 76 89 40 48 72 50 73 34 4 14 64 84 33 78 36 69 82 68 94 109 83 81 45 37 44 5 51 2 32 93 70 25 42 22 59 11 38 7 35 85 75 9 8 54 92 17 46 29 27 24 107 55 79 23 90 77 31 19 65 
0 97 18 21 86 96 61 63 87 62 53 43 38 1 6 88 41 30 95 3 13 105 60 82 68 94 109 83 81 45 37 44 5 51 2 32 93 70 25 42 22 59 11 20 7 35 85 75 9 8 54 92 17 46 29 27 24 107 55 79 23 64 84 33 78 36 69 104 102 26 47 12 58 56 67 49 71 28 52 106 98 108 99 74 101 39 100 103 10 15 91 16 66 80 57 76 89 40 48 72 50 73 34 4 14 90 77 31 19 65 
0 97 24 21 86 96 61 63 87 62 53 43 38 1 6 88 41 30 95 3 13 105 60 104 102 26 47 18 12 58 56 67 49 71 28 52 106 98 108 99 74 101 39 100 103 10 15 91 16 66 80 57 76 89 40 48 72 50 73 34 4 14 64 84 33 78 36 69 82 68 94 109 83 81 45 37 44 5 51 2 93 70 25 42 22 59 11 20 7 32 35 85 75 9 8 54 92 17 46 29 27 107 55 79 23 90 77 31 19 65 
0 97 18 21 86 96 61 63 87 62 53 43 38 1 6 88 41 30 95 3 13 105 60 104 102 26 47 12 58 56 67 49 71 28 52 106 98 108 99 74 101 39 100 103 10 15 91 16 66 80 57 76 89 40 48 72 50 73 34 4 14 64 84 33 78 36 69 82 68 94 83 81 45 37 44 5 51 2 32 93 46 25 42 22 59 11 20 7 35 85 75 9 8 54 92 109 17 70 29 27 24 107 55 79 23 90 77 31 19 65 
0 97 18 21 86 96 61 63 87 62 53 43 38 1 6 88 83 45 37 44 5 51 2 32 102 26 47 12 58 56 67 49 71 28 52 106 98 108 99 74 101 81 39 100 103 10 15 91 16 66 80 57 76 89 40 48 72 50 73 34 4 14 64 84 33 78 36 69 82 68 94 109 41 30 95 3 13 105 60 104 93 70 25 42 22 59 11 20 7 35 85 75 9 8 54 92 17 46 29 27 24 107 55 79 23 90 77 31 19 65 
0 97 18 21 86 96 61 63 87 62 53 43 38 1 6 88 41 30 95 106 13 105 60 104 102 26 47 12 58 56 67 49 71 28 52 3 98 108 99 74 101 39 103 10 15 91 16 66 80 57 76 89 40 48 72 50 73 34 4 14 64 84 33 78 36 69 82 68 94 109 83 81 45 37 44 5 51 2 32 93 70 25 42 22 59 11 20 7 35 85 75 9 8 54 92 17 46 29 27 24 107 55 79 23 90 77 31 19 100 65 
0 97 105 21 86 96 61 63 87 62 53 43 38 1 6 88 41 30 95 3 13 18 60 104 102 26 47 12 58 56 67 49 71 28 52 106 98 108 99 74 101 39 100 103 10 15 91 16 66 80 57 76 89 40 48 72 50 73 34 4 14 64 84 33 78 36 69 82 68 94 109 83 81 45 37 44 5 51 2 32 93 70 25 42 22 59 11 20 7 35 29 46 17 92 54 8 9 75 85 27 24 107 55 79 23 90 77 31 19 65 
0 97 18 21 86 96 61 63 87 62 53 43 38 1 6 88 41 30 64 14 4 34 73 50 72 48 40 89 76 57 80 66 16 91 15 10 103 100 39 101 74 99 108 98 106 52 28 71 49 67 56 58 12 47 26 102 104 60 105 13 3 95 84 33 78 36 69 82 68 94 19 83 81 45 37 44 5 32 51 2 93 70 25 42 22 59 11 20 7 35 85 75 9 8 54 92 17 46 29 27 24 107 55 79 23 90 77 31 109 65 
0 97 18 13 105 60 104 102 26 62 53 43 38 1 6 88 41 30 95 3 21 86 96 61 63 87 47 12 58 56 67 49 71 28 52 106 98 108 99 74 101 39 100 103 10 15 91 16 66 80 57 76 89 40 48 72 50 73 34 4 14 64 84 33 78 36 69 82 68 94 109 83 81 45 37 44 5 51 2 32 93 70 25 42 22 59 11 20 7 35 85 75 9 8 54 92 46 29 27 24 107 17 55 79 23 90 77 31 19 65 
0 97 18 21 86 96 61 63 87 62 25 43 38 1 6 88 41 30 95 3 13 105 60 53 104 102 26 47 12 58 56 67 49 54 8 9 75 85 35 7 20 11 59 22 42 70 93 32 2 51 5 44 37 45 81 83 109 94 68 82 69 36 78 33 84 64 14 4 34 73 50 72 48 40 89 76 57 80 66 16 91 15 10 103 100 39 101 74 99 108 98 106 52 28 71 92 17 46 29 27 24 107 55 79 23 90 77 31 19 65 
0 97 18 21 86 96 61 63 87 62 53 43 38 1 6 88 41 30 95 3 13 60 104 102 26 47 12 58 32 51 2 93 70 25 42 22 59 11 20 7 35 85 75 9 8 54 92 17 46 29 27 24 107 55 79 23 90 34 4 14 64 84 33 78 36 69 82 68 94 109 83 81 45 37 44 5 105 56 67 49 71 28 52 106 98 108 99 74 101 39 100 103 10 15 91 16 66 80 57 76 89 40 48 72 50 73 77 31 19 65 
0 97 18 21 86 96 61 63 87 62 53 43 38 1 6 88 41 30 95 3 13 93 60 104 102 26 47 12 58 56 67 49 71 28 52 106 98 108 99 74 39 100 103 10 15 101 91 16 66 80 57 76 89 40 48 72 50 73 34 4 14 64 84 33 78 36 69 82 68 94 109 83 81 45 37 44 5 51 2 32 105 70 25 42 22 59 11 20 7 35 85 75 9 8 54 92 17 46 29 27 24 107 55 79 23 90 77 31 19 65 
0 97 18 21 86 96 61 63 87 62 53 43 38 1 6 88 41 30 95 3 13 105 22 104 102 26 47 12 58 56 67 49 71 28 52 106 98 108 99 74 101 39 100 103 10 15 91 16 66 80 57 76 89 40 48 72 50 73 34 4 14 64 84 33 78 36 69 82 68 94 109 83 81 45 37 44 5 51 2 32 93 70 25 42 60 59 11 20 7 35 85 75 9 8 54 92 17 46 29 27 24 107 55 79 23 90 77 31 19 65 
0 97 18 21 86 96 61 63 87 62 53 43 38 1 6 88 41 30 95 3 13 105 60 104 102 26 47 12 58 56 67 49 52 28 71 106 98 108 99 74 101 39 100 103 10 15 91 16 66 80 57 76 89 40 48 72 50 73 34 4 14 64 84 33 78 36 77 82 68 94 109 83 81 45 37 44 5 51 2 32 93 70 25 42 22 59 11 20 7 35 85 75 9 8 54 92 17 46 29 27 24 107 55 79 23 90 69 31 19 65 
0 97 18 21 86 96 61 63 87 62 53 43 38 1 6 88 41 30 95 3 13 105 60 104 7 20 11 59 22 42 25 70 93 2 57 80 66 16 91 15 10 103 100 39 101 74 99 108 98 106 52 28 71 49 67 56 58 12 47 26 102 35 85 75 9 8 54 92 17 46 29 76 89 40 48 72 50 73 34 4 14 64 84 33 78 36 69 82 68 94 109 83 81 45 37 44 5 51 32 27 24 107 55 79 23 90 77 31 19 65 
0 97 18 21 86 96 61 63 87 62 53 43 38 1 6 88 41 30 95 3 46 17 92 54 8 9 75 85 35 7 20 11 59 22 42 25 70 93 2 51 32 5 44 37 107 81 83 109 94 68 82 69 36 78 33 84 64 14 4 34 73 50 72 48 40 89 76 57 80 66 16 91 15 10 103 100 39 101 74 99 108 98 106 52 28 71 49 67 56 58 12 47 13 105 60 104 102 26 45 29 27 24 55 79 23 90 77 31 19 65 
0 97 18 21 86 96 61 63 87 62 53 43 38 1 6 88 41 30 95 3 13 105 60 104 102 26 47 12 85 56 67 49 71 28 52 106 98 108 99 74 101 39 100 103 10 15 91 16 66 80 57 76 89 40 48 72 50 73 34 4 14 64 84 33 78 36 69 82 68 94 109 83 81 45 37 44 5 51 2 32 93 70 25 42 22 59 11 20 7 35 58 75 9 8 54 92 17 46 29 27 24 107 55 79 23 90 77 31 19 65 
0 97 18 21 86 96 61 63 87 62 53 43 38 1 6 88 44 30 95 3 13 105 60 104 102 26 47 12 58 56 67 49 71 28 52 106 98 108 99 74 101 39 100 103 10 15 91 16 66 80 57 76 89 40 48 72 50 73 34 4 14 64 84 33 78 36 69 82 68 94 109 83 81 45 37 41 5 51 2 32 93 70 25 42 22 59 20 7 35 85 75 9 8 54 92 17 46 29 27 24 107 55 79 23 90 77 31 11 19 65 
0 97 18 31 77 90 23 79 107 24 27 29 46 17 92 54 8 9 75 85 35 7 20 11 59 22 42 25 70 93 2 51 32 5 44 37 45 81 83 109 94 68 82 69 36 78 33 84 64 14 4 63 61 96 86 21 19 65 55 87 62 53 43 38 1 6 88 41 30 95 3 13 105 60 104 102 26 47 12 58 56 67 49 71 28 52 106 98 108 99 74 101 39 100 103 10 15 91 16 66 80 57 76 89 40 48 72 50 73 34 
0 97 18 21 86 96 61 63 87 62 53 43 38 1 6 88 41 30 95 3 13 105 60 104 102 26 47 12 58 56 67 49 71 28 52 106 92 108 99 74 101 39 100 103 10 15 91 16 66 80 57 76 89 40 48 72 50 73 34 4 14 64 84 33 78 36 69 82 68 94 109 83 81 45 37 44 5 51 2 32 93 70 25 42 22 59 11 20 7 35 85 75 9 8 54 98 17 46 29 27 24 107 55 79 23 90 77 31 19 65 
0 97 18 21 96 61 63 87 62 53 43 34 4 14 64 84 33 78 36 69 82 68 94 109 83 81 45 37 44 5 51 2 32 93 70 25 42 22 59 11 20 7 35 85 75 9 8 54 92 17 46 29 27 24 107 55 79 23 38 1 6 88 41 30 95 3 13 105 60 104 102 26 47 12 86 58 56 67 49 71 28 52 106 98 108 99 74 101 39 100 103 10 15 91 16 66 80 57 76 89 40 48 72 50 73 90 77 31 19 65 
0 97 18 21 86 96 61 63 87 62 53 43 38 1 6 88 41 30 95 3 13 105 60 104 102 26 47 12 58 56 67 49 71 28 52 106 98 108 99 74 101 39 100 103 10 15 34 16 66 80 57 76 89 40 90 23 79 55 107 24 27 29 46 17 92 54 8 9 75 85 35 7 20 11 59 22 42 25 70 93 32 2 51 5 44 37 91 81 83 109 94 68 82 69 36 78 33 84 64 14 4 45 73 50 72 48 31 19 77 65 
0 97 18 21 86 96 61 63 87 62 53 43 1 6 88 41 30 95 3 13 105 60 104 102 26 5 12 58 56 67 49 71 28 52 106 98 108 99 74 101 39 100 103 10 15 91 16 66 80 57 76 89 40 48 72 50 73 34 4 14 64 84 33 78 36 69 82 68 94 109 83 81 45 37 44 47 51 2 32 93 70 25 42 22 38 59 11 20 7 35 85 75 9 8 54 92 17 46 29 27 24 107 55 79 23 90 77 31 19 65 
0 97 18 21 86 96 61 63 87 62 53 43 38 1 6 88 41 30 95 3 13 105 60 104 102 26 47 12 58 56 67 49 71 28 52 106 98 108 99 74 101 39 100 103 15 91 16 66 80 57 76 10 89 40 48 72 50 73 34 4 14 64 84 33 109 83 81 45 37 44 5 51 2 32 93 70 25 42 22 59 11 20 7 35 85 75 9 8 54 92 17 46 29 27 24 107 55 79 23 77 31 19 65 94 78 36 90 69 82 68 
0 97 18 21 86 96 61 63 87 62 53 43 38 1 6 88 41 30 95 3 13 105 60 104 102 26 47 12 58 56 67 49 71 28 52 106 98 108 99 74 101 39 100 103 10 15 91 16 66 80 57 76 89 40 48 72 50 73 34 4 77 90 23 79 2 51 5 44 37 45 81 83 109 94 68 82 69 36 78 20 11 59 22 42 25 70 93 32 55 107 24 27 29 46 17 92 54 8 9 75 85 35 7 33 84 64 14 31 19 65 
0 97 84 21 86 96 61 63 87 62 53 43 38 1 6 88 41 30 95 3 13 105 60 104 102 26 47 12 58 56 67 49 71 28 52 106 98 108 99 101 39 100 103 10 15 91 16 66 80 57 76 89 40 48 72 50 73 34 4 14 64 18 33 78 36 69 82 68 94 109 83 81 45 37 44 5 51 2 32 93 70 25 42 22 74 59 11 20 7 35 85 75 9 8 54 92 17 46 29 27 24 107 55 79 23 90 77 31 19 65 
0 97 18 21 86 96 61 75 87 62 53 43 38 1 6 88 41 30 95 3 13 105 60 104 102 26 47 12 108 56 67 49 71 28 52 106 98 58 99 74 101 39 100 103 10 15 91 16 66 80 57 76 89 40 48 72 50 73 34 4 14 64 84 33 78 36 69 82 68 94 109 83 81 45 37 44 5 32 51 2 93 70 25 42 22 59 11 20 7 35 85 63 9 8 54 92 17 46 29 27 24 107 55 79 23 90 77 31 19 65 
0 97 18 21 86 61 63 87 62 53 43 38 1 6 88 41 30 95 3 13 105 60 104 102 26 47 12 58 56 67 23 79 55 107 24 27 29 46 17 92 96 54 8 9 75 85 35 7 20 11 59 22 42 25 70 93 32 2 51 5 44 37 45 81 83 109 94 68 82 69 36 78 33 84 64 14 4 34 73 50 72 48 40 89 76 57 80 66 16 91 15 10 103 100 39 101 74 99 108 98 106 52 28 71 49 90 77 31 19 65 
0 97 18 21 86 96 61 63 87 62 53 43 38 1 6 88 41 30 95 3 13 105 60 104 102 26 47 12 58 56 67 49 71 28 52 106 98 55 99 74 101 39 100 103 10 15 91 16 66 80 57 76 89 40 48 72 50 73 34 4 14 64 84 33 78 36 69 82 68 94 109 83 81 45 37 44 5 51 2 32 93 70 25 42 22 59 11 20 7 35 85 75 9 8 54 92 17 46 29 27 24 107 108 79 23 90 77 31 19 65 
0 97 77 21 86 96 61 87 78 33 84 64 14 4 34 73 50 72 48 40 89 76 57 80 63 66 16 91 15 10 103 100 39 101 74 99 108 98 106 52 28 71 49 67 56 58 12 47 26 102 104 60 105 13 3 95 30 41 88 6 1 38 43 53 62 36 69 82 68 94 109 83 81 45 37 44 5 51 2 32 93 70 25 42 22 59 11 20 7 35 85 75 9 8 54 92 17 46 29 27 24 107 55 79 23 90 18 31 19 65 
0 97 18 21 86 96 61 63 87 62 53 43 38 1 6 88 41 30 95 3 94 109 83 81 66 16 91 15 10 103 100 39 101 74 99 108 98 106 52 28 71 49 67 56 58 12 47 26 102 104 60 105 13 68 82 69 36 78 33 84 14 4 34 73 50 72 48 40 89 76 57 80 45 37 44 5 51 2 32 93 70 25 42 22 59 11 20 7 35 85 75 9 8 54 92 17 46 29 27 24 107 55 79 23 90 64 77 31 19 65 
0 97 18 21 86 96 61 63 87 62 53 43 38 1 6 88 41 30 95 3 13 105 60 104 102 26 47 12 58 56 67 49 71 28 52 106 98 108 99 74 101 39 100 103 10 65 91 16 66 80 57 76 89 40 48 72 50 73 34 4 14 64 84 33 78 36 69 82 68 94 109 83 81 45 37 44 5 32 51 2 93 70 25 42 22 59 11 20 7 35 85 75 9 8 54 92 17 46 29 27 24 107 55 79 23 90 77 31 19 15 
0 97 18 21 86 96 89 76 57 80 66 16 91 15 10 103 98 100 39 101 74 99 13 105 60 104 102 26 47 12 58 56 67 49 71 28 52 106 108 11 9 8 54 92 17 46 29 27 24 107 55 79 23 90 77 31 19 65 61 63 87 62 53 43 38 1 6 88 41 30 95 3 75 85 35 7 20 59 22 42 25 70 93 32 2 51 5 44 37 45 81 83 109 94 68 82 69 36 78 33 84 64 14 4 34 73 50 72 48 40 
0 97 18 21 86 96 61 63 87 62 53 43 38 1 6 88 41 30 95 3 13 105 60 104 102 26 47 12 58 56 67 49 71 28 52 106 98 108 99 74 101 39 100 103 10 15 91 16 7 80 57 76 89 40 48 72 50 73 34 4 14 64 84 33 78 29 46 17 92 54 8 9 75 85 35 66 20 11 59 22 42 25 70 93 32 2 51 5 44 37 45 81 83 109 94 68 82 69 36 27 24 107 55 79 23 90 77 31 19 65 
0 97 18 21 86 96 61 63 87 62 53 43 38 1 6 88 41 30 95 3 13 105 60 104 102 26 47 12 58 56 67 49 71 28 52 33 84 64 4 34 73 50 72 48 40 89 76 57 80 66 16 91 15 10 103 100 39 101 74 99 108 98 106 78 36 69 82 68 94 109 83 107 45 37 44 5 51 2 32 93 70 25 42 22 59 11 20 7 35 85 75 9 8 54 92 17 46 29 27 24 81 55 79 23 90 14 77 31 19 65 
0 97 18 21 50 73 34 4 14 64 84 33 78 36 69 82 68 94 109 83 81 37 44 5 51 2 70 25 42 22 59 11 45 20 7 35 85 75 9 8 99 74 101 39 100 103 10 15 91 16 66 80 57 76 89 40 48 72 86 96 61 63 93 32 87 62 53 43 38 1 6 88 41 30 95 3 13 105 60 104 102 26 47 12 58 56 67 49 71 28 52 106 98 108 54 92 17 46 29 27 24 107 55 79 23 90 77 31 19 65 
0 97 18 21 86 96 61 63 87 62 53 43 38 1 6 88 41 30 95 3 13 105 60 104 102 26 47 12 58 56 27 49 71 28 52 106 98 108 99 74 101 39 100 103 10 15 91 16 66 80 57 76 40 89 48 72 50 73 34 4 14 64 84 33 78 36 69 82 68 94 109 83 81 45 37 44 5 32 51 2 93 70 25 42 22 59 11 20 7 35 85 75 9 8 54 92 17 46 29 67 24 107 55 79 23 90 77 31 19 65 
0 97 18 21 86 96 61 63 87 62 53 43 38 1 6 88 41 30 95 3 13 105 60 104 102 26 47 12 58 56 67 49 71 28 52 106 98 108 99 74 101 39 100 103 10 15 91 16 66 80 57 32 93 70 25 42 22 59 11 20 7 35 85 75 9 14 54 92 17 94 109 83 81 45 37 44 5 51 2 76 89 40 48 72 50 73 34 4 8 64 84 33 78 36 69 82 68 46 29 27 24 107 55 79 23 90 77 31 19 65 
0 97 18 21 86 96 61 29 27 24 107 55 79 23 90 77 31 30 95 3 13 105 60 102 26 47 12 58 56 67 49 71 28 52 106 98 108 99 74 101 39 100 103 10 104 15 91 16 66 80 57 76 89 40 48 72 50 73 34 4 14 64 84 33 78 36 69 82 68 94 109 83 81 45 37 44 5 51 2 32 93 70 25 42 22 59 11 20 7 35 85 75 9 8 54 92 17 46 63 87 62 53 43 38 1 6 88 41 19 65 
0 98 18 21 86 96 61 63 87 62 53 43 38 1 6 88 41 30 95 3 13 105 60 104 102 26 47 12 58 67 49 71 28 52 106 97 108 99 74 101 39 100 103 10 15 91 2 93 70 25 42 56 16 66 80 57 76 89 40 48 72 50 73 34 4 14 64 84 33 78 36 69 82 68 94 109 83 81 45 37 44 5 51 32 22 59 11 20 7 35 85 75 9 8 54 92 17 46 29 27 24 107 55 79 23 90 77 31 19 65 
0 97 18 21 86 96 61 63 87 62 53 100 91 15 10 103 16 66 80 57 76 89 1 3 40 48 72 50 73 34 4 14 64 84 33 78 108 99 74 101 39 43 38 44 6 88 41 30 95 13 105 60 104 102 26 47 12 58 56 67 49 71 109 94 68 82 69 36 98 106 52 28 83 81 45 37 5 51 2 32 93 70 25 42 22 59 11 20 7 35 85 75 9 8 54 92 17 46 29 27 24 107 55 79 23 90 77 31 19 65 
0 97 18 21 86 96 61 63 87 62 53 43 38 1 6 88 41 30 95 3 13 105 60 104 102 26 47 12 58 79 67 49 71 28 52 106 98 108 99 74 101 39 100 103 10 15 91 16 66 80 57 76 40 89 48 72 50 73 34 4 14 64 84 17 92 54 8 9 75 85 35 7 20 11 59 22 42 25 70 93 2 51 32 5 44 37 45 81 83 109 94 56 33 78 36 69 82 68 46 29 27 24 107 55 90 77 31 19 65 23 
0 97 39 21 86 96 61 63 87 62 53 43 38 1 6 88 41 30 95 3 13 105 60 104 102 26 32 18 12 58 56 67 49 71 28 106 98 108 99 74 101 100 103 10 15 91 16 66 80 57 76 89 40 48 72 50 73 34 4 14 64 84 33 78 52 36 69 82 68 94 109 83 81 45 37 44 5 51 2 47 93 70 25 42 22 59 11 20 7 35 85 75 9 8 54 92 17 46 29 27 24 107 55 79 23 90 77 31 19 65 
0 97 18 21 86 96 61 63 93 32 2 51 5 44 37 45 81 83 109 94 68 82 69 36 78 33 84 64 14 4 34 73 50 72 3 95 30 41 88 6 1 38 43 53 62 87 70 25 42 22 59 11 20 7 35 85 75 9 8 54 92 17 47 26 102 104 60 105 13 48 40 67 76 57 80 66 16 91 15 10 103 100 39 101 74 99 108 98 106 52 28 71 49 89 56 58 12 46 29 27 24 107 55 79 23 90 77 31 19 65 
0 97 18 21 86 96 61 63 87 62 53 24 38 1 6 88 41 30 95 3 13 105 60 104 102 26 47 12 58 56 67 49 71 28 52 106 98 108 99 74 101 39 100 103 10 15 91 16 66 80 57 76 89 40 48 72 50 73 34 4 14 64 84 33 78 36 69 82 68 94 109 83 81 45 37 44 5 51 2 32 93 70 25 42 22 59 11 20 7 35 77 75 9 8 54 92 17 46 29 27 43 107 55 79 23 90 85 31 19 65 
0 87 63 61 96 86 21 18 97 62 53 43 38 1 6 88 41 30 95 3 13 105 60 104 102 26 82 68 109 83 81 45 37 44 5 51 2 32 93 70 25 42 22 59 11 20 7 35 85 75 9 94 8 54 92 17 46 29 27 24 107 55 79 23 90 69 34 47 12 58 56 67 49 99 28 52 106 98 108 71 74 101 39 100 103 10 15 91 16 66 80 57 76 89 40 48 72 50 73 4 14 64 84 33 78 36 77 31 19 65 
0 78 36 69 82 68 94 109 83 81 45 37 44 5 51 2 32 93 70 25 42 22 59 11 20 7 35 85 75 9 8 54 92 17 46 28 71 49 67 56 58 12 47 26 102 104 60 105 13 3 95 30 41 88 6 1 38 43 53 62 87 63 61 96 86 21 18 97 33 84 64 14 4 34 73 50 72 48 40 89 76 57 80 66 16 91 15 31 77 90 23 79 55 107 24 27 29 52 106 98 108 99 74 101 39 100 103 10 19 65 
0 97 89 100 39 101 74 99 108 98 106 52 28 71 49 67 56 58 12 47 26 102 104 60 105 13 3 95 30 41 88 6 1 38 43 53 21 37 96 61 63 87 62 103 10 15 91 16 66 80 18 90 23 79 55 107 24 27 29 46 17 92 54 8 9 75 85 35 7 20 11 59 22 42 25 70 93 32 2 51 5 44 86 45 81 83 109 94 68 82 69 36 78 33 84 64 14 4 34 73 50 72 48 40 76 57 77 31 19 65 
0 97 18 21 86 96 61 63 87 62 53 43 38 1 6 88 36 78 33 84 64 14 4 34 73 50 72 48 40 89 76 57 80 66 16 91 15 10 103 100 39 101 74 99 108 98 106 52 28 71 49 67 68 82 69 41 30 95 3 13 105 60 104 102 17 92 54 8 9 75 85 35 20 11 59 22 42 25 70 93 2 51 32 5 44 37 45 81 83 109 94 56 58 12 7 47 26 46 29 27 24 107 55 79 23 90 77 31 19 65 
0 98 18 21 86 96 61 63 87 62 53 43 38 1 6 88 41 30 95 3 13 105 60 104 102 26 47 12 58 67 49 71 28 52 106 97 108 99 101 39 100 103 10 15 91 2 93 70 25 42 22 59 11 20 7 35 85 75 9 8 54 92 17 46 29 56 16 66 80 57 76 89 40 48 72 74 50 73 34 4 14 64 84 33 78 36 69 82 68 94 109 83 81 45 37 44 5 51 32 27 24 107 55 79 23 90 77 31 19 65 
0 97 18 21 86 96 61 63 87 62 53 43 38 1 6 88 41 30 95 3 13 105 60 104 102 26 47 12 58 56 67 49 71 42 52 54 92 17 46 29 27 24 107 55 79 15 91 16 66 80 57 76 89 40 48 72 50 73 34 4 14 64 84 33 78 36 69 82 68 94 109 83 81 45 37 44 5 51 2 32 93 70 25 28 22 59 11 20 7 35 85 75 9 8 106 98 108 99 74 101 39 100 103 10 23 90 77 31 19 65 
0 97 18 21 40 48 72 50 73 34 4 14 64 84 33 78 36 69 82 68 94 109 83 81 45 37 44 5 51 2 32 93 70 25 42 22 59 11 20 7 35 85 75 9 8 15 91 16 66 80 57 76 89 86 96 61 63 87 62 53 43 38 1 6 88 41 30 95 3 13 105 60 104 102 26 47 12 58 56 67 49 71 28 52 17 108 99 74 101 39 100 98 103 10 54 92 106 46 29 27 24 107 55 79 23 90 77 31 19 65 
0 97 18 21 86 96 61 63 87 62 53 43 38 54 6 88 41 30 95 3 13 105 60 104 102 26 47 12 58 109 83 81 45 37 44 5 51 2 32 93 70 25 42 22 59 11 20 7 35 85 75 9 8 1 92 17 46 29 27 24 107 55 79 23 56 67 49 71 28 52 106 98 108 99 74 101 39 100 103 15 91 16 66 80 57 76 10 89 40 48 72 50 73 34 4 14 64 84 33 78 36 69 82 68 94 90 77 31 19 65 
0 97 18 21 86 96 61 63 87 62 53 43 38 1 6 88 41 30 95 3 13 105 60 104 102 26 47 24 12 58 56 67 49 71 28 52 106 98 108 99 74 101 39 100 103 10 77 91 16 66 80 57 76 89 40 48 72 50 73 34 4 14 64 84 33 78 36 69 82 68 94 109 83 81 45 37 44 5 51 2 65 19 31 15 90 23 79 55 107 27 29 46 17 92 54 8 9 75 85 35 7 20 11 59 22 42 25 70 93 32 
0 97 18 21 86 96 61 7 35 85 75 9 8 54 92 17 46 29 24 107 55 79 23 90 102 26 47 12 58 56 67 49 71 28 52 106 98 108 99 74 101 39 100 103 10 15 91 16 66 80 57 76 89 40 48 72 50 73 34 4 14 64 84 33 78 36 69 82 68 94 109 83 81 45 37 44 5 32 51 2 93 70 25 42 22 59 3 11 20 63 87 62 53 43 38 1 6 88 41 30 95 27 13 105 60 104 77 31 19 65 
0 97 18 42 25 70 93 2 51 62 53 43 38 1 6 88 41 30 95 3 13 105 60 104 102 26 47 12 58 56 67 49 71 28 52 106 98 108 99 74 101 39 100 29 46 17 92 54 8 9 75 85 31 80 103 10 15 91 16 66 22 20 27 24 107 55 79 23 90 77 57 19 11 69 36 78 33 84 64 14 4 34 73 50 72 48 40 89 76 35 7 82 44 21 86 96 61 63 87 32 5 59 37 45 81 83 109 94 68 65 
