0 3 1 8 33 32 27 14 15 12 19 20 29 30 18 16 7 6 9 11 5 2 4 10 13 17 23 24 26 25 22 21 28 31 
0 3 1 8 10 33 32 27 14 15 12 19 20 29 30 18 16 7 6 9 11 5 2 4 13 17 23 24 26 25 22 21 28 31 
0 3 1 8 10 33 32 27 14 15 12 19 20 29 30 18 16 7 6 9 11 5 2 4 13 17 23 24 26 25 22 21 28 31 
0 3 1 8 10 33 32 27 14 15 12 19 20 29 30 18 16 7 6 9 11 5 2 4 13 17 23 24 26 25 22 21 28 31 
0 3 1 8 10 33 32 27 14 15 12 19 20 29 30 18 16 7 6 9 11 5 2 4 13 17 23 24 26 25 22 21 28 31 
0 3 1 8 10 33 32 27 14 15 12 19 20 29 30 18 16 7 6 9 11 5 2 4 13 17 23 24 26 25 22 21 28 31 
0 3 1 8 10 33 32 27 14 15 12 19 20 29 30 18 16 7 6 9 11 5 2 4 13 17 23 24 26 25 22 21 28 31 
0 3 1 8 10 33 32 27 14 15 12 19 20 29 30 18 16 7 6 9 11 5 2 4 13 17 23 24 26 25 22 21 28 31 
0 3 1 8 10 33 32 27 14 15 12 19 20 29 30 18 16 7 6 9 11 5 2 4 13 17 23 24 26 25 22 21 28 31 
0 3 1 8 10 33 32 27 14 15 12 19 20 29 30 18 16 7 6 9 11 5 2 4 13 17 23 24 26 25 22 21 28 31 
0 3 1 8 10 33 32 27 14 15 12 19 20 29 30 18 16 7 6 9 11 5 2 4 13 17 23 24 26 25 22 21 28 31 
0 3 1 8 10 33 32 27 14 15 12 19 20 29 30 18 16 7 6 9 11 5 2 4 13 17 23 24 26 25 22 21 28 31 
0 3 1 8 10 33 32 27 14 15 12 19 20 29 30 18 16 7 6 9 11 5 2 4 13 17 23 24 26 25 22 21 28 31 
0 3 1 11 10 33 32 27 14 15 19 12 20 29 30 18 16 7 6 9 8 5 2 4 13 17 23 24 26 25 22 21 28 31 
0 3 1 8 10 33 32 14 15 19 12 20 29 30 27 18 16 7 6 9 11 5 2 4 13 17 23 24 26 25 22 21 28 31 
0 3 1 8 10 33 32 27 14 15 19 20 12 29 30 18 16 7 6 9 11 5 2 4 13 17 23 24 26 25 22 21 28 31 
0 3 7 6 9 11 5 2 4 1 13 20 29 30 18 16 8 10 33 32 27 14 15 19 12 17 23 24 26 25 22 21 28 31 
0 3 1 8 10 33 32 27 14 15 19 12 20 29 30 18 13 7 6 9 11 5 2 4 16 17 23 24 26 25 22 21 28 31 
0 3 1 8 10 33 32 27 14 15 19 12 20 29 30 18 13 7 6 9 11 5 2 4 16 17 23 24 26 25 22 21 28 31 
0 3 1 8 10 33 32 27 14 15 19 12 17 29 30 18 16 7 6 9 11 5 2 4 13 20 23 24 26 25 22 21 28 31 
0 3 8 10 33 32 27 14 15 19 12 20 29 30 18 13 7 6 9 11 5 2 4 1 16 17 23 24 26 25 22 21 28 31 
0 3 8 10 33 32 27 14 15 19 12 20 29 30 18 13 7 6 9 11 5 2 4 1 16 17 23 24 26 25 22 21 28 31 
0 3 1 8 10 33 32 27 14 15 19 12 20 29 30 18 16 7 6 5 11 9 2 4 13 17 23 24 26 25 22 21 28 31 
0 3 1 8 10 33 32 27 14 15 19 12 20 29 30 18 16 7 6 9 11 5 2 4 13 17 23 24 26 25 22 21 28 31 
0 3 1 8 10 33 32 27 14 15 19 12 20 29 30 18 16 7 6 9 11 5 2 4 13 17 23 24 26 25 22 21 28 31 
0 3 1 8 10 33 32 27 14 15 19 12 20 29 30 18 16 7 6 9 11 5 2 4 13 17 23 24 26 25 22 21 28 31 
0 3 1 8 10 33 32 27 14 15 19 12 20 29 30 18 16 7 6 9 11 5 2 4 13 17 23 24 26 25 22 21 28 31 
0 3 1 8 10 33 32 27 14 15 19 12 20 29 30 18 16 7 6 9 11 5 2 4 13 17 23 24 26 25 22 21 28 31 
0 3 1 8 10 33 32 27 14 15 19 12 20 29 30 18 16 7 6 9 11 5 2 4 13 17 23 24 26 25 22 21 28 31 
0 3 1 8 10 33 32 27 14 15 19 12 20 29 30 18 16 7 6 9 11 5 2 4 13 17 23 24 26 25 22 21 28 31 
0 3 1 8 10 33 32 27 14 15 19 12 20 29 30 18 16 7 6 9 11 5 2 4 13 17 23 24 26 25 22 21 28 31 
0 3 1 8 10 33 32 27 14 15 19 12 20 29 30 18 16 7 6 9 11 5 2 4 13 17 23 24 26 25 22 21 28 31 
0 3 1 8 10 33 32 27 14 15 19 12 20 29 30 18 16 7 6 9 11 5 2 4 13 17 23 24 26 25 22 21 28 31 
0 3 1 8 10 33 32 27 14 15 19 12 20 29 30 18 16 7 6 9 11 5 2 4 13 17 23 24 26 25 22 21 28 31 
0 3 1 8 10 33 32 27 14 15 19 12 20 29 30 18 16 7 6 9 11 5 2 4 13 17 23 24 26 25 22 21 28 31 
0 3 1 8 10 33 32 27 14 15 19 12 20 29 30 18 16 7 6 9 11 5 2 4 13 17 23 24 26 25 22 21 28 31 
0 3 1 8 10 33 32 27 14 15 19 12 20 29 30 18 16 7 6 9 11 5 2 4 13 17 23 24 26 25 22 21 28 31 
0 3 1 8 10 33 32 27 14 15 19 12 20 29 30 18 16 7 6 9 11 5 2 4 13 17 23 24 26 25 22 21 28 31 
0 3 1 8 10 33 32 27 14 15 19 12 20 29 30 18 16 7 6 9 11 5 2 4 13 17 23 24 26 25 22 21 28 31 
0 3 1 8 10 33 32 27 14 15 19 12 20 29 30 18 16 7 6 9 11 5 2 4 13 17 23 24 26 25 22 21 28 31 
0 3 1 8 10 33 32 27 14 15 19 12 20 29 30 18 16 7 6 9 11 5 2 4 13 17 23 24 26 25 22 21 28 31 
0 3 1 8 10 33 32 27 14 15 19 12 20 29 30 18 16 7 6 9 11 5 2 4 13 17 23 24 26 25 22 21 28 31 
0 3 1 8 10 33 32 27 14 15 19 12 20 29 30 18 16 7 6 9 11 5 2 4 13 17 23 24 26 25 22 21 28 31 
0 3 1 8 10 33 32 27 14 15 19 12 20 29 30 18 16 7 6 9 11 5 2 4 13 17 23 24 26 25 22 21 28 31 
0 3 1 8 10 33 32 27 14 15 19 12 20 29 30 18 16 7 6 9 11 5 2 4 13 17 23 24 26 25 22 21 28 31 
0 3 1 8 10 33 32 27 14 15 19 12 20 29 30 18 16 7 6 9 11 5 2 4 13 17 23 24 26 25 22 21 28 31 
0 3 1 8 10 33 32 27 14 15 19 12 20 29 30 18 16 7 6 9 11 5 2 4 13 17 23 24 26 25 22 21 28 31 
0 3 1 8 10 33 32 27 14 15 19 12 20 29 30 18 16 7 6 9 11 5 2 4 13 17 23 24 26 25 22 21 28 31 
0 3 1 8 10 33 32 27 14 15 19 12 20 29 30 18 16 7 6 9 11 5 2 4 13 17 23 24 26 25 22 21 28 31 
0 3 1 8 10 33 32 27 14 15 19 12 20 29 30 18 16 7 6 9 11 5 2 4 13 17 23 24 26 25 22 21 28 31 
0 3 1 8 10 33 32 27 14 15 19 12 20 29 30 18 16 7 6 9 11 5 2 4 13 17 23 24 26 25 22 21 28 31 
0 3 1 8 10 33 32 27 14 15 19 12 20 29 30 18 16 7 6 9 11 5 2 4 13 17 23 24 26 25 22 21 28 31 
0 3 1 8 10 33 32 27 14 15 19 12 20 29 30 18 16 7 6 11 9 5 2 4 13 17 23 24 26 25 22 21 28 31 
0 3 1 8 10 33 32 27 15 14 19 12 20 29 30 18 16 7 6 9 11 5 2 4 13 17 23 24 26 25 22 21 28 31 
0 3 1 8 10 33 32 27 18 15 19 12 20 29 30 14 16 7 6 9 11 5 2 4 13 17 23 24 26 25 22 21 28 31 
0 3 1 8 10 33 32 27 25 15 19 12 20 29 30 18 16 7 6 9 11 5 2 4 13 14 17 23 24 26 22 21 28 31 
0 3 1 8 10 33 32 27 14 15 19 12 20 29 30 18 16 7 6 9 11 4 2 5 13 17 23 24 26 25 22 21 28 31 
0 3 1 8 10 33 32 27 14 15 19 12 11 20 29 30 18 16 7 6 9 5 2 4 13 17 23 24 26 25 22 21 28 31 
0 3 1 8 10 33 32 27 28 14 15 19 12 20 29 30 18 16 7 6 9 11 5 2 4 13 17 23 24 26 25 22 21 31 
0 3 1 8 10 33 32 27 14 15 19 12 20 25 17 18 13 4 9 5 11 21 22 23 28 26 31 29 30 24 16 7 6 2 
0 3 8 10 33 32 27 14 15 19 12 20 29 30 18 16 7 6 9 11 5 2 4 1 13 17 23 24 26 25 22 21 28 31 
0 2 11 3 1 8 10 33 32 27 14 15 12 19 20 29 30 18 16 7 6 9 5 4 13 17 23 24 26 25 22 21 28 31 
0 3 7 6 9 11 5 2 4 1 13 20 29 30 18 16 8 10 33 32 27 14 15 19 12 17 23 24 26 25 22 21 31 28 
0 3 1 8 10 33 32 27 14 15 19 12 20 25 17 18 13 4 9 11 5 21 22 23 28 26 31 29 30 24 16 7 6 2 
0 3 1 8 10 5 2 4 13 17 22 21 28 11 9 6 7 16 18 30 29 33 32 27 14 15 19 12 20 23 24 26 25 31 
0 3 7 6 9 11 5 2 1 8 10 33 32 27 14 15 19 12 20 29 30 18 16 4 13 17 23 24 26 25 22 21 28 31 
0 3 1 8 10 33 32 27 14 15 19 12 20 29 30 18 16 7 6 9 11 5 2 4 13 17 25 23 24 26 22 21 28 31 
0 3 1 8 10 33 32 27 14 15 12 19 20 29 30 18 16 7 6 9 11 5 2 4 13 17 25 22 21 28 23 24 26 31 
0 3 1 8 10 33 32 27 14 15 19 12 20 29 30 18 16 7 6 9 11 5 4 13 17 22 21 28 25 23 24 26 31 2 
0 3 1 8 10 33 32 27 14 15 19 12 20 29 30 18 16 7 6 9 11 13 5 2 4 17 23 24 26 25 22 21 28 31 
0 3 1 8 12 10 33 32 27 17 30 28 29 14 15 19 20 18 16 7 6 9 5 2 11 4 13 23 24 26 25 22 21 31 
0 3 1 8 10 33 32 27 14 15 19 12 20 29 30 18 16 7 6 9 11 5 2 4 13 21 23 24 26 25 22 17 28 31 
0 3 1 8 10 33 32 27 14 15 19 12 20 29 30 18 16 7 6 9 11 5 2 4 13 17 23 24 21 25 28 26 22 31 
0 3 11 8 10 33 32 27 14 15 19 12 20 29 30 18 16 7 6 9 1 5 2 4 13 17 23 24 26 25 22 21 28 31 
0 3 1 8 9 11 5 2 6 13 17 23 24 26 25 22 21 28 31 10 33 32 27 14 15 19 12 20 29 30 18 16 7 4 
0 3 1 11 10 33 32 27 14 15 19 12 20 29 30 18 16 7 6 9 8 5 2 4 13 17 22 21 28 31 23 24 26 25 
0 3 1 8 10 33 29 27 28 32 14 15 19 12 20 30 18 16 7 6 9 11 5 2 4 13 17 23 24 26 25 22 21 31 
0 3 8 10 33 32 27 14 15 1 12 19 20 29 30 18 16 7 6 9 11 5 2 4 13 17 23 24 26 25 22 21 28 31 
0 3 1 2 11 5 7 4 28 17 23 24 26 13 14 22 21 18 16 9 6 8 10 33 32 27 25 15 19 12 20 29 31 30 
0 3 1 8 10 33 32 27 14 15 19 12 20 29 30 18 16 7 6 9 11 5 2 4 13 17 23 24 26 25 28 21 22 31 
0 3 1 8 10 33 32 27 18 15 19 12 20 29 30 14 16 7 6 9 11 5 2 4 13 17 23 22 21 28 24 26 25 31 
0 3 1 8 10 13 4 2 5 11 9 6 7 16 18 30 29 20 12 19 15 14 27 32 33 17 23 25 22 21 28 24 26 31 
0 3 1 8 33 32 27 14 15 19 12 20 29 30 18 16 7 6 11 9 5 2 10 4 13 17 23 24 26 25 21 22 28 31 
0 3 1 8 10 33 32 29 28 27 20 12 9 4 17 14 15 19 30 18 16 7 6 11 5 2 13 23 24 26 25 22 21 31 
0 3 1 8 6 33 32 27 18 14 15 19 12 20 29 30 10 16 7 9 11 5 2 4 13 17 23 24 26 25 22 21 28 31 
0 3 1 8 10 33 32 14 15 19 12 7 29 27 30 18 16 20 6 9 11 5 2 4 13 17 23 24 26 25 21 22 28 31 
0 3 1 8 10 33 11 5 2 4 13 17 23 24 26 25 22 21 28 31 32 27 14 15 19 12 20 29 30 18 16 7 6 9 
0 3 1 8 10 9 11 5 2 4 13 17 23 24 26 25 18 16 7 6 30 32 27 14 15 19 12 20 29 33 22 21 28 31 
0 3 7 6 9 11 5 2 4 1 13 20 29 30 18 16 8 10 33 32 27 25 15 19 12 14 23 24 26 31 28 17 22 21 
0 3 8 1 10 33 32 27 14 15 19 12 20 29 30 18 16 7 6 9 11 5 2 4 13 17 23 21 26 25 22 24 28 31 
0 3 1 8 10 33 2 4 13 17 19 12 20 29 30 18 14 16 7 6 9 11 5 32 27 25 15 23 24 26 22 21 28 31 
0 3 1 8 10 33 32 27 14 15 19 12 20 29 30 18 16 7 6 9 11 5 2 4 13 17 23 24 26 25 22 28 21 31 
0 3 1 16 30 29 20 12 19 15 14 27 32 33 10 8 7 6 9 11 5 2 4 13 28 23 24 26 22 21 18 17 25 31 
0 3 7 6 9 11 5 2 4 1 13 20 29 19 18 16 8 10 33 32 27 14 15 30 12 17 23 24 26 25 22 21 28 31 
0 3 1 8 10 33 32 27 25 15 19 12 20 29 30 28 18 16 7 6 2 11 5 9 4 13 17 22 21 14 23 24 26 31 
0 3 1 8 10 33 32 27 14 15 19 12 20 29 30 18 16 7 6 9 11 5 2 4 13 17 23 28 22 26 25 24 21 31 
0 3 1 8 10 33 32 27 25 15 19 4 7 29 30 18 16 20 6 9 11 2 5 12 13 17 22 21 14 23 24 26 28 31 
0 3 1 11 10 33 32 27 14 25 15 19 12 20 29 30 28 18 16 7 6 2 8 5 9 4 13 17 22 21 23 24 26 31 
0 3 1 8 10 33 32 27 25 15 19 12 14 20 29 30 18 16 7 6 9 11 5 2 4 13 17 23 24 26 22 28 21 31 
0 3 1 11 10 33 32 27 14 15 19 12 20 29 30 18 16 7 6 9 8 5 2 4 13 17 23 24 26 25 22 31 21 28 
0 3 1 8 10 33 27 25 15 19 17 24 14 32 31 26 28 23 22 21 11 5 9 4 13 12 20 29 30 18 16 7 6 2 
0 3 1 8 10 33 32 27 14 15 29 12 20 19 30 18 13 4 2 5 11 9 6 7 16 17 23 24 26 25 22 21 28 31 
0 3 1 8 10 33 32 27 25 15 19 12 20 29 30 18 16 7 6 9 11 5 2 4 13 17 22 21 24 23 28 14 26 31 
0 3 1 8 10 33 32 27 25 15 19 12 20 29 30 18 16 7 6 9 11 14 5 2 4 13 17 23 24 26 22 21 28 31 
0 3 1 11 10 33 32 27 14 15 19 12 8 16 20 29 30 18 7 6 9 5 2 4 13 17 23 28 26 24 25 22 21 31 
0 3 1 8 10 33 32 27 25 15 19 12 20 29 30 18 16 7 6 9 11 5 2 4 13 17 22 21 28 14 23 24 26 31 
0 3 1 8 10 33 32 27 25 15 19 12 20 29 30 18 16 11 2 5 7 9 6 4 13 17 22 21 28 14 23 24 26 31 
0 3 6 8 10 33 32 27 14 15 9 11 5 2 4 13 17 23 24 19 12 20 29 30 18 16 7 1 26 25 22 21 28 31 
0 3 1 11 10 33 32 27 14 15 8 19 12 20 29 30 18 16 7 6 9 5 2 4 13 17 23 24 26 25 22 21 28 31 
0 3 1 8 10 33 21 27 14 15 19 12 20 29 30 18 16 7 6 9 11 5 2 4 13 17 23 24 26 25 22 32 31 28 
0 3 1 8 10 33 32 27 14 15 12 20 29 30 18 16 7 6 9 11 5 19 2 4 13 17 23 24 26 25 22 21 28 31 
0 3 1 8 10 33 32 27 14 15 19 12 2 5 13 17 22 21 23 24 26 28 31 20 29 30 25 4 18 16 7 6 9 11 
0 3 1 8 10 33 32 27 14 15 11 19 12 20 26 25 22 21 7 6 9 5 2 4 13 17 23 24 29 30 18 16 28 31 
0 3 7 8 10 33 32 27 25 15 19 12 20 29 30 1 5 2 4 13 17 22 21 28 18 16 6 9 11 14 23 24 26 31 
0 3 1 11 10 33 32 27 14 15 19 12 20 29 30 18 16 7 6 9 8 5 2 4 25 17 23 24 26 13 22 21 28 31 
0 3 1 8 10 5 2 4 13 17 22 21 28 29 30 7 33 32 27 25 15 19 12 20 18 16 6 9 11 24 14 23 26 31 
0 3 1 8 10 33 32 27 28 25 15 19 12 20 29 16 18 30 7 6 9 11 5 2 4 13 17 22 21 24 23 14 26 31 
0 3 1 8 10 33 32 27 28 25 15 19 12 20 29 16 18 30 7 6 9 11 5 2 4 13 17 22 21 24 23 14 26 31 
0 3 1 8 10 33 32 27 25 15 19 12 20 29 31 18 16 7 6 14 9 11 5 2 4 13 17 23 24 26 22 21 28 30 
0 3 1 8 10 33 32 27 25 15 19 12 20 29 30 18 16 7 6 2 11 5 9 4 13 17 22 14 23 24 26 21 28 31 
0 3 1 8 10 13 30 2 5 11 9 6 7 16 18 4 33 32 27 14 15 29 12 20 19 17 23 24 26 25 22 21 28 31 
0 3 9 8 10 33 32 1 27 29 15 19 12 20 14 30 18 16 7 6 11 5 2 4 13 17 23 24 26 25 22 21 28 31 
0 3 1 8 10 33 32 27 28 29 20 12 9 4 17 23 24 14 15 19 30 18 16 7 6 11 5 2 13 26 25 22 21 31 
0 3 1 8 10 33 32 27 25 15 19 12 20 29 30 18 16 7 6 9 11 5 2 4 13 17 28 23 24 26 14 22 21 31 
0 3 1 8 33 32 27 14 12 25 15 19 17 24 31 26 28 20 29 30 18 16 7 6 9 11 10 5 2 4 13 22 21 23 
0 32 1 8 10 33 3 27 14 15 19 12 20 29 30 18 16 7 6 9 11 5 2 4 13 17 23 24 26 25 22 21 28 31 
0 3 1 8 33 10 32 27 14 15 19 12 20 29 30 18 16 7 6 9 11 5 2 4 13 17 23 24 26 25 22 21 28 31 
0 3 1 8 10 33 32 27 28 29 20 12 25 15 19 30 18 16 7 6 2 11 5 9 4 13 17 23 22 24 14 21 26 31 
0 3 1 8 10 33 32 27 28 29 20 21 25 15 19 30 26 22 11 14 16 12 9 4 17 23 24 18 7 6 5 2 13 31 
0 3 1 8 10 33 32 27 25 15 19 4 20 29 30 14 12 18 16 7 6 9 11 5 2 13 17 23 24 26 22 21 28 31 
0 3 1 8 10 33 32 27 14 15 19 12 20 29 30 31 6 18 16 7 5 9 4 2 11 13 17 22 23 28 24 26 21 25 
0 3 1 6 9 11 5 2 4 13 17 23 24 26 14 21 28 31 7 8 10 12 32 27 25 15 19 33 22 20 29 30 18 16 
0 3 8 10 33 32 27 25 15 19 12 20 29 30 18 16 7 6 11 2 1 9 5 4 13 17 22 21 14 23 28 24 26 31 
0 3 1 8 6 9 11 5 2 4 13 17 23 24 30 18 16 7 10 33 32 27 14 15 19 28 20 29 26 25 22 21 12 31 
0 3 1 8 10 33 32 27 14 15 19 12 20 29 30 18 31 25 16 17 7 6 9 11 5 2 4 13 23 24 26 22 21 28 
0 3 1 8 10 33 32 16 7 6 9 11 5 2 4 13 17 27 25 15 19 12 20 14 29 30 18 23 24 26 22 21 28 31 
0 3 1 8 10 33 24 27 14 15 19 12 20 29 30 18 16 7 6 9 11 5 2 4 13 17 23 32 26 25 22 21 28 31 
0 3 1 8 10 33 32 27 25 15 19 12 20 29 30 18 16 7 6 2 11 5 9 4 13 17 22 21 14 28 23 24 26 31 
0 3 1 8 31 12 14 10 33 32 27 25 15 19 20 29 30 18 16 7 6 9 11 5 2 4 13 17 23 24 26 22 21 28 
0 3 8 10 33 32 27 14 15 19 12 20 29 30 18 7 6 9 11 5 2 4 16 1 13 17 23 24 26 25 22 21 28 31 
0 3 16 7 6 9 11 5 2 4 13 17 23 29 30 18 1 8 10 33 32 27 14 15 19 12 20 24 26 25 22 21 28 31 
0 3 1 8 10 33 32 27 25 15 19 14 29 30 18 12 20 28 16 7 6 2 11 5 9 4 13 17 22 21 23 24 26 31 
0 4 1 8 10 33 3 13 17 23 24 26 25 22 21 28 16 7 6 9 11 5 2 32 27 20 29 30 18 14 15 19 12 31 
0 3 1 8 10 33 32 27 25 15 19 12 20 29 30 18 16 14 7 6 9 11 5 2 4 13 31 23 24 26 22 21 28 17 
0 3 1 8 10 33 32 27 14 31 19 12 20 29 30 18 16 7 6 9 11 5 2 4 13 17 23 24 26 25 22 21 15 28 
0 3 1 8 10 33 32 27 14 15 19 12 20 29 6 7 16 18 30 9 11 5 2 4 13 17 23 24 26 25 22 21 28 31 
0 3 1 8 10 16 32 27 14 15 19 12 20 29 30 18 33 7 6 9 11 5 2 4 13 17 23 24 26 28 22 21 25 31 
0 3 1 8 10 33 32 27 25 15 19 12 30 14 20 29 18 16 7 6 9 11 5 2 4 13 17 22 21 28 23 24 26 31 
0 3 1 8 10 23 33 32 27 14 15 19 12 20 11 29 30 18 16 7 6 9 5 2 4 13 17 24 26 25 22 21 28 31 
0 3 1 8 10 33 32 27 14 15 19 12 20 29 18 16 7 6 9 11 5 2 4 13 17 30 23 25 28 24 26 22 21 31 
0 3 1 8 10 18 32 16 7 6 9 11 5 2 4 13 17 27 25 15 19 14 12 20 29 30 33 23 24 26 22 21 28 31 
0 8 1 3 10 33 32 27 25 15 19 12 20 29 30 18 16 5 7 6 9 11 14 2 4 13 17 23 24 26 22 21 28 31 
0 3 1 8 10 33 32 27 14 15 19 12 20 29 30 28 9 4 17 25 18 16 7 6 2 11 5 13 22 21 23 24 26 31 
0 3 1 8 10 33 32 27 28 29 20 12 9 4 17 23 22 26 25 15 19 14 30 18 16 7 6 2 11 5 13 21 24 31 
0 3 8 10 33 32 27 14 15 19 12 20 29 30 18 13 7 6 9 11 5 2 4 1 22 24 17 23 31 25 16 26 21 28 
0 3 1 8 10 33 32 27 28 29 20 12 25 15 19 30 18 16 7 6 2 11 5 9 4 13 17 23 22 26 14 21 24 31 
0 3 1 8 10 33 32 27 14 15 19 12 25 20 29 30 18 16 7 6 9 11 5 2 4 13 31 22 21 28 23 24 26 17 
0 3 1 8 10 33 32 27 15 14 19 12 31 6 20 29 30 18 16 7 9 11 5 2 4 13 17 23 24 26 25 22 21 28 
0 3 1 8 10 33 32 27 14 15 12 19 20 29 30 18 16 7 6 9 28 23 26 13 17 24 25 31 22 21 4 5 11 2 
0 3 1 8 10 33 32 27 25 15 19 12 20 2 4 13 16 7 6 9 11 5 29 30 18 17 22 21 24 23 28 14 26 31 
0 3 8 10 5 1 16 2 4 17 23 24 26 25 22 21 28 31 9 11 33 32 27 14 15 19 12 20 29 30 18 13 7 6 
0 3 1 8 10 33 32 27 28 29 20 12 25 15 19 30 18 16 7 14 6 9 11 5 2 4 13 17 23 24 26 22 21 31 
0 3 1 8 10 33 27 25 15 19 17 24 14 32 31 26 28 23 22 21 11 5 12 20 29 30 18 16 7 6 9 2 4 13 
0 3 1 11 10 33 32 27 14 15 19 12 20 29 30 18 16 7 6 9 8 5 25 17 24 31 26 28 23 22 21 4 13 2 
0 3 8 10 33 32 16 14 15 26 25 21 22 11 27 29 30 18 7 6 9 5 2 4 13 17 23 24 19 12 20 1 28 31 
0 3 1 8 10 33 32 27 14 15 12 19 20 29 30 18 23 17 25 7 6 2 11 5 9 4 28 16 13 22 21 24 26 31 
0 3 1 8 6 9 11 2 4 16 17 23 24 26 22 21 28 31 13 7 10 33 32 27 25 15 19 12 20 29 30 5 14 18 
0 3 1 8 10 33 32 27 14 15 19 12 20 4 30 18 16 7 6 9 11 5 2 29 13 17 23 24 26 25 22 21 28 31 
0 3 1 8 10 33 32 27 14 15 19 12 20 4 30 18 16 7 6 9 11 5 2 29 13 17 23 24 26 25 22 21 28 31 
0 3 9 8 10 33 32 27 28 29 20 12 1 4 17 23 19 24 13 14 22 15 26 30 18 16 7 11 5 6 2 25 21 31 
0 3 1 8 10 33 32 27 6 15 19 12 20 29 30 18 16 7 14 9 11 5 2 4 13 17 23 24 26 25 22 21 28 31 
0 3 7 15 19 12 17 18 23 24 26 25 22 21 28 31 10 33 32 27 14 6 9 11 5 2 4 1 13 20 29 30 16 8 
0 3 1 8 10 33 5 27 14 15 19 12 20 29 30 18 16 7 6 9 11 32 2 4 13 17 25 22 21 24 23 28 26 31 
0 3 1 6 7 16 18 28 23 24 26 13 14 22 21 4 9 5 11 2 8 10 33 32 27 30 29 20 12 19 15 17 31 25 
0 3 7 6 2 33 32 27 25 15 19 12 20 29 14 30 22 1 8 10 18 16 9 11 5 4 13 17 23 24 26 21 28 31 
0 4 1 8 10 33 3 13 17 23 24 26 25 22 21 28 16 7 6 9 11 5 2 32 27 14 15 19 12 20 29 30 18 31 
0 3 1 8 19 33 32 27 14 15 7 6 9 11 5 2 16 12 10 20 29 30 18 4 13 17 23 24 26 25 22 21 28 31 
0 3 1 6 10 33 32 27 25 15 19 12 20 29 28 8 14 30 18 16 7 9 11 5 2 4 13 17 23 24 26 22 21 31 
0 3 1 8 10 33 32 27 14 15 19 12 20 29 30 18 16 7 6 9 28 23 26 13 17 24 25 31 22 21 4 5 11 2 
0 3 1 8 33 32 20 17 29 27 12 19 15 25 30 18 16 10 14 7 6 9 11 5 2 4 13 23 24 26 22 21 28 31 
0 30 18 16 7 6 9 11 14 15 19 12 29 3 1 8 10 33 32 27 25 5 2 4 13 17 22 21 28 23 24 20 26 31 
0 3 1 8 10 9 11 5 2 4 13 17 23 24 26 25 18 16 7 30 32 27 14 15 19 12 20 29 33 22 21 28 6 31 
0 3 8 10 33 32 27 25 15 31 12 20 29 30 18 16 7 6 11 1 9 5 2 4 13 17 22 21 24 23 28 26 14 19 
0 3 2 8 10 33 32 27 14 15 12 20 25 30 29 18 17 4 5 11 1 6 7 16 13 22 21 28 19 9 23 24 26 31 
0 1 8 3 10 33 27 25 15 19 17 24 14 32 31 26 28 23 22 21 29 20 12 16 18 13 2 9 4 7 6 11 5 30 
0 3 1 11 10 33 32 27 14 15 19 12 20 29 6 18 16 7 30 9 8 5 2 4 13 17 23 24 26 25 22 21 28 31 
0 3 1 8 10 33 32 27 14 15 19 12 20 29 30 18 16 7 6 9 11 25 2 5 4 13 28 23 24 26 22 17 21 31 
0 3 8 10 33 32 27 14 4 16 1 13 17 23 24 26 25 22 21 28 31 15 19 12 20 29 30 18 7 6 9 11 5 2 
0 3 1 8 10 33 32 27 15 14 19 12 31 6 20 29 30 18 16 7 5 9 4 2 11 13 17 22 23 28 24 26 21 25 
0 3 9 8 10 33 32 27 28 1 25 15 22 21 23 29 30 18 16 7 6 11 5 13 4 2 17 19 12 20 26 24 14 31 
0 3 1 8 10 33 32 27 14 15 19 12 20 29 30 18 16 7 6 28 25 2 11 5 9 4 13 17 26 22 23 21 24 31 
0 3 1 8 10 33 32 27 28 29 20 12 9 4 25 15 19 23 17 30 5 11 2 6 7 16 22 24 18 13 21 14 26 31 
0 31 12 14 18 16 7 5 9 4 27 25 15 19 20 29 30 3 1 8 10 33 32 2 11 13 17 22 23 28 24 26 21 6 
0 6 9 11 5 2 14 23 24 26 31 28 4 13 17 22 21 7 3 1 8 10 33 32 29 25 15 19 12 20 27 30 18 16 
0 3 1 8 10 33 32 27 14 15 29 12 20 19 30 18 16 25 4 9 13 11 2 7 6 5 17 22 21 28 23 24 26 31 
0 3 1 8 10 33 32 27 25 15 19 12 29 30 11 16 7 6 9 18 5 2 4 13 17 22 21 28 20 14 23 24 26 31 
0 3 1 8 10 33 32 27 21 17 29 20 12 16 15 25 30 18 19 23 14 13 24 26 22 28 4 7 6 2 11 5 9 31 
0 3 1 8 33 32 27 25 15 5 12 20 29 30 18 16 7 6 9 11 19 2 4 13 17 10 14 23 24 26 22 21 28 31 
0 3 1 23 8 10 33 32 27 14 15 19 12 20 29 24 17 13 4 2 5 11 9 6 7 16 25 30 18 22 21 28 26 31 
0 3 1 8 31 33 16 14 15 19 12 17 23 24 26 25 22 21 28 10 32 27 7 6 9 11 5 2 4 13 20 29 30 18 
0 3 1 8 10 33 5 2 4 13 17 28 23 24 26 21 22 7 6 9 11 14 32 27 25 15 19 12 20 29 30 18 16 31 
0 3 1 8 26 13 12 33 32 27 25 15 19 10 20 29 30 28 18 16 7 6 2 11 5 9 4 17 22 21 14 23 24 31 
0 1 8 10 28 32 27 14 15 18 16 7 6 30 19 12 20 29 9 11 5 2 4 13 17 23 24 26 25 22 21 33 3 31 
0 3 1 11 10 33 32 27 14 15 19 12 8 20 29 30 18 16 7 6 9 5 2 25 13 17 23 24 26 4 22 21 28 31 
0 3 1 11 10 33 32 27 14 15 19 12 20 29 30 18 16 7 6 9 8 5 2 31 25 17 4 21 22 13 26 24 23 28 
0 21 1 8 10 33 32 27 14 15 19 12 20 29 30 18 16 7 6 9 11 5 2 4 13 17 23 24 26 25 22 3 28 31 
0 3 1 8 10 33 32 27 14 15 19 12 20 29 30 18 16 7 6 25 9 11 5 2 4 24 26 28 23 13 17 21 22 31 
0 3 1 8 10 33 32 27 14 15 19 23 31 28 21 22 26 24 13 18 16 20 7 6 2 11 5 9 4 30 25 12 29 17 
0 3 1 8 10 33 32 27 28 29 20 12 9 4 17 23 22 26 19 15 25 30 18 16 5 11 2 14 7 6 13 24 21 31 
0 3 1 8 10 33 32 27 28 29 20 7 2 9 23 22 15 21 13 19 25 12 11 18 17 30 14 16 4 6 5 24 26 31 
0 3 1 8 10 33 32 27 14 15 19 12 20 29 30 17 23 24 26 4 22 21 28 31 13 18 16 7 6 9 11 5 2 25 
0 3 1 8 10 33 27 14 15 19 12 20 11 5 2 4 13 6 9 29 30 18 16 7 17 23 24 32 26 25 22 21 28 31 
0 1 8 10 33 32 27 25 15 31 12 3 14 28 18 19 20 29 30 16 7 6 2 11 9 4 5 13 17 24 26 22 23 21 
0 3 1 8 10 33 32 2 4 13 22 23 24 26 25 17 21 28 6 9 11 5 27 14 15 19 12 20 29 30 18 16 7 31 
0 3 1 8 10 33 32 27 25 15 19 17 24 14 31 26 28 23 22 21 11 5 9 4 13 12 6 7 30 2 20 29 16 18 
0 3 1 8 10 33 32 27 20 12 19 15 25 29 14 30 18 16 7 6 2 11 5 9 4 13 23 24 26 28 17 22 21 31 
0 3 1 8 10 33 32 27 25 15 19 18 16 7 12 20 29 30 28 6 2 11 9 4 17 23 26 5 13 14 22 31 24 21 
0 3 1 8 23 16 7 6 9 11 5 2 4 13 15 14 29 17 27 32 33 10 22 25 26 24 19 12 20 30 18 21 28 31 
0 7 6 9 11 5 2 4 13 25 17 22 21 28 23 24 16 3 8 10 33 32 27 14 15 19 12 20 29 30 18 1 26 31 
0 3 1 6 7 16 18 28 23 15 27 13 32 26 17 20 12 19 24 25 30 29 31 14 22 21 4 9 5 11 2 8 10 33 
0 3 1 8 10 33 32 27 25 15 19 12 20 29 14 30 18 16 7 4 13 17 23 24 6 9 11 5 2 26 22 21 28 31 
0 3 1 8 10 33 32 27 28 29 5 9 4 13 17 23 22 26 14 21 24 11 20 12 25 15 19 30 18 16 7 6 2 31 
0 30 18 16 7 6 9 5 2 4 13 17 24 26 25 23 3 1 11 10 33 32 27 14 15 19 12 20 29 8 22 21 28 31 
0 3 1 8 10 33 32 27 28 29 20 21 25 15 19 30 26 16 11 14 22 12 9 18 2 4 13 17 23 5 7 6 24 31 
0 3 25 8 10 33 32 27 1 15 19 12 20 29 30 18 16 7 6 9 11 14 5 2 4 13 17 23 24 26 22 21 28 31 
0 3 1 8 10 33 32 27 15 14 29 28 20 12 9 4 25 19 23 17 30 5 11 2 6 7 16 22 24 26 13 18 21 31 
0 3 1 8 10 33 6 9 11 18 2 4 13 20 29 30 5 16 7 32 27 25 14 15 19 12 17 23 24 26 22 21 28 31 
0 3 1 8 10 33 32 27 25 15 19 12 30 29 20 18 16 26 13 5 11 2 7 22 21 31 28 6 4 23 24 17 14 9 
0 3 1 8 10 33 31 27 29 20 7 19 15 25 30 9 6 12 16 14 32 18 11 5 2 4 13 17 23 24 26 22 21 28 
0 3 1 8 10 33 31 27 29 20 12 19 15 25 30 9 6 7 16 14 32 18 11 5 2 4 13 17 23 24 26 22 28 21 
0 3 1 8 10 33 32 27 14 15 19 12 20 25 29 30 18 16 7 26 9 11 5 2 4 13 17 22 21 28 23 24 6 31 
0 3 1 8 10 33 5 2 4 13 17 23 24 25 22 21 7 31 6 9 11 32 27 14 15 19 12 20 29 30 18 16 28 26 
0 3 1 8 4 33 32 6 2 11 5 13 17 23 24 26 31 14 18 19 30 16 7 27 28 29 20 12 9 10 25 15 22 21 
0 3 1 8 10 33 23 32 27 25 20 19 14 24 17 7 6 2 12 15 29 30 22 16 5 9 11 4 13 26 28 31 18 21 
0 3 1 8 10 33 32 27 14 15 19 12 20 17 30 28 29 9 4 23 22 26 13 24 21 31 11 25 18 16 7 6 2 5 
0 3 1 24 10 33 32 27 14 9 6 7 16 18 30 29 20 19 12 15 11 5 2 4 13 17 23 8 26 25 22 21 28 31 
0 3 1 15 10 33 32 27 14 8 19 12 20 29 24 18 16 7 6 9 11 5 2 4 13 17 31 26 23 22 21 28 25 30 
0 3 1 8 10 33 32 27 25 15 19 12 29 30 18 16 7 6 22 11 5 2 4 13 17 9 21 28 20 14 23 24 26 31 
0 3 9 8 10 33 32 27 28 1 25 15 22 21 23 4 13 17 19 12 31 24 26 20 29 30 18 16 7 6 11 5 2 14 
0 3 1 8 10 33 2 9 27 28 29 20 12 4 17 23 19 24 13 14 22 15 26 30 18 16 7 11 5 6 32 25 21 31 
0 3 31 26 23 22 21 11 5 9 4 13 30 18 16 7 6 2 1 8 10 33 32 19 28 29 15 14 27 12 20 17 24 25 
0 3 1 8 10 33 32 27 17 29 20 24 16 12 28 18 13 31 19 15 25 14 21 22 26 23 11 5 9 4 30 7 6 2 
0 3 1 8 10 33 32 27 14 15 25 19 12 20 29 30 18 16 7 6 2 11 5 9 28 4 17 23 24 26 13 22 21 31 
0 3 1 8 10 33 32 27 14 15 19 12 20 29 30 18 16 7 6 2 25 22 5 9 11 4 13 23 24 26 28 17 31 21 
0 3 1 8 10 25 27 32 33 15 19 12 20 29 30 18 7 22 6 2 9 11 5 4 13 17 16 21 28 14 23 24 26 31 
0 31 12 14 3 1 8 10 33 32 27 15 4 20 29 30 18 16 7 6 9 11 5 2 19 13 17 23 24 26 25 22 21 28 
0 3 1 8 10 33 32 27 22 15 19 12 20 29 30 2 5 9 4 7 25 11 31 18 17 16 6 13 14 21 28 23 24 26 
0 28 1 8 10 33 32 27 14 15 19 12 20 16 30 18 29 7 6 9 11 5 2 4 13 17 23 24 26 25 22 21 3 31 
0 3 1 8 10 33 32 27 6 25 15 19 5 2 4 13 17 23 24 26 22 11 12 20 29 30 28 18 16 7 9 21 14 31 
0 3 1 8 10 33 24 26 5 2 4 13 17 23 32 27 25 22 21 28 11 14 15 19 12 20 29 30 18 16 7 6 9 31 
0 3 1 8 10 33 12 27 25 32 14 15 19 20 17 18 13 4 9 5 11 21 22 23 28 26 31 7 30 24 16 29 6 2 
0 3 1 8 10 33 32 27 17 29 20 12 25 15 19 30 18 16 7 6 2 11 5 9 4 13 28 23 22 26 14 21 24 31 
0 23 1 10 8 3 33 32 27 25 15 14 28 21 22 17 13 4 9 5 11 2 6 7 16 18 30 20 29 12 19 24 26 31 
0 3 1 8 10 33 32 27 25 15 29 17 24 14 31 26 28 22 12 20 19 30 18 16 7 6 2 11 5 9 4 13 21 23 
0 3 1 8 33 10 32 27 28 29 20 12 7 2 6 5 16 18 26 24 23 17 4 9 30 11 15 14 19 13 25 22 21 31 
0 3 1 8 10 33 13 27 25 15 19 12 20 29 30 18 16 7 6 2 11 5 9 4 32 17 24 14 31 26 28 23 22 21 
0 3 1 20 10 33 32 27 14 15 19 25 7 12 8 29 30 18 16 6 9 11 5 2 4 17 28 23 24 26 13 22 21 31 
0 30 1 3 8 2 27 5 9 4 7 25 15 19 12 10 33 32 14 20 29 18 16 6 11 13 17 23 24 26 22 21 28 31 
0 3 31 11 5 9 4 13 12 20 29 30 18 16 7 6 2 33 1 22 8 10 23 32 27 24 14 21 17 25 15 19 26 28 
0 3 7 6 2 33 32 27 25 15 19 12 20 29 14 1 8 10 23 24 17 31 26 28 22 21 11 5 9 4 13 30 18 16 
0 3 1 8 28 11 5 2 4 13 17 23 24 26 25 22 9 21 31 10 33 32 27 14 15 19 12 20 29 30 18 16 7 6 
0 3 1 8 10 33 13 27 25 15 19 12 20 29 30 5 16 14 28 21 31 26 2 4 32 7 6 9 11 18 17 22 23 24 
0 3 1 8 10 33 32 27 21 17 29 20 12 16 15 25 30 18 19 7 6 2 11 5 9 28 4 23 24 26 13 14 22 31 
0 20 1 33 10 8 32 27 25 15 19 17 23 26 31 29 3 12 30 18 16 7 9 2 11 5 6 4 13 22 21 24 14 28 
0 3 1 8 10 33 32 27 25 15 19 12 20 29 14 30 22 16 7 6 24 26 28 17 18 21 23 2 11 5 9 4 13 31 
0 3 1 8 10 33 13 31 29 20 12 19 15 25 30 9 6 7 16 14 32 18 11 5 2 4 27 17 23 24 26 22 21 28 
0 3 8 10 33 32 27 14 15 19 12 20 29 30 18 13 1 25 5 16 7 6 9 11 2 4 28 21 31 26 17 22 23 24 
0 3 1 8 10 33 28 27 32 29 31 17 23 24 26 13 18 16 7 6 22 21 20 12 9 4 19 30 11 25 15 5 2 14 
0 3 1 8 10 33 27 25 32 28 21 31 19 30 11 15 18 16 7 6 2 5 29 20 12 9 4 17 23 24 26 13 14 22 
0 3 9 8 10 33 32 27 13 29 20 12 1 4 17 23 26 24 28 14 22 19 15 31 30 25 18 16 7 2 11 5 21 6 
0 3 1 8 10 33 32 27 25 15 19 12 20 29 30 14 18 28 6 9 11 21 31 26 5 17 7 2 4 13 22 16 23 24 
0 23 1 8 10 33 32 27 14 15 19 12 20 29 30 18 16 7 6 9 11 5 24 4 13 17 3 2 25 22 21 28 26 31 
0 3 1 8 10 33 32 27 25 14 19 13 20 29 15 30 18 16 7 5 17 6 2 11 9 24 22 12 21 31 28 23 26 4 
0 3 1 8 10 33 2 11 5 9 4 13 17 31 28 26 24 14 22 32 27 25 15 19 12 20 29 6 18 16 7 30 21 23 
0 3 1 6 7 16 18 28 23 15 26 13 32 27 17 20 12 19 24 25 8 10 33 14 29 30 9 11 5 2 4 22 21 31 
0 30 22 15 24 4 1 3 8 32 33 10 27 28 18 16 23 14 5 2 6 9 29 20 12 7 11 21 17 13 19 25 26 31 
0 3 1 8 10 33 32 27 14 28 29 20 12 9 30 17 23 22 26 19 15 25 4 18 16 5 11 2 6 7 24 13 21 31 
0 3 1 8 10 33 26 22 19 9 21 4 13 32 31 11 24 23 2 30 28 16 15 18 25 27 29 20 17 12 7 6 5 14 
0 3 1 8 10 33 32 27 17 29 20 12 19 15 14 21 31 24 13 28 23 22 26 2 4 11 30 18 16 7 6 9 25 5 
0 3 1 13 14 21 31 23 22 15 25 30 18 16 5 24 26 33 8 10 32 27 28 29 20 12 9 4 17 7 6 2 11 19 
0 5 1 8 10 33 32 27 14 15 19 12 20 4 13 17 25 31 28 21 11 3 2 29 30 18 16 7 6 22 9 24 23 26 
0 3 1 8 10 33 24 22 19 9 21 4 13 32 31 11 26 23 2 30 28 16 15 18 25 27 29 20 17 12 7 6 5 14 
0 3 1 8 10 33 32 30 22 15 24 4 20 9 23 26 17 13 27 28 16 11 5 2 6 7 18 25 19 12 14 29 21 31 
0 3 1 8 10 33 32 27 14 15 19 12 20 29 30 25 28 9 4 17 6 23 24 26 13 22 18 16 7 2 11 5 31 21 
0 3 1 8 10 33 32 30 22 15 24 4 20 9 23 26 17 13 27 28 16 11 5 2 6 7 18 25 19 12 29 14 21 31 
0 3 1 8 10 33 32 29 22 15 24 4 11 2 5 20 9 23 26 13 14 18 7 6 16 28 27 17 30 12 19 25 21 31 
0 3 1 10 8 33 32 27 11 17 29 12 19 23 22 26 16 7 6 2 5 15 25 30 18 28 20 9 4 24 13 14 21 31 
0 3 1 8 10 33 32 27 28 15 19 12 20 29 30 18 2 4 13 17 23 5 16 21 25 26 11 14 22 9 24 7 6 31 
0 3 21 10 33 32 27 25 15 19 12 20 29 18 8 16 7 6 9 11 5 2 4 13 30 31 17 1 22 14 26 24 23 28 
0 3 26 8 10 33 32 27 25 15 19 12 20 29 30 18 16 7 6 9 11 5 2 22 13 17 28 23 24 1 14 4 21 31 
0 3 1 8 10 33 32 27 17 31 6 7 18 16 22 21 28 23 14 11 30 4 9 5 29 20 12 19 15 25 2 13 24 26 
0 3 1 18 16 7 32 27 25 15 19 8 10 33 12 30 29 17 4 5 20 11 2 6 13 22 21 28 9 14 23 24 26 31 
0 3 1 6 7 16 5 28 23 15 26 13 32 27 17 20 12 19 24 25 8 10 33 14 29 30 9 11 18 2 4 22 21 31 
0 30 1 2 3 8 10 33 7 11 13 22 24 14 32 17 18 6 19 5 31 12 9 23 27 15 20 29 4 16 26 25 21 28 
0 3 1 8 10 33 32 30 22 15 24 4 20 9 23 26 17 13 27 28 14 31 5 2 6 7 18 25 19 12 29 16 11 21 
0 1 8 10 33 16 27 25 15 31 12 3 14 4 28 29 20 9 17 23 22 26 19 30 18 32 7 6 11 5 2 13 24 21 
0 18 1 2 3 8 10 33 7 11 13 22 24 14 32 17 30 6 19 5 31 12 9 23 29 25 16 26 4 27 21 15 20 28 
0 3 1 8 26 13 25 5 11 2 15 7 16 22 21 31 18 10 33 32 27 19 12 30 29 20 6 23 4 9 14 24 17 28 
0 3 1 8 10 33 26 11 25 5 13 2 15 7 16 22 21 31 18 28 9 4 23 24 32 27 17 29 20 12 14 6 19 30 
0 16 12 21 31 7 14 13 18 5 17 6 4 24 29 15 11 22 20 3 32 8 10 33 1 27 19 25 30 9 2 28 23 26 
