0 19 31 77 90 23 79 55 107 24 29 27 54 92 46 17 8 9 75 85 7 35 20 11 59 22 42 25 37 45 44 70 93 32 5 81 83 109 94 68 51 2 69 82 36 78 84 103 100 39 101 74 10 99 64 33 14 57 80 66 52 106 108 98 15 91 16 28 71 49 67 56 58 12 47 26 102 104 60 105 13 3 95 30 41 88 6 1 38 43 53 50 72 73 76 34 4 89 40 48 62 87 63 86 21 18 61 96 97 65 
0 19 31 77 90 23 79 55 107 24 29 27 54 92 46 17 8 9 75 85 7 35 20 11 59 22 42 25 37 45 44 70 93 32 5 81 83 109 94 68 51 2 69 82 36 78 84 103 100 39 101 74 10 99 64 33 14 57 80 66 52 106 108 98 15 91 16 28 71 49 67 56 58 12 47 26 102 104 60 105 13 3 95 30 41 88 6 1 38 43 53 50 72 73 76 34 4 89 40 48 62 87 63 86 21 18 61 96 97 65 
0 19 31 77 90 23 79 55 107 24 29 27 54 92 46 17 8 9 75 85 7 35 20 11 59 22 42 25 37 45 44 70 93 32 5 81 83 109 94 68 51 2 69 82 36 78 84 103 100 39 101 74 10 99 64 33 14 57 80 66 52 106 108 98 15 91 16 28 71 49 67 56 58 12 47 26 102 104 60 105 13 3 95 30 41 88 6 1 38 43 53 50 72 73 76 34 4 89 40 48 62 87 63 86 21 18 61 96 97 65 
0 19 31 77 90 23 79 55 107 24 29 27 54 92 46 17 8 9 75 85 7 35 20 11 59 22 42 25 37 45 44 70 93 32 5 81 83 109 94 68 51 2 69 82 36 78 84 103 100 39 101 74 10 99 64 33 14 57 80 66 52 106 108 98 15 91 16 28 71 49 67 56 58 12 47 26 102 104 60 105 13 3 95 30 41 88 6 1 38 43 53 50 72 73 76 34 4 89 40 48 62 87 63 86 21 18 61 96 97 65 
0 19 31 77 90 23 79 55 107 24 29 27 54 92 46 17 8 9 75 85 7 35 20 11 59 22 42 25 37 45 44 70 93 32 5 81 83 109 94 68 51 2 69 82 36 78 84 103 100 39 101 74 10 99 64 33 14 57 80 66 52 106 108 98 15 91 16 28 71 49 67 56 58 12 47 26 102 104 60 105 13 3 95 30 41 88 6 1 38 43 53 50 72 73 76 34 4 89 40 48 62 87 63 86 21 18 61 96 97 65 
0 19 31 77 90 23 79 55 107 24 29 27 54 92 46 17 8 9 75 85 7 35 20 11 59 22 42 25 37 45 44 70 93 32 5 81 83 109 94 68 51 2 69 82 36 78 84 103 100 39 101 74 10 99 64 33 14 57 80 66 52 106 108 98 15 91 16 28 71 49 67 56 58 12 47 26 102 104 60 105 13 3 95 30 41 88 6 1 38 43 53 50 72 73 76 34 4 89 40 48 62 87 63 86 21 18 61 96 97 65 
0 19 31 77 90 23 79 55 107 24 29 27 54 92 46 17 8 9 75 85 7 35 20 11 59 22 42 25 37 45 44 70 93 32 5 81 83 109 94 68 51 2 69 82 36 78 84 103 100 39 101 74 10 99 64 33 14 57 80 66 52 106 108 98 15 91 16 28 71 49 67 56 58 12 47 26 102 104 60 105 13 3 95 30 41 88 6 1 38 43 53 50 72 73 76 34 4 89 40 48 62 87 63 86 21 18 61 96 97 65 
0 19 31 77 90 23 79 55 107 24 29 27 54 92 46 17 8 9 75 85 7 35 20 11 59 22 42 25 37 45 44 70 93 32 5 81 83 109 94 68 51 2 69 82 36 78 84 103 100 39 101 74 10 99 64 33 14 57 80 66 52 106 108 98 15 91 16 28 71 49 67 56 58 12 47 26 102 104 60 105 13 3 95 30 41 88 6 1 38 43 53 50 72 73 76 34 4 89 40 48 62 87 63 86 21 18 61 96 97 65 
0 19 31 77 90 23 79 55 107 24 29 27 54 92 46 17 8 9 75 85 7 35 20 11 59 22 42 25 37 45 44 70 93 32 5 81 83 109 94 68 51 2 69 82 36 78 84 103 100 39 101 74 10 99 64 33 14 57 80 66 52 106 108 98 15 91 16 28 71 49 67 56 58 12 47 26 102 104 60 105 13 3 95 30 41 88 6 1 38 43 53 50 72 73 76 34 4 89 40 48 62 87 63 86 21 18 61 96 97 65 
0 19 31 77 90 23 79 55 107 24 29 27 54 92 46 17 8 9 75 85 7 35 20 11 59 22 42 25 37 45 44 70 93 32 5 81 83 109 94 68 51 2 69 82 36 78 84 103 100 39 101 74 10 99 64 33 14 57 80 66 52 106 108 98 15 91 16 28 71 49 67 56 58 12 47 26 102 104 60 105 13 3 95 30 41 88 6 1 38 43 53 50 72 73 76 34 4 89 40 48 62 87 63 86 21 18 61 96 97 65 
0 19 31 77 90 23 79 55 107 24 29 27 54 92 46 17 8 9 75 85 7 35 20 11 59 22 42 25 37 45 44 70 93 32 5 81 83 109 94 68 51 2 69 82 36 78 84 103 100 39 101 74 10 99 64 33 14 57 80 66 52 106 108 98 15 91 16 28 71 49 67 56 58 12 47 26 102 104 60 105 13 3 95 30 41 88 6 1 38 43 53 50 72 73 76 34 4 89 40 48 62 87 63 86 21 18 61 96 97 65 
0 19 31 77 90 23 79 55 107 24 29 27 54 92 46 17 8 9 75 85 7 35 20 11 59 22 42 25 37 45 44 70 93 32 5 81 83 109 94 68 51 2 69 82 36 78 84 103 100 39 101 74 10 99 64 33 14 57 80 66 52 106 108 98 15 91 16 28 71 49 67 56 58 12 47 26 102 104 60 105 13 3 95 30 41 88 6 1 38 43 53 50 72 73 76 34 4 89 40 48 62 87 63 86 21 18 61 96 97 65 
0 19 31 77 90 23 79 55 107 24 29 27 54 92 46 17 8 9 75 85 7 35 20 11 59 22 42 25 37 45 44 70 93 32 5 81 83 109 94 68 51 2 69 82 36 78 84 103 100 39 101 74 10 99 64 33 14 57 80 66 52 106 108 98 15 91 16 28 71 49 67 56 58 12 47 26 102 104 60 105 13 3 95 30 41 88 6 1 38 43 53 50 72 73 76 34 4 89 40 48 62 87 63 86 21 18 61 96 97 65 
0 19 31 77 90 23 79 55 107 24 29 27 54 92 46 17 8 9 75 85 7 35 20 11 59 22 42 25 37 45 44 70 93 32 5 81 83 109 94 68 51 2 69 82 36 78 84 103 100 39 101 74 10 99 64 33 14 57 80 66 52 106 108 98 15 91 16 28 71 49 67 56 58 12 47 26 102 104 60 105 13 3 95 30 41 88 6 1 38 43 53 50 72 73 76 34 4 89 40 48 62 87 63 86 21 18 61 96 97 65 
0 19 31 77 90 23 79 55 107 24 29 27 54 92 46 17 8 9 75 85 7 35 20 11 59 22 42 25 37 45 44 70 93 32 5 81 83 109 94 68 51 2 69 82 36 78 84 103 100 39 101 74 10 99 64 33 14 57 80 66 52 106 108 98 15 91 16 28 71 49 67 56 58 12 47 26 102 104 60 105 13 3 95 30 41 88 6 1 38 43 53 50 72 73 76 34 4 89 40 48 62 87 63 86 21 18 61 96 97 65 
0 19 31 77 90 23 79 55 107 24 29 27 54 92 46 17 8 9 75 85 7 35 20 11 59 22 42 25 37 45 44 70 93 32 5 81 83 109 94 68 51 2 69 82 36 78 84 103 100 39 101 74 10 99 64 33 14 57 80 66 52 106 108 98 15 91 16 28 71 49 67 56 58 12 47 26 102 104 60 105 13 3 95 30 41 88 6 1 38 43 53 50 72 73 76 34 4 89 40 48 62 87 63 86 21 18 61 96 97 65 
0 19 31 77 90 23 79 55 107 24 29 27 54 92 46 17 8 9 75 85 7 35 20 11 59 22 42 25 37 45 44 70 93 32 5 81 83 109 94 68 51 2 69 82 36 78 84 103 100 39 101 74 10 99 64 33 14 57 80 66 52 106 108 98 15 91 16 28 71 49 67 56 58 12 47 26 102 104 60 105 13 3 95 30 41 88 6 1 38 43 53 50 72 73 76 34 4 89 40 48 62 87 63 86 21 18 61 96 97 65 
0 19 31 77 90 23 79 55 107 24 29 27 54 92 46 17 8 9 75 85 7 35 20 11 59 22 42 25 37 45 44 70 93 32 5 81 83 109 94 68 51 2 69 82 36 78 84 103 100 39 101 74 10 99 64 33 14 57 80 66 52 106 108 98 15 91 16 28 71 49 67 56 58 12 47 26 102 104 60 105 13 3 95 30 41 88 6 1 38 43 53 50 72 73 76 34 4 89 40 48 62 87 63 86 21 18 61 96 97 65 
0 19 31 77 90 23 79 55 107 24 29 27 54 92 46 17 8 9 75 85 7 35 20 11 59 22 42 25 37 45 44 70 93 32 5 81 83 109 94 68 51 2 69 82 36 78 84 103 100 39 101 74 10 99 64 33 14 57 80 66 52 106 108 98 15 91 16 28 71 49 67 56 58 12 47 26 102 104 60 105 13 3 95 30 41 88 6 1 38 43 53 50 72 73 76 34 4 89 40 48 62 87 63 86 21 18 61 96 97 65 
0 19 31 77 90 23 79 55 107 24 29 27 54 92 46 17 8 9 75 85 7 35 20 11 59 22 42 25 37 45 44 70 93 32 5 81 83 109 94 68 51 2 69 82 36 78 84 103 100 39 101 74 10 99 64 33 14 57 80 66 52 106 108 98 15 91 16 28 71 49 67 56 58 12 47 26 102 104 60 105 13 3 95 30 41 88 6 1 38 43 53 50 72 73 76 34 4 89 40 48 62 87 63 86 21 18 61 96 97 65 
0 19 31 77 90 23 79 55 107 24 29 27 54 92 46 17 8 9 75 85 7 35 20 11 59 22 42 25 37 45 44 70 93 32 5 81 83 109 94 68 51 2 69 82 36 78 84 103 100 39 101 74 10 99 64 33 14 57 80 66 52 106 108 98 15 91 16 28 71 49 67 56 58 12 47 26 102 104 60 105 13 3 95 30 41 88 6 1 38 43 53 50 72 73 76 34 4 89 40 48 62 87 63 86 21 18 61 96 97 65 
0 19 31 77 90 23 79 55 107 24 29 27 54 92 46 17 8 9 75 85 7 35 20 11 59 22 42 25 37 45 44 70 93 32 5 81 83 109 94 68 51 2 69 82 36 78 84 103 100 39 101 74 10 99 64 33 14 57 80 66 52 106 108 98 15 91 16 28 71 49 67 56 58 12 47 26 102 104 60 105 13 3 95 30 41 88 6 1 38 43 53 50 72 73 76 34 4 89 40 48 62 87 63 86 21 18 61 96 97 65 
0 19 31 77 90 23 79 55 107 24 29 27 54 92 46 17 8 9 75 85 7 35 20 11 59 22 42 25 37 45 44 70 93 32 5 81 83 109 94 68 51 2 69 82 36 78 84 103 100 39 101 74 10 99 64 33 14 57 80 66 52 106 108 98 15 91 16 28 71 49 67 56 58 12 47 26 102 104 60 105 13 3 95 30 41 88 6 1 38 43 53 50 72 73 76 34 4 89 40 48 62 87 63 86 21 18 61 96 97 65 
0 19 31 77 90 23 79 55 107 24 29 27 54 92 46 17 8 9 75 85 7 35 20 11 59 22 42 25 37 45 44 70 93 32 5 81 83 109 94 68 51 2 69 82 36 78 84 103 100 39 101 74 10 99 64 33 14 57 80 66 52 106 108 98 15 91 16 28 71 49 67 56 58 12 47 26 102 104 60 105 13 3 95 30 41 88 6 1 38 43 53 50 72 73 76 34 4 89 40 48 62 87 63 86 21 18 61 96 97 65 
0 19 31 77 90 23 79 55 107 24 29 27 54 92 46 17 8 9 75 85 7 35 20 11 59 22 42 25 37 45 44 70 93 32 5 81 83 109 94 68 51 2 69 82 36 78 84 103 100 39 101 74 10 99 64 33 14 57 80 66 52 106 108 98 15 91 16 28 71 49 67 56 58 12 47 26 102 104 60 105 13 3 95 30 41 88 6 1 38 43 53 50 72 73 76 34 4 89 40 48 62 87 63 86 21 18 61 96 97 65 
0 19 31 77 90 23 79 55 107 24 29 27 54 92 46 17 8 9 75 85 7 35 20 11 59 22 42 25 37 45 44 70 93 32 5 81 83 109 94 68 51 2 69 82 36 78 84 103 100 39 101 74 10 99 64 33 14 57 80 66 52 106 108 98 15 91 16 28 71 49 67 56 58 12 47 26 102 104 60 105 13 3 95 30 41 88 6 1 38 43 53 50 72 73 76 34 4 89 40 48 62 87 63 86 21 18 61 96 97 65 
0 19 31 77 90 23 79 55 107 24 29 27 54 92 46 17 8 9 75 85 7 35 20 11 59 22 42 25 37 45 44 70 93 32 5 81 83 109 94 68 51 2 69 82 36 78 84 103 100 39 101 74 10 99 64 33 14 57 80 66 52 106 108 98 15 91 16 28 71 49 67 56 58 12 47 26 102 104 60 105 13 3 95 30 41 88 6 1 38 43 53 50 72 73 76 34 4 89 40 48 62 87 63 86 21 18 61 96 97 65 
0 19 31 77 90 23 79 55 107 24 29 27 54 92 46 17 8 9 75 85 7 35 20 11 59 22 42 25 37 45 44 70 93 32 5 81 83 109 94 68 51 2 69 82 36 78 84 103 100 39 101 74 10 99 64 33 14 57 80 66 52 106 108 98 15 91 16 28 71 49 67 56 58 12 47 26 102 104 60 105 13 3 95 30 41 88 6 1 38 43 53 50 72 73 76 34 4 89 40 48 62 87 63 86 21 18 61 96 97 65 
0 19 31 77 90 23 79 55 107 24 29 27 54 92 46 17 8 9 75 85 7 35 20 11 59 22 42 25 37 45 44 70 93 32 5 81 83 109 94 68 51 2 69 82 36 78 84 103 100 39 101 74 10 99 64 33 14 57 80 66 52 106 108 98 15 91 16 28 71 49 67 56 58 12 47 26 102 104 60 105 13 3 95 30 41 88 6 1 38 43 53 50 72 73 76 34 4 89 40 48 62 87 63 86 21 18 61 96 97 65 
0 19 31 77 90 23 79 55 107 24 29 27 54 92 46 17 8 9 75 85 7 35 20 11 59 22 42 25 37 45 44 70 93 32 5 81 83 109 94 68 51 2 69 82 36 78 84 103 100 39 101 74 10 99 64 33 14 57 80 66 52 106 108 98 15 91 16 28 71 49 67 56 58 12 47 26 102 104 60 105 13 3 95 30 41 88 6 1 38 43 53 50 72 73 76 34 4 89 40 48 62 87 63 86 21 18 61 96 97 65 
0 19 31 77 90 23 79 55 107 24 29 27 54 92 46 17 8 9 75 85 7 35 20 11 59 22 42 25 37 45 44 70 93 32 5 81 83 109 94 68 51 2 69 82 36 78 84 103 100 39 101 74 10 99 64 33 14 57 80 66 52 106 108 98 15 91 16 28 71 49 67 56 58 12 47 26 102 104 60 105 13 3 95 30 41 88 6 1 38 43 53 50 72 73 76 34 4 89 40 48 62 87 63 86 21 18 61 96 97 65 
0 19 31 77 90 23 79 55 107 24 29 27 54 92 46 17 8 9 75 85 7 35 20 11 59 22 42 25 37 45 44 70 93 32 5 81 83 109 94 68 51 2 69 82 36 78 84 103 100 39 101 74 10 99 64 33 14 57 80 66 52 106 108 98 15 91 16 28 71 49 67 56 58 12 47 26 102 104 60 105 13 3 95 30 41 88 6 1 38 43 53 50 72 73 76 34 4 89 40 48 62 87 63 86 21 18 61 96 97 65 
0 19 31 77 90 23 79 55 107 24 29 27 54 92 46 17 8 9 75 85 7 35 20 11 59 22 42 25 37 45 44 70 93 32 5 81 83 109 94 68 51 2 69 82 36 78 84 103 100 39 101 74 10 99 64 33 14 57 80 66 52 106 108 98 15 91 16 28 71 49 67 56 58 12 47 26 102 104 60 105 13 3 95 30 41 88 6 1 38 43 53 50 72 73 76 34 4 89 40 48 62 87 63 86 21 18 61 96 97 65 
0 19 31 77 90 23 79 55 107 24 29 27 54 92 46 17 8 9 75 85 7 35 20 11 59 22 42 25 37 45 44 70 93 32 5 81 83 109 94 68 51 2 69 82 36 78 84 103 100 39 101 74 10 99 64 33 14 57 80 66 52 106 108 98 15 91 16 28 71 49 67 56 58 12 47 26 102 104 60 105 13 3 95 30 41 88 6 1 38 43 53 50 72 73 76 34 4 89 40 48 62 87 63 86 21 18 61 96 97 65 
0 19 31 77 90 23 79 55 107 24 29 27 54 92 46 17 8 9 75 85 7 35 20 11 59 22 42 25 37 45 44 70 93 32 5 81 83 109 94 68 51 2 69 82 36 78 84 103 100 39 101 74 10 99 64 33 14 57 80 66 52 106 108 98 15 91 16 28 71 49 67 56 58 12 47 26 102 104 60 105 13 3 95 30 41 88 6 1 38 43 53 50 72 73 76 34 4 89 40 48 62 87 63 86 21 18 61 96 97 65 
0 19 31 77 90 23 79 55 107 24 29 27 54 92 46 17 8 9 75 85 7 35 20 11 59 22 42 25 37 45 44 70 93 32 5 81 83 109 94 68 51 2 69 82 36 78 84 103 100 39 101 74 10 99 64 33 14 57 80 66 52 106 108 98 15 91 16 28 71 49 67 56 58 12 47 26 102 104 60 105 13 3 95 30 41 88 6 1 38 43 53 50 72 73 76 34 4 89 40 48 62 87 63 86 21 18 61 96 97 65 
0 19 31 77 90 23 79 55 107 24 29 27 54 92 46 17 8 9 75 85 7 35 20 11 59 22 42 25 37 45 44 70 93 32 5 81 83 109 94 68 51 2 69 82 36 78 84 103 100 39 101 74 10 99 64 33 14 57 80 66 52 106 108 98 15 91 16 28 71 49 67 56 58 12 47 26 102 104 60 105 13 3 95 30 41 88 6 1 38 43 53 50 72 73 76 34 4 89 40 48 62 87 63 86 21 18 61 96 97 65 
0 19 31 77 90 23 79 55 107 24 29 27 54 92 46 17 8 9 75 85 7 35 20 11 59 22 42 25 37 45 44 70 93 32 5 81 83 109 94 68 51 2 69 82 36 78 84 103 100 39 101 74 10 99 64 33 14 57 80 66 52 106 108 98 15 91 16 28 71 49 67 56 58 12 47 26 102 104 60 105 13 3 95 30 41 88 6 1 38 43 53 50 72 73 76 34 4 89 40 48 62 87 63 86 21 18 61 96 97 65 
0 19 31 77 90 23 79 55 107 24 29 27 54 92 46 17 8 9 75 85 7 35 20 11 59 22 42 25 37 45 44 70 93 32 5 81 83 109 94 68 51 2 69 82 36 78 84 103 100 39 101 74 10 99 64 33 14 57 80 66 52 106 108 98 15 91 16 28 71 49 67 56 58 12 47 26 102 104 60 105 13 3 95 30 41 88 6 1 38 43 53 50 72 73 76 34 4 89 40 48 62 87 63 86 21 18 61 96 97 65 
0 19 31 77 90 23 79 55 107 24 29 27 54 92 46 17 8 9 75 85 7 35 20 11 59 22 42 25 37 45 44 70 93 32 5 81 83 109 94 68 51 2 69 82 36 78 84 103 100 39 101 74 10 99 64 33 14 57 80 66 52 106 108 98 15 91 16 28 71 49 67 56 58 12 47 26 102 104 60 105 13 3 95 30 41 88 6 1 38 43 53 50 72 73 76 34 4 89 40 48 62 87 63 86 21 18 61 96 97 65 
0 19 31 77 90 23 79 55 107 24 29 27 54 92 46 17 8 9 75 85 7 35 20 11 59 22 42 25 37 45 44 70 93 32 5 81 83 109 94 68 51 2 69 82 36 78 84 103 100 39 101 74 10 99 64 33 14 57 80 66 52 106 108 98 15 91 16 28 71 49 67 56 58 12 47 26 102 104 60 105 13 3 95 30 41 88 6 1 38 43 53 50 72 73 76 34 4 89 40 48 62 87 63 86 21 18 61 96 97 65 
0 19 31 77 90 23 79 55 107 24 29 27 54 92 46 17 8 9 75 85 7 35 20 11 59 22 42 25 37 45 44 70 93 32 5 81 83 109 94 68 51 2 69 82 36 78 84 103 100 39 101 74 10 99 64 33 14 57 80 66 52 106 108 98 15 91 16 28 71 49 67 56 58 12 47 26 102 104 60 105 13 3 95 30 41 88 6 1 38 43 53 50 72 73 76 34 4 89 40 48 62 87 63 86 21 18 61 96 97 65 
0 19 31 77 90 23 79 55 107 24 29 27 54 92 46 17 8 9 75 85 7 35 20 11 59 22 42 25 37 45 44 70 93 32 5 81 83 109 94 68 51 2 69 82 36 78 84 103 100 39 101 74 10 99 64 33 14 57 80 66 52 106 108 98 15 91 16 28 71 49 67 56 58 12 47 26 102 104 60 105 13 3 95 30 41 88 6 1 38 43 53 50 72 73 76 34 4 89 40 48 62 87 63 86 21 18 61 96 97 65 
0 19 31 77 90 23 79 55 107 24 29 27 54 92 46 17 8 9 75 85 7 35 20 11 59 22 42 25 37 45 44 70 93 32 5 81 83 109 94 68 51 2 69 82 36 78 84 103 100 39 101 74 10 99 64 33 14 57 80 66 52 106 108 98 15 91 16 28 71 49 67 56 58 12 47 26 102 104 60 105 13 3 95 30 41 88 6 1 38 43 53 50 72 73 76 34 4 89 40 48 62 87 63 86 21 18 61 96 97 65 
0 19 31 77 90 23 79 55 107 24 29 27 54 92 46 17 8 9 75 85 7 35 20 11 59 22 42 25 37 45 44 70 93 32 5 81 83 109 94 68 51 2 69 82 36 78 84 103 100 39 101 74 10 99 64 33 14 57 80 66 52 106 108 98 15 91 16 28 71 49 67 56 58 12 47 26 102 104 60 105 13 3 95 30 41 88 6 1 38 43 53 50 72 73 76 34 4 89 40 48 62 87 63 86 21 18 61 96 97 65 
0 19 31 77 90 23 79 55 107 24 29 27 54 92 46 17 8 9 75 85 7 35 20 11 59 22 42 25 37 45 44 70 93 32 5 81 83 109 94 68 51 2 69 82 36 78 84 103 100 39 101 74 10 99 64 33 14 57 80 66 52 106 108 98 15 91 16 28 71 49 67 56 58 12 47 26 102 104 60 105 13 3 95 30 41 88 6 1 38 43 53 50 72 73 76 34 4 89 40 48 62 87 63 86 21 18 61 96 97 65 
0 19 31 77 90 23 79 55 107 24 29 27 54 92 46 17 8 9 75 85 7 35 20 11 59 22 42 25 37 45 44 70 93 32 5 81 83 109 94 68 51 2 69 82 36 78 84 103 100 39 101 74 10 99 64 33 14 57 80 66 52 106 108 98 15 91 16 28 71 49 67 56 58 12 47 26 102 104 60 105 13 3 95 30 41 88 6 1 38 43 53 50 72 73 76 34 4 89 40 48 62 87 63 86 21 18 61 96 97 65 
0 19 31 77 90 23 79 55 107 24 29 27 54 92 46 17 8 9 75 85 7 35 20 11 59 22 42 25 37 45 44 70 93 32 5 81 83 109 94 68 51 2 69 82 36 78 84 103 100 39 101 74 10 99 64 33 14 57 80 66 52 106 108 98 15 91 16 28 71 49 67 56 58 12 47 26 102 104 60 105 13 3 95 30 41 88 6 1 38 43 53 50 72 73 76 34 4 89 40 48 62 87 63 86 21 18 61 96 97 65 
0 19 31 77 90 23 79 55 107 24 29 27 54 92 46 17 8 9 75 85 7 35 20 11 59 22 42 25 37 45 44 70 93 32 5 81 83 109 94 68 51 2 69 82 36 78 84 103 100 39 101 74 10 99 64 33 14 57 80 66 52 106 108 98 15 91 16 28 71 49 67 56 58 12 47 26 102 104 60 105 13 3 95 30 41 88 6 1 38 43 53 50 72 73 76 34 4 89 40 48 62 87 63 86 21 18 61 96 97 65 
0 19 31 77 90 23 79 55 107 24 29 27 54 92 46 17 8 9 75 85 7 35 20 11 59 22 42 25 37 45 44 70 93 32 5 81 83 109 94 68 51 2 69 82 36 78 84 103 100 39 101 74 10 99 64 33 14 57 80 66 52 106 108 98 15 91 16 28 71 49 67 56 58 12 47 26 102 104 60 105 13 3 95 30 41 88 6 1 38 43 53 50 72 73 76 34 4 89 40 48 62 87 63 86 21 18 61 96 97 65 
0 19 31 77 90 23 79 55 107 24 29 27 54 92 46 17 8 9 75 85 7 35 20 11 59 22 42 25 37 45 44 70 93 32 5 81 83 109 94 68 51 2 69 82 36 78 84 103 100 39 101 74 10 99 64 33 14 57 80 66 52 106 108 98 15 91 16 28 71 49 67 56 58 12 47 26 102 104 60 105 13 3 95 30 41 88 6 1 38 43 53 50 72 73 76 34 4 89 40 48 62 87 63 86 21 18 61 96 97 65 
0 19 31 77 90 23 79 55 107 24 29 27 54 92 46 17 8 9 75 85 7 35 20 11 59 22 42 25 37 45 44 70 93 32 5 81 83 109 94 68 51 2 69 82 36 78 84 103 100 39 101 74 10 99 64 33 14 57 80 66 52 106 108 98 15 91 16 28 71 49 67 56 58 12 47 26 102 104 60 105 13 3 95 30 41 88 6 1 38 43 53 50 72 73 76 34 4 89 40 48 62 87 63 86 21 18 61 96 97 65 
0 19 31 77 90 23 79 55 107 24 29 27 54 92 46 17 8 9 75 85 7 35 20 11 59 22 42 25 37 45 44 70 93 32 5 81 83 109 94 68 51 2 69 82 36 78 84 103 100 39 101 74 10 99 64 33 14 57 80 66 52 106 108 98 15 91 16 28 71 49 67 56 58 12 47 26 102 104 60 105 13 3 95 30 41 88 6 1 38 43 53 50 72 73 76 34 4 89 40 48 62 87 63 86 21 18 61 96 97 65 
0 19 31 77 90 23 79 55 107 24 29 27 54 92 46 17 8 9 75 85 7 35 20 11 59 22 42 25 37 45 44 70 93 32 5 81 83 109 94 68 51 2 69 82 36 78 84 103 100 39 101 74 10 99 64 33 14 57 80 66 52 106 108 98 15 91 16 28 71 49 67 56 58 12 47 26 102 104 60 105 13 3 95 30 41 88 6 1 38 43 53 50 72 73 76 34 4 89 40 48 62 87 63 86 21 18 61 96 97 65 
0 19 31 77 90 23 79 55 107 24 29 27 54 92 46 17 8 9 75 85 7 35 20 11 59 22 42 25 37 45 44 70 93 32 5 81 83 109 94 68 51 2 69 82 36 78 84 103 100 39 101 74 10 99 64 33 14 57 80 66 52 106 108 98 15 91 16 28 71 49 67 56 58 12 47 26 102 104 60 105 13 3 95 30 41 88 6 1 38 43 53 50 72 73 76 34 4 89 40 48 62 87 63 86 21 18 61 96 97 65 
0 19 31 77 90 23 79 55 107 24 29 27 54 92 46 17 8 9 75 85 7 35 20 11 59 22 42 25 37 45 44 70 93 32 5 81 83 109 94 68 51 2 69 82 36 78 84 103 100 39 101 74 10 99 64 33 14 57 80 66 52 106 108 98 15 91 16 28 71 49 67 56 58 12 47 26 102 104 60 105 13 3 95 30 41 88 6 1 38 43 53 50 72 73 76 34 4 89 40 48 62 87 63 86 21 18 61 96 97 65 
0 19 31 77 90 23 79 55 107 24 29 27 54 92 46 17 8 9 75 85 7 35 20 11 59 22 42 25 37 45 44 70 93 32 5 81 83 109 94 68 51 2 69 82 36 78 84 103 100 39 101 74 10 99 64 33 14 57 80 66 52 106 108 98 15 91 16 28 71 49 67 56 58 12 47 26 102 104 60 105 13 3 95 30 41 88 6 1 38 43 53 50 72 73 76 34 4 89 40 48 62 87 63 86 21 18 61 96 97 65 
0 19 31 77 90 23 79 55 107 24 29 27 54 92 46 17 8 9 75 85 7 35 20 11 59 22 42 25 37 45 44 70 93 32 5 81 83 109 94 68 51 2 69 82 36 78 84 103 100 39 101 74 10 99 64 33 14 57 80 66 52 106 108 98 15 91 16 28 71 49 67 56 58 12 47 26 102 104 60 105 13 3 95 30 41 88 6 1 38 43 53 50 72 73 76 34 4 89 40 48 62 87 63 86 21 18 61 96 97 65 
0 19 31 77 90 23 79 55 107 24 29 27 54 92 46 17 8 9 75 85 7 35 20 11 59 22 42 25 37 45 44 70 93 32 5 81 83 109 94 68 51 2 69 82 36 78 84 103 100 39 101 74 10 99 64 33 14 57 80 66 52 106 108 98 15 91 16 28 71 49 67 56 58 12 47 26 102 104 60 105 13 3 95 30 41 88 6 1 38 43 53 50 72 73 76 34 4 89 40 48 62 87 63 86 21 18 61 96 97 65 
0 19 31 77 90 23 79 55 107 24 29 27 54 92 46 17 8 9 75 85 7 35 20 11 59 22 42 25 37 45 44 70 93 32 5 81 83 109 94 68 51 2 69 82 36 78 84 103 100 39 101 74 10 99 64 33 14 57 80 66 52 106 108 98 15 91 16 28 71 49 67 56 58 12 47 26 102 104 60 105 13 3 95 30 41 88 6 1 38 43 53 50 72 73 76 34 4 89 40 48 62 87 63 86 21 18 61 96 97 65 
0 19 31 77 90 23 79 55 107 24 29 27 54 92 46 17 8 9 75 85 7 35 20 11 59 22 42 25 37 45 44 70 93 32 5 81 83 109 94 68 51 2 69 82 36 78 84 103 100 39 101 74 10 99 64 33 14 57 80 66 52 106 108 98 15 91 16 28 71 49 67 56 58 12 47 26 102 104 60 105 13 3 95 30 41 88 6 1 38 43 53 50 72 73 76 34 4 89 40 48 62 87 63 86 21 18 61 96 97 65 
0 19 31 77 90 23 79 55 107 24 29 27 54 92 46 17 8 9 75 85 7 35 20 11 59 22 42 25 37 45 44 70 93 32 5 81 83 109 94 68 51 2 69 82 36 78 84 103 100 39 101 74 10 99 64 33 14 57 80 66 52 106 108 98 15 91 16 28 71 49 67 56 58 12 47 26 102 104 60 105 13 3 95 30 41 88 6 1 38 43 53 50 72 73 76 34 4 89 40 48 62 87 63 86 21 18 61 96 97 65 
0 19 31 77 90 23 79 55 107 24 29 27 54 92 46 17 8 9 75 85 7 35 20 11 59 22 42 25 37 45 44 70 93 32 5 81 83 109 94 68 51 2 69 82 36 78 84 103 100 39 101 74 10 99 64 33 14 57 80 66 52 106 108 98 15 91 16 28 71 49 67 56 58 12 47 26 102 104 60 105 13 3 95 30 41 88 6 1 38 43 53 50 72 73 76 34 4 89 40 48 62 87 63 86 21 18 61 96 97 65 
0 19 31 77 90 23 79 55 107 24 29 27 54 92 46 17 8 9 75 85 7 35 20 11 59 22 42 25 37 45 44 70 93 32 5 81 83 109 94 68 51 2 69 82 36 78 84 103 100 39 101 74 10 99 64 33 14 57 80 66 52 106 108 98 15 91 16 28 71 49 67 56 58 12 47 26 102 104 60 105 13 3 95 30 41 88 6 1 38 43 53 50 72 73 76 34 4 89 40 48 62 87 63 86 21 18 61 96 97 65 
0 19 31 77 90 23 79 55 107 24 29 27 54 92 46 17 8 9 75 85 7 35 20 11 59 22 42 25 37 45 44 70 93 32 5 81 83 109 94 68 51 2 69 82 36 78 84 103 100 39 101 74 10 99 64 33 14 57 80 66 52 106 108 98 15 91 16 28 71 49 67 56 58 12 47 26 102 104 60 105 13 3 95 30 41 88 6 1 38 43 53 50 72 73 76 34 4 89 40 48 62 87 63 86 21 18 61 96 97 65 
0 19 31 77 90 23 79 55 107 24 29 27 54 92 46 17 8 9 75 85 7 35 20 11 59 22 42 25 37 45 44 70 93 32 5 81 83 109 94 68 51 2 69 82 36 78 84 103 100 39 101 74 10 99 64 33 14 57 80 66 52 106 108 98 15 91 16 28 71 49 67 56 58 12 47 26 102 104 60 105 13 3 95 30 41 88 6 1 38 43 53 50 72 73 76 34 4 89 40 48 62 87 63 86 21 18 61 96 97 65 
0 19 31 77 90 23 79 55 107 24 29 27 54 92 46 17 8 9 75 85 7 35 20 11 59 22 42 25 37 45 44 70 93 32 5 81 83 109 94 68 51 2 69 82 36 78 84 103 100 39 101 74 10 99 64 33 14 57 80 66 52 106 108 98 15 91 16 28 71 49 67 56 58 12 47 26 102 104 60 105 13 3 95 30 41 88 6 1 38 43 53 50 72 73 76 34 4 89 40 48 62 87 63 86 21 18 61 96 97 65 
0 19 31 77 90 23 79 55 107 24 29 27 54 92 46 17 8 9 75 85 7 35 20 11 59 22 42 25 37 45 44 70 93 32 5 81 83 109 94 68 51 2 69 82 36 78 84 103 100 39 101 74 10 99 64 33 14 57 80 66 52 106 108 98 15 91 16 28 71 49 67 56 58 12 47 26 102 104 60 105 13 3 95 30 41 88 6 1 38 43 53 50 72 73 76 34 4 89 40 48 62 87 63 86 21 18 61 96 97 65 
0 19 31 77 90 23 79 55 107 24 29 27 54 92 46 17 8 9 75 85 7 35 20 11 59 22 42 25 37 45 44 70 93 32 5 81 83 109 94 68 51 2 69 82 36 78 84 103 100 39 101 74 10 99 64 33 14 57 80 66 52 106 108 98 15 91 16 28 71 49 67 56 58 12 47 26 102 104 60 105 13 3 95 30 41 88 6 1 38 43 53 50 72 73 76 34 4 89 40 48 62 87 63 86 21 18 61 96 97 65 
0 19 31 77 90 23 79 55 107 24 29 27 54 92 46 17 8 9 75 85 7 35 20 11 59 22 42 25 37 45 44 70 93 32 5 81 83 109 94 68 51 2 69 82 36 78 84 103 100 39 101 74 10 99 64 33 14 57 80 66 52 106 108 98 15 91 16 28 71 49 67 56 58 12 47 26 102 104 60 105 13 3 95 30 41 88 6 1 38 43 53 50 72 73 76 34 4 89 40 48 62 87 63 86 21 18 61 96 97 65 
0 19 31 77 90 23 79 55 107 24 29 27 54 92 46 17 8 9 75 85 7 35 20 11 59 22 42 25 37 45 44 70 93 32 5 81 83 109 94 68 51 2 69 82 36 78 84 103 100 39 101 74 10 99 64 33 14 57 80 66 52 106 108 98 15 91 16 28 71 49 67 56 58 12 47 26 102 104 60 105 13 3 95 30 41 88 6 1 38 43 53 50 72 73 76 34 4 89 40 48 62 87 63 86 21 18 61 96 97 65 
0 19 31 77 90 23 79 55 107 24 29 27 54 92 46 17 8 9 75 85 7 35 20 11 59 22 42 25 37 45 44 70 93 32 5 81 83 109 94 68 51 2 69 82 36 78 84 103 100 39 101 74 10 99 64 33 14 57 80 66 52 106 108 98 15 91 16 28 71 49 67 56 58 12 47 26 102 104 60 105 13 3 95 30 41 88 6 1 38 43 53 50 72 73 76 34 4 89 40 48 62 87 63 86 21 18 61 96 97 65 
0 19 31 77 90 23 79 55 107 24 29 27 54 92 46 17 8 9 75 85 7 35 20 11 59 22 42 25 37 45 44 70 93 32 5 81 83 109 94 68 51 2 69 82 36 78 84 103 100 39 101 74 10 99 64 33 14 57 80 66 52 106 108 98 15 91 16 28 71 49 67 56 58 12 47 26 102 104 60 105 13 3 95 30 41 88 6 1 38 43 53 50 72 73 76 34 4 89 40 48 62 87 63 86 21 18 61 96 97 65 
0 19 31 77 90 23 79 55 107 24 29 27 54 92 46 17 8 9 75 85 7 35 20 11 59 22 42 25 37 45 44 70 93 32 5 81 83 109 94 68 51 2 69 82 36 78 84 103 100 39 101 74 10 99 64 33 14 57 80 66 52 106 108 98 15 91 16 28 71 49 67 56 58 12 47 26 102 104 60 105 13 3 95 30 41 88 6 1 38 43 53 50 72 73 76 34 4 89 40 48 62 87 63 86 21 18 61 96 97 65 
0 19 31 77 90 23 79 55 107 24 29 27 54 92 46 17 8 9 75 85 7 35 20 11 59 22 42 25 37 45 44 70 93 32 5 81 83 109 94 68 51 2 69 82 36 78 84 103 100 39 101 74 10 99 64 33 14 57 80 66 52 106 108 98 15 91 16 28 71 49 67 56 58 12 47 26 102 104 60 105 13 3 95 30 41 88 6 1 38 43 53 50 72 73 76 34 4 89 40 48 62 87 63 86 21 18 61 96 97 65 
0 19 31 77 90 23 79 55 107 24 29 27 54 92 46 17 8 9 75 85 7 35 20 11 59 22 42 25 37 45 44 70 93 32 5 81 83 109 94 68 51 2 69 82 36 78 84 103 100 39 101 74 10 99 64 33 14 57 80 66 52 106 108 98 15 91 16 28 71 49 67 56 58 12 47 26 102 104 60 105 13 3 95 30 41 88 6 1 38 43 53 50 72 73 76 34 4 89 40 48 62 87 63 86 21 18 61 96 97 65 
0 19 31 77 90 23 79 55 107 24 29 27 54 92 46 17 8 9 75 85 7 35 20 11 59 22 42 25 37 45 44 70 93 32 5 81 83 109 94 68 51 2 69 82 36 78 84 103 100 39 101 74 10 99 64 33 14 57 80 66 52 106 108 98 15 91 16 28 71 49 67 56 58 12 47 26 102 104 60 105 13 3 95 30 41 88 6 1 38 43 53 50 72 73 76 34 4 89 40 48 62 87 63 86 21 18 61 96 97 65 
0 19 31 77 90 23 79 55 107 24 29 27 54 92 46 17 8 9 75 85 7 35 20 11 59 22 42 25 37 45 44 70 93 32 5 81 83 109 94 68 51 2 69 82 36 78 84 103 100 39 101 74 10 99 64 33 14 57 80 66 52 106 108 98 15 91 16 28 71 49 67 56 58 12 47 26 102 104 60 105 13 3 95 30 41 88 6 1 38 43 53 50 72 73 76 34 4 89 40 48 62 87 63 86 21 18 61 96 97 65 
0 19 31 77 90 23 79 55 107 24 29 27 54 92 46 17 8 9 75 85 7 35 20 11 59 22 42 25 37 45 44 70 93 32 5 81 83 109 94 68 51 2 69 82 36 78 84 103 100 39 101 74 10 99 64 33 14 57 80 66 52 106 108 98 15 91 16 28 71 49 67 56 58 12 47 26 102 104 60 105 13 3 95 30 41 88 6 1 38 43 53 50 72 73 76 34 4 89 40 48 62 87 63 86 21 18 61 96 97 65 
0 19 31 77 90 23 79 55 107 24 29 27 54 92 46 17 8 9 75 85 7 35 20 11 59 22 42 25 37 45 44 70 93 32 5 81 83 109 94 68 51 2 69 82 36 78 84 103 100 39 101 74 10 99 64 33 14 57 80 66 52 106 108 98 15 91 16 28 71 49 67 56 58 12 47 26 102 104 60 105 13 3 95 30 41 88 6 1 38 43 53 50 72 73 76 34 4 89 40 48 62 87 63 86 21 18 61 96 97 65 
0 19 31 77 90 23 79 55 107 24 29 27 54 92 46 17 8 9 75 85 7 35 20 11 59 22 42 25 37 45 44 70 93 32 5 81 83 109 94 68 51 2 69 82 36 78 84 103 100 39 101 74 10 99 64 33 14 57 80 66 52 106 108 98 15 91 16 28 71 49 67 56 58 12 47 26 102 104 60 105 13 3 95 30 41 88 6 1 38 43 53 50 72 73 76 34 4 89 40 48 62 87 63 86 21 18 61 96 97 65 
0 19 31 77 90 23 79 55 107 24 29 27 54 92 46 17 8 9 75 85 7 35 20 11 59 22 42 25 37 45 44 70 93 32 5 81 83 109 94 68 51 2 69 82 36 78 84 103 100 39 101 74 10 99 64 33 14 57 80 66 52 106 108 98 15 91 16 28 71 49 67 56 58 12 47 26 102 104 60 105 13 3 95 30 41 88 6 1 38 43 53 50 72 73 76 34 4 89 40 48 62 87 63 86 21 18 61 96 97 65 
0 19 31 77 90 23 79 55 107 24 29 27 54 92 46 17 8 9 75 85 7 35 20 11 59 22 42 25 37 45 44 70 93 32 5 81 83 109 94 68 51 2 69 82 36 78 84 103 100 39 101 74 10 99 64 33 14 57 80 66 52 106 108 98 15 91 16 28 71 49 67 56 58 12 47 26 102 104 60 105 13 3 95 30 41 88 6 1 38 43 53 50 72 73 76 34 4 89 40 48 62 87 63 86 21 18 61 96 97 65 
0 19 31 77 90 23 79 55 107 24 29 27 54 92 46 17 8 9 75 85 7 35 20 11 59 22 42 25 37 45 44 70 93 32 5 81 83 109 94 68 51 2 69 82 36 78 84 103 100 39 101 74 10 99 64 33 14 57 80 66 52 106 108 98 15 91 16 28 71 49 67 56 58 12 47 26 102 104 60 105 13 3 95 30 41 88 6 1 38 43 53 50 72 73 76 34 4 89 40 48 62 87 63 86 21 18 61 96 97 65 
0 19 31 77 90 23 79 55 107 24 29 27 54 92 46 17 8 9 75 85 7 35 20 11 59 22 42 25 37 45 44 70 93 32 5 81 83 109 94 68 51 2 69 82 36 78 84 103 100 39 101 74 10 99 64 33 14 57 80 66 52 106 108 98 15 91 16 28 71 49 67 56 58 12 47 26 102 104 60 105 13 3 95 30 41 88 6 1 38 43 53 50 72 73 76 34 4 89 40 48 62 87 63 86 21 18 61 96 97 65 
0 19 31 77 90 23 79 55 107 24 29 27 54 92 46 17 8 9 75 85 7 35 20 11 59 22 42 25 37 45 44 70 93 32 5 81 83 109 94 68 51 2 69 82 36 78 84 103 100 39 101 74 10 99 64 33 14 57 80 66 52 106 108 98 15 91 16 28 71 49 67 56 58 12 47 26 102 104 60 105 13 3 95 30 41 88 6 1 38 43 53 50 72 73 76 34 4 89 40 48 62 87 63 86 21 18 61 96 97 65 
0 19 31 77 90 23 79 55 107 24 29 27 54 92 46 17 8 9 75 85 7 35 20 11 59 22 42 25 37 45 44 70 93 32 5 81 83 109 94 68 51 2 69 82 36 78 84 103 100 39 101 74 10 99 64 33 14 57 80 66 52 106 108 98 15 91 16 28 71 49 67 56 58 12 47 26 102 104 60 105 13 3 95 30 41 88 6 1 38 43 53 50 72 73 76 34 4 89 40 48 62 87 63 86 21 18 61 96 97 65 
0 19 31 77 90 23 79 55 107 24 29 27 54 92 46 17 8 9 75 85 7 35 20 11 59 22 42 25 37 45 44 70 93 32 5 81 83 109 94 68 51 2 69 82 36 78 84 103 100 39 101 74 10 99 64 33 14 57 80 66 52 106 108 98 15 91 16 28 71 49 67 56 58 12 47 26 102 104 60 105 13 3 95 30 41 88 6 1 38 43 53 50 72 73 76 34 4 89 40 48 62 87 63 86 21 18 61 96 97 65 
0 19 31 77 90 23 79 55 107 24 29 27 54 92 46 17 8 9 75 85 7 35 20 11 59 22 42 25 37 45 44 70 93 32 5 81 83 109 94 68 51 2 69 82 36 78 84 103 100 39 101 74 10 99 64 33 14 57 80 66 52 106 108 98 15 91 16 28 71 49 67 56 58 12 47 26 102 104 60 105 13 3 95 30 41 88 6 1 38 43 53 50 72 73 76 34 4 89 40 48 62 87 63 86 21 18 61 96 97 65 
0 19 31 77 90 23 79 55 107 24 29 27 54 92 46 17 8 9 75 85 7 35 20 11 59 22 42 25 37 45 44 70 93 32 5 81 83 109 94 68 51 2 69 82 36 78 84 103 100 39 101 74 10 99 64 33 14 57 80 66 52 106 108 98 15 91 16 28 71 49 67 56 58 12 47 26 102 104 60 105 13 3 95 30 41 88 6 1 38 43 53 50 72 73 76 34 4 89 40 48 62 87 63 86 21 18 61 96 97 65 
0 19 31 77 90 23 79 55 107 24 29 27 54 92 46 17 8 9 75 85 7 35 20 11 59 22 42 25 37 45 44 70 93 32 5 81 83 109 94 68 51 2 69 82 36 78 84 103 100 39 101 74 10 99 64 33 14 57 80 66 52 106 108 98 15 91 16 28 71 49 67 56 58 12 47 26 102 104 60 105 13 3 95 30 41 88 6 1 38 43 53 50 72 73 76 34 4 89 40 48 62 87 63 86 21 18 61 96 97 65 
0 19 31 77 90 23 79 55 107 24 29 27 54 92 46 17 8 9 75 85 7 35 20 11 59 22 42 25 37 45 44 70 93 32 5 81 83 109 94 68 51 2 69 82 36 78 84 103 100 39 101 74 10 99 64 33 14 57 80 66 52 106 108 98 15 91 16 28 71 49 67 56 58 12 47 26 102 104 60 105 13 3 95 30 41 88 6 1 38 43 53 50 72 73 76 34 4 89 40 48 62 87 63 86 21 18 61 96 97 65 
0 19 31 77 90 23 79 55 107 24 29 27 54 92 46 17 8 9 75 85 7 35 20 11 59 22 42 25 37 45 44 70 93 32 5 81 83 109 94 68 51 2 69 82 36 78 84 103 100 39 101 74 10 99 64 33 14 57 80 66 52 106 108 98 15 91 16 28 71 49 67 56 58 12 47 26 102 104 60 105 13 3 95 30 41 88 6 1 38 43 53 50 72 73 76 34 4 89 40 48 62 87 63 86 21 18 61 96 97 65 
0 19 31 77 90 23 79 55 107 24 29 27 54 92 46 17 8 9 75 85 7 35 20 11 59 22 42 25 37 45 44 70 93 32 5 81 83 109 94 68 51 2 69 82 36 78 84 103 100 39 101 74 10 99 64 33 14 57 80 66 52 106 108 98 15 91 16 28 71 49 67 56 58 12 47 26 102 104 60 105 13 3 95 30 41 88 6 1 38 43 53 50 72 73 76 34 4 89 40 48 62 87 63 86 21 18 61 96 97 65 
0 19 31 77 90 23 79 55 107 24 29 27 54 92 46 17 8 9 75 85 7 35 20 11 59 22 42 25 37 45 44 70 93 32 5 81 83 109 94 68 51 2 69 82 36 78 84 103 100 39 101 74 10 99 64 33 14 57 80 66 52 106 108 98 15 91 16 28 71 49 67 56 58 12 47 26 102 104 60 105 13 3 95 30 41 88 6 1 38 43 53 50 72 73 76 34 4 89 40 48 62 87 63 86 21 18 61 96 97 65 
0 19 31 77 90 23 79 55 107 24 29 27 54 92 46 17 8 9 75 85 7 35 20 11 59 22 42 25 37 45 44 70 93 32 5 81 83 109 94 68 51 2 69 82 36 78 84 103 100 39 101 74 10 99 64 33 14 57 80 66 52 106 108 98 15 91 16 28 71 49 67 56 58 12 47 26 102 104 60 105 13 3 95 30 41 88 6 1 38 43 53 50 72 73 76 34 4 89 40 48 62 87 63 86 21 18 61 96 97 65 
0 19 31 77 90 23 79 55 107 24 29 27 54 92 46 17 8 9 75 85 7 35 20 11 59 22 42 25 37 45 44 70 93 32 5 81 83 109 94 68 51 2 69 82 36 78 84 103 100 39 101 74 10 99 64 33 14 57 80 66 52 106 108 98 15 91 16 28 71 49 67 56 58 12 47 26 102 104 60 105 13 3 95 30 41 88 6 1 38 43 53 50 72 73 76 34 4 89 40 48 62 87 63 86 21 18 61 96 97 65 
0 19 31 77 90 23 79 55 107 24 29 27 54 92 46 17 8 9 75 85 7 35 20 11 59 22 42 25 37 45 44 70 93 32 5 81 83 109 94 68 51 2 69 82 36 78 84 103 100 39 101 74 10 99 64 33 14 57 80 66 52 106 108 98 15 91 16 28 71 49 67 56 58 12 47 26 102 104 60 105 13 3 95 30 41 88 6 1 38 43 53 50 72 73 76 34 4 89 40 48 62 87 63 86 21 18 61 96 97 65 
0 19 31 77 90 23 79 55 107 24 29 27 54 92 46 17 8 9 75 85 7 35 20 11 59 22 42 25 37 45 44 70 93 32 5 81 83 109 94 68 51 2 69 82 36 78 84 103 100 39 101 74 10 99 64 33 14 57 80 66 52 106 108 98 15 91 16 28 71 49 67 56 58 12 47 26 102 104 60 105 13 3 95 30 41 88 6 1 38 43 53 50 72 73 76 34 4 89 40 48 62 87 63 86 21 18 61 96 97 65 
0 19 31 77 90 23 79 55 107 24 29 27 54 92 46 17 8 9 75 85 7 35 20 11 59 22 42 25 37 45 44 70 93 32 5 81 83 109 94 68 51 2 69 82 36 78 84 103 100 39 101 74 10 99 64 33 14 57 80 66 52 106 108 98 15 91 16 28 71 49 67 56 58 12 47 26 102 104 60 105 13 3 95 30 41 88 6 1 38 43 53 50 72 73 76 34 4 89 40 48 62 87 63 86 21 18 61 96 97 65 
0 19 31 77 90 23 79 55 107 24 29 27 54 92 46 17 8 9 75 85 7 35 20 11 59 22 42 25 37 45 44 70 93 32 5 81 83 109 94 68 51 2 69 82 36 78 84 103 100 39 101 74 10 99 64 33 14 57 80 66 52 106 108 98 15 91 16 28 71 49 67 56 58 12 47 26 102 104 60 105 13 3 95 30 41 88 6 1 38 43 53 50 72 73 76 34 4 89 40 48 62 87 63 86 21 18 61 96 97 65 
0 19 31 77 90 23 79 55 107 24 29 27 54 92 46 17 8 9 75 85 7 35 20 11 59 22 42 25 37 45 44 70 93 32 5 81 83 109 94 68 51 2 69 82 36 78 84 103 100 39 101 74 10 99 64 33 14 57 80 66 52 106 108 98 15 91 16 28 71 49 67 56 58 12 47 26 102 104 60 105 13 3 95 30 41 88 6 1 38 43 53 50 72 73 76 34 4 89 40 48 62 87 63 86 21 18 61 96 97 65 
0 19 31 77 90 23 79 55 107 24 29 27 54 92 46 17 8 9 75 85 7 35 20 11 59 22 42 25 37 45 44 70 93 32 5 81 83 109 94 68 51 2 69 82 36 78 84 103 100 39 101 74 10 99 64 33 14 57 80 66 52 106 108 98 15 91 16 28 71 49 67 56 58 12 47 26 102 104 60 105 13 3 95 30 41 88 6 1 38 43 53 50 72 73 76 34 4 89 40 48 62 87 63 86 21 18 61 96 97 65 
0 19 31 77 90 23 79 55 107 24 29 27 54 92 46 17 8 9 75 85 7 35 20 11 59 22 42 25 37 45 44 70 93 32 5 81 83 109 94 68 51 2 69 82 36 78 84 103 100 39 101 74 10 99 64 33 14 57 80 66 52 106 108 98 15 91 16 28 71 49 67 56 58 12 47 26 102 104 60 105 13 3 95 30 41 88 6 1 38 43 53 50 72 73 76 34 4 89 40 48 62 87 63 86 21 18 61 96 97 65 
0 19 31 77 90 23 79 55 107 24 29 27 54 92 46 17 8 9 75 85 7 35 20 11 59 22 42 25 37 45 44 70 93 32 5 81 83 109 94 68 51 2 69 82 36 78 84 103 100 39 101 74 10 99 64 33 14 57 80 66 52 106 108 98 15 91 16 28 71 49 67 56 58 12 47 26 102 104 60 105 13 3 95 30 41 88 6 1 38 43 53 50 72 73 76 34 4 89 40 48 62 87 63 86 21 18 61 96 97 65 
0 19 31 77 90 23 79 55 107 24 29 27 54 92 46 17 8 9 75 85 7 35 20 11 59 22 42 25 37 45 44 70 93 32 5 81 83 109 94 68 51 2 69 82 36 78 84 103 100 39 101 74 10 99 64 33 14 57 80 66 52 106 108 98 15 91 16 28 71 49 67 56 58 12 47 26 102 104 60 105 13 3 95 30 41 88 6 1 38 43 53 50 72 73 76 34 4 89 40 48 62 87 63 86 21 18 61 96 97 65 
0 19 31 77 90 23 79 55 107 24 29 27 54 92 46 17 8 9 75 85 7 35 20 11 59 22 42 25 37 45 44 70 93 32 5 81 83 109 94 68 51 2 69 82 36 78 84 103 100 39 101 74 10 99 64 33 14 57 80 66 52 106 108 98 15 91 16 28 71 49 67 56 58 12 47 26 102 104 60 105 13 3 95 30 41 88 6 1 38 43 53 50 72 73 76 34 4 89 40 48 62 87 63 86 21 18 61 96 97 65 
0 19 31 77 90 23 79 55 107 24 29 27 54 92 46 17 8 9 75 85 7 35 20 11 59 22 42 25 37 45 44 70 93 32 5 81 83 109 94 68 51 2 69 82 36 78 84 103 100 39 101 74 10 99 64 33 14 57 80 66 52 106 108 98 15 91 16 28 71 49 67 56 58 12 47 26 102 104 60 105 13 3 95 30 41 88 6 1 38 43 53 50 72 73 76 34 4 89 40 48 62 87 63 86 21 18 61 96 97 65 
0 31 19 77 90 23 79 55 107 24 29 27 54 92 46 17 8 9 75 85 7 35 20 11 59 22 42 25 37 45 44 70 93 32 5 81 83 109 94 68 51 2 69 82 36 78 84 103 100 39 101 74 10 99 64 33 14 57 80 66 52 106 108 98 15 91 16 28 71 49 67 56 58 12 47 26 102 104 60 105 13 3 95 30 41 88 6 1 38 43 53 50 72 73 76 34 4 89 40 48 62 87 63 86 21 18 61 96 97 65 
0 19 31 77 90 23 79 55 107 24 29 27 54 92 46 17 8 9 75 85 7 35 20 11 59 22 42 25 37 45 44 70 32 93 5 81 83 109 94 68 51 2 69 82 36 78 84 103 100 39 101 74 10 99 64 33 14 57 80 66 52 106 108 98 15 91 16 28 71 49 67 56 58 12 47 26 102 104 60 105 13 3 95 30 41 88 6 1 38 43 53 50 72 73 76 34 4 89 40 48 62 87 63 86 21 18 61 96 97 65 
0 19 31 90 77 23 79 55 107 24 29 27 54 92 46 17 8 9 75 85 7 35 20 11 59 22 42 25 37 45 44 70 93 32 5 81 83 109 94 68 51 2 69 82 36 78 84 103 100 39 101 74 10 99 64 33 14 57 80 66 52 106 108 98 15 91 16 28 71 49 67 56 58 12 47 26 102 104 60 105 13 3 95 30 41 88 6 1 38 43 53 50 72 73 76 34 4 89 40 48 62 87 63 86 21 18 61 96 97 65 
0 19 31 77 90 23 79 55 107 24 29 27 54 92 46 17 8 9 75 85 7 35 20 11 59 22 42 25 37 45 44 70 93 32 5 81 83 109 94 68 51 2 69 82 36 78 84 103 100 39 101 74 10 99 64 33 14 57 80 66 52 106 108 98 15 91 16 28 71 49 67 56 58 12 47 26 102 104 60 105 13 3 95 30 41 88 6 1 38 43 53 50 72 73 76 34 4 89 40 48 62 87 63 86 21 61 96 18 97 65 
0 19 31 77 90 23 79 55 107 24 29 27 54 92 46 17 8 9 75 85 7 35 20 11 59 22 42 25 37 45 44 70 93 32 5 81 83 109 94 68 51 2 69 82 36 78 84 103 100 39 101 74 10 99 64 33 14 57 80 66 52 106 108 98 15 91 16 28 71 49 67 56 58 12 47 26 102 104 60 105 13 3 95 30 41 88 6 1 38 43 53 50 72 73 76 34 4 89 40 48 62 87 86 21 63 18 61 96 97 65 
0 19 31 77 90 23 79 55 107 24 29 27 54 92 46 17 8 9 75 85 7 35 20 11 59 22 42 25 37 45 44 70 93 32 5 81 83 109 94 68 51 2 69 82 36 78 84 103 100 39 101 74 10 99 64 33 14 57 80 66 52 108 98 15 91 106 16 28 71 49 67 56 58 12 47 26 102 104 60 105 13 3 95 30 41 88 6 1 38 43 53 50 72 73 76 34 4 89 40 48 62 87 63 86 21 18 61 96 97 65 
0 19 31 77 90 23 79 55 107 24 29 27 54 92 46 17 8 9 75 85 7 35 20 11 59 22 42 25 37 45 44 70 93 32 5 81 83 109 94 68 51 2 69 82 36 78 84 103 100 39 101 74 10 99 64 33 14 57 80 66 52 106 108 98 15 91 12 28 71 49 67 56 58 16 47 26 102 104 60 105 13 3 95 30 41 88 6 1 38 43 53 50 72 73 76 34 4 89 40 48 62 87 63 86 21 18 61 96 97 65 
0 19 31 77 90 23 79 55 107 24 29 27 54 92 46 17 8 9 75 85 7 35 20 11 59 22 42 25 37 45 44 70 93 32 5 81 83 109 94 68 51 2 69 82 36 78 84 103 100 39 101 74 10 99 64 33 14 57 80 66 52 106 108 98 15 91 16 28 71 49 67 56 58 12 47 26 102 104 60 13 3 95 30 41 88 105 6 1 38 43 53 50 72 73 76 34 4 89 40 48 62 87 63 86 21 18 61 96 97 65 
0 19 31 77 90 23 79 55 107 24 29 27 54 92 46 17 8 9 75 85 7 35 20 11 59 22 42 25 37 45 44 70 93 32 5 81 83 109 94 68 51 2 69 82 36 78 84 103 100 39 101 74 10 99 64 33 14 57 80 66 52 106 108 98 15 91 16 28 71 49 67 56 58 12 47 26 102 104 60 105 13 95 30 41 88 6 3 1 38 43 53 50 72 73 76 34 4 89 40 48 62 87 63 86 21 18 61 96 97 65 
0 19 31 77 90 23 79 55 107 24 29 27 54 92 46 17 8 9 75 85 7 35 20 11 59 22 42 25 37 45 44 70 93 32 5 81 83 109 94 68 51 2 69 82 36 78 84 103 100 39 101 74 10 99 64 33 14 57 34 80 66 52 106 108 98 15 91 16 28 71 49 67 56 58 12 47 26 102 104 60 105 13 3 95 30 41 88 6 1 38 43 53 50 72 73 76 4 89 40 48 62 87 63 86 21 18 61 96 97 65 
0 19 31 77 90 23 79 55 107 24 29 27 54 92 46 17 8 9 75 85 7 35 20 11 59 22 42 25 37 45 44 70 93 32 5 81 83 109 94 68 51 2 69 82 36 78 84 103 100 39 101 74 10 99 64 33 14 57 80 52 106 108 98 15 91 16 28 71 49 67 56 58 66 12 47 26 102 104 60 105 13 3 95 30 41 88 6 1 38 43 53 50 72 73 76 34 4 89 40 48 62 87 63 86 21 18 61 96 97 65 
0 19 31 77 90 23 79 55 107 24 29 27 54 92 46 17 8 9 75 85 7 35 20 11 59 22 42 25 37 45 44 70 93 32 5 81 83 109 94 68 51 2 69 82 36 78 84 103 100 39 101 74 10 99 64 33 14 57 80 66 52 106 108 98 15 91 16 28 71 49 67 56 58 12 47 26 102 104 60 105 13 3 95 30 41 88 6 1 38 43 53 50 34 73 76 72 4 89 40 48 62 87 63 86 21 18 61 96 97 65 
0 19 31 77 90 23 79 55 107 24 29 54 92 27 46 17 8 9 75 85 7 35 20 11 59 22 42 25 37 45 44 70 93 32 5 81 83 109 94 68 51 2 69 82 36 78 84 103 100 39 101 74 10 99 64 33 14 57 80 66 52 106 108 98 15 91 16 28 71 49 67 56 58 12 47 26 102 104 60 105 13 3 95 30 41 88 6 1 38 43 53 50 72 73 76 34 4 89 40 48 62 87 63 86 21 18 61 96 97 65 
0 19 31 77 90 23 79 55 107 24 29 27 54 92 46 17 8 9 75 85 7 35 20 11 59 22 42 25 37 45 44 70 93 32 5 81 83 109 94 68 51 2 69 82 36 78 84 103 100 39 101 74 10 99 64 33 14 57 80 66 52 106 108 98 15 91 16 28 71 49 67 56 58 12 47 26 13 104 60 105 102 3 95 30 41 88 6 1 38 43 53 50 72 73 76 34 4 89 40 48 62 87 63 86 21 18 61 96 97 65 
0 19 31 77 90 23 79 55 107 24 29 27 54 92 46 17 8 9 75 85 7 35 20 11 59 22 42 25 37 45 44 70 93 32 5 81 83 109 94 68 51 2 69 82 36 78 84 103 100 39 101 74 10 99 64 33 14 57 80 66 52 106 108 98 15 91 16 28 71 49 67 56 58 12 47 26 102 104 60 105 13 3 95 30 41 88 6 1 38 43 53 72 73 76 34 4 89 50 40 48 62 87 63 86 21 18 61 96 97 65 
0 19 31 77 90 23 79 55 107 24 29 27 54 92 46 17 8 9 75 85 7 35 20 11 59 22 42 25 37 45 44 70 93 32 5 81 83 109 94 68 51 2 69 82 36 78 84 103 100 39 101 74 10 99 64 33 14 57 80 66 52 106 108 98 15 91 16 71 49 67 56 58 12 47 26 102 104 60 105 13 3 95 30 41 88 6 1 38 43 53 50 72 28 73 76 34 4 89 40 48 62 87 63 86 21 18 61 96 97 65 
0 19 31 77 90 23 79 55 107 24 29 27 54 92 46 9 8 17 75 85 7 35 20 11 59 22 42 25 37 45 44 70 93 32 5 81 83 109 94 68 51 2 69 82 36 78 84 103 100 39 101 74 10 99 64 33 14 57 80 66 52 106 108 98 15 91 16 28 71 49 67 56 58 12 47 26 102 104 60 105 13 3 95 30 41 88 6 1 38 43 53 50 72 73 76 34 4 89 40 48 62 87 63 86 21 18 61 96 97 65 
0 19 31 77 90 23 79 55 107 24 29 27 54 92 46 17 8 9 75 85 7 35 20 11 59 22 42 25 37 45 44 70 93 32 5 81 83 109 94 68 51 2 69 82 36 78 84 103 100 39 101 74 10 99 64 33 14 57 66 52 106 108 98 15 91 16 28 71 49 67 56 58 12 47 26 102 104 60 105 13 3 95 30 41 88 6 1 38 43 53 50 72 73 76 34 4 80 89 40 48 62 87 63 86 21 18 61 96 97 65 
0 19 31 77 90 23 79 55 107 24 29 27 54 92 46 17 8 9 42 22 59 11 20 35 7 85 75 25 37 45 44 70 93 32 5 81 83 109 94 68 51 2 69 82 36 78 84 103 100 39 101 74 10 99 64 33 14 57 80 66 52 106 108 98 15 91 16 28 71 49 67 56 58 12 47 26 102 104 60 105 13 3 95 30 41 88 6 1 38 43 53 50 72 73 76 34 4 89 40 48 62 87 63 86 21 18 61 96 97 65 
0 19 31 77 90 23 79 55 107 24 29 27 54 92 46 17 8 9 75 85 7 35 20 11 59 22 42 25 37 45 44 70 93 32 5 81 83 109 94 68 51 2 69 82 36 78 84 103 100 39 101 74 10 99 64 33 14 57 80 66 52 106 108 98 15 91 16 28 71 67 56 58 12 47 26 102 104 60 105 13 3 49 95 30 41 88 6 1 38 43 53 50 72 73 76 34 4 89 40 48 62 87 63 86 21 18 61 96 97 65 
0 19 31 77 90 23 79 55 107 24 29 27 54 92 46 17 8 9 75 85 7 35 20 11 59 22 42 25 37 45 44 70 93 32 5 81 83 109 94 68 51 2 69 82 36 78 84 103 100 39 101 74 10 99 64 33 57 80 66 52 106 108 98 14 15 91 16 28 71 49 67 56 58 12 47 26 102 104 60 105 13 3 95 30 41 88 6 1 38 43 53 50 72 73 76 34 4 89 40 48 62 87 63 86 21 18 61 96 97 65 
0 19 31 77 90 23 79 55 107 24 29 27 54 92 46 17 8 9 75 85 7 35 20 11 59 22 42 25 37 45 44 70 93 32 5 81 83 109 94 68 51 2 69 82 36 78 84 103 100 39 101 74 10 99 64 33 14 57 80 66 52 106 108 73 72 50 53 43 38 1 6 88 41 30 95 3 13 105 60 104 102 26 47 12 58 56 67 49 71 28 16 91 15 98 76 34 4 89 40 48 62 87 63 86 21 18 61 96 97 65 
0 19 31 77 90 23 79 55 107 24 29 27 54 92 46 17 8 9 75 85 7 35 20 11 59 22 42 25 37 45 44 70 93 32 5 81 83 109 94 68 51 2 69 82 36 78 84 103 100 39 101 74 10 99 64 33 14 57 80 66 52 106 108 98 15 91 16 28 71 49 67 58 12 47 26 102 104 60 105 13 3 95 30 56 41 88 6 1 38 43 53 50 72 73 76 34 4 89 40 48 62 87 63 86 21 18 61 96 97 65 
0 19 31 77 90 23 79 55 107 24 29 27 54 92 46 17 8 9 75 85 7 35 20 11 59 22 42 25 37 45 44 70 93 32 5 81 83 109 94 68 51 2 69 82 36 78 84 103 100 39 101 74 10 99 15 33 14 57 80 66 52 106 108 98 64 91 16 28 71 49 67 56 58 12 47 26 102 104 60 105 13 3 95 30 41 88 6 1 38 43 53 50 72 73 76 34 4 89 40 48 62 87 63 86 21 18 61 96 97 65 
0 19 31 77 90 23 79 55 107 24 29 27 54 92 46 17 8 9 75 85 7 35 20 11 59 22 42 25 37 45 44 70 93 32 5 81 83 109 94 68 51 2 69 82 36 78 84 103 100 39 101 74 10 99 64 33 14 57 80 66 52 106 108 98 15 91 16 28 71 49 67 56 58 12 47 102 104 60 105 13 3 95 30 26 41 88 6 1 38 43 53 50 72 73 76 34 4 89 40 48 62 87 63 86 21 18 61 96 97 65 
0 19 31 77 90 23 79 55 107 24 29 27 54 92 46 17 8 9 75 85 7 35 20 11 59 22 42 25 37 45 44 70 93 32 5 81 83 109 94 68 51 2 69 82 76 78 84 103 100 39 101 74 10 99 64 33 14 57 80 66 52 106 108 98 15 91 16 28 71 49 67 56 104 102 26 47 12 58 60 105 13 3 95 30 41 88 6 1 38 43 53 50 72 73 36 34 4 89 40 48 62 87 63 86 21 18 61 96 97 65 
0 19 31 77 90 23 79 55 107 24 29 27 54 92 46 17 8 9 75 85 7 35 20 11 59 22 42 25 37 45 44 70 93 32 5 81 94 109 83 68 51 2 69 82 36 78 84 103 100 39 101 74 10 99 64 33 14 57 80 66 52 106 108 98 15 91 16 28 71 49 67 56 41 58 12 47 26 102 104 60 105 13 3 95 30 88 6 1 38 43 53 50 72 73 76 34 4 89 40 48 62 87 63 86 21 18 61 96 97 65 
0 19 31 77 90 23 79 55 107 24 29 27 54 92 46 17 8 9 75 85 7 35 20 11 59 22 42 25 37 45 44 70 93 32 5 81 83 109 94 51 2 69 82 36 78 84 103 100 39 101 74 10 99 64 33 14 57 80 66 68 52 106 108 98 15 91 16 28 71 49 67 56 58 12 47 26 102 104 60 105 13 3 95 30 41 88 6 1 38 43 53 50 72 73 76 34 4 89 40 48 62 87 63 86 21 18 61 96 97 65 
0 19 31 77 90 23 79 55 107 24 29 27 54 92 46 17 8 9 75 85 7 35 20 11 59 22 42 25 37 45 44 70 93 32 5 81 83 109 94 68 51 2 69 82 36 78 84 103 100 39 101 74 10 99 64 33 57 80 66 52 106 108 98 15 91 16 28 71 49 67 56 58 12 47 14 26 102 104 60 105 13 3 95 30 41 88 6 1 38 43 53 50 72 73 76 34 4 89 40 48 62 87 63 86 21 18 61 96 97 65 
0 19 31 77 90 23 79 55 107 24 29 27 54 92 46 17 8 9 75 85 7 35 20 11 59 22 42 25 89 37 45 44 70 93 32 5 81 83 109 94 68 51 2 69 82 36 78 84 103 100 39 101 74 10 99 64 33 14 57 80 66 52 106 108 98 15 91 16 28 71 49 67 56 58 12 47 26 102 104 60 105 13 3 95 30 41 88 6 1 38 43 53 50 72 73 76 34 4 40 48 62 87 63 86 21 18 61 96 97 65 
0 19 23 90 77 31 79 55 107 24 29 27 54 92 46 17 8 9 75 85 7 35 20 11 59 22 42 25 37 45 44 70 93 32 5 81 83 109 94 68 51 2 69 82 36 78 84 103 100 39 101 74 10 99 64 33 14 57 108 66 52 106 80 98 15 91 16 28 71 49 67 56 58 12 47 26 102 104 60 105 13 3 95 30 41 88 6 1 38 43 53 50 72 73 76 34 4 89 40 48 62 87 63 86 21 18 61 96 97 65 
0 19 31 77 90 23 79 55 107 24 29 27 54 92 46 17 8 9 75 85 7 35 20 11 59 22 42 25 37 45 44 70 93 32 5 81 83 109 94 68 51 2 69 82 36 74 84 103 100 39 101 78 10 99 64 33 14 57 80 66 52 106 108 98 15 91 16 28 71 49 67 56 58 12 47 26 102 104 60 105 13 3 95 30 41 88 6 1 38 43 53 50 72 73 76 34 89 4 40 48 62 87 63 86 21 18 61 96 97 65 
0 19 31 77 90 23 79 55 107 24 29 27 54 92 46 17 8 9 75 85 7 35 20 11 59 22 42 25 37 45 44 70 93 5 81 83 109 94 68 51 2 69 82 36 78 84 103 100 39 101 74 32 10 99 64 33 14 57 80 66 52 106 108 98 15 91 16 28 71 49 67 56 58 12 47 26 102 104 60 105 13 3 95 30 41 88 6 1 38 43 53 50 72 73 76 34 4 89 40 48 62 87 63 86 21 18 61 96 97 65 
0 19 31 77 90 23 79 55 107 24 29 27 54 92 46 17 8 9 75 85 7 35 20 11 59 22 42 25 37 45 44 70 93 32 5 81 83 109 94 68 51 2 69 82 36 78 84 103 100 39 101 74 10 99 64 33 14 57 80 66 52 106 108 98 15 91 16 28 71 49 67 56 58 89 12 47 26 102 104 60 105 13 3 95 30 41 88 6 1 38 43 53 50 72 73 76 34 4 40 48 62 87 63 86 21 18 61 96 97 65 
0 19 31 77 90 23 79 55 107 24 29 27 54 92 46 17 8 9 75 85 7 35 20 11 59 22 42 25 37 45 44 70 93 32 5 81 83 109 94 68 51 2 69 82 36 78 84 103 100 39 101 74 10 99 64 33 14 57 80 66 52 106 108 98 15 91 16 28 71 49 67 56 58 12 47 26 102 104 60 105 13 3 95 30 41 88 6 1 38 43 53 50 72 73 76 34 4 89 40 62 87 63 48 86 21 18 61 96 97 65 
0 19 31 77 90 23 79 55 107 24 29 27 54 92 46 17 8 9 75 85 7 35 20 11 59 22 42 25 37 45 44 70 93 32 5 81 83 109 94 68 51 2 82 36 78 84 103 100 39 101 74 10 99 64 33 14 57 80 66 52 106 108 98 15 91 16 28 71 49 67 104 60 105 13 26 47 12 58 56 102 3 95 30 41 88 6 1 38 43 53 50 72 69 73 76 34 4 89 40 48 62 87 63 86 21 18 61 96 97 65 
0 19 31 77 90 23 55 107 24 29 27 54 92 46 17 8 9 75 85 7 35 20 11 59 79 22 42 25 37 45 44 70 93 32 5 81 83 109 94 68 51 2 69 82 36 78 84 103 100 39 101 74 10 99 64 33 14 57 80 66 52 106 108 98 15 91 16 28 71 49 67 56 58 12 47 26 102 104 60 105 13 3 95 30 41 88 6 1 38 43 53 50 72 73 76 34 4 89 40 48 62 87 63 86 21 18 61 96 97 65 
0 19 31 77 90 23 79 55 107 24 29 27 54 92 46 17 8 9 75 85 7 35 20 11 59 22 42 25 37 45 44 70 93 32 5 81 83 109 94 68 51 2 69 82 36 78 84 103 100 39 101 74 10 99 48 40 89 4 34 76 73 72 50 53 43 38 1 6 88 41 30 95 3 13 105 60 104 102 26 47 12 58 56 67 49 71 28 16 91 15 98 108 106 52 66 80 57 14 33 64 62 87 63 86 21 18 61 96 97 65 
0 19 31 77 90 23 79 55 107 24 29 27 54 92 46 17 8 9 75 85 7 35 20 11 59 22 42 25 37 45 44 70 93 32 5 81 83 109 94 68 51 2 71 28 16 91 15 98 108 106 52 66 80 57 14 33 64 99 10 74 101 39 100 103 84 78 36 82 69 49 67 56 58 12 47 26 102 104 60 105 13 3 95 30 41 88 6 1 38 43 53 50 72 73 76 34 4 89 40 48 62 87 63 86 21 18 61 96 97 65 
0 19 31 77 90 23 79 55 107 24 29 27 54 92 46 17 8 9 75 85 7 35 20 11 59 22 42 25 37 45 44 70 93 32 5 81 83 109 94 68 51 2 69 82 36 78 84 103 100 39 101 74 10 99 64 33 14 57 80 66 52 106 108 98 15 91 16 28 71 49 67 56 58 12 47 26 102 104 34 60 105 13 3 95 30 41 88 6 1 38 43 53 50 72 73 76 4 89 40 48 62 87 63 86 21 18 61 96 97 65 
0 19 31 77 90 23 79 55 107 24 29 27 54 92 46 17 8 9 75 85 7 35 20 11 59 22 42 25 37 45 44 70 93 32 5 81 83 109 94 68 51 2 69 82 36 78 84 103 100 39 74 10 99 64 33 14 57 80 101 66 52 106 108 98 15 91 16 28 71 58 67 56 49 12 47 26 102 104 60 105 13 3 95 30 41 88 6 1 38 43 53 50 72 73 76 34 4 89 40 48 62 87 63 86 21 18 61 96 97 65 
0 19 31 77 90 23 79 55 107 24 29 27 54 92 46 17 8 9 75 85 7 35 20 11 59 22 42 25 45 44 70 93 32 5 81 83 109 94 68 51 2 69 82 36 78 84 103 100 39 101 74 10 99 64 33 14 57 80 66 52 106 108 98 15 91 16 28 71 49 67 56 58 12 47 26 102 104 60 105 13 3 95 30 41 88 6 1 38 43 53 50 72 73 37 76 34 4 89 40 48 62 87 63 86 21 18 61 96 97 65 
0 19 31 77 90 23 79 55 107 24 29 27 54 92 46 17 8 9 75 85 7 35 20 11 59 22 42 25 37 45 44 70 93 32 5 81 83 109 94 68 51 2 69 82 36 28 84 103 100 39 101 74 10 99 64 33 14 57 80 66 52 106 108 98 15 91 16 78 71 49 67 56 58 12 47 26 102 104 60 105 13 3 95 30 41 88 6 1 38 43 53 50 72 73 76 34 4 89 40 48 62 87 63 86 21 18 61 96 97 65 
0 19 31 77 90 23 79 7 107 24 29 55 27 54 92 46 17 8 9 75 85 35 20 11 59 22 42 25 37 45 44 70 93 32 5 81 83 109 94 68 51 2 69 82 36 78 84 103 100 39 101 74 10 99 64 33 14 57 80 66 52 106 108 98 15 91 16 28 71 49 67 56 58 12 47 26 102 104 60 105 13 3 95 30 41 88 6 1 38 43 53 50 72 73 76 34 4 89 40 48 62 87 63 86 21 18 61 96 97 65 
0 19 31 77 90 23 79 55 107 24 29 27 54 92 46 17 8 9 75 85 7 35 20 11 59 22 42 25 37 44 70 93 32 5 81 83 109 94 68 51 2 69 82 36 78 84 103 100 39 101 45 74 10 99 64 33 14 57 80 66 52 106 108 98 15 91 16 28 71 49 67 56 58 12 47 26 102 104 60 105 13 3 95 30 41 88 6 1 38 43 53 50 72 73 76 34 4 89 40 48 62 87 63 86 21 18 61 96 97 65 
0 19 45 37 25 42 22 59 11 20 35 7 85 75 9 8 17 46 92 54 27 29 24 107 55 79 23 90 77 31 44 70 93 32 5 81 83 109 94 68 51 2 69 82 36 78 84 103 100 39 101 74 10 99 64 33 14 57 80 66 52 106 108 98 15 91 16 28 71 49 67 56 58 12 47 26 102 104 60 105 13 3 95 30 41 88 6 1 38 43 53 50 72 73 76 34 4 89 40 48 62 87 63 86 21 18 61 96 97 65 
0 19 31 77 90 23 79 55 107 24 29 27 54 92 46 17 8 9 75 85 7 35 20 11 59 22 42 25 37 45 44 70 93 32 5 81 83 33 94 68 51 2 69 82 36 78 84 103 100 39 101 74 10 99 64 109 14 57 80 66 52 106 108 98 15 91 16 28 71 49 67 56 58 12 47 26 102 104 60 105 13 3 95 30 41 88 6 1 38 43 53 50 72 73 76 34 4 89 40 48 62 87 63 86 21 18 61 96 97 65 
0 19 31 77 90 23 79 55 107 24 29 27 54 92 46 17 8 9 75 85 7 35 20 11 59 22 42 25 37 45 44 70 93 32 5 81 83 109 94 68 51 2 69 82 36 78 84 103 100 39 101 74 10 99 64 33 14 57 80 66 52 106 108 98 15 91 16 28 71 49 76 56 58 12 47 26 102 104 60 105 13 3 95 30 41 88 6 1 38 43 53 50 72 73 67 34 4 89 40 48 62 87 63 86 21 18 61 96 97 65 
0 19 31 77 90 23 79 55 107 24 29 27 54 92 46 17 8 9 75 85 7 35 20 11 59 22 42 25 37 45 44 70 93 32 5 81 83 109 68 51 2 69 82 36 78 84 103 100 39 101 74 10 99 64 33 14 57 80 66 52 106 108 98 15 91 16 28 71 49 67 56 58 94 12 47 26 102 104 60 105 13 3 95 30 41 88 6 1 38 43 53 50 72 73 76 34 4 89 40 48 62 87 63 86 21 18 61 96 97 65 
0 19 31 77 90 23 79 55 107 24 29 27 54 92 46 17 8 9 75 85 7 35 20 11 59 22 42 25 37 45 44 70 93 32 5 81 83 109 94 68 51 2 69 82 36 78 84 103 100 39 101 74 10 99 64 33 62 48 40 89 4 34 76 73 72 50 53 43 38 1 6 88 41 30 95 3 13 105 60 104 102 26 47 12 58 56 67 49 71 28 16 91 15 98 108 106 52 66 80 57 14 87 63 86 21 18 61 96 97 65 
0 19 31 77 90 23 79 55 107 24 29 27 54 92 46 17 8 9 75 85 7 35 20 11 59 22 42 25 37 45 44 70 93 32 5 81 83 109 94 68 51 2 69 82 36 78 84 103 100 39 101 74 10 99 64 33 14 57 80 66 52 106 108 98 15 91 16 28 71 49 67 56 58 12 47 26 102 104 60 105 13 3 95 30 41 88 6 1 38 43 53 50 72 73 76 34 4 89 40 48 62 87 63 86 21 61 96 97 65 18 
0 19 31 77 90 23 79 55 107 24 29 27 54 92 46 17 8 9 75 85 7 35 20 11 59 22 42 25 37 45 44 70 93 32 5 100 39 101 74 10 51 2 69 82 36 78 84 103 81 83 109 94 68 99 64 33 14 57 80 66 52 106 108 98 15 91 16 28 71 49 67 56 58 12 47 26 102 104 60 105 13 3 95 30 41 88 6 1 38 43 53 50 72 73 76 34 4 89 40 48 62 87 63 86 21 18 61 96 97 65 
0 19 31 77 90 23 79 55 107 24 29 27 54 92 46 17 8 9 75 85 7 35 20 11 59 22 42 25 37 45 44 70 93 39 32 5 81 83 109 94 68 51 2 69 82 36 78 84 103 100 101 74 10 99 64 33 14 57 80 66 52 106 108 98 15 91 16 28 71 67 56 58 12 47 26 102 104 60 105 13 3 49 95 30 41 88 6 1 38 43 53 50 72 73 76 34 4 89 40 48 62 87 63 86 21 18 61 96 97 65 
0 19 31 77 90 23 79 55 107 24 29 27 54 92 46 17 8 9 75 85 7 35 20 11 59 22 42 25 37 45 44 70 93 32 5 81 83 109 94 68 51 2 69 82 36 78 84 103 100 39 101 74 10 99 64 33 14 80 66 52 106 108 98 15 91 16 26 71 49 67 56 58 12 47 28 102 104 60 105 13 3 95 30 57 41 88 6 1 38 43 53 50 72 73 76 34 4 89 40 48 62 87 63 86 21 18 61 96 97 65 
0 19 31 77 90 23 79 55 107 24 29 27 54 92 46 17 8 9 75 85 7 35 20 11 59 22 42 25 37 45 44 70 93 32 5 81 83 80 94 68 51 2 69 82 36 78 84 103 100 39 101 74 10 99 64 33 14 57 109 66 52 106 108 98 15 91 16 28 71 49 67 56 58 12 47 26 102 104 60 105 13 3 95 30 41 88 6 1 38 43 53 50 72 73 76 34 4 89 40 48 62 87 63 86 21 18 61 96 97 65 
0 19 31 77 90 23 79 55 107 24 29 27 54 92 46 17 8 9 75 85 7 35 20 11 59 22 42 25 37 45 70 93 32 5 81 83 109 94 68 51 2 69 82 36 78 84 103 100 39 101 74 10 99 64 33 14 57 80 66 52 106 108 98 44 15 91 16 28 71 49 67 56 58 12 47 26 102 104 60 105 13 3 95 30 41 88 6 1 38 43 53 50 72 73 76 34 4 89 40 48 62 87 63 86 21 18 61 96 97 65 
0 19 31 77 90 23 79 55 107 24 29 27 54 92 46 17 8 9 75 85 7 35 20 11 59 22 42 25 37 45 44 70 93 32 5 81 83 109 94 68 51 2 69 82 36 78 84 103 100 39 101 74 10 99 64 33 14 57 80 66 52 106 108 98 15 91 16 28 71 49 67 56 58 12 47 26 102 104 60 105 13 3 95 30 41 88 6 1 38 43 53 50 72 73 48 40 89 4 34 76 62 87 63 86 21 61 96 97 18 65 
0 19 31 77 90 23 79 55 107 24 29 27 54 92 46 17 8 9 75 85 7 35 20 59 22 42 25 37 45 44 70 93 32 5 81 83 109 94 68 51 2 69 82 36 78 84 103 100 39 101 74 10 99 64 33 14 11 57 80 66 52 106 108 98 15 91 16 28 71 49 67 56 58 12 47 26 102 104 60 105 13 3 95 30 41 88 6 1 38 43 53 50 72 73 76 34 4 89 40 48 62 87 63 86 21 18 61 96 97 65 
0 19 31 77 90 23 79 55 107 24 29 27 54 92 46 17 8 9 75 85 7 35 20 11 59 22 42 25 37 45 44 70 93 32 5 81 83 109 94 68 51 2 69 82 36 78 84 103 100 39 101 74 10 99 64 33 14 57 80 66 52 106 108 98 15 91 16 28 71 49 67 56 58 12 47 26 102 104 60 105 13 3 95 30 41 88 6 1 38 43 53 50 73 76 34 4 89 40 48 87 62 63 86 21 72 18 61 96 97 65 
0 19 31 77 90 23 79 55 107 24 29 27 54 92 46 17 8 9 75 85 7 35 20 11 59 22 42 25 37 44 70 93 32 5 81 83 109 94 68 51 2 69 82 36 78 84 103 100 39 101 74 10 99 64 33 14 57 80 66 52 106 108 98 15 91 16 28 71 49 67 56 58 45 12 47 26 102 104 60 105 13 3 95 30 41 88 6 1 38 43 53 50 72 73 76 34 4 89 40 48 62 87 63 86 21 18 61 96 97 65 
0 19 31 77 90 23 79 55 107 24 29 27 54 92 46 17 8 9 75 85 7 35 20 11 59 22 42 25 37 45 44 70 93 32 5 81 83 109 94 68 51 2 69 82 36 78 84 103 100 39 101 74 10 99 64 33 14 57 30 41 52 106 108 98 15 91 16 28 71 49 67 56 58 12 47 26 102 104 60 105 13 3 95 80 66 88 6 1 38 43 53 50 72 73 76 34 4 89 40 48 62 87 63 86 21 18 61 96 97 65 
0 19 31 77 90 23 79 55 107 24 29 27 54 92 46 17 8 9 75 85 7 2 20 11 59 22 42 25 37 45 44 70 93 32 5 81 83 109 94 68 51 35 69 82 36 78 84 103 100 39 101 74 10 99 64 33 14 57 80 66 52 106 108 98 15 91 16 28 71 49 67 56 58 12 47 26 102 104 60 105 13 3 95 30 41 88 6 1 38 43 53 50 72 73 76 34 4 89 40 48 62 87 63 86 21 18 61 96 97 65 
0 19 31 77 90 23 79 55 68 94 109 83 81 5 32 93 70 44 45 37 25 42 22 59 11 20 35 7 85 75 9 8 17 46 92 54 27 29 24 107 51 2 69 82 36 78 84 103 100 39 101 74 10 99 64 33 14 57 80 66 52 106 108 98 15 91 16 28 71 49 67 56 58 12 47 26 102 104 60 105 13 3 95 30 41 88 6 1 38 43 53 50 72 73 76 34 4 89 40 48 62 87 63 86 21 18 61 96 97 65 
0 19 31 77 90 23 79 55 107 24 29 27 54 92 46 17 8 9 75 85 7 35 20 11 59 22 42 25 37 45 44 70 93 32 5 81 83 109 94 68 51 2 69 82 36 78 84 103 100 39 101 10 99 64 33 14 57 80 66 52 106 108 98 15 91 16 28 71 49 67 56 58 12 47 26 102 104 60 105 13 3 95 30 74 41 88 6 1 38 43 53 50 72 73 76 34 4 89 40 48 62 87 63 86 21 18 61 96 97 65 
0 19 31 77 90 23 79 55 107 24 29 27 54 92 46 17 8 9 75 85 89 35 20 11 59 22 42 25 7 37 45 44 70 93 32 5 81 83 109 94 68 51 2 69 82 36 78 84 103 100 39 101 74 10 99 64 33 14 57 80 66 52 106 108 98 15 91 16 28 71 49 67 56 58 12 47 26 102 104 60 105 13 3 95 30 41 88 6 1 38 43 53 50 72 73 76 34 4 40 48 62 87 63 86 21 18 61 96 97 65 
0 19 31 77 90 23 79 55 107 24 29 27 54 92 46 17 8 9 75 85 7 35 20 11 59 22 42 25 37 45 44 70 93 5 81 83 109 94 68 51 2 69 82 36 78 84 103 100 39 101 74 57 14 33 64 99 10 80 66 32 52 106 108 98 15 91 16 28 71 49 67 56 58 12 47 26 102 104 60 105 13 3 95 30 41 88 6 1 38 43 53 50 72 73 76 34 4 89 40 48 62 87 63 86 21 18 61 96 97 65 
0 19 31 77 90 23 79 55 107 24 29 27 54 92 46 17 8 9 75 85 7 35 20 11 59 22 42 25 37 45 44 70 32 5 81 83 109 94 68 51 2 69 82 36 78 84 103 100 39 101 74 10 99 64 33 14 57 80 66 52 106 108 98 15 91 16 28 71 58 67 56 49 12 47 26 102 104 60 105 13 3 95 30 41 88 6 1 38 43 53 50 72 73 76 34 4 89 40 48 62 93 87 63 86 21 18 61 96 97 65 
0 19 31 77 90 23 79 55 107 24 29 27 54 92 46 17 8 9 75 85 7 35 20 11 59 22 42 25 37 45 44 70 93 32 5 81 83 109 94 68 51 2 69 82 36 78 84 103 100 39 101 74 10 99 64 33 14 57 80 66 52 106 108 98 15 91 16 28 71 67 56 58 12 47 26 102 104 60 105 13 3 95 30 41 88 6 1 38 43 53 50 72 73 76 34 4 89 40 48 62 87 63 86 21 18 49 61 96 97 65 
0 19 31 77 90 79 55 107 24 29 27 54 92 46 17 8 9 75 85 7 35 20 11 59 22 42 25 37 45 44 70 93 32 5 81 83 23 109 94 68 51 2 69 82 36 78 84 103 100 39 101 74 10 99 64 33 14 57 80 66 52 106 108 98 15 91 16 28 71 49 67 56 58 12 47 26 102 104 60 105 13 3 95 30 41 88 6 1 38 43 53 50 72 73 76 34 4 89 40 48 62 87 63 86 21 18 61 96 97 65 
0 19 31 77 90 23 79 55 107 24 29 27 54 92 46 17 8 9 75 85 7 35 20 11 59 22 42 25 37 45 44 70 93 32 5 81 83 109 94 68 51 52 69 82 36 78 84 103 100 39 101 74 10 99 64 33 14 57 80 66 2 106 108 98 15 91 16 28 71 49 67 56 58 12 47 26 102 104 60 105 13 3 95 30 41 88 6 1 38 43 53 50 72 73 76 34 4 89 40 48 62 87 63 86 21 18 61 96 97 65 
0 19 31 77 90 23 79 55 107 24 29 27 54 92 46 17 8 9 75 85 7 35 20 11 59 22 42 25 37 45 44 70 93 32 5 81 83 109 94 68 51 2 69 82 36 78 84 103 100 39 101 74 10 99 64 33 63 87 62 48 40 89 4 34 76 73 72 50 53 43 38 1 6 88 41 30 95 3 13 105 60 104 102 26 47 12 58 56 67 49 71 28 16 91 15 98 108 106 52 66 80 57 14 86 21 18 61 96 97 65 
0 19 31 77 90 23 79 55 107 24 29 27 54 92 46 17 8 9 75 85 7 35 20 11 59 22 42 25 37 45 44 70 93 32 5 81 83 109 68 51 69 2 82 36 78 84 103 100 39 101 74 10 99 64 33 14 57 80 66 52 106 108 98 15 91 16 28 71 49 67 56 58 12 47 26 102 104 60 105 13 3 95 94 30 41 88 6 1 38 43 53 50 72 73 76 34 4 89 40 48 62 87 63 86 21 18 61 96 97 65 
0 19 31 77 90 23 79 55 107 24 29 27 54 92 46 17 8 9 75 85 7 35 20 11 59 22 42 25 37 45 44 70 93 32 5 81 83 109 94 68 51 2 69 82 21 86 63 87 62 48 40 89 4 34 76 73 72 50 53 43 38 1 6 88 41 30 95 3 13 105 60 104 102 26 47 12 58 56 67 49 71 28 16 91 15 98 108 106 52 66 80 57 14 33 64 99 10 74 101 39 100 103 84 78 36 18 61 96 97 65 
0 19 31 77 90 23 79 55 107 24 29 27 54 92 46 17 8 9 75 85 7 35 20 11 59 22 42 25 37 45 44 70 93 32 5 81 57 80 53 52 106 108 98 15 91 16 28 71 83 109 94 68 51 2 36 82 69 78 84 103 100 39 101 74 10 99 64 33 14 49 67 56 58 12 47 26 102 104 60 105 13 3 95 30 41 88 6 1 38 43 66 50 72 73 76 34 4 89 40 48 62 87 63 86 21 18 61 96 97 65 
0 19 31 77 90 23 79 55 107 24 29 27 54 92 46 17 8 9 75 85 7 35 20 11 59 22 42 25 37 45 44 70 93 32 5 81 83 109 94 68 51 2 69 82 78 84 103 100 39 101 74 10 99 64 33 14 57 80 66 52 106 108 98 15 91 16 28 71 49 67 56 58 12 47 26 102 104 60 105 13 3 95 30 41 88 6 1 38 43 53 50 72 73 76 34 4 89 40 48 62 87 63 86 21 36 18 61 96 97 65 
0 19 31 77 90 23 79 55 107 24 29 27 54 92 46 17 8 9 75 85 7 20 11 59 22 42 25 37 45 44 70 93 32 5 81 83 109 94 68 51 2 69 82 36 78 84 103 100 39 101 74 10 99 64 33 14 57 80 66 52 106 108 98 15 91 16 28 71 49 67 56 58 12 47 26 102 104 60 105 13 3 95 30 41 88 6 1 38 43 53 35 50 72 73 76 34 4 89 40 48 62 87 63 86 21 18 61 96 97 65 
0 19 31 77 90 23 79 55 107 24 29 27 54 92 46 17 8 9 75 85 7 35 20 11 59 22 42 25 37 45 44 70 93 32 5 81 83 109 94 108 52 66 80 57 14 33 64 99 10 74 101 39 100 103 84 78 36 82 69 2 51 68 98 15 91 16 28 71 49 67 56 58 12 47 26 102 104 60 105 13 3 95 30 41 88 6 1 38 43 53 50 72 73 76 34 4 89 40 106 48 62 87 63 86 21 18 61 96 65 97 
0 19 31 77 90 23 79 55 107 24 29 27 54 92 46 17 8 9 75 85 7 35 20 11 59 22 42 25 37 45 44 70 93 32 5 81 83 109 94 68 51 2 69 82 36 78 84 103 100 39 101 74 10 99 64 33 14 57 80 66 52 106 108 98 15 91 16 28 71 49 67 56 58 41 30 95 3 13 105 60 104 102 26 47 12 88 6 1 38 43 53 50 72 73 76 34 4 89 40 48 87 63 86 21 18 61 96 97 62 65 
0 19 31 77 90 23 79 55 107 24 29 27 54 92 46 17 8 9 75 85 7 35 20 11 59 22 42 25 37 45 44 70 93 56 58 12 47 26 102 104 60 105 13 3 95 30 41 88 6 1 38 43 53 50 72 33 14 57 80 66 52 106 108 98 15 91 16 28 71 49 67 32 5 81 83 109 94 68 51 2 69 82 36 78 84 103 100 39 101 74 10 99 64 73 76 34 4 89 40 48 62 87 63 86 21 18 61 96 97 65 
0 19 31 77 90 23 79 55 107 24 29 27 54 92 46 17 8 9 75 85 7 35 20 11 59 22 42 25 37 45 44 70 93 32 5 81 83 109 94 68 51 2 69 82 36 78 84 103 100 39 101 74 10 99 64 33 14 57 80 66 52 106 108 98 15 91 16 28 71 49 67 56 58 12 47 26 102 104 60 105 13 95 30 41 88 6 1 38 43 53 50 72 73 76 34 4 89 40 48 62 87 63 86 21 3 18 61 96 97 65 
0 19 31 77 90 23 79 55 107 24 29 27 54 92 46 17 8 9 75 85 7 35 20 11 59 22 42 25 37 45 44 70 93 32 5 81 83 109 94 68 51 105 13 3 95 30 41 88 6 1 38 43 53 50 72 73 14 57 80 66 52 106 108 98 15 91 16 28 71 49 67 56 58 12 47 26 102 104 60 2 69 82 36 78 84 103 100 39 101 74 10 99 64 33 76 34 4 89 40 48 87 62 63 86 21 18 61 96 97 65 
0 19 31 77 90 23 79 55 107 24 29 27 54 92 46 17 8 9 75 85 7 35 20 11 59 22 42 25 37 45 44 70 93 32 5 81 83 109 94 68 51 2 69 82 36 78 84 103 100 39 101 74 10 99 64 33 14 57 80 66 52 106 108 98 15 91 16 28 71 49 67 56 58 12 47 26 102 104 60 105 21 86 63 87 62 48 40 89 4 34 76 73 72 50 53 43 38 1 6 88 41 30 95 3 13 18 61 96 97 65 
0 19 31 77 90 23 79 55 107 24 29 27 54 92 46 17 8 9 75 85 7 35 20 11 59 22 42 25 37 45 100 70 93 32 5 81 83 109 94 68 51 2 69 82 36 78 84 103 44 39 101 74 10 99 64 33 14 57 80 66 52 106 108 98 15 91 16 28 71 49 67 56 58 12 47 26 102 104 60 105 13 3 95 30 41 88 6 1 38 43 53 50 72 73 76 34 4 89 40 48 62 87 63 86 21 18 61 96 97 65 
0 19 31 77 90 23 79 55 107 24 29 27 54 92 46 17 8 9 75 85 7 35 20 11 59 22 42 25 37 45 100 70 93 32 5 81 83 109 94 68 51 2 69 82 36 78 84 103 44 39 101 74 10 99 64 33 14 57 80 66 52 106 108 98 15 91 16 28 71 49 67 56 58 12 47 26 102 104 60 105 13 3 95 30 41 88 6 1 38 43 53 50 72 73 76 34 4 89 40 48 62 87 63 86 21 18 61 96 97 65 
0 19 31 77 90 23 79 55 107 24 29 27 54 92 46 17 8 9 62 48 40 89 4 34 76 73 72 50 53 43 38 1 6 88 41 30 95 3 13 105 60 104 102 26 47 12 58 56 67 49 71 28 16 91 15 98 108 106 52 66 80 57 14 33 64 99 10 74 101 39 100 103 84 78 36 82 69 2 51 68 94 109 83 81 5 32 93 70 44 45 37 25 42 22 59 11 20 35 7 85 75 87 63 86 21 18 61 96 97 65 
0 19 31 77 90 23 79 55 107 24 29 27 54 92 46 17 8 9 75 106 52 66 80 57 14 33 64 99 10 74 101 39 100 103 84 78 36 82 69 2 51 68 94 109 83 81 5 32 93 70 44 45 37 25 42 22 59 11 20 35 7 85 108 98 15 91 16 28 71 49 67 56 58 12 47 26 102 104 60 105 13 3 95 30 41 88 6 1 38 43 53 50 72 73 76 34 4 89 40 48 62 87 63 86 21 18 61 96 97 65 
0 19 31 77 90 23 79 55 107 24 29 27 54 92 46 17 8 9 75 85 7 35 20 11 59 22 42 25 37 45 62 70 93 32 5 81 83 109 94 68 51 2 69 82 36 78 84 103 100 39 101 74 10 99 64 33 14 57 80 66 52 106 108 98 15 91 16 28 71 49 67 56 58 12 47 26 102 104 60 105 13 3 95 30 41 88 6 1 38 43 53 50 72 73 76 34 4 89 40 48 44 87 63 86 21 18 61 96 97 65 
0 19 31 77 90 23 79 55 107 24 29 27 54 92 46 17 8 9 75 85 7 35 20 11 59 22 42 25 37 45 44 70 93 32 5 81 83 109 94 68 51 2 69 82 36 78 84 103 100 39 101 74 10 99 80 57 14 33 64 43 38 1 6 89 4 34 76 73 72 50 53 104 102 26 47 12 66 52 106 108 98 15 91 16 28 71 49 67 56 58 60 105 13 3 95 30 41 88 40 48 62 87 63 86 21 18 61 96 97 65 
0 19 31 77 90 23 79 55 107 24 29 27 54 92 46 17 8 9 75 85 7 35 20 12 47 11 59 22 42 25 37 45 44 70 93 32 5 81 83 109 94 68 51 2 69 82 36 78 84 103 100 39 101 74 10 99 64 33 14 57 80 66 52 106 108 98 15 91 16 28 71 49 67 56 58 26 102 104 60 105 13 3 95 30 41 88 6 1 38 43 53 50 72 73 76 34 4 89 40 48 62 87 63 86 21 18 61 96 97 65 
0 19 31 77 90 23 79 55 107 24 29 27 54 92 46 17 8 9 85 7 35 20 11 59 22 42 25 37 45 44 70 93 32 5 81 83 109 94 68 51 2 69 82 36 78 84 103 100 39 101 74 10 75 99 64 33 14 57 80 66 52 106 108 98 15 91 16 28 71 49 67 56 58 12 47 26 102 104 60 105 13 3 95 30 41 88 6 1 38 43 53 50 72 73 76 34 4 89 40 48 62 87 63 86 21 18 61 96 97 65 
0 19 31 77 90 23 79 55 107 24 29 27 54 92 46 17 8 9 75 85 69 2 51 68 94 109 83 81 5 32 93 70 44 45 37 25 42 22 59 11 20 35 7 82 36 78 84 103 100 39 101 74 10 99 64 33 14 57 108 66 52 106 80 98 15 91 16 28 71 49 67 56 58 12 47 26 102 104 60 105 13 3 95 30 41 88 6 1 38 43 53 72 73 76 34 4 89 50 40 48 62 87 63 86 21 18 61 96 97 65 
0 19 31 77 90 23 79 55 107 24 29 27 54 92 46 17 8 9 75 85 7 35 20 11 59 22 42 25 37 45 44 70 93 32 5 81 83 109 94 68 51 2 69 47 36 78 84 103 100 39 101 74 10 99 64 33 14 57 80 66 52 106 108 98 15 91 16 28 71 49 67 56 58 12 82 26 102 104 60 105 13 3 95 30 41 88 6 1 38 43 53 50 72 73 76 34 4 89 40 48 62 87 63 86 21 18 61 96 97 65 
0 19 31 77 90 23 79 55 107 24 29 27 54 92 46 17 8 9 75 85 7 35 20 11 59 22 42 25 37 45 44 70 93 32 5 81 83 109 49 68 51 2 69 82 36 78 84 103 100 39 101 74 10 99 64 33 14 57 80 66 52 106 108 98 15 91 16 28 71 94 67 56 58 12 47 26 102 104 60 105 13 3 95 30 41 88 6 1 38 43 53 50 72 73 76 34 4 89 40 48 62 87 63 86 21 18 61 96 97 65 
0 19 31 77 90 23 79 107 24 29 27 54 92 46 17 8 9 75 85 7 35 20 11 59 22 42 25 37 45 44 70 93 32 5 81 83 109 94 68 51 2 69 55 82 36 78 84 103 100 39 101 74 10 99 64 33 14 57 80 66 52 106 108 98 15 91 16 28 71 49 67 56 58 12 47 26 102 104 60 105 13 3 95 30 41 88 6 1 38 43 53 50 72 73 76 34 4 89 40 48 62 87 61 86 21 18 63 96 97 65 
0 19 31 77 90 23 79 55 107 24 29 27 54 92 46 17 8 51 75 85 7 35 20 11 59 22 42 25 37 45 44 70 93 32 5 81 83 109 94 68 9 2 69 82 36 78 84 103 100 39 101 74 10 99 64 33 14 57 80 66 52 106 108 98 15 91 16 28 71 49 67 56 58 12 47 26 102 104 60 105 13 3 95 30 41 88 6 1 38 43 53 50 72 73 76 34 4 89 40 48 62 87 63 86 21 18 61 96 97 65 
0 19 31 77 90 23 79 55 107 24 29 27 54 92 46 17 8 9 75 85 7 35 20 11 59 22 42 25 37 45 44 70 93 32 5 81 53 43 38 1 91 88 41 30 95 3 13 105 60 104 102 26 47 12 58 56 67 49 71 28 16 6 15 98 108 106 52 66 80 57 14 33 64 99 10 74 101 39 100 103 84 78 36 82 69 2 51 68 94 109 83 50 72 73 76 34 4 89 40 48 62 87 63 86 21 18 61 96 97 65 
0 19 31 77 90 23 79 55 107 24 29 27 54 92 46 17 8 9 75 85 7 35 20 11 59 22 42 25 37 45 44 70 93 32 5 81 83 109 94 68 51 2 69 82 36 78 6 103 100 39 101 74 10 99 64 33 14 57 80 66 52 106 108 98 15 91 16 28 71 49 67 56 58 12 47 26 102 104 60 105 13 3 95 30 41 88 84 1 38 43 53 50 72 73 76 34 4 89 40 48 62 87 63 86 21 18 61 96 97 65 
0 19 31 77 23 79 55 107 24 29 27 54 92 46 17 8 9 75 85 7 35 20 11 59 22 42 25 37 45 44 70 93 32 5 81 83 109 94 68 51 2 69 90 82 36 78 84 103 100 39 101 74 10 99 64 33 14 57 80 66 52 106 108 98 15 91 16 28 71 49 67 56 58 12 47 26 102 104 60 105 13 3 95 30 41 88 6 1 38 43 53 50 72 73 76 34 4 89 40 48 62 87 63 86 21 18 61 96 97 65 
0 19 31 77 90 23 79 55 107 24 29 27 54 92 37 17 8 9 75 85 7 35 20 11 59 22 42 25 46 45 44 70 93 32 5 81 83 109 94 68 51 2 69 82 36 78 84 103 100 39 101 74 10 99 64 33 14 57 80 66 52 106 108 98 15 91 16 28 71 49 67 56 58 12 47 26 102 104 60 105 13 3 95 30 41 88 6 1 38 43 53 50 72 73 76 34 4 89 40 48 62 87 63 86 21 18 61 96 97 65 
0 19 31 77 90 23 79 55 107 24 29 27 54 92 46 17 8 9 75 85 7 35 20 11 59 22 42 25 37 45 44 70 93 32 5 81 83 109 94 68 51 2 69 82 36 78 84 103 100 39 101 74 10 99 64 33 14 57 80 66 52 106 108 98 15 91 16 28 71 49 67 56 58 12 47 26 102 104 60 105 13 62 87 63 41 88 6 1 38 43 53 50 72 73 76 34 4 89 40 48 3 95 30 86 21 18 61 96 97 65 
0 19 31 77 90 23 79 55 107 24 29 27 54 92 46 17 8 9 75 85 7 35 20 11 59 22 42 25 37 45 44 70 93 32 5 81 83 109 94 68 51 2 69 82 36 78 84 103 100 39 101 74 10 99 64 33 14 57 108 66 52 106 80 98 15 91 16 28 71 49 67 56 40 12 47 26 102 104 60 105 13 3 95 30 41 88 6 1 38 43 53 72 73 76 34 4 89 50 58 48 62 87 63 86 21 18 61 96 97 65 
0 19 31 77 90 23 79 55 107 24 29 27 54 92 46 17 8 9 75 85 7 35 20 11 59 22 42 25 37 45 44 70 93 32 5 81 83 109 94 68 51 2 69 82 36 78 84 103 100 39 101 74 10 99 64 33 14 57 80 66 52 106 108 89 40 48 62 87 63 86 21 18 61 12 47 26 102 104 60 105 13 3 95 30 41 88 6 1 38 43 53 50 72 73 76 34 4 98 15 91 16 28 71 49 67 56 58 96 97 65 
0 19 31 77 90 23 79 55 107 24 29 27 54 92 46 17 8 9 75 85 7 35 20 11 59 22 42 25 37 45 44 70 93 32 5 81 83 109 94 68 51 2 69 82 36 78 84 103 100 39 101 74 10 99 62 33 14 57 80 66 52 106 108 98 15 91 16 28 71 49 67 56 58 12 47 26 102 104 60 105 13 3 95 30 41 88 6 1 38 43 53 50 72 73 76 34 4 89 40 48 64 87 63 86 21 18 61 96 97 65 
0 19 31 77 90 23 79 55 107 24 29 27 54 92 46 17 8 9 85 7 35 20 11 59 22 42 25 37 45 44 70 93 32 5 81 83 109 94 68 51 2 69 82 36 78 84 103 100 39 101 74 10 99 64 33 14 57 80 66 52 106 108 98 15 91 16 28 71 75 49 67 56 58 12 47 26 102 104 60 105 13 3 95 30 41 88 6 1 38 43 53 50 72 73 76 34 4 89 40 48 62 87 63 86 21 18 61 96 97 65 
0 19 31 77 90 23 79 55 107 24 29 27 54 92 46 72 50 53 43 38 1 6 88 41 30 95 3 13 105 60 104 102 26 47 12 58 56 67 49 71 28 16 91 15 98 108 106 52 66 80 57 14 33 64 99 10 74 101 39 100 103 84 78 36 82 69 2 51 68 94 109 83 81 5 32 93 70 44 45 37 25 42 22 59 11 20 35 7 85 75 9 8 17 73 76 34 4 89 40 48 62 87 63 86 21 18 61 96 97 65 
0 19 31 77 90 23 79 55 107 24 29 27 54 92 46 17 8 9 75 85 7 35 20 11 59 22 42 25 37 45 44 70 93 32 5 81 83 109 94 68 51 2 69 82 36 78 84 103 100 47 26 102 104 60 105 13 3 95 30 41 88 6 1 38 43 53 50 72 73 76 34 4 89 12 39 101 74 10 99 64 14 57 80 66 52 33 106 108 98 15 91 16 28 71 49 67 56 58 40 48 62 87 63 86 21 18 61 96 97 65 
0 19 31 77 90 23 79 55 107 24 29 27 54 92 46 17 8 9 75 85 7 35 20 11 59 22 42 25 37 45 44 70 93 32 5 81 83 109 94 68 51 2 69 76 36 78 84 103 100 39 101 74 10 99 64 33 14 57 80 66 52 106 108 98 15 91 16 28 71 49 67 56 58 12 47 26 102 104 105 13 3 95 30 41 88 6 1 38 43 53 50 72 73 82 34 4 89 40 48 62 87 63 86 21 18 61 60 96 97 65 
0 19 31 77 90 23 79 55 107 24 29 27 54 92 46 17 8 9 75 85 7 35 20 11 59 22 97 25 37 45 44 70 93 32 5 81 83 109 94 68 51 2 69 82 36 78 84 103 100 39 101 74 10 99 64 33 14 57 80 66 52 106 108 98 15 91 16 28 71 49 56 58 12 47 26 102 104 60 105 13 3 95 30 41 88 6 1 38 43 53 50 72 73 76 67 34 4 89 40 48 62 87 63 86 21 18 61 96 42 65 
0 19 31 77 90 23 79 55 107 24 29 27 54 92 46 17 8 12 58 56 67 49 71 28 16 91 15 98 108 106 52 66 80 57 14 33 64 99 10 74 101 39 100 103 84 78 36 82 69 2 51 68 94 109 83 81 5 32 93 70 44 45 37 25 42 22 59 11 20 35 7 85 75 9 47 26 102 104 60 105 13 3 95 30 41 88 6 1 38 43 53 50 72 73 76 34 4 89 40 48 62 87 63 86 21 18 61 96 97 65 
0 19 31 77 90 23 79 55 107 24 29 27 54 92 46 17 8 9 75 85 7 35 20 11 59 22 42 25 37 45 44 70 2 51 68 94 109 83 81 5 32 93 69 82 36 78 84 103 100 39 101 74 10 99 64 33 14 57 80 66 52 106 108 98 15 91 16 28 71 49 67 56 58 12 47 26 102 104 60 105 13 3 95 30 41 50 53 43 38 1 6 88 72 73 76 34 4 89 40 62 87 63 86 21 18 61 96 97 65 48 
0 19 31 77 90 23 79 55 107 24 29 27 54 92 46 17 8 9 75 85 7 35 20 11 59 22 42 25 37 45 44 70 93 32 5 81 83 109 94 68 51 2 69 82 36 78 84 103 100 39 101 74 10 99 64 33 14 57 80 66 52 106 108 98 15 91 16 28 71 49 67 56 58 12 47 26 102 104 60 105 13 3 95 30 41 88 6 1 38 43 53 50 86 73 76 34 4 89 40 48 62 87 63 72 21 18 61 96 97 65 
0 19 31 77 90 23 79 55 107 24 29 27 54 92 46 17 8 9 75 85 7 35 20 11 59 22 42 25 37 45 56 58 12 47 26 102 104 60 105 13 3 95 30 41 88 6 1 38 43 53 50 72 73 76 34 4 89 40 48 62 52 106 108 98 15 91 16 28 71 49 67 44 70 93 32 5 81 83 109 94 68 51 2 69 82 36 78 84 103 100 39 101 74 10 99 64 33 14 57 80 66 87 63 86 21 18 61 96 97 65 
0 19 31 77 90 23 79 55 107 24 29 27 54 92 46 17 8 9 75 85 7 35 20 11 59 22 42 25 37 45 44 70 93 32 5 81 83 109 94 68 51 2 69 82 36 78 84 103 100 39 52 66 80 57 14 33 64 99 10 74 101 106 108 98 15 91 16 28 71 49 67 56 58 12 47 26 102 104 60 105 13 3 95 30 41 88 6 1 38 43 87 50 72 73 76 34 4 89 40 48 62 53 63 86 21 18 61 96 97 65 
0 19 31 77 90 23 79 55 107 24 29 27 54 92 46 17 8 9 75 85 7 35 20 11 59 22 10 25 37 45 44 70 93 32 5 81 83 109 94 68 51 2 69 82 36 78 84 103 100 39 101 74 42 99 64 33 14 57 80 66 52 106 108 98 15 91 16 28 71 49 67 56 58 12 47 26 102 104 60 105 13 3 95 30 41 88 6 1 38 43 53 50 72 73 76 34 4 89 40 48 62 87 63 86 21 18 61 96 97 65 
0 19 31 77 90 23 79 55 107 24 29 27 54 92 46 17 8 9 75 85 7 66 52 106 108 98 15 91 16 28 71 49 67 56 58 12 47 26 102 104 60 105 13 3 95 30 41 88 6 1 38 74 10 99 64 33 14 57 80 35 20 11 59 22 42 25 37 45 44 70 93 32 5 81 83 109 94 68 51 2 69 82 36 78 84 103 100 39 101 43 53 50 72 73 76 34 4 89 40 48 62 87 63 86 21 18 61 96 97 65 
0 19 31 77 90 23 79 55 107 24 29 27 54 92 46 17 8 9 75 85 7 35 108 106 52 66 80 57 14 33 64 99 10 74 101 39 100 103 84 78 36 82 69 2 51 68 94 109 83 81 5 32 93 70 44 40 37 25 42 22 59 11 20 98 15 91 16 28 71 49 67 56 58 12 47 26 102 104 60 105 13 3 95 30 41 88 6 1 38 43 53 50 72 73 76 34 4 89 45 48 62 87 63 86 21 18 61 96 97 65 
0 19 31 77 90 23 79 55 107 24 29 27 54 2 46 17 8 9 75 85 7 35 20 11 59 22 42 25 37 45 44 70 93 32 5 81 83 109 94 68 51 92 69 82 36 78 84 103 100 39 101 74 10 99 64 33 14 57 80 66 52 106 108 98 15 91 16 28 71 49 67 56 58 12 47 26 102 104 60 105 13 3 95 30 41 88 6 1 38 43 53 50 72 73 76 34 4 89 40 48 62 87 63 86 21 18 61 96 97 65 
0 19 31 77 90 23 79 55 107 24 29 27 54 92 46 17 8 9 75 85 7 35 20 11 59 22 42 25 37 45 44 70 93 32 5 81 83 109 68 51 2 34 69 82 36 78 84 103 100 39 101 74 99 94 64 33 14 10 57 80 66 89 106 108 98 15 91 16 28 71 49 67 56 58 12 47 26 102 104 60 105 13 3 95 30 41 88 6 1 38 43 53 50 72 73 76 4 52 40 48 62 87 63 86 21 18 61 96 97 65 
0 19 31 77 90 23 84 78 36 82 69 51 2 68 94 109 83 81 5 32 93 70 44 45 37 25 42 22 59 11 20 35 7 85 75 9 8 17 46 92 54 27 29 24 107 55 79 103 100 39 101 74 10 99 64 33 14 57 80 66 52 106 108 98 15 91 16 28 50 49 67 56 58 12 47 26 102 104 60 105 13 3 95 30 41 88 6 1 38 43 53 71 72 73 76 34 4 89 40 48 62 87 63 86 21 18 61 96 97 65 
0 19 31 77 90 23 79 55 107 24 29 27 54 92 66 52 106 108 98 15 91 16 28 71 49 67 56 58 12 47 26 102 104 60 105 13 3 95 30 41 88 6 1 38 43 78 84 103 100 39 101 74 10 99 64 33 14 57 80 46 17 8 9 75 85 7 35 20 11 59 22 42 25 37 45 44 70 93 32 5 81 83 109 94 68 51 2 69 82 36 53 50 72 73 76 34 4 89 40 48 62 87 63 86 21 18 61 96 97 65 
0 19 31 77 90 23 79 55 107 24 29 7 27 54 92 46 17 8 58 56 67 49 71 28 16 91 15 98 108 106 52 66 80 57 14 33 64 99 10 74 101 39 100 103 84 78 36 82 69 2 51 68 94 109 83 81 5 32 93 70 44 45 37 25 42 22 59 11 20 35 85 75 9 12 47 26 102 104 60 105 13 3 95 30 41 88 6 1 38 43 53 50 72 73 76 34 4 89 40 48 62 87 63 86 21 18 61 96 97 65 
0 19 31 77 90 23 28 71 49 67 56 58 12 47 26 102 104 60 105 13 3 95 30 41 88 6 1 38 43 53 50 72 73 76 34 4 89 40 94 68 51 2 69 82 36 78 84 103 100 39 101 74 10 99 64 33 14 57 66 52 80 106 108 98 15 91 16 79 55 107 24 29 27 54 92 46 17 8 9 75 85 7 35 20 11 59 22 42 25 37 45 44 70 93 32 5 81 83 109 48 62 87 63 86 21 18 61 96 97 65 
0 19 31 77 90 23 79 55 107 24 29 27 54 92 46 17 8 9 75 85 7 35 20 11 59 22 42 25 37 45 44 70 93 32 5 81 83 109 94 68 51 2 4 82 36 78 84 103 100 39 101 74 10 99 64 33 14 57 80 66 52 106 108 98 15 91 16 28 71 49 67 56 58 12 47 26 102 104 60 105 13 3 95 30 41 88 6 1 38 43 53 50 72 73 63 34 69 89 40 48 62 87 76 86 21 18 61 96 97 65 
0 19 31 77 90 23 79 55 107 24 29 27 54 92 46 17 8 9 75 85 7 35 20 11 59 22 42 25 37 45 44 70 93 32 5 81 83 109 94 68 51 2 69 82 36 78 84 103 100 39 101 97 96 61 18 21 86 63 87 62 48 40 89 4 34 76 73 72 50 53 43 38 1 6 88 41 30 95 3 13 105 74 10 99 64 33 14 57 80 66 52 106 108 98 15 91 16 28 71 49 67 56 58 12 47 26 102 104 60 65 
0 19 31 77 90 5 79 55 107 24 29 27 54 92 46 17 8 9 75 85 7 35 20 11 59 22 42 25 37 45 44 70 93 32 23 81 83 109 94 68 51 2 69 82 36 78 84 103 100 39 101 74 10 99 64 33 14 57 80 66 52 106 108 98 15 91 16 28 71 49 67 56 58 12 47 26 102 104 60 105 13 3 95 30 41 88 6 1 38 43 53 50 72 73 76 34 4 89 40 48 62 87 63 86 21 18 61 96 97 65 
0 19 31 77 90 23 79 55 107 24 29 27 54 92 46 17 8 9 75 85 7 35 20 11 59 22 42 25 37 45 44 109 93 32 5 81 94 87 83 86 63 62 48 40 89 4 34 76 73 72 50 53 43 38 1 6 88 41 30 95 3 13 105 60 104 102 26 47 12 58 56 67 49 71 28 16 91 15 98 108 106 52 66 80 57 14 33 64 99 10 74 101 39 100 103 84 78 36 82 69 2 51 68 70 21 18 61 96 97 65 
0 19 31 77 90 23 79 55 107 24 29 27 54 92 46 17 8 9 75 85 35 20 11 59 22 42 25 37 45 44 70 93 32 5 66 83 109 94 68 51 2 69 82 36 78 7 84 103 100 39 101 74 10 99 64 33 14 57 80 81 52 106 108 98 15 91 16 28 71 49 67 56 58 12 47 26 102 104 60 105 13 3 95 30 41 88 6 1 38 43 53 50 72 73 76 34 4 89 40 48 62 87 63 86 21 18 61 96 97 65 
0 19 31 77 90 23 79 55 107 24 29 27 54 92 46 17 8 9 33 85 7 35 20 11 59 22 42 25 37 45 44 70 93 32 5 81 83 109 94 68 51 2 69 82 36 78 84 103 100 39 101 74 10 99 64 75 14 57 80 66 52 106 108 98 15 91 16 28 71 49 67 56 58 12 47 26 102 104 60 105 13 3 95 30 41 88 6 1 38 43 53 50 72 73 76 34 4 89 40 48 62 87 63 86 21 18 61 96 97 65 
0 19 31 7 35 20 11 59 22 42 25 37 45 92 46 17 8 9 75 78 36 82 69 2 51 68 94 109 83 81 5 32 93 70 44 54 27 29 24 107 55 79 23 90 77 85 84 103 100 39 101 74 10 99 64 33 14 57 80 66 52 106 108 98 15 91 16 28 71 49 67 56 58 12 47 26 102 104 60 105 13 3 95 30 41 88 6 1 38 43 53 50 72 73 76 34 4 89 40 48 62 87 63 86 21 18 61 96 97 65 
0 19 31 77 90 23 79 55 107 24 29 27 54 92 46 17 8 9 75 85 7 35 20 11 59 71 42 25 37 45 44 70 93 32 5 81 83 109 94 68 51 2 69 82 36 78 84 103 100 39 101 74 10 99 64 33 14 57 80 66 52 106 108 98 15 91 16 28 22 49 67 56 58 12 47 26 102 104 60 105 13 3 95 30 41 88 6 1 38 43 53 50 72 73 76 34 4 89 40 48 62 87 63 86 21 18 61 96 97 65 
0 19 31 77 90 23 79 55 107 21 86 63 87 62 48 40 89 4 34 76 73 72 50 53 43 38 1 6 88 41 30 95 3 13 105 60 104 102 26 47 12 58 56 67 24 29 27 54 92 46 17 8 9 75 85 7 35 20 11 59 22 42 25 37 45 44 70 93 32 5 81 83 109 94 68 51 2 69 82 36 78 84 103 100 39 101 74 10 99 64 33 14 57 80 66 52 106 108 98 15 91 16 28 71 49 18 61 96 97 65 
0 19 31 77 90 23 79 55 107 24 106 52 66 80 57 14 33 64 99 10 74 101 39 100 103 84 78 36 82 69 2 51 68 94 109 83 81 5 32 93 70 44 45 37 25 42 22 59 11 20 35 7 85 75 9 8 17 46 92 54 27 29 108 98 15 91 16 28 71 49 67 56 58 12 47 26 102 104 60 105 13 3 95 30 41 88 6 38 43 53 50 72 73 76 34 4 89 1 40 48 62 87 63 86 21 18 61 96 97 65 
0 19 31 77 90 23 79 55 107 24 29 27 54 92 46 17 8 9 75 85 89 35 20 11 59 22 42 25 37 45 44 70 93 32 5 81 83 109 94 68 51 2 69 82 36 78 84 103 100 39 101 74 10 99 64 33 14 57 80 66 52 106 108 98 15 91 16 28 71 49 67 56 58 7 12 47 26 102 104 60 105 13 3 95 30 41 88 6 1 38 43 53 50 72 73 76 34 4 40 48 62 87 63 86 21 18 61 96 97 65 
0 19 31 77 90 23 94 55 107 24 29 27 54 92 46 17 8 9 75 85 7 35 20 11 59 22 42 25 37 45 44 70 93 32 5 81 83 109 79 68 51 2 69 82 36 78 84 103 100 39 101 74 10 99 64 33 14 57 80 66 52 106 108 98 15 91 16 28 71 49 67 56 58 12 47 26 102 104 60 105 13 3 95 30 41 88 6 1 38 43 53 50 72 73 76 34 4 89 40 48 62 87 86 21 18 61 63 96 97 65 
0 19 31 77 90 23 79 55 107 24 29 27 54 92 46 17 8 9 75 97 96 61 18 21 86 63 87 62 48 40 89 4 34 76 73 72 50 53 43 38 1 6 88 41 30 95 3 13 105 100 103 84 78 36 82 69 2 51 68 94 109 83 81 5 32 93 70 44 45 37 25 42 22 59 11 20 35 7 85 39 101 74 10 99 64 33 14 57 80 66 52 106 108 98 15 91 16 28 71 49 67 56 58 12 47 26 102 104 60 65 
0 19 31 77 90 23 79 55 107 24 29 27 54 92 46 17 8 9 75 85 7 35 20 59 22 42 25 37 45 44 70 93 32 5 81 83 109 94 68 51 2 69 82 36 78 84 103 100 39 101 74 10 99 64 33 14 57 80 66 52 106 108 98 15 91 16 28 71 49 67 56 58 12 47 26 102 104 60 105 11 13 3 95 30 41 61 18 21 86 63 87 62 48 40 89 4 34 76 73 72 50 53 43 38 1 6 88 96 97 65 
0 19 31 77 90 23 79 55 107 24 29 27 54 92 46 17 8 9 75 85 7 35 20 11 59 22 42 25 37 45 44 70 93 32 5 81 83 105 94 68 51 2 69 82 36 78 84 103 100 39 66 80 57 14 33 64 99 10 74 101 52 106 108 98 15 91 16 28 71 49 67 56 58 12 47 26 102 104 60 109 13 3 95 30 41 88 6 1 38 43 53 50 72 73 76 34 4 89 40 48 62 87 63 86 21 18 61 96 97 65 
0 19 31 77 90 23 79 55 107 24 29 27 54 92 46 17 8 9 75 7 35 20 11 59 22 42 25 37 45 44 70 93 32 5 81 83 85 109 94 68 51 2 69 82 36 78 84 103 100 39 101 74 10 99 64 33 14 57 80 66 52 106 108 65 97 96 61 18 21 86 63 87 62 48 40 89 4 34 76 73 72 50 53 43 38 98 15 91 16 28 71 49 67 56 58 12 47 26 102 104 60 105 13 3 95 30 41 88 6 1 
0 19 31 77 90 79 55 107 24 29 27 54 23 92 46 17 8 9 75 85 7 35 20 11 59 22 42 25 37 45 44 70 93 32 97 81 83 109 94 68 51 2 69 82 36 78 84 103 100 39 101 74 10 99 64 33 14 57 66 52 106 108 98 15 91 16 28 71 49 67 56 58 12 47 26 80 102 104 60 105 13 3 95 30 41 88 6 1 38 43 53 50 72 73 76 34 4 89 40 48 62 87 63 86 21 18 61 96 5 65 
0 19 31 77 90 23 79 55 107 24 29 27 54 92 46 17 8 9 75 85 7 35 20 11 59 22 42 25 37 45 44 70 93 32 5 81 83 109 94 68 51 2 69 82 36 78 84 103 97 39 101 74 10 99 64 33 14 57 80 66 52 106 108 98 15 91 16 28 71 49 67 56 58 12 47 26 102 104 60 105 13 3 95 30 41 88 6 1 38 43 53 50 72 73 76 34 4 89 40 48 62 87 63 86 21 18 61 96 100 65 
0 19 31 77 90 23 79 55 107 24 29 27 54 92 46 17 8 9 75 85 7 35 20 11 59 22 42 25 37 45 44 70 93 32 5 81 83 109 94 68 51 2 69 82 36 78 84 103 100 39 101 74 10 99 64 33 14 57 80 66 6 106 108 98 15 65 97 96 61 18 21 86 63 87 62 48 40 89 4 34 76 73 72 50 53 43 38 1 52 88 41 30 95 3 13 105 60 104 102 26 47 12 58 56 67 49 71 28 16 91 
0 19 31 77 90 23 79 55 107 24 29 27 54 92 46 17 8 9 75 85 7 35 20 11 59 22 42 25 37 57 49 67 56 58 12 47 26 102 104 60 105 13 3 95 30 41 88 6 1 38 43 53 50 72 73 76 34 4 89 40 48 62 87 63 86 21 18 61 96 97 65 71 45 44 70 93 32 5 81 83 109 94 68 51 2 69 82 36 78 84 103 100 39 101 74 10 99 64 33 14 80 66 52 106 108 98 15 91 16 28 
0 19 31 77 90 23 79 97 96 61 18 21 86 63 87 62 48 40 89 4 34 76 73 72 50 53 43 38 1 6 88 41 30 95 3 13 105 100 103 84 78 36 82 69 2 51 68 94 109 83 81 5 32 93 70 44 45 37 25 42 22 59 11 20 35 7 85 75 9 8 17 46 55 107 24 29 27 54 92 39 101 74 10 99 64 33 14 57 80 66 52 106 108 98 15 91 16 28 71 49 67 56 58 12 47 26 102 104 60 65 
0 19 31 77 90 23 79 7 107 24 29 27 54 92 46 17 8 9 75 85 55 35 20 11 59 22 42 25 37 45 44 70 93 32 5 81 83 109 94 68 51 2 69 82 36 78 84 103 100 39 101 74 10 99 64 33 14 57 80 66 52 106 108 98 15 91 16 28 71 49 67 56 58 12 47 26 102 104 60 105 13 3 95 30 41 65 97 96 61 18 21 86 63 87 62 48 40 89 4 34 76 73 72 50 53 43 38 1 6 88 
0 19 31 77 90 23 79 80 66 52 106 108 98 15 91 16 28 71 49 67 56 58 12 47 26 102 104 60 105 13 3 95 30 41 88 6 1 38 43 53 50 72 73 76 34 4 89 40 48 62 87 63 86 21 18 61 14 57 55 107 24 29 27 54 92 46 17 8 9 75 85 7 35 20 11 59 22 42 25 37 45 44 70 93 32 5 81 83 109 94 68 51 2 69 82 36 78 84 103 100 39 101 74 10 99 64 33 96 97 65 
0 19 31 77 12 47 79 55 107 24 29 27 54 92 46 17 8 9 90 23 75 85 7 35 20 11 59 22 42 25 37 45 44 70 93 32 5 81 83 109 94 68 51 2 69 82 36 78 84 103 100 39 101 74 10 99 64 33 14 57 80 66 52 106 108 98 15 91 16 28 71 49 67 56 58 26 102 104 60 105 13 3 95 30 41 88 6 1 38 43 53 50 72 73 76 34 4 89 40 48 62 87 63 86 21 18 61 96 97 65 
0 19 31 77 90 23 79 55 107 24 29 27 54 92 46 17 8 9 75 85 7 35 20 11 59 6 42 25 37 45 44 70 93 32 5 81 83 109 94 68 51 2 69 82 36 78 84 103 100 39 101 74 10 99 64 33 14 57 80 66 52 106 108 98 15 91 16 28 71 49 67 56 58 12 47 26 102 104 60 105 13 3 95 30 41 88 22 1 38 43 53 50 72 73 76 34 4 89 40 48 62 87 63 86 21 18 61 96 97 65 
0 19 89 40 48 62 87 63 86 21 18 27 54 92 46 17 8 9 75 85 7 35 20 11 59 22 42 25 37 45 44 70 93 32 5 81 83 109 94 68 51 2 69 82 36 78 84 103 100 39 101 74 10 99 64 33 14 57 80 66 52 106 108 98 15 91 16 28 71 49 67 56 58 12 47 26 102 104 60 105 13 3 95 30 41 88 6 1 38 43 53 50 72 73 76 34 4 31 77 90 23 79 55 107 24 29 61 96 97 65 
0 19 31 77 90 23 79 55 107 24 29 27 54 92 46 17 8 9 75 85 7 35 12 11 59 22 42 25 37 45 44 70 93 32 5 81 83 109 94 68 51 2 69 82 36 78 84 103 100 39 101 74 10 99 64 33 14 57 80 66 52 106 108 98 15 91 16 28 71 49 67 56 58 20 47 26 102 104 60 105 13 3 95 30 41 88 6 1 38 43 53 50 72 73 76 34 4 89 40 48 62 87 63 86 21 18 61 96 97 65 
0 19 31 77 90 23 79 55 107 24 29 54 92 46 17 8 9 75 85 7 35 20 11 59 22 42 25 37 45 44 70 93 32 5 81 83 109 27 94 68 51 2 69 82 36 78 84 103 100 39 101 74 10 99 64 33 14 57 80 66 52 106 108 98 15 91 16 28 71 49 67 56 97 96 61 18 21 86 63 87 62 48 40 89 4 34 76 73 72 50 53 43 38 1 6 88 41 30 95 3 13 105 58 12 47 26 102 104 60 65 
0 19 31 77 90 23 57 14 33 64 99 10 74 101 109 39 100 103 84 78 36 82 69 2 51 68 94 83 81 5 32 93 70 44 45 37 25 42 22 59 11 20 35 7 79 75 9 8 17 46 92 54 27 29 24 107 55 85 80 66 52 106 108 98 15 91 16 28 71 49 67 56 58 12 47 26 102 104 60 105 13 3 95 30 41 88 6 1 38 43 53 50 72 73 76 34 4 89 40 48 62 87 63 86 21 18 61 96 97 65 
0 19 31 77 90 52 106 108 98 15 91 16 28 71 49 67 56 58 12 47 26 102 104 60 105 13 3 95 30 41 88 6 1 38 43 53 50 72 73 76 34 4 89 40 48 62 84 103 100 39 101 74 10 99 64 33 14 57 80 66 23 79 55 107 24 29 27 54 92 46 17 8 9 75 85 7 35 20 11 59 22 42 25 37 45 44 70 93 32 5 81 83 109 94 68 51 2 69 82 36 78 87 63 86 21 61 18 96 97 65 
0 19 31 77 90 23 79 55 107 24 29 27 54 94 46 17 8 9 75 85 7 35 20 11 59 22 42 25 37 45 44 70 93 87 5 81 92 32 83 109 68 51 2 69 82 36 78 84 103 100 39 101 74 10 99 64 33 14 57 80 66 52 106 108 98 15 91 16 28 71 49 67 56 58 12 47 26 102 104 60 105 13 3 95 30 41 88 6 1 38 43 53 50 72 73 76 34 4 89 40 48 62 63 86 21 18 61 96 97 65 
0 19 31 77 106 108 98 15 91 16 28 71 49 67 56 58 12 47 26 102 104 60 105 13 3 95 30 41 88 6 1 38 43 53 50 72 73 76 34 4 89 40 48 62 87 63 86 21 18 61 96 74 10 99 64 33 14 57 80 66 52 90 23 79 55 107 24 29 27 54 92 46 17 8 9 75 85 7 35 20 11 59 22 42 25 37 45 44 70 93 32 5 81 83 109 94 68 51 2 69 82 36 78 84 103 100 39 101 97 65 
0 19 31 77 90 23 16 28 71 49 67 56 58 12 47 26 102 104 60 105 13 3 95 30 41 88 6 1 38 43 53 50 72 73 76 34 4 89 40 48 62 87 63 82 36 78 84 103 100 39 101 74 10 99 64 33 14 57 80 66 52 106 108 98 15 91 79 55 107 24 29 27 54 92 46 17 8 9 75 85 7 35 20 11 59 22 42 25 37 45 44 70 93 32 5 81 83 109 94 68 51 2 69 86 21 18 61 96 97 65 
0 19 31 77 33 14 57 80 66 52 106 108 98 15 91 16 28 71 49 67 56 58 12 47 26 102 104 60 105 13 3 95 30 41 88 6 1 38 43 53 50 72 73 76 34 4 89 40 48 62 87 74 10 99 64 90 23 79 55 107 24 29 27 54 92 46 17 8 9 75 85 7 35 20 11 59 22 42 25 37 45 44 70 93 32 5 81 83 109 94 68 51 2 69 82 36 78 84 103 100 39 101 63 86 21 18 61 96 97 65 
0 19 31 77 90 23 79 55 107 14 29 27 54 92 46 17 8 9 75 85 7 35 20 11 59 22 42 25 37 45 44 70 93 32 5 81 83 109 94 68 51 2 69 82 36 78 84 103 100 39 101 74 10 99 64 33 24 57 80 66 52 106 108 98 15 91 16 28 71 49 67 56 58 12 47 26 102 104 60 105 13 3 95 30 41 88 6 1 38 43 53 50 72 73 76 34 4 89 40 48 62 87 63 86 21 18 61 96 97 65 
0 19 31 77 90 23 79 55 107 24 29 27 54 92 46 17 8 9 75 85 7 35 20 11 59 64 99 74 101 42 100 103 84 78 36 82 69 2 51 68 94 109 83 81 5 32 93 70 44 45 37 25 39 22 33 14 57 80 66 52 106 108 98 15 91 16 28 71 49 67 56 58 12 47 26 102 104 60 105 13 3 95 30 41 88 6 1 38 10 43 53 50 72 73 76 34 4 89 40 48 62 87 63 86 21 18 61 96 97 65 
0 19 31 77 90 23 79 55 107 24 29 27 54 92 46 17 8 9 75 85 7 35 57 11 59 22 42 25 37 45 44 70 93 32 5 81 83 109 94 68 51 2 69 82 36 78 84 103 100 39 101 74 10 99 64 33 14 20 80 66 52 106 108 98 15 91 16 28 71 49 67 56 58 12 47 26 43 38 1 6 89 4 34 76 73 72 50 53 104 102 88 41 30 95 3 13 60 105 40 48 62 87 63 86 21 18 61 96 97 65 
0 19 31 77 90 23 79 55 107 24 29 27 54 52 106 108 98 15 95 3 13 105 60 104 102 26 47 12 58 56 67 49 71 28 16 91 30 41 88 6 1 38 43 53 50 72 73 76 34 4 89 40 48 62 64 33 14 57 80 66 92 46 17 8 9 75 85 7 35 20 11 59 22 42 25 37 45 44 70 93 32 5 81 83 109 94 68 51 2 69 82 36 78 84 103 100 39 101 74 10 99 87 63 86 21 18 61 96 97 65 
0 19 31 77 90 23 79 55 107 24 29 27 54 92 46 17 9 75 85 7 35 20 11 59 22 42 25 37 45 44 70 93 32 5 81 83 8 6 100 103 84 78 36 82 69 2 51 68 94 109 1 38 43 53 50 72 73 76 34 4 106 108 98 15 91 16 28 71 49 67 56 58 12 47 26 102 104 60 105 13 3 95 30 41 88 39 101 74 10 99 64 33 14 57 80 66 52 89 40 48 62 87 63 86 21 18 61 96 97 65 
0 19 31 77 90 23 79 55 107 24 29 27 54 92 46 17 8 72 75 85 7 35 20 11 59 22 42 25 37 45 44 70 93 32 5 81 83 109 94 68 51 2 69 82 36 78 103 100 39 101 74 10 99 64 33 14 57 80 66 52 106 108 98 15 91 16 28 71 49 67 56 58 12 47 26 102 84 104 60 105 13 3 95 30 41 88 6 1 38 43 53 50 9 73 76 34 4 89 40 48 62 87 63 86 21 18 61 96 97 65 
0 19 31 77 90 23 79 55 107 24 29 27 54 92 46 17 8 9 75 85 7 98 15 91 16 28 71 49 67 56 58 12 47 26 102 104 86 63 87 62 48 40 89 4 34 76 73 72 50 53 43 38 1 6 88 41 30 95 3 13 105 60 21 35 20 11 59 22 42 25 37 45 44 70 93 32 5 81 83 109 94 68 51 2 69 82 36 78 84 103 100 39 101 74 10 99 64 33 14 57 80 66 52 106 108 18 61 96 97 65 
0 19 31 77 90 23 79 55 107 24 29 27 54 92 46 17 8 9 75 85 16 91 15 98 108 106 52 66 80 57 14 33 64 99 10 74 101 39 100 103 84 78 36 82 69 2 51 68 94 109 83 81 5 32 93 70 44 45 37 25 42 22 59 11 20 35 7 28 71 49 67 56 58 12 47 26 102 104 60 105 13 3 95 30 41 88 6 1 38 43 53 50 72 21 76 34 4 89 40 48 62 87 63 86 73 18 61 96 97 65 
0 19 31 77 90 23 79 55 107 24 29 27 54 92 68 17 8 9 75 85 7 35 20 11 59 22 42 25 37 45 44 70 93 32 5 81 83 109 94 46 51 2 69 82 36 78 84 103 100 39 101 74 10 99 64 33 14 57 80 66 52 106 98 48 40 89 4 34 76 73 72 50 108 53 43 38 1 6 88 41 30 95 3 13 105 60 104 102 47 26 12 58 56 67 15 91 16 28 71 49 62 87 63 86 21 18 61 96 97 65 
0 19 31 77 90 23 79 55 107 24 29 108 98 15 91 16 28 71 49 67 56 58 12 47 26 102 104 60 105 13 3 95 30 41 88 6 1 38 43 53 50 72 73 76 34 4 89 40 48 62 87 63 86 21 18 61 96 97 80 66 52 106 27 54 92 46 17 8 9 75 85 7 35 20 11 59 22 25 37 45 44 70 93 32 5 81 83 109 94 68 42 51 2 69 82 36 78 84 103 100 39 101 74 10 99 64 33 14 57 65 
0 19 31 77 57 80 66 83 109 94 68 51 2 69 82 71 90 23 79 55 107 24 29 75 54 92 46 17 8 9 27 85 7 35 20 11 59 22 42 25 37 45 44 70 93 32 5 81 52 106 108 98 15 91 16 28 36 78 84 103 100 39 101 74 10 99 64 33 14 49 67 56 58 12 47 26 102 104 60 105 13 3 95 30 41 88 6 1 38 43 53 50 72 73 76 34 4 89 40 48 62 87 63 86 21 18 61 96 97 65 
0 19 31 77 90 23 79 55 107 24 29 27 54 92 46 17 8 9 75 85 28 16 91 15 98 108 106 52 66 80 57 14 33 64 99 10 74 101 60 100 103 84 78 36 82 69 2 51 68 94 109 83 81 5 32 93 70 44 45 37 25 42 22 59 11 20 35 7 71 49 67 56 58 12 47 26 102 104 39 105 13 3 95 30 41 88 6 1 38 43 53 50 72 73 76 34 4 89 40 48 62 87 63 86 21 18 61 96 97 65 
0 19 31 77 90 23 79 55 107 24 29 27 54 92 46 17 8 9 75 85 7 35 20 11 59 22 42 49 67 56 58 12 47 26 102 104 60 105 13 3 80 66 52 106 108 98 15 91 16 28 71 95 30 41 88 6 1 38 43 53 50 72 73 76 34 4 89 40 48 62 87 63 86 21 18 61 97 65 33 14 57 96 37 45 44 70 93 32 5 81 83 109 94 68 51 2 69 82 36 78 84 103 100 39 101 74 10 99 64 25 
0 19 31 77 90 23 79 97 96 109 94 68 51 69 82 36 78 84 103 100 39 101 74 10 99 64 33 14 57 80 66 52 106 108 98 15 91 16 28 71 49 67 56 58 12 47 26 102 104 61 18 21 86 63 87 62 48 40 89 55 107 24 29 27 54 92 46 17 8 9 75 85 7 35 20 11 59 22 42 25 37 45 44 70 93 32 5 81 83 60 105 13 3 95 30 41 88 6 1 38 43 53 2 50 72 73 76 34 4 65 
0 19 31 77 90 23 79 55 107 24 29 27 54 92 37 17 8 9 75 85 7 35 20 11 59 22 42 49 67 56 25 46 57 14 33 64 99 10 74 101 39 100 103 84 78 36 82 69 2 51 68 94 109 83 81 5 32 93 70 44 45 80 66 52 106 108 98 15 91 16 28 71 58 12 47 26 102 104 60 105 13 3 95 30 41 88 6 1 38 43 53 50 72 73 76 34 4 89 40 48 62 87 63 86 21 18 61 96 97 65 
0 19 31 77 90 23 79 55 107 24 29 27 54 92 46 17 8 9 75 85 7 35 20 11 59 22 42 25 37 45 44 70 93 32 5 81 83 109 94 68 13 14 33 64 99 10 74 82 39 100 103 84 78 36 101 69 2 51 96 57 80 66 52 106 108 98 15 91 16 28 71 49 67 56 58 12 47 26 102 104 60 105 3 95 30 41 88 6 1 38 43 50 72 73 76 34 4 89 40 48 62 87 63 86 21 53 18 61 97 65 
0 19 31 77 90 23 79 55 107 24 29 27 54 92 46 17 8 9 75 85 7 109 83 81 5 32 93 100 44 45 37 25 42 59 14 33 64 99 10 74 35 20 11 22 70 94 68 51 2 69 82 36 78 84 103 13 39 101 57 80 66 52 106 108 98 15 91 16 28 71 49 67 56 58 12 47 26 102 104 60 105 3 95 30 41 88 6 1 38 43 89 4 34 76 73 72 50 53 40 48 62 87 63 86 21 18 61 96 97 65 
0 19 31 77 90 23 79 55 107 24 29 27 54 92 59 11 20 35 7 85 75 9 8 17 46 91 15 98 108 106 52 66 80 65 97 96 61 18 21 86 63 87 62 48 40 89 4 34 76 73 72 50 53 43 38 1 6 88 41 30 95 3 13 105 60 104 102 26 47 12 58 56 67 49 71 28 16 22 42 25 37 45 44 70 93 32 5 81 83 109 94 68 51 2 69 82 36 78 84 103 100 33 64 99 10 74 101 39 14 57 
0 19 31 77 90 23 79 55 107 24 29 27 54 92 46 17 8 9 75 85 7 35 20 11 59 22 42 25 37 45 44 70 93 32 5 81 83 109 94 68 51 2 69 82 36 78 84 103 100 39 101 74 10 99 64 33 14 57 80 66 52 106 108 98 15 91 16 28 71 49 53 56 58 12 47 26 102 104 60 105 13 3 95 30 41 88 65 1 38 43 67 50 72 73 76 34 4 89 40 48 62 87 63 86 21 18 61 96 97 6 
0 19 31 77 90 23 79 55 6 1 38 27 54 92 46 17 8 9 75 85 7 35 20 11 59 22 42 25 37 45 44 70 93 32 5 81 83 109 94 68 51 2 69 82 36 78 84 103 100 39 101 74 10 99 64 33 14 57 80 66 52 106 108 98 15 91 16 28 71 49 67 56 58 12 47 26 102 104 60 105 13 3 95 30 41 88 107 24 29 43 53 50 72 73 76 34 4 89 40 48 62 87 63 86 21 18 61 96 97 65 
0 19 31 77 90 23 79 55 107 24 29 27 54 92 46 17 8 9 75 85 7 35 20 11 59 22 58 12 47 26 102 52 104 60 105 13 3 95 30 41 88 6 1 38 43 53 50 72 73 76 101 74 10 99 64 33 14 57 80 66 106 108 98 51 91 16 28 71 49 67 56 42 25 37 45 44 70 93 32 5 81 83 109 94 68 15 2 69 82 36 78 84 103 100 39 34 4 89 40 48 62 87 63 86 21 18 61 96 97 65 
0 19 31 77 90 23 79 55 107 24 29 27 92 46 17 8 75 85 7 35 20 11 59 22 42 25 37 45 44 70 93 32 5 81 83 109 94 51 2 69 82 36 78 84 103 100 39 9 101 74 68 10 99 64 33 14 57 80 66 52 106 108 98 15 91 16 28 71 49 67 56 58 12 47 26 102 104 60 105 13 54 3 95 30 41 88 6 1 38 43 53 50 72 73 76 34 4 89 40 48 62 87 63 86 21 18 61 96 97 65 
0 19 31 77 90 23 24 107 55 79 29 27 54 92 46 17 8 9 75 85 7 35 20 11 59 42 25 37 45 44 70 93 32 5 81 83 106 108 98 15 91 28 71 49 67 56 58 12 47 26 102 104 60 105 33 14 57 80 66 52 109 94 68 51 2 69 82 36 78 84 103 100 39 101 74 10 99 64 13 3 95 30 41 88 6 1 22 38 43 53 50 72 73 76 34 4 89 40 48 62 87 63 86 21 18 61 96 16 97 65 
0 19 31 77 90 23 79 55 107 24 29 27 54 92 46 17 8 9 75 85 7 35 20 64 33 14 57 80 66 52 106 70 93 32 81 83 109 94 68 51 2 69 82 36 78 84 103 100 39 101 74 10 99 11 59 22 42 25 37 45 44 108 98 15 91 41 28 71 49 67 56 58 12 47 26 102 104 60 105 13 3 95 30 16 88 6 1 38 43 53 50 72 73 76 34 4 89 40 48 62 87 63 5 86 21 18 61 96 97 65 
0 19 31 77 90 23 79 55 107 24 29 27 54 92 46 17 8 9 75 65 97 96 61 18 21 86 47 12 58 39 67 49 71 28 16 91 15 98 108 106 52 66 80 57 14 33 64 99 10 74 101 56 100 103 63 87 62 48 40 89 4 34 76 73 72 50 53 43 38 1 6 88 41 30 95 3 13 105 60 104 102 26 84 78 36 82 69 2 51 68 94 109 83 81 5 32 93 70 44 45 37 25 42 22 59 11 20 35 7 85 
0 19 31 77 90 23 79 55 107 24 29 27 106 108 98 15 91 16 28 71 49 67 56 58 12 47 26 102 104 60 105 13 3 95 30 41 88 6 1 38 43 53 50 72 73 63 34 4 89 40 48 62 87 76 86 21 18 61 96 97 65 54 92 17 8 9 75 46 85 7 35 20 11 59 22 42 25 37 45 44 70 93 32 5 81 83 109 94 68 51 2 69 82 36 78 84 103 100 39 101 74 10 99 64 33 14 57 80 66 52 
0 19 64 99 10 74 101 39 100 103 84 78 36 82 69 2 51 88 94 109 83 81 5 32 93 70 44 37 25 42 22 59 11 20 35 7 85 75 9 8 17 46 54 92 27 29 24 107 55 79 23 90 77 31 33 14 57 45 80 66 52 106 108 98 15 91 16 28 71 49 67 56 58 12 47 26 102 104 60 105 13 3 95 30 41 68 6 1 38 43 53 50 72 73 76 34 4 89 40 48 62 87 63 86 21 18 61 96 97 65 
0 19 31 77 90 23 79 55 107 24 29 66 52 106 108 98 1 38 43 53 50 72 73 76 34 4 89 40 48 62 87 63 86 21 18 61 96 97 6 15 91 16 28 82 36 78 84 103 100 39 101 74 10 99 64 33 14 57 80 27 54 92 46 17 8 9 75 85 7 35 20 11 59 22 42 25 37 45 44 70 93 32 5 81 83 109 94 68 51 2 69 71 49 67 56 58 12 47 26 102 104 60 105 13 3 95 30 41 88 65 
0 19 31 77 90 52 106 108 98 15 91 16 28 71 49 67 56 58 12 47 26 102 104 60 105 13 3 95 30 41 88 6 1 38 43 53 50 72 73 76 34 4 89 40 48 62 87 63 86 21 18 61 96 97 65 33 14 57 80 66 23 79 55 107 24 29 27 54 92 46 17 8 32 75 85 7 35 20 11 59 22 42 25 37 45 44 70 93 9 5 81 83 109 94 68 51 2 69 82 36 78 84 103 100 39 101 74 10 99 64 
0 19 31 77 90 14 57 80 66 52 106 108 98 15 91 16 28 71 49 67 56 58 12 47 26 102 104 60 105 13 3 95 30 41 88 6 1 38 43 53 50 72 73 76 34 4 89 40 48 62 87 63 86 21 18 61 23 79 55 107 24 29 27 54 92 46 17 8 9 10 85 7 35 20 11 59 22 42 25 37 45 44 70 93 32 5 81 83 109 94 68 51 2 69 82 36 78 84 103 100 39 101 74 75 99 64 33 96 97 65 
0 19 36 77 90 23 79 55 107 24 29 27 54 92 46 17 8 9 75 85 7 35 20 11 59 22 42 25 37 45 44 70 93 32 5 81 83 109 94 68 51 2 69 82 31 78 84 103 100 39 101 74 10 99 64 33 14 57 80 66 52 106 108 98 15 91 16 28 71 49 67 56 58 12 47 26 102 104 60 105 13 3 95 21 41 88 6 1 38 43 53 50 72 73 76 34 4 89 40 48 62 87 63 86 30 18 61 96 97 65 
0 19 31 80 66 52 106 108 98 15 91 16 28 71 49 67 56 58 12 47 26 102 104 60 105 13 3 95 30 41 88 6 23 1 38 43 53 50 72 73 77 90 79 55 107 24 29 27 54 92 46 17 8 9 75 85 7 35 20 11 59 22 42 76 34 4 89 40 48 62 87 63 86 21 18 61 96 97 65 25 37 45 44 70 93 32 5 81 83 109 94 68 51 2 69 82 36 78 84 103 100 39 101 74 10 99 64 33 14 57 
0 19 31 77 90 23 79 97 96 61 18 21 86 75 87 62 48 40 89 4 34 76 73 72 50 53 43 38 1 6 88 41 30 95 3 13 105 100 103 84 78 36 82 69 2 51 68 94 109 83 81 55 107 24 29 27 54 92 46 17 8 9 63 85 7 35 20 11 59 22 42 25 37 45 44 70 93 32 5 39 101 74 10 99 64 33 14 57 80 66 52 106 108 98 15 91 16 28 71 49 67 56 58 12 47 26 102 104 60 65 
0 19 31 77 90 81 83 109 94 68 29 27 54 92 46 17 8 9 75 85 7 35 20 11 59 22 42 25 37 45 44 70 93 32 5 23 79 55 107 24 51 2 69 82 36 78 84 103 100 39 101 74 10 99 34 64 33 14 57 80 66 52 106 108 98 15 91 16 97 71 49 67 56 58 12 47 26 102 104 60 105 13 3 95 30 41 88 6 1 38 43 53 50 72 73 62 4 89 40 48 76 87 63 86 21 18 61 96 28 65 
0 1 52 106 108 98 15 55 107 24 29 27 54 92 46 17 8 9 75 85 7 35 20 11 59 22 42 25 37 45 44 70 93 32 5 81 83 109 94 68 51 2 69 82 36 78 84 103 100 39 101 74 10 99 64 33 14 57 80 66 31 77 90 23 79 91 16 28 71 49 67 56 58 12 47 26 102 104 60 105 13 3 95 30 41 88 19 38 43 53 50 72 73 76 34 4 89 40 48 62 87 63 6 86 21 18 61 96 97 65 
0 19 31 77 90 23 79 55 107 3 29 27 92 46 17 8 9 75 85 7 35 106 11 59 22 42 25 37 45 44 70 32 5 81 83 109 94 68 51 2 69 82 36 78 93 84 103 100 39 101 74 10 99 64 33 14 57 80 66 52 20 108 98 15 91 16 28 71 49 67 56 58 12 47 26 102 104 60 105 13 24 95 30 41 88 6 1 38 43 53 50 72 73 76 54 34 4 89 40 48 62 87 63 86 21 18 61 96 97 65 
