0 19 31 77 90 23 79 55 107 24 29 27 54 92 46 17 8 9 75 85 7 35 20 11 59 22 42 25 37 45 44 70 93 32 5 81 83 109 94 68 51 2 69 82 36 78 84 103 100 39 101 74 10 99 64 33 14 57 80 66 52 106 108 98 15 91 16 28 71 49 67 56 58 12 47 26 102 104 60 105 13 3 95 30 41 88 6 1 38 43 53 50 72 73 76 34 4 89 40 48 62 87 63 86 21 18 61 96 97 65 
0 19 31 77 90 23 79 55 107 24 29 27 54 92 46 17 8 9 75 85 7 35 20 11 59 22 42 25 37 45 44 70 93 32 5 81 83 109 94 68 51 2 69 82 36 78 84 103 100 39 101 74 10 99 64 33 14 57 80 66 52 106 108 98 15 91 16 28 71 49 67 56 58 12 47 26 102 104 60 105 13 3 95 30 41 88 6 1 38 43 53 50 72 73 76 34 4 89 40 48 62 87 63 86 21 18 61 96 97 65 
0 19 31 77 90 23 79 55 107 24 29 27 54 92 46 17 8 9 75 85 7 35 20 11 59 22 42 25 37 45 44 70 93 32 5 81 83 109 94 68 51 2 69 82 36 78 84 103 100 39 101 74 10 99 64 33 14 57 80 66 52 106 108 98 15 91 16 28 71 49 67 56 58 12 47 26 102 104 60 105 13 3 95 30 41 88 6 1 38 43 53 50 72 73 76 34 4 89 40 48 62 87 63 86 21 18 61 96 97 65 
0 19 31 77 90 23 79 55 107 24 29 27 54 92 46 17 8 9 75 85 7 35 20 11 59 22 42 25 37 45 44 70 93 32 5 81 83 109 94 68 51 2 69 82 36 78 84 103 100 39 101 74 10 99 64 33 14 57 80 66 52 106 108 98 15 91 16 28 71 49 67 56 58 12 47 26 102 104 60 105 13 3 95 30 41 88 6 1 38 43 53 50 72 73 76 34 4 89 40 48 62 87 63 86 21 18 61 96 97 65 
0 19 31 77 90 23 79 55 107 24 29 27 54 92 46 17 8 9 75 85 7 35 20 11 59 22 42 25 37 45 44 70 93 32 5 81 83 109 94 68 51 2 69 82 36 78 84 103 100 39 101 74 10 99 64 33 14 57 80 66 52 106 108 98 15 91 16 28 71 49 67 56 58 12 47 26 102 104 60 105 13 3 95 30 41 88 6 1 38 43 53 50 72 73 76 34 4 89 40 48 62 87 63 86 21 18 61 96 97 65 
0 19 31 77 90 23 79 55 107 24 29 27 54 92 46 17 8 9 75 85 7 35 20 11 59 22 42 25 37 45 44 70 93 32 5 81 83 109 94 68 51 2 69 82 36 78 84 103 100 39 101 74 10 99 64 33 14 57 80 66 52 106 108 98 15 91 16 28 71 49 67 56 58 12 47 26 102 104 60 105 13 3 95 30 41 88 6 1 38 43 53 50 72 73 76 34 4 89 40 48 62 87 63 86 21 18 61 96 97 65 
0 19 31 77 90 23 79 55 107 24 29 27 54 92 46 17 8 9 75 85 7 35 20 11 59 22 42 25 37 45 44 70 93 32 5 81 83 109 94 68 51 2 69 82 36 78 84 103 100 39 101 74 10 99 64 33 14 57 80 66 52 106 108 98 15 91 16 28 71 49 67 56 58 12 47 26 102 104 60 105 13 3 95 30 41 88 6 1 38 43 53 50 72 73 76 34 4 89 40 48 62 87 63 86 21 18 61 96 97 65 
0 19 31 77 90 23 79 55 107 24 29 27 54 92 46 17 8 9 75 85 7 35 20 11 59 22 42 25 37 45 44 70 93 32 5 81 83 109 94 68 51 2 69 82 36 78 84 103 100 39 101 74 10 99 64 33 14 57 80 66 52 106 108 98 15 91 16 28 71 49 67 56 58 12 47 26 102 104 60 105 13 3 95 30 41 88 6 1 38 43 53 50 72 73 76 34 4 89 40 48 62 87 63 86 21 18 61 96 97 65 
0 19 31 77 90 23 79 55 107 24 29 27 54 92 46 17 8 9 75 85 7 35 20 11 59 22 42 25 37 45 44 70 93 32 5 81 83 109 94 68 51 2 69 82 36 78 84 103 100 39 101 74 10 99 64 33 14 57 80 66 52 106 108 98 15 91 16 28 71 49 67 56 58 12 47 26 102 104 60 105 13 3 95 30 41 88 6 1 38 43 53 50 72 73 76 34 4 89 40 48 62 87 63 86 21 18 61 96 97 65 
0 19 31 77 90 23 79 55 107 24 29 27 54 92 46 17 8 9 75 85 7 35 20 11 59 22 42 25 37 45 44 70 93 32 5 81 83 109 94 68 51 2 69 82 36 78 84 103 100 39 101 74 10 99 64 33 14 57 80 66 52 106 108 98 15 91 16 28 71 49 67 56 58 12 47 26 102 104 60 105 13 3 95 30 41 88 6 1 38 43 53 50 72 73 76 34 4 89 40 48 62 87 63 86 21 18 61 96 97 65 
0 19 31 77 90 23 79 55 107 24 29 27 54 92 46 17 8 9 75 85 7 35 20 11 59 22 42 25 37 45 44 70 93 32 5 81 83 109 94 68 51 2 69 82 36 78 84 103 100 39 101 74 10 99 64 33 14 57 80 66 52 106 108 98 15 91 16 28 71 49 67 56 58 12 47 26 102 104 60 105 13 3 95 30 41 88 6 1 38 43 53 50 72 73 76 34 4 89 40 48 62 87 63 86 21 18 61 96 97 65 
0 19 31 77 90 23 79 55 107 24 29 27 54 92 46 17 8 9 75 85 7 35 20 11 59 22 42 25 37 45 44 70 93 32 5 81 83 109 94 68 51 2 69 82 36 78 84 103 100 39 101 74 10 99 64 33 14 57 80 66 52 106 108 98 15 91 16 28 71 49 67 56 58 12 47 26 102 104 60 105 13 3 95 30 41 88 6 1 38 43 53 50 72 73 76 34 4 89 40 48 62 87 63 86 21 18 61 96 97 65 
0 19 31 77 90 23 79 55 107 24 29 27 54 92 46 17 8 9 75 85 7 35 20 11 59 22 42 25 37 45 44 70 93 32 5 81 83 109 94 68 51 2 69 82 36 78 84 103 100 39 101 74 10 99 64 33 14 57 80 66 52 106 108 98 15 91 16 28 71 49 67 56 58 12 47 26 102 104 60 105 13 3 95 30 41 88 6 1 38 43 53 50 72 73 76 34 4 89 40 48 62 87 63 86 21 18 61 96 97 65 
0 19 31 77 90 23 79 55 107 24 29 27 54 92 46 17 8 9 75 85 7 35 20 11 59 22 42 25 37 45 44 70 93 32 5 81 83 109 94 68 51 2 69 82 36 78 84 103 100 39 101 74 10 99 64 33 14 57 80 66 52 106 108 98 15 91 16 28 71 49 67 56 58 12 47 26 102 104 60 105 13 3 95 30 41 88 6 1 38 43 53 50 72 73 76 34 4 89 40 48 62 87 63 86 21 18 61 96 97 65 
0 19 31 77 90 23 79 55 107 24 29 27 54 92 46 17 8 9 75 85 7 35 20 11 59 22 42 25 37 45 44 70 93 32 5 81 83 109 94 68 51 2 69 82 36 78 84 103 100 39 101 74 10 99 64 33 14 57 80 66 52 106 108 98 15 91 16 28 71 49 67 56 58 12 47 26 102 104 60 105 13 3 95 30 41 88 6 1 38 43 53 50 72 73 76 34 4 89 40 48 62 87 63 86 21 18 61 96 97 65 
0 19 31 77 90 23 79 55 107 24 29 27 54 92 46 17 8 9 75 85 7 35 20 11 59 22 42 25 37 45 44 70 93 32 5 81 83 109 94 68 51 2 69 82 36 78 84 103 100 39 101 74 10 99 64 33 14 57 80 66 52 106 108 98 15 91 16 28 71 49 67 56 58 12 47 26 102 104 60 105 13 3 95 30 41 88 6 1 38 43 53 50 72 73 76 34 4 89 40 48 62 87 63 86 21 18 61 96 97 65 
0 19 31 77 90 23 79 55 107 24 29 27 54 92 46 17 8 9 75 85 7 35 20 11 59 22 42 25 37 45 44 70 93 32 5 81 83 109 94 68 51 2 69 82 36 78 84 103 100 39 101 74 10 99 64 33 14 57 80 66 52 106 108 98 15 91 16 28 71 49 67 56 58 12 47 26 102 104 60 105 13 3 95 30 41 88 6 1 38 43 53 50 72 73 76 34 4 89 40 48 62 87 63 86 21 18 61 96 97 65 
0 19 31 77 90 23 79 55 107 24 29 27 54 92 46 17 8 9 75 85 7 35 20 11 59 22 42 25 37 45 44 70 93 32 5 81 83 109 94 68 51 2 69 82 36 78 84 103 100 39 101 74 10 99 64 33 14 57 80 66 52 106 108 98 15 91 16 28 71 49 67 56 58 12 47 26 102 104 60 105 13 3 95 30 41 88 6 1 38 43 53 50 72 73 76 34 4 89 40 48 62 87 63 86 21 18 61 96 97 65 
0 19 31 77 90 23 79 55 107 24 29 27 54 92 46 17 8 9 75 85 7 35 20 11 59 22 42 25 37 45 44 70 93 32 5 81 83 109 94 68 51 2 69 82 36 78 84 103 100 39 101 74 10 99 64 33 14 57 80 66 52 106 108 98 15 91 16 28 71 49 67 56 58 12 47 26 102 104 60 105 13 3 95 30 41 88 6 1 38 43 53 50 72 73 76 34 4 89 40 48 62 87 63 86 21 18 61 96 97 65 
0 19 31 77 90 23 79 55 107 24 29 27 54 92 46 17 8 9 75 85 7 35 20 11 59 22 42 25 37 45 44 70 93 32 5 81 83 109 94 68 51 2 69 82 36 78 84 103 100 39 101 74 10 99 64 33 14 57 80 66 52 106 108 98 15 91 16 28 71 49 67 56 58 12 47 26 102 104 60 105 13 3 95 30 41 88 6 1 38 43 53 50 72 73 76 34 4 89 40 48 62 87 63 86 21 18 61 96 97 65 
0 19 31 77 90 23 79 55 107 24 29 27 54 92 46 17 8 9 75 85 7 35 20 11 59 22 42 25 37 45 44 70 93 32 5 81 83 109 94 68 51 2 69 82 36 78 84 103 100 39 101 74 10 99 64 33 14 57 80 66 52 106 108 98 15 91 16 28 71 49 67 56 58 12 47 26 102 104 60 105 13 3 95 30 41 88 6 1 38 43 53 50 72 73 76 34 4 89 40 48 62 87 63 86 21 18 61 96 97 65 
0 19 31 77 90 23 79 55 107 24 29 27 54 92 46 17 8 9 75 85 7 35 20 11 59 22 42 25 37 45 44 70 93 32 5 81 83 109 94 68 51 2 69 82 36 78 84 103 100 39 101 74 10 99 64 33 14 57 80 66 52 106 108 98 15 91 16 28 71 49 67 56 58 12 47 26 102 104 60 105 13 3 95 30 41 88 6 1 38 43 53 50 72 73 76 34 4 89 40 48 62 87 63 86 21 18 61 96 97 65 
0 19 31 77 90 23 79 55 107 24 29 27 54 92 46 17 8 9 75 85 7 35 20 11 59 22 42 25 37 45 44 70 93 32 5 81 83 109 94 68 51 2 69 82 36 78 84 103 100 39 101 74 10 99 64 33 14 57 80 66 52 106 108 98 15 91 16 28 71 49 67 56 58 12 47 26 102 104 60 105 13 3 95 30 41 88 6 1 38 43 53 50 72 73 76 34 4 89 40 48 62 87 63 86 21 18 61 96 97 65 
0 19 31 77 90 23 79 55 107 24 29 27 54 92 46 17 8 9 75 85 7 35 20 11 59 22 42 25 37 45 44 70 93 32 5 81 83 109 94 68 51 2 69 82 36 78 84 103 100 39 101 74 10 99 64 33 14 57 80 66 52 106 108 98 15 91 16 28 71 49 67 56 58 12 47 26 102 104 60 105 13 3 95 30 41 88 6 1 38 43 53 50 72 73 76 34 4 89 40 48 62 87 63 86 21 18 61 96 97 65 
0 19 31 77 90 23 79 55 107 24 29 27 54 92 46 17 8 9 75 85 7 35 20 11 59 22 42 25 37 45 44 70 93 32 5 81 83 109 94 68 51 2 69 82 36 78 84 103 100 39 101 74 10 99 64 33 14 57 80 66 52 106 108 98 15 91 16 28 71 49 67 56 58 12 47 26 102 104 60 105 13 3 95 30 41 88 6 1 38 43 53 50 72 73 76 34 4 89 40 48 62 87 63 86 21 18 61 96 97 65 
0 19 31 77 90 23 79 55 107 24 29 27 54 92 46 17 8 9 75 85 7 35 20 11 59 22 42 25 37 45 44 70 93 32 5 81 83 109 94 68 51 2 69 82 36 78 84 103 100 39 101 74 10 99 64 33 14 57 80 66 52 106 108 98 15 91 16 28 71 49 67 56 58 12 47 26 102 104 60 105 13 3 95 30 41 88 6 1 38 43 53 50 72 73 76 34 4 89 40 48 62 87 63 86 21 18 61 96 97 65 
0 19 31 77 90 23 79 55 107 24 29 27 54 92 46 17 8 9 75 85 7 35 20 11 59 22 42 25 37 45 44 70 93 32 5 81 83 109 94 68 51 2 69 82 36 78 84 103 100 39 101 74 10 99 64 33 14 57 80 66 52 106 108 98 15 91 16 28 71 49 67 56 58 12 47 26 102 104 60 105 13 3 95 30 41 88 6 1 38 43 53 50 72 73 76 34 4 89 40 48 62 87 63 86 21 18 61 96 97 65 
0 19 31 77 90 23 79 55 107 24 29 27 54 92 46 17 8 9 75 85 7 35 20 11 59 22 42 25 37 45 44 70 93 32 5 81 83 109 94 68 51 2 69 82 36 78 84 103 100 39 101 74 10 99 64 33 14 57 80 66 52 106 108 98 15 91 16 28 71 49 67 56 58 12 47 26 102 104 60 105 13 3 95 30 41 88 6 1 38 43 53 50 72 73 76 34 4 89 40 48 62 87 63 86 21 18 61 96 97 65 
0 19 31 77 90 23 79 55 107 24 29 27 54 92 46 17 8 9 75 85 7 35 20 11 59 22 42 25 37 45 44 70 93 32 5 81 83 109 94 68 51 2 69 82 36 78 84 103 100 39 101 74 10 99 64 33 14 57 80 66 52 106 108 98 15 91 16 28 71 49 67 56 58 12 47 26 102 104 60 105 13 3 95 30 41 88 6 1 38 43 53 50 72 73 76 34 4 89 40 48 62 87 63 86 21 18 61 96 97 65 
0 19 31 77 90 23 79 55 107 24 29 27 54 92 46 17 8 9 75 85 7 35 20 11 59 22 42 25 37 45 44 70 93 32 5 81 83 109 94 68 51 2 69 82 36 78 84 103 100 39 101 74 10 99 64 33 14 57 80 66 52 106 108 98 15 91 16 28 71 49 67 56 58 12 47 26 102 104 60 105 13 3 95 30 41 88 6 1 38 43 53 50 72 73 76 34 4 89 40 48 62 87 63 86 21 18 61 96 97 65 
0 19 31 77 90 23 79 55 107 24 29 27 54 92 46 17 8 9 75 85 7 35 20 11 59 22 42 25 37 45 44 70 93 32 5 81 83 109 94 68 51 2 69 82 36 78 84 103 100 39 101 74 10 99 64 33 14 57 80 66 52 106 108 98 15 91 16 28 71 49 67 56 58 12 47 26 102 104 60 105 13 3 95 30 41 88 6 1 38 43 53 50 72 73 76 34 4 89 40 48 62 87 63 86 21 18 61 96 97 65 
0 19 31 77 90 23 79 55 107 24 29 27 54 92 46 17 8 9 75 85 7 35 20 11 59 22 42 25 37 45 44 70 93 32 5 81 83 109 94 68 51 2 69 82 36 78 84 103 100 39 101 74 10 99 64 33 14 57 80 66 52 106 108 98 15 91 16 28 71 49 67 56 58 12 47 26 102 104 60 105 13 3 95 30 41 88 6 1 38 43 53 50 72 73 76 34 4 89 40 48 62 87 63 86 21 18 61 96 97 65 
0 19 31 77 90 23 79 55 107 24 29 27 54 92 46 17 8 9 75 85 7 35 20 11 59 22 42 25 37 45 44 70 93 32 5 81 83 109 94 68 51 2 69 82 36 78 84 103 100 39 101 74 10 99 64 33 14 57 80 66 52 106 108 98 15 91 16 28 71 49 67 56 58 12 47 26 102 104 60 105 13 3 95 30 41 88 6 1 38 43 53 50 72 73 76 34 4 89 40 48 62 87 63 86 21 18 61 96 97 65 
0 19 31 77 90 23 79 55 107 24 29 27 54 92 46 17 8 9 75 85 7 35 20 11 59 22 42 25 37 45 44 70 93 32 5 81 83 109 94 68 51 2 69 82 36 78 84 103 100 39 101 74 10 99 64 33 14 57 80 66 52 106 108 98 15 91 16 28 71 49 67 56 58 12 47 26 102 104 60 105 13 3 95 30 41 88 6 1 38 43 53 50 72 73 76 34 4 89 40 48 62 87 63 86 21 18 61 96 97 65 
0 19 31 77 90 23 79 55 107 24 29 27 54 92 46 17 8 9 75 85 7 35 20 11 59 22 42 25 37 45 44 70 93 32 5 81 83 109 94 68 51 2 69 82 36 78 84 103 100 39 101 74 10 99 64 33 14 57 80 66 52 106 108 98 15 91 16 28 71 49 67 56 58 12 47 26 102 104 60 105 13 3 95 30 41 88 6 1 38 43 53 50 72 73 76 34 4 89 40 48 62 87 63 86 21 18 61 96 97 65 
0 19 31 77 90 23 79 55 107 24 29 27 54 92 46 17 8 9 75 85 7 35 20 11 59 22 42 25 37 45 44 70 93 32 5 81 83 109 94 68 51 2 69 82 36 78 84 103 100 39 101 74 10 99 64 33 14 57 80 66 52 106 108 98 15 91 16 28 71 49 67 56 58 12 47 26 102 104 60 105 13 3 95 30 41 88 6 1 38 43 53 50 72 73 76 34 4 89 40 48 62 87 63 86 21 18 61 96 97 65 
0 19 31 77 90 23 79 55 107 24 29 27 54 92 46 17 8 9 75 85 7 35 20 11 59 22 42 25 37 45 44 70 93 32 5 81 83 109 94 68 51 2 69 82 36 78 84 103 100 39 101 74 10 99 64 33 14 57 80 66 52 106 108 98 15 91 16 28 71 49 67 56 58 12 47 26 102 104 60 105 13 3 95 30 41 88 6 1 38 43 53 50 72 73 76 34 4 89 40 48 62 87 63 86 21 18 61 96 97 65 
0 19 31 77 90 23 79 55 107 24 29 27 54 92 46 17 8 9 75 85 7 35 20 11 59 22 42 25 37 45 44 70 93 32 5 81 83 109 94 68 51 2 69 82 36 78 84 103 100 39 101 74 10 99 64 33 14 57 80 66 52 106 108 98 15 91 16 28 71 49 67 56 58 12 47 26 102 104 60 105 13 3 95 30 41 88 6 1 38 43 53 50 72 73 76 34 4 89 40 48 62 87 63 86 21 18 61 96 97 65 
0 19 31 77 90 23 79 55 107 24 29 27 54 92 46 17 8 9 75 85 7 35 20 11 59 22 42 25 37 45 44 70 93 32 5 81 83 109 94 68 51 2 69 82 36 78 84 103 100 39 101 74 10 99 64 33 14 57 80 66 52 106 108 98 15 91 16 28 71 49 67 56 58 12 47 26 102 104 60 105 13 3 95 30 41 88 6 1 38 43 53 50 72 73 76 34 4 89 40 48 62 87 63 86 21 18 61 96 97 65 
0 19 31 77 90 23 79 55 107 24 29 27 54 92 46 17 8 9 75 85 7 35 20 11 59 22 42 25 37 45 44 70 93 32 5 81 83 109 94 68 51 2 69 82 36 78 84 103 100 39 101 74 10 99 64 33 14 57 80 66 52 106 108 98 15 91 16 28 71 49 67 56 58 12 47 26 102 104 60 105 13 3 95 30 41 88 6 1 38 43 53 50 72 73 76 34 4 89 40 48 62 87 63 86 21 18 61 96 97 65 
0 19 31 77 90 23 79 55 107 24 29 27 54 92 46 17 8 9 75 85 7 35 20 11 59 22 42 25 37 45 44 70 93 32 5 81 83 109 94 68 51 2 69 82 36 78 84 103 100 39 101 74 10 99 64 33 14 57 80 66 52 106 108 98 15 91 16 28 71 49 67 56 58 12 47 26 102 104 60 105 13 3 95 30 41 88 6 1 38 43 53 50 72 73 76 34 4 89 40 48 62 87 63 86 21 18 61 96 97 65 
0 19 31 77 90 23 79 55 107 24 29 27 54 92 46 17 8 9 75 85 7 35 20 11 59 22 42 25 37 45 44 70 93 32 5 81 83 109 94 68 51 2 69 82 36 78 84 103 100 39 101 74 10 99 64 33 14 57 80 66 52 106 108 98 15 91 16 28 71 49 67 56 58 12 47 26 102 104 60 105 13 3 95 30 41 88 6 1 38 43 53 50 72 73 76 34 4 89 40 48 62 87 63 86 21 18 61 96 97 65 
0 19 31 77 90 23 79 55 107 24 29 27 54 92 46 17 8 9 75 85 7 35 20 11 59 22 42 25 37 45 44 70 93 32 5 81 83 109 94 68 51 2 69 82 36 78 84 103 100 39 101 74 10 99 64 33 14 57 80 66 52 106 108 98 15 91 16 28 71 49 67 56 58 12 47 26 102 104 60 105 13 3 95 30 41 88 6 1 38 43 53 50 72 73 76 34 4 89 40 48 62 87 63 86 21 18 61 96 97 65 
0 19 31 77 90 23 79 55 107 24 29 27 54 92 46 17 8 9 75 85 7 35 20 11 59 22 42 25 37 45 44 70 93 32 5 81 83 109 94 68 51 2 69 82 36 78 84 103 100 39 101 74 10 99 64 33 14 57 80 66 52 106 108 98 15 91 16 28 71 49 67 56 58 12 47 26 102 104 60 105 13 3 95 30 41 88 6 1 38 43 53 50 72 73 76 34 4 89 40 48 62 87 63 86 21 18 61 96 97 65 
0 19 31 77 90 23 79 55 107 24 29 27 54 92 46 17 8 9 75 85 7 35 20 11 59 22 42 25 37 45 44 70 93 32 5 81 83 109 94 68 51 2 69 82 36 78 84 103 100 39 101 74 10 99 64 33 14 57 80 66 52 106 108 98 15 91 16 28 71 49 67 56 58 12 47 26 102 104 60 105 13 3 95 30 41 88 6 1 38 43 53 50 72 73 76 34 4 89 40 48 62 87 63 86 21 18 61 96 97 65 
0 19 31 77 90 23 79 55 107 24 29 27 54 92 46 17 8 9 75 85 7 35 20 11 59 22 42 25 37 45 44 70 93 32 5 81 83 109 94 68 51 2 69 82 36 78 84 103 100 39 101 74 10 99 64 33 14 57 80 66 52 106 108 98 15 91 16 28 71 49 67 56 58 12 47 26 102 104 60 105 13 3 95 30 41 88 6 1 38 43 53 50 72 73 76 34 4 89 40 48 62 87 63 86 21 18 61 96 97 65 
0 19 31 77 90 23 79 55 107 24 29 27 54 92 46 17 8 9 75 85 7 35 20 11 59 22 42 25 37 45 44 70 93 32 5 81 83 109 94 68 51 2 69 82 36 78 84 103 100 39 101 74 10 99 64 33 14 57 80 66 52 106 108 98 15 91 16 28 71 49 67 56 58 12 47 26 102 104 60 105 13 3 95 30 41 88 6 1 38 43 53 50 72 73 76 34 4 89 40 48 62 87 63 86 21 18 61 96 97 65 
0 19 31 77 90 23 79 55 107 24 29 27 54 92 46 17 8 9 75 85 7 35 20 11 59 22 42 25 37 45 44 70 93 32 5 81 83 109 94 68 51 2 69 82 36 78 84 103 100 39 101 74 10 99 64 33 14 57 80 66 52 106 108 98 15 91 16 28 71 49 67 56 58 12 47 26 102 104 60 105 13 3 95 30 41 88 6 1 38 43 53 50 72 73 76 34 4 89 40 48 62 87 63 86 21 18 61 96 97 65 
0 19 31 77 90 23 79 55 107 24 29 27 54 92 46 17 8 9 75 85 7 35 20 11 59 22 42 25 37 45 44 70 93 32 5 81 83 109 94 68 51 2 69 82 36 78 84 103 100 39 101 74 10 99 64 33 14 57 80 66 52 106 108 98 15 91 16 28 71 49 67 56 58 12 47 26 102 104 60 105 13 3 95 30 41 88 6 1 38 43 53 50 72 73 76 34 4 89 40 48 62 87 63 86 21 18 61 96 97 65 
0 19 31 77 90 23 79 55 107 24 29 27 54 92 46 17 8 9 75 85 7 35 20 11 59 22 42 25 37 45 44 70 93 32 5 81 83 109 94 68 51 2 69 82 36 78 84 103 100 39 101 74 10 99 64 33 14 57 80 66 52 106 108 98 15 91 16 28 71 49 67 56 58 12 47 26 102 104 60 105 13 3 95 30 41 88 6 1 38 43 53 50 72 73 76 34 4 89 40 48 62 87 63 86 21 18 61 96 97 65 
0 19 31 77 90 23 79 55 107 24 29 27 54 92 46 17 8 9 75 85 7 35 20 11 59 22 42 25 37 45 44 70 93 32 5 81 83 109 94 68 51 2 69 82 36 78 84 103 100 39 101 74 10 99 64 33 14 57 80 66 52 106 108 98 15 91 16 28 71 49 67 56 58 12 47 26 102 104 60 105 13 3 95 30 41 88 6 1 38 43 53 50 72 73 76 34 4 89 40 48 62 87 63 86 21 18 61 96 97 65 
0 19 31 77 90 23 79 55 107 24 29 27 54 92 46 17 8 9 75 85 7 35 20 11 59 22 42 25 37 45 44 70 93 32 5 81 83 109 94 68 51 2 69 82 36 78 84 103 100 39 101 74 10 99 64 33 14 57 80 66 52 106 108 98 15 91 16 28 71 49 67 56 58 12 47 26 102 104 60 105 13 3 95 30 41 88 6 1 38 43 53 50 72 73 76 34 4 89 40 48 62 87 63 86 21 18 61 96 97 65 
0 19 31 77 90 23 79 55 107 24 29 27 54 92 46 17 8 9 75 85 7 35 20 11 59 22 42 25 37 45 44 70 93 32 5 81 83 109 94 68 51 2 69 82 36 78 84 103 100 39 101 74 10 99 64 33 14 57 80 66 52 106 108 98 15 91 16 28 71 49 67 56 58 12 47 26 102 104 60 105 13 3 95 30 41 88 6 1 38 43 53 50 72 73 76 34 4 89 40 48 62 87 63 86 21 18 61 96 97 65 
0 19 31 77 90 23 79 55 107 24 29 27 54 92 46 17 8 9 75 85 7 35 20 11 59 22 42 25 37 45 44 70 93 32 5 81 83 109 94 68 51 2 69 82 36 78 84 103 100 39 101 74 10 99 64 33 14 57 80 66 52 106 108 98 15 91 16 28 71 49 67 56 58 12 47 26 102 104 60 105 13 3 95 30 41 88 6 1 38 43 53 50 72 73 76 34 4 89 40 48 62 87 63 86 21 18 61 96 97 65 
0 19 31 77 90 23 79 55 107 24 29 27 54 92 46 17 8 9 75 85 7 35 20 11 59 22 42 25 37 45 44 70 93 32 5 81 83 109 94 68 51 2 69 82 36 78 84 103 100 39 101 74 10 99 64 33 14 57 80 66 52 106 108 98 15 91 16 28 71 49 67 56 58 12 47 26 102 104 60 105 13 3 95 30 41 88 6 1 38 43 53 50 72 73 76 34 4 89 40 48 62 87 63 86 21 18 61 96 97 65 
0 19 31 77 90 23 79 55 107 24 29 27 54 92 46 17 8 9 75 85 7 35 20 11 59 22 42 25 37 45 44 70 93 32 5 81 83 109 94 68 51 2 69 82 36 78 84 103 100 39 101 74 10 99 64 33 14 57 80 66 52 106 108 98 15 91 16 28 71 49 67 56 58 12 47 26 102 104 60 105 13 3 95 30 41 88 6 1 38 43 53 50 72 73 76 34 4 89 40 48 62 87 63 86 21 18 61 96 97 65 
0 19 31 77 90 23 79 55 107 24 29 27 54 92 46 17 8 9 75 85 7 35 20 11 59 22 42 25 37 45 44 70 93 32 5 81 83 109 94 68 51 2 69 82 36 78 84 103 100 39 101 74 10 99 64 33 14 57 80 66 52 106 108 98 15 91 16 28 71 49 67 56 58 12 47 26 102 104 60 105 13 3 95 30 41 88 6 1 38 43 53 50 72 73 76 34 4 89 40 48 62 87 63 86 21 18 61 96 97 65 
0 19 31 77 90 23 79 55 107 24 29 27 54 92 46 17 8 9 75 85 7 35 20 11 59 22 42 25 37 45 44 70 93 32 5 81 83 109 94 68 51 2 69 82 36 78 84 103 100 39 101 74 10 99 64 33 14 57 80 66 52 106 108 98 15 91 16 28 71 49 67 56 58 12 47 26 102 104 60 105 13 3 95 30 41 88 6 1 38 43 53 50 72 73 76 34 4 89 40 48 62 87 63 86 21 18 61 96 97 65 
0 19 31 77 90 23 79 55 107 24 29 27 54 92 46 17 8 9 75 85 7 35 20 11 59 22 42 25 37 45 44 70 93 32 5 81 83 109 94 68 51 2 69 82 36 78 84 103 100 39 101 74 10 99 64 33 14 57 80 66 52 106 108 98 15 91 16 28 71 49 67 56 58 12 47 26 102 104 60 105 13 3 95 30 41 88 6 1 38 43 53 50 72 73 76 34 4 89 40 48 62 87 63 86 21 18 61 96 97 65 
0 19 31 77 90 23 79 55 107 24 29 27 54 92 46 17 8 9 75 85 7 35 20 11 59 22 42 25 37 45 44 70 93 32 5 81 83 109 94 68 51 2 69 82 36 78 84 103 100 39 101 74 10 99 64 33 14 57 80 66 52 106 108 98 15 91 16 28 71 49 67 56 58 12 47 26 102 104 60 105 13 3 95 30 41 88 6 1 38 43 53 50 72 73 76 34 4 89 40 48 62 87 63 86 21 18 61 96 97 65 
0 19 31 77 90 23 79 55 107 24 29 27 54 92 46 17 8 9 75 85 7 35 20 11 59 22 42 25 37 45 44 70 93 32 5 81 83 109 94 68 51 2 69 82 36 78 84 103 100 39 101 74 10 99 64 33 14 57 80 66 52 106 108 98 15 91 16 28 71 49 67 56 58 12 47 26 102 104 60 105 13 3 95 30 41 88 6 1 38 43 53 50 72 73 76 34 4 89 40 48 62 87 63 86 21 18 61 96 97 65 
0 19 31 77 90 23 79 55 107 24 29 27 54 92 46 17 8 9 75 85 7 35 20 11 59 22 42 25 37 45 44 70 93 32 5 81 83 109 94 68 51 2 69 82 36 78 84 103 100 39 101 74 10 99 64 33 14 57 80 66 52 106 108 98 15 91 16 28 71 49 67 56 58 12 47 26 102 104 60 105 13 3 95 30 41 88 6 1 38 43 53 50 72 73 76 34 4 89 40 48 62 87 63 86 21 18 61 96 97 65 
0 19 31 77 90 23 79 55 107 24 29 27 54 92 46 17 8 9 75 85 7 35 20 11 59 22 42 25 37 45 44 70 93 32 5 81 83 109 94 68 51 2 69 82 36 78 84 103 100 39 101 74 10 99 64 33 14 57 80 66 52 106 108 98 15 91 16 28 71 49 67 56 58 12 47 26 102 104 60 105 13 3 95 30 41 88 6 1 38 43 53 50 72 73 76 34 4 89 40 48 62 87 63 86 21 18 61 96 97 65 
0 19 31 77 90 23 79 55 107 24 29 27 54 92 46 17 8 9 75 85 7 35 20 11 59 22 42 25 37 45 44 70 93 32 5 81 83 109 94 68 51 2 69 82 36 78 84 103 100 39 101 74 10 99 64 33 14 57 80 66 52 106 108 98 15 91 16 28 71 49 67 56 58 12 47 26 102 104 60 105 13 3 95 30 41 88 6 1 38 43 53 50 72 73 76 34 4 89 40 48 62 87 63 86 21 18 61 96 97 65 
0 19 31 77 90 23 79 55 107 24 29 27 54 92 46 17 8 9 75 85 7 35 20 11 59 22 42 25 37 45 44 70 93 32 5 81 83 109 94 68 51 2 69 82 36 78 84 103 100 39 101 74 10 99 64 33 14 57 80 66 52 106 108 98 15 91 16 28 71 49 67 56 58 12 47 26 102 104 60 105 13 3 95 30 41 88 6 1 38 43 53 50 72 73 76 34 4 89 40 48 62 87 63 86 21 18 61 96 97 65 
0 19 31 77 90 23 79 55 107 24 29 27 54 92 46 17 8 9 75 85 7 35 20 11 59 22 42 25 37 45 44 70 93 32 5 81 83 109 94 68 51 2 69 82 36 78 84 103 100 39 101 74 10 99 64 33 14 57 80 66 52 106 108 98 15 91 16 28 71 49 67 56 58 12 47 26 102 104 60 105 13 3 95 30 41 88 6 1 38 43 53 50 72 73 76 34 4 89 40 48 62 87 63 86 21 18 61 96 97 65 
0 19 31 77 90 23 79 55 107 24 29 27 54 92 46 17 8 9 75 85 7 35 20 11 59 22 42 25 37 45 44 70 93 32 5 81 83 109 94 68 51 2 69 82 36 78 84 103 100 39 101 74 10 99 64 33 14 57 80 66 52 106 108 98 15 91 16 28 71 49 67 56 58 12 47 26 102 104 60 105 13 3 95 30 41 88 6 1 38 43 53 50 72 73 76 34 4 89 40 48 62 87 63 86 21 18 61 96 97 65 
0 19 31 77 90 23 79 55 107 24 29 27 54 92 46 17 8 9 75 85 7 35 20 11 59 22 42 25 37 45 44 70 93 32 5 81 83 109 94 68 51 2 69 82 36 78 84 103 100 39 101 74 10 99 64 33 14 57 80 66 52 106 108 98 15 91 16 28 71 49 67 56 58 12 47 26 102 104 60 105 13 3 95 30 41 88 6 1 38 43 53 50 72 73 76 34 4 89 40 48 62 87 63 86 21 18 61 96 97 65 
0 19 31 77 90 23 79 55 107 24 29 27 54 92 46 17 8 9 75 85 7 35 20 11 59 22 42 25 37 45 44 70 93 32 5 81 83 109 94 68 51 2 69 82 36 78 84 103 100 39 101 74 10 99 64 33 14 57 80 66 52 106 108 98 15 91 16 28 71 49 67 56 58 12 47 26 102 104 60 105 13 3 95 30 41 88 6 1 38 43 53 50 72 73 76 34 4 89 40 48 62 87 63 86 21 18 61 96 97 65 
0 19 31 77 90 23 79 55 107 24 29 27 54 92 46 17 8 9 75 85 7 35 20 11 59 22 42 25 37 45 44 70 93 32 5 81 83 109 94 68 51 2 69 82 36 78 84 103 100 39 101 74 10 99 64 33 14 57 80 66 52 106 108 98 15 91 16 28 71 49 67 56 58 12 47 26 102 104 60 105 13 3 95 30 41 88 6 1 38 43 53 50 72 73 76 34 4 89 40 48 62 87 63 86 21 18 61 96 97 65 
0 19 31 77 90 23 79 55 107 24 29 27 54 92 46 17 8 9 75 85 7 35 20 11 59 22 42 25 37 45 44 70 93 32 5 81 83 109 94 68 51 2 69 82 36 78 84 103 100 39 101 74 10 99 64 33 14 57 80 66 52 106 108 98 15 91 16 28 71 49 67 56 58 12 47 26 102 104 60 105 13 3 95 30 41 88 6 1 38 43 53 50 72 73 76 34 4 89 40 48 62 87 63 86 21 18 61 96 97 65 
0 19 31 77 90 23 79 55 107 24 29 27 54 92 46 17 8 9 75 85 7 35 20 11 59 22 42 25 37 45 44 70 93 32 5 81 83 109 94 68 51 2 69 82 36 78 84 103 100 39 101 74 10 99 64 33 14 57 80 66 52 106 108 98 15 91 16 28 71 49 67 56 58 12 47 26 102 104 60 105 13 3 95 30 41 88 6 1 38 43 53 50 72 73 76 34 4 89 40 48 62 87 63 86 21 18 61 96 97 65 
0 19 31 77 90 23 79 55 107 24 29 27 54 92 46 17 8 9 75 85 7 35 20 11 59 22 42 25 37 45 44 70 93 32 5 81 83 109 94 68 51 2 69 82 36 78 84 103 100 39 101 74 10 99 64 33 14 57 80 66 52 106 108 98 15 91 16 28 71 49 67 56 58 12 47 26 102 104 60 105 13 3 95 30 41 88 6 1 38 43 53 50 72 73 76 34 4 89 40 48 62 87 63 86 21 18 61 96 97 65 
0 19 31 77 90 23 79 55 107 24 29 27 54 92 46 17 8 9 75 85 7 35 20 11 59 22 42 25 37 45 44 70 93 32 5 81 83 109 94 68 51 2 69 82 36 78 84 103 100 39 101 74 10 99 64 33 14 57 80 66 52 106 108 98 15 91 16 28 71 49 67 56 58 12 47 26 102 104 60 105 13 3 95 30 41 88 6 1 38 43 53 50 72 73 76 34 4 89 40 48 62 87 63 86 21 18 61 96 97 65 
0 19 31 77 90 23 79 55 107 24 29 27 54 92 46 17 8 9 75 85 7 35 20 11 59 22 42 25 37 45 44 70 93 32 5 81 83 109 94 68 51 2 69 82 36 78 84 103 100 39 101 74 10 99 64 33 14 57 80 66 52 106 108 98 15 91 16 28 71 49 67 56 58 12 47 26 102 104 60 105 13 3 95 30 41 88 6 1 38 43 53 50 72 73 76 34 4 89 40 48 62 87 63 86 21 18 61 96 97 65 
0 19 31 77 90 23 79 55 107 24 29 27 54 92 46 17 8 9 75 85 7 35 20 11 59 22 42 25 37 45 44 70 93 32 5 81 83 109 94 68 51 2 69 82 36 78 84 103 100 39 101 74 10 99 64 33 14 57 80 66 52 106 108 98 15 91 16 28 71 49 67 56 58 12 47 26 102 104 60 105 13 3 95 30 41 88 6 1 38 43 53 50 72 73 76 34 4 89 40 48 62 87 63 86 21 18 61 96 97 65 
0 19 31 77 90 23 79 55 107 24 29 27 54 92 46 17 8 9 75 85 7 35 20 11 59 22 42 25 37 45 44 70 93 32 5 81 83 109 94 68 51 2 69 82 36 78 84 103 100 39 101 74 10 99 64 33 14 57 80 66 52 106 108 98 15 91 16 28 71 49 67 56 58 12 47 26 102 104 60 105 13 3 95 30 41 88 6 1 38 43 53 50 72 73 76 34 4 89 40 48 62 87 63 86 21 18 61 96 97 65 
0 19 31 77 90 23 79 55 107 24 29 27 54 92 46 17 8 9 75 85 7 35 20 11 59 22 42 25 37 45 44 70 93 32 5 81 83 109 94 68 51 2 69 82 36 78 84 103 100 39 101 74 10 99 64 33 14 57 80 66 52 106 108 98 15 91 16 28 71 49 67 56 58 12 47 26 102 104 60 105 13 3 95 30 41 88 6 1 38 43 53 50 72 73 76 34 4 89 40 48 62 87 63 86 21 18 61 96 97 65 
0 19 31 77 90 23 79 55 107 24 29 27 54 92 46 17 8 9 75 85 7 35 20 11 59 22 42 25 37 45 44 70 93 32 5 81 83 109 94 68 51 2 69 82 36 78 84 103 100 39 101 74 10 99 64 33 14 57 80 66 52 106 108 98 15 91 16 28 71 49 67 56 58 12 47 26 102 104 60 105 13 3 95 30 41 88 6 1 38 43 53 50 72 73 76 34 4 89 40 48 62 87 63 86 21 18 61 96 97 65 
0 19 31 77 90 23 79 55 107 24 29 27 54 92 46 17 8 9 75 85 7 35 20 11 59 22 42 25 37 45 44 70 93 32 5 81 83 109 94 68 51 2 69 82 36 78 84 103 100 39 101 74 10 99 64 33 14 57 80 66 52 106 108 98 15 91 16 28 71 49 67 56 58 12 47 26 102 104 60 105 13 3 95 30 41 88 6 1 38 43 53 50 72 73 76 34 4 89 40 48 62 87 63 86 21 18 61 96 97 65 
0 19 31 77 90 23 79 55 107 24 29 27 54 92 46 17 8 9 75 85 7 20 35 11 59 22 42 25 37 45 44 70 93 32 5 81 83 109 94 68 51 2 69 82 36 78 84 103 100 39 101 74 10 99 64 33 14 57 80 66 52 106 108 98 15 91 16 28 71 49 67 56 58 12 47 26 102 104 60 105 13 3 95 30 41 88 6 1 38 43 53 50 72 73 76 34 4 89 40 48 62 87 63 86 21 18 61 96 97 65 
0 19 31 77 90 23 79 55 107 24 29 27 54 92 46 17 8 9 75 85 7 35 20 11 59 22 42 25 37 45 44 70 93 32 5 81 83 109 94 68 51 2 69 82 36 78 84 103 100 39 101 74 10 99 64 33 14 57 80 66 52 106 108 98 15 91 16 28 71 49 67 56 58 12 47 26 102 104 60 105 13 95 3 30 41 88 6 1 38 43 53 50 72 73 76 34 4 89 40 48 62 87 63 86 21 18 61 96 97 65 
0 19 31 77 90 23 79 55 107 24 29 27 54 92 46 17 8 9 75 85 7 35 20 11 59 22 42 25 37 45 44 70 93 32 5 81 83 109 94 68 51 2 69 82 36 33 64 99 10 74 101 39 100 103 84 78 14 57 80 66 52 106 108 98 15 91 16 28 71 49 67 56 58 12 47 26 102 104 60 105 13 3 95 30 41 88 6 1 38 43 53 50 72 73 76 34 4 89 40 48 62 87 63 86 21 18 61 96 97 65 
0 19 31 77 90 23 79 55 107 24 29 27 54 92 46 17 8 9 75 85 7 35 20 11 59 22 42 25 37 45 44 70 93 32 5 81 83 109 94 68 51 2 69 82 36 78 84 103 100 39 101 74 10 99 64 33 14 57 80 66 52 106 108 98 15 91 16 28 71 49 67 56 58 12 47 26 102 104 60 105 13 3 95 30 41 88 6 1 38 43 53 50 72 73 76 34 4 89 40 48 62 87 63 86 21 61 96 18 97 65 
0 19 31 77 90 23 79 55 107 24 29 27 54 92 46 17 8 9 75 85 7 35 20 11 59 22 42 25 37 45 44 70 93 32 5 81 83 109 94 68 51 2 69 82 36 78 84 103 100 39 101 74 10 99 64 33 14 57 80 66 52 106 108 98 15 91 16 28 71 49 67 56 58 12 47 26 102 104 60 105 13 3 95 30 41 88 6 1 38 43 53 50 72 73 76 34 4 89 40 48 62 87 63 86 21 61 96 18 97 65 
0 19 31 77 90 23 79 55 107 24 29 27 54 92 46 17 8 9 75 85 7 35 20 11 59 22 42 25 37 45 44 70 93 32 5 81 83 109 94 68 51 2 69 82 36 78 84 103 100 39 101 74 10 99 64 33 14 57 80 66 52 106 108 98 15 91 16 28 71 49 67 56 58 12 47 26 102 104 60 105 13 3 95 30 41 88 6 1 38 43 53 50 72 73 76 34 4 89 40 48 62 87 63 86 21 61 96 18 97 65 
0 19 31 77 90 23 79 55 107 24 29 27 54 92 46 17 8 9 75 85 7 35 20 11 59 22 42 25 37 45 44 70 93 32 5 81 83 109 94 68 51 2 69 82 36 78 84 103 100 39 101 74 10 99 64 33 14 57 80 66 52 106 108 98 15 91 16 28 71 49 67 56 58 12 47 102 26 104 60 105 13 3 95 30 41 88 6 1 38 43 53 50 72 73 76 34 4 89 40 48 62 87 63 86 21 18 61 96 97 65 
0 19 31 77 90 23 79 55 107 24 29 27 54 92 46 17 8 75 85 7 9 35 20 11 59 22 42 25 37 45 44 70 93 32 5 81 83 109 94 68 51 2 69 82 36 78 84 103 100 39 101 74 10 99 64 33 14 57 80 66 52 106 108 98 15 91 16 28 71 49 67 56 58 12 47 26 102 104 60 105 13 3 95 30 41 88 6 1 38 43 53 50 72 73 76 34 4 89 40 48 62 87 63 86 21 18 61 96 97 65 
0 19 31 77 90 23 79 55 107 24 29 27 54 92 46 17 8 9 75 85 7 35 20 59 22 42 11 25 37 45 44 70 93 32 5 81 83 109 94 68 51 2 69 82 36 78 84 103 100 39 101 74 10 99 64 33 14 57 80 66 52 106 108 98 15 91 16 28 71 49 67 56 58 12 47 26 102 104 60 105 13 3 95 30 41 88 6 1 38 43 53 50 72 73 76 34 4 89 40 48 62 87 63 86 21 18 61 96 97 65 
0 19 31 77 90 23 79 55 107 24 29 27 54 92 46 17 8 9 75 85 7 35 20 59 22 42 11 25 37 45 44 70 93 32 5 81 83 109 94 68 51 2 69 82 36 78 84 103 100 39 101 74 10 99 64 33 14 57 80 66 52 106 108 98 15 91 16 28 71 49 67 56 58 12 47 26 102 104 60 105 13 3 95 30 41 88 6 1 38 43 53 50 72 73 76 34 4 89 40 48 62 87 63 86 21 18 61 96 97 65 
0 19 31 77 90 23 79 55 107 24 29 27 54 92 46 17 8 9 75 85 7 35 20 11 59 22 42 25 37 45 44 70 93 32 5 81 83 109 94 68 51 2 69 82 36 78 84 103 100 39 101 74 10 99 64 33 14 57 80 66 52 106 108 98 15 91 16 28 71 49 67 56 58 12 47 26 102 104 60 105 13 3 95 30 41 88 6 1 38 43 53 50 72 73 76 34 4 89 40 48 62 87 86 21 63 18 61 96 97 65 
0 19 31 77 90 23 79 55 107 24 29 27 54 92 46 17 8 9 75 85 7 35 20 11 59 22 42 25 37 45 44 70 93 32 5 81 83 109 94 68 51 2 69 82 36 78 84 103 100 39 101 74 10 99 64 33 14 57 66 52 106 108 98 15 91 16 28 80 71 49 67 56 58 12 47 26 102 104 60 105 13 3 95 30 41 88 6 1 38 43 53 50 72 73 76 34 4 89 40 48 62 87 63 86 21 18 61 96 97 65 
0 19 31 77 90 23 55 107 79 24 29 27 54 92 46 17 8 9 75 85 7 35 20 11 59 22 42 25 37 45 44 70 93 32 5 81 83 109 94 68 51 2 69 82 36 78 84 103 100 39 101 74 10 99 64 33 14 57 80 66 52 106 108 98 15 91 16 28 71 49 67 56 58 12 47 26 102 104 60 105 13 3 95 30 41 88 6 1 38 43 53 50 72 73 76 34 4 89 40 48 62 87 63 86 21 18 61 96 97 65 
0 19 31 77 90 23 79 55 107 24 29 27 54 92 46 17 8 9 75 85 7 35 20 11 59 22 42 25 37 45 44 70 93 32 5 81 83 109 94 68 51 2 69 82 36 78 84 103 100 39 101 74 10 99 64 33 14 57 80 66 52 106 108 98 15 91 16 28 71 49 102 56 58 12 47 26 67 104 60 105 13 3 95 30 41 88 6 1 38 43 53 50 72 73 76 34 4 89 40 48 62 87 63 86 21 18 61 96 97 65 
0 19 31 77 90 23 79 55 107 24 29 27 54 92 46 17 8 9 75 85 7 35 20 11 59 22 42 25 37 45 44 70 93 32 5 81 83 109 94 68 51 2 69 82 36 78 84 103 100 39 101 74 10 99 64 33 14 57 80 66 71 106 108 98 15 91 16 28 52 49 67 56 58 12 47 26 102 104 60 105 13 3 95 30 41 88 6 1 38 43 53 50 72 73 76 34 4 89 40 48 62 87 63 86 21 18 61 96 97 65 
0 19 31 77 90 23 79 55 107 24 29 27 54 92 46 17 8 9 75 85 7 35 20 11 59 22 42 25 37 45 44 70 93 32 5 81 83 109 94 68 51 2 69 82 36 78 84 103 100 39 101 74 10 99 64 33 14 57 80 66 52 106 108 98 15 91 16 28 71 49 67 56 58 12 104 26 102 47 60 105 13 3 95 30 41 88 6 1 38 43 53 50 72 73 76 34 4 89 40 48 62 87 63 86 21 18 61 96 97 65 
0 19 31 77 90 23 79 55 107 24 29 27 54 92 46 17 8 9 75 85 7 35 20 11 59 22 42 25 37 45 44 70 93 32 5 81 83 109 94 68 51 2 69 82 36 78 84 103 100 39 101 74 10 99 64 33 14 57 80 66 52 106 108 98 15 91 16 28 71 49 67 56 58 12 47 102 104 60 105 13 26 3 95 30 41 88 6 1 38 43 53 50 72 73 76 34 4 89 40 48 62 87 63 86 21 18 61 96 97 65 
0 19 31 77 90 23 79 55 107 24 29 27 54 92 46 17 8 9 75 85 7 35 20 11 59 22 42 25 37 45 44 70 93 32 5 81 83 109 94 68 51 2 69 82 36 78 84 103 100 39 101 74 10 99 64 33 14 57 80 66 52 106 108 98 15 91 16 28 71 49 67 56 58 12 47 102 104 60 105 13 26 3 95 30 41 88 6 1 38 43 53 50 72 73 76 34 4 89 40 48 62 87 63 86 21 18 61 96 97 65 
0 19 31 77 90 23 79 55 107 24 29 27 54 92 46 17 8 9 75 85 7 35 20 11 59 22 42 25 37 45 44 70 93 32 5 81 83 109 94 68 51 2 69 82 36 78 84 103 100 39 101 74 10 99 64 33 14 57 80 98 108 106 52 66 15 91 16 28 71 49 67 56 58 12 47 26 102 104 60 105 13 3 95 30 41 88 6 1 38 43 53 50 72 73 76 34 4 89 40 48 62 87 63 86 21 18 61 96 97 65 
0 19 31 77 90 23 79 55 107 24 29 27 54 92 46 17 8 9 75 85 7 35 20 11 59 22 42 25 37 45 44 70 93 32 5 81 83 109 94 68 51 2 69 82 36 78 84 103 100 39 101 74 10 99 64 33 14 57 66 52 106 108 98 15 91 16 28 71 49 67 56 58 12 80 47 26 102 104 60 105 13 3 95 30 41 88 6 1 38 43 53 50 72 73 76 34 4 89 40 48 62 87 63 86 21 18 61 96 97 65 
0 19 31 77 90 23 79 55 107 24 29 27 54 92 46 17 8 9 75 85 22 35 20 11 59 7 42 25 37 45 44 70 93 32 5 81 83 109 94 68 51 2 69 82 36 78 84 103 100 39 101 74 10 99 64 33 14 57 80 66 52 106 108 98 15 91 16 28 71 49 67 56 58 12 47 26 102 104 60 105 13 3 95 30 41 88 6 1 38 43 53 50 72 73 76 34 4 89 40 48 62 87 63 86 21 18 61 96 97 65 
0 19 31 77 90 23 79 55 107 24 29 27 54 92 46 17 8 9 75 85 7 70 44 45 37 25 42 22 59 11 20 35 93 32 5 81 83 109 94 68 51 2 69 82 36 78 84 103 100 39 101 74 10 99 64 33 14 57 80 66 52 106 108 98 15 91 16 28 71 49 67 56 58 12 47 26 102 104 60 105 13 3 95 30 41 88 6 1 38 43 53 50 72 73 76 34 4 89 40 48 62 87 63 86 21 18 61 96 97 65 
0 19 31 77 90 23 79 55 107 24 29 27 54 92 46 17 8 9 75 85 7 35 20 11 59 22 42 25 37 45 44 70 93 32 5 81 83 109 94 68 51 2 69 82 36 78 84 103 100 39 101 74 10 99 64 34 14 57 80 66 52 106 108 98 15 91 16 28 71 49 67 56 58 12 47 26 102 104 60 105 13 3 95 30 41 88 6 1 38 43 53 50 72 73 76 33 4 89 40 48 62 87 63 86 21 18 61 96 97 65 
0 19 31 77 90 23 79 55 107 24 29 27 54 92 46 17 8 9 75 85 7 35 20 11 59 22 42 25 37 45 44 70 93 32 5 81 83 109 94 68 51 2 69 82 36 78 84 103 100 39 101 74 10 99 64 33 14 57 80 66 52 106 108 98 15 91 16 28 71 49 67 56 58 12 47 26 102 104 60 105 13 3 95 30 41 88 6 1 43 38 53 50 72 73 76 34 4 89 40 48 62 87 63 21 18 61 86 96 97 65 
0 19 31 77 90 23 79 55 107 24 29 27 54 92 46 17 8 9 75 85 7 35 20 11 59 22 42 25 37 45 44 70 93 32 5 81 83 109 94 68 51 2 69 82 36 78 64 103 100 39 101 74 10 99 84 33 14 57 80 66 52 106 108 98 15 91 16 28 71 49 67 56 58 12 47 26 102 104 60 105 13 3 95 30 41 88 6 1 38 43 53 34 72 73 76 50 4 89 40 48 62 87 63 86 21 18 61 96 97 65 
0 19 31 77 90 23 79 55 107 24 29 27 54 92 46 17 8 9 75 85 7 35 20 11 59 22 42 25 37 45 44 70 93 32 5 81 83 109 94 68 51 2 69 82 36 78 84 103 100 39 101 74 10 99 64 33 14 57 80 66 52 106 108 98 15 91 16 28 71 49 67 56 58 12 47 26 102 104 60 105 13 3 95 30 41 88 6 38 43 53 50 1 72 73 76 34 4 89 40 48 62 87 63 86 21 18 61 96 97 65 
0 19 31 77 90 23 79 55 107 24 29 27 54 92 46 17 8 9 75 85 7 35 20 11 59 42 25 37 45 44 70 93 32 22 5 81 83 109 94 68 51 2 69 82 36 78 84 103 100 39 101 74 10 99 64 33 14 57 80 66 52 106 108 98 15 91 16 28 71 49 67 56 58 12 47 26 102 104 60 105 13 3 95 30 41 88 6 1 38 43 53 50 72 73 76 34 4 89 40 48 62 87 63 86 21 18 61 96 97 65 
0 19 31 77 90 23 79 55 107 24 29 27 54 92 46 17 8 9 75 85 7 35 20 11 59 22 42 25 37 45 44 70 93 32 5 81 83 109 94 68 51 2 69 82 36 78 84 103 100 39 101 74 10 99 64 33 14 57 80 66 52 106 108 98 15 91 16 28 71 49 67 56 58 12 47 26 102 104 60 105 13 3 95 30 41 88 6 38 43 53 50 72 1 73 76 34 4 89 40 48 62 87 63 86 21 18 61 96 97 65 
0 19 31 77 90 23 79 55 107 24 29 27 54 92 46 17 8 9 75 85 7 35 20 11 59 22 42 25 37 45 44 70 93 32 5 81 83 109 94 68 51 78 69 82 36 2 84 103 100 39 101 74 10 99 64 33 14 57 80 66 52 106 108 98 15 91 16 28 71 49 67 56 58 12 47 26 102 104 60 105 13 3 95 30 41 88 6 1 38 43 53 50 72 73 76 34 4 89 40 48 62 87 63 86 21 18 61 96 97 65 
0 19 31 77 90 23 79 55 107 24 29 27 54 92 46 17 8 9 75 85 7 35 20 11 59 22 42 25 37 45 44 70 93 32 5 81 83 109 94 68 51 2 69 82 36 78 84 103 100 39 101 74 10 99 64 33 14 57 80 66 52 106 108 98 15 91 16 28 71 49 67 56 12 47 26 102 104 60 105 13 3 95 30 41 88 6 1 38 43 53 50 72 58 73 76 34 4 89 40 48 62 87 63 86 21 18 61 96 97 65 
0 19 31 77 90 23 79 55 107 24 29 27 54 92 46 17 8 9 75 85 7 35 20 11 59 22 42 25 37 45 44 70 93 32 5 81 83 109 94 68 51 2 69 82 36 78 84 103 100 39 101 74 106 52 66 80 57 14 64 99 10 33 108 98 15 91 16 28 71 49 67 56 58 12 47 26 102 104 60 105 13 3 95 30 41 88 6 1 38 43 53 50 72 73 76 34 4 89 40 48 62 87 63 61 21 18 86 96 97 65 
0 19 31 77 90 23 79 55 107 24 29 27 54 92 46 17 8 9 75 85 7 35 20 11 59 22 42 25 37 45 44 70 93 32 5 81 83 109 94 68 51 2 69 82 36 78 4 103 100 39 101 74 10 99 64 33 14 57 80 66 52 106 108 98 15 91 16 28 71 49 67 56 58 12 47 26 102 104 60 105 13 3 95 30 41 88 6 1 38 43 53 50 72 73 76 34 84 89 40 48 62 87 63 86 21 18 61 96 97 65 
0 19 31 77 90 23 79 55 107 24 29 27 54 92 46 17 8 9 75 85 7 35 20 11 59 22 42 69 2 51 68 94 109 83 81 5 32 93 70 44 45 37 25 82 36 78 84 103 100 39 101 74 10 99 64 33 14 57 80 66 52 106 108 98 15 91 16 28 71 49 67 56 58 12 47 26 102 104 60 105 13 3 95 30 41 88 6 1 38 43 53 50 72 73 76 34 4 89 40 48 62 87 63 86 21 18 61 96 97 65 
0 19 31 77 90 23 79 55 107 24 29 27 54 92 46 17 8 9 75 85 7 35 20 11 59 22 42 25 37 45 44 70 93 32 5 81 83 109 94 68 51 2 69 82 36 78 84 103 100 39 101 74 10 99 64 33 14 57 80 66 52 106 108 98 15 91 16 28 71 49 67 56 58 12 6 26 102 104 60 105 13 3 95 30 41 88 47 1 38 43 53 50 72 73 76 34 4 89 40 48 62 87 63 86 21 18 61 96 97 65 
0 19 31 77 90 23 79 55 107 24 29 27 54 92 46 17 8 9 75 85 7 35 20 11 59 22 42 25 37 45 44 70 93 32 5 81 83 109 94 68 51 69 82 36 78 84 103 100 39 101 74 10 99 64 33 14 57 2 80 66 52 106 108 98 15 91 16 28 71 49 67 56 58 12 47 26 102 104 60 105 13 3 95 30 41 88 6 1 38 43 53 50 72 73 76 34 4 89 40 48 62 87 63 86 21 18 61 96 97 65 
0 19 31 77 90 23 79 55 107 24 29 27 54 92 46 17 8 9 75 85 7 35 20 11 59 22 42 25 37 45 44 70 93 32 5 81 83 109 94 68 51 2 69 82 36 78 84 103 100 39 101 74 10 99 64 33 14 57 80 66 52 106 108 98 15 91 16 28 71 49 67 56 12 47 26 102 104 60 105 13 3 95 30 41 88 6 1 38 43 53 50 72 73 76 58 34 4 89 40 48 62 87 63 86 21 18 61 96 97 65 
0 19 31 77 90 23 79 55 107 24 29 27 54 92 46 17 8 9 75 85 7 35 20 11 59 22 42 25 37 45 44 70 93 5 81 83 109 94 68 51 2 69 82 36 78 84 103 100 39 101 74 10 99 32 64 33 14 57 80 66 52 106 108 98 15 91 16 28 71 49 67 56 58 12 47 26 102 104 60 105 13 3 95 30 41 88 6 1 38 43 53 50 72 73 76 34 4 89 40 48 62 87 63 86 21 18 61 96 97 65 
0 19 31 77 90 23 79 55 107 24 29 27 54 92 46 17 8 9 75 85 7 35 20 11 59 22 42 25 37 45 44 70 93 32 5 81 83 109 94 68 51 2 69 82 36 66 84 103 100 39 101 74 10 99 64 33 14 57 80 78 52 106 108 98 15 91 16 28 71 49 67 56 58 12 47 26 102 104 60 105 13 3 95 30 41 88 6 1 38 43 53 50 72 73 76 34 4 89 40 48 62 87 63 86 21 18 61 96 97 65 
0 19 31 77 90 23 79 55 107 24 29 27 54 92 46 17 8 9 75 85 7 35 20 11 59 22 42 25 37 45 44 70 93 32 5 81 83 109 94 68 51 2 69 82 36 78 84 103 100 39 101 74 10 99 64 33 14 57 80 66 52 106 108 98 15 91 16 28 71 49 67 56 58 12 47 26 102 104 60 105 13 3 95 30 41 6 1 38 43 53 50 72 73 76 88 34 4 89 40 48 62 87 63 86 21 18 61 96 97 65 
0 19 31 77 90 23 79 55 107 24 29 27 54 92 46 17 8 9 75 85 7 35 20 11 59 22 42 37 45 44 70 93 32 5 81 83 109 94 68 51 2 69 82 36 78 84 103 100 39 101 74 10 99 64 33 14 57 80 66 52 106 108 98 15 91 16 28 71 49 67 56 58 12 47 26 102 104 60 105 13 3 95 30 41 88 6 1 38 43 53 50 72 73 76 34 4 89 40 25 48 62 87 63 86 21 18 61 96 97 65 
0 19 31 77 90 23 79 55 107 24 29 27 54 92 46 17 8 9 75 85 7 35 20 11 59 22 42 25 37 45 44 70 93 32 5 81 83 109 94 68 51 69 82 36 78 84 103 100 2 39 101 74 10 99 64 33 14 57 80 66 52 106 108 98 15 91 16 28 71 49 67 56 58 12 47 26 102 104 60 105 13 3 95 30 41 88 6 1 38 43 53 50 72 73 76 34 4 89 40 48 61 18 21 86 63 87 62 96 97 65 
0 19 31 77 90 23 79 55 107 24 29 27 54 92 46 17 8 9 75 85 7 35 20 11 59 22 42 25 37 45 44 70 93 32 5 81 83 109 94 68 51 2 69 82 36 78 84 103 100 39 101 50 74 10 99 64 33 14 57 80 66 52 106 108 98 15 91 16 28 71 49 67 56 58 12 47 26 102 104 60 105 13 3 95 30 41 88 6 1 38 43 53 72 73 76 34 4 89 40 48 62 87 63 86 21 18 61 96 97 65 
0 19 31 77 90 23 79 55 107 24 29 27 54 92 46 17 8 9 75 85 7 35 20 11 59 22 42 25 37 45 44 70 93 32 5 81 83 109 94 68 51 2 69 82 36 78 84 103 100 39 101 74 10 99 64 33 14 57 80 66 52 106 108 98 15 91 16 28 71 49 67 50 58 12 47 26 102 104 60 105 13 3 95 30 41 88 6 1 38 43 53 56 72 73 76 34 4 89 40 48 62 87 63 86 21 18 61 96 97 65 
0 19 31 77 90 23 79 55 107 24 29 27 54 92 46 17 8 9 75 85 7 35 20 11 59 22 42 25 37 45 44 70 93 32 5 81 83 109 94 68 51 2 69 82 36 78 84 103 100 39 101 74 10 99 64 33 14 57 80 66 52 106 108 98 15 91 16 28 71 49 67 56 58 12 47 26 102 104 60 13 3 95 30 41 88 6 1 38 43 53 50 72 73 105 76 34 4 89 40 48 62 87 63 86 21 18 61 96 97 65 
0 19 31 77 90 23 79 55 107 24 29 27 54 92 46 17 8 9 75 85 7 35 20 11 59 22 42 25 37 45 44 70 93 32 5 81 83 109 10 74 101 39 100 103 84 78 36 82 69 2 51 68 94 99 64 33 14 57 80 66 52 106 108 98 15 91 16 28 71 49 67 56 58 12 47 26 102 104 60 105 13 3 95 30 41 88 6 1 38 43 53 50 72 73 76 34 4 89 40 48 62 87 63 86 21 18 61 96 97 65 
0 19 31 77 90 23 79 55 107 24 29 27 54 92 46 17 8 9 75 85 7 35 20 11 59 22 42 25 37 45 44 70 93 32 5 81 83 94 68 51 2 69 82 36 78 84 103 100 39 101 74 10 99 64 33 14 57 80 66 52 106 108 98 15 91 16 28 71 49 67 56 58 12 47 26 102 104 60 105 13 3 95 30 41 88 6 1 38 43 53 50 72 73 76 34 4 89 40 48 62 87 63 86 21 18 61 109 96 97 65 
0 19 31 77 90 23 79 55 107 24 29 27 54 92 46 17 8 9 75 85 7 35 20 11 59 22 42 25 37 45 44 70 32 5 81 83 109 94 68 51 2 69 82 36 78 84 103 100 39 101 74 10 99 64 33 14 57 80 66 52 106 108 98 15 91 16 28 71 49 67 56 58 12 47 26 102 104 60 105 13 3 95 30 41 88 6 1 38 43 53 50 72 73 76 34 4 89 40 48 62 87 63 86 21 18 61 96 93 97 65 
0 19 31 77 90 23 79 55 107 24 29 27 54 92 46 17 8 9 75 85 7 35 20 11 59 22 42 25 37 45 44 70 93 32 5 81 83 94 68 51 2 69 82 36 78 84 103 100 39 101 74 10 99 64 33 14 57 80 66 52 106 108 98 15 91 16 28 71 49 67 56 58 12 47 26 102 104 60 105 13 3 95 30 41 88 6 1 38 43 53 50 72 73 76 34 4 89 40 48 62 87 109 63 86 21 18 61 96 97 65 
0 19 31 77 90 23 79 55 107 24 29 27 54 92 46 17 8 9 75 85 7 35 20 11 59 22 42 25 37 45 44 70 93 32 5 81 83 109 94 68 51 2 69 82 36 78 84 103 100 39 101 74 10 99 64 33 14 57 80 66 52 106 108 98 15 91 16 28 71 49 67 56 58 12 47 26 102 104 60 105 13 3 95 30 88 6 1 38 43 53 50 72 73 76 34 4 89 40 48 62 87 41 63 86 21 18 61 96 97 65 
0 19 31 77 90 23 79 55 107 24 29 27 54 92 46 17 8 9 75 85 7 35 20 11 59 22 42 25 37 45 44 70 93 32 5 81 83 109 94 68 51 2 69 82 36 78 84 103 100 39 101 98 10 99 64 33 14 57 80 66 52 106 108 74 15 91 16 28 71 49 67 56 58 12 47 26 102 60 105 13 3 95 30 104 41 88 6 1 38 43 53 50 72 73 76 34 4 89 40 48 62 87 63 86 21 18 61 96 97 65 
0 19 31 77 90 23 79 55 85 24 29 27 54 92 46 17 8 9 75 107 7 35 20 11 59 22 42 25 37 45 44 70 93 32 5 81 83 109 94 68 51 2 69 82 36 78 84 103 100 39 101 74 10 99 64 33 14 57 80 66 52 106 108 98 15 91 16 28 71 49 67 56 58 12 47 26 102 104 60 105 13 3 95 30 41 88 6 1 38 43 53 50 72 73 76 34 4 89 40 48 62 87 63 86 21 18 61 96 97 65 
0 19 31 77 90 23 79 55 107 24 29 27 54 92 46 17 8 9 75 85 7 35 20 11 59 22 42 25 37 45 44 70 93 32 5 81 83 109 94 68 51 2 69 82 36 78 84 103 100 39 101 74 10 99 64 33 14 57 80 66 52 106 108 98 88 15 91 16 28 71 49 67 56 58 12 47 26 102 104 60 105 13 3 95 30 41 6 1 38 43 53 50 72 73 76 34 4 89 40 48 62 87 63 86 21 18 61 96 97 65 
0 19 31 77 90 23 79 55 107 24 29 27 54 92 46 17 8 9 75 85 7 35 20 11 59 22 42 25 37 45 44 70 93 32 5 81 83 109 94 68 51 2 69 82 57 14 33 64 99 10 74 101 39 100 103 84 78 36 80 66 52 106 108 98 15 91 16 48 28 71 49 67 56 58 12 47 26 102 104 60 105 13 3 95 30 41 88 6 1 38 43 53 50 72 73 76 34 4 89 40 62 87 63 86 21 18 61 96 97 65 
0 19 31 77 90 23 79 55 107 24 29 27 54 92 46 17 8 9 22 59 11 20 35 7 85 75 42 25 37 45 44 70 93 32 5 81 83 109 94 68 51 2 69 82 36 78 84 103 100 39 101 74 10 99 64 33 14 57 80 66 52 106 108 98 15 91 16 28 71 49 67 56 58 12 47 26 102 104 60 105 13 3 95 30 88 6 1 38 43 53 41 50 72 73 76 34 4 89 40 48 62 87 63 86 21 18 61 96 97 65 
0 19 31 77 90 23 79 55 107 24 29 27 54 92 46 17 8 9 75 85 7 35 20 11 59 22 42 25 37 45 44 70 93 32 5 81 83 109 94 68 51 2 82 36 78 84 103 100 39 101 74 10 99 64 33 14 57 80 66 52 106 108 98 15 91 16 28 71 49 67 56 58 12 47 26 102 104 60 105 13 3 95 30 41 88 6 1 38 43 53 50 72 73 76 34 4 89 40 48 62 87 63 86 21 18 61 96 69 97 65 
0 19 31 77 90 23 79 55 107 24 29 27 54 92 46 17 8 9 75 85 7 35 20 11 59 22 42 25 37 45 44 70 93 32 5 81 83 109 94 68 51 2 69 82 36 78 84 103 100 39 101 74 10 99 64 33 14 57 80 66 52 106 108 98 15 91 16 28 71 49 67 56 58 12 47 26 102 104 60 105 13 3 95 30 41 88 6 1 38 43 53 50 72 73 76 34 4 40 48 62 87 63 86 21 18 61 89 96 97 65 
0 19 31 77 90 23 79 55 107 24 29 27 54 92 46 17 8 9 75 85 7 35 20 11 59 22 42 25 37 45 44 70 93 32 5 81 83 109 94 68 2 69 82 36 78 84 103 100 39 101 74 10 99 64 33 14 57 80 66 52 106 108 98 15 91 16 28 71 49 67 56 58 12 47 26 102 104 60 105 13 3 95 30 41 88 6 1 38 51 43 53 50 72 73 76 34 4 89 40 48 62 87 63 86 21 18 61 96 97 65 
0 19 31 77 90 23 79 55 107 24 29 27 54 92 46 17 8 9 75 85 7 35 20 11 59 22 42 25 37 45 44 70 93 32 5 81 83 109 94 68 51 2 69 82 36 78 84 103 100 39 101 74 10 99 64 33 14 57 80 66 52 106 108 98 15 91 16 28 71 49 67 56 58 12 47 26 102 104 60 105 13 3 95 30 41 88 6 1 38 43 53 50 72 73 76 34 4 89 40 48 62 87 63 86 21 18 96 97 61 65 
0 19 31 77 90 23 79 55 107 24 29 27 54 92 46 17 8 9 75 85 7 35 20 11 59 22 42 25 37 45 44 70 93 32 5 81 83 109 94 68 51 2 69 82 36 78 84 103 100 39 101 74 10 99 64 33 14 57 80 66 52 106 108 98 15 91 16 28 71 49 67 56 58 73 47 26 102 104 60 105 13 3 95 30 41 88 6 1 38 43 53 50 72 12 76 34 4 89 40 48 62 87 63 86 21 18 61 96 97 65 
0 19 31 77 90 23 79 55 107 24 29 27 54 92 46 17 8 9 75 85 7 35 20 11 59 22 42 25 37 45 44 70 93 32 5 81 83 109 94 68 51 2 69 82 36 78 84 103 100 39 101 74 10 99 64 33 14 57 80 66 52 106 108 98 15 91 16 28 71 49 67 56 58 12 47 26 102 104 60 105 13 3 95 53 41 88 6 1 38 43 30 50 72 73 76 34 4 89 40 48 62 87 63 86 21 18 61 96 97 65 
0 19 31 77 90 23 79 55 107 24 29 27 54 92 46 17 8 9 75 85 7 35 20 11 59 22 42 25 37 45 44 70 93 32 5 81 83 109 94 68 51 2 69 82 36 78 84 103 100 39 101 74 10 99 64 33 14 57 80 66 52 106 108 98 15 91 16 28 71 49 67 56 58 12 47 26 102 104 60 105 13 3 95 30 41 88 6 1 38 43 53 50 72 73 76 34 4 89 40 48 62 87 63 86 18 61 96 97 21 65 
0 19 31 77 90 23 79 55 8 24 29 27 54 92 46 17 107 9 75 85 7 35 20 11 59 22 42 25 37 45 44 70 93 32 5 81 83 109 94 68 51 2 69 82 36 78 84 103 100 39 101 74 10 99 64 33 14 57 80 66 52 106 108 98 15 91 16 28 71 49 67 56 58 12 47 26 102 104 60 105 13 3 95 30 41 88 6 1 38 43 53 50 72 73 76 34 4 89 40 48 62 87 63 86 21 18 61 96 97 65 
0 19 31 77 90 23 79 55 107 24 29 27 54 92 46 17 8 9 69 2 51 68 94 109 83 81 5 32 93 70 44 45 37 25 42 22 59 11 20 35 7 85 75 82 36 78 84 103 100 39 101 74 10 99 64 33 14 57 80 66 52 106 108 98 15 91 16 28 71 49 67 56 58 12 47 26 102 104 60 105 13 3 95 30 41 88 6 1 38 43 53 50 72 73 76 34 4 89 40 48 62 87 63 86 21 18 61 96 97 65 
0 19 31 77 90 25 42 22 59 11 20 35 7 85 75 9 8 17 46 92 54 27 29 24 107 55 79 23 37 45 44 70 93 32 5 81 83 109 94 68 51 2 69 82 36 78 84 103 100 39 101 74 10 99 64 33 14 57 80 66 52 106 108 98 15 91 16 28 71 49 67 56 58 12 47 26 102 104 60 105 13 3 95 30 41 88 6 1 38 43 53 50 72 73 76 34 4 89 40 48 62 87 63 86 21 18 61 96 97 65 
0 19 31 77 90 23 79 55 107 24 29 27 54 92 46 17 8 9 75 85 7 35 20 11 59 22 42 25 37 45 44 70 93 68 5 81 83 109 94 32 51 2 69 82 36 78 84 103 100 39 101 74 10 99 64 33 14 57 80 66 52 106 49 98 15 91 16 28 71 108 67 56 58 12 47 26 102 104 60 105 13 3 95 30 41 88 6 1 38 43 53 50 72 73 76 34 4 89 40 48 62 87 63 86 21 18 61 96 97 65 
0 19 31 77 90 23 79 55 107 24 29 27 54 92 46 17 8 9 75 85 7 35 20 11 59 22 42 25 37 45 44 70 93 32 5 81 83 109 94 68 51 2 69 62 48 40 89 4 34 76 73 72 50 53 43 38 1 6 88 41 30 95 3 13 105 60 104 102 26 47 12 58 56 67 49 71 28 16 91 15 98 108 106 52 66 80 57 14 33 64 99 10 74 101 39 100 103 84 78 36 82 87 63 86 21 18 61 96 97 65 
0 19 31 77 90 23 79 55 107 24 29 54 92 46 17 8 9 75 85 7 35 20 11 59 22 42 25 37 45 44 70 93 32 27 5 81 83 109 94 68 51 2 69 82 36 78 84 103 100 39 101 74 10 99 64 33 14 57 80 66 52 106 108 98 15 91 16 28 71 49 67 56 58 12 47 26 102 104 60 105 13 3 95 30 41 88 6 1 38 43 53 50 72 73 76 34 4 89 40 48 62 87 63 86 21 18 61 96 97 65 
0 19 31 77 90 23 79 55 107 24 29 27 54 92 46 17 8 9 75 85 7 35 20 11 59 22 42 25 37 45 44 70 93 32 5 81 83 109 94 68 51 2 69 82 36 78 84 103 100 39 101 74 10 99 64 33 14 57 66 52 106 108 98 15 91 16 28 71 49 67 56 58 12 47 26 102 104 60 105 13 3 95 30 41 88 6 1 38 43 53 50 72 73 76 34 4 89 40 48 62 87 80 63 86 21 18 61 96 97 65 
0 19 31 77 90 23 79 55 107 24 29 27 54 92 46 17 8 9 75 85 7 35 20 11 59 22 42 25 37 45 44 70 93 32 5 81 83 109 94 68 51 2 69 82 36 78 84 103 100 39 101 74 10 99 64 33 14 57 80 66 52 106 108 98 15 91 16 28 71 49 67 56 43 38 1 6 41 30 95 3 13 105 60 104 102 26 47 12 58 53 50 72 73 76 34 4 89 40 48 62 88 87 63 86 21 18 61 96 97 65 
0 19 31 77 90 23 79 55 107 24 29 27 54 92 46 17 8 9 75 85 7 35 20 11 59 22 42 25 37 45 44 70 93 32 5 81 83 109 94 68 51 2 69 82 36 78 43 103 100 39 101 74 10 99 64 33 14 57 80 66 52 106 108 98 15 91 16 28 71 49 67 56 58 12 47 26 102 104 60 105 13 3 95 30 41 88 6 1 38 84 53 50 72 73 76 34 4 89 40 48 62 87 63 86 21 18 61 96 97 65 
0 19 31 77 90 23 79 55 107 24 29 27 54 92 46 17 8 9 75 85 7 35 20 11 59 22 42 25 37 45 44 70 93 32 5 81 83 109 94 68 51 2 18 21 86 63 87 62 48 40 89 4 34 76 73 72 50 53 43 38 1 6 88 41 30 95 3 13 105 60 104 102 26 47 12 58 56 67 49 71 28 16 91 15 98 108 106 52 66 80 57 14 33 64 99 10 74 101 39 100 103 84 78 36 82 69 61 96 97 65 
0 19 31 77 90 23 79 55 107 24 29 27 54 92 46 17 8 9 75 85 7 35 20 11 59 22 42 25 37 45 44 70 93 32 5 81 83 109 94 68 51 2 69 82 36 78 84 103 100 39 101 74 10 99 64 33 14 57 80 66 52 106 108 98 15 91 62 48 40 89 4 34 76 73 72 50 53 43 38 1 6 88 41 30 95 3 13 105 60 104 102 26 47 12 58 56 67 49 71 28 16 87 63 86 21 18 61 96 97 65 
0 19 31 77 90 23 79 55 107 24 29 27 54 92 46 17 8 9 75 85 7 35 20 11 59 22 42 25 37 45 44 70 93 32 5 81 83 109 94 68 51 50 69 82 36 78 84 103 100 39 101 74 10 99 64 33 14 57 80 66 52 106 108 98 15 91 16 28 71 49 67 56 58 12 47 26 102 104 60 105 13 3 95 30 41 88 6 1 38 43 53 2 72 73 76 34 4 89 40 48 62 87 63 86 21 18 61 96 97 65 
0 19 31 77 90 23 79 55 107 24 29 27 54 92 46 17 8 9 75 85 7 35 20 11 59 22 42 25 37 45 44 70 93 32 5 81 83 109 94 68 51 2 69 82 36 78 84 103 100 39 101 74 10 99 64 33 14 57 80 66 52 106 108 98 15 91 16 28 71 49 67 56 58 12 47 26 102 104 60 105 13 3 30 41 88 6 1 38 43 53 50 72 73 76 34 4 89 40 48 62 87 63 95 86 21 18 61 96 97 65 
0 19 31 70 44 45 37 25 42 22 59 11 20 35 7 85 75 9 8 17 46 92 54 27 29 24 107 55 79 23 90 77 93 32 5 81 83 109 94 68 51 2 69 82 36 78 84 103 100 39 101 74 10 99 64 33 14 57 80 66 52 106 108 98 15 91 16 28 71 49 67 56 58 12 47 26 102 104 60 105 13 3 95 30 41 88 6 1 38 43 53 50 72 73 76 34 4 89 40 48 87 62 63 86 21 18 61 96 97 65 
0 19 31 77 90 23 79 55 107 24 29 27 54 92 46 17 8 9 75 85 7 35 20 11 59 22 42 25 37 45 44 70 93 32 5 81 83 109 94 68 51 2 69 82 36 78 84 103 100 39 101 74 10 99 64 33 14 57 80 66 95 106 108 98 15 91 16 28 71 49 67 56 58 12 47 26 102 104 60 105 13 3 52 30 41 88 6 1 38 43 53 50 72 73 76 34 4 89 40 48 62 87 63 86 21 18 61 96 97 65 
0 19 31 77 90 23 79 55 107 24 29 27 54 92 46 17 8 9 75 85 7 35 20 11 59 22 42 25 37 45 44 70 93 32 5 81 83 109 94 68 2 69 82 36 78 84 103 100 39 101 74 10 99 64 33 14 57 80 66 52 106 108 98 15 91 16 28 71 49 67 56 58 12 47 26 102 104 60 105 13 3 95 30 51 41 88 6 1 38 43 53 50 72 73 76 34 4 89 40 48 62 87 63 86 21 18 61 96 97 65 
0 19 31 77 90 23 79 55 107 24 29 27 54 92 46 17 8 9 75 85 7 57 14 33 64 99 10 74 101 39 100 103 84 78 36 82 69 2 51 68 94 109 83 81 5 32 93 70 44 45 37 25 42 22 59 11 20 35 80 66 52 106 108 98 15 91 16 28 71 49 67 56 58 12 47 26 102 104 60 105 13 3 95 30 41 88 6 1 38 43 53 50 72 73 76 34 4 89 40 48 62 87 63 86 21 18 61 96 97 65 
0 19 31 77 90 23 79 55 107 24 29 27 54 92 46 17 8 9 75 85 7 35 20 11 59 22 42 25 37 45 44 70 93 32 5 81 83 109 94 68 51 2 69 82 36 78 84 103 100 39 101 74 47 99 64 33 14 57 80 66 52 106 108 98 15 91 16 28 71 49 67 56 58 12 10 26 102 104 60 105 13 3 95 30 41 88 6 1 38 43 53 50 72 34 76 73 4 89 40 48 62 87 63 86 21 18 61 96 97 65 
0 19 31 77 90 23 79 55 107 24 29 27 54 92 46 17 8 9 75 85 7 35 20 11 59 22 42 25 37 45 44 70 93 32 5 81 83 109 94 68 56 67 49 71 28 16 91 15 98 108 106 52 66 80 57 14 33 64 99 10 74 101 39 100 103 84 78 36 82 69 2 51 58 12 47 26 102 60 105 13 3 95 30 104 41 88 6 1 38 43 53 50 72 73 76 34 4 89 40 48 62 87 63 86 21 18 61 96 97 65 
0 19 31 77 90 23 79 55 107 24 29 27 54 92 46 17 8 9 75 85 7 35 20 11 59 22 42 25 37 45 44 70 93 32 5 81 83 109 94 68 51 2 69 82 36 78 84 103 100 39 101 74 10 99 64 49 72 34 76 50 53 43 38 1 6 88 41 30 95 3 13 105 60 104 67 56 58 12 47 26 102 33 14 57 80 73 66 52 106 108 98 15 91 16 28 71 4 89 40 48 62 87 63 86 21 18 61 96 97 65 
0 19 31 77 90 23 79 55 107 24 29 27 54 92 46 17 8 9 75 85 7 35 20 11 59 22 42 25 37 45 44 70 93 32 5 81 83 109 94 68 51 2 69 82 36 78 84 103 100 39 74 10 99 64 33 14 57 80 66 52 106 108 98 15 91 16 28 71 49 67 56 58 12 47 26 102 104 60 105 13 3 95 30 41 101 88 6 1 38 43 53 50 72 73 76 34 4 89 40 48 62 87 63 86 21 18 61 96 97 65 
0 19 31 77 90 23 79 55 107 24 27 54 92 46 17 8 9 75 85 7 29 35 20 11 83 22 42 25 37 45 44 70 93 32 5 81 59 109 94 68 51 2 69 82 36 78 84 103 100 39 101 74 10 99 64 33 14 57 80 66 52 106 108 98 15 91 16 28 71 49 67 56 58 12 47 26 102 104 60 105 13 3 95 30 41 88 6 1 38 43 53 50 72 73 76 34 4 89 40 48 62 87 63 86 21 18 61 96 97 65 
0 19 31 77 90 23 79 55 107 24 29 27 54 92 46 17 8 9 75 85 7 35 20 11 59 22 42 25 37 45 44 70 93 32 5 81 83 109 94 68 51 2 69 82 36 78 84 103 100 39 101 74 10 99 64 33 14 57 72 50 53 43 38 88 1 6 41 30 95 3 13 105 60 104 102 26 47 12 58 56 67 49 71 28 16 91 15 98 108 106 52 66 80 73 76 34 4 89 40 48 62 87 63 86 65 97 96 61 18 21 
0 19 31 77 90 23 79 55 107 24 29 27 54 92 46 17 8 9 75 85 7 35 20 11 59 22 42 25 37 45 44 70 93 32 5 81 83 109 94 68 51 2 69 82 36 78 84 103 100 39 101 74 10 99 64 33 14 57 80 66 52 106 108 98 15 91 16 28 71 49 67 56 58 12 47 26 102 104 60 13 3 95 30 41 88 6 1 38 43 53 50 72 73 76 34 4 89 40 48 62 87 63 86 21 18 61 96 105 97 65 
0 19 31 77 90 23 79 55 107 24 29 27 54 92 46 17 8 9 75 85 7 35 20 11 59 22 42 25 37 45 44 70 93 32 5 81 83 109 94 68 51 2 69 82 36 78 84 103 100 39 101 74 10 99 64 33 14 57 80 66 52 63 87 62 48 40 89 4 34 76 73 72 50 53 43 38 1 6 88 41 30 95 3 13 105 60 104 102 26 47 12 58 56 67 49 71 28 16 91 15 98 108 106 86 21 18 61 96 97 65 
0 19 31 77 90 23 79 55 107 24 29 27 54 92 46 17 8 9 75 85 7 35 20 11 59 22 42 25 45 44 70 93 32 5 81 83 109 94 68 51 2 69 82 36 78 84 103 100 39 101 74 10 99 64 33 14 57 80 66 52 106 108 98 15 91 16 28 71 49 67 56 58 37 12 47 26 102 104 60 105 13 3 95 30 41 88 6 1 38 43 53 50 72 73 76 34 4 89 40 48 62 87 63 86 21 18 61 96 97 65 
0 19 31 77 90 23 79 55 107 24 29 27 54 92 46 17 8 9 75 85 7 35 20 11 59 22 42 25 37 45 44 70 93 32 5 81 83 109 94 68 51 2 69 82 36 78 84 103 100 39 101 74 10 99 64 33 14 57 66 52 106 108 98 15 91 16 62 48 40 89 4 34 76 73 72 50 53 43 38 1 6 88 41 30 95 3 13 105 60 104 102 26 47 80 12 58 56 67 49 71 28 87 63 86 21 18 61 96 97 65 
0 19 31 77 90 23 79 55 107 24 29 27 54 92 46 17 37 9 75 85 7 35 20 11 59 22 42 25 8 45 44 70 93 32 5 81 83 109 94 68 51 2 69 82 36 78 84 103 100 39 101 74 10 99 64 33 14 57 80 66 52 106 108 16 91 15 98 28 71 49 67 56 58 12 47 26 102 104 60 105 13 3 95 30 41 88 6 1 38 43 53 50 72 73 76 34 4 89 40 48 62 87 63 86 21 18 61 96 97 65 
0 19 31 77 90 23 85 7 35 20 11 59 54 92 46 17 8 9 75 79 55 107 24 29 27 22 42 25 37 45 44 70 93 32 5 81 83 109 94 68 51 2 69 82 36 78 84 103 100 39 101 74 10 99 64 33 14 57 66 52 106 108 98 15 91 16 28 71 49 67 56 58 12 47 26 102 104 60 105 13 3 95 30 41 88 6 1 38 43 53 50 72 73 76 34 4 89 40 48 80 62 87 63 86 21 18 61 96 97 65 
0 19 31 77 90 23 79 55 107 24 29 27 54 92 46 17 8 9 75 85 7 35 20 11 59 22 42 25 37 45 44 70 93 32 5 81 83 109 94 68 51 2 69 82 36 78 84 103 60 105 13 3 95 30 41 88 6 1 38 43 53 50 72 73 76 34 16 28 71 49 67 56 58 12 47 26 102 104 100 39 101 74 10 99 64 33 14 57 80 66 52 106 108 98 15 91 4 89 40 48 62 87 63 86 21 18 61 96 97 65 
0 19 31 77 90 23 79 55 107 24 29 27 54 92 46 17 8 9 75 85 7 35 20 11 59 22 42 25 37 45 44 70 93 32 50 81 83 109 94 68 51 2 69 82 36 78 84 103 100 39 101 74 10 99 64 33 14 57 80 66 52 106 108 98 15 91 16 28 71 49 67 56 58 12 47 26 102 104 60 105 13 3 95 30 41 88 6 1 38 43 53 5 72 73 76 34 4 89 40 48 62 87 63 86 21 18 61 96 97 65 
0 19 31 77 90 23 79 55 107 24 29 27 54 92 46 17 8 9 75 85 7 35 20 11 59 22 42 25 37 45 44 70 93 32 5 81 83 109 94 68 51 2 69 82 36 78 21 86 63 87 62 48 40 89 4 34 76 73 72 50 53 43 38 1 6 88 41 30 95 3 13 105 60 104 102 26 47 12 58 56 67 49 71 28 16 91 15 98 108 106 52 66 80 57 14 33 64 99 10 74 101 39 100 103 84 18 61 96 97 65 
0 19 31 77 90 23 79 55 107 24 29 27 54 92 46 17 8 9 75 85 7 35 20 11 59 22 42 25 37 45 44 70 93 32 81 83 109 94 68 51 39 100 103 84 78 36 82 69 2 101 74 10 99 64 33 14 57 80 66 52 106 108 5 98 15 91 16 28 71 49 67 56 58 12 47 26 102 104 60 105 13 3 95 30 41 88 6 1 38 43 53 50 72 73 76 34 4 89 40 48 62 87 63 86 21 18 61 96 97 65 
0 19 31 77 90 23 79 55 107 24 29 27 54 92 46 17 8 9 75 85 7 35 20 11 59 22 42 25 37 45 44 70 93 32 5 81 83 109 94 68 51 2 69 36 82 78 84 103 100 39 101 74 10 99 64 33 14 57 80 66 52 106 108 98 15 91 16 28 71 49 67 56 58 12 47 26 102 104 60 105 13 3 95 30 41 88 6 1 38 43 53 50 72 73 76 34 4 40 48 62 87 63 86 21 18 61 96 97 65 89 
0 19 31 77 90 23 79 55 107 24 29 27 54 92 46 17 8 9 75 85 7 35 20 11 80 57 14 33 64 99 10 74 101 39 100 103 84 78 36 82 69 2 51 68 94 109 83 81 5 32 45 93 70 44 37 25 42 22 59 66 52 106 108 98 15 91 16 28 71 49 67 56 58 12 47 26 102 104 60 105 13 3 95 30 41 88 6 1 38 43 53 50 72 73 76 34 4 89 40 48 62 87 63 86 21 18 61 96 97 65 
0 19 31 77 90 23 79 55 107 24 29 27 54 92 46 17 8 9 75 85 7 35 20 11 59 22 42 25 37 45 44 70 72 32 5 81 83 109 94 68 51 2 69 82 36 78 84 103 100 39 101 74 10 99 64 33 14 57 80 66 52 106 108 98 15 91 16 28 71 49 67 56 58 12 47 26 102 104 60 105 13 3 95 30 41 88 6 1 38 43 53 50 93 73 76 34 4 89 40 48 62 87 63 86 21 18 61 96 97 65 
0 19 31 77 90 23 79 55 107 24 29 27 54 92 46 17 8 9 85 7 35 20 11 59 22 42 25 37 45 44 70 93 32 5 81 83 109 94 68 51 2 69 82 36 78 84 103 100 39 101 74 10 99 64 33 14 57 80 66 52 106 108 98 15 91 16 28 71 49 67 56 58 12 47 26 102 104 60 105 13 3 95 30 41 88 6 1 38 43 53 89 4 75 34 76 73 72 50 40 48 62 87 63 86 21 18 61 96 97 65 
0 19 31 77 90 23 79 55 107 24 29 27 54 92 46 17 8 9 75 85 7 35 20 11 59 22 42 25 37 45 44 70 93 36 82 69 2 51 68 94 109 83 81 5 32 78 84 103 100 39 101 74 10 99 64 33 14 57 80 66 52 106 108 98 15 91 16 28 71 49 67 56 58 12 47 26 102 104 60 105 13 3 95 30 41 88 1 38 43 53 50 72 73 76 34 4 89 40 48 62 87 63 86 21 18 61 6 96 97 65 
0 19 31 77 90 23 79 55 107 24 29 27 54 92 46 17 8 9 75 85 7 35 20 11 59 22 42 25 37 45 44 70 93 32 5 81 83 109 94 68 51 2 69 82 36 78 84 103 100 39 101 74 10 99 64 33 14 57 80 66 52 106 108 98 15 91 16 28 1 71 49 67 56 58 47 26 102 104 60 105 13 3 95 30 41 88 6 38 43 53 50 72 40 48 62 4 89 12 73 76 34 87 63 86 21 18 61 96 97 65 
0 19 31 77 90 23 79 55 107 24 29 27 54 92 46 17 8 9 75 85 7 35 20 11 59 22 42 25 37 45 44 70 93 32 5 81 83 109 94 68 51 2 69 82 36 78 84 103 100 39 101 74 10 99 64 33 14 57 80 66 52 106 95 30 41 88 6 1 38 43 53 50 72 73 76 34 4 89 40 104 13 3 108 98 15 91 16 28 71 49 67 56 58 12 47 26 102 105 60 48 62 87 63 86 21 18 61 96 97 65 
0 19 31 77 90 23 79 55 107 24 29 27 54 92 46 17 8 9 75 85 7 35 20 11 59 22 42 25 37 45 44 70 93 32 5 81 83 109 94 68 51 2 69 82 36 78 84 103 100 39 101 74 10 99 64 33 14 57 80 66 52 106 95 30 41 88 6 1 38 43 53 50 72 73 76 34 4 89 40 104 13 3 108 98 15 91 16 28 71 49 67 56 58 12 47 26 102 105 60 48 62 87 63 86 21 18 61 96 97 65 
0 19 31 77 90 23 79 55 107 24 29 27 54 92 46 17 8 80 57 14 33 64 99 10 74 101 39 100 103 84 78 36 82 69 2 51 68 94 109 83 81 5 32 93 70 44 45 37 25 42 22 59 11 20 35 7 85 75 9 66 52 106 108 98 15 91 16 28 71 49 67 56 58 12 47 26 102 104 60 105 13 3 95 30 41 88 6 1 38 43 53 50 72 73 76 34 4 89 40 48 62 87 63 86 21 18 61 96 97 65 
0 19 31 77 90 23 79 55 107 24 29 27 54 92 46 17 8 9 75 85 7 35 20 11 59 22 42 25 37 45 44 70 93 32 5 81 83 109 94 68 51 2 69 82 36 78 84 103 100 39 101 74 10 99 21 86 63 87 62 48 40 89 4 34 76 73 72 50 53 43 38 1 6 88 41 30 95 3 13 105 60 104 102 26 47 12 58 56 67 49 71 28 16 91 15 98 108 106 52 66 80 57 14 33 64 18 61 96 97 65 
0 19 31 77 90 23 79 55 107 24 29 27 54 92 46 17 8 9 75 85 7 35 20 11 59 22 42 25 37 45 44 70 93 32 5 81 83 109 94 68 51 2 69 82 36 78 84 103 100 39 101 10 74 99 64 33 14 57 80 66 52 106 108 98 15 91 16 28 71 49 67 56 58 12 47 26 102 104 60 105 13 3 95 30 41 88 6 1 38 43 53 50 65 97 96 61 18 21 86 63 87 62 48 40 89 4 34 76 73 72 
0 19 31 77 90 23 79 55 107 24 29 27 54 92 46 17 8 9 75 85 7 35 20 11 59 22 42 25 37 45 44 70 93 32 5 81 83 109 94 68 51 2 69 82 36 78 84 103 100 39 101 38 10 99 64 33 14 57 80 66 52 106 108 98 15 91 16 28 71 49 67 56 58 12 47 26 102 104 60 105 13 3 95 30 41 88 6 1 74 43 53 50 72 73 76 34 4 89 40 48 62 87 63 86 21 18 61 96 97 65 
0 19 31 77 90 23 79 55 107 24 29 27 54 92 46 17 8 9 75 85 7 35 20 11 59 22 42 25 37 45 44 70 93 32 5 81 83 109 94 68 51 2 30 95 3 13 105 60 104 102 26 57 80 66 52 106 108 98 15 91 16 28 71 49 67 56 58 12 47 14 33 64 99 10 74 101 39 100 103 84 78 36 82 69 41 88 6 1 38 43 53 50 72 73 76 34 4 89 40 48 62 87 63 86 21 18 61 96 97 65 
0 19 31 77 90 23 55 107 24 29 27 54 92 46 17 8 9 75 85 7 35 20 11 59 22 42 25 37 45 44 70 93 32 5 81 83 109 94 68 51 2 79 69 82 36 78 84 103 100 39 101 74 10 99 106 52 66 80 57 14 33 64 108 98 15 91 16 28 71 49 67 56 58 12 47 26 102 104 60 105 13 3 95 30 41 88 6 1 38 43 53 50 72 73 76 34 4 89 40 48 62 87 21 86 63 18 61 96 97 65 
0 19 31 77 90 23 79 55 107 24 29 27 54 92 46 17 8 9 75 85 7 35 20 11 59 22 42 25 67 56 58 12 47 26 102 104 60 105 13 3 95 30 41 88 6 1 38 43 53 50 72 73 76 34 4 89 40 48 80 66 52 106 108 98 15 91 16 28 71 49 37 45 44 70 93 32 5 81 83 109 94 68 51 2 69 82 36 78 84 103 100 39 101 74 10 99 64 33 14 57 62 87 63 86 21 18 61 96 97 65 
0 19 31 77 90 23 79 55 107 24 29 27 54 92 46 17 8 9 75 85 7 35 11 59 22 42 25 37 45 44 70 93 32 5 81 83 109 94 68 51 2 69 82 36 78 84 103 100 39 101 74 10 99 64 33 14 57 80 66 52 106 108 98 15 91 16 28 71 49 67 56 58 12 47 26 20 102 104 60 105 13 3 95 30 41 88 6 1 38 43 53 50 72 73 76 34 4 89 40 48 62 87 63 86 21 18 61 96 97 65 
0 19 31 77 90 23 79 55 107 24 29 27 54 92 46 17 8 9 75 85 7 35 20 11 59 22 42 25 37 45 44 70 93 32 5 81 83 109 94 68 51 2 69 82 36 78 84 103 100 39 101 74 10 99 64 33 14 57 80 66 52 106 108 98 15 91 16 28 71 49 67 56 58 12 47 26 102 104 60 105 13 3 95 30 41 88 87 1 38 43 53 50 72 73 76 34 4 89 40 48 62 6 63 86 21 18 61 96 97 65 
0 19 31 77 90 23 79 55 107 24 29 27 54 92 46 17 8 9 75 85 7 35 20 11 59 22 42 25 37 45 44 70 93 32 5 81 83 109 94 68 38 2 69 82 36 78 84 103 100 39 101 74 10 99 64 33 14 57 80 66 52 106 108 98 15 91 16 28 71 49 67 56 58 12 47 26 102 104 60 105 13 3 95 30 41 88 6 1 51 43 53 50 72 73 76 34 4 89 40 48 62 87 63 86 21 18 61 96 97 65 
0 19 31 77 90 23 79 55 107 24 29 27 54 92 46 17 8 9 75 85 7 35 20 11 59 22 76 25 37 45 44 70 93 32 5 81 83 109 94 68 51 2 69 82 36 78 84 103 100 39 101 74 10 99 64 33 14 57 80 66 52 106 108 98 15 91 16 28 71 49 67 56 58 12 47 26 102 104 60 105 13 3 95 30 41 88 6 1 38 43 53 50 72 73 42 34 4 89 40 48 62 87 63 86 21 18 61 96 97 65 
0 19 31 77 90 23 79 55 107 63 87 62 48 40 89 4 34 76 73 72 50 53 43 38 1 6 88 41 30 95 3 13 105 60 104 102 26 47 12 58 56 67 49 71 28 16 91 15 98 108 106 52 66 80 57 14 33 64 99 10 74 101 39 100 103 84 78 36 82 69 2 51 68 94 109 83 81 5 32 93 70 44 45 37 25 42 22 59 11 20 35 7 85 75 9 8 17 46 92 54 27 29 24 86 21 18 61 96 97 65 
0 19 31 77 90 23 79 55 107 24 29 27 54 92 46 17 8 9 75 85 7 35 20 11 59 22 42 25 37 45 44 70 93 32 5 49 72 34 76 73 50 53 43 38 1 6 88 41 30 95 3 13 105 60 104 81 83 109 94 68 51 2 69 82 36 78 84 103 100 39 101 74 10 99 64 33 14 57 80 66 52 106 108 98 15 91 16 28 71 67 56 58 12 47 26 102 4 89 40 48 62 87 63 86 21 18 61 96 97 65 
0 19 31 77 90 23 79 55 107 24 29 27 54 92 46 17 8 9 75 85 5 32 93 70 44 45 37 25 42 22 59 11 20 35 7 81 83 109 94 68 51 2 69 82 36 78 84 103 100 39 101 74 10 99 64 33 14 57 80 66 52 106 108 98 15 91 16 28 71 49 67 56 58 12 47 26 102 104 60 105 13 3 95 30 41 88 6 1 38 43 53 50 72 73 76 34 4 89 40 97 62 87 63 86 21 18 61 96 48 65 
0 19 31 77 90 23 79 55 107 24 29 27 54 92 46 17 8 9 75 85 7 35 20 11 59 22 42 25 37 45 10 70 93 32 5 81 83 109 94 68 51 2 69 82 36 78 84 103 100 39 101 74 44 99 64 33 14 57 80 66 52 106 108 98 15 91 16 28 71 49 67 56 58 12 47 26 102 104 60 105 13 3 95 30 41 88 6 1 38 43 53 50 72 73 76 34 4 89 40 48 62 87 63 86 21 18 61 96 97 65 
0 19 31 77 90 23 79 55 107 24 29 27 54 92 46 17 8 9 75 85 7 35 20 11 59 22 42 25 37 39 44 70 93 32 5 81 83 109 94 68 51 2 69 82 36 78 84 103 100 45 101 74 10 99 64 33 14 57 80 66 52 106 108 98 15 91 16 28 71 49 67 56 58 12 47 26 102 104 60 105 13 3 95 30 41 88 6 1 38 43 53 50 72 73 76 34 4 89 40 48 62 87 63 86 21 18 61 96 97 65 
0 19 31 77 90 23 79 55 107 24 29 27 54 92 46 17 8 9 75 85 7 35 100 11 59 22 42 25 37 45 44 70 93 32 5 81 83 109 94 68 51 2 69 82 36 78 84 103 20 39 101 74 10 99 64 33 14 57 80 66 52 106 108 98 15 91 16 28 71 49 67 56 58 12 47 26 102 104 60 105 13 3 95 30 41 88 6 1 38 43 53 50 72 73 76 34 4 89 40 48 62 87 63 86 21 18 61 96 97 65 
0 19 31 77 90 23 79 55 107 24 29 27 54 92 46 17 8 9 75 85 7 35 20 11 59 22 42 25 37 45 44 70 93 32 5 33 83 74 101 39 100 103 84 78 36 82 69 2 51 68 94 109 10 99 64 81 14 57 80 66 52 106 108 98 15 91 16 28 71 49 67 56 58 12 47 26 102 104 60 105 13 3 95 30 41 88 6 1 38 43 53 50 72 73 76 34 4 89 40 48 62 87 63 86 21 18 61 96 97 65 
0 19 31 77 90 23 79 55 107 24 29 27 54 92 46 17 8 9 75 85 7 35 20 11 22 59 42 25 37 45 44 70 93 32 5 81 83 109 94 68 51 2 69 82 36 78 84 103 95 30 41 88 6 1 64 33 14 57 80 66 52 106 108 98 15 91 16 28 71 49 67 56 58 12 47 26 102 104 60 105 13 3 100 39 101 74 10 99 38 43 53 50 72 73 76 34 4 89 40 48 62 87 63 86 21 18 61 96 97 65 
0 19 31 77 90 23 79 55 107 24 29 27 54 92 46 17 8 9 75 85 7 35 105 60 104 102 26 47 12 58 56 67 49 71 28 16 91 15 98 108 106 52 66 80 57 14 33 64 99 10 74 101 39 100 103 84 78 36 82 69 2 51 68 94 109 83 81 5 32 93 70 44 45 37 25 42 22 59 11 20 13 3 95 30 41 88 6 1 38 43 53 50 72 73 76 34 4 89 40 48 62 87 63 86 21 18 61 96 97 65 
0 19 31 77 90 23 79 55 107 24 29 27 54 92 46 17 8 9 75 85 7 35 20 11 59 22 42 25 37 45 44 70 93 32 5 81 83 109 94 68 51 2 69 82 36 78 84 103 100 39 101 74 10 99 64 33 14 57 80 66 52 106 108 98 15 88 91 16 28 71 49 67 56 58 12 47 26 102 104 60 105 13 3 95 30 41 6 1 38 43 53 50 72 73 76 34 89 40 48 62 87 63 86 4 21 18 61 96 97 65 
0 19 31 77 90 23 79 55 107 24 29 27 54 92 46 17 8 9 75 85 7 35 20 11 59 22 42 25 37 45 44 70 93 32 5 81 83 109 94 68 51 2 69 82 36 78 84 103 100 39 101 74 10 99 64 33 14 57 80 66 52 106 108 98 15 91 97 96 61 18 21 86 63 87 62 48 40 89 4 34 76 73 72 50 53 43 38 1 6 88 41 30 95 3 13 105 60 104 102 26 47 12 58 56 67 49 71 28 16 65 
0 19 31 77 90 23 79 55 107 24 29 27 54 92 46 17 8 9 75 85 7 35 20 11 59 22 42 25 37 45 44 70 93 32 5 81 83 109 94 68 51 2 69 82 36 78 84 63 87 62 48 40 89 4 34 76 73 72 50 53 43 38 1 6 88 41 30 12 95 3 13 105 60 104 102 26 47 58 56 67 49 71 28 16 91 15 98 108 106 52 66 80 57 14 33 64 99 10 74 101 39 100 103 86 21 18 61 96 97 65 
0 19 31 77 90 23 79 55 107 24 29 27 54 92 46 17 8 9 75 85 7 35 20 11 59 22 42 25 37 45 44 70 93 32 5 81 83 15 91 16 28 71 49 67 56 58 12 47 26 39 101 74 10 99 64 33 14 57 80 66 52 106 108 98 109 94 68 51 2 69 82 36 78 84 103 100 102 104 60 105 13 3 95 30 41 88 6 1 38 43 53 50 72 73 76 34 4 89 40 48 62 87 63 86 21 18 61 96 97 65 
0 19 31 77 90 23 79 55 107 24 29 27 54 92 46 17 8 9 75 85 7 35 20 11 59 22 42 25 37 45 44 70 93 32 5 81 83 109 94 68 51 2 69 82 36 78 84 103 100 39 101 74 10 99 64 33 14 57 80 66 52 106 108 98 15 91 16 28 71 49 67 56 58 12 47 26 102 104 60 105 13 3 95 30 41 88 6 1 38 40 48 62 87 63 86 21 18 61 43 53 50 72 76 34 4 89 96 73 97 65 
0 19 31 77 90 23 79 55 107 24 29 27 54 92 46 17 8 9 75 85 7 35 20 11 59 22 42 25 37 45 44 70 93 32 5 81 83 109 94 6 51 2 69 82 36 78 84 103 100 39 101 74 10 99 64 33 14 57 80 66 52 106 108 98 15 91 16 28 71 49 67 56 58 12 47 26 102 104 60 105 13 3 95 30 41 88 68 1 38 43 53 50 72 73 76 34 4 89 40 48 62 87 63 86 21 18 61 96 97 65 
0 19 31 77 90 23 79 55 107 24 29 27 54 92 46 17 8 9 75 85 7 35 20 15 98 106 52 66 80 57 14 33 64 99 10 74 101 39 100 103 84 78 32 5 81 83 109 94 68 51 2 69 82 36 93 70 44 45 37 25 42 22 59 11 91 16 108 28 71 49 67 56 58 12 47 26 102 104 60 105 13 3 95 30 41 88 6 1 38 43 53 50 72 73 76 34 4 89 40 48 62 87 63 86 21 18 61 96 97 65 
0 19 31 77 90 23 79 55 107 24 29 27 54 92 46 17 8 9 75 85 7 35 20 11 68 22 73 72 50 53 43 38 1 6 88 41 30 95 3 13 105 60 104 102 26 47 12 58 56 67 49 71 28 16 91 15 98 108 106 52 66 80 57 14 33 64 99 10 74 101 39 100 103 84 78 36 82 42 25 37 45 44 70 93 32 5 81 83 109 94 59 51 2 69 76 34 4 89 40 48 62 87 63 86 21 18 61 96 97 65 
0 19 31 77 90 23 38 1 6 88 41 30 95 3 13 105 60 104 102 26 47 12 58 56 67 49 71 28 16 91 15 98 108 106 52 66 80 57 14 33 64 99 10 74 101 39 100 103 84 78 36 82 69 2 51 68 94 109 83 81 5 32 93 70 44 45 37 25 42 22 59 11 20 35 7 85 75 9 8 17 46 92 54 27 29 24 107 55 79 43 53 50 72 73 76 34 4 89 40 48 62 87 63 86 21 18 61 96 97 65 
0 19 31 77 90 23 79 55 107 24 29 27 54 92 46 17 8 9 75 85 7 35 20 11 59 22 42 25 37 45 44 70 93 32 5 81 83 109 94 68 51 2 69 82 36 78 84 103 100 39 101 74 10 99 64 33 14 57 80 66 52 106 108 98 15 91 65 97 96 61 18 21 86 63 87 62 48 40 89 4 34 76 73 72 50 53 43 38 1 6 88 41 30 95 3 13 105 60 104 102 26 47 12 58 56 67 49 71 28 16 
0 19 31 77 42 25 37 45 44 70 93 32 5 81 83 109 94 68 51 2 69 82 20 11 59 22 90 23 79 55 107 24 29 27 54 92 46 17 8 9 75 85 7 35 36 78 84 103 100 39 101 74 10 99 64 33 14 57 80 66 52 106 108 98 15 91 16 28 71 49 67 56 58 47 26 102 12 104 60 105 13 3 95 30 41 88 6 1 38 43 53 50 72 73 76 34 4 89 40 48 62 87 21 86 63 18 61 96 97 65 
0 19 31 77 90 23 79 55 107 24 29 69 82 36 78 84 103 100 39 101 74 10 99 64 33 14 57 80 66 52 106 108 98 15 91 16 28 71 49 68 51 2 27 54 92 46 17 8 9 75 85 7 35 20 11 59 22 42 25 37 45 44 70 93 32 5 81 83 109 94 67 56 58 12 47 26 102 104 60 105 13 3 95 30 41 88 6 1 38 43 53 50 72 73 76 34 4 89 40 48 62 87 63 86 21 18 61 96 97 65 
0 19 31 77 90 23 79 55 107 24 29 27 54 92 46 17 8 97 75 85 7 35 20 11 59 22 42 25 37 45 44 70 93 32 5 81 83 109 94 68 51 2 69 82 9 36 78 84 103 100 39 101 74 10 99 64 33 14 57 80 66 52 106 108 98 15 91 16 28 71 49 67 56 58 12 47 26 102 104 60 105 13 3 95 30 41 88 6 1 38 43 53 50 72 73 76 34 4 89 40 48 62 87 63 86 21 18 61 96 65 
0 19 31 77 90 23 79 55 107 24 29 27 54 92 46 17 8 9 75 85 7 35 20 11 59 22 42 25 37 45 44 70 93 32 5 81 83 109 94 68 51 2 69 82 36 78 26 103 100 39 101 74 10 99 64 33 14 48 80 66 52 106 108 98 15 91 16 28 71 49 67 56 58 12 47 84 102 104 60 105 13 3 95 30 41 88 6 1 38 43 53 50 72 73 76 34 4 89 40 57 62 87 63 86 21 18 61 96 97 65 
0 19 31 77 90 23 96 61 18 21 86 63 87 62 48 40 89 4 34 76 73 72 50 53 43 38 1 6 88 41 30 95 3 13 105 60 104 102 26 47 12 58 56 67 49 71 28 16 91 15 98 108 79 55 107 24 29 27 54 92 46 17 8 9 75 85 7 35 20 11 59 22 42 25 37 45 44 70 93 32 5 81 83 109 94 68 51 2 69 82 36 78 84 103 100 39 101 74 10 99 64 33 14 57 80 66 52 106 97 65 
0 19 31 77 90 23 79 55 107 24 29 27 54 92 46 17 108 98 15 91 16 28 71 49 67 56 58 12 47 26 102 104 60 105 13 3 95 30 41 88 6 1 38 43 53 50 72 73 76 34 4 89 40 48 62 87 63 86 21 18 61 96 8 9 75 85 7 35 20 11 59 22 42 25 37 45 44 70 93 32 5 81 83 109 94 68 51 2 69 82 36 78 84 103 100 39 101 74 10 99 64 33 14 57 80 66 52 106 97 65 
0 19 31 77 44 23 79 55 107 24 29 27 54 92 46 17 8 9 75 85 7 35 20 11 59 22 42 25 37 45 90 70 93 32 5 81 83 109 94 68 51 2 69 82 36 78 84 103 100 39 101 74 10 99 64 33 14 57 80 66 52 106 108 98 15 91 16 28 71 49 67 56 58 12 47 26 102 104 60 105 13 3 95 30 41 88 6 1 38 43 53 50 72 73 76 34 4 89 40 48 62 87 63 86 21 18 61 96 97 65 
0 19 31 77 90 23 79 55 107 24 29 27 54 92 46 17 8 9 75 85 7 35 20 11 59 22 42 25 37 45 44 70 93 32 5 81 83 109 94 68 51 2 69 82 36 78 84 103 100 39 101 74 99 64 33 14 57 80 66 52 106 108 98 15 91 16 28 71 49 67 56 58 12 47 26 102 104 60 105 13 3 95 30 41 88 6 1 38 43 10 50 72 73 76 34 4 89 40 48 62 87 63 86 21 18 61 96 97 65 53 
0 19 31 77 90 23 79 55 107 24 29 27 54 92 46 17 8 9 75 85 7 35 20 11 59 22 42 25 37 45 44 70 93 32 5 81 83 109 94 68 51 2 69 82 36 78 84 103 100 39 101 74 10 99 64 33 14 57 80 66 52 106 108 98 15 91 16 28 71 49 67 56 58 12 47 26 102 104 60 95 105 13 3 30 41 88 6 1 38 43 53 50 86 73 76 34 4 89 40 48 62 87 63 72 21 18 61 96 97 65 
0 19 31 77 90 23 79 55 107 24 29 27 54 92 46 17 8 9 75 85 7 35 20 11 59 22 42 51 68 94 109 83 81 5 32 93 70 44 45 37 25 2 69 82 36 78 84 103 100 39 101 74 10 99 64 33 14 57 80 66 52 1 38 43 53 50 72 73 76 34 4 89 40 48 62 87 63 86 21 105 13 3 95 30 41 88 6 106 108 98 15 91 16 28 71 49 67 56 58 12 47 26 102 104 60 18 61 96 97 65 
0 19 31 77 90 23 79 55 107 24 29 27 54 92 46 17 8 9 75 85 7 35 20 11 59 22 42 25 38 45 44 70 93 32 5 81 83 109 94 68 51 2 69 82 36 78 84 103 100 39 101 74 10 99 64 33 14 57 80 66 52 106 108 98 15 91 16 28 71 49 67 56 58 12 47 26 102 104 60 105 13 3 95 30 41 88 6 1 37 43 53 50 72 73 76 34 4 89 40 48 62 87 63 86 21 18 61 96 97 65 
0 19 31 77 90 23 79 55 107 24 29 27 54 92 46 17 8 9 75 85 7 35 20 11 59 22 42 25 37 45 44 70 93 32 5 81 83 109 94 68 51 2 69 82 36 78 84 95 30 41 88 6 1 38 43 53 50 72 73 76 34 4 89 40 48 62 87 63 86 21 18 61 58 12 47 26 102 104 60 105 13 3 103 100 39 101 74 10 99 64 33 14 57 80 66 52 106 108 98 15 91 16 28 71 49 67 56 96 97 65 
0 19 31 77 90 23 79 55 107 24 29 27 54 92 46 17 8 9 75 85 7 35 20 11 59 22 42 25 37 45 44 70 93 32 5 81 83 109 94 68 51 2 69 82 36 78 84 95 30 41 88 6 1 38 43 53 50 72 73 76 34 4 89 40 48 62 87 63 86 21 18 61 58 12 47 26 102 104 60 105 13 3 103 100 39 101 74 10 99 64 33 14 57 80 66 52 106 108 98 15 91 16 28 71 49 67 56 96 97 65 
0 19 31 77 90 23 79 55 107 24 29 27 54 94 46 17 8 9 75 85 7 35 20 11 59 22 42 25 37 45 44 70 93 32 5 81 83 109 92 68 51 2 69 82 36 78 84 103 100 39 101 74 10 99 64 33 14 57 80 66 52 106 108 98 15 91 16 28 71 49 67 56 58 12 47 26 102 104 60 105 13 3 95 30 41 88 6 1 38 43 53 50 72 73 76 34 4 89 40 48 62 87 63 86 21 18 61 96 97 65 
0 19 31 77 90 23 79 55 107 24 29 27 54 92 46 17 8 9 75 85 7 35 20 11 59 22 42 25 37 45 44 70 93 32 5 81 60 109 94 68 51 2 69 82 36 78 84 103 100 39 101 74 10 99 64 33 14 57 80 66 52 106 108 98 15 91 16 28 71 49 67 56 58 12 47 26 102 104 83 105 13 3 95 30 41 88 6 1 38 43 53 50 72 73 76 34 4 89 40 48 62 87 63 86 21 18 61 96 97 65 
0 19 31 77 90 23 79 55 107 24 29 27 54 92 46 17 8 9 75 85 7 35 20 11 59 22 42 25 37 45 44 70 93 32 5 81 83 109 94 68 51 2 69 82 36 78 84 103 100 39 101 74 10 99 64 33 14 57 80 66 52 106 65 97 96 61 18 21 86 63 87 62 48 40 89 4 34 76 73 72 50 53 43 38 1 6 88 41 30 95 3 13 108 98 15 91 16 28 71 49 67 56 58 12 47 26 102 104 60 105 
0 19 31 77 90 23 79 55 107 24 29 27 54 92 46 17 8 9 75 85 7 35 20 11 59 22 42 25 37 45 44 70 93 32 81 83 109 94 68 51 39 100 103 84 78 36 82 69 2 101 74 10 5 99 64 33 14 57 80 66 52 106 108 98 15 91 16 28 71 49 67 87 62 48 40 89 4 34 76 73 72 50 53 43 38 1 6 88 41 30 95 3 13 105 60 104 102 26 47 12 58 56 63 86 21 18 61 96 97 65 
0 19 31 77 90 23 79 55 107 24 29 27 54 92 46 17 8 9 75 85 7 35 20 11 59 22 42 25 37 45 44 70 93 32 5 81 83 109 94 51 2 69 82 36 78 84 103 100 39 101 74 10 99 64 33 14 57 80 66 52 106 108 98 15 91 16 28 71 49 67 4 58 12 47 26 102 104 60 105 13 3 95 30 41 88 6 1 38 43 53 50 72 73 76 34 56 89 40 48 62 87 63 68 86 21 18 61 96 97 65 
0 19 31 77 90 23 79 55 107 24 29 27 54 92 46 17 8 9 75 85 7 35 20 11 59 22 42 25 37 45 44 70 93 32 5 81 83 109 94 68 51 2 69 82 36 15 104 102 26 47 12 58 56 67 49 71 28 16 91 98 108 106 52 66 80 57 10 14 33 64 99 95 74 101 39 100 103 84 78 60 105 13 3 30 41 88 6 1 38 43 53 50 72 73 76 34 4 89 40 48 62 87 63 86 21 18 61 96 97 65 
0 19 31 77 90 23 79 55 107 109 29 27 54 92 46 17 8 9 75 85 7 35 20 11 59 22 42 25 37 45 44 70 93 32 5 81 83 24 94 68 51 2 69 82 36 78 84 103 100 39 101 74 10 99 64 33 14 57 80 66 52 106 108 98 15 91 16 28 71 49 67 56 58 12 47 26 102 104 60 105 13 3 95 30 41 88 6 1 38 43 53 50 72 73 76 34 4 89 40 48 62 87 63 86 21 18 61 96 97 65 
0 19 31 77 90 23 79 26 47 12 58 56 67 49 71 28 16 91 15 98 108 106 52 66 80 57 14 33 64 99 10 74 101 39 100 103 84 78 36 82 69 2 51 68 94 109 83 81 5 32 93 70 44 45 37 25 42 22 59 11 20 35 7 85 75 9 8 17 46 92 54 27 29 24 107 55 102 104 60 105 13 3 95 30 41 88 6 1 38 43 53 50 72 73 76 34 4 89 40 48 62 87 63 86 21 18 61 96 97 65 
0 19 31 77 90 23 79 55 107 24 29 27 54 92 46 17 8 9 50 72 73 76 34 4 89 40 48 62 87 45 44 70 93 32 5 81 83 109 94 68 51 2 69 82 36 78 84 103 100 39 101 74 10 99 64 33 14 57 80 66 52 106 108 98 15 91 16 28 71 49 67 56 58 12 47 26 102 104 60 105 13 3 95 30 41 88 6 1 38 43 53 75 85 7 35 20 11 59 22 42 25 37 63 86 21 18 61 96 97 65 
0 19 77 90 23 79 55 107 24 29 27 54 92 46 17 31 8 9 75 85 7 35 20 11 59 22 42 25 37 45 44 70 93 32 5 81 83 109 94 68 51 2 69 82 36 78 1 103 100 39 101 10 99 64 33 74 14 57 80 66 52 106 108 98 15 91 16 28 84 71 49 67 56 58 12 47 26 102 104 60 105 13 3 95 30 41 88 6 38 43 53 50 72 73 76 34 4 89 40 48 62 87 63 86 21 18 61 96 97 65 
0 19 31 77 90 2 69 82 36 78 84 103 100 39 101 74 10 99 64 33 14 57 80 66 52 106 108 98 15 91 44 70 93 32 5 81 83 109 94 68 51 23 79 55 107 24 29 27 54 92 46 17 8 9 75 85 7 35 20 11 59 22 42 25 37 45 16 28 71 49 67 56 58 12 47 26 102 104 60 105 13 3 95 30 41 88 6 1 38 43 53 50 72 73 76 34 4 89 40 48 62 87 63 86 21 18 61 96 97 65 
0 19 31 77 90 23 79 55 24 29 27 54 92 46 17 8 9 75 85 7 35 20 11 59 22 42 25 37 45 44 70 93 32 5 81 83 109 94 68 51 2 69 82 36 78 84 103 100 39 101 74 10 99 14 33 64 57 80 66 52 106 108 98 15 91 16 28 71 49 67 56 58 12 47 26 102 104 60 105 13 3 95 30 41 107 88 6 1 38 43 53 50 72 73 76 34 4 89 40 48 62 87 63 86 21 18 61 96 97 65 
0 19 31 77 90 79 55 107 24 29 27 54 92 46 17 8 9 75 85 7 35 20 11 59 22 42 25 37 45 44 70 93 32 5 81 83 109 94 68 51 2 69 82 36 78 84 103 100 39 101 74 10 99 64 33 14 57 80 66 52 106 108 98 15 91 16 28 71 49 67 56 58 47 12 26 102 104 60 105 13 3 23 95 30 41 88 6 1 38 43 53 50 72 73 76 34 4 89 40 48 62 87 63 86 21 18 61 96 97 65 
0 19 31 77 90 23 79 55 107 24 29 27 54 92 46 17 8 9 75 85 7 35 20 11 59 22 42 25 37 45 44 70 93 32 5 81 83 109 94 68 51 2 69 82 36 78 84 103 100 39 101 74 10 99 64 33 14 57 80 66 52 106 108 98 15 91 16 28 71 49 67 61 58 12 47 26 102 104 60 105 13 3 95 30 41 1 6 88 38 43 53 50 72 73 76 34 4 89 40 48 62 87 63 86 21 18 56 96 97 65 
0 19 31 77 90 23 79 55 107 24 29 27 54 25 46 17 8 9 75 85 7 35 20 11 59 22 42 92 37 45 44 70 93 32 5 81 83 109 94 68 51 2 69 82 36 78 84 103 100 39 101 74 99 64 33 14 57 80 66 52 106 108 98 15 91 16 28 71 49 67 56 58 12 47 26 102 104 60 105 13 3 95 30 41 88 6 1 38 43 53 50 72 73 76 34 4 89 40 48 62 10 87 63 86 21 18 61 96 97 65 
0 19 31 77 90 23 79 55 107 24 29 27 54 92 46 17 8 9 75 85 7 35 20 11 59 22 42 25 37 45 44 70 93 88 5 81 83 109 94 68 51 2 69 82 36 78 84 103 100 39 101 74 10 99 64 33 14 57 80 66 52 106 108 98 15 91 16 28 49 67 56 58 12 47 26 102 104 60 105 13 3 95 30 41 32 6 1 38 43 71 53 50 72 73 76 34 4 89 40 48 62 87 63 86 21 18 61 96 97 65 
0 19 31 77 90 23 79 55 107 24 29 27 54 92 46 17 8 9 75 85 7 35 20 11 59 22 42 25 37 102 104 60 105 13 3 95 30 41 88 6 1 38 43 53 50 72 73 76 34 4 89 40 48 62 87 63 86 21 80 66 52 106 108 98 15 91 16 28 71 49 67 56 58 12 47 26 45 44 70 93 32 5 81 83 109 94 68 51 2 69 82 36 78 84 103 100 39 101 74 10 99 64 33 14 57 18 61 96 97 65 
0 19 31 77 90 23 79 55 107 24 29 27 54 92 46 17 8 9 75 85 7 35 20 11 59 22 42 25 106 52 66 80 57 14 61 18 21 86 63 87 62 48 103 84 78 36 82 69 2 51 68 94 109 83 81 5 32 93 70 44 45 37 108 98 15 91 16 28 71 49 67 56 58 12 47 26 102 104 60 105 13 3 95 30 41 88 6 1 38 43 53 50 72 73 76 34 4 89 40 100 39 101 74 10 99 64 33 96 97 65 
0 19 31 77 90 23 79 55 107 24 29 27 54 92 46 17 11 99 35 7 85 75 9 8 59 22 42 25 37 45 44 70 93 32 5 81 83 109 94 68 51 2 69 82 36 78 84 103 100 39 101 74 10 20 64 33 14 57 80 66 52 106 108 98 15 91 16 28 71 49 67 56 58 12 47 26 102 104 60 105 13 3 95 30 41 88 6 1 38 43 53 50 72 73 76 34 4 89 40 48 62 87 63 86 21 18 61 96 97 65 
0 19 31 77 90 23 79 55 107 24 29 27 54 92 46 17 8 9 75 85 7 35 20 11 59 22 42 25 37 45 52 70 93 32 5 2 51 68 94 109 83 81 69 82 36 105 78 84 103 100 39 101 74 10 99 64 33 14 57 80 66 44 106 108 98 15 91 16 28 71 49 67 56 58 12 47 26 102 104 60 13 3 95 30 41 88 6 1 38 43 53 50 72 73 76 34 4 89 40 48 62 87 63 86 21 18 61 96 97 65 
0 19 31 77 90 23 79 55 107 24 29 27 54 92 46 17 8 9 75 85 7 72 50 53 43 38 1 6 88 41 30 95 3 13 105 60 104 102 26 47 12 58 56 67 49 71 28 16 91 15 98 108 106 52 66 80 57 14 33 64 70 10 74 101 39 100 103 84 78 36 82 69 2 51 68 94 109 83 81 5 32 93 99 44 45 37 25 42 22 59 11 20 35 73 76 34 4 89 40 48 62 87 63 86 21 18 61 96 97 65 
0 19 31 77 90 23 79 55 107 24 29 27 54 92 14 57 80 66 52 106 108 98 15 91 16 28 71 49 67 56 58 12 47 26 102 104 60 105 13 3 95 30 41 88 6 1 38 43 53 50 72 73 76 34 33 46 17 8 9 75 85 7 35 20 11 59 22 42 25 37 45 44 70 93 32 5 81 83 109 94 68 51 2 69 36 78 84 103 100 39 101 74 10 99 64 4 89 40 48 62 87 63 86 21 18 61 82 96 97 65 
0 19 31 77 90 23 79 55 107 24 29 27 54 92 46 17 8 9 75 85 7 35 20 11 59 22 42 25 37 45 44 70 93 32 5 81 83 109 94 68 51 2 69 82 36 78 84 103 100 39 101 30 41 88 6 1 38 43 53 50 72 73 76 34 4 89 40 48 62 87 63 86 21 47 66 26 102 104 60 105 13 3 95 74 10 99 64 33 14 57 80 52 106 108 98 15 91 16 28 71 49 67 56 58 12 18 61 96 97 65 
0 19 31 77 90 23 103 100 39 101 74 10 99 64 33 14 57 80 66 52 106 108 98 15 91 16 28 71 49 67 56 58 12 47 26 102 104 60 105 13 51 2 69 82 36 78 84 79 55 107 24 29 27 54 92 46 17 8 9 75 85 7 35 20 11 59 22 42 25 37 45 44 70 93 32 5 81 83 109 94 68 3 95 30 41 88 6 1 38 43 53 50 72 73 76 34 4 89 40 48 62 87 63 86 21 18 61 96 97 65 
0 19 31 77 90 23 79 55 107 24 29 27 32 92 46 17 8 9 75 85 7 35 20 11 59 22 42 25 37 45 44 70 93 54 5 83 109 94 68 51 2 69 82 36 78 84 103 100 39 101 74 81 10 99 64 33 14 57 80 66 52 106 108 98 15 91 16 28 71 49 67 56 58 12 47 102 104 60 105 13 3 95 30 26 41 88 6 1 38 43 53 50 72 73 76 34 4 89 40 48 62 87 63 86 21 18 61 96 97 65 
0 15 98 106 52 66 80 57 14 33 64 99 10 74 101 39 100 103 84 78 36 82 69 2 51 68 94 109 83 81 5 32 93 70 44 45 37 25 42 22 59 11 20 35 7 85 75 9 8 17 46 92 54 27 29 24 107 55 79 23 90 77 31 19 91 16 28 71 49 67 56 58 12 47 26 102 104 60 105 13 3 95 30 108 41 88 6 1 38 43 53 50 72 73 76 34 4 89 40 48 62 87 63 86 21 18 61 96 97 65 
0 19 31 77 90 23 79 55 107 24 29 27 54 92 46 17 53 50 72 73 76 34 4 89 40 48 62 87 63 86 21 18 61 96 74 101 39 100 103 84 78 36 82 69 2 51 68 94 109 83 81 5 32 93 70 44 45 37 25 42 22 59 11 20 35 7 85 75 9 8 43 38 1 6 88 41 30 95 3 13 105 60 104 102 26 47 12 58 56 67 49 71 28 16 91 15 98 108 106 52 66 80 57 14 33 64 99 10 97 65 
0 19 31 77 90 23 34 4 89 24 29 27 54 92 46 17 8 9 75 85 7 35 20 11 59 22 42 25 37 45 44 70 93 32 5 81 83 109 94 68 51 2 69 82 36 78 84 103 100 39 101 74 10 99 64 33 14 57 80 66 52 106 108 98 15 91 16 28 71 49 67 56 58 12 47 26 102 104 60 105 13 3 95 30 41 88 6 1 38 43 53 50 72 73 76 79 55 107 40 48 62 87 63 86 21 18 61 96 97 65 
0 19 31 77 90 23 34 4 89 24 29 27 54 92 46 17 8 9 75 85 7 35 20 11 59 22 42 25 37 45 44 70 93 32 5 81 83 109 94 68 51 2 69 82 36 78 84 103 100 39 101 74 10 99 64 33 14 57 80 66 52 106 108 98 15 91 16 28 71 49 67 56 58 12 47 26 102 104 60 105 13 3 95 30 41 88 6 1 38 43 53 50 72 73 76 79 55 107 40 48 62 87 63 86 21 18 61 96 97 65 
0 19 31 77 90 23 34 4 89 24 29 27 54 92 46 17 8 9 75 85 7 35 20 11 59 22 42 25 37 45 44 70 93 32 5 81 83 109 94 68 51 2 69 82 36 78 84 103 100 39 101 74 10 99 64 33 14 57 80 66 52 106 108 98 15 91 16 28 71 49 67 56 58 12 47 26 102 104 60 105 13 3 95 30 41 88 6 1 38 43 53 50 72 73 76 79 55 107 40 48 62 87 63 86 21 18 61 96 97 65 
0 19 31 77 90 23 79 55 107 24 29 27 54 92 46 17 8 9 75 85 7 35 20 11 59 22 42 25 37 45 44 70 93 32 5 81 10 66 101 39 100 103 84 78 36 97 82 69 2 51 68 94 109 83 99 64 33 14 57 80 74 52 106 108 98 15 91 16 28 71 49 67 56 58 12 47 26 102 104 60 105 13 3 95 30 41 88 6 1 38 43 53 50 72 73 76 34 4 89 40 48 62 87 63 86 21 18 61 96 65 
0 19 31 77 90 23 36 55 107 24 29 27 54 92 46 17 8 9 75 85 7 35 20 11 59 22 42 25 37 45 44 70 93 32 5 81 83 109 94 68 51 2 69 82 79 78 84 103 100 39 101 74 10 99 64 33 14 57 80 66 52 106 108 98 15 91 16 28 71 49 67 56 58 12 47 26 102 104 60 105 13 3 95 30 41 88 6 1 38 43 53 50 72 73 76 34 4 89 40 48 62 87 63 86 21 18 61 96 97 65 
0 19 31 77 90 23 79 55 107 24 106 108 98 15 91 16 28 71 49 67 56 58 12 47 26 102 104 60 105 13 3 95 30 41 88 6 1 38 43 53 50 72 73 76 36 78 84 103 100 39 101 74 29 27 54 92 46 17 8 9 75 85 7 35 20 11 59 22 42 25 64 37 45 44 70 93 32 5 81 83 109 94 68 51 2 69 82 10 99 33 14 57 80 66 52 34 4 89 40 48 62 87 63 86 21 18 61 96 97 65 
0 19 31 77 90 23 79 22 107 24 29 27 54 92 46 17 8 97 75 85 7 35 20 11 59 55 42 25 37 45 44 70 93 32 5 81 83 109 94 68 51 2 69 82 36 78 84 103 100 39 101 74 10 99 64 33 14 57 80 66 52 106 108 98 15 91 16 28 71 49 67 56 58 12 47 26 102 104 60 105 13 3 95 30 41 88 6 1 38 43 53 50 72 73 76 34 4 89 40 48 62 87 63 86 21 18 61 96 9 65 
0 19 31 77 90 23 79 55 107 24 29 27 54 92 46 17 8 9 75 85 7 35 20 11 59 22 42 25 37 45 44 70 93 32 5 81 83 109 94 68 51 102 104 60 105 13 3 95 30 41 88 6 1 38 43 53 50 72 73 76 34 4 89 40 48 62 87 63 86 21 18 61 96 97 65 26 2 69 82 36 78 84 103 100 39 101 74 10 99 64 33 14 57 80 66 52 106 108 98 15 91 16 28 71 49 67 56 58 12 47 
0 70 93 32 5 81 83 109 94 68 51 2 69 82 36 78 84 103 100 39 101 74 10 99 64 33 42 25 37 45 44 19 31 77 90 23 79 55 107 24 29 27 54 92 46 17 8 9 75 85 7 35 20 11 59 22 14 57 80 66 52 106 108 98 15 91 16 28 71 49 67 56 58 12 47 26 102 104 105 13 3 95 30 41 88 6 1 38 43 53 50 72 73 76 34 4 89 40 48 62 87 63 86 21 18 61 96 60 97 65 
0 19 31 77 90 23 79 55 107 24 29 27 54 92 46 17 8 9 75 85 7 35 1 11 59 22 42 25 37 45 44 70 93 32 5 81 83 109 94 68 51 2 69 82 36 78 84 103 100 39 101 74 10 99 64 33 14 57 80 66 52 106 108 98 15 91 16 28 71 49 67 56 58 12 47 26 102 104 60 105 13 3 95 30 41 88 6 20 43 53 38 50 72 73 76 34 4 89 40 48 62 87 63 86 21 18 61 96 97 65 
0 19 31 77 90 23 79 55 107 24 29 27 54 92 46 17 8 9 75 85 7 35 20 11 59 22 42 25 37 45 44 70 104 32 5 81 83 109 94 68 51 2 69 82 36 78 84 103 100 39 101 74 10 99 64 33 14 57 80 66 52 106 108 98 15 91 28 71 49 67 56 58 12 47 26 102 93 60 105 13 16 3 95 30 41 88 6 1 38 43 53 50 72 73 76 34 4 89 40 48 62 87 63 86 21 18 61 96 97 65 
0 19 31 77 90 23 80 66 52 106 108 98 15 91 16 28 71 49 67 56 58 12 47 26 102 104 60 105 13 3 95 30 41 88 6 1 38 43 53 50 72 73 76 34 4 89 40 48 62 87 63 86 21 18 61 96 97 57 79 55 107 24 29 27 54 92 46 17 8 9 75 85 7 35 20 11 59 22 42 25 37 45 44 70 93 32 5 81 83 109 94 68 51 2 69 82 36 78 84 103 100 39 101 74 10 99 64 33 14 65 
0 19 31 77 90 23 79 55 86 24 29 27 54 92 46 17 8 9 75 85 7 35 20 11 59 22 42 25 37 45 44 70 93 32 5 81 83 109 94 68 51 2 69 82 36 78 84 103 100 39 101 74 10 99 64 33 14 57 80 66 52 106 108 98 15 91 16 28 71 49 67 56 58 12 47 26 102 104 60 105 13 3 95 30 41 88 6 1 38 43 53 50 72 73 76 34 4 89 40 48 62 87 63 107 21 18 61 96 97 65 
0 19 31 77 90 23 79 55 107 24 29 27 54 92 46 17 8 98 91 16 28 71 49 67 56 58 12 47 26 102 104 60 105 13 3 95 30 41 88 6 1 38 43 53 50 72 73 76 34 4 89 40 48 62 87 63 86 21 18 61 96 97 108 15 9 75 85 7 35 20 11 59 22 42 25 37 45 44 70 93 32 5 81 83 109 94 68 51 2 69 82 36 78 84 103 100 39 101 74 10 99 64 33 14 57 80 66 52 106 65 
0 19 31 94 90 23 79 55 107 24 29 27 54 92 46 17 8 9 75 85 7 35 20 11 59 22 42 25 37 45 44 70 93 32 5 81 83 109 77 68 51 2 69 82 36 78 84 103 100 39 101 74 10 99 64 33 14 57 80 66 52 106 108 98 15 91 16 28 71 49 67 56 58 12 47 26 102 104 60 105 13 3 95 30 41 88 6 1 38 53 50 72 73 76 34 4 89 40 48 62 43 87 63 86 21 18 61 96 97 65 
0 19 31 77 90 23 79 55 107 24 29 27 54 92 46 17 8 9 49 85 7 35 20 11 59 22 42 25 37 45 44 70 93 32 5 81 83 109 94 68 51 2 69 82 36 78 84 103 100 39 101 74 10 99 64 33 14 57 80 66 52 106 108 98 15 91 16 28 71 75 67 56 58 12 47 26 102 104 60 105 13 3 95 30 41 88 6 1 38 43 53 50 72 73 76 34 4 89 40 48 62 87 63 86 21 18 61 96 97 65 
0 19 73 72 50 53 43 38 1 6 88 41 30 95 3 13 105 60 104 102 26 47 12 58 56 67 49 71 28 16 91 15 98 108 106 52 66 80 57 14 33 64 99 10 74 101 39 100 103 84 78 36 82 69 2 51 68 94 109 83 81 5 32 93 44 45 37 25 42 31 77 90 23 79 55 107 24 29 27 54 92 46 17 8 9 75 85 7 20 11 59 22 76 34 4 89 48 62 87 63 86 35 70 40 21 18 61 96 97 65 
0 19 31 77 90 23 79 55 107 24 29 27 54 92 46 17 8 9 75 85 7 35 20 11 59 22 42 25 37 45 44 70 93 32 5 81 83 109 94 68 51 60 105 13 3 95 30 41 88 6 1 38 43 53 50 72 73 76 34 4 89 40 108 62 87 63 86 21 18 49 67 56 58 12 47 26 102 104 2 69 82 36 78 84 103 100 39 101 74 10 99 64 33 14 57 80 66 52 106 48 98 15 91 16 28 71 61 96 97 65 
0 19 31 77 90 23 79 55 107 24 29 27 54 92 46 17 8 9 75 85 7 35 20 11 59 22 42 25 37 45 44 70 93 12 47 26 102 104 60 105 13 3 95 30 41 88 6 1 38 43 53 50 72 73 76 34 4 89 40 48 62 87 63 86 21 18 61 96 97 49 67 56 58 36 66 69 2 51 68 94 109 83 81 5 32 78 84 103 100 39 101 74 10 99 64 33 14 57 80 82 52 106 108 98 15 91 16 28 71 65 
0 19 31 77 90 23 67 49 71 28 16 91 15 98 108 106 101 39 100 103 84 78 36 82 69 2 51 68 94 109 83 81 5 32 93 70 44 45 37 64 25 42 22 59 11 20 35 7 85 75 9 8 17 46 92 54 27 29 24 107 55 79 56 58 12 47 26 102 104 60 105 13 3 95 30 41 88 6 1 38 43 53 50 72 73 76 74 10 99 33 14 57 80 66 52 34 4 89 40 48 62 87 63 86 21 18 61 96 97 65 
0 19 31 77 90 23 79 55 107 24 29 27 54 92 52 17 8 9 75 85 7 35 20 11 59 22 42 25 37 45 44 70 93 32 5 81 83 109 94 68 51 2 69 82 36 78 84 103 100 39 101 74 10 99 64 33 14 57 80 66 46 106 108 98 15 91 16 28 71 49 67 56 58 12 47 26 102 104 60 105 13 3 95 30 41 88 6 1 38 43 53 50 72 73 76 34 4 89 40 48 62 87 63 86 21 18 61 96 97 65 
0 19 31 77 90 23 79 55 107 24 29 27 28 92 46 17 8 9 75 85 7 35 20 11 59 37 25 42 22 45 44 70 93 32 5 81 83 109 94 68 51 2 69 82 36 78 84 103 100 39 101 74 10 99 64 33 14 57 80 66 52 106 108 98 15 91 16 54 71 49 67 56 58 12 47 26 102 104 60 105 13 3 95 30 41 88 6 1 38 43 53 50 72 73 76 34 4 89 40 48 62 87 63 86 21 18 61 96 97 65 
0 19 31 77 90 23 79 55 107 24 29 61 18 21 86 63 87 62 48 40 89 4 34 76 73 72 53 43 38 1 6 88 41 30 95 3 13 105 60 102 26 47 12 58 56 67 49 71 28 16 91 15 98 108 106 52 66 80 57 14 33 64 99 10 74 68 101 39 100 103 84 78 36 82 69 2 51 50 94 109 83 81 5 32 93 70 44 45 37 25 42 22 59 11 20 35 7 85 75 9 8 17 46 92 54 27 104 96 97 65 
0 19 31 77 90 23 79 55 107 24 29 27 54 92 46 17 8 9 75 85 7 35 20 11 59 22 42 25 37 45 44 70 93 32 5 81 83 109 94 68 28 16 91 98 108 106 52 66 80 57 95 15 14 33 64 99 10 39 100 103 84 78 36 82 69 2 51 71 49 67 56 58 12 47 26 102 104 60 74 105 13 3 30 41 88 101 6 1 38 43 53 50 72 73 76 34 4 89 40 48 62 87 63 86 21 18 61 96 97 65 
0 19 31 77 80 66 52 106 108 98 15 91 16 28 5 71 49 67 56 58 12 47 26 102 104 60 105 13 3 95 30 41 88 6 1 38 43 53 50 72 73 76 34 4 89 40 48 62 87 63 86 21 18 61 96 14 57 90 23 79 55 107 24 29 27 54 92 46 17 8 9 75 85 7 35 20 11 59 22 42 25 37 45 44 70 93 32 81 83 109 94 68 51 2 69 82 36 78 84 103 100 39 101 74 10 99 64 33 97 65 
0 19 31 77 90 23 79 55 107 24 29 27 54 71 46 17 8 9 75 85 7 35 20 11 59 22 42 25 37 45 44 70 93 32 5 81 83 109 94 68 51 2 69 82 36 78 84 103 100 39 101 74 10 99 64 33 14 57 80 52 66 106 108 98 15 91 16 28 92 49 67 56 58 12 47 26 102 104 60 105 13 3 95 30 41 88 6 1 38 43 53 50 72 73 76 34 4 89 40 48 62 87 63 86 21 18 61 96 97 65 
0 19 31 77 90 23 79 55 107 24 29 27 54 92 43 17 8 9 75 85 7 35 20 11 59 22 42 25 37 45 44 70 93 32 5 81 83 109 94 68 51 2 69 82 36 78 84 103 100 39 101 74 10 99 64 33 14 57 80 66 52 106 108 98 15 91 16 28 71 49 67 56 58 12 47 26 102 104 60 105 13 3 95 30 41 88 6 1 38 46 53 50 72 73 76 34 4 89 40 48 62 87 63 86 21 18 61 96 97 65 
0 19 31 77 90 23 79 55 107 24 67 56 58 12 47 26 102 104 60 105 13 3 20 11 59 22 42 25 37 45 44 70 93 32 5 81 83 109 94 68 51 2 69 82 36 78 84 103 100 39 101 74 10 99 64 33 14 57 80 66 52 106 108 98 15 91 16 28 71 49 29 27 54 92 46 17 8 9 75 85 7 35 95 30 41 88 6 1 38 43 53 50 72 73 76 34 4 89 40 48 62 87 63 86 21 18 61 96 97 65 
0 19 31 77 90 23 79 55 107 24 29 27 54 92 46 17 8 9 75 85 7 35 20 11 59 22 91 67 56 58 12 47 26 102 104 60 105 13 3 95 30 41 88 6 1 38 43 53 50 72 73 76 34 4 89 40 48 62 87 63 86 21 18 98 15 42 16 28 71 49 25 37 45 44 70 93 32 5 81 83 109 94 68 51 2 69 82 36 78 84 103 100 39 101 74 10 99 64 33 14 57 80 66 52 106 108 61 96 97 65 
0 19 31 77 90 23 79 55 107 24 29 27 54 92 46 17 8 9 75 85 7 35 20 11 59 22 42 25 37 45 44 70 93 32 5 81 83 28 108 98 15 91 16 71 49 97 65 101 74 10 99 64 33 14 57 80 66 52 106 109 94 68 51 2 69 82 36 78 84 103 100 39 89 40 48 62 87 63 86 21 18 61 96 67 56 58 12 47 26 102 104 60 105 13 3 95 30 41 88 6 1 38 43 53 50 72 73 4 34 76 
0 19 31 77 90 23 79 55 107 24 29 27 54 92 106 52 66 80 57 14 109 64 99 10 74 101 39 100 103 25 78 36 82 69 2 51 68 94 33 83 81 5 32 93 70 37 45 44 84 42 22 59 46 17 8 9 75 85 7 35 20 11 108 98 15 91 16 28 71 49 67 56 58 12 47 26 102 104 60 105 13 3 95 30 41 88 6 1 38 43 53 50 72 73 76 34 4 89 40 48 62 87 63 86 21 18 61 96 97 65 
0 19 31 90 23 79 55 107 24 29 27 54 92 46 17 8 9 75 85 7 35 20 11 68 22 73 72 50 53 43 38 1 6 88 41 30 95 3 13 105 60 104 102 26 47 12 58 56 67 49 71 28 16 77 91 15 98 108 106 52 66 80 57 14 33 64 99 10 74 101 39 100 103 84 78 36 82 42 25 37 45 44 70 93 32 5 81 83 109 94 59 51 2 69 76 34 4 89 40 48 62 87 63 86 21 18 61 96 97 65 
0 19 31 77 73 23 79 55 107 24 29 27 54 92 46 17 8 9 75 85 7 35 20 11 59 22 42 25 37 45 44 70 93 32 5 81 83 109 94 51 2 69 82 36 78 84 103 100 39 101 74 10 99 64 33 14 57 80 66 52 106 108 98 68 15 91 16 28 71 49 67 56 58 12 47 26 102 104 60 105 13 3 95 30 41 88 6 1 38 43 53 50 72 90 76 34 4 89 40 48 62 87 63 86 21 18 61 96 97 65 
0 19 31 77 90 23 79 55 107 24 29 27 54 92 46 17 8 9 75 85 7 35 20 59 22 42 25 37 45 15 70 93 32 5 81 83 104 102 26 47 12 58 56 67 49 11 44 109 94 68 51 2 69 82 36 78 84 103 100 39 101 74 10 99 64 33 14 57 80 66 52 106 108 98 91 28 71 60 105 13 3 95 30 41 88 6 1 38 43 53 50 72 73 76 34 4 89 40 48 62 87 63 86 16 21 18 61 96 97 65 
0 19 31 77 90 23 79 55 107 24 29 27 54 92 46 17 8 9 75 85 7 35 20 11 59 22 42 52 106 108 98 15 91 16 28 71 49 67 56 58 12 47 26 102 104 60 105 13 3 95 30 41 88 6 1 65 43 53 50 72 25 37 45 44 70 93 32 5 81 83 109 94 68 51 2 69 82 36 78 84 103 100 39 101 74 10 99 64 33 14 57 80 66 73 76 34 4 89 40 48 62 87 63 86 21 18 61 96 97 38 
0 106 52 66 80 57 14 33 64 99 10 74 101 39 100 103 84 78 36 82 69 2 51 68 94 109 83 81 5 32 93 70 44 45 37 25 42 22 59 11 20 35 7 85 75 9 8 17 46 92 54 27 29 24 107 55 79 23 90 77 31 19 108 98 88 91 16 28 71 49 67 56 58 12 47 26 102 104 60 105 13 3 95 30 41 15 6 1 38 43 53 50 72 73 76 34 89 40 48 62 87 63 86 4 21 18 61 96 97 65 
0 19 31 77 23 79 55 107 90 24 29 27 54 92 46 17 8 9 75 85 7 35 20 11 59 22 42 25 37 45 44 70 93 32 5 81 83 109 94 68 51 2 69 63 36 78 84 103 100 39 101 74 10 99 64 33 14 57 80 66 52 106 65 97 96 61 18 21 86 82 87 62 48 40 89 4 34 76 73 72 50 53 43 38 1 6 88 41 30 95 3 13 105 60 104 102 26 47 12 58 56 67 49 71 28 16 91 15 98 108 
0 19 31 77 90 23 79 55 107 24 29 27 54 92 46 17 8 9 75 85 7 35 20 11 59 22 42 25 37 45 44 70 93 32 81 83 109 94 68 63 39 100 103 84 78 36 82 69 2 101 74 10 99 64 33 14 57 80 5 66 52 106 108 98 15 91 16 28 71 49 67 56 58 12 47 26 102 104 60 105 13 3 95 30 41 88 6 1 38 43 53 50 72 73 76 34 4 89 40 62 87 51 86 21 18 61 96 97 48 65 
0 19 31 77 90 23 79 55 107 24 29 27 54 92 102 17 8 9 75 85 7 35 20 11 59 22 42 25 37 45 44 70 93 32 5 81 83 109 94 68 51 2 69 82 36 78 84 103 100 39 101 74 10 99 64 33 14 57 80 66 52 106 108 98 15 91 16 28 71 49 67 56 58 12 47 26 46 104 60 105 13 3 95 30 41 88 6 1 38 43 53 50 72 73 76 34 4 89 40 48 62 87 63 86 21 18 61 96 97 65 
0 19 31 77 90 23 79 55 107 24 29 27 54 92 46 17 8 9 75 85 7 35 20 11 59 22 42 25 37 45 44 70 93 32 81 83 109 94 68 51 2 69 82 36 78 84 103 100 39 41 88 6 5 1 38 80 57 14 33 64 99 10 74 101 30 95 3 13 105 60 104 102 26 47 12 58 56 67 49 71 28 16 91 15 98 4 34 76 65 97 96 61 18 21 86 63 87 62 48 40 89 73 72 50 53 43 108 106 52 66 
0 31 77 90 23 79 55 107 24 29 27 54 92 46 17 8 9 75 85 7 35 20 34 76 73 72 50 53 43 38 1 6 88 41 30 95 3 13 19 105 60 104 102 26 47 12 58 56 67 49 71 28 16 91 15 98 108 106 52 66 80 57 14 33 64 99 10 74 101 39 100 103 84 78 36 82 69 2 51 68 94 109 83 81 5 32 62 70 44 45 37 25 42 22 59 11 4 89 40 48 93 87 63 86 21 18 61 96 97 65 
0 19 31 77 90 23 85 7 35 20 11 59 54 92 46 17 8 9 75 16 28 71 49 67 56 58 12 47 26 102 104 60 105 13 3 95 30 41 88 6 1 38 43 53 50 72 73 76 34 4 89 40 48 80 62 87 63 86 21 18 61 96 97 65 91 79 55 107 24 29 27 22 42 25 37 45 44 70 93 32 5 81 83 109 94 68 51 2 69 82 36 78 84 103 100 39 101 74 10 99 64 33 14 57 66 52 106 108 98 15 
0 19 31 77 90 23 79 55 107 24 29 27 54 92 46 17 8 9 75 85 7 35 20 11 59 22 42 25 37 45 44 70 93 32 5 81 83 109 94 68 104 60 105 13 3 95 30 41 88 6 1 100 38 43 53 50 72 73 76 34 4 89 40 48 62 87 63 86 21 65 61 96 97 18 26 102 51 2 69 82 36 78 84 103 39 101 74 10 99 64 33 14 57 80 66 52 106 108 98 15 91 16 28 71 49 67 56 58 12 47 
0 31 77 90 23 79 55 107 24 29 27 54 105 46 17 8 9 75 85 7 35 20 11 59 22 42 25 37 45 44 70 93 32 5 81 83 109 94 68 51 2 69 82 36 92 78 84 103 100 39 101 74 10 99 64 33 19 14 57 80 66 52 106 108 98 15 91 16 28 71 49 67 56 58 12 47 26 102 104 60 13 3 95 30 41 88 6 1 38 43 53 50 72 73 76 34 4 89 40 48 62 87 63 86 21 18 61 96 97 65 
0 28 108 98 15 91 16 19 71 49 67 56 58 12 47 26 102 104 60 105 13 3 95 30 41 88 6 1 38 43 53 50 72 73 4 34 76 31 77 23 79 55 107 24 29 27 54 92 46 17 8 9 75 85 7 35 20 11 59 22 42 25 37 45 44 70 93 32 5 81 83 109 94 68 51 2 69 82 36 78 84 103 100 39 101 74 10 99 64 33 14 57 80 66 52 106 89 40 48 62 87 63 86 21 18 61 90 96 97 65 
0 19 31 77 90 23 79 55 107 24 29 108 98 15 91 16 28 71 49 67 56 58 12 47 26 102 104 60 105 13 3 95 46 41 88 6 1 38 43 53 50 72 73 76 34 4 89 40 48 62 87 63 86 21 18 61 96 57 80 66 52 106 27 54 92 30 17 8 9 75 85 7 35 20 11 59 22 42 25 37 45 44 70 93 32 5 81 83 109 94 68 51 2 69 82 36 78 84 103 100 39 101 74 10 99 64 33 14 97 65 
0 108 98 15 91 16 28 71 49 67 56 58 12 79 26 102 104 60 105 13 3 95 30 41 88 6 1 38 43 53 50 72 73 76 34 4 89 40 48 62 87 63 86 21 36 78 84 103 100 39 101 74 10 99 64 33 14 57 80 66 52 106 19 31 77 90 23 47 55 107 24 29 27 54 92 46 17 8 9 75 85 7 35 20 11 59 22 42 25 37 45 44 70 93 32 5 81 83 109 94 68 51 2 69 82 18 61 96 97 65 
0 19 33 14 57 80 66 52 106 108 27 98 91 16 28 71 49 67 56 58 12 47 26 102 104 60 105 13 46 95 30 41 88 6 1 38 43 53 50 72 73 76 34 4 89 40 48 62 87 63 86 21 10 99 64 31 77 90 23 79 55 107 24 29 15 54 92 3 17 8 9 75 85 7 35 20 59 22 42 11 25 37 45 44 70 93 32 5 81 83 109 94 68 51 2 69 82 36 78 84 103 100 39 101 74 18 61 96 97 65 
