0 19 31 77 90 23 79 55 107 24 29 27 54 92 46 17 8 9 75 85 7 35 20 11 59 22 42 25 70 44 37 45 83 109 68 94 81 93 5 32 51 2 69 82 36 78 84 103 100 39 101 74 10 99 64 33 14 57 80 66 52 106 108 98 15 91 16 28 71 49 67 56 58 12 47 26 102 104 60 105 13 3 95 30 41 88 6 1 38 43 53 50 72 73 76 34 4 89 40 48 62 87 63 86 21 18 61 96 97 65 
0 19 31 77 90 23 79 55 107 24 29 27 54 92 46 17 8 9 75 85 7 35 20 11 59 22 42 25 70 44 37 45 83 109 68 94 81 93 5 32 51 2 69 82 36 78 84 103 100 39 101 74 10 99 64 33 14 57 80 66 52 106 108 98 15 91 16 28 71 49 67 56 58 12 47 26 102 104 60 105 13 3 95 30 41 88 6 1 38 43 53 50 72 73 76 34 4 89 40 48 62 87 63 86 21 18 61 96 97 65 
0 19 31 77 90 23 79 55 107 24 29 27 54 92 46 17 8 9 75 85 7 35 20 11 59 22 42 25 70 44 37 45 83 109 68 94 81 93 5 32 51 2 69 82 36 78 84 103 100 39 101 74 10 99 64 33 14 57 80 66 52 106 108 98 15 91 16 28 71 49 67 56 58 12 47 26 102 104 60 105 13 3 95 30 41 88 6 1 38 43 53 50 72 73 76 34 4 89 40 48 62 87 63 86 21 18 61 96 97 65 
0 19 31 77 90 23 79 55 107 24 29 27 54 92 46 17 8 9 75 85 7 35 20 11 59 22 42 25 70 44 37 45 83 109 68 94 81 93 5 32 51 2 69 82 36 78 84 103 100 39 101 74 10 99 64 33 14 57 80 66 52 106 108 98 15 91 16 28 71 49 67 56 58 12 47 26 102 104 60 105 13 3 95 30 41 88 6 1 38 43 53 50 72 73 76 34 4 89 40 48 62 87 63 86 21 18 61 96 97 65 
0 19 31 77 90 23 79 55 107 24 29 27 54 92 46 17 8 9 75 85 7 35 20 11 59 22 42 25 70 44 37 45 83 109 68 94 81 93 5 32 51 2 69 82 36 78 84 103 100 39 101 74 10 99 64 33 14 57 80 66 52 106 108 98 15 91 16 28 71 49 67 56 58 12 47 26 102 104 60 105 13 3 95 30 41 88 6 1 38 43 53 50 72 73 76 34 4 89 40 48 62 87 63 86 21 18 61 96 97 65 
0 19 31 77 90 23 79 55 107 24 29 27 54 92 46 17 8 9 75 85 7 35 20 11 59 22 42 25 70 44 37 45 83 109 68 94 81 93 5 32 51 2 69 82 36 78 84 103 100 39 101 74 10 99 64 33 14 57 80 66 52 106 108 98 15 91 16 28 71 49 67 56 58 12 47 26 102 104 60 105 13 3 95 30 41 88 6 1 38 43 53 50 72 73 76 34 4 89 40 48 62 87 63 86 21 18 61 96 97 65 
0 19 31 77 90 23 79 55 107 24 29 27 54 92 46 17 8 9 75 85 7 35 20 11 59 22 42 25 70 44 37 45 83 109 68 94 81 93 5 32 51 2 69 82 36 78 84 103 100 39 101 74 10 99 64 33 14 57 80 66 52 106 108 98 15 91 16 28 71 49 67 56 58 12 47 26 102 104 60 105 13 3 95 30 41 88 6 1 38 43 53 50 72 73 76 34 4 89 40 48 62 87 63 86 21 18 61 96 97 65 
0 19 31 77 90 23 79 55 107 24 29 27 54 92 46 17 8 9 75 85 7 35 20 11 59 22 42 25 70 44 37 45 83 109 68 94 81 93 5 32 51 2 69 82 36 78 84 103 100 39 101 74 10 99 64 33 14 57 80 66 52 106 108 98 15 91 16 28 71 49 67 56 58 12 47 26 102 104 60 105 13 3 95 30 41 88 6 1 38 43 53 50 72 73 76 34 4 89 40 48 62 87 63 86 21 18 61 96 97 65 
0 19 31 77 90 23 79 55 107 24 29 27 54 92 46 17 8 9 75 85 7 35 20 11 59 22 42 25 70 44 37 45 83 109 68 94 81 93 5 32 51 2 69 82 36 78 84 103 100 39 101 74 10 99 64 33 14 57 80 66 52 106 108 98 15 91 16 28 71 49 67 56 58 12 47 26 102 104 60 105 13 3 95 30 41 88 6 1 38 43 53 50 72 73 76 34 4 89 40 48 62 87 63 86 21 18 61 96 97 65 
0 19 31 77 90 23 79 55 107 24 29 27 54 92 46 17 8 9 75 85 7 35 20 11 59 22 42 25 70 44 37 45 83 109 68 94 81 93 5 32 51 2 69 82 36 78 84 103 100 39 101 74 10 99 64 33 14 57 80 66 52 106 108 98 15 91 16 28 71 49 67 56 58 12 47 26 102 104 60 105 13 3 95 30 41 88 6 1 38 43 53 50 72 73 76 34 4 89 40 48 62 87 63 86 21 18 61 96 97 65 
0 19 31 77 90 23 79 55 107 24 29 27 54 92 46 17 8 9 75 85 7 35 20 11 59 22 42 25 70 44 37 45 83 109 68 94 81 93 5 32 51 2 69 82 36 78 84 103 100 39 101 74 10 99 64 33 14 57 80 66 52 106 108 98 15 91 16 28 71 49 67 56 58 12 47 26 102 104 60 105 13 3 95 30 41 88 6 1 38 43 53 50 72 73 76 34 4 89 40 48 62 87 63 86 21 18 61 96 97 65 
0 19 31 77 90 23 79 55 107 24 29 27 54 92 46 17 8 9 75 85 7 35 20 11 59 22 42 25 70 44 37 45 83 109 68 94 81 93 5 32 51 2 69 82 36 78 84 103 100 39 101 74 10 99 64 33 14 57 80 66 52 106 108 98 15 91 16 28 71 49 67 56 58 12 47 26 102 104 60 105 13 3 95 30 41 88 6 1 38 43 53 50 72 73 76 34 4 89 40 48 62 87 63 86 21 18 61 96 97 65 
0 19 31 77 90 23 79 55 107 24 29 27 54 92 46 17 8 9 75 85 7 35 20 11 59 22 42 25 70 44 37 45 83 109 68 94 81 93 5 32 51 2 69 82 36 78 84 103 100 39 101 74 10 99 64 33 14 57 80 66 52 106 108 98 15 91 16 28 71 49 67 56 58 12 47 26 102 104 60 105 13 3 95 30 41 88 6 1 38 43 53 50 72 73 76 34 4 89 40 48 62 87 63 86 21 18 61 96 97 65 
0 19 31 77 90 23 79 55 107 24 29 27 54 92 46 17 8 9 75 85 7 35 20 11 59 22 42 25 70 44 37 45 83 109 68 94 81 93 5 32 51 2 69 82 36 78 84 103 100 39 101 74 10 99 64 33 14 57 80 66 52 106 108 98 15 91 16 28 71 49 67 56 58 12 47 26 102 104 60 105 13 3 95 30 41 88 6 1 38 43 53 50 72 73 76 34 4 89 40 48 62 87 63 86 21 18 61 96 97 65 
0 19 31 77 90 23 79 55 107 24 29 27 54 92 46 17 8 9 75 85 7 35 20 11 59 22 42 25 70 44 37 45 83 109 68 94 81 93 5 32 51 2 69 82 36 78 84 103 100 39 101 74 10 99 64 33 14 57 80 66 52 106 108 98 15 91 16 28 71 49 67 56 58 12 47 26 102 104 60 105 13 3 95 30 41 88 6 1 38 43 53 50 72 73 76 34 4 89 40 48 62 87 63 86 21 18 61 96 97 65 
0 19 31 77 90 23 79 55 107 24 29 27 54 92 46 17 8 9 75 85 7 35 20 11 59 22 42 25 70 44 37 45 83 109 68 94 81 93 5 32 51 2 69 82 36 78 84 103 100 39 101 74 10 99 64 33 14 57 80 66 52 106 108 98 15 91 16 28 71 49 67 56 58 12 47 26 102 104 60 105 13 3 95 30 41 88 6 1 38 43 53 50 72 73 76 34 4 89 40 48 62 87 63 86 21 18 61 96 97 65 
0 19 31 77 90 23 79 55 107 24 29 27 54 92 46 17 8 9 75 85 7 35 20 11 59 22 42 25 70 44 37 45 83 109 68 94 81 93 5 32 51 2 69 82 36 78 84 103 100 39 101 74 10 99 64 33 14 57 80 66 52 106 108 98 15 91 16 28 71 49 67 56 58 12 47 26 102 104 60 105 13 3 95 30 41 88 6 1 38 43 53 50 72 73 76 34 4 89 40 48 62 87 63 86 21 18 61 96 97 65 
0 19 31 77 90 23 79 55 107 24 29 27 54 92 46 17 8 9 75 85 7 35 20 11 59 22 42 25 70 44 37 45 83 109 68 94 81 93 5 32 51 2 69 82 36 78 84 103 100 39 101 74 10 99 64 33 14 57 80 66 52 106 108 98 15 91 16 28 71 49 67 56 58 12 47 26 102 104 60 105 13 3 95 30 41 88 6 1 38 43 53 50 72 73 76 34 4 89 40 48 62 87 63 86 21 18 61 96 97 65 
0 19 31 77 90 23 79 55 107 24 29 27 54 92 46 17 8 9 75 85 7 35 20 11 59 22 42 25 70 44 37 45 83 109 68 94 81 93 5 32 51 2 69 82 36 78 84 103 100 39 101 74 10 99 64 33 14 57 80 66 52 106 108 98 15 91 16 28 71 49 67 56 58 12 47 26 102 104 60 105 13 3 95 30 41 88 6 1 38 43 53 50 72 73 76 34 4 89 40 48 62 87 63 86 21 18 61 96 97 65 
0 19 31 77 90 23 79 55 107 24 29 27 54 92 46 17 8 9 75 85 7 35 20 11 59 22 42 25 70 44 37 45 83 109 68 94 81 93 5 32 51 2 69 82 36 78 84 103 100 39 101 74 10 99 64 33 14 57 80 66 52 106 108 98 15 91 16 28 71 49 67 56 58 12 47 26 102 104 60 105 13 3 95 30 41 88 6 1 38 43 53 50 72 73 76 34 4 89 40 48 62 87 63 86 21 18 61 96 97 65 
0 19 31 77 90 23 79 55 107 24 29 27 54 92 46 17 8 9 75 85 7 35 20 11 59 22 42 25 70 44 37 45 83 109 68 94 81 93 5 32 51 2 69 82 36 78 84 103 100 39 101 74 10 99 64 33 14 57 80 66 52 106 108 98 15 91 16 28 71 49 67 56 58 12 47 26 102 104 60 105 13 3 95 30 41 88 6 1 38 43 53 50 72 73 76 34 4 89 40 48 62 87 63 86 21 18 61 96 97 65 
0 19 31 77 90 23 79 55 107 24 29 27 54 92 46 17 8 9 75 85 7 35 20 11 59 22 42 25 70 44 37 45 83 109 68 94 81 93 5 32 51 2 69 82 36 78 84 103 100 39 101 74 10 99 64 33 14 57 80 66 52 106 108 98 15 91 16 28 71 49 67 56 58 12 47 26 102 104 60 105 13 3 95 30 41 88 6 1 38 43 53 50 72 73 76 34 4 89 40 48 62 87 63 86 21 18 61 96 97 65 
0 19 31 77 90 23 79 55 107 24 29 27 54 92 46 17 8 9 75 85 7 35 20 11 59 22 42 25 70 44 37 45 83 109 68 94 81 93 5 32 51 2 69 82 36 78 84 103 100 39 101 74 10 99 64 33 14 57 80 66 52 106 108 98 15 91 16 28 71 49 67 56 58 12 47 26 102 104 60 105 13 3 95 30 41 88 6 1 38 43 53 50 72 73 76 34 4 89 40 48 62 87 63 86 21 18 61 96 97 65 
0 19 31 77 90 23 79 55 107 24 29 27 54 92 46 17 8 9 75 85 7 35 20 11 59 22 42 25 70 44 37 45 83 109 68 94 81 93 5 32 51 2 69 82 36 78 84 103 100 39 101 74 10 99 64 33 14 57 80 66 52 106 108 98 15 91 16 28 71 49 67 56 58 12 47 26 102 104 60 105 13 3 95 30 41 88 6 1 38 43 53 50 72 73 76 34 4 89 40 48 62 87 63 86 21 18 61 96 97 65 
0 19 31 77 90 23 79 55 107 24 29 27 54 92 46 17 8 9 75 85 7 35 20 11 59 22 42 25 70 44 37 45 83 109 68 94 81 93 5 32 51 2 69 82 36 78 84 103 100 39 101 74 10 99 64 33 14 57 80 66 52 106 108 98 15 91 16 28 71 49 67 56 58 12 47 26 102 104 60 105 13 3 95 30 41 88 6 1 38 43 53 50 72 73 76 34 4 89 40 48 62 87 63 86 21 18 61 96 97 65 
0 19 31 77 90 23 79 55 107 24 29 27 54 92 46 17 8 9 75 85 7 35 20 11 59 22 42 25 70 44 37 45 83 109 68 94 81 93 5 32 51 2 69 82 36 78 84 103 100 39 101 74 10 99 64 33 14 57 80 66 52 106 108 98 15 91 16 28 71 49 67 56 58 12 47 26 102 104 60 105 13 3 95 30 41 88 6 1 38 43 53 50 72 73 76 34 4 89 40 48 62 87 63 86 21 18 61 96 97 65 
0 19 31 77 90 23 79 55 107 24 29 27 54 92 46 17 8 9 75 85 7 35 20 11 59 22 42 25 70 44 37 45 83 109 68 94 81 93 5 32 51 2 69 82 36 78 84 103 100 39 101 74 10 99 64 33 14 57 80 66 52 106 108 98 15 91 16 28 71 49 67 56 58 12 47 26 102 104 60 105 13 3 95 30 41 88 6 1 38 43 53 50 72 73 76 34 4 89 40 48 62 87 63 86 21 18 61 96 97 65 
0 19 31 77 90 23 79 55 107 24 29 27 54 92 46 17 8 9 75 85 7 35 20 11 59 22 42 25 70 44 37 45 83 109 68 94 81 93 5 32 51 2 69 82 36 78 84 103 100 39 101 74 10 99 64 33 14 57 80 66 52 106 108 98 15 91 16 28 71 49 67 56 58 12 47 26 102 104 60 105 13 3 95 30 41 88 6 1 38 43 53 50 72 73 76 34 4 89 40 48 62 87 63 86 21 18 61 96 97 65 
0 19 31 77 90 23 79 55 107 24 29 27 54 92 46 17 8 9 75 85 7 35 20 11 59 22 42 25 70 44 37 45 83 109 68 94 81 93 5 32 51 2 69 82 36 78 84 103 100 39 101 74 10 99 64 33 14 57 80 66 52 106 108 98 15 91 16 28 71 49 67 56 58 12 47 26 102 104 60 105 13 3 95 30 41 88 6 1 38 43 53 50 72 73 76 34 4 89 40 48 62 87 63 86 21 18 61 96 97 65 
0 19 31 77 90 23 79 55 107 24 29 27 54 92 46 17 8 9 75 85 7 35 20 11 59 22 42 25 70 44 37 45 83 109 68 94 81 93 5 32 51 2 69 82 36 78 84 103 100 39 101 74 10 99 64 33 14 57 80 66 52 106 108 98 15 91 16 28 71 49 67 56 58 12 47 26 102 104 60 105 13 3 95 30 41 88 6 1 38 43 53 50 72 73 76 34 4 89 40 48 62 87 63 86 21 18 61 96 97 65 
0 19 31 77 90 23 79 55 107 24 29 27 54 92 46 17 8 9 75 85 7 35 20 11 59 22 42 25 70 44 37 45 83 109 68 94 81 93 5 32 51 2 69 82 36 78 84 103 100 39 101 74 10 99 64 33 14 57 80 66 52 106 108 98 15 91 16 28 71 49 67 56 58 12 47 26 102 104 60 105 13 3 95 30 41 88 6 1 38 43 53 50 72 73 76 34 4 89 40 48 62 87 63 86 21 18 61 96 97 65 
0 19 31 77 90 23 79 55 107 24 29 27 54 92 46 17 8 9 75 85 7 35 20 11 59 22 42 25 70 44 37 45 83 109 68 94 81 93 5 32 51 2 69 82 36 78 84 103 100 39 101 74 10 99 64 33 14 57 80 66 52 106 108 98 15 91 16 28 71 49 67 56 58 12 47 26 102 104 60 105 13 3 95 30 41 88 6 1 38 43 53 50 72 73 76 34 4 89 40 48 62 87 63 86 21 18 61 96 97 65 
0 19 31 77 90 23 79 55 107 24 29 27 54 92 46 17 8 9 75 85 7 35 20 11 59 22 42 25 70 44 37 45 83 109 68 94 81 93 5 32 51 2 69 82 36 78 84 103 100 39 101 74 10 99 64 33 14 57 80 66 52 106 108 98 15 91 16 28 71 49 67 56 58 12 47 26 102 104 60 105 13 3 95 30 41 88 6 1 38 43 53 50 72 73 76 34 4 89 40 48 62 87 63 86 21 18 61 96 97 65 
0 19 31 77 90 23 79 55 107 24 29 27 54 92 46 17 8 9 75 85 7 35 20 11 59 22 42 25 70 44 37 45 83 109 68 94 81 93 5 32 51 2 69 82 36 78 84 103 100 39 101 74 10 99 64 33 14 57 80 66 52 106 108 98 15 91 16 28 71 49 67 56 58 12 47 26 102 104 60 105 13 3 95 30 41 88 6 1 38 43 53 50 72 73 76 34 4 89 40 48 62 87 63 86 21 18 61 96 97 65 
0 19 31 77 90 23 79 55 107 24 29 27 54 92 46 17 8 9 75 85 7 35 20 11 59 22 42 25 70 44 37 45 83 109 68 94 81 93 5 32 51 2 69 82 36 78 84 103 100 39 101 74 10 99 64 33 14 57 80 66 52 106 108 98 15 91 16 28 71 49 67 56 58 12 47 26 102 104 60 105 13 3 95 30 41 88 6 1 38 43 53 50 72 73 76 34 4 89 40 48 62 87 63 86 21 18 61 96 97 65 
0 19 31 77 90 23 79 55 107 24 29 27 54 92 46 17 8 9 75 85 7 35 20 11 59 22 42 25 70 44 37 45 83 109 68 94 81 93 5 32 51 2 69 82 36 78 84 103 100 39 101 74 10 99 64 33 14 57 80 66 52 106 108 98 15 91 16 28 71 49 67 56 58 12 47 26 102 104 60 105 13 3 95 30 41 88 6 1 38 43 53 50 72 73 76 34 4 89 40 48 62 87 63 86 21 18 61 96 97 65 
0 19 31 77 90 23 79 55 107 24 29 27 54 92 46 17 8 9 75 85 7 35 20 11 59 22 42 25 70 44 37 45 83 109 68 94 81 93 5 32 51 2 69 82 36 78 84 103 100 39 101 74 10 99 64 33 14 57 80 66 52 106 108 98 15 91 16 28 71 49 67 56 58 12 47 26 102 104 60 105 13 3 95 30 41 88 6 1 38 43 53 50 72 73 76 34 4 89 40 48 62 87 63 86 21 18 61 96 97 65 
0 19 31 77 90 23 79 55 107 24 29 27 54 92 46 17 8 9 75 85 7 35 20 11 59 22 42 25 70 44 37 45 83 109 68 94 81 93 5 32 51 2 69 82 36 78 84 103 100 39 101 74 10 99 64 33 14 57 80 66 52 106 108 98 15 91 16 28 71 49 67 56 58 12 47 26 102 104 60 105 13 3 95 30 41 88 6 1 38 43 53 50 72 73 76 34 4 89 40 48 62 87 63 86 21 18 61 96 97 65 
0 19 31 77 90 23 79 55 107 24 29 27 54 92 46 17 8 9 75 85 7 35 20 11 59 22 42 25 70 44 37 45 83 109 68 94 81 93 5 32 51 2 69 82 36 78 84 103 100 39 101 74 10 99 64 33 14 57 80 66 52 106 108 98 15 91 16 28 71 49 67 56 58 12 47 26 102 104 60 105 13 3 95 30 41 88 6 1 38 43 53 50 72 73 76 34 4 89 40 48 62 87 63 86 21 18 61 96 97 65 
0 19 31 77 90 23 79 55 107 24 29 27 54 92 46 17 8 9 75 85 7 35 20 11 59 22 42 25 70 44 37 45 83 109 68 94 81 93 5 32 51 2 69 82 36 78 84 103 100 39 101 74 10 99 64 33 14 57 80 66 52 106 108 98 15 91 16 28 71 49 67 56 58 12 47 26 102 104 60 105 13 3 95 30 41 88 6 1 38 43 53 50 72 73 76 34 4 89 40 48 62 87 63 86 21 18 61 96 97 65 
0 19 31 77 90 23 79 55 107 24 29 27 54 92 46 17 8 9 75 85 7 35 20 11 59 22 42 25 70 44 37 45 83 109 68 94 81 93 5 32 51 2 69 82 36 78 84 103 100 39 101 74 10 99 64 33 14 57 80 66 52 106 108 98 15 91 16 28 71 49 67 56 58 12 47 26 102 104 60 105 13 3 95 30 41 88 6 1 38 43 53 50 72 73 76 34 4 89 40 48 62 87 63 86 21 18 61 96 97 65 
0 19 31 77 90 23 79 55 107 24 29 27 54 92 46 17 8 9 75 85 7 35 20 11 59 22 42 25 70 44 37 45 83 109 68 94 81 93 5 32 51 2 69 82 36 78 84 103 100 39 101 74 10 99 64 33 14 57 80 66 52 106 108 98 15 91 16 28 71 49 67 56 58 12 47 26 102 104 60 105 13 3 95 30 41 88 6 1 38 43 53 50 72 73 76 34 4 89 40 48 62 87 63 86 21 18 61 96 97 65 
0 19 31 77 90 23 79 55 107 24 29 27 54 92 46 17 8 9 75 85 7 35 20 11 59 22 42 25 70 44 37 45 83 109 68 94 81 93 5 32 51 2 69 82 36 78 84 103 100 39 101 74 10 99 64 33 14 57 80 66 52 106 108 98 15 91 16 28 71 49 67 56 58 12 47 26 102 104 60 105 13 3 95 30 41 88 6 1 38 43 53 50 72 73 76 34 4 89 40 48 62 87 63 86 21 18 61 96 97 65 
0 19 31 77 90 23 79 55 107 24 29 27 54 92 46 17 8 9 75 85 7 35 20 11 59 22 42 25 70 44 37 45 83 109 68 94 81 93 5 32 51 2 69 82 36 78 84 103 100 39 101 74 10 99 64 33 14 57 80 66 52 106 108 98 15 91 16 28 71 49 67 56 58 12 47 26 102 104 60 105 13 3 95 30 41 88 6 1 38 43 53 50 72 73 76 34 4 89 40 48 62 87 63 86 21 18 61 96 97 65 
0 19 31 77 90 23 79 55 107 24 29 27 54 92 46 17 8 9 75 85 7 35 20 11 59 22 42 25 70 44 37 45 83 109 68 94 81 93 5 32 51 2 69 82 36 78 84 103 100 39 101 74 10 99 64 33 14 57 80 66 52 106 108 98 15 91 16 28 71 49 67 56 58 12 47 26 102 104 60 105 13 3 95 30 41 88 6 1 38 43 53 50 72 73 76 34 4 89 40 48 62 87 63 86 21 18 61 96 97 65 
0 19 31 77 90 23 79 55 107 24 29 27 54 92 46 17 8 9 75 85 7 35 20 11 59 22 42 25 70 44 37 45 83 109 68 94 81 93 5 32 51 2 69 82 36 78 84 103 100 39 101 74 10 99 64 33 14 57 80 66 52 106 108 98 15 91 16 28 71 49 67 56 58 12 47 26 102 104 60 105 13 3 95 30 41 88 6 1 38 43 53 50 72 73 76 34 4 89 40 48 62 87 63 86 21 18 61 96 97 65 
0 19 31 77 90 23 79 55 107 24 29 27 54 92 46 17 8 9 75 85 7 35 20 11 59 22 42 25 70 44 37 45 83 109 68 94 81 93 5 32 51 2 69 82 36 78 84 103 100 39 101 74 10 99 64 33 14 57 80 66 52 106 108 98 15 91 16 28 71 49 67 56 58 12 47 26 102 104 60 105 13 3 95 30 41 88 6 1 38 43 53 50 72 73 76 34 4 89 40 48 62 87 63 86 21 18 61 96 97 65 
0 19 31 77 90 23 79 55 107 24 29 27 54 92 46 17 8 9 75 85 7 35 20 11 59 22 42 25 70 44 37 45 83 109 68 94 81 93 5 32 51 2 69 82 36 78 84 103 100 39 101 74 10 99 64 33 14 57 80 66 52 106 108 98 15 91 16 28 71 49 67 56 58 12 47 26 102 104 60 105 13 3 95 30 41 88 6 1 38 43 53 50 72 73 76 34 4 89 40 48 62 87 63 86 21 18 61 96 97 65 
0 19 31 77 90 23 79 55 107 24 29 27 54 92 46 17 8 9 75 85 7 35 20 11 59 22 42 25 70 44 37 45 83 109 68 94 81 93 5 32 51 2 69 82 36 78 84 103 100 39 101 74 10 99 64 33 14 57 80 66 52 106 108 98 15 91 16 28 71 49 67 56 58 12 47 26 102 104 60 105 13 3 95 30 41 88 6 1 38 43 53 50 72 73 76 34 4 89 40 48 62 87 63 86 21 18 61 96 97 65 
0 19 31 77 90 23 79 55 107 24 29 27 54 92 46 17 8 9 75 85 7 35 20 11 59 22 42 25 70 44 37 45 83 109 68 94 81 93 5 32 51 2 69 82 36 78 84 103 100 39 101 74 10 99 64 33 14 57 80 66 52 106 108 98 15 91 16 28 71 49 67 56 58 12 47 26 102 104 60 105 13 3 95 30 41 88 6 1 38 43 53 50 72 73 76 34 4 89 40 48 62 87 63 86 21 18 61 96 97 65 
0 19 31 77 90 23 79 55 107 24 29 27 54 92 46 17 8 9 75 85 7 35 20 11 59 22 42 25 70 44 37 45 83 109 68 94 81 93 5 32 51 2 69 82 36 78 84 103 100 39 101 74 10 99 64 33 14 57 80 66 52 106 108 98 15 91 16 28 71 49 67 56 58 12 47 26 102 104 60 105 13 3 95 30 41 88 6 1 38 43 53 50 72 73 76 34 4 89 40 48 62 87 63 86 21 18 61 96 97 65 
0 19 31 77 90 23 79 55 107 24 29 27 54 92 46 17 8 9 75 85 7 35 20 11 59 22 42 25 70 44 37 45 83 109 68 94 81 93 5 32 51 2 69 82 36 78 84 103 100 39 101 74 10 99 64 33 14 57 80 66 52 106 108 98 15 91 16 28 71 49 67 56 58 12 47 26 102 104 60 105 13 3 95 30 41 88 6 1 38 43 53 50 72 73 76 34 4 89 40 48 62 87 63 86 21 18 61 96 97 65 
0 19 31 77 90 23 79 55 107 24 29 27 54 92 46 17 8 9 75 85 7 35 20 11 59 22 42 25 70 44 37 45 83 109 68 94 81 93 5 32 51 2 69 82 36 78 84 103 100 39 101 74 10 99 64 33 14 57 80 66 52 106 108 98 15 91 16 28 71 49 67 56 58 12 47 26 102 104 60 105 13 3 95 30 41 88 6 1 38 43 53 50 72 73 76 34 4 89 40 48 62 87 63 86 21 18 61 96 97 65 
0 19 31 77 90 23 79 55 107 24 29 27 54 92 46 17 8 9 75 85 7 35 20 11 59 22 42 25 70 44 37 45 83 109 68 94 81 93 5 32 51 2 69 82 36 78 84 103 100 39 101 74 10 99 64 33 14 57 80 66 52 106 108 98 15 91 16 28 71 49 67 56 58 12 47 26 102 104 60 105 13 3 95 30 41 88 6 1 38 43 53 50 72 73 76 34 4 89 40 48 62 87 63 86 21 18 61 96 97 65 
0 19 31 77 90 23 79 55 107 24 29 27 54 92 46 17 8 9 75 85 7 35 20 11 59 22 42 25 70 44 37 45 83 109 68 94 81 93 5 32 51 2 69 82 36 78 84 103 100 39 101 74 10 99 64 33 14 57 80 66 52 106 108 98 15 91 16 28 71 49 67 56 58 12 47 26 102 104 60 105 13 3 95 30 41 88 6 1 38 43 53 50 72 73 76 34 4 89 40 48 62 87 63 86 21 18 61 96 97 65 
0 19 31 77 90 23 79 55 107 24 29 27 54 92 46 17 8 9 75 85 7 35 20 11 59 22 42 25 70 44 37 45 83 109 68 94 81 93 5 32 51 2 69 82 36 78 84 103 100 39 101 74 10 99 64 33 14 57 80 66 52 106 108 98 15 91 16 28 71 49 67 56 58 12 47 26 102 104 60 105 13 3 95 30 41 88 6 1 38 43 53 50 72 73 76 34 4 89 40 48 62 87 63 86 21 18 61 96 97 65 
0 19 31 77 90 23 79 55 107 24 29 27 54 92 46 17 8 9 75 85 7 35 20 11 59 22 42 25 70 44 37 45 83 109 68 94 81 93 5 32 51 2 69 82 36 78 84 103 100 39 101 74 10 99 64 33 14 57 80 66 52 106 108 98 15 91 16 28 71 49 67 56 58 12 47 26 102 104 60 105 13 3 95 30 41 88 6 1 38 43 53 50 72 73 76 34 4 89 40 48 62 87 63 86 21 18 61 96 97 65 
0 19 31 77 90 23 79 55 107 24 29 27 54 92 46 17 8 9 75 85 7 35 20 11 59 22 42 25 70 44 37 45 83 109 68 94 81 93 5 32 51 2 69 82 36 78 84 103 100 39 101 74 10 99 64 33 14 57 80 66 52 106 108 98 15 91 16 28 71 49 67 56 58 12 47 26 102 104 60 105 13 3 95 30 41 88 6 1 38 43 53 50 72 73 76 34 4 89 40 48 62 87 63 86 21 18 61 96 97 65 
0 19 31 77 90 23 79 55 107 24 29 27 54 92 46 17 8 9 75 85 7 35 20 11 59 22 42 25 70 44 37 45 83 109 68 94 81 93 5 32 51 2 69 82 36 78 84 103 100 39 101 74 10 99 64 33 14 57 80 66 52 106 108 98 15 91 16 28 71 49 67 56 58 12 47 26 102 104 60 105 13 3 95 30 41 88 6 1 38 43 53 50 72 73 76 34 4 89 40 48 62 87 63 86 21 18 61 96 97 65 
0 19 31 77 90 23 79 55 107 24 29 27 54 92 46 17 8 9 75 85 7 35 20 11 59 22 42 25 70 44 37 45 83 109 68 94 81 93 5 32 51 2 69 82 36 78 84 103 100 39 101 74 10 99 64 33 14 57 80 66 52 106 108 98 15 91 16 28 71 49 67 56 58 12 47 26 102 104 60 105 13 3 95 30 41 88 6 1 38 43 53 50 72 73 76 34 4 89 40 48 62 87 63 86 21 18 61 96 97 65 
0 19 31 77 90 23 79 55 107 24 29 27 54 92 46 17 8 9 75 85 7 35 20 11 59 22 42 25 70 44 37 45 83 109 68 94 81 93 5 32 51 2 69 82 36 78 84 103 100 39 101 74 10 99 64 33 14 57 80 66 52 106 108 98 15 91 16 28 71 49 67 56 58 12 47 26 102 104 60 105 13 3 95 30 41 88 6 1 38 43 53 50 72 73 76 34 4 89 40 48 62 87 63 86 21 18 61 96 97 65 
0 19 31 77 90 23 79 55 107 24 29 27 54 92 46 17 8 9 75 85 7 35 20 11 59 22 42 25 70 44 37 45 83 109 68 94 81 93 5 32 51 2 69 82 36 78 84 103 100 39 101 74 10 99 64 33 14 57 80 66 52 106 108 98 15 91 16 28 71 49 67 56 58 12 47 26 102 104 60 105 13 3 95 30 41 88 6 1 38 43 53 50 72 73 76 34 4 89 40 48 62 87 63 86 21 18 61 96 97 65 
0 19 31 77 90 23 79 55 107 24 29 27 54 92 46 17 8 9 75 85 7 35 20 11 59 22 42 25 70 44 37 45 83 109 68 94 81 93 5 32 51 2 69 82 36 78 84 103 100 39 101 74 10 99 64 33 14 57 80 66 52 106 108 98 15 91 16 28 71 49 67 56 58 12 47 26 102 104 60 105 13 3 95 30 41 88 6 1 38 43 53 50 72 73 76 34 4 89 40 48 62 87 63 86 21 18 61 96 97 65 
0 19 31 77 90 23 79 55 107 24 29 27 54 92 46 17 8 9 75 85 7 35 20 11 59 22 42 25 70 44 37 45 83 109 68 94 81 93 5 32 51 2 69 82 36 78 84 103 100 39 101 74 10 99 64 33 14 57 80 66 52 106 108 98 15 91 16 28 71 49 67 56 58 12 47 26 102 104 60 105 13 3 95 30 41 88 6 1 38 43 53 50 72 73 76 34 4 89 40 48 62 87 63 86 21 18 61 96 97 65 
0 19 31 77 90 23 79 55 107 24 29 27 54 92 46 17 8 9 75 85 7 35 20 11 59 22 42 25 70 44 37 45 83 109 68 94 81 93 5 32 51 2 69 82 36 78 84 103 100 39 101 74 10 99 64 33 14 57 80 66 52 106 108 98 15 91 16 28 71 49 67 56 58 12 47 26 102 104 60 105 13 3 95 30 41 88 6 1 38 43 53 50 72 73 76 34 4 89 40 48 62 87 63 86 21 18 61 96 97 65 
0 19 31 77 90 23 79 55 107 24 29 27 54 92 46 17 8 9 75 85 7 35 20 11 59 22 42 25 70 44 37 45 83 109 68 94 81 93 5 32 51 2 69 82 36 78 84 103 100 39 101 74 10 99 64 33 14 57 80 66 52 106 108 98 15 91 16 28 71 49 67 56 58 12 47 26 102 104 60 105 13 3 95 30 41 88 6 1 38 43 53 50 72 73 76 34 4 89 40 48 62 87 63 86 21 18 61 96 97 65 
0 19 31 77 90 23 79 55 107 24 29 27 54 92 46 17 8 9 75 85 7 35 20 11 59 22 42 25 70 44 37 45 83 109 68 94 81 93 5 32 51 2 69 82 36 78 84 103 100 39 101 74 10 99 64 33 14 57 80 66 52 106 108 98 15 91 16 28 71 49 67 56 58 12 47 26 102 104 60 105 13 3 95 30 41 88 6 1 38 43 53 50 72 73 76 34 4 89 40 48 62 87 63 86 21 18 61 96 97 65 
0 19 31 77 90 23 79 55 107 24 29 27 54 92 46 17 8 9 75 85 7 35 20 11 59 22 42 25 70 44 37 45 83 109 68 94 81 93 5 32 51 2 69 82 36 78 84 103 100 39 101 74 10 99 64 33 14 57 80 66 52 106 108 98 15 91 16 28 71 49 67 56 58 12 47 26 102 104 60 105 13 3 95 30 41 88 6 1 38 43 53 50 72 73 76 34 4 89 40 48 62 87 63 86 21 18 61 96 97 65 
0 19 31 77 90 23 79 55 107 24 29 27 54 92 46 17 8 9 75 85 7 35 20 11 59 22 42 25 70 44 37 45 83 109 68 94 81 93 5 32 51 2 69 82 36 78 84 103 100 39 101 74 10 99 64 33 14 57 80 66 52 106 108 98 15 91 16 28 71 49 67 56 58 12 47 26 102 104 60 105 13 3 95 30 41 88 6 1 38 43 53 50 72 73 76 34 4 89 40 48 62 87 63 86 21 18 61 96 97 65 
0 19 31 77 90 23 79 55 107 24 29 27 54 92 46 17 8 9 75 85 7 35 20 11 59 22 42 25 70 44 37 45 83 109 68 94 81 93 5 32 51 2 69 82 36 78 84 103 100 39 101 74 10 99 64 33 14 57 80 66 52 106 108 98 15 91 16 28 71 49 67 56 58 12 47 26 102 104 60 105 13 3 95 30 41 88 6 1 38 43 53 50 72 73 76 34 4 89 40 48 62 87 63 86 21 18 61 96 97 65 
0 19 31 77 90 23 79 55 107 24 29 27 54 92 46 17 8 9 75 85 7 35 20 11 59 22 42 25 70 44 37 45 83 109 68 94 81 93 5 32 51 2 69 82 36 78 84 103 100 39 101 74 10 99 64 33 14 57 80 66 52 106 108 98 15 91 16 28 71 49 67 56 58 12 47 26 102 104 60 105 13 3 95 30 41 88 6 1 38 43 53 50 72 73 76 34 4 89 40 48 62 87 63 86 21 18 61 96 97 65 
0 19 31 77 90 23 79 55 107 24 29 27 54 92 46 17 8 9 75 85 7 35 20 11 59 22 42 25 70 44 37 45 83 109 68 94 81 93 5 32 51 2 69 82 36 78 84 103 100 39 101 74 10 99 64 33 14 57 80 66 52 106 108 98 15 91 16 28 71 49 67 56 58 12 47 26 102 104 60 105 13 3 95 30 41 88 6 1 38 43 53 50 72 73 76 34 4 89 40 48 62 87 63 86 21 18 61 96 97 65 
0 19 31 77 90 23 79 55 107 24 29 27 54 92 46 17 8 9 75 85 7 35 20 11 59 22 42 25 70 44 37 45 83 109 68 94 81 93 5 32 51 2 69 82 36 78 84 103 100 39 101 74 10 99 64 33 14 57 80 66 52 106 108 98 15 91 16 28 71 49 67 56 58 12 47 26 102 104 60 105 13 3 95 30 41 88 6 1 38 43 53 50 72 73 76 34 4 89 40 48 62 87 63 86 21 18 61 96 97 65 
0 19 31 77 90 23 79 55 107 24 29 27 54 92 46 17 8 9 75 85 7 35 20 11 59 22 42 25 70 44 37 45 83 109 68 94 81 93 5 32 51 2 69 82 36 78 84 103 100 39 101 74 10 99 64 33 14 57 80 66 52 106 108 98 15 91 16 28 71 49 67 56 58 12 47 26 102 104 60 105 13 3 95 30 41 88 6 1 38 43 53 50 72 73 76 34 4 89 40 48 62 87 63 86 21 18 61 96 97 65 
0 19 31 77 90 23 79 55 107 24 29 27 54 92 46 17 8 9 75 85 7 35 20 11 59 22 42 25 70 44 37 45 83 109 68 94 81 93 5 32 51 2 69 82 36 78 84 103 100 39 101 74 10 99 64 33 14 57 80 66 52 106 108 98 15 91 16 28 71 49 67 56 58 12 47 26 102 104 60 105 13 3 95 30 41 88 6 1 38 43 53 50 72 73 76 34 4 89 40 48 62 87 63 86 21 18 61 96 97 65 
0 19 31 77 90 23 79 55 107 24 29 27 54 92 46 17 8 9 75 85 7 35 20 11 59 22 42 25 70 44 37 45 83 109 68 94 81 93 5 32 51 2 69 82 36 78 84 103 100 39 101 74 10 99 64 33 14 57 80 66 52 106 108 98 15 91 16 28 71 49 67 56 58 12 47 26 102 104 60 105 13 3 95 30 41 88 6 1 38 43 53 50 72 73 76 34 4 89 40 48 62 87 63 86 21 18 61 96 97 65 
0 19 31 77 90 23 79 55 107 24 29 27 54 92 46 17 8 9 75 85 7 35 20 11 59 22 42 25 70 44 37 45 83 109 68 94 81 93 5 32 51 2 69 82 36 78 84 103 100 39 101 74 10 99 64 33 14 57 80 66 52 106 108 98 15 91 16 28 71 49 67 56 58 12 47 26 102 104 60 105 13 3 95 30 41 88 6 1 38 43 53 50 72 73 76 34 4 89 40 48 62 87 63 86 21 18 61 96 97 65 
0 19 31 77 90 23 79 55 107 24 29 27 54 92 46 17 8 9 75 85 7 35 20 11 59 22 42 25 70 44 37 45 83 109 68 94 81 93 5 32 51 2 69 82 36 78 84 103 100 39 101 74 10 99 64 33 14 57 80 66 52 106 108 98 15 91 16 28 71 49 67 56 58 12 47 26 102 104 60 105 13 3 95 30 41 88 6 1 38 43 53 50 72 73 76 34 4 89 40 48 62 87 63 86 21 18 61 96 97 65 
0 19 31 77 90 23 79 55 107 24 29 27 54 92 46 17 8 9 75 85 7 35 20 11 59 22 42 25 70 44 37 45 83 109 68 94 81 93 5 32 51 2 69 82 36 78 84 103 100 39 101 74 10 99 64 33 14 57 80 66 52 106 108 98 15 91 16 28 71 49 67 56 58 12 47 26 102 104 60 105 13 3 95 30 41 88 6 1 38 43 53 50 72 73 76 34 4 89 40 48 62 87 63 86 21 18 61 96 97 65 
0 19 31 77 90 23 79 55 107 24 29 27 54 92 46 17 8 9 75 85 7 35 20 11 59 22 42 25 70 44 37 45 83 109 68 94 81 93 5 32 51 2 69 82 36 78 84 103 100 39 101 74 10 99 64 33 14 57 80 66 52 106 108 98 15 91 16 28 71 49 67 56 58 12 47 26 102 104 60 105 13 3 95 30 41 88 6 1 38 43 53 50 72 73 76 34 4 89 40 48 62 87 63 86 21 18 61 96 97 65 
0 19 31 77 90 23 79 55 107 24 29 27 54 92 46 17 8 9 75 85 7 35 20 11 59 22 42 25 70 44 37 45 83 109 68 94 81 93 5 32 51 2 69 82 36 78 84 103 100 39 101 74 10 99 64 33 14 57 80 66 52 106 108 98 15 91 16 28 71 49 67 56 58 12 47 26 102 104 60 105 13 3 95 30 41 88 6 1 38 43 53 50 72 73 76 34 4 89 40 48 62 87 63 86 21 18 61 96 97 65 
0 19 31 77 90 23 79 55 107 24 29 27 54 92 46 17 8 9 75 85 7 35 20 11 59 22 42 25 70 44 37 45 83 109 68 94 81 93 5 32 51 2 69 82 36 78 84 103 100 39 101 74 10 99 64 33 14 57 80 66 52 106 108 98 15 91 16 28 71 49 67 56 58 12 47 26 102 104 60 105 13 3 95 30 41 88 6 1 38 43 53 50 72 73 76 34 4 89 40 48 62 87 63 86 21 18 61 96 97 65 
0 19 31 77 90 23 79 55 107 24 29 27 54 92 46 17 8 9 75 85 7 35 20 11 59 22 42 25 70 44 37 45 83 109 68 94 81 93 5 32 51 2 69 82 36 78 84 103 100 39 101 74 10 99 64 33 14 57 80 66 52 106 108 98 15 91 16 28 71 49 67 56 58 12 47 26 102 104 60 105 13 3 95 30 41 88 6 1 38 43 53 50 72 73 76 34 4 89 40 48 62 87 63 86 21 18 61 96 97 65 
0 19 31 77 90 23 79 55 107 24 29 27 54 92 46 17 8 9 75 85 7 35 20 11 59 22 42 25 70 44 37 45 83 109 68 94 81 93 5 32 51 2 69 82 36 78 84 103 100 39 101 74 10 99 64 33 14 57 80 66 52 106 108 98 15 91 16 28 71 49 67 56 58 12 47 26 102 104 60 105 13 3 95 30 41 88 6 1 38 43 53 50 72 73 76 34 4 89 40 48 62 87 63 86 21 18 61 96 97 65 
0 19 31 77 90 23 79 55 107 24 29 27 54 92 46 17 8 9 75 85 7 35 20 11 59 22 42 25 70 44 37 45 83 109 68 94 81 93 5 32 51 2 69 82 36 78 84 103 100 39 101 74 10 99 64 33 14 57 80 66 52 106 108 98 15 91 16 28 71 49 67 56 58 12 47 26 102 104 60 105 13 3 95 30 41 88 6 1 38 43 53 50 72 73 76 34 4 89 40 48 62 87 63 86 21 18 61 96 97 65 
0 19 31 77 90 23 79 55 107 24 29 27 54 92 46 17 8 9 75 85 7 35 20 11 59 22 42 25 70 44 37 45 83 109 68 94 81 93 5 32 51 2 69 82 36 78 84 103 100 39 101 74 10 99 64 33 14 57 80 66 52 106 108 98 15 91 16 28 71 49 67 56 58 12 47 26 102 104 60 105 13 3 95 30 41 88 6 1 38 43 53 50 72 73 76 34 4 89 40 48 62 87 63 86 21 18 61 96 97 65 
0 19 31 77 90 23 79 55 107 24 29 27 54 92 46 17 8 9 75 85 7 35 20 11 59 22 42 25 70 44 37 45 83 109 68 94 81 93 5 32 51 2 69 82 36 78 84 103 100 39 101 74 10 99 64 33 14 57 80 66 52 106 108 98 15 91 16 28 71 49 67 56 58 12 47 26 102 104 60 105 13 3 95 30 41 88 6 1 38 43 53 50 72 73 76 34 4 89 40 48 62 87 63 86 21 18 61 96 97 65 
0 19 31 77 90 23 79 55 107 24 29 27 54 92 46 17 8 9 75 85 7 35 20 11 59 22 42 25 70 44 37 45 83 109 68 94 81 93 5 32 51 2 69 82 36 78 84 103 100 39 101 74 10 99 64 33 14 57 80 66 52 106 108 98 15 91 16 28 71 49 67 56 58 12 47 26 102 104 60 105 13 3 95 30 41 88 6 1 38 43 53 50 72 73 76 34 4 89 40 48 62 87 63 86 21 18 61 96 97 65 
0 19 31 77 90 23 79 55 107 24 29 27 54 92 46 17 8 9 75 85 7 35 20 11 59 22 42 25 70 44 37 45 83 109 68 94 81 93 5 32 51 2 69 82 36 78 84 103 100 39 101 74 10 99 64 33 14 57 80 66 52 106 108 98 15 91 16 28 71 49 67 56 58 12 47 26 102 104 60 105 13 3 95 30 41 88 6 1 38 43 53 50 72 73 76 34 4 89 40 48 62 87 63 86 21 18 61 96 97 65 
0 19 31 77 90 23 79 55 107 24 29 27 54 92 46 17 8 9 75 85 7 35 20 11 59 22 42 25 70 44 37 45 83 109 68 94 81 93 5 32 51 2 69 82 36 78 84 103 100 39 101 74 10 99 64 33 14 57 80 66 52 106 108 98 15 91 16 28 71 49 67 56 58 12 47 26 102 104 60 105 13 3 95 30 41 88 6 1 38 43 53 50 72 73 76 34 4 89 40 48 62 87 63 86 21 18 61 96 97 65 
0 19 31 77 90 23 79 55 107 24 29 27 54 92 46 17 8 9 75 85 7 35 20 11 59 22 42 25 70 44 37 45 83 109 68 94 81 93 5 32 51 2 69 82 36 78 84 103 100 39 101 74 10 99 64 33 14 57 80 66 52 106 108 98 15 91 16 28 71 49 67 56 58 12 47 26 102 104 60 105 13 3 95 30 41 88 6 1 38 43 53 50 72 73 76 34 4 89 40 48 62 87 63 86 21 18 61 96 97 65 
0 19 31 77 90 23 79 55 107 24 29 27 54 92 46 17 8 9 75 85 7 35 20 11 59 22 42 25 70 44 37 45 83 109 68 94 81 93 5 32 51 2 69 82 36 78 84 103 100 39 101 74 10 99 64 33 14 57 80 66 52 106 108 98 15 91 16 28 71 49 67 56 58 12 47 26 102 104 60 105 13 3 95 30 41 88 6 1 38 43 53 50 72 73 76 34 4 89 40 48 62 87 63 86 21 18 61 96 97 65 
0 19 31 77 90 23 79 55 107 24 29 27 54 92 46 17 8 9 75 85 7 35 20 11 59 22 42 25 70 44 37 45 83 109 68 94 81 93 5 32 51 2 69 82 36 78 84 103 100 39 101 74 10 99 64 33 14 57 80 66 52 106 108 98 15 91 16 28 71 49 67 56 58 12 47 26 102 104 60 105 13 3 95 30 41 88 6 1 38 43 53 50 72 73 76 34 4 89 40 48 62 87 63 86 21 18 61 96 97 65 
0 19 31 77 90 23 79 55 107 24 29 27 54 92 46 17 8 9 75 85 7 35 20 11 59 22 42 25 70 44 37 45 83 109 68 94 81 93 5 32 51 2 69 82 36 78 84 103 100 39 101 74 10 99 64 33 14 57 80 66 52 106 108 98 15 91 16 28 71 49 67 56 58 12 47 26 102 104 60 105 13 3 95 30 41 88 6 1 38 43 53 50 72 73 76 34 4 89 40 48 62 87 63 86 21 18 61 96 97 65 
0 19 31 77 90 23 79 55 107 24 29 27 54 92 46 17 8 9 75 85 7 35 20 11 59 22 42 25 70 44 37 45 83 109 68 94 81 93 5 32 51 2 69 82 36 78 84 103 100 39 101 74 10 99 64 33 14 57 80 66 52 106 108 98 15 91 16 28 71 49 67 56 58 12 47 26 102 104 60 105 13 3 95 30 41 88 6 1 38 43 53 50 72 73 76 34 4 89 40 48 62 87 63 86 21 18 61 96 97 65 
0 19 31 77 90 23 79 55 107 24 29 27 54 92 46 17 8 9 75 85 7 35 20 11 59 22 42 25 70 44 37 45 83 109 68 94 81 93 5 32 51 2 69 82 36 78 84 103 100 39 101 74 10 99 64 33 14 57 80 66 52 106 108 98 15 91 16 28 71 49 67 56 58 12 47 26 102 104 60 105 13 3 95 30 41 88 6 1 38 43 53 50 72 73 76 34 4 89 40 48 62 87 63 86 21 18 61 96 97 65 
0 19 31 77 90 23 79 55 107 24 29 27 54 92 46 17 8 9 75 85 7 35 20 11 59 22 42 25 70 44 37 45 83 109 68 94 81 93 5 32 51 2 69 82 36 78 84 103 100 39 101 74 10 99 64 33 14 57 80 66 52 106 108 98 15 91 16 28 71 49 67 56 58 12 47 26 102 104 60 105 13 3 95 30 41 88 6 1 38 43 53 50 72 73 76 34 4 89 40 48 62 87 63 86 21 18 61 96 97 65 
0 19 31 77 90 23 79 55 107 24 29 27 54 92 46 17 8 9 75 85 7 35 20 11 59 22 42 25 70 44 37 45 83 109 68 94 81 93 5 32 51 2 69 82 36 78 84 103 100 39 101 74 10 99 64 33 14 57 80 66 52 106 108 98 15 91 16 28 71 49 67 56 58 12 47 26 102 104 60 105 13 3 95 30 41 88 6 1 38 43 53 50 72 73 76 34 4 89 40 48 62 87 63 86 21 18 61 96 97 65 
0 19 31 77 90 23 79 55 107 24 29 27 54 92 46 17 8 9 75 85 7 35 20 11 59 22 42 25 70 44 37 45 83 109 68 94 81 93 5 32 51 2 69 82 36 78 84 103 100 39 101 74 10 99 64 33 14 57 80 66 52 106 108 98 15 91 16 28 71 49 67 56 58 12 47 26 102 104 60 105 13 3 95 30 41 88 6 1 38 43 53 50 72 73 76 34 4 89 40 48 62 87 63 86 21 18 61 96 97 65 
0 19 31 77 90 23 79 55 107 24 29 27 54 92 46 17 8 9 75 85 7 35 20 11 59 22 42 25 70 44 37 45 83 109 68 94 81 93 5 32 51 2 69 82 36 78 84 103 100 39 101 74 10 99 64 33 14 57 80 66 52 106 108 98 15 91 16 28 71 49 67 56 58 12 47 26 102 104 60 105 13 3 95 30 41 88 6 1 38 43 53 50 72 73 76 34 4 89 40 48 62 87 63 86 21 18 61 96 97 65 
0 19 31 77 90 23 79 55 107 24 29 27 54 92 46 17 8 9 75 85 7 35 20 11 59 22 42 25 70 44 37 45 83 109 68 94 81 93 5 32 51 2 69 82 36 78 84 103 100 39 101 74 10 99 64 33 14 57 80 66 52 106 108 98 15 91 16 28 71 49 67 56 58 12 47 26 102 104 60 105 13 3 95 30 41 88 6 1 38 43 53 50 72 73 76 34 4 89 40 48 62 87 63 86 21 18 61 96 97 65 
0 19 31 77 90 23 79 55 107 24 29 27 54 92 46 17 8 9 75 85 7 35 20 11 59 22 42 25 70 44 37 45 83 109 68 94 81 93 5 32 51 2 69 82 36 78 84 103 100 39 101 74 10 99 64 33 14 57 80 66 52 106 108 98 15 91 16 28 71 49 67 56 58 12 47 26 102 104 60 105 13 3 95 30 41 88 6 1 38 43 53 50 72 73 76 34 4 89 40 48 62 87 63 86 21 18 61 96 97 65 
0 19 31 77 90 23 79 55 107 24 29 27 54 92 46 17 8 9 75 85 7 35 20 11 59 22 42 25 70 44 37 45 83 109 68 94 81 93 5 32 51 2 69 82 36 78 84 103 100 39 101 74 10 99 64 33 14 57 80 66 52 106 108 98 15 91 16 28 71 49 67 56 58 12 47 26 102 104 60 105 13 3 95 30 41 88 6 1 38 43 53 50 72 73 76 34 4 89 40 48 62 87 63 86 21 18 61 96 97 65 
0 19 31 77 90 23 79 55 107 24 29 27 54 92 46 17 8 9 75 85 7 35 20 11 59 22 42 25 70 44 37 45 83 109 68 94 81 93 5 32 51 2 69 82 36 78 84 103 100 39 101 74 10 99 64 33 14 57 80 66 52 106 108 98 15 91 16 28 71 49 67 56 58 12 47 26 102 104 60 105 13 3 95 30 41 88 6 1 38 43 53 50 72 73 76 34 4 89 40 48 62 87 63 86 21 18 61 96 97 65 
0 19 31 77 90 23 79 55 107 24 29 27 54 92 46 17 8 9 75 85 7 35 20 11 59 22 42 25 70 44 37 45 83 109 68 94 81 93 5 32 51 2 69 82 36 78 84 103 100 39 101 74 10 99 64 33 14 57 80 66 52 106 108 98 15 91 16 28 71 49 67 56 58 12 47 26 102 104 60 105 13 3 95 30 41 88 6 1 38 43 53 50 72 73 76 34 4 89 40 48 62 87 63 86 21 18 61 96 97 65 
0 19 31 77 90 23 79 55 107 24 29 27 54 92 46 17 8 9 75 85 7 35 20 11 59 22 42 25 70 44 37 45 83 109 68 94 81 93 5 32 51 2 69 82 36 78 84 103 100 39 101 74 10 99 64 33 14 57 80 66 52 106 108 98 15 91 16 28 71 49 67 56 58 12 47 26 102 104 60 105 13 3 95 30 41 88 6 1 38 43 53 50 72 73 76 34 4 89 40 48 62 87 63 86 21 18 61 96 97 65 
0 19 31 77 90 23 79 55 107 24 29 27 54 92 46 17 8 9 75 85 7 35 20 11 59 22 42 25 70 44 37 45 83 109 68 94 81 93 5 32 51 2 69 82 36 78 84 103 100 39 101 74 10 99 64 33 14 57 80 66 52 106 108 98 15 91 16 28 71 49 67 56 58 12 47 26 102 104 60 105 13 3 95 30 41 88 6 1 38 43 53 50 72 73 76 34 4 89 40 48 62 87 63 86 21 18 61 96 97 65 
0 19 31 77 90 23 79 55 107 24 29 27 54 92 46 17 8 9 75 85 7 35 20 11 59 22 42 25 70 44 37 45 83 109 68 94 81 93 5 32 51 2 69 82 36 78 84 103 100 39 101 74 10 99 64 33 14 57 80 66 52 106 108 98 15 91 16 28 71 49 67 56 58 12 47 26 102 104 60 105 13 3 95 30 41 88 6 1 38 43 53 50 72 73 76 34 4 89 40 48 62 87 63 86 21 18 61 96 97 65 
0 19 31 77 90 23 79 55 107 24 29 27 54 92 46 17 8 9 75 85 7 35 20 11 59 22 42 25 70 44 37 45 83 109 68 94 81 93 5 32 51 2 69 82 36 78 84 103 100 39 101 74 10 99 64 33 14 57 80 66 52 106 108 98 15 91 16 28 71 49 67 56 58 12 47 26 102 104 60 105 13 3 95 30 41 88 6 1 38 43 53 50 72 73 76 34 4 89 40 48 62 87 63 86 21 18 61 96 97 65 
0 19 31 77 90 23 79 55 107 24 29 27 54 92 46 17 8 9 75 85 7 35 20 11 59 22 42 25 70 44 37 45 83 109 68 94 81 93 5 32 51 2 69 82 36 78 84 103 100 39 101 74 10 99 64 33 14 57 80 66 52 106 108 98 15 91 16 28 71 49 67 56 58 12 47 26 102 104 60 105 13 3 95 30 41 88 6 1 38 43 53 50 72 73 76 34 4 89 40 48 62 87 63 86 21 18 61 96 97 65 
0 19 31 77 90 23 79 55 107 24 29 27 54 92 46 17 8 9 75 85 7 35 20 11 59 22 42 25 70 44 37 45 83 109 68 94 81 93 5 32 51 2 69 82 36 78 84 103 100 39 101 74 10 99 64 33 14 57 80 66 52 106 108 98 15 91 16 28 71 49 67 56 58 12 47 26 102 104 60 105 13 3 95 30 41 88 6 1 38 43 53 50 72 73 76 34 4 89 40 48 62 87 63 86 21 18 61 96 97 65 
0 19 31 77 90 23 79 55 107 24 29 27 54 92 46 17 8 9 75 85 7 35 20 11 59 22 42 25 70 44 37 45 83 109 68 94 81 93 5 32 51 2 69 82 36 78 84 103 100 39 101 74 10 99 64 33 14 57 80 66 52 106 108 98 15 91 16 28 71 49 67 56 58 12 47 26 102 104 60 105 13 3 95 30 41 88 6 1 38 43 53 50 72 73 76 34 4 89 40 48 62 87 63 86 21 18 61 96 97 65 
0 19 31 77 90 23 79 55 107 24 29 27 54 92 46 17 8 9 75 85 7 35 20 11 59 22 42 25 70 44 37 45 83 109 68 94 81 93 5 32 51 2 69 82 36 78 84 103 100 39 101 74 10 99 64 33 14 57 80 66 52 106 108 98 15 91 16 28 71 49 67 56 58 12 47 26 102 104 60 105 13 3 95 30 41 88 6 1 38 43 53 50 72 73 76 34 4 89 40 48 62 87 63 86 21 18 61 96 97 65 
0 19 31 77 90 23 79 55 107 24 29 27 54 92 46 17 8 9 75 85 7 35 20 11 59 22 42 25 70 44 37 45 83 109 68 94 81 93 5 32 51 2 69 82 36 78 84 103 100 39 101 74 10 99 64 33 14 57 80 66 52 106 108 98 15 91 16 28 71 49 67 56 58 12 47 26 102 104 60 105 13 3 95 30 41 88 6 1 38 43 53 50 72 73 76 34 4 89 40 48 62 87 63 86 21 18 61 96 97 65 
0 19 31 77 90 23 79 55 107 24 29 27 54 92 46 17 8 9 75 85 7 35 20 11 59 22 42 25 70 44 37 45 83 109 68 94 81 93 5 32 51 2 69 82 36 78 84 103 100 39 101 74 10 99 64 33 14 57 80 66 52 106 108 98 15 91 16 28 71 49 67 56 58 12 47 26 102 104 60 105 13 3 95 30 41 88 6 1 38 43 53 50 72 73 76 34 4 89 40 48 62 87 63 86 21 18 61 96 97 65 
0 19 31 77 90 23 79 55 107 24 29 27 54 92 46 17 8 9 75 85 7 35 20 11 59 22 42 25 70 44 37 45 83 109 68 94 81 93 5 32 51 2 69 82 36 78 84 103 100 39 101 74 10 99 64 33 14 57 80 66 52 106 108 98 15 91 16 28 71 49 67 56 58 12 47 26 102 104 60 105 13 3 95 30 41 88 6 1 38 43 53 50 72 73 76 34 4 89 40 48 62 87 63 86 21 18 61 96 97 65 
0 19 31 77 90 23 79 55 107 24 29 27 54 92 46 17 8 9 75 85 7 35 20 11 59 22 42 25 70 44 37 45 83 109 68 94 81 93 5 32 51 2 69 82 36 78 84 103 100 39 101 74 10 99 64 33 14 57 80 66 52 106 108 98 15 91 16 28 71 49 67 56 58 12 47 26 102 104 60 105 13 3 95 30 41 88 6 1 38 43 53 50 72 73 76 34 4 89 40 48 62 87 63 86 21 18 61 96 97 65 
0 19 31 77 90 23 79 55 107 24 29 27 54 92 46 17 8 9 75 85 7 35 20 11 59 22 42 25 70 44 37 45 83 109 68 94 81 93 5 32 51 2 69 82 36 78 84 103 100 39 101 74 10 99 64 33 14 57 80 66 52 106 108 98 15 91 16 28 71 49 67 56 58 12 47 26 102 104 60 105 13 3 95 30 41 88 6 1 38 43 53 50 72 73 76 34 4 89 40 48 62 87 63 86 21 18 61 96 97 65 
0 19 31 77 90 23 79 55 107 24 29 27 54 92 46 17 8 9 75 85 7 35 20 11 59 22 42 25 70 44 37 45 83 109 68 94 81 93 5 32 51 2 69 82 36 78 84 103 100 39 101 74 10 99 64 33 14 57 80 66 52 106 108 98 15 91 16 28 71 49 67 56 58 12 47 26 102 104 60 105 13 3 95 30 41 88 6 1 38 43 53 50 72 73 76 34 4 89 40 48 62 87 63 86 21 18 61 96 97 65 
0 19 31 77 90 23 79 55 107 24 29 27 54 92 46 17 8 9 75 85 7 35 20 11 59 22 42 25 70 44 37 45 83 109 68 94 81 93 5 32 51 2 69 82 36 78 84 103 100 39 101 74 10 99 64 33 14 57 80 66 52 106 108 98 15 91 16 28 71 49 67 56 58 12 47 26 102 104 60 105 13 3 95 30 41 88 6 1 38 43 53 50 72 73 76 34 4 89 40 48 62 87 63 86 21 18 61 96 97 65 
0 19 31 77 90 23 79 55 107 24 29 27 54 92 46 17 8 9 75 85 7 35 20 11 59 22 42 25 70 44 37 45 83 109 68 94 81 93 5 32 51 2 69 82 36 78 84 103 100 39 101 74 10 99 64 33 14 57 80 66 52 106 108 98 15 91 16 28 71 49 67 56 58 12 47 26 102 104 60 105 13 3 95 30 41 88 6 1 38 43 53 50 72 73 76 34 4 89 40 48 87 62 63 86 21 18 61 96 97 65 
0 19 31 77 90 23 79 55 107 24 29 27 54 92 46 17 8 9 75 85 7 35 20 11 59 22 42 25 70 44 37 45 83 109 68 94 81 93 5 32 51 2 69 82 36 78 84 74 100 39 101 103 10 99 64 33 14 57 80 66 52 106 108 98 15 91 16 28 71 49 67 56 58 12 47 26 102 104 60 105 13 3 95 30 41 88 6 1 38 43 53 50 72 73 76 34 4 89 40 48 62 87 63 86 21 18 61 96 97 65 
0 19 31 77 90 23 79 55 107 24 29 27 54 46 92 17 8 9 75 85 7 35 20 11 59 22 42 25 70 44 37 45 83 109 68 94 81 93 5 32 51 2 69 82 36 78 84 103 100 39 101 74 10 99 64 33 14 57 80 66 52 106 108 98 15 91 16 28 71 49 67 56 58 12 47 26 102 104 60 105 13 3 95 30 41 88 6 1 38 43 53 50 72 73 76 34 4 89 40 48 62 87 63 86 21 18 61 96 97 65 
0 19 31 77 90 23 79 55 107 24 29 27 54 92 46 17 8 9 75 85 7 35 20 11 59 22 42 25 70 44 37 45 83 109 68 94 81 93 5 32 51 2 69 82 36 78 84 103 100 39 101 74 10 99 64 33 14 57 80 66 52 106 108 98 15 91 16 28 71 49 67 56 58 12 47 26 102 104 60 105 13 3 95 30 41 88 6 1 38 43 53 50 72 73 76 34 4 89 40 48 62 87 63 86 21 61 18 96 97 65 
0 19 31 77 90 23 79 55 107 24 29 27 54 92 46 17 8 9 75 85 7 35 20 11 59 22 42 25 70 44 37 45 83 109 68 94 81 93 5 32 51 2 69 82 36 78 84 103 100 39 101 74 10 99 64 33 14 57 80 66 52 106 108 98 15 91 16 28 71 49 67 56 58 12 47 26 102 104 60 105 13 3 95 30 41 88 6 1 38 43 53 50 72 73 76 34 4 89 40 48 62 87 63 86 18 61 96 21 97 65 
0 19 31 77 90 23 79 55 107 24 29 27 54 92 46 17 8 9 75 85 7 35 20 11 59 22 42 25 70 44 37 45 83 109 68 94 81 93 5 32 51 2 69 82 36 78 84 100 39 103 101 74 10 99 64 33 14 57 80 66 52 106 108 98 15 91 16 28 71 49 67 56 58 12 47 26 102 104 60 105 13 3 95 30 41 88 6 1 38 43 53 50 72 73 76 34 4 89 40 48 62 87 63 86 21 18 61 96 97 65 
0 19 31 77 90 23 79 55 107 24 29 27 54 92 46 17 8 9 75 85 7 35 20 11 59 22 42 25 70 44 37 45 83 109 68 94 81 93 5 32 51 2 69 82 36 78 84 103 100 39 101 74 10 99 64 33 14 57 80 66 52 106 108 98 15 91 16 28 71 49 67 56 58 12 47 26 104 60 105 13 3 95 30 41 88 6 1 102 38 43 53 50 72 73 76 34 4 89 40 48 62 87 63 86 21 18 61 96 97 65 
0 19 31 77 90 23 79 55 107 24 29 27 54 92 46 17 8 9 75 85 7 35 20 11 59 22 42 25 70 44 37 45 83 109 68 94 81 93 5 32 51 2 69 82 36 78 84 103 100 39 101 74 10 99 64 33 14 57 80 66 52 106 108 98 15 91 16 28 71 49 67 56 58 12 47 26 102 104 60 105 13 3 95 30 41 88 6 1 38 43 53 50 72 73 76 34 4 89 40 48 62 96 63 86 21 18 61 87 97 65 
0 19 31 77 90 23 79 55 107 24 29 27 54 92 46 17 8 9 75 85 7 35 20 11 59 22 42 25 70 44 37 45 83 109 68 94 81 93 5 32 51 2 69 82 36 78 84 103 100 39 101 74 10 99 64 33 14 57 80 66 52 106 108 98 15 91 16 28 71 49 67 56 58 12 47 26 102 104 60 105 13 3 95 30 41 88 6 1 38 43 53 50 72 73 76 34 4 89 40 48 87 63 62 86 21 18 61 96 97 65 
0 19 31 77 90 23 79 55 107 24 29 17 46 92 54 27 8 9 75 85 7 35 20 11 59 22 42 25 70 44 37 45 83 109 68 94 81 93 5 32 51 2 69 82 36 78 84 103 100 39 101 74 10 99 64 33 14 57 80 66 52 106 108 98 15 91 16 28 49 67 71 56 58 12 47 26 102 104 60 105 13 3 95 30 41 88 6 1 38 43 53 50 72 73 76 34 4 89 40 48 62 87 63 86 21 18 61 96 97 65 
0 19 31 77 90 23 79 55 107 24 29 27 54 92 46 17 8 9 75 85 7 35 20 11 59 22 42 25 70 44 37 45 83 109 68 94 81 93 5 32 51 2 69 82 36 78 84 103 100 39 101 74 10 99 64 33 14 57 80 66 52 106 108 98 15 91 16 28 71 49 67 56 58 12 47 26 102 104 60 105 13 3 95 30 41 88 6 1 38 43 53 50 72 73 76 34 4 89 40 48 63 87 62 86 21 18 61 96 97 65 
0 19 31 77 90 23 79 55 107 24 29 27 54 92 46 17 8 9 75 85 7 35 20 11 59 22 42 25 70 44 37 45 83 109 68 94 81 93 5 32 51 2 69 82 36 78 84 103 100 39 101 74 10 99 64 33 14 57 80 66 52 106 108 98 15 91 16 28 71 49 67 56 58 12 47 26 102 104 60 105 13 3 95 30 41 88 6 1 38 43 53 50 72 73 76 34 4 89 40 48 63 87 62 86 21 18 61 96 97 65 
0 19 31 77 90 23 79 55 107 24 29 27 54 92 46 17 8 9 75 85 7 35 20 11 59 22 42 25 70 44 37 45 83 109 68 94 81 93 5 32 51 2 69 82 36 78 84 103 100 39 101 74 10 99 64 33 14 57 80 66 52 106 108 98 15 91 16 28 71 49 67 56 58 12 47 26 102 104 60 105 13 3 95 30 41 88 6 1 38 43 53 50 72 73 76 34 4 89 40 48 62 63 86 21 87 18 61 96 97 65 
0 19 31 77 90 23 79 55 107 24 29 27 54 92 46 17 8 9 75 85 7 35 20 11 59 22 42 25 70 44 37 45 83 69 2 51 32 5 93 81 94 68 109 82 36 78 84 103 100 39 101 74 10 99 64 33 14 57 80 66 52 106 108 98 15 91 16 28 71 49 67 56 58 12 47 26 102 104 60 105 13 3 95 30 41 88 6 1 38 43 53 50 72 73 76 34 4 89 40 48 62 87 63 86 21 18 61 96 97 65 
0 19 31 77 90 23 79 55 107 24 29 27 54 92 46 17 8 9 75 85 7 35 20 11 59 22 42 25 70 44 37 45 83 109 68 94 81 93 5 32 51 2 69 82 36 78 84 103 100 39 101 74 10 99 64 33 14 57 80 66 52 106 108 98 15 91 16 28 71 49 67 56 58 12 47 26 102 104 60 105 13 3 95 30 41 88 6 1 38 53 50 72 73 43 76 34 4 89 40 48 62 87 63 86 21 18 61 96 97 65 
0 19 31 77 90 23 79 55 107 24 29 27 54 92 46 17 8 9 75 85 7 35 20 11 59 22 42 25 70 44 37 45 83 109 68 94 81 93 5 32 51 2 69 82 36 78 84 103 100 39 101 74 10 99 64 33 14 57 80 66 52 106 108 98 15 91 16 28 71 49 67 56 58 12 47 26 102 104 60 105 13 3 95 30 41 88 6 1 38 43 53 50 72 73 76 48 40 89 4 34 62 87 63 86 21 18 61 96 97 65 
0 19 31 77 90 23 79 55 107 24 29 27 54 92 46 17 8 9 75 85 7 35 20 11 59 22 42 25 70 44 37 45 83 109 68 94 81 93 5 32 51 2 69 82 36 78 84 103 100 39 101 74 10 99 64 33 14 57 80 43 52 106 108 98 15 91 16 28 71 49 67 56 58 12 47 26 102 104 60 105 13 3 95 30 41 88 6 1 38 66 53 50 72 73 76 34 4 89 40 48 62 87 63 86 21 18 61 96 97 65 
0 19 31 77 90 23 79 55 107 24 29 27 54 92 46 17 8 9 75 85 7 35 20 11 59 22 42 25 70 44 37 45 83 109 68 94 81 93 5 32 51 2 69 82 36 52 66 80 57 14 33 64 99 10 74 101 39 100 103 84 78 106 108 98 15 91 16 28 71 49 67 56 58 12 47 26 102 104 60 105 13 3 95 30 41 88 6 1 38 43 53 50 72 73 76 34 4 89 40 48 62 87 63 86 21 18 61 96 97 65 
0 19 31 77 90 23 79 55 107 24 29 27 54 92 46 17 8 9 75 85 7 35 20 11 59 22 42 25 70 44 37 45 83 109 68 94 81 93 5 32 51 2 69 82 36 34 84 103 100 39 101 74 10 99 64 33 14 57 80 66 52 106 108 98 15 91 16 28 71 49 67 56 58 12 47 26 102 104 60 105 13 3 95 30 41 88 6 1 38 43 53 50 72 73 76 78 4 89 40 48 62 87 63 86 21 18 61 96 97 65 
0 19 31 77 90 23 79 55 107 24 29 27 54 92 46 17 8 9 75 85 7 35 20 11 59 22 42 25 70 44 37 45 83 109 68 94 81 93 5 32 51 2 69 82 36 78 103 100 39 84 101 74 10 99 64 33 14 57 80 66 52 106 108 98 15 91 16 28 71 49 67 56 58 12 47 26 102 104 60 105 13 3 95 30 41 88 6 1 38 43 53 50 72 73 76 34 4 89 40 48 62 87 63 86 21 18 61 96 97 65 
0 19 31 77 90 23 79 55 107 24 29 27 54 92 46 17 8 9 75 85 7 35 20 11 59 22 42 25 70 44 37 45 83 109 68 94 81 93 5 32 51 2 69 82 36 78 84 103 100 39 101 74 10 99 64 33 14 57 80 66 52 106 108 98 91 16 28 71 49 67 56 58 15 12 47 26 102 104 60 105 13 3 95 30 41 88 6 1 38 43 53 50 72 73 76 34 4 89 40 48 62 87 63 86 21 18 61 96 97 65 
0 19 31 77 90 23 79 55 107 24 29 27 54 92 46 17 8 9 75 85 7 35 20 11 59 22 42 25 70 44 45 83 109 37 68 94 81 93 5 32 51 2 69 82 36 78 84 103 100 39 101 74 10 99 64 33 14 57 80 66 52 106 108 98 15 91 16 28 71 49 67 56 58 12 47 26 102 104 60 105 13 3 95 30 41 88 6 1 38 43 53 50 72 73 76 34 4 89 40 48 62 87 63 86 21 18 61 96 97 65 
0 19 31 77 90 23 79 55 107 24 29 27 54 92 46 17 8 9 75 85 7 35 20 11 59 22 42 25 70 44 45 83 109 37 68 94 81 93 5 32 51 2 69 82 36 78 84 103 100 39 101 74 10 99 64 33 14 57 80 66 52 106 108 98 15 91 16 28 71 49 67 56 58 12 47 26 102 104 60 105 13 3 95 30 41 88 6 1 38 43 53 50 72 73 76 34 4 89 40 48 62 87 63 86 21 18 61 96 97 65 
0 19 31 77 90 23 79 55 107 24 29 27 54 92 46 17 8 9 75 85 7 35 20 11 59 22 42 25 70 44 37 45 83 109 68 94 81 93 5 32 51 2 69 82 36 78 84 103 100 39 101 74 10 99 64 33 14 57 80 66 52 106 108 98 15 91 16 38 71 49 67 56 58 12 47 26 102 104 60 105 13 3 95 30 41 88 6 1 28 43 53 50 72 73 76 34 4 89 40 48 62 87 63 86 21 18 61 96 97 65 
0 19 31 77 90 23 79 55 107 24 29 27 54 92 46 17 8 9 75 85 7 35 20 11 59 22 42 25 70 44 37 45 83 109 68 94 81 93 5 32 51 2 69 82 36 78 84 103 100 39 101 74 10 99 64 33 14 57 80 66 52 106 108 98 15 91 16 28 71 49 67 56 58 12 47 26 102 104 60 105 13 3 95 30 41 88 6 1 38 43 53 50 72 73 76 34 4 89 40 48 87 63 86 21 62 18 61 96 97 65 
0 19 31 77 90 23 79 55 107 24 29 27 54 92 46 17 8 9 75 85 7 35 20 11 59 22 42 25 70 44 37 45 83 109 68 94 81 93 5 32 51 2 69 82 36 57 84 103 100 39 101 74 10 99 64 33 14 78 80 66 52 106 108 98 15 91 16 28 71 49 67 56 58 12 47 26 102 104 60 105 13 3 95 30 41 88 6 1 38 43 53 50 72 73 76 34 4 89 40 48 62 87 63 86 21 18 61 96 97 65 
0 19 31 77 90 23 79 55 107 24 29 27 54 92 46 17 8 9 75 85 7 35 20 11 59 22 42 25 70 44 37 45 83 109 68 94 81 93 5 32 51 2 69 82 36 78 84 103 100 39 101 74 10 99 64 33 14 57 80 66 52 106 108 98 15 91 16 28 71 49 67 56 58 12 47 26 102 104 60 105 13 3 95 30 41 88 6 1 38 43 50 72 73 76 34 4 89 53 40 48 62 87 63 86 21 18 61 96 97 65 
0 19 31 77 90 23 79 55 107 24 29 27 54 92 46 17 8 9 75 85 7 35 20 11 59 22 42 25 70 44 37 45 83 109 68 94 81 93 5 32 51 2 69 82 36 78 84 103 100 39 101 74 10 99 64 33 14 57 80 66 52 106 108 98 15 91 16 28 71 49 67 56 58 12 47 26 102 104 60 105 88 3 95 30 41 13 6 1 38 43 53 50 72 73 76 34 4 89 40 48 62 87 63 86 21 18 61 96 97 65 
0 19 31 77 90 23 79 55 107 24 29 27 54 92 46 17 8 9 75 85 7 35 20 11 59 22 42 25 70 44 37 45 83 109 68 94 81 93 5 32 51 2 69 82 36 78 84 103 100 39 101 74 10 99 64 33 14 57 80 66 52 106 108 98 15 91 16 28 71 49 67 56 58 12 47 26 102 104 60 105 13 3 95 30 41 88 6 1 50 43 53 38 72 73 76 34 4 89 40 48 62 87 63 86 21 18 61 96 97 65 
0 19 31 77 90 23 79 55 107 24 29 27 54 92 46 17 8 9 75 85 7 35 20 11 59 22 42 25 70 44 37 45 83 109 82 94 81 93 5 32 51 2 69 68 36 78 84 103 100 39 101 74 10 99 64 33 14 57 80 50 53 43 38 1 6 88 41 30 95 3 13 105 60 104 102 26 47 12 58 56 67 49 71 28 16 91 15 98 108 106 52 66 72 73 76 34 4 89 40 48 62 87 63 86 21 18 61 96 97 65 
0 19 31 77 90 23 79 55 107 24 29 27 54 92 46 17 8 9 75 85 7 35 20 11 59 22 42 25 70 44 37 45 83 109 68 94 81 93 5 32 51 2 69 82 36 34 84 103 100 39 101 74 99 64 10 33 14 57 80 66 52 106 108 98 15 91 16 28 71 49 67 56 58 12 47 26 102 104 60 105 13 3 95 30 41 88 6 1 38 43 53 50 72 73 76 78 4 89 40 48 62 87 63 86 21 18 61 96 97 65 
0 19 31 77 90 23 79 55 107 24 29 27 54 92 46 17 8 9 75 85 7 35 20 11 59 22 42 25 70 44 37 45 83 109 68 94 81 93 5 32 51 2 69 82 36 78 84 103 100 39 101 74 10 99 64 33 14 57 80 26 47 12 58 56 67 49 28 16 91 15 98 108 106 52 66 102 104 60 105 13 3 95 30 41 88 6 1 38 43 71 53 50 72 73 76 34 4 89 40 48 62 87 63 86 21 18 61 96 97 65 
0 19 31 77 90 23 79 55 107 24 29 27 54 92 46 17 8 9 75 85 7 35 20 11 59 22 42 25 70 44 37 45 83 109 68 94 81 93 5 32 51 2 69 82 36 78 84 103 100 39 101 74 10 99 64 33 14 57 80 66 52 106 108 98 15 91 16 28 71 49 67 56 58 12 47 26 102 104 88 105 13 3 95 30 41 60 6 1 38 43 53 50 72 73 76 34 4 89 40 48 62 87 63 86 21 18 61 96 97 65 
0 19 31 77 90 23 79 55 107 24 29 27 54 92 46 17 8 9 75 85 7 35 20 11 59 22 42 25 70 44 37 45 83 109 68 94 81 93 5 32 36 2 69 82 51 78 84 103 100 39 101 74 10 99 64 33 14 57 80 66 52 106 108 98 15 91 16 28 71 49 67 56 58 12 47 26 102 104 60 105 13 3 95 30 41 88 6 1 38 43 53 50 72 73 76 34 4 89 40 48 62 87 63 86 21 18 61 96 97 65 
0 19 31 77 90 23 79 55 107 24 29 27 54 92 46 17 8 9 75 85 7 35 20 11 59 22 42 25 70 44 37 45 83 109 68 94 81 93 5 32 51 2 69 82 36 78 84 106 100 39 101 74 10 99 64 33 14 57 80 66 52 103 108 98 15 91 16 28 71 49 67 56 58 12 47 26 102 104 60 105 13 3 95 30 41 88 6 1 38 43 53 50 72 73 76 34 4 89 40 48 62 87 63 86 21 18 61 96 97 65 
0 19 31 77 90 23 79 55 107 24 29 27 54 92 46 17 8 9 75 85 7 35 20 11 59 22 42 25 70 44 37 45 83 109 68 94 81 93 5 32 51 2 69 82 36 78 84 103 100 39 101 74 10 99 64 33 14 57 80 66 52 106 108 98 15 91 16 28 71 49 67 56 58 12 47 26 102 104 60 105 13 3 30 41 88 6 1 38 43 95 53 50 72 73 76 34 4 89 40 48 62 87 63 86 21 18 61 96 97 65 
0 19 31 77 90 23 79 55 107 24 29 27 54 92 46 17 8 9 75 85 7 35 20 11 59 22 42 25 70 44 37 45 83 109 68 94 81 93 5 32 51 2 69 82 36 78 84 103 100 39 101 74 10 99 64 33 14 57 80 15 52 106 108 98 66 91 16 28 71 49 67 56 58 12 47 26 102 104 60 105 13 3 95 30 41 88 6 1 38 43 53 50 72 73 76 34 4 89 40 48 62 87 63 86 21 18 61 96 97 65 
0 19 31 77 90 23 79 55 107 24 29 27 54 92 46 17 8 9 75 85 7 35 20 11 59 22 42 25 70 44 37 45 83 109 68 94 81 93 5 32 51 2 69 82 36 78 84 103 100 39 101 74 10 99 64 33 14 57 80 15 52 106 108 98 66 91 16 28 71 49 67 56 58 12 47 26 102 104 60 105 13 3 95 30 41 88 6 1 38 43 53 50 72 73 76 34 4 89 40 48 62 87 63 86 21 18 61 96 97 65 
0 19 31 77 90 23 79 55 107 24 29 27 54 92 46 17 8 9 75 85 7 35 20 11 59 22 42 25 70 44 37 45 4 109 68 94 81 93 5 32 51 2 69 82 36 78 84 103 100 39 101 74 10 99 64 33 14 57 80 66 52 106 108 98 15 91 16 28 71 49 67 56 58 12 47 26 102 104 60 105 13 3 95 30 41 88 6 1 38 43 53 50 72 73 76 34 83 89 40 48 62 87 63 86 21 18 61 96 97 65 
0 19 31 77 90 23 79 55 107 24 29 27 54 92 46 17 8 9 75 85 7 35 20 11 59 22 42 25 70 44 37 45 83 109 68 94 81 93 5 32 51 2 69 82 36 78 84 103 100 39 101 74 10 99 64 33 14 80 66 52 106 108 98 15 91 16 28 71 49 67 56 58 12 47 26 102 104 60 105 13 3 95 30 41 88 57 6 1 38 43 53 50 72 73 76 34 4 89 40 48 62 87 63 86 21 18 61 96 97 65 
0 19 31 77 90 23 79 55 107 11 20 35 7 85 75 9 8 17 46 92 54 27 29 24 59 22 42 25 70 44 37 45 83 109 68 94 81 93 5 32 51 2 69 82 36 78 84 103 100 39 101 74 10 99 64 33 14 57 80 66 52 106 108 98 15 91 16 28 71 49 67 56 58 12 47 26 102 104 60 105 13 3 95 30 41 88 6 1 38 43 53 50 72 73 76 34 4 89 40 48 62 87 63 86 21 18 61 96 97 65 
0 19 31 77 90 23 79 55 107 24 29 27 54 92 46 17 8 9 75 85 7 35 20 11 59 22 42 25 70 44 37 45 83 109 68 94 81 93 5 32 51 2 69 82 36 78 84 103 100 39 101 74 10 99 64 33 14 57 80 66 52 106 108 98 15 91 16 28 71 49 67 56 58 12 47 26 102 104 60 13 3 95 30 41 88 6 1 38 43 53 50 105 72 73 76 34 4 89 40 48 62 87 63 86 21 18 61 96 97 65 
0 19 31 77 90 23 79 55 107 24 29 27 54 92 46 17 8 9 75 85 7 35 20 11 59 22 42 25 70 44 37 45 83 109 68 94 81 93 5 32 51 2 69 82 36 78 84 103 100 39 101 74 52 99 64 33 14 57 80 66 10 106 108 98 15 91 16 28 71 49 67 56 58 12 47 26 102 104 60 105 13 3 95 30 41 88 6 1 38 43 53 50 72 73 76 34 4 89 40 48 62 87 63 86 21 18 61 96 97 65 
0 19 31 77 90 23 79 55 107 24 29 27 54 92 46 17 8 9 75 85 7 35 20 11 59 22 42 25 70 44 37 45 83 109 68 94 81 93 5 32 51 2 69 82 36 78 84 103 100 39 101 74 10 99 33 14 57 80 66 52 106 108 98 15 91 16 28 71 49 67 56 58 12 47 26 102 104 60 105 13 3 95 30 41 88 6 1 38 43 53 50 72 73 76 34 4 89 40 48 64 62 87 63 86 21 18 61 96 97 65 
0 19 31 77 90 23 79 55 107 24 29 27 54 92 46 17 8 9 75 85 7 35 20 11 59 22 42 25 70 44 37 45 83 109 68 81 93 5 32 51 2 69 82 36 78 84 103 100 94 39 101 74 10 99 64 33 14 57 80 66 52 106 108 98 15 91 16 28 71 49 67 56 58 12 47 26 102 104 60 105 13 3 95 30 41 88 6 1 38 43 53 50 72 73 76 34 4 89 40 48 62 87 63 86 21 18 61 96 97 65 
0 19 31 77 90 23 79 55 107 24 29 27 54 92 46 17 8 9 75 85 7 35 20 11 59 22 42 25 44 37 45 83 109 68 94 81 93 5 32 51 2 69 82 36 78 84 103 100 39 101 74 10 99 64 33 14 57 80 66 52 106 108 98 15 91 16 28 71 49 67 56 58 12 47 26 102 104 60 105 13 3 95 30 41 88 6 1 38 43 53 50 72 73 70 76 34 4 89 40 48 62 87 63 86 21 18 61 96 97 65 
0 19 31 77 90 23 79 55 107 24 29 27 54 92 46 17 8 9 75 85 7 35 20 11 59 22 42 25 70 44 37 45 83 109 68 94 81 93 5 32 51 2 69 82 36 78 84 103 100 39 101 74 10 99 64 33 14 57 80 66 52 106 108 98 95 3 13 105 60 104 102 26 47 12 58 56 67 49 71 28 16 91 15 30 41 88 6 1 38 43 53 50 72 73 76 34 4 89 40 48 62 87 63 86 21 18 61 96 97 65 
0 19 31 77 90 23 79 55 107 24 29 27 54 92 46 17 8 9 75 85 7 35 20 11 59 22 42 25 70 44 37 45 83 109 68 94 81 93 5 32 51 2 69 82 36 78 84 103 100 39 101 57 80 66 52 106 108 98 15 91 16 28 71 49 67 56 58 74 10 99 64 33 14 12 47 26 102 104 60 105 13 3 95 30 41 88 6 1 38 43 53 50 72 73 76 34 4 89 40 48 62 87 63 86 21 18 61 96 97 65 
0 19 31 77 90 23 79 55 107 24 29 27 54 92 46 17 8 9 75 85 7 35 20 11 59 22 42 25 70 44 37 45 83 109 68 94 81 93 5 32 51 2 69 82 36 78 84 103 100 39 101 74 10 99 64 33 14 57 80 66 52 106 108 98 15 91 16 28 71 49 67 56 58 12 47 26 102 104 60 105 13 3 95 30 41 88 6 1 38 43 53 50 72 73 76 34 4 40 48 62 87 89 63 86 21 18 61 96 97 65 
0 19 31 77 90 23 79 55 44 70 25 42 22 59 11 20 35 7 85 75 9 8 17 46 92 54 27 29 24 107 37 45 83 109 68 94 81 93 5 32 51 2 69 82 36 78 84 103 100 39 101 74 10 99 64 33 14 57 80 66 52 106 108 98 15 91 16 28 71 49 67 56 58 12 47 26 102 104 60 105 13 3 95 30 41 88 6 1 38 43 53 50 72 73 76 34 4 89 40 48 62 87 63 86 21 18 61 96 97 65 
0 19 31 77 90 23 79 55 107 24 29 27 54 92 46 17 8 9 75 85 7 35 11 59 22 42 25 70 44 37 45 83 109 68 94 81 93 5 32 51 2 69 82 36 78 84 103 100 39 101 74 10 99 64 33 14 57 80 66 52 106 108 98 15 91 16 28 49 67 71 56 58 12 47 26 102 104 60 105 13 3 95 30 41 88 6 1 38 43 53 50 72 73 76 34 20 4 89 40 48 62 87 63 86 21 18 61 96 97 65 
0 19 31 77 90 23 79 55 107 24 29 27 54 92 46 17 8 9 75 85 7 35 20 11 59 22 42 25 70 44 37 45 83 109 68 94 81 93 5 32 51 2 69 82 36 78 84 103 100 39 101 74 10 99 64 33 14 57 80 66 52 106 108 98 15 91 16 28 71 49 67 56 58 12 47 26 102 104 60 105 13 3 95 30 41 88 6 1 38 43 53 50 72 73 76 87 62 48 40 89 4 34 63 86 21 18 61 96 97 65 
0 19 31 8 17 46 92 54 27 29 24 107 55 79 23 90 77 9 75 85 7 35 20 11 59 22 42 25 70 44 37 45 83 109 68 94 81 93 5 32 51 2 69 82 36 78 84 103 100 39 101 74 10 99 64 33 14 57 80 66 52 106 108 98 15 91 16 28 71 49 67 56 58 12 47 26 102 104 60 105 13 3 95 30 41 88 6 1 38 43 53 50 72 73 76 34 4 89 40 48 62 87 63 86 21 18 61 96 97 65 
0 19 31 77 90 23 79 55 107 24 29 27 54 92 46 17 8 9 75 85 7 35 20 11 59 22 42 25 70 44 37 45 83 109 68 94 81 93 5 32 51 2 69 82 36 78 84 103 100 39 101 74 10 99 64 33 14 57 80 66 52 106 56 67 49 28 16 91 15 98 108 58 12 47 26 102 104 60 105 13 3 95 30 41 88 6 1 38 43 53 50 72 73 76 34 4 89 71 40 48 62 87 63 86 21 18 61 96 97 65 
0 19 31 77 90 23 79 55 107 24 29 27 54 92 46 17 8 9 75 85 7 35 20 11 59 22 42 25 70 44 37 45 83 109 68 94 81 93 5 32 51 2 69 82 36 78 84 103 100 39 101 74 10 99 64 33 14 57 80 66 52 106 108 98 43 91 16 28 71 49 67 56 58 12 47 26 102 104 60 105 13 3 95 30 41 88 6 1 38 15 53 50 72 73 76 34 4 89 40 48 62 87 63 86 21 18 61 96 97 65 
0 19 31 77 90 23 79 55 107 24 29 27 54 92 46 17 8 9 75 85 7 35 20 11 59 22 42 25 70 44 37 45 83 109 68 94 81 93 5 32 51 2 69 82 36 78 84 103 100 101 74 10 99 64 33 14 57 80 66 52 106 108 98 15 91 16 28 71 49 67 56 58 12 39 47 26 102 104 60 105 13 3 95 30 41 88 6 1 38 43 53 50 72 73 76 34 4 89 40 48 62 87 63 86 21 18 61 96 97 65 
0 19 31 77 90 23 79 55 107 24 29 27 54 92 46 17 8 9 75 85 7 35 11 59 22 42 25 70 44 37 45 83 109 68 94 81 93 5 32 51 2 69 82 36 78 84 103 100 20 39 101 74 10 99 64 33 14 57 80 66 52 106 108 98 15 91 16 28 71 49 67 56 58 12 47 26 102 104 60 105 13 3 95 30 41 88 6 1 38 43 53 50 72 73 76 34 4 89 40 48 62 87 63 86 21 18 61 96 97 65 
0 19 31 77 90 23 79 55 107 24 29 27 54 92 46 17 8 9 75 85 7 35 20 11 59 22 42 25 70 44 37 45 83 109 68 94 81 93 5 32 51 2 69 82 36 78 84 103 100 39 101 74 10 99 64 33 14 57 80 66 52 106 108 98 15 91 16 28 71 49 67 56 58 12 47 26 102 104 60 105 13 3 95 30 41 88 1 38 43 53 50 72 73 76 34 4 89 40 48 62 87 6 63 86 21 18 61 96 97 65 
0 19 31 77 90 23 79 55 107 24 29 27 54 92 46 17 8 9 75 85 7 35 20 11 59 22 42 70 44 37 45 83 109 68 94 81 93 5 32 51 2 69 82 36 78 84 103 100 39 101 74 10 99 64 33 14 57 80 66 52 106 108 98 15 91 16 28 71 49 67 56 58 12 47 26 102 104 60 105 13 3 95 30 41 88 6 1 38 43 53 50 25 72 73 76 34 4 89 40 48 62 87 63 86 21 18 61 96 97 65 
0 19 31 77 90 23 79 55 107 24 29 27 54 92 46 17 8 9 75 85 7 35 11 59 22 42 25 70 20 44 37 45 83 109 68 94 81 93 5 32 51 2 69 82 36 78 84 103 100 39 101 74 58 56 67 49 71 28 16 91 15 98 108 106 52 66 80 57 14 33 64 99 10 12 47 26 102 104 60 105 13 3 95 30 41 88 6 1 38 43 53 50 73 72 76 34 4 89 40 48 62 87 63 96 86 21 18 61 97 65 
0 19 31 77 90 23 79 55 107 24 29 27 54 92 46 17 8 9 75 85 7 35 20 11 59 22 42 25 70 44 37 45 83 109 68 94 81 93 5 32 51 2 69 82 36 84 103 100 39 101 74 10 99 64 33 14 57 80 66 52 106 108 98 15 91 16 28 71 49 67 56 58 12 47 26 102 104 60 105 13 78 3 95 30 41 88 6 1 38 43 53 50 72 73 76 34 4 89 40 48 62 87 63 86 21 18 61 96 97 65 
0 19 31 77 90 23 79 55 107 24 29 27 54 92 46 17 8 9 75 85 7 35 20 11 59 22 42 25 70 44 37 45 83 109 68 94 81 93 5 32 51 62 48 40 89 4 34 76 73 72 50 53 43 38 1 6 88 41 30 95 3 13 105 60 104 102 26 47 12 58 56 67 49 71 28 16 91 15 98 108 106 52 66 80 57 14 33 64 99 10 74 101 39 100 103 84 78 36 82 69 2 87 63 86 21 18 61 96 97 65 
0 19 31 77 90 23 79 55 107 24 29 27 54 92 46 17 8 9 75 85 7 35 20 11 59 22 42 25 70 44 37 45 83 109 68 94 57 80 66 52 106 108 98 15 91 16 28 71 49 67 56 81 93 5 32 51 2 69 82 36 78 84 103 100 39 101 74 10 99 64 33 14 58 12 47 26 102 104 60 105 13 3 95 30 41 88 6 1 38 43 53 50 72 73 76 34 4 89 40 48 62 87 63 86 21 18 61 96 97 65 
0 19 31 77 90 23 79 55 107 24 29 27 54 92 46 17 8 9 75 85 7 35 20 11 59 22 42 25 70 44 37 45 83 109 68 94 81 93 5 32 51 2 69 82 36 78 84 103 100 39 101 74 10 99 64 33 14 57 80 66 52 106 108 98 15 91 16 28 71 49 67 56 58 12 47 26 102 104 60 105 13 3 95 30 41 88 6 1 18 21 86 63 87 62 48 40 89 4 34 76 73 72 50 53 43 38 61 96 97 65 
0 19 31 77 90 23 79 55 107 24 29 27 54 92 46 17 8 9 75 85 7 35 20 11 59 22 42 25 70 44 37 45 83 109 68 94 81 93 5 32 51 2 69 82 36 78 84 103 100 39 101 74 10 99 64 96 61 18 21 86 63 87 62 48 40 89 4 34 76 73 72 50 53 43 38 1 6 88 41 30 95 3 13 105 60 104 102 26 47 12 58 56 67 49 71 28 16 91 15 98 108 106 52 66 80 57 14 33 97 65 
0 19 31 77 90 23 79 55 107 24 29 27 54 92 46 17 8 9 75 85 7 35 20 11 59 22 42 25 70 44 37 45 83 109 68 94 81 93 5 32 51 2 69 82 36 34 84 103 100 39 101 74 10 99 64 33 14 57 80 66 52 106 108 98 15 91 16 28 71 49 67 56 58 12 47 26 102 104 60 105 13 3 95 30 41 88 6 1 38 43 53 50 73 76 78 4 89 40 48 62 87 63 86 21 18 61 96 72 97 65 
0 19 31 77 90 23 79 55 107 24 29 85 54 92 46 17 8 9 75 27 7 35 20 11 59 22 42 25 70 44 37 45 83 109 68 81 93 5 32 51 2 69 82 36 78 84 103 100 39 101 74 10 99 94 64 33 14 57 80 66 52 106 108 98 15 91 16 28 71 49 67 56 58 12 47 26 102 104 60 105 13 3 95 30 41 88 6 1 38 43 53 50 72 73 76 34 4 89 40 48 62 87 63 86 21 18 61 96 97 65 
0 19 31 77 90 23 79 55 107 24 29 27 54 46 17 8 9 75 85 7 35 20 11 59 22 42 25 70 44 37 45 83 109 68 94 81 93 5 32 51 2 69 82 36 78 84 103 100 39 101 74 10 99 64 33 14 57 80 66 52 106 108 98 15 91 16 28 71 49 67 56 58 12 47 26 102 104 60 105 13 3 95 30 41 88 6 1 38 43 53 50 72 73 76 34 4 89 40 48 62 87 63 86 21 18 61 96 97 92 65 
0 19 31 77 90 23 79 55 107 24 29 27 54 92 46 17 8 9 75 85 7 35 20 11 59 22 42 25 70 44 37 45 83 109 68 94 81 93 5 32 51 2 69 82 49 36 78 84 103 100 39 101 74 10 99 64 33 14 57 66 52 106 108 98 15 91 16 28 71 67 56 58 12 47 26 102 104 60 105 13 3 95 30 41 88 6 1 38 80 43 53 50 72 48 40 89 4 34 76 73 62 87 63 86 21 18 61 96 97 65 
0 19 31 77 90 23 79 55 107 24 29 27 54 92 46 17 8 9 75 85 7 76 73 72 50 53 43 38 1 6 88 41 30 95 3 13 105 60 104 102 26 47 12 58 56 67 49 71 28 16 91 15 98 108 106 52 66 80 57 14 33 64 99 10 74 101 39 100 103 84 78 36 82 69 2 51 32 5 93 81 94 68 109 83 45 37 44 70 25 42 22 59 11 20 35 34 4 89 40 48 62 87 63 86 21 18 61 96 97 65 
0 19 31 77 90 23 79 55 107 24 29 27 54 92 46 17 8 9 75 85 7 35 20 11 59 22 42 25 70 44 37 45 83 109 68 94 81 93 5 32 51 2 69 82 36 78 84 103 100 101 74 10 99 64 33 14 57 80 66 52 106 108 98 15 91 16 28 71 49 67 56 58 12 47 26 102 104 60 105 13 3 95 30 41 88 6 1 39 38 43 53 50 72 73 76 34 4 89 40 48 62 87 63 86 21 18 61 96 97 65 
0 19 31 77 90 23 79 55 107 24 29 27 54 92 46 17 8 9 75 85 7 35 20 11 59 22 42 25 70 44 37 45 83 109 68 94 81 93 5 32 51 2 69 82 36 78 84 103 100 39 101 74 10 99 64 33 14 57 80 66 52 106 108 98 15 91 16 28 71 49 67 56 58 12 47 26 102 104 60 105 13 3 95 30 41 88 6 1 38 43 53 50 72 73 76 34 4 89 40 62 87 63 86 21 18 61 96 97 48 65 
0 19 31 77 90 23 79 55 107 24 29 27 54 92 46 17 8 9 75 85 7 35 20 11 97 22 42 25 70 44 37 45 83 109 68 94 81 93 5 32 51 2 69 82 36 78 84 103 100 39 101 74 10 99 64 33 14 57 80 66 52 106 108 98 15 91 16 28 71 49 67 56 58 12 47 26 102 104 60 105 13 3 95 30 41 88 6 1 38 43 53 50 72 73 76 34 4 89 40 48 62 87 63 86 21 18 61 96 59 65 
0 19 31 77 90 23 79 55 107 24 29 27 54 92 46 17 8 9 75 85 7 35 20 11 59 22 42 25 70 44 37 45 83 109 68 94 81 93 5 32 51 2 69 82 36 78 84 103 100 39 101 74 10 99 64 33 14 57 80 66 52 106 108 62 98 15 91 16 28 71 49 67 56 58 12 47 26 102 104 60 105 13 3 95 30 41 88 6 1 38 43 53 50 72 73 76 34 4 89 40 48 87 63 86 21 18 61 96 97 65 
0 19 31 77 90 23 79 55 107 24 29 27 54 92 46 17 8 9 75 85 7 35 20 11 59 22 42 25 70 44 37 45 83 109 68 94 81 93 5 32 51 2 69 82 36 78 84 103 100 39 101 74 10 99 64 33 14 57 80 66 52 106 105 98 15 91 16 28 71 49 67 56 58 12 47 26 102 104 60 108 13 3 95 30 41 88 6 1 38 43 53 50 72 73 76 34 4 89 40 48 62 87 63 86 21 18 61 96 97 65 
0 19 31 77 90 23 79 55 107 24 29 27 54 92 46 17 8 9 75 85 7 35 20 11 59 22 42 25 70 44 37 45 83 109 68 94 81 93 6 88 41 30 95 3 13 105 60 104 102 26 47 12 58 56 67 49 71 28 16 91 15 98 108 106 52 66 80 57 14 33 64 99 10 74 101 39 100 103 84 78 36 82 69 2 51 32 5 1 38 43 53 50 72 73 76 34 4 89 40 48 62 87 63 86 21 18 61 96 97 65 
0 19 31 77 90 23 79 55 107 24 29 27 54 92 46 17 8 9 75 85 7 35 20 11 59 22 42 25 70 44 37 45 83 109 68 94 81 93 5 32 51 2 69 82 36 78 84 103 100 39 101 74 10 26 64 33 14 57 80 66 52 106 108 98 15 91 16 28 71 49 67 56 58 12 47 99 102 104 60 105 13 3 95 30 41 88 6 1 38 43 53 50 72 73 76 34 4 89 40 48 62 87 63 86 21 18 61 96 97 65 
0 19 31 77 90 23 79 55 107 24 29 27 54 92 46 17 8 9 75 85 7 35 20 11 59 22 42 25 70 44 37 45 83 109 68 94 81 105 60 104 102 26 47 12 58 56 67 49 71 28 16 91 15 98 108 106 52 66 80 57 14 33 64 99 10 74 101 39 100 103 84 78 36 82 69 2 51 32 5 93 13 3 95 30 41 88 6 1 38 43 53 50 72 73 76 34 4 89 40 48 62 87 63 86 21 18 61 96 97 65 
0 19 31 77 90 23 79 55 107 24 29 27 54 92 46 17 8 9 75 85 7 35 20 11 59 22 42 25 70 44 37 45 83 109 68 94 81 93 5 32 51 2 69 82 36 78 84 103 100 39 101 74 10 99 64 33 60 57 80 66 52 106 108 98 15 91 16 28 71 49 67 56 58 12 47 26 102 104 14 105 13 3 95 30 41 88 6 1 38 43 53 50 72 73 76 34 4 89 40 48 62 87 63 86 21 18 61 96 97 65 
0 19 31 77 90 23 79 55 107 24 29 27 54 92 46 17 8 9 75 85 7 35 20 11 59 22 42 25 70 44 37 45 83 109 68 94 81 93 5 32 51 2 69 82 36 78 84 103 100 39 101 74 10 99 64 33 14 57 80 66 52 106 108 15 91 16 28 71 49 67 56 58 12 47 26 102 104 60 105 13 3 95 30 41 88 6 1 38 43 53 50 72 73 76 34 4 89 40 48 62 87 63 86 21 18 61 96 98 97 65 
0 19 31 77 90 23 79 55 107 24 29 27 54 92 46 17 8 9 75 85 7 35 20 11 59 22 42 25 70 44 37 45 83 80 66 52 106 108 98 15 91 16 28 71 49 67 56 58 12 47 26 102 104 60 64 33 14 57 109 68 94 81 93 5 32 51 2 69 82 36 78 84 103 100 39 101 74 10 99 105 13 3 95 30 41 88 6 1 38 43 53 50 72 73 76 34 4 89 40 48 62 87 63 86 21 18 61 96 97 65 
0 19 31 77 90 23 79 55 107 24 29 27 54 92 46 17 8 9 75 85 7 35 20 11 59 22 42 25 70 44 37 45 83 109 68 94 81 93 5 32 51 2 69 82 36 78 84 103 100 39 101 74 10 99 64 33 14 57 80 66 52 106 108 98 15 91 16 28 71 49 67 56 58 12 47 26 102 104 60 105 13 95 30 41 88 6 1 38 43 53 50 72 73 76 34 4 89 40 48 62 87 63 86 21 18 61 96 3 97 65 
0 19 31 77 90 23 79 55 107 24 29 27 54 92 46 17 8 9 75 85 7 35 20 11 59 22 42 25 70 44 37 45 83 109 68 94 81 93 5 32 51 2 69 82 36 34 84 103 100 39 101 74 10 99 64 78 33 14 80 66 52 106 108 98 15 91 16 28 71 49 67 56 58 12 47 26 102 104 60 105 13 3 95 30 41 88 6 1 38 43 53 50 72 73 76 4 89 40 48 62 87 63 86 21 18 61 57 96 97 65 
0 19 31 77 90 23 79 55 107 24 29 27 54 92 46 17 8 9 75 85 7 35 20 11 59 22 42 25 70 44 37 45 83 109 68 94 81 93 5 32 2 69 82 36 78 84 103 100 39 101 74 10 99 64 34 33 14 57 80 66 52 106 108 98 15 91 16 28 71 49 67 56 58 12 47 26 102 104 60 105 13 3 95 30 41 88 6 1 38 43 53 50 72 73 76 4 89 40 48 62 87 51 63 86 21 18 61 96 97 65 
0 19 31 77 90 23 79 55 107 24 29 27 54 92 46 17 8 9 75 7 35 20 11 59 22 42 25 70 44 37 45 83 109 68 94 81 93 5 32 51 2 69 85 82 36 78 84 103 100 39 101 74 10 99 64 33 14 57 80 66 104 102 26 47 12 58 56 67 49 71 28 16 91 15 98 108 106 52 60 105 13 3 95 30 41 88 6 1 38 43 53 50 72 73 76 34 4 89 40 48 62 87 63 86 21 18 61 96 97 65 
0 19 31 77 90 23 79 55 107 37 44 70 25 42 22 59 11 20 35 7 85 75 9 8 17 46 92 54 27 29 24 45 83 109 68 94 81 93 5 32 51 2 69 82 36 78 84 103 100 39 101 74 10 99 64 33 14 57 80 66 52 106 108 98 15 91 16 71 49 67 56 58 12 47 26 102 104 60 105 13 3 95 28 30 41 88 6 1 38 43 53 50 72 73 76 34 4 89 40 48 62 87 63 86 21 18 61 96 97 65 
0 19 31 77 90 23 79 55 107 24 29 27 54 92 46 17 8 9 75 85 7 35 20 11 59 22 42 25 70 44 37 45 83 109 68 94 81 93 5 32 51 2 69 82 36 78 84 103 100 39 101 74 10 99 64 33 14 57 80 66 52 106 108 98 15 91 16 28 71 49 67 56 58 12 47 26 102 104 60 105 13 3 95 30 41 88 4 1 38 43 53 50 72 73 76 34 6 89 40 48 62 87 63 86 21 18 61 96 97 65 
0 19 31 77 90 23 79 55 107 24 29 27 54 92 46 17 8 9 75 85 7 35 20 11 59 22 42 25 70 44 37 45 83 26 102 104 60 105 13 3 95 30 41 88 6 1 38 43 53 50 72 73 76 34 4 89 40 48 80 66 52 106 108 98 15 91 16 28 71 49 67 56 58 12 47 109 68 94 81 93 5 32 51 2 69 82 36 78 84 103 100 39 101 74 10 99 64 33 14 57 62 87 63 86 21 18 61 96 97 65 
0 19 31 77 90 23 79 55 107 24 29 27 54 92 46 17 8 9 75 85 7 35 20 11 59 22 42 25 70 44 37 45 83 109 68 94 81 105 60 104 102 26 47 12 58 56 67 49 71 28 16 91 15 98 108 106 52 66 80 57 14 33 64 99 10 74 101 39 100 103 84 78 36 82 69 2 51 32 5 93 13 3 95 30 41 88 6 1 38 43 53 50 72 73 76 34 4 89 40 48 87 63 86 21 18 61 96 62 97 65 
0 19 31 77 90 23 79 55 107 24 29 27 54 92 46 17 8 9 75 85 7 35 20 11 59 22 25 70 44 37 45 83 109 68 94 81 93 5 32 51 2 69 82 36 78 84 103 100 39 101 74 10 99 64 33 14 57 80 66 52 106 108 98 15 91 16 28 71 49 67 56 58 12 47 26 102 104 60 105 13 3 95 30 41 88 42 6 1 38 43 53 50 72 73 76 34 4 89 40 48 62 87 63 86 21 18 61 96 97 65 
0 19 31 77 90 23 79 55 107 24 29 27 54 92 46 17 8 9 75 85 7 35 67 49 71 28 16 91 15 98 108 106 52 66 80 57 14 33 64 99 10 74 101 39 100 103 84 78 36 82 69 2 51 32 5 93 81 94 68 109 83 45 37 44 70 25 42 22 59 11 20 56 58 12 47 26 102 104 60 105 13 3 95 30 41 88 6 1 38 43 53 50 72 73 76 34 4 89 40 48 62 87 63 86 21 18 61 96 97 65 
0 19 31 77 90 23 79 55 107 24 29 27 54 92 46 17 8 9 75 85 7 35 20 11 59 22 42 25 70 44 84 45 83 109 68 94 81 93 5 32 51 2 69 82 36 78 37 103 100 39 101 74 10 99 64 33 14 57 80 66 52 106 108 98 15 91 16 28 71 49 67 56 58 12 47 26 102 104 60 105 13 3 95 30 41 88 6 1 38 43 53 50 72 73 76 34 4 89 48 40 62 87 63 86 21 18 61 96 97 65 
0 19 31 77 90 23 79 55 107 24 29 27 54 92 46 17 8 9 75 85 7 35 20 11 59 22 42 25 70 44 37 45 83 109 68 94 81 93 5 32 51 2 69 82 36 78 84 103 100 39 101 74 10 99 64 33 14 57 41 88 6 1 38 43 53 50 72 28 73 76 34 4 89 40 26 102 104 60 105 13 3 95 30 80 66 52 106 108 98 15 91 16 71 49 67 56 58 12 47 48 62 87 63 86 21 18 61 96 97 65 
0 19 31 77 90 23 79 55 107 24 29 27 54 92 46 17 8 9 75 85 7 35 20 11 59 22 42 25 70 44 37 45 83 109 68 94 81 93 5 32 51 2 10 82 36 78 84 103 100 39 101 74 69 99 64 33 14 57 80 66 52 106 108 98 15 91 16 28 71 49 67 56 58 12 47 26 102 104 60 105 13 3 72 50 53 43 38 1 6 88 41 30 95 73 76 34 4 89 40 48 62 87 63 86 21 18 61 96 97 65 
0 19 31 77 90 23 79 55 107 24 29 27 54 92 46 17 8 9 85 7 35 20 11 59 22 42 25 70 44 37 45 83 109 68 94 81 93 5 32 51 2 69 82 36 78 84 103 100 39 101 74 10 99 64 33 14 75 57 80 66 52 106 108 98 15 91 16 28 71 49 67 56 58 12 47 26 102 104 60 105 13 3 95 30 41 88 6 1 38 43 53 50 72 73 76 34 4 89 40 48 62 63 86 21 18 61 96 87 97 65 
0 19 31 77 90 23 79 55 107 24 29 27 54 92 46 17 8 9 75 85 7 35 20 11 59 22 42 25 70 44 37 45 83 109 68 94 81 93 5 32 51 2 69 82 36 78 84 41 88 6 1 38 10 99 64 33 14 57 80 66 52 106 108 98 15 91 16 28 71 49 67 56 58 12 47 26 102 104 60 105 13 3 95 30 103 100 39 101 74 43 53 50 72 73 76 34 4 89 40 48 62 87 63 86 21 18 61 96 97 65 
0 19 31 77 90 23 79 55 107 24 29 27 54 92 46 17 8 9 75 85 7 35 20 11 59 22 42 25 70 44 37 53 83 109 94 81 93 5 32 51 2 69 82 68 36 78 84 103 100 39 101 74 10 99 64 33 14 57 80 66 52 106 108 98 15 91 16 28 71 49 67 56 58 12 47 26 102 104 60 105 13 3 95 30 41 88 6 1 38 43 45 50 72 73 76 34 4 89 40 48 62 87 63 86 21 18 61 96 97 65 
0 19 31 77 90 23 79 55 107 24 29 27 54 92 46 17 8 9 75 85 7 35 20 11 59 22 42 25 70 44 37 45 83 109 68 94 40 93 5 32 51 2 69 82 36 78 84 103 100 39 101 74 10 99 64 33 14 57 80 66 52 106 108 98 15 91 16 28 71 49 67 56 58 12 47 26 102 104 60 105 62 13 3 95 30 41 88 6 1 38 43 53 50 72 73 76 34 4 89 81 48 87 63 86 21 18 61 96 97 65 
0 19 31 77 90 23 79 55 107 24 29 27 54 87 62 48 40 89 4 34 76 73 72 50 53 43 38 1 6 88 41 30 95 3 13 105 60 104 102 26 47 12 58 56 67 49 71 28 16 91 15 98 108 106 52 66 80 57 14 33 64 99 10 74 101 39 100 103 84 78 36 82 69 2 51 32 5 93 81 94 68 109 83 45 37 44 70 25 42 22 59 11 20 35 7 85 75 9 8 17 46 92 63 86 21 18 61 96 97 65 
0 19 31 77 90 23 79 55 107 24 29 27 54 46 17 8 9 75 85 7 35 20 11 59 22 42 25 70 44 37 45 83 109 68 94 81 93 5 32 51 2 69 82 36 78 84 103 100 39 101 74 10 99 64 33 14 57 92 80 66 52 106 108 98 15 91 16 28 71 49 67 56 58 12 47 26 102 104 60 105 13 3 95 30 41 88 6 1 38 43 53 50 72 73 76 34 4 89 40 48 62 87 63 86 21 18 61 96 97 65 
0 19 31 77 90 23 79 55 107 24 29 27 92 46 17 8 9 75 85 7 35 20 11 59 22 42 25 70 44 37 45 83 109 68 94 81 93 5 32 51 2 69 82 36 78 84 103 100 39 101 74 10 99 64 33 14 57 80 66 52 106 108 98 15 91 16 28 71 49 67 56 58 12 47 26 102 104 60 105 13 3 95 30 41 88 6 1 38 43 54 53 50 72 73 76 34 4 89 40 48 62 87 63 86 21 18 61 96 97 65 
0 19 31 77 90 23 79 55 107 24 29 27 54 92 46 17 8 9 75 85 7 35 52 66 80 57 14 33 64 99 10 74 101 39 100 103 84 78 36 82 69 2 51 32 5 20 11 59 22 42 25 70 44 37 45 83 109 68 94 81 93 106 108 98 91 16 28 71 49 67 56 58 12 47 26 102 104 15 60 105 13 3 95 30 41 88 6 1 38 43 53 50 72 73 76 34 4 89 40 48 62 87 63 86 21 18 61 96 97 65 
0 19 31 77 57 80 66 52 106 108 98 15 91 16 28 71 49 67 56 58 12 47 26 102 104 60 105 13 3 95 30 41 88 6 1 38 43 53 50 72 73 76 34 4 89 40 48 62 87 63 86 21 18 61 96 97 65 90 23 79 55 107 24 29 27 54 92 46 17 8 9 75 85 7 35 20 11 59 22 42 25 70 44 37 45 83 109 68 94 81 93 5 32 51 2 69 82 36 78 84 103 100 39 101 74 10 99 64 33 14 
0 19 31 77 90 23 79 55 107 24 29 27 54 92 68 94 81 93 5 32 51 2 69 82 36 78 84 103 100 39 101 74 10 109 46 17 8 9 75 85 7 35 20 11 59 22 42 25 70 44 37 45 83 99 64 33 14 57 80 66 52 106 108 98 15 91 16 28 71 49 67 56 58 12 47 26 102 104 60 105 13 3 95 30 41 88 6 1 38 43 53 50 72 73 76 34 4 89 40 48 62 87 63 86 21 18 61 96 97 65 
0 19 31 77 90 23 79 55 107 24 29 27 54 92 46 17 8 9 75 85 7 35 20 11 59 22 42 25 70 44 37 45 83 109 68 94 81 93 5 32 51 2 69 82 36 4 84 103 100 39 101 74 10 99 64 33 14 57 80 66 52 106 108 98 15 91 28 71 60 67 56 58 12 47 26 102 104 49 105 13 3 95 30 41 88 6 1 38 43 53 50 72 48 40 89 78 34 76 73 62 16 87 63 86 21 18 61 96 97 65 
0 19 31 77 90 23 79 55 107 29 27 54 92 46 17 8 9 75 85 7 35 20 11 59 22 42 25 70 44 37 45 83 109 68 94 81 93 5 32 51 2 69 82 36 78 84 103 100 39 101 74 10 99 64 33 14 57 80 66 52 24 106 108 98 15 91 16 28 71 49 67 56 58 12 47 26 102 104 60 105 13 3 95 30 41 88 6 1 38 43 53 50 72 73 76 34 4 89 40 48 62 87 63 86 21 18 61 96 97 65 
0 17 31 77 90 23 79 55 107 24 29 27 54 92 46 19 8 9 75 85 7 35 20 11 59 22 42 25 70 44 37 45 83 109 68 94 81 93 5 32 51 2 69 82 36 78 84 103 100 39 101 74 10 99 64 33 14 57 80 66 52 106 108 98 15 91 16 28 71 49 67 56 58 12 47 26 102 104 60 105 13 3 95 30 41 88 6 1 38 43 53 50 72 73 76 34 4 89 40 48 62 87 63 86 21 18 61 96 97 65 
0 19 31 77 90 23 79 55 107 24 29 27 54 92 46 17 8 9 75 85 7 38 1 6 88 41 30 95 3 13 105 60 104 102 26 47 12 58 56 67 49 71 28 16 91 15 98 108 106 52 66 80 57 14 83 33 64 99 10 74 101 39 100 103 84 78 36 82 69 2 51 32 5 93 81 94 68 109 45 37 44 70 25 42 22 59 11 20 35 43 53 50 72 73 76 34 4 89 40 48 62 87 63 86 21 18 61 96 97 65 
0 19 31 77 90 23 79 55 107 24 29 27 54 92 46 17 8 9 75 85 7 35 20 11 59 22 42 25 70 44 37 45 83 109 68 94 81 93 5 32 51 2 69 82 36 78 84 103 100 39 101 74 10 99 64 33 14 57 80 66 52 106 108 98 15 91 16 28 71 49 67 56 58 12 47 26 102 104 60 105 13 3 95 30 41 88 6 1 38 43 86 50 72 73 76 34 4 89 40 48 62 87 63 53 21 18 61 96 97 65 
0 19 31 77 90 57 80 66 52 106 108 98 15 91 16 28 71 49 67 56 58 12 47 26 102 104 60 105 13 3 95 30 41 88 6 1 38 43 53 50 72 73 76 34 4 89 40 48 62 87 63 86 21 18 61 96 97 23 79 55 107 24 29 27 54 92 46 17 8 9 75 85 7 35 20 11 59 22 44 25 70 42 37 45 83 109 68 94 81 93 5 32 51 2 69 82 36 78 84 103 100 39 101 74 10 99 64 33 14 65 
0 19 31 77 90 23 79 55 107 24 29 27 54 92 46 17 8 9 75 34 76 73 72 50 53 43 38 1 6 88 41 95 3 13 105 60 104 102 26 47 12 58 56 67 49 71 28 16 91 15 98 108 106 52 66 80 57 14 33 64 99 10 74 101 39 100 103 30 84 78 36 82 69 2 51 32 5 93 81 94 68 109 83 45 37 44 70 25 42 22 59 11 20 35 7 85 4 89 40 48 62 87 63 86 21 18 61 96 97 65 
0 19 31 77 90 23 79 55 107 24 29 27 54 92 46 17 8 9 75 85 7 35 20 11 59 22 42 25 70 44 37 45 83 109 68 94 81 93 5 32 51 2 69 82 36 78 84 103 100 39 101 74 10 99 64 33 14 57 80 66 96 106 108 98 15 91 16 28 71 49 67 56 58 12 47 26 102 104 60 105 13 3 95 30 41 88 6 1 38 43 53 50 72 73 76 34 4 89 40 48 62 87 63 86 21 18 61 52 97 65 
0 19 31 77 90 23 79 55 107 24 29 27 54 92 46 17 8 9 75 85 7 35 20 11 59 22 42 25 70 44 37 45 83 109 68 94 81 93 5 32 51 2 69 82 36 78 84 103 100 39 101 74 10 99 64 33 14 57 80 66 52 106 108 98 15 91 16 28 71 49 67 56 58 12 47 26 102 104 60 105 13 3 4 89 40 48 62 87 63 86 21 18 61 96 97 65 95 30 41 88 6 1 38 43 53 50 72 73 76 34 
0 19 31 77 90 23 79 55 107 24 29 27 54 92 46 17 8 9 75 85 7 35 20 11 59 22 42 25 91 44 37 45 83 109 68 94 81 93 5 32 51 2 69 82 36 78 84 103 100 39 101 74 10 99 64 33 14 57 80 66 52 106 108 98 15 70 16 28 71 49 67 56 58 12 47 26 102 104 60 105 13 3 95 30 41 88 6 1 38 43 53 50 72 73 76 34 4 89 40 48 62 87 63 86 21 18 61 96 97 65 
0 19 31 77 90 23 79 55 107 24 29 27 54 92 46 17 8 9 75 85 52 66 80 57 14 33 64 99 10 74 101 39 100 103 84 36 82 69 2 51 32 5 93 81 94 68 109 83 45 37 44 70 25 42 22 59 11 20 35 7 106 108 98 15 91 16 28 71 49 67 56 58 12 47 26 102 104 60 78 105 13 3 95 30 41 88 6 1 38 43 53 50 72 73 76 34 4 89 40 48 62 87 63 86 21 18 61 96 97 65 
0 19 31 77 90 23 79 55 107 24 29 27 54 92 46 17 8 9 75 85 7 35 20 11 59 71 49 67 56 58 12 47 26 102 104 94 81 93 5 32 51 2 69 82 36 78 84 103 100 39 101 74 10 99 64 33 14 57 80 66 52 106 108 98 15 91 16 28 22 42 25 70 44 37 45 83 109 68 60 105 13 3 95 30 41 88 6 1 38 43 53 50 72 73 76 34 4 89 40 48 62 87 63 86 21 18 61 96 97 65 
0 19 31 66 52 106 108 98 15 91 16 28 71 49 67 56 58 12 47 26 102 104 60 105 13 3 95 30 41 88 6 1 38 43 53 50 72 73 76 32 51 2 69 82 36 78 84 103 100 39 101 74 10 99 64 33 14 57 80 77 90 23 79 55 107 24 29 27 54 92 46 17 8 9 75 85 7 35 20 11 59 22 42 25 70 44 37 45 83 109 68 94 81 93 5 34 4 89 40 48 62 87 63 86 21 18 61 96 97 65 
0 19 31 77 26 47 12 58 56 67 49 71 28 16 91 15 98 108 106 52 66 80 57 14 33 64 99 10 74 101 39 100 103 84 78 36 82 69 2 51 32 5 93 81 94 68 109 83 45 37 44 70 25 42 22 59 11 20 35 7 85 75 9 8 17 46 92 54 27 29 24 107 55 79 23 90 102 104 60 105 13 3 95 30 41 88 6 1 38 43 53 50 72 73 76 34 4 89 40 48 62 87 63 86 21 18 61 96 97 65 
0 19 31 77 90 23 79 55 107 24 29 27 54 92 46 17 8 9 98 108 106 52 66 80 57 14 33 64 99 10 74 101 39 100 103 84 78 36 82 69 2 51 32 5 93 81 94 68 109 83 45 37 44 70 25 42 22 59 11 20 35 7 85 75 15 91 16 28 71 49 67 56 58 12 47 26 102 104 60 105 13 3 95 41 88 6 1 38 43 53 50 72 73 76 34 4 89 40 48 62 30 87 63 86 21 18 61 96 97 65 
0 19 31 77 90 23 79 55 107 24 29 27 54 92 46 17 8 9 75 85 7 35 20 11 59 22 42 25 70 44 37 45 83 109 68 94 81 93 67 32 51 2 69 82 36 78 84 103 100 39 101 74 10 99 64 33 14 57 80 66 52 106 108 98 15 91 16 28 71 49 5 56 58 12 47 26 102 104 60 105 13 3 95 30 41 88 6 1 38 43 53 50 72 76 48 73 34 4 89 40 62 87 63 86 21 18 61 96 97 65 
0 19 31 77 90 23 79 55 107 24 29 27 54 92 46 17 8 9 75 85 7 35 20 11 59 22 42 25 70 74 37 45 83 109 68 94 81 93 5 32 51 2 69 82 36 78 84 103 100 39 101 44 10 99 64 33 14 57 80 66 52 106 108 98 15 91 16 28 71 49 67 56 58 12 26 102 104 60 105 13 3 95 30 41 88 6 1 38 43 53 50 72 73 76 34 4 89 47 40 48 62 87 63 86 21 18 61 96 97 65 
0 19 31 99 64 33 14 57 80 66 52 106 108 98 15 91 16 28 71 49 67 56 58 12 47 26 102 104 60 105 13 3 95 30 41 88 6 1 38 43 53 50 72 73 76 34 4 89 100 39 101 74 10 77 90 23 79 55 107 24 29 27 54 92 46 17 8 9 75 85 7 35 20 11 59 22 42 25 70 44 37 45 83 109 68 94 81 93 5 32 51 2 69 82 36 78 84 103 40 48 62 87 63 86 21 18 61 96 97 65 
0 19 31 77 90 23 79 55 107 24 29 27 54 92 46 17 8 9 75 85 7 35 20 11 59 22 42 25 70 44 37 45 83 109 68 94 81 93 5 32 51 2 69 82 36 78 84 6 1 38 43 53 50 72 73 76 34 4 89 40 48 62 87 63 86 21 18 61 96 97 67 56 58 12 47 26 102 104 60 105 13 3 95 30 41 88 103 100 39 101 74 10 99 64 33 14 57 80 66 52 106 108 98 15 91 16 28 71 49 65 
0 100 39 101 74 10 99 64 33 14 57 66 52 106 108 98 15 91 16 28 71 49 67 56 58 12 47 26 102 104 60 80 105 13 3 95 30 41 88 6 1 38 43 53 50 72 73 103 19 31 77 90 23 79 55 107 24 29 27 54 92 46 17 8 9 75 85 7 35 20 11 59 22 42 25 70 44 37 45 83 109 68 94 81 93 5 32 51 2 69 82 36 78 84 76 34 4 89 40 48 62 87 63 86 21 18 61 96 97 65 
0 19 31 77 90 23 79 55 107 24 29 27 54 92 46 17 8 9 75 85 7 35 20 11 59 22 42 25 70 44 37 45 83 109 68 94 81 93 5 32 51 2 69 82 36 78 84 101 39 100 103 72 10 99 64 33 14 57 80 66 52 106 108 98 15 91 16 28 71 49 67 56 58 12 47 26 102 104 60 105 13 3 95 30 41 88 6 1 38 43 53 74 73 76 34 4 89 40 48 62 87 63 86 21 18 61 96 97 50 65 
0 19 31 77 90 23 79 55 107 24 29 27 54 92 46 17 8 9 75 85 7 71 49 67 56 58 12 47 26 102 104 60 105 13 3 95 30 41 88 6 1 38 43 53 50 72 73 76 34 4 89 40 48 62 87 63 86 21 18 66 52 106 108 98 15 91 16 28 35 20 11 59 22 42 25 70 44 37 45 83 109 68 94 81 93 5 32 51 2 69 82 36 78 84 103 100 39 101 74 10 99 64 33 80 57 14 61 96 97 65 
0 40 31 77 90 23 79 55 107 24 29 27 54 92 46 17 8 9 75 85 7 35 20 11 59 22 42 25 70 44 37 45 83 109 68 94 81 93 5 32 51 2 69 82 36 78 84 103 100 39 101 74 10 99 64 33 14 57 80 66 52 106 108 98 15 91 16 28 71 49 67 56 58 12 47 26 102 104 60 105 13 3 95 30 41 88 6 1 38 43 53 50 72 73 76 34 4 89 19 48 62 87 63 86 21 18 61 96 97 65 
0 19 31 77 90 23 79 55 107 24 29 27 54 92 46 17 8 9 75 85 7 35 20 11 59 22 42 25 70 44 37 45 26 47 12 58 56 67 49 71 28 16 91 15 98 108 106 52 66 80 57 14 33 64 99 10 50 101 39 100 103 84 78 36 82 69 51 32 5 93 81 94 68 109 83 102 104 60 105 13 3 95 30 41 88 6 1 38 43 53 74 2 72 73 76 34 4 89 40 48 62 87 63 86 21 18 61 96 97 65 
0 19 31 77 90 23 79 55 107 24 29 27 54 92 46 17 8 9 75 85 7 35 20 11 59 22 42 25 88 44 37 45 83 109 68 94 81 93 5 32 51 2 69 82 36 78 84 103 100 39 101 74 10 99 64 33 14 57 80 66 52 106 108 98 15 91 16 28 71 49 67 56 58 12 47 26 102 104 60 105 13 3 95 30 41 70 6 1 38 43 53 50 72 73 76 34 4 89 40 48 62 87 63 86 21 18 61 96 97 65 
0 19 31 77 90 23 79 55 107 24 29 27 54 92 46 17 8 9 75 85 7 35 20 11 59 22 42 25 70 52 66 80 57 14 33 64 99 10 41 44 37 45 83 109 68 94 81 93 5 32 51 2 69 82 36 78 84 103 100 101 74 106 108 98 15 91 12 58 56 67 49 71 28 16 47 26 102 104 60 105 13 3 95 30 88 6 1 38 43 53 50 72 73 76 34 4 89 39 40 48 62 87 63 86 21 18 61 96 97 65 
0 19 31 77 90 23 79 55 107 24 29 27 54 92 46 17 8 9 75 85 7 35 20 11 59 22 42 25 70 44 37 45 83 109 68 94 81 93 5 32 51 2 69 82 36 78 84 103 100 39 101 74 10 99 64 33 14 57 80 66 52 106 108 98 15 91 16 28 71 49 67 56 58 12 47 26 18 104 60 105 13 3 95 30 41 88 6 1 38 43 53 50 72 73 76 34 4 89 40 48 62 87 63 86 21 102 61 96 97 65 
0 19 31 77 90 23 79 86 63 87 62 48 40 89 4 34 76 73 72 50 53 43 38 1 6 88 41 30 95 3 13 105 60 104 102 26 47 12 58 56 67 49 71 28 16 91 15 98 108 55 107 24 29 27 54 92 46 17 8 9 75 85 7 35 20 11 59 22 42 25 93 44 37 45 83 109 68 94 81 70 5 32 51 2 69 82 36 78 84 103 100 39 101 74 10 99 64 33 14 57 80 66 52 106 18 61 21 96 97 65 
0 19 31 77 90 23 79 55 107 24 14 57 80 66 40 106 108 98 15 91 16 28 71 49 67 56 58 12 47 26 102 104 60 105 13 3 95 30 41 88 6 1 38 43 53 50 72 103 100 39 101 74 10 99 64 33 29 27 54 92 46 17 8 9 75 85 7 35 20 11 59 22 42 25 70 44 37 45 83 109 68 94 81 93 5 32 51 2 69 82 36 78 84 73 76 34 4 89 52 48 62 87 63 86 21 18 61 96 97 65 
0 19 31 77 90 23 79 55 107 24 29 27 54 92 46 17 8 9 75 85 95 30 41 88 6 1 38 43 53 50 72 73 76 34 4 89 40 48 62 87 63 86 21 18 61 96 84 103 100 39 101 74 10 99 64 33 14 57 80 66 52 106 108 98 15 91 16 28 71 49 67 56 58 12 47 26 102 104 60 105 13 3 7 35 20 11 59 22 42 25 70 44 37 45 83 109 68 94 81 93 5 32 51 2 69 82 36 78 97 65 
0 19 31 77 90 23 79 55 107 24 29 27 54 32 5 93 81 94 68 109 83 45 37 44 70 25 42 49 59 11 20 35 7 85 75 9 8 17 46 92 51 2 69 82 22 36 78 84 103 100 39 101 74 10 99 64 33 14 57 80 66 52 106 108 98 15 91 16 28 71 67 56 58 12 47 26 102 104 60 105 13 3 95 30 41 88 6 1 38 43 53 50 72 73 76 34 4 89 40 48 62 87 63 86 21 18 61 96 97 65 
0 19 31 77 90 23 79 55 107 24 29 27 54 92 46 17 8 9 75 85 7 35 20 11 59 22 42 25 70 44 37 45 83 109 68 94 81 93 5 32 51 2 69 82 36 78 84 103 100 39 101 88 10 99 64 33 14 57 80 66 52 106 108 98 15 91 16 28 71 49 67 56 58 12 47 50 102 104 60 105 13 3 95 30 41 74 6 1 38 43 53 26 72 73 76 34 4 89 40 48 62 87 63 86 21 18 61 96 97 65 
0 19 31 77 90 23 79 55 107 24 29 27 54 92 46 17 8 9 75 85 7 35 20 11 59 22 42 25 70 44 37 91 16 28 71 49 67 56 58 12 47 26 102 104 108 105 13 3 95 30 41 88 6 1 64 33 14 57 80 66 52 106 60 98 15 45 83 109 68 94 81 93 5 32 51 2 69 82 36 78 84 103 100 39 101 74 10 99 38 43 53 50 72 73 76 34 4 89 40 48 62 87 63 86 21 18 61 96 97 65 
0 19 31 77 90 23 79 55 107 24 29 27 54 92 46 17 8 9 75 85 7 35 20 11 59 22 26 25 70 44 37 45 83 109 68 94 81 93 5 32 51 2 69 82 36 78 84 103 100 39 101 74 10 99 64 33 14 57 80 66 52 106 108 98 15 91 16 28 71 49 67 56 58 12 47 42 102 104 60 105 13 3 95 30 41 88 6 1 38 43 53 50 72 73 76 34 4 89 40 48 62 87 63 86 21 18 61 96 97 65 
0 19 31 77 90 23 79 55 107 24 29 27 54 92 46 17 101 9 75 85 7 35 20 11 59 22 42 25 70 44 37 45 83 109 68 94 81 93 5 32 51 2 69 82 36 84 103 100 39 8 74 10 99 64 33 14 57 80 66 52 106 108 78 98 15 91 16 28 71 49 67 56 58 12 47 26 102 104 60 105 13 3 95 30 41 88 6 1 38 43 53 50 72 73 76 34 4 89 40 48 62 87 63 86 21 18 61 96 97 65 
0 19 31 77 90 23 79 55 107 24 29 27 54 92 46 17 8 9 75 85 7 35 20 11 59 22 42 25 70 44 37 45 83 109 68 94 81 93 5 32 51 2 69 82 36 78 84 103 100 39 101 74 10 13 3 95 30 41 88 66 52 106 108 98 15 91 16 28 71 49 67 56 58 12 47 26 102 34 4 89 40 48 62 87 63 86 6 1 38 43 53 50 72 73 76 104 60 105 99 64 33 14 57 80 21 18 61 96 97 65 
0 19 31 77 90 23 79 55 107 24 29 27 54 92 46 17 8 9 75 85 7 35 49 67 56 58 12 47 26 102 104 60 105 13 3 95 30 41 88 6 1 38 43 53 50 72 73 76 34 4 89 40 48 62 87 63 86 21 18 61 96 97 108 98 15 91 16 28 71 20 11 59 22 42 25 70 44 37 45 83 109 68 94 81 93 5 32 51 2 69 82 36 78 84 103 100 39 101 74 10 99 64 33 14 57 80 66 52 106 65 
0 19 31 77 90 23 79 55 107 24 29 27 54 92 46 17 8 9 75 85 95 30 41 88 6 1 38 43 53 50 72 73 76 34 4 89 40 48 62 87 51 2 69 82 36 78 84 103 100 39 101 74 10 99 64 33 14 57 80 66 52 106 108 98 15 91 16 28 71 49 67 56 58 12 47 26 102 104 60 105 13 3 7 35 20 11 59 22 42 25 70 44 37 45 83 109 68 94 81 93 5 32 63 86 21 18 61 96 97 65 
0 19 31 77 90 23 79 55 107 24 29 27 54 92 46 17 8 9 75 85 7 35 20 11 59 22 42 25 70 44 37 45 83 109 68 94 81 93 5 32 51 2 69 82 36 78 84 103 100 101 74 10 99 64 33 14 57 80 66 52 39 106 108 98 1 38 43 53 50 72 73 76 34 4 89 40 102 104 60 105 13 3 95 30 41 88 6 15 91 16 61 18 21 86 63 87 62 48 26 47 12 58 56 67 49 71 28 96 97 65 
0 19 31 77 90 23 79 55 107 24 29 27 54 92 46 17 8 9 75 85 7 35 20 11 26 102 104 60 105 13 3 95 30 41 88 6 1 38 43 53 50 72 73 76 34 4 89 40 48 62 87 63 10 99 64 33 14 57 80 66 52 106 108 98 15 91 16 28 71 49 67 56 58 12 47 59 22 42 25 70 44 37 45 83 109 68 94 81 93 5 32 51 2 69 82 36 78 84 103 100 39 101 74 86 21 18 61 96 97 65 
0 19 24 107 55 79 23 90 77 31 29 27 54 92 46 17 8 9 64 85 7 35 20 11 59 22 42 25 70 44 37 45 83 109 68 94 81 93 5 32 51 2 69 82 36 78 84 103 100 39 101 74 10 99 75 33 14 57 80 66 52 106 108 98 15 91 16 28 71 49 67 56 58 12 47 26 102 104 60 105 13 3 95 30 41 88 6 1 38 43 53 50 72 73 76 34 4 89 40 48 62 87 63 86 21 18 61 96 97 65 
0 7 85 75 9 8 17 46 92 54 27 29 24 107 55 79 23 90 77 31 19 35 20 11 59 42 62 70 44 37 45 83 109 68 94 81 22 93 5 32 51 2 69 82 36 78 84 103 100 39 101 74 10 99 64 33 14 57 80 66 52 106 108 25 98 15 91 16 28 71 49 67 56 58 12 47 26 102 104 60 105 13 3 95 30 41 88 6 1 38 43 53 50 72 73 76 34 4 89 40 48 87 63 86 21 18 61 96 97 65 
0 19 31 77 90 23 79 55 107 24 29 27 54 92 46 17 8 9 100 85 7 35 20 11 59 22 42 25 70 44 37 45 83 109 68 94 81 93 5 32 51 2 26 47 12 58 56 67 49 71 28 16 91 15 98 108 106 52 66 75 69 82 36 78 84 103 39 101 74 10 99 64 33 14 57 80 102 104 60 105 13 3 95 30 41 88 6 1 38 43 53 50 72 73 76 34 4 89 40 48 62 63 86 21 18 87 61 96 97 65 
0 19 31 77 90 23 79 74 10 99 64 33 14 57 80 66 52 106 108 98 15 91 16 28 71 22 42 25 70 44 37 45 83 109 68 94 81 93 5 32 51 2 69 82 36 78 84 103 100 39 101 55 107 24 29 27 54 92 46 17 8 9 75 85 7 35 20 11 59 49 67 56 58 12 47 26 102 104 60 105 13 3 95 30 41 88 6 1 38 43 53 50 72 73 76 34 4 89 40 48 62 87 63 86 21 18 61 96 97 65 
0 19 4 34 76 73 72 50 53 43 38 1 6 88 41 30 95 3 13 105 60 104 102 26 47 12 58 56 67 49 71 28 16 91 15 98 108 106 52 66 80 57 14 33 64 99 10 74 101 39 21 18 61 96 97 65 31 77 90 23 79 55 107 24 29 27 54 92 46 17 8 9 75 85 7 35 20 11 59 22 42 25 70 44 37 45 83 109 68 94 81 93 5 32 51 2 69 82 36 78 84 103 100 86 63 87 62 48 40 89 
0 19 103 77 90 23 79 55 107 24 29 27 54 92 46 17 8 9 75 85 7 35 20 11 59 22 42 25 70 44 37 45 83 109 68 94 81 93 5 32 51 2 69 82 36 78 84 31 100 39 101 74 10 99 64 33 14 57 80 66 52 106 108 98 15 91 16 28 71 49 67 56 58 12 47 26 102 104 60 105 13 3 95 30 41 88 6 1 38 43 53 50 72 73 76 34 4 89 40 48 62 87 63 86 21 18 61 96 97 65 
0 19 31 77 90 23 79 55 107 24 29 27 54 92 46 17 8 9 75 85 6 88 41 30 95 3 13 105 60 104 102 26 47 12 58 56 67 49 71 28 16 91 15 98 63 87 62 48 40 89 4 34 76 99 10 74 101 39 100 103 84 78 36 82 69 2 51 32 5 93 81 94 68 109 83 45 37 44 70 25 42 22 59 11 20 35 7 1 38 43 53 50 72 73 64 33 14 57 80 66 52 106 108 86 21 18 61 96 97 65 
0 19 31 77 90 23 79 55 107 24 29 27 47 12 58 56 67 49 71 28 16 91 15 98 108 106 52 66 80 57 14 33 64 99 10 74 101 39 100 103 84 78 36 82 69 2 51 32 5 93 81 94 68 109 83 45 37 44 70 25 42 22 59 11 20 35 7 85 75 9 8 17 46 92 54 26 102 104 60 105 13 3 76 30 41 88 6 1 38 43 53 50 72 73 95 34 4 89 40 48 62 87 63 86 21 18 61 96 97 65 
0 19 14 57 80 66 52 77 31 65 97 96 61 18 21 86 63 87 62 48 40 89 4 34 76 73 72 50 53 43 38 1 6 88 41 30 95 3 13 105 60 104 102 26 47 12 58 56 67 49 71 28 16 91 15 98 108 106 90 23 79 55 107 24 29 27 54 92 46 17 8 9 75 85 7 35 20 11 59 22 42 25 70 44 37 45 83 109 68 94 81 93 5 32 51 2 69 82 36 78 84 103 100 39 101 74 10 99 64 33 
0 19 31 77 90 23 79 55 107 24 29 27 54 92 46 17 8 9 75 85 7 35 20 11 59 22 42 25 70 44 37 45 83 109 68 94 81 93 5 32 51 2 69 82 36 78 84 103 100 39 101 74 10 99 64 33 14 40 89 4 34 76 73 72 50 53 43 38 1 6 88 41 30 95 3 13 105 60 104 102 26 47 12 58 56 67 49 71 28 16 91 15 98 108 65 52 66 80 57 48 62 87 63 86 21 18 61 97 106 96 
0 19 31 77 90 23 79 55 107 75 29 27 24 54 92 46 17 8 9 85 7 35 20 11 59 22 42 25 70 44 37 45 83 109 68 94 81 93 5 32 51 2 47 82 36 78 58 103 100 39 101 74 48 40 89 4 34 76 73 72 50 53 43 38 1 6 88 41 30 95 3 13 105 60 104 102 26 12 84 56 67 49 71 28 16 91 15 98 108 69 106 52 66 80 57 14 33 64 99 10 62 87 63 86 21 18 61 96 97 65 
0 19 31 77 90 23 66 52 106 108 98 15 91 16 28 71 49 67 56 58 12 47 26 102 104 60 105 13 3 95 30 41 88 6 1 38 43 53 50 99 72 73 76 34 4 89 40 48 62 87 63 86 21 18 61 96 97 80 79 55 107 24 29 27 54 92 46 17 8 9 75 85 7 35 20 11 59 22 42 25 70 44 37 45 83 109 68 94 81 93 5 32 51 2 69 82 36 78 84 103 100 39 101 74 10 64 33 14 57 65 
0 19 31 71 90 23 79 55 107 24 29 27 54 92 46 17 8 9 75 85 7 35 20 11 59 22 42 25 70 44 37 45 83 109 68 94 81 93 5 32 51 2 69 82 36 78 84 103 100 39 101 74 10 99 64 33 14 57 80 66 52 106 108 98 15 91 16 28 77 49 67 56 58 12 47 26 102 104 60 105 13 3 95 30 41 88 6 1 38 43 53 50 72 73 76 34 4 89 40 48 62 87 63 86 21 18 61 96 97 65 
0 19 31 77 90 23 79 55 107 24 29 27 54 92 46 17 8 9 75 85 7 35 20 11 59 22 42 25 70 44 37 45 83 109 68 94 81 93 5 32 51 2 69 82 61 78 84 103 100 39 101 74 10 99 64 33 57 80 66 97 96 36 18 21 86 63 87 62 48 40 89 4 34 76 73 72 50 53 43 38 1 6 88 41 30 95 3 13 105 60 104 102 26 47 12 58 14 56 67 49 71 28 16 91 15 98 108 106 52 65 
0 19 31 77 90 23 79 55 107 24 29 27 54 92 46 17 8 9 48 40 89 4 16 28 71 49 91 15 98 108 106 74 101 39 100 103 84 78 36 82 69 2 51 32 43 93 81 94 10 99 64 33 14 57 80 66 52 34 76 73 72 50 53 5 38 1 6 88 41 30 95 3 13 105 60 104 102 26 47 12 58 56 67 68 109 83 45 37 44 70 25 42 22 59 11 20 35 7 85 75 62 87 63 86 21 18 61 96 97 65 
0 19 31 77 90 23 79 55 107 24 29 27 54 92 46 17 8 9 75 85 7 35 20 11 59 104 60 105 13 3 95 30 41 88 6 1 70 25 42 22 102 26 47 12 58 56 67 49 71 28 16 91 15 98 108 106 52 66 80 57 14 33 64 99 10 74 101 39 62 48 40 89 4 34 76 73 72 50 53 43 38 44 37 45 83 109 68 94 81 93 5 32 51 2 69 82 36 78 84 103 100 87 63 86 21 18 61 96 97 65 
0 19 31 77 90 23 39 2 74 10 99 27 54 92 46 17 8 9 75 85 7 35 20 11 59 22 42 25 70 44 37 45 83 109 68 94 81 93 5 32 51 101 69 82 36 78 84 103 100 79 55 107 24 29 64 33 14 57 80 66 52 106 108 98 15 91 16 28 71 49 67 56 58 12 47 26 102 104 60 105 13 3 95 30 41 88 6 1 38 43 53 50 72 73 76 34 4 89 40 48 62 87 63 86 21 18 61 96 97 65 
0 19 31 77 90 23 79 55 107 24 29 27 54 92 46 17 8 9 75 85 7 35 20 11 30 22 42 25 70 44 37 83 109 68 94 81 93 5 32 51 2 69 82 36 78 84 103 100 45 39 101 74 10 99 64 33 14 57 80 66 52 106 108 98 15 91 16 28 71 49 67 56 58 12 47 26 102 104 60 105 13 3 95 59 41 88 6 1 38 43 40 89 4 34 76 73 72 50 53 48 62 87 63 86 21 18 61 96 97 65 
0 19 31 77 90 23 79 55 107 24 29 27 54 92 46 21 8 9 75 85 7 35 20 11 59 22 42 25 70 44 37 45 83 109 68 94 81 93 5 32 51 69 82 36 78 84 103 100 39 101 74 10 99 64 33 14 57 80 66 52 106 108 98 15 91 16 28 71 49 67 56 58 12 47 26 102 104 60 105 13 3 95 30 41 88 6 1 38 43 53 50 2 72 73 76 34 4 89 40 48 62 87 63 86 17 18 61 96 97 65 
0 19 31 77 90 23 79 55 107 24 29 27 54 92 46 17 8 9 75 85 7 35 20 11 59 22 42 25 70 44 37 45 83 109 68 94 81 93 5 32 51 2 69 82 36 78 84 103 100 39 18 21 86 63 87 62 48 40 89 102 4 34 76 73 72 50 53 43 38 1 6 88 41 30 61 96 97 65 105 13 3 95 101 74 10 99 64 33 14 57 80 66 52 106 108 98 15 91 16 28 71 49 67 56 58 12 47 26 104 60 
0 19 31 77 90 23 79 55 107 24 29 27 54 92 46 17 8 9 13 85 7 35 20 11 59 22 42 25 70 44 37 45 83 109 68 94 81 93 5 51 2 69 82 36 78 84 103 100 39 101 74 10 99 64 33 14 57 80 66 52 106 108 32 98 15 91 16 28 71 49 67 56 58 12 47 26 102 104 60 105 75 3 95 30 41 88 6 1 38 43 53 50 72 73 76 34 4 89 40 48 62 87 63 86 21 18 61 96 97 65 
0 19 31 77 90 23 79 55 14 33 64 99 10 11 76 73 72 50 53 43 38 1 6 88 41 30 95 3 13 105 60 104 102 26 47 12 58 56 67 49 71 28 16 91 15 98 74 101 106 52 66 80 57 107 24 29 27 108 103 84 78 36 82 69 2 51 32 5 93 81 94 68 109 83 45 37 44 70 25 42 22 59 20 35 7 85 75 9 8 17 46 92 54 39 100 34 4 89 40 48 62 87 63 86 21 18 61 96 97 65 
0 19 31 77 90 23 79 55 107 24 29 27 54 92 95 17 8 9 75 85 7 35 20 11 59 22 42 25 70 44 37 45 83 109 68 94 81 93 5 32 51 2 69 82 36 78 84 103 100 39 101 74 10 99 64 33 14 57 80 66 52 106 108 98 15 91 16 28 71 49 67 56 58 12 47 26 102 104 60 105 13 3 46 30 41 88 6 1 38 43 53 50 72 73 76 34 4 89 40 48 62 87 63 86 21 18 61 96 97 65 
0 19 31 77 90 23 79 55 107 24 29 27 54 92 46 17 16 28 71 49 67 56 58 47 26 102 104 60 105 13 3 95 30 41 88 6 1 38 43 53 50 72 73 76 34 4 89 40 48 62 87 63 86 21 12 18 61 96 97 65 52 106 108 98 15 91 8 9 75 85 7 35 20 11 59 22 42 25 70 44 37 45 83 109 68 94 81 93 5 32 51 2 69 82 36 78 84 103 100 39 101 74 10 99 64 33 14 57 80 66 
0 19 31 77 90 23 79 52 106 108 98 15 91 16 28 71 49 67 56 58 12 47 26 102 104 60 105 13 3 95 30 41 88 82 6 1 38 43 53 50 72 73 76 34 4 89 40 48 62 87 63 86 21 18 61 14 57 80 66 55 107 24 33 64 99 10 74 101 39 100 103 84 78 36 69 2 51 32 5 93 81 94 68 109 83 45 37 44 70 25 42 22 59 11 20 35 7 85 75 9 8 17 46 92 54 27 29 96 97 65 
0 19 31 77 90 23 79 55 91 24 29 27 54 92 46 17 8 9 75 85 7 35 20 11 59 22 42 25 70 44 37 45 83 109 68 94 81 93 98 108 106 52 66 80 57 14 33 64 99 10 74 101 39 100 103 84 78 36 82 69 2 51 32 16 15 107 5 28 71 49 67 56 58 12 47 26 102 104 60 105 13 3 95 30 41 88 6 1 38 43 53 50 72 73 76 34 4 89 40 48 62 87 63 86 21 18 61 96 97 65 
0 19 31 77 90 23 79 55 107 24 29 27 54 92 46 17 8 9 75 85 7 35 20 11 59 22 42 25 70 52 66 80 57 14 33 64 99 10 41 44 37 45 83 109 68 94 81 93 5 32 51 2 69 58 36 78 84 103 100 39 101 67 56 82 12 47 26 102 104 60 105 13 3 95 30 88 6 1 38 43 53 50 72 73 76 34 4 89 40 48 62 87 63 86 21 74 106 108 98 15 91 16 28 71 49 18 61 96 97 65 
0 19 31 77 90 23 79 55 107 24 29 27 105 92 46 17 8 9 75 85 7 35 20 11 59 22 42 25 70 44 37 45 83 109 68 94 81 93 5 32 51 2 69 82 36 78 84 103 100 39 101 74 10 99 64 33 14 57 80 66 52 106 108 98 15 91 16 28 71 49 67 56 58 12 47 26 102 104 60 54 13 3 95 30 41 88 6 1 38 43 53 72 73 76 34 4 89 40 48 62 87 63 86 50 21 18 61 96 97 65 
0 19 31 77 109 68 94 81 93 5 32 51 2 69 82 36 78 84 103 100 39 101 74 10 99 64 33 14 57 80 66 52 106 90 23 79 55 107 24 29 27 54 83 46 17 8 9 75 85 7 35 20 11 59 22 42 25 70 44 37 45 92 108 15 91 16 28 71 49 67 56 58 12 47 26 102 104 60 105 13 3 95 30 41 88 6 1 38 43 53 50 72 73 76 34 4 89 40 48 62 87 63 86 98 21 18 61 96 97 65 
0 19 31 77 90 23 79 58 12 47 26 102 104 60 105 17 8 51 32 5 93 81 94 68 109 83 45 37 44 70 25 42 22 59 11 20 35 7 85 75 9 2 69 82 36 78 84 103 100 39 101 74 10 99 64 33 14 57 108 106 52 66 80 98 15 91 16 28 71 49 67 56 55 107 24 29 27 54 92 46 13 3 95 30 41 88 6 1 38 43 53 50 72 73 76 34 4 89 40 48 62 87 63 86 21 18 61 96 97 65 
0 19 31 90 23 79 55 77 107 24 29 27 54 92 46 17 8 9 75 72 50 53 43 38 1 6 88 7 35 20 11 59 22 42 25 70 85 44 37 45 83 109 68 94 81 93 5 32 51 2 69 82 36 78 84 103 100 61 101 74 10 99 64 33 14 39 57 80 66 52 106 108 98 15 91 16 28 71 49 67 56 58 12 47 26 102 104 60 105 13 3 95 30 41 76 34 4 89 40 48 62 87 63 86 73 21 18 96 97 65 
0 19 31 77 90 23 79 55 13 24 29 27 54 92 46 17 8 9 75 85 7 35 20 88 41 30 95 3 107 105 60 104 102 26 47 12 58 56 67 49 71 28 16 91 15 98 108 106 52 66 80 57 14 33 64 99 10 74 101 39 100 103 84 78 36 82 69 2 51 32 5 93 81 94 68 109 83 45 37 44 70 25 42 22 59 11 6 1 38 43 53 50 72 73 76 34 4 89 40 48 62 87 63 86 21 18 61 96 97 65 
0 19 31 49 67 56 58 12 47 26 102 104 60 62 105 13 3 95 30 41 88 6 1 38 43 53 50 72 73 76 34 4 87 48 40 89 63 86 21 18 61 96 97 82 36 78 84 103 100 39 101 74 10 99 64 33 14 57 80 66 52 106 108 98 15 91 16 28 71 77 90 23 55 107 24 29 27 54 92 46 17 8 9 75 85 7 35 20 11 59 22 42 25 70 44 37 45 83 109 79 68 94 81 93 5 32 51 2 69 65 
0 19 31 77 90 84 103 100 39 101 74 10 99 64 33 14 57 80 66 52 106 108 98 15 91 16 28 71 49 67 56 58 12 47 85 102 104 60 105 13 3 95 30 82 36 78 23 79 55 107 24 29 27 54 92 46 17 8 9 75 26 7 35 20 11 59 22 42 25 70 44 37 45 83 109 68 94 81 93 5 32 51 2 69 41 88 6 1 38 43 53 50 72 73 76 34 4 89 40 48 62 87 63 86 21 18 61 96 97 65 
0 19 31 77 90 28 16 91 15 98 108 106 52 66 80 57 14 33 64 99 10 74 101 39 100 103 84 78 36 82 69 2 51 32 5 93 81 94 68 109 83 45 37 44 70 25 42 22 59 11 20 35 7 85 75 9 8 17 46 92 54 12 29 24 107 55 79 23 71 49 67 56 58 27 47 26 102 104 60 105 13 3 95 30 41 88 1 38 43 53 50 72 73 76 34 4 89 40 6 48 62 87 63 86 21 18 61 96 97 65 
0 19 31 77 90 23 79 55 107 24 66 52 106 108 98 15 91 16 28 71 49 67 56 58 12 47 26 102 104 60 105 13 85 95 30 41 88 6 1 38 43 53 50 72 73 76 34 4 89 40 48 62 87 63 86 21 18 61 80 29 27 54 92 46 17 8 9 75 3 7 35 20 11 59 22 42 25 70 44 37 45 83 109 68 94 81 93 5 32 51 2 69 82 36 78 84 103 100 39 101 74 10 99 64 33 14 57 96 97 65 
