0 97 18 21 86 63 96 61 87 62 48 89 40 72 50 53 43 38 1 6 88 41 30 95 3 13 105 60 102 104 26 47 12 58 56 67 49 71 28 52 106 108 14 78 33 84 64 103 99 74 101 39 100 10 15 98 91 16 66 80 57 73 76 34 4 36 82 69 68 109 94 81 83 45 37 44 51 2 32 5 93 70 25 42 22 59 11 20 35 7 85 75 9 8 54 92 17 46 29 27 24 107 55 79 23 90 77 31 19 65 
0 97 18 21 86 63 96 61 87 62 48 89 40 72 50 53 43 38 1 6 88 41 30 95 3 13 105 60 102 104 26 47 12 58 56 67 49 71 28 52 106 108 14 78 33 84 64 103 99 74 101 39 100 10 15 98 91 16 66 80 57 73 76 34 4 36 82 69 68 109 94 81 83 45 37 44 51 2 32 5 93 70 25 42 22 59 11 20 35 7 85 75 9 8 54 92 17 46 29 27 24 107 55 79 23 90 77 31 19 65 
0 97 18 21 86 63 96 61 87 62 48 89 40 72 50 53 43 38 1 6 88 41 30 95 3 13 105 60 102 104 26 47 12 58 56 67 49 71 28 52 106 108 14 78 33 84 64 103 99 74 101 39 100 10 15 98 91 16 66 80 57 73 76 34 4 36 82 69 68 109 94 81 83 45 37 44 51 2 32 5 93 70 25 42 22 59 11 20 35 7 85 75 9 8 54 92 17 46 29 27 24 107 55 79 23 90 77 31 19 65 
0 97 18 21 86 63 96 61 87 62 48 89 40 72 50 53 43 38 1 6 88 41 30 95 3 13 105 60 102 104 26 47 12 58 56 67 49 71 28 52 106 108 14 78 33 84 64 103 99 74 101 39 100 10 15 98 91 16 66 80 57 73 76 34 4 36 82 69 68 109 94 81 83 45 37 44 51 2 32 5 93 70 25 42 22 59 11 20 35 7 85 75 9 8 54 92 17 46 29 27 24 107 55 79 23 90 77 31 19 65 
0 97 18 21 86 63 96 61 87 62 48 89 40 72 50 53 43 38 1 6 88 41 30 95 3 13 105 60 102 104 26 47 12 58 56 67 49 71 28 52 106 108 14 78 33 84 64 103 99 74 101 39 100 10 15 98 91 16 66 80 57 73 76 34 4 36 82 69 68 109 94 81 83 45 37 44 51 2 32 5 93 70 25 42 22 59 11 20 35 7 85 75 9 8 54 92 17 46 29 27 24 107 55 79 23 90 77 31 19 65 
0 97 18 21 86 63 96 61 87 62 48 89 40 72 50 53 43 38 1 6 88 41 30 95 3 13 105 60 102 104 26 47 12 58 56 67 49 71 28 52 106 108 14 78 33 84 64 103 99 74 101 39 100 10 15 98 91 16 66 80 57 73 76 34 4 36 82 69 68 109 94 81 83 45 37 44 51 2 32 5 93 70 25 42 22 59 11 20 35 7 85 75 9 8 54 92 17 46 29 27 24 107 55 79 23 90 77 31 19 65 
0 97 18 21 86 63 96 61 87 62 48 89 40 72 50 53 43 38 1 6 88 41 30 95 3 13 105 60 102 104 26 47 12 58 56 67 49 71 28 52 106 108 14 78 33 84 64 103 99 74 101 39 100 10 15 98 91 16 66 80 57 73 76 34 4 36 82 69 68 109 94 81 83 45 37 44 51 2 32 5 93 70 25 42 22 59 11 20 35 7 85 75 9 8 54 92 17 46 29 27 24 107 55 79 23 90 77 31 19 65 
0 97 18 21 86 63 96 61 87 62 48 89 40 72 50 53 43 38 1 6 88 41 30 95 3 13 105 60 102 104 26 47 12 58 56 67 49 71 28 52 106 108 14 78 33 84 64 103 99 74 101 39 100 10 15 98 91 16 66 80 57 73 76 34 4 36 82 69 68 109 94 81 83 45 37 44 51 2 32 5 93 70 25 42 22 59 11 20 35 7 85 75 9 8 54 92 17 46 29 27 24 107 55 79 23 90 77 31 19 65 
0 97 18 21 86 63 96 61 87 62 48 89 40 72 50 53 43 38 1 6 88 41 30 95 3 13 105 60 102 104 26 47 12 58 56 67 49 71 28 52 106 108 14 78 33 84 64 103 99 74 101 39 100 10 15 98 91 16 66 80 57 73 76 34 4 36 82 69 68 109 94 81 83 45 37 44 51 2 32 5 93 70 25 42 22 59 11 20 35 7 85 75 9 8 54 92 17 46 29 27 24 107 55 79 23 90 77 31 19 65 
0 97 18 21 86 63 96 61 87 62 48 89 40 72 50 53 43 38 1 6 88 41 30 95 3 13 105 60 102 104 26 47 12 58 56 67 49 71 28 52 106 108 14 78 33 84 64 103 99 74 101 39 100 10 15 98 91 16 66 80 57 73 76 34 4 36 82 69 68 109 94 81 83 45 37 44 51 2 32 5 93 70 25 42 22 59 11 20 35 7 85 75 9 8 54 92 17 46 29 27 24 107 55 79 23 90 77 31 19 65 
0 97 18 21 86 63 96 61 87 62 48 89 40 72 50 53 43 38 1 6 88 41 30 95 3 13 105 60 102 104 26 47 12 58 56 67 49 71 28 52 106 108 14 78 33 84 64 103 99 74 101 39 100 10 15 98 91 16 66 80 57 73 76 34 4 36 82 69 68 109 94 81 83 45 37 44 51 2 32 5 93 70 25 42 22 59 11 20 35 7 85 75 9 8 54 92 17 46 29 27 24 107 55 79 23 90 77 31 19 65 
0 97 18 21 86 63 96 61 87 62 48 89 40 72 50 53 43 38 1 6 88 41 30 95 3 13 105 60 102 104 26 47 12 58 56 67 49 71 28 52 106 108 14 78 33 84 64 103 99 74 101 39 100 10 15 98 91 16 66 80 57 73 76 34 4 36 82 69 68 109 94 81 83 45 37 44 51 2 32 5 93 70 25 42 22 59 11 20 35 7 85 75 9 8 54 92 17 46 29 27 24 107 55 79 23 90 77 31 19 65 
0 97 18 21 86 63 96 61 87 62 48 89 40 72 50 53 43 38 1 6 88 41 30 95 3 13 105 60 102 104 26 47 12 58 56 67 49 71 28 52 106 108 14 78 33 84 64 103 99 74 101 39 100 10 15 98 91 16 66 80 57 73 76 34 4 36 82 69 68 109 94 81 83 45 37 44 51 2 32 5 93 70 25 42 22 59 11 20 35 7 85 75 9 8 54 92 17 46 29 27 24 107 55 79 23 90 77 31 19 65 
0 97 18 21 86 63 96 61 87 62 48 89 40 72 50 53 43 38 1 6 88 41 30 95 3 13 105 60 102 104 26 47 12 58 56 67 49 71 28 52 106 108 14 78 33 84 64 103 99 74 101 39 100 10 15 98 91 16 66 80 57 73 76 34 4 36 82 69 68 109 94 81 83 45 37 44 51 2 32 5 93 70 25 42 22 59 11 20 35 7 85 75 9 8 54 92 17 46 29 27 24 107 55 79 23 90 77 31 19 65 
0 97 18 21 86 63 96 61 87 62 48 89 40 72 50 53 43 38 1 6 88 41 30 95 3 13 105 60 102 104 26 47 12 58 56 67 49 71 28 52 106 108 14 78 33 84 64 103 99 74 101 39 100 10 15 98 91 16 66 80 57 73 76 34 4 36 82 69 68 109 94 81 83 45 37 44 51 2 32 5 93 70 25 42 22 59 11 20 35 7 85 75 9 8 54 92 17 46 29 27 24 107 55 79 23 90 77 31 19 65 
0 97 18 21 86 63 96 61 87 62 48 89 40 72 50 53 43 38 1 6 88 41 30 95 3 13 105 60 102 104 26 47 12 58 56 67 49 71 28 52 106 108 14 78 33 84 64 103 99 74 101 39 100 10 15 98 91 16 66 80 57 73 76 34 4 36 82 69 68 109 94 81 83 45 37 44 51 2 32 5 93 70 25 42 22 59 11 20 35 7 85 75 9 8 54 92 17 46 29 27 24 107 55 79 23 90 77 31 19 65 
0 97 18 21 86 63 96 61 87 62 48 89 40 72 50 53 43 38 1 6 88 41 30 95 3 13 105 60 102 104 26 47 12 58 56 67 49 71 28 52 106 108 14 78 33 84 64 103 99 74 101 39 100 10 15 98 91 16 66 80 57 73 76 34 4 36 82 69 68 109 94 81 83 45 37 44 51 2 32 5 93 70 25 42 22 59 11 20 35 7 85 75 9 8 54 92 17 46 29 27 24 107 55 79 23 90 77 31 19 65 
0 97 18 21 86 63 96 61 87 62 48 89 40 72 50 53 43 38 1 6 88 41 30 95 3 13 105 60 102 104 26 47 12 58 56 67 49 71 28 52 106 108 14 78 33 84 64 103 99 74 101 39 100 10 15 98 91 16 66 80 57 73 76 34 4 36 82 69 68 109 94 81 83 45 37 44 51 2 32 5 93 70 25 42 22 59 11 20 35 7 85 75 9 8 54 92 17 46 29 27 24 107 55 79 23 90 77 31 19 65 
0 97 18 21 86 63 96 61 87 62 48 89 40 72 50 53 43 38 1 6 88 41 30 95 3 13 105 60 102 104 26 47 12 58 56 67 49 71 28 52 106 108 14 78 33 84 64 103 99 74 101 39 100 10 15 98 91 16 66 80 57 73 76 34 4 36 82 69 68 109 94 81 83 45 37 44 51 2 32 5 93 70 25 42 22 59 11 20 35 7 85 75 9 8 54 92 17 46 29 27 24 107 55 79 23 90 77 31 19 65 
0 97 18 21 86 63 96 61 87 62 48 89 40 72 50 53 43 38 1 6 88 41 30 95 3 13 105 60 102 104 26 47 12 58 56 67 49 71 28 52 106 108 14 78 33 84 64 103 99 74 101 39 100 10 15 98 91 16 66 80 57 73 76 34 4 36 82 69 68 109 94 81 83 45 37 44 51 2 32 5 93 70 25 42 22 59 11 20 35 7 85 75 9 8 54 92 17 46 29 27 24 107 55 79 23 90 77 31 19 65 
0 97 18 21 86 63 96 61 87 62 48 89 40 72 50 53 43 38 1 6 88 41 30 95 3 13 105 60 102 104 26 47 12 58 56 67 49 71 28 52 106 108 14 78 33 84 64 103 99 74 101 39 100 10 15 98 91 16 66 80 57 73 76 34 4 36 82 69 68 109 94 81 83 45 37 44 51 2 32 5 93 70 25 42 22 59 11 20 35 7 85 75 9 8 54 92 17 46 29 27 24 107 55 79 23 90 77 31 19 65 
0 97 18 21 86 63 96 61 87 62 48 89 40 72 50 53 43 38 1 6 88 41 30 95 3 13 105 60 102 104 26 47 12 58 56 67 49 71 28 52 106 108 14 78 33 84 64 103 99 74 101 39 100 10 15 98 91 16 66 80 57 73 76 34 4 36 82 69 68 109 94 81 83 45 37 44 51 2 32 5 93 70 25 42 22 59 11 20 35 7 85 75 9 8 54 92 17 46 29 27 24 107 55 79 23 90 77 31 19 65 
0 97 18 21 86 63 96 61 87 62 48 89 40 72 50 53 43 38 1 6 88 41 30 95 3 13 105 60 102 104 26 47 12 58 56 67 49 71 28 52 106 108 14 78 33 84 64 103 99 74 101 39 100 10 15 98 91 16 66 80 57 73 76 34 4 36 82 69 68 109 94 81 83 45 37 44 51 2 32 5 93 70 25 42 22 59 11 20 35 7 85 75 9 8 54 92 17 46 29 27 24 107 55 79 23 90 77 31 19 65 
0 97 18 21 86 63 96 61 87 62 48 89 40 72 50 53 43 38 1 6 88 41 30 95 3 13 105 60 102 104 26 47 12 58 56 67 49 71 28 52 106 108 14 78 33 84 64 103 99 74 101 39 100 10 15 98 91 16 66 80 57 73 76 34 4 36 82 69 68 109 94 81 83 45 37 44 51 2 32 5 93 70 25 42 22 59 11 20 35 7 85 75 9 8 54 92 17 46 29 27 24 107 55 79 23 90 77 31 19 65 
0 97 18 21 86 63 96 61 87 62 48 89 40 72 50 53 43 38 1 6 88 41 30 95 3 13 105 60 102 104 26 47 12 58 56 67 49 71 28 52 106 108 14 78 33 84 64 103 99 74 101 39 100 10 15 98 91 16 66 80 57 73 76 34 4 36 82 69 68 109 94 81 83 45 37 44 51 2 32 5 93 70 25 42 22 59 11 20 35 7 85 75 9 8 54 92 17 46 29 27 24 107 55 79 23 90 77 31 19 65 
0 97 18 21 86 63 96 61 87 62 48 89 40 72 50 53 43 38 1 6 88 41 30 95 3 13 105 60 102 104 26 47 12 58 56 67 49 71 28 52 106 108 14 78 33 84 64 103 99 74 101 39 100 10 15 98 91 16 66 80 57 73 76 34 4 36 82 69 68 109 94 81 83 45 37 44 51 2 32 5 93 70 25 42 22 59 11 20 35 7 85 75 9 8 54 92 17 46 29 27 24 107 55 79 23 90 77 31 19 65 
0 97 18 21 86 63 96 61 87 62 48 89 40 72 50 53 43 38 1 6 88 41 30 95 3 13 105 60 102 104 26 47 12 58 56 67 49 71 28 52 106 108 14 78 33 84 64 103 99 74 101 39 100 10 15 98 91 16 66 80 57 73 76 34 4 36 82 69 68 109 94 81 83 45 37 44 51 2 32 5 93 70 25 42 22 59 11 20 35 7 85 75 9 8 54 92 17 46 29 27 24 107 55 79 23 90 77 31 19 65 
0 97 18 21 86 63 96 61 87 62 48 89 40 72 50 53 43 38 1 6 88 41 30 95 3 13 105 60 102 104 26 47 12 58 56 67 49 71 28 52 106 108 14 78 33 84 64 103 99 74 101 39 100 10 15 98 91 16 66 80 57 73 76 34 4 36 82 69 68 109 94 81 83 45 37 44 51 2 32 5 93 70 25 42 22 59 11 20 35 7 85 75 9 8 54 92 17 46 29 27 24 107 55 79 23 90 77 31 19 65 
0 97 18 21 86 63 96 61 87 62 48 89 40 72 50 53 43 38 1 6 88 41 30 95 3 13 105 60 102 104 26 47 12 58 56 67 49 71 28 52 106 108 14 78 33 84 64 103 99 74 101 39 100 10 15 98 91 16 66 80 57 73 76 34 4 36 82 69 68 109 94 81 83 45 37 44 51 2 32 5 93 70 25 42 22 59 11 20 35 7 85 75 9 8 54 92 17 46 29 27 24 107 55 79 23 90 77 31 19 65 
0 97 18 21 86 63 96 61 87 62 48 89 40 72 50 53 43 38 1 6 88 41 30 95 3 13 105 60 102 104 26 47 12 58 56 67 49 71 28 52 106 108 14 78 33 84 64 103 99 74 101 39 100 10 15 98 91 16 66 80 57 73 76 34 4 36 82 69 68 109 94 81 83 45 37 44 51 2 32 5 93 70 25 42 22 59 11 20 35 7 85 75 9 8 54 92 17 46 29 27 24 107 55 79 23 90 77 31 19 65 
0 97 18 21 86 63 96 61 87 62 48 89 40 72 50 53 43 38 1 6 88 41 30 95 3 13 105 60 102 104 26 47 12 58 56 67 49 71 28 52 106 108 14 78 33 84 64 103 99 74 101 39 100 10 15 98 91 16 66 80 57 73 76 34 4 36 82 69 68 109 94 81 83 45 37 44 51 2 32 5 93 70 25 42 22 59 11 20 35 7 85 75 9 8 54 92 17 46 29 27 24 107 55 79 23 90 77 31 19 65 
0 97 18 21 86 63 96 61 87 62 48 89 40 72 50 53 43 38 1 6 88 41 30 95 3 13 105 60 102 104 26 47 12 58 56 67 49 71 28 52 106 108 14 78 33 84 64 103 99 74 101 39 100 10 15 98 91 16 66 80 57 73 76 34 4 36 82 69 68 109 94 81 83 45 37 44 51 2 32 5 93 70 25 42 22 59 11 20 35 7 85 75 9 8 54 92 17 46 29 27 24 107 55 79 23 90 77 31 19 65 
0 97 18 21 86 63 96 61 87 62 48 89 40 72 50 53 43 38 1 6 88 41 30 95 3 13 105 60 102 104 26 47 12 58 56 67 49 71 28 52 106 108 14 78 33 84 64 103 99 74 101 39 100 10 15 98 91 16 66 80 57 73 76 34 4 36 82 69 68 109 94 81 83 45 37 44 51 2 32 5 93 70 25 42 22 59 11 20 35 7 85 75 9 8 54 92 17 46 29 27 24 107 55 79 23 90 77 31 19 65 
0 97 18 21 86 63 96 61 87 62 48 89 40 72 50 53 43 38 1 6 88 41 30 95 3 13 105 60 102 104 26 47 12 58 56 67 49 71 28 52 106 108 14 78 33 84 64 103 99 74 101 39 100 10 15 98 91 16 66 80 57 73 76 34 4 36 82 69 68 109 94 81 83 45 37 44 51 2 32 5 93 70 25 42 22 59 11 20 35 7 85 75 9 8 54 92 17 46 29 27 24 107 55 79 23 90 77 31 19 65 
0 97 18 21 86 63 96 61 87 62 48 89 40 72 50 53 43 38 1 6 88 41 30 95 3 13 105 60 102 104 26 47 12 58 56 67 49 71 28 52 106 108 14 78 33 84 64 103 99 74 101 39 100 10 15 98 91 16 66 80 57 73 76 34 4 36 82 69 68 109 94 81 83 45 37 44 51 2 32 5 93 70 25 42 22 59 11 20 35 7 85 75 9 8 54 92 17 46 29 27 24 107 55 79 23 90 77 31 19 65 
0 97 18 21 86 63 96 61 87 62 48 89 40 72 50 53 43 38 1 6 88 41 30 95 3 13 105 60 102 104 26 47 12 58 56 67 49 71 28 52 106 108 14 78 33 84 64 103 99 74 101 39 100 10 15 98 91 16 66 80 57 73 76 34 4 36 82 69 68 109 94 81 83 45 37 44 51 2 32 5 93 70 25 42 22 59 11 20 35 7 85 75 9 8 54 92 17 46 29 27 24 107 55 79 23 90 77 31 19 65 
0 97 18 21 86 63 96 61 87 62 48 89 40 72 50 53 43 38 1 6 88 41 30 95 3 13 105 60 102 104 26 47 12 58 56 67 49 71 28 52 106 108 14 78 33 84 64 103 99 74 101 39 100 10 15 98 91 16 66 80 57 73 76 34 4 36 82 69 68 109 94 81 83 45 37 44 51 2 32 5 93 70 25 42 22 59 11 20 35 7 85 75 9 8 54 92 17 46 29 27 24 107 55 79 23 90 77 31 19 65 
0 97 18 21 86 63 96 61 87 62 48 89 40 72 50 53 43 38 1 6 88 41 30 95 3 13 105 60 102 104 26 47 12 58 56 67 49 71 28 52 106 108 14 78 33 84 64 103 99 74 101 39 100 10 15 98 91 16 66 80 57 73 76 34 4 36 82 69 68 109 94 81 83 45 37 44 51 2 32 5 93 70 25 42 22 59 11 20 35 7 85 75 9 8 54 92 17 46 29 27 24 107 55 79 23 90 77 31 19 65 
0 97 18 21 86 63 96 61 87 62 48 89 40 72 50 53 43 38 1 6 88 41 30 95 3 13 105 60 102 104 26 47 12 58 56 67 49 71 28 52 106 108 14 78 33 84 64 103 99 74 101 39 100 10 15 98 91 16 66 80 57 73 76 34 4 36 82 69 68 109 94 81 83 45 37 44 51 2 32 5 93 70 25 42 22 59 11 20 35 7 85 75 9 8 54 92 17 46 29 27 24 107 55 79 23 90 77 31 19 65 
0 97 18 21 86 63 96 61 87 62 48 89 40 72 50 53 43 38 1 6 88 41 30 95 3 13 105 60 102 104 26 47 12 58 56 67 49 71 28 52 106 108 14 78 33 84 64 103 99 74 101 39 100 10 15 98 91 16 66 80 57 73 76 34 4 36 82 69 68 109 94 81 83 45 37 44 51 2 32 5 93 70 25 42 22 59 11 20 35 7 85 75 9 8 54 92 17 46 29 27 24 107 55 79 23 90 77 31 19 65 
0 97 18 21 86 63 96 61 87 62 48 89 40 72 50 53 43 38 1 6 88 41 30 95 3 13 105 60 102 104 26 47 12 58 56 67 49 71 28 52 106 108 14 78 33 84 64 103 99 74 101 39 100 10 15 98 91 16 66 80 57 73 76 34 4 36 82 69 68 109 94 81 83 45 37 44 51 2 32 5 93 70 25 42 22 59 11 20 35 7 85 75 9 8 54 92 17 46 29 27 24 107 55 79 23 90 77 31 19 65 
0 97 18 21 86 63 96 61 87 62 48 89 40 72 50 53 43 38 1 6 88 41 30 95 3 13 105 60 102 104 26 47 12 58 56 67 49 71 28 52 106 108 14 78 33 84 64 103 99 74 101 39 100 10 15 98 91 16 66 80 57 73 76 34 4 36 82 69 68 109 94 81 83 45 37 44 51 2 32 5 93 70 25 42 22 59 11 20 35 7 85 75 9 8 54 92 17 46 29 27 24 107 55 79 23 90 77 31 19 65 
0 97 18 21 86 63 96 61 87 62 48 89 40 72 50 53 43 38 1 6 88 41 30 95 3 13 105 60 102 104 26 47 12 58 56 67 49 71 28 52 106 108 14 78 33 84 64 103 99 74 101 39 100 10 15 98 91 16 66 80 57 73 76 34 4 36 82 69 68 109 94 81 83 45 37 44 51 2 32 5 93 70 25 42 22 59 11 20 35 7 85 75 9 8 54 92 17 46 29 27 24 107 55 79 23 90 77 31 19 65 
0 97 18 21 86 63 96 61 87 62 48 89 40 72 50 53 43 38 1 6 88 41 30 95 3 13 105 60 102 104 26 47 12 58 56 67 49 71 28 52 106 108 14 78 33 84 64 103 99 74 101 39 100 10 15 98 91 16 66 80 57 73 76 34 4 36 82 69 68 109 94 81 83 45 37 44 51 2 32 5 93 70 25 42 22 59 11 20 35 7 85 75 9 8 54 92 17 46 29 27 24 107 55 79 23 90 77 31 19 65 
0 97 18 21 86 63 96 61 87 62 48 89 40 72 50 53 43 38 1 6 88 41 30 95 3 13 105 60 102 104 26 47 12 58 56 67 49 71 28 52 106 108 14 78 33 84 64 103 99 74 101 39 100 10 15 98 91 16 66 80 57 73 76 34 4 36 82 69 68 109 94 81 83 45 37 44 51 2 32 5 93 70 25 42 22 59 11 20 35 7 85 75 9 8 54 92 17 46 29 27 24 107 55 79 23 90 77 31 19 65 
0 97 18 21 86 63 96 61 87 62 48 89 40 72 50 53 43 38 1 6 88 41 30 95 3 13 105 60 102 104 26 47 12 58 56 67 49 71 28 52 106 108 14 78 33 84 64 103 99 74 101 39 100 10 15 98 91 16 66 80 57 73 76 34 4 36 82 69 68 109 94 81 83 45 37 44 51 2 32 5 93 70 25 42 22 59 11 20 35 7 85 75 9 8 54 92 17 46 29 27 24 107 55 79 23 90 77 31 19 65 
0 97 18 21 86 63 96 61 87 62 48 89 40 72 50 53 43 38 1 6 88 41 30 95 3 13 105 60 102 104 26 47 12 58 56 67 49 71 28 52 106 108 14 78 33 84 64 103 99 74 101 39 100 10 15 98 91 16 66 80 57 73 76 34 4 36 82 69 68 109 94 81 83 45 37 44 51 2 32 5 93 70 25 42 22 59 11 20 35 7 85 75 9 8 54 92 17 46 29 27 24 107 55 79 23 90 77 31 19 65 
0 97 18 21 86 63 96 61 87 62 48 89 40 72 50 53 43 38 1 6 88 41 30 95 3 13 105 60 102 104 26 47 12 58 56 67 49 71 28 52 106 108 14 78 33 84 64 103 99 74 101 39 100 10 15 98 91 16 66 80 57 73 76 34 4 36 82 69 68 109 94 81 83 45 37 44 51 2 32 5 93 70 25 42 22 59 11 20 35 7 85 75 9 8 54 92 17 46 29 27 24 107 55 79 23 90 77 31 19 65 
0 97 18 21 86 63 96 61 87 62 48 89 40 72 50 53 43 38 1 6 88 41 30 95 3 13 105 60 102 104 26 47 12 58 56 67 49 71 28 52 106 108 14 78 33 84 64 103 99 74 101 39 100 10 15 98 91 16 66 80 57 73 76 34 4 36 82 69 68 109 94 81 83 45 37 44 51 2 32 5 93 70 25 42 22 59 11 20 35 7 85 75 9 8 54 92 17 46 29 27 24 107 55 79 23 90 77 31 19 65 
0 97 18 21 86 63 96 61 87 62 48 89 40 72 50 53 43 38 1 6 88 41 30 95 3 13 105 60 102 104 26 47 12 58 56 67 49 71 28 52 106 108 14 78 33 84 64 103 99 74 101 39 100 10 15 98 91 16 66 80 57 73 76 34 4 36 82 69 68 109 94 81 83 45 37 44 51 2 32 5 93 70 25 42 22 59 11 20 35 7 85 75 9 8 54 92 17 46 29 27 24 107 55 79 23 90 77 31 19 65 
0 97 18 21 86 63 96 61 87 62 48 89 40 72 50 53 43 38 1 6 88 41 30 95 3 13 105 60 102 104 26 47 12 58 56 67 49 71 28 52 106 108 14 78 33 84 64 103 99 74 101 39 100 10 15 98 91 16 66 80 57 73 76 34 4 36 82 69 68 109 94 81 83 45 37 44 51 2 32 5 93 70 25 42 22 59 11 20 35 7 85 75 9 8 54 92 17 46 29 27 24 107 55 79 23 90 77 31 19 65 
0 97 18 21 86 63 96 61 87 62 48 89 40 72 50 53 43 38 1 6 88 41 30 95 3 13 105 60 102 104 26 47 12 58 56 67 49 71 28 52 106 108 14 78 33 84 64 103 99 74 101 39 100 10 15 98 91 16 66 80 57 73 76 34 4 36 82 69 68 109 94 81 83 45 37 44 51 2 32 5 93 70 25 42 22 59 11 20 35 7 85 75 9 8 54 92 17 46 29 27 24 107 55 79 23 90 77 31 19 65 
0 97 18 21 86 63 96 61 87 62 48 89 40 72 50 53 43 38 1 6 88 41 30 95 3 13 105 60 102 104 26 47 12 58 56 67 49 71 28 52 106 108 14 78 33 84 64 103 99 74 101 39 100 10 15 98 91 16 66 80 57 73 76 34 4 36 82 69 68 109 94 81 83 45 37 44 51 2 32 5 93 70 25 42 22 59 11 20 35 7 85 75 9 8 54 92 17 46 29 27 24 107 55 79 23 90 77 31 19 65 
0 97 18 21 86 63 96 61 87 62 48 89 40 72 50 53 43 38 1 6 88 41 30 95 3 13 105 60 102 104 26 47 12 58 56 67 49 71 28 52 106 108 14 78 33 84 64 103 99 74 101 39 100 10 15 98 91 16 66 80 57 73 76 34 4 36 82 69 68 109 94 81 83 45 37 44 51 2 32 5 93 70 25 42 22 59 11 20 35 7 85 75 9 8 54 92 17 46 29 27 24 107 55 79 23 90 77 31 19 65 
0 97 18 21 86 63 96 61 87 62 48 89 40 72 50 53 43 38 1 6 88 41 30 95 3 13 105 60 102 104 26 47 12 58 56 67 49 71 28 52 106 108 14 78 33 84 64 103 99 74 101 39 100 10 15 98 91 16 66 80 57 73 76 34 4 36 82 69 68 109 94 81 83 45 37 44 51 2 32 5 93 70 25 42 22 59 11 20 35 7 85 75 9 8 54 92 17 46 29 27 24 107 55 79 23 90 77 31 19 65 
0 97 18 21 86 63 96 61 87 62 48 89 40 72 50 53 43 38 1 6 88 41 30 95 3 13 105 60 102 104 26 47 12 58 56 67 49 71 28 52 106 108 14 78 33 84 64 103 99 74 101 39 100 10 15 98 91 16 66 80 57 73 76 34 4 36 82 69 68 109 94 81 83 45 37 44 51 2 32 5 93 70 25 42 22 59 11 20 35 7 85 75 9 8 54 92 17 46 29 27 24 107 55 79 23 90 77 31 19 65 
0 97 18 21 86 63 96 61 87 62 48 89 40 72 50 53 43 38 1 6 88 41 30 95 3 13 105 60 102 104 26 47 12 58 56 67 49 71 28 52 106 108 14 78 33 84 64 103 99 74 101 39 100 10 15 98 91 16 66 80 57 73 76 34 4 36 82 69 68 109 94 81 83 45 37 44 51 2 32 5 93 70 25 42 22 59 11 20 35 7 85 75 9 8 54 92 17 46 29 27 24 107 55 79 23 90 77 31 19 65 
0 97 18 21 86 63 96 61 87 62 48 89 40 72 50 53 43 38 1 6 88 41 30 95 3 13 105 60 102 104 26 47 12 58 56 67 49 71 28 52 106 108 14 78 33 84 64 103 99 74 101 39 100 10 15 98 91 16 66 80 57 73 76 34 4 36 82 69 68 109 94 81 83 45 37 44 51 2 32 5 93 70 25 42 22 59 11 20 35 7 85 75 9 8 54 92 17 46 29 27 24 107 55 79 23 90 77 31 19 65 
0 97 18 21 86 63 96 61 87 62 48 89 40 72 50 53 43 38 1 6 88 41 30 95 3 13 105 60 102 104 26 47 12 58 56 67 49 71 28 52 106 108 14 78 33 84 64 103 99 74 101 39 100 10 15 98 91 16 66 80 57 73 76 34 4 36 82 69 68 109 94 81 83 45 37 44 51 2 32 5 93 70 25 42 22 59 11 20 35 7 85 75 9 8 54 92 17 46 29 27 24 107 55 79 23 90 77 31 19 65 
0 97 18 21 86 63 96 61 87 62 48 89 40 72 50 53 43 38 1 6 88 41 30 95 3 13 105 60 102 104 26 47 12 58 56 67 49 71 28 52 106 108 14 78 33 84 64 103 99 74 101 39 100 10 15 98 91 16 66 80 57 73 76 34 4 36 82 69 68 109 94 81 83 45 37 44 51 2 32 5 93 70 25 42 22 59 11 20 35 7 85 75 9 8 54 92 17 46 29 27 24 107 55 79 23 90 77 31 19 65 
0 97 18 21 86 63 96 61 87 62 48 89 40 72 50 53 43 38 1 6 88 41 30 95 3 13 105 60 102 104 26 47 12 58 56 67 49 71 28 52 106 108 14 78 33 84 64 103 99 74 101 39 100 10 15 98 91 16 66 80 57 73 76 34 4 36 82 69 68 109 94 81 83 45 37 44 51 2 32 5 93 70 25 42 22 59 11 20 35 7 85 75 9 8 54 92 17 46 29 27 24 107 55 79 23 90 77 31 19 65 
0 97 18 21 86 63 96 61 87 62 48 89 40 72 50 53 43 38 1 6 88 41 30 95 3 13 105 60 102 104 26 47 12 58 56 67 49 71 28 52 106 108 14 78 33 84 64 103 99 74 101 39 100 10 15 98 91 16 66 80 57 73 76 34 4 36 82 69 68 109 94 81 83 45 37 44 51 2 32 5 93 70 25 42 22 59 11 20 35 7 85 75 9 8 54 92 17 46 29 27 24 107 55 79 23 90 77 31 19 65 
0 97 18 21 86 63 96 61 87 62 48 89 40 72 50 53 43 38 1 6 88 41 30 95 3 13 105 60 102 104 26 47 12 58 56 67 49 71 28 52 106 108 14 78 33 84 64 103 99 74 101 39 100 10 15 98 91 16 66 80 57 73 76 34 4 36 82 69 68 109 94 81 83 45 37 44 51 2 32 5 93 70 25 42 22 59 11 20 35 7 85 75 9 8 54 92 17 46 29 27 24 107 55 79 23 90 77 31 19 65 
0 97 18 21 86 63 96 61 87 62 48 89 40 72 50 53 43 38 1 6 88 41 30 95 3 13 105 60 102 104 26 47 12 58 56 67 49 71 28 52 106 108 14 78 33 84 64 103 99 74 101 39 100 10 15 98 91 16 66 80 57 73 76 34 4 36 82 69 68 109 94 81 83 45 37 44 51 2 32 5 93 70 25 42 22 59 11 20 35 7 85 75 9 8 54 92 17 46 29 27 24 107 55 79 23 90 77 31 19 65 
0 97 18 21 86 63 96 61 87 62 48 89 40 72 50 53 43 38 1 6 88 41 30 95 3 13 105 60 102 104 26 47 12 58 56 67 49 71 28 52 106 108 14 78 33 84 64 103 99 74 101 39 100 10 15 98 91 16 66 80 57 73 76 34 4 36 82 69 68 109 94 81 83 45 37 44 51 2 32 5 93 70 25 42 22 59 11 20 35 7 85 75 9 8 54 92 17 46 29 27 24 107 55 79 23 90 77 31 19 65 
0 97 18 21 86 63 96 61 87 62 48 89 40 72 50 53 43 38 1 6 88 41 30 95 3 13 105 60 102 104 26 47 12 58 56 67 49 71 28 52 106 108 14 78 33 84 64 103 99 74 101 39 100 10 15 98 91 16 66 80 57 73 76 34 4 36 82 69 68 109 94 81 83 45 37 44 51 2 32 5 93 70 25 42 22 59 11 20 35 7 85 75 9 8 54 92 17 46 29 27 24 107 55 79 23 90 77 31 19 65 
0 97 18 21 86 63 96 61 87 62 48 89 40 72 50 53 43 38 1 6 88 41 30 95 3 13 105 60 102 104 26 47 12 58 56 67 49 71 28 52 106 108 14 78 33 84 64 103 99 74 101 39 100 10 15 98 91 16 66 80 57 73 76 34 4 36 82 69 68 109 94 81 83 45 37 44 51 2 32 5 93 70 25 42 22 59 11 20 35 7 85 75 9 8 54 92 17 46 29 27 24 107 55 79 23 90 77 31 19 65 
0 97 18 21 86 63 96 61 87 62 48 89 40 72 50 53 43 38 1 6 88 41 30 95 3 13 105 60 102 104 26 47 12 58 56 67 49 71 28 52 106 108 14 78 33 84 64 103 99 74 101 39 100 10 15 98 91 16 66 80 57 73 76 34 4 36 82 69 68 109 94 81 83 45 37 44 51 2 32 5 93 70 25 42 22 59 11 20 35 7 85 75 9 8 54 92 17 46 29 27 24 107 55 79 23 90 77 31 19 65 
0 97 18 21 86 63 96 61 87 62 48 89 40 72 50 53 43 38 1 6 88 41 30 95 3 13 105 60 102 104 26 47 12 58 56 67 49 71 28 52 106 108 14 78 33 84 64 103 99 74 101 39 100 10 15 98 91 16 66 80 57 73 76 34 4 36 82 69 68 109 94 81 83 45 37 44 51 2 32 5 93 70 25 42 22 59 11 20 35 7 85 75 9 8 54 92 17 46 29 27 24 107 55 79 23 90 77 31 19 65 
0 97 18 21 86 63 96 61 87 62 48 89 40 72 50 53 43 38 1 6 88 41 30 95 3 13 105 60 102 104 26 47 12 58 56 67 49 71 28 52 106 108 14 78 33 84 64 103 99 74 101 39 100 10 15 98 91 16 66 80 57 73 76 34 4 36 82 69 68 109 94 81 83 45 37 44 51 2 32 5 93 70 25 42 22 59 11 20 35 7 85 75 9 8 54 92 17 46 29 27 24 107 55 79 23 90 77 31 19 65 
0 97 18 21 86 63 96 61 87 62 48 89 40 72 50 53 43 38 1 6 88 41 30 95 3 13 105 60 102 104 26 47 12 58 56 67 49 71 28 52 106 108 14 78 33 84 64 103 99 74 101 39 100 10 15 98 91 16 66 80 57 73 76 34 4 36 82 69 68 109 94 81 83 45 37 44 51 2 32 5 93 70 25 42 22 59 11 20 35 7 85 75 9 8 54 92 17 46 29 27 24 107 55 79 23 90 77 31 19 65 
0 97 18 21 86 63 96 61 87 62 48 89 40 72 50 53 43 38 1 6 88 41 30 95 3 13 105 60 102 104 26 47 12 58 56 67 49 71 28 52 106 108 14 78 33 84 64 103 99 74 101 39 100 10 15 98 91 16 66 80 57 73 76 34 4 36 82 69 68 109 94 81 83 45 37 44 51 2 32 5 93 70 25 42 22 59 11 20 35 7 85 75 9 8 54 92 17 46 29 27 24 107 55 79 23 90 77 31 19 65 
0 97 18 21 86 63 96 61 87 62 48 89 40 72 50 53 43 38 1 6 88 41 30 95 3 13 105 60 102 104 26 47 12 58 56 67 49 71 28 52 106 108 14 78 33 84 64 103 99 74 101 39 100 10 15 98 91 16 66 80 57 73 76 34 4 36 82 69 68 109 94 81 83 45 37 44 51 2 32 5 93 70 25 42 22 59 11 20 35 7 85 75 9 8 54 92 17 46 29 27 24 107 55 79 23 90 77 31 19 65 
0 97 18 21 86 63 96 61 87 62 48 89 40 72 50 53 43 38 1 6 88 41 30 95 3 13 105 60 102 104 26 47 12 58 56 67 49 71 28 52 106 108 14 78 33 84 64 103 99 74 101 39 100 10 15 98 91 16 66 80 57 73 76 34 4 36 82 69 68 109 94 81 83 45 37 44 51 2 32 5 93 70 25 42 22 59 11 20 35 7 85 75 9 8 54 92 17 46 29 27 24 107 55 79 23 90 77 31 19 65 
0 97 18 21 86 63 96 61 87 62 48 89 40 72 50 53 43 38 1 6 88 41 30 95 3 13 105 60 102 104 26 47 12 58 56 67 49 71 28 52 106 108 14 78 33 84 64 103 99 74 101 39 100 10 15 98 91 16 66 80 57 73 76 34 4 36 82 69 68 109 94 81 83 45 37 44 51 2 32 5 93 70 25 42 22 59 11 20 35 7 85 75 9 8 54 92 17 46 29 27 24 107 55 79 23 90 77 31 19 65 
0 97 18 21 86 63 96 61 87 62 48 89 40 72 50 53 43 38 1 6 88 41 30 95 3 13 105 60 102 104 26 47 12 58 56 67 49 71 28 52 106 108 14 78 33 84 64 103 99 74 101 39 100 10 15 98 91 16 66 80 57 73 76 34 4 36 82 69 68 109 94 81 83 45 37 44 51 2 32 5 93 70 25 42 22 59 11 20 35 7 85 75 9 8 54 92 17 46 29 27 24 107 55 79 23 90 77 31 19 65 
0 97 18 21 86 63 96 61 87 62 48 89 40 72 50 53 43 38 1 6 88 41 30 95 3 13 105 60 102 104 26 47 12 58 56 67 49 71 28 52 106 108 14 78 33 84 64 103 99 74 101 39 100 10 15 98 91 16 66 80 57 73 76 34 4 36 82 69 68 109 94 81 83 45 37 44 51 2 32 5 93 70 25 42 22 59 11 20 35 7 85 75 9 8 54 92 17 46 29 27 24 107 55 79 23 90 77 31 19 65 
0 97 18 21 86 63 96 61 87 62 48 89 40 72 50 53 43 38 1 6 88 41 30 95 3 13 105 60 102 104 26 47 12 58 56 67 49 71 28 52 106 108 14 78 33 84 64 103 99 74 101 39 100 10 15 98 91 16 66 80 57 73 76 34 4 36 82 69 68 109 94 81 83 45 37 44 51 2 32 5 93 70 25 42 22 59 11 20 35 7 85 75 9 8 54 92 17 46 29 27 24 107 55 79 23 90 77 31 19 65 
0 97 18 21 86 63 96 61 87 62 48 89 40 72 50 53 43 38 1 6 88 41 30 95 3 13 105 60 102 104 26 47 12 58 56 67 49 71 28 52 106 108 14 78 33 84 64 103 99 74 101 39 100 10 15 98 91 16 66 80 57 73 76 34 4 36 82 69 68 109 94 81 83 45 37 44 51 2 32 5 93 70 25 42 22 59 11 20 35 7 85 75 9 8 54 92 17 46 29 27 24 107 55 79 23 90 77 31 19 65 
0 97 18 21 86 63 96 61 87 62 48 89 40 72 50 53 43 38 1 6 88 41 30 95 3 13 105 60 102 104 26 47 12 58 56 67 49 71 28 52 106 108 14 78 33 84 64 103 99 74 101 39 100 10 15 98 91 16 66 80 57 73 76 34 4 36 82 69 68 109 94 81 83 45 37 44 51 2 32 5 93 70 25 42 22 59 11 20 35 7 85 75 9 8 54 92 17 46 29 27 24 107 55 79 23 90 77 31 19 65 
0 97 18 21 86 63 96 61 87 62 48 89 40 72 50 53 43 38 1 6 88 41 30 95 3 13 105 60 102 104 26 47 12 58 56 67 49 71 28 52 106 108 14 78 33 84 64 103 99 74 101 39 100 10 15 98 91 16 66 80 57 73 76 34 4 36 82 69 68 109 94 81 83 45 37 44 51 2 32 5 93 70 25 42 22 59 11 20 35 7 85 75 9 8 54 92 17 46 29 27 24 107 55 79 23 90 77 31 19 65 
0 97 18 21 86 63 96 61 87 62 48 89 40 72 50 53 43 38 1 6 88 41 30 95 3 13 105 60 102 104 26 47 12 58 56 67 49 71 28 52 106 108 14 78 33 84 64 103 99 74 101 39 100 10 15 98 91 16 66 80 57 73 76 34 4 36 82 69 68 109 94 81 83 45 37 44 51 2 32 5 93 70 25 42 22 59 11 20 35 7 85 75 9 8 54 92 17 46 29 27 24 107 55 79 23 90 77 31 19 65 
0 97 18 21 86 63 96 61 87 62 48 89 40 72 50 53 43 38 1 6 88 41 30 95 3 13 105 60 102 104 26 47 12 58 56 67 49 71 28 52 106 108 14 78 33 84 64 103 99 74 101 39 100 10 15 98 91 16 66 80 57 73 76 34 4 36 82 69 68 109 94 81 83 45 37 44 51 2 32 5 93 70 25 42 22 59 11 20 35 7 85 75 9 8 54 92 17 46 29 27 24 107 55 79 23 90 77 31 19 65 
0 97 18 21 86 63 96 61 87 62 48 89 40 72 50 53 43 38 1 6 88 41 30 95 3 13 105 60 102 104 26 47 12 58 56 67 49 71 28 52 106 108 14 78 33 84 64 103 99 74 101 39 100 10 15 98 91 16 66 80 57 73 76 34 4 36 82 69 68 109 94 81 83 45 37 44 51 2 32 5 93 70 25 42 22 59 11 20 35 7 85 75 9 8 54 92 17 46 29 27 24 107 55 79 23 90 77 31 19 65 
0 97 18 21 86 63 96 61 87 62 48 89 40 72 50 53 43 38 1 6 88 41 30 95 3 13 105 60 102 104 26 47 12 58 56 67 49 71 28 52 106 108 14 78 33 84 64 103 99 74 101 39 100 10 15 98 91 16 66 80 57 73 76 34 4 36 82 69 68 109 94 81 83 45 37 44 51 2 32 5 93 70 25 42 22 59 11 20 35 7 85 75 9 8 54 92 17 46 29 27 24 107 55 79 23 90 77 31 19 65 
0 97 18 21 86 63 96 61 87 62 48 89 40 72 50 53 43 38 1 6 88 41 30 95 3 13 105 60 102 104 26 47 12 58 56 67 49 71 28 52 106 108 14 78 33 84 64 103 99 74 101 39 100 10 15 98 91 16 66 80 57 73 76 34 4 36 82 69 68 109 94 81 83 45 37 44 51 2 32 5 93 70 25 42 22 59 11 20 35 7 85 75 9 8 54 92 17 46 29 27 24 107 55 79 23 90 77 31 19 65 
0 97 18 21 86 63 96 61 87 62 48 89 40 72 50 53 43 38 1 6 88 41 30 95 3 13 105 60 102 104 26 47 12 58 56 67 49 71 28 52 106 108 14 78 33 84 64 103 99 74 101 39 100 10 15 98 91 16 66 80 57 73 76 34 4 36 82 69 68 109 94 81 83 45 37 44 51 2 32 5 93 70 25 42 22 59 11 20 35 7 85 75 9 8 54 92 17 46 29 27 24 107 55 79 23 90 77 31 19 65 
0 97 18 21 86 63 96 61 87 62 48 89 40 72 50 53 43 38 1 6 88 41 30 95 3 13 105 60 102 104 26 47 12 58 56 67 49 71 28 52 106 108 14 78 33 84 64 103 99 74 101 39 100 10 15 98 91 16 66 80 57 73 76 34 4 36 82 69 68 109 94 81 83 45 37 44 51 2 32 5 93 70 25 42 22 59 11 20 35 7 85 75 9 8 54 92 17 46 29 27 24 107 55 79 23 90 77 31 19 65 
0 97 18 21 86 63 96 61 87 62 48 89 40 72 50 53 43 38 1 6 88 41 30 95 3 13 105 60 102 104 26 47 12 58 56 67 49 71 28 52 106 108 14 78 33 84 64 103 99 74 101 39 100 10 15 98 91 16 66 80 57 73 76 34 4 36 82 69 68 109 94 81 83 45 37 44 51 2 32 5 93 70 25 42 22 59 11 20 35 7 85 75 9 8 54 92 17 46 29 27 24 107 55 79 23 90 77 31 19 65 
0 97 18 21 86 63 96 61 87 62 48 89 40 72 53 50 43 38 1 6 88 41 30 95 3 13 105 60 102 104 26 47 12 58 56 67 49 71 28 52 106 108 14 78 33 84 64 103 99 74 101 39 100 10 15 98 91 16 66 80 57 73 76 34 4 36 82 69 68 109 94 81 83 45 37 44 51 2 32 5 93 70 25 42 22 59 11 20 35 7 85 75 9 8 54 92 17 46 29 27 24 107 55 79 23 90 77 31 19 65 
0 97 18 21 86 63 96 61 87 62 48 89 40 72 50 53 43 38 1 6 88 41 30 95 3 13 105 60 102 104 26 47 12 58 56 67 49 71 28 52 106 108 14 78 33 84 64 103 99 74 101 39 100 10 15 98 91 16 66 80 57 73 76 34 4 36 82 69 68 109 94 81 83 45 37 44 51 2 32 5 93 70 25 42 22 59 11 20 35 85 7 75 9 8 54 92 17 46 29 27 24 107 55 79 23 90 77 31 19 65 
0 97 18 21 86 63 96 61 87 62 48 89 40 72 50 53 43 38 1 6 88 41 30 95 3 13 105 60 102 104 26 47 71 58 56 67 49 12 28 52 106 108 14 78 33 84 64 103 99 74 101 39 100 10 15 98 91 16 66 80 57 73 76 34 4 36 82 69 68 109 94 81 83 45 37 44 51 2 32 5 93 70 25 42 22 59 11 20 35 7 85 75 9 8 54 92 17 46 29 27 24 107 55 79 23 90 77 31 19 65 
0 97 18 21 86 63 96 61 87 62 48 89 40 72 50 53 43 38 1 6 88 41 30 95 3 13 105 60 102 104 26 47 12 58 56 67 49 71 28 52 106 108 14 78 33 84 64 103 99 74 101 39 100 10 15 98 91 16 66 80 57 73 76 34 4 36 82 68 109 94 81 83 45 37 44 69 51 2 32 5 93 70 25 42 22 59 11 20 35 7 85 75 9 8 54 92 17 46 29 27 24 107 55 79 23 90 77 31 19 65 
0 97 18 21 86 63 96 61 87 62 48 89 40 72 50 53 43 38 6 88 41 30 95 3 13 1 105 60 102 104 26 47 12 58 56 67 49 71 28 52 106 108 14 78 33 84 64 103 99 74 101 39 100 10 15 98 91 16 66 80 57 73 76 34 4 36 82 69 68 109 94 81 83 45 37 44 51 2 32 5 93 70 25 42 22 59 11 20 35 7 85 75 9 8 54 92 17 46 29 27 24 107 55 79 23 90 77 31 19 65 
0 97 18 21 86 63 96 61 87 62 48 89 40 72 50 53 43 38 1 6 88 41 30 95 3 13 105 60 102 104 26 47 12 58 56 67 49 71 28 52 106 66 16 91 98 15 10 100 39 101 74 99 103 64 84 33 78 14 108 80 57 73 76 34 4 36 82 69 68 109 94 81 83 45 37 44 51 2 32 5 93 70 25 42 22 59 11 20 35 7 85 75 9 8 54 92 17 46 29 27 24 107 55 79 23 90 77 31 19 65 
0 65 18 21 86 63 96 61 87 62 48 89 40 72 50 53 43 38 1 6 88 41 30 95 3 13 105 60 102 104 26 47 12 58 56 67 49 71 28 52 106 108 14 78 33 84 64 103 99 74 101 39 100 10 15 98 91 16 66 80 57 73 76 34 4 36 82 69 68 109 94 81 83 45 37 44 51 2 32 5 93 70 25 42 22 59 11 20 35 7 85 75 9 8 54 92 17 46 29 27 24 107 55 79 23 90 77 31 19 97 
0 97 18 21 86 63 96 61 87 62 48 89 40 72 50 53 43 38 1 6 88 41 30 95 3 13 105 60 102 104 26 12 58 56 67 49 71 47 28 52 106 108 14 78 33 84 64 103 99 74 101 39 100 10 15 98 91 16 66 80 57 73 76 34 4 36 82 69 68 109 94 81 83 45 37 44 51 2 32 5 93 70 25 42 22 59 11 20 35 7 85 75 9 8 54 92 17 46 29 27 24 107 55 79 23 90 77 31 19 65 
0 97 18 21 86 63 96 61 87 62 48 89 40 72 50 53 43 38 1 6 88 41 30 95 3 13 105 60 102 104 67 47 12 58 56 26 49 71 28 52 106 108 14 78 33 84 64 103 99 74 101 39 100 10 15 98 91 16 66 80 57 73 76 34 4 36 82 69 68 109 94 81 83 45 37 44 51 2 32 5 93 70 25 42 22 59 11 20 35 7 85 75 9 8 54 92 17 46 29 27 24 107 55 79 23 90 77 31 19 65 
0 97 18 21 86 63 96 61 87 62 48 89 40 72 50 53 43 38 1 6 88 41 30 95 3 13 105 60 102 104 26 47 12 58 56 67 49 71 28 52 106 108 14 78 33 84 64 103 99 74 101 39 100 10 15 98 91 16 66 80 57 73 36 4 34 76 82 69 68 109 94 81 83 45 37 44 51 2 32 5 93 70 25 42 22 59 11 20 35 7 85 75 9 8 54 92 17 46 29 27 24 107 55 79 23 90 77 31 19 65 
0 97 18 21 86 63 96 61 87 62 48 89 40 72 50 53 43 38 1 6 88 41 30 95 3 13 105 60 102 104 26 47 12 58 56 67 49 71 28 52 106 108 14 78 33 84 64 103 99 74 101 39 100 10 15 98 91 16 66 80 57 73 76 34 4 36 82 69 68 109 94 81 83 45 37 44 51 2 32 5 93 70 25 42 22 35 11 20 59 7 85 75 9 8 54 92 17 46 29 27 24 107 55 79 23 90 77 31 19 65 
0 97 18 21 86 63 96 61 87 62 48 89 40 72 50 53 43 38 1 6 88 41 30 95 3 13 12 47 26 104 102 60 105 58 56 67 49 71 28 52 106 108 14 78 33 84 64 103 99 74 101 39 100 10 15 98 91 16 66 80 57 73 76 34 4 36 82 69 68 109 94 81 83 45 37 44 51 2 32 5 93 70 25 42 22 59 11 20 35 7 85 75 9 8 54 92 17 46 29 27 24 107 55 79 23 90 77 31 19 65 
0 97 18 21 86 63 96 61 87 62 48 89 40 72 50 53 43 38 1 6 88 41 30 95 3 13 105 60 102 104 26 47 12 58 56 67 49 71 28 52 106 108 14 78 33 84 64 103 99 74 101 39 100 10 15 98 91 16 66 80 57 73 76 34 4 36 82 69 68 109 94 81 83 45 37 44 51 2 32 5 93 70 25 42 22 59 11 20 35 7 85 75 9 8 54 17 46 29 92 27 24 107 55 79 23 90 77 31 19 65 
0 97 18 21 86 63 96 61 87 62 48 89 40 72 50 53 43 38 1 6 88 41 30 95 3 13 105 60 102 104 26 47 12 58 56 67 49 71 28 52 106 108 14 78 33 84 64 103 99 74 101 39 100 10 15 98 91 16 66 80 57 73 76 109 34 4 36 82 69 68 94 81 83 45 37 44 51 2 32 5 93 70 25 42 22 59 11 20 35 7 85 75 9 8 54 92 17 46 29 27 24 107 55 79 23 90 77 31 19 65 
0 97 18 21 86 63 96 61 87 62 48 89 40 72 50 43 38 1 6 88 41 30 95 3 13 105 60 102 104 26 47 12 58 56 67 49 71 28 52 106 108 53 14 78 33 84 64 103 99 74 101 39 100 10 15 98 91 16 66 80 57 73 76 34 4 36 82 69 68 109 94 81 83 45 37 44 51 2 32 5 93 70 25 42 22 59 11 20 35 7 85 75 9 8 54 92 17 46 29 27 24 107 55 79 23 90 77 31 19 65 
0 97 18 21 86 63 96 61 87 62 48 89 40 72 50 53 43 38 1 6 88 41 30 95 3 13 105 60 102 104 26 47 12 58 56 67 49 71 28 52 106 108 14 78 33 84 64 103 99 74 101 39 100 10 15 98 91 16 66 80 57 73 76 34 4 36 82 69 68 109 94 81 83 45 37 44 51 2 32 5 93 70 25 42 22 59 11 20 35 7 85 75 9 8 54 92 17 46 29 27 24 107 55 79 23 77 31 19 90 65 
0 97 18 21 86 63 96 61 87 62 48 89 40 72 50 53 43 38 1 6 88 95 3 41 30 13 105 60 102 104 26 47 12 58 56 67 49 71 28 52 106 108 14 78 33 84 64 103 99 74 101 39 100 10 15 98 91 16 66 80 57 73 76 34 4 36 82 69 68 109 94 81 83 45 37 44 51 2 32 5 93 70 25 42 22 59 11 20 35 7 85 75 9 8 54 92 17 46 29 27 24 107 55 79 23 90 77 31 19 65 
0 97 18 21 86 63 96 61 87 62 48 89 40 72 50 53 43 38 1 6 88 30 95 3 41 13 105 60 102 104 26 47 12 58 56 67 49 71 28 52 106 108 14 78 33 84 64 103 99 74 101 39 100 10 15 98 91 16 66 80 57 73 76 34 4 36 82 69 68 109 94 81 83 45 37 44 51 2 32 5 93 70 25 42 22 59 11 20 35 7 85 75 9 8 54 92 17 46 29 27 24 107 55 79 23 90 77 31 19 65 
0 97 18 21 86 63 96 61 87 62 48 89 40 72 50 53 43 38 1 6 88 41 30 95 3 13 105 60 102 104 26 47 12 58 56 67 49 71 28 52 106 108 14 78 33 84 64 103 99 74 101 39 100 10 15 98 91 16 66 80 57 73 76 34 4 36 82 69 68 109 94 81 45 37 44 51 2 32 83 5 93 70 25 42 22 59 11 20 35 7 85 75 9 8 54 92 17 46 29 27 24 107 55 79 23 90 77 31 19 65 
0 97 18 21 86 63 96 61 87 62 48 89 40 72 50 53 43 38 1 6 88 41 30 95 3 13 105 60 102 16 91 98 15 10 100 39 101 74 99 103 64 84 33 78 14 108 106 52 28 71 49 67 56 58 12 47 26 104 66 80 57 73 76 34 4 36 82 69 68 109 94 81 83 45 37 44 51 2 32 5 93 70 25 42 22 59 11 20 35 7 85 75 9 8 54 92 17 46 29 27 24 107 55 79 23 90 77 31 19 65 
0 97 18 21 86 63 96 61 87 62 48 89 40 72 50 53 43 38 1 6 88 41 30 95 3 13 105 60 102 104 26 47 12 58 56 67 49 71 28 52 106 108 14 78 51 44 37 45 83 81 94 109 68 69 82 36 4 34 76 73 57 80 66 16 91 98 15 10 100 39 101 74 99 103 64 84 33 2 32 5 93 70 25 42 22 59 11 20 35 7 85 75 9 8 54 92 17 46 29 27 24 107 55 79 23 90 77 31 19 65 
0 97 18 21 86 63 96 61 87 62 48 89 40 72 50 53 43 38 1 6 88 41 30 95 3 13 105 60 102 104 26 47 12 58 56 67 49 71 28 52 106 108 14 78 33 84 64 103 99 74 101 39 100 10 15 98 91 16 66 80 57 73 76 34 4 36 82 69 68 109 94 81 83 45 37 44 51 2 32 5 93 70 25 42 22 59 11 20 35 7 85 75 9 8 54 92 17 46 29 27 24 107 31 77 90 23 79 55 19 65 
0 97 18 21 86 63 96 61 87 62 48 89 40 72 50 58 12 47 26 104 102 60 105 13 3 95 30 41 88 6 1 38 43 53 56 67 49 71 28 52 106 108 14 78 33 84 64 103 99 74 101 39 100 10 15 98 91 16 66 80 57 73 76 34 4 36 82 69 68 109 94 81 83 45 37 44 51 2 32 5 93 70 25 42 22 59 11 20 35 7 85 75 9 8 54 92 17 46 29 27 24 107 55 79 23 90 77 31 19 65 
0 97 18 21 86 63 96 61 87 62 48 89 40 72 50 58 12 47 26 104 102 60 105 13 3 95 30 41 88 6 1 38 43 53 56 67 49 71 28 52 106 108 14 78 33 84 64 103 99 74 101 39 100 10 15 98 91 16 66 80 57 73 76 34 4 36 82 69 68 109 94 81 83 45 37 44 51 2 32 5 93 70 25 42 22 59 11 20 35 7 85 75 9 8 54 92 17 46 29 27 24 107 55 79 23 90 77 31 19 65 
0 97 18 21 86 63 96 61 87 62 48 89 40 72 50 53 43 38 1 6 88 41 30 95 3 13 105 60 102 104 26 47 12 57 80 66 16 91 98 15 10 100 39 101 74 99 103 64 84 33 78 14 108 106 52 28 71 49 67 56 58 73 76 34 4 36 82 69 68 109 94 81 83 45 37 44 51 2 32 5 93 70 25 42 22 59 11 20 35 7 85 75 9 8 54 92 17 46 29 27 24 107 55 79 23 90 77 31 19 65 
0 97 18 21 86 63 96 61 87 62 48 89 40 72 50 53 43 38 1 6 88 41 30 95 3 13 105 60 102 104 26 47 12 58 56 67 49 71 28 52 106 108 14 78 57 84 64 103 99 74 101 39 100 10 15 98 91 16 66 80 33 73 76 34 4 36 82 69 68 109 94 81 83 45 37 44 51 2 32 5 93 70 25 42 22 59 11 20 35 7 85 75 9 8 54 92 17 46 29 27 24 107 55 79 23 90 77 31 19 65 
0 97 18 21 86 63 96 61 87 62 48 89 40 72 50 53 43 38 1 6 88 41 30 95 3 13 105 60 102 104 26 47 12 58 56 67 49 71 28 52 106 108 14 78 33 84 64 103 99 74 101 39 100 10 15 98 91 16 66 80 57 73 76 34 4 36 82 69 68 109 94 81 83 45 37 44 51 2 32 5 93 70 25 42 22 59 11 20 35 7 75 9 8 54 92 17 46 29 27 24 85 107 55 79 23 90 77 31 19 65 
0 97 18 21 86 63 96 61 87 62 48 89 40 72 50 53 43 38 1 6 88 41 30 95 3 13 105 60 102 104 26 47 12 58 56 67 49 71 28 52 106 108 14 78 33 84 64 103 99 74 101 39 100 57 80 66 16 91 98 15 10 73 76 34 4 36 82 69 68 109 94 81 83 45 37 44 51 2 32 5 93 70 25 42 22 59 11 20 35 7 85 75 9 8 54 92 17 46 29 27 24 107 55 79 23 90 77 31 19 65 
0 79 55 107 24 27 29 46 17 92 54 8 9 75 85 7 35 20 11 59 22 42 25 70 93 5 32 2 51 44 37 45 83 81 94 109 68 69 82 36 4 34 76 73 57 80 66 16 91 98 15 10 100 39 101 74 99 103 64 84 14 33 78 108 106 52 28 71 49 67 56 58 12 47 26 104 102 60 105 13 3 95 30 41 88 6 1 38 43 53 50 72 40 89 48 62 87 61 96 63 86 21 18 97 23 90 77 31 19 65 
0 97 18 21 86 63 96 61 87 62 48 89 40 72 50 43 49 1 6 88 41 30 95 3 13 105 60 102 104 26 47 12 58 56 67 38 71 28 52 106 108 53 14 78 33 84 64 103 99 74 101 39 100 10 15 98 91 16 66 80 57 73 76 34 4 36 82 69 68 109 94 81 83 45 37 44 51 2 32 5 93 70 25 42 22 59 11 20 35 7 85 75 9 8 54 92 17 46 29 27 24 107 55 79 23 90 77 31 19 65 
0 97 18 21 86 63 96 61 87 62 48 89 40 72 50 53 43 38 1 6 88 41 30 95 3 13 105 60 102 104 26 12 58 56 67 49 71 28 52 106 108 14 78 33 84 64 103 99 74 101 39 100 10 15 98 91 16 66 80 47 57 73 76 34 4 36 82 69 68 109 94 81 83 45 37 44 51 2 32 5 93 70 25 42 22 59 11 20 35 7 85 75 9 8 54 92 17 46 29 27 24 107 55 79 23 90 77 31 19 65 
0 97 18 21 86 63 96 61 87 62 48 89 40 72 50 53 43 38 1 6 88 41 30 95 3 13 105 60 102 104 26 47 12 58 56 67 49 71 28 52 106 108 14 78 33 84 64 103 99 74 101 39 100 10 15 98 91 16 66 80 57 73 76 34 4 36 82 69 68 109 94 81 83 45 37 44 51 2 32 93 70 25 42 22 5 59 11 20 35 7 85 75 9 8 54 92 17 46 29 27 24 107 55 79 23 90 77 31 19 65 
0 97 18 21 86 63 96 61 87 62 48 89 40 72 50 53 43 38 1 6 88 41 30 95 3 13 105 60 102 104 26 52 12 58 56 67 49 71 28 47 106 108 14 78 33 84 64 103 99 74 101 39 100 10 15 98 91 16 66 80 57 73 76 34 4 36 82 69 68 109 94 81 83 45 37 44 51 2 32 5 93 70 25 42 22 59 11 20 35 7 85 75 9 8 54 92 17 46 29 27 24 107 55 79 23 90 77 31 19 65 
0 97 18 21 86 63 96 61 87 62 48 89 40 72 50 53 43 38 1 6 88 41 30 95 3 13 105 60 102 104 26 52 12 58 56 67 49 71 28 47 106 108 14 78 33 84 64 103 99 74 101 39 100 10 15 98 91 16 66 80 57 73 76 34 4 36 82 69 68 109 94 81 83 45 37 44 51 2 32 5 93 70 25 42 22 59 11 20 35 7 85 75 9 8 54 92 17 46 29 27 24 107 55 79 23 90 77 31 19 65 
0 97 18 21 86 63 96 61 87 62 48 89 40 72 50 53 43 38 1 6 88 41 30 95 3 13 105 60 102 104 26 47 12 58 56 67 49 71 28 52 106 108 14 78 33 15 64 103 99 74 101 39 100 10 84 98 91 16 66 80 57 73 76 34 4 36 82 69 68 109 94 81 83 45 37 44 51 2 32 5 93 70 25 42 22 59 11 20 35 7 85 75 9 8 54 92 17 46 29 27 24 107 55 79 23 90 77 31 19 65 
0 97 18 21 86 63 96 61 87 62 48 89 40 72 50 53 43 38 1 6 88 41 30 95 3 13 105 60 102 104 26 47 12 58 56 67 49 71 28 52 106 108 14 78 33 84 64 103 99 74 101 39 100 10 15 98 91 16 66 80 57 73 76 34 4 36 82 69 68 109 94 81 83 45 37 44 51 2 32 5 93 70 25 42 22 59 11 20 7 85 75 9 8 54 92 17 46 29 27 35 24 107 55 79 23 90 77 31 19 65 
0 97 18 21 86 63 96 61 87 62 48 89 40 72 50 53 43 38 1 6 88 41 30 95 3 13 105 60 102 104 26 47 12 58 56 67 80 71 28 52 106 108 14 78 33 84 64 103 99 74 101 39 100 10 15 98 91 16 66 49 57 73 76 34 4 36 82 69 68 109 94 81 83 45 37 44 51 2 32 5 93 70 25 42 22 59 11 20 35 7 85 75 9 54 92 8 17 46 29 27 24 107 55 79 23 90 77 31 19 65 
0 97 18 21 86 63 96 61 87 62 48 89 40 72 50 53 43 38 1 6 88 41 30 95 3 13 105 60 102 104 26 47 12 58 56 67 49 71 28 52 106 108 14 78 33 84 64 103 99 74 101 39 100 10 15 98 91 16 66 80 57 73 76 34 4 36 82 69 68 109 94 81 83 45 37 44 51 2 32 5 93 70 25 42 22 59 11 20 35 7 85 107 75 9 8 54 92 17 46 29 27 24 55 79 23 90 77 31 65 19 
0 97 18 21 86 63 96 61 87 62 48 89 40 72 50 53 43 38 1 6 88 41 30 95 3 13 105 60 102 104 26 47 12 58 56 67 49 71 28 52 106 108 14 78 33 84 64 103 99 74 101 39 100 10 15 98 91 16 66 80 57 73 76 34 4 36 82 69 68 109 94 81 83 45 37 44 51 2 32 5 93 70 25 42 22 59 11 20 35 7 107 85 75 9 8 54 92 17 46 29 27 24 55 79 23 90 77 31 19 65 
0 97 18 21 86 63 96 61 87 62 48 89 40 72 53 50 43 38 1 6 88 41 30 95 3 13 105 60 102 104 26 47 12 58 56 67 49 71 28 52 106 108 14 78 33 84 64 103 99 74 101 39 100 10 15 98 91 16 66 80 57 73 76 34 4 36 82 69 68 109 94 81 83 45 37 44 51 2 32 5 93 70 25 42 22 59 11 20 35 7 75 9 8 54 92 17 46 29 27 24 85 107 55 79 23 90 77 31 19 65 
0 97 18 21 86 63 96 61 87 62 48 89 78 72 50 53 43 38 1 6 88 41 30 95 3 13 105 60 102 104 26 47 12 58 56 67 49 71 28 52 106 108 14 40 33 84 64 103 99 74 101 39 100 10 15 98 91 16 66 80 57 73 76 34 4 36 82 69 68 109 94 81 83 45 37 44 51 2 32 5 93 70 25 42 22 59 11 20 35 7 85 75 9 8 54 92 17 46 29 27 24 107 55 79 23 90 77 31 19 65 
0 97 18 21 86 63 96 61 87 62 48 89 40 72 50 53 43 41 88 6 1 38 30 95 3 13 105 60 102 104 26 47 12 58 56 67 49 71 28 52 106 108 14 78 33 84 64 103 99 74 101 39 100 10 15 98 91 16 66 80 57 73 76 34 4 36 82 69 68 109 94 81 83 45 37 44 51 2 32 5 93 70 25 42 22 59 11 20 35 7 85 75 9 8 54 92 17 46 29 27 24 107 55 79 65 19 31 77 90 23 
0 97 18 21 86 63 96 61 87 62 48 89 40 72 50 53 43 38 1 6 88 41 30 95 3 13 105 60 102 104 26 47 12 58 56 67 49 71 28 52 106 108 14 78 33 84 64 103 99 74 101 39 100 10 15 98 91 16 66 80 57 73 76 34 4 36 69 68 109 94 81 83 45 82 37 44 51 2 32 5 93 70 25 42 22 59 11 20 35 7 85 75 9 8 54 92 17 46 29 27 24 107 55 79 23 90 77 31 19 65 
0 97 18 21 86 63 96 61 87 62 57 89 40 72 50 53 43 38 1 6 88 41 30 95 3 13 105 60 102 104 26 47 12 58 56 67 49 71 28 52 106 108 14 78 33 84 64 103 99 74 101 39 100 10 15 98 91 16 66 80 48 73 76 34 4 36 82 69 68 109 94 81 83 45 37 44 51 2 32 5 93 70 25 42 22 59 11 20 35 7 85 75 9 8 54 92 17 46 29 27 24 107 55 79 23 90 77 31 19 65 
0 97 18 21 86 63 96 61 87 62 48 89 40 72 50 53 43 38 1 6 88 41 30 95 3 13 105 60 102 104 26 47 12 58 56 67 49 71 28 52 106 108 14 78 100 84 64 103 99 74 101 39 33 10 15 98 91 16 66 80 57 73 76 34 4 36 82 69 68 109 94 81 83 45 37 44 51 2 32 5 93 70 25 42 22 59 11 20 35 7 85 75 9 8 54 92 17 46 29 27 24 107 55 79 23 90 77 31 19 65 
0 97 18 21 86 63 96 61 87 62 48 89 40 72 50 53 43 38 1 6 88 41 30 95 3 13 105 60 102 104 26 47 12 58 56 67 49 71 28 52 106 108 14 78 33 84 64 103 99 74 101 39 100 10 82 36 4 34 76 73 57 80 66 16 91 98 15 69 68 109 94 81 83 45 37 44 51 2 32 5 93 70 25 42 22 59 11 20 35 7 85 75 9 8 54 92 17 46 29 27 24 107 55 79 23 90 77 31 19 65 
0 97 18 21 86 63 96 61 87 62 48 89 40 72 50 53 43 38 1 6 88 41 30 95 3 13 105 60 102 104 26 47 12 58 56 67 49 71 28 52 106 108 14 78 33 84 64 103 99 74 101 39 100 10 15 98 91 16 66 80 57 73 76 34 2 36 82 69 68 109 94 81 83 45 37 44 51 4 32 5 93 70 25 42 22 59 11 20 35 7 85 75 9 8 54 92 17 46 29 27 24 107 55 79 23 90 77 31 19 65 
0 97 18 21 86 63 96 61 87 62 48 89 40 72 50 53 43 38 1 6 88 41 30 95 3 13 105 60 102 104 26 47 12 58 56 67 49 71 28 52 106 108 14 78 33 84 64 103 99 74 101 39 100 10 15 98 91 16 66 80 57 73 76 34 4 36 82 69 68 109 94 81 83 45 37 44 51 2 32 5 93 70 42 22 59 11 20 35 7 85 75 9 8 54 25 92 17 46 29 27 24 107 55 79 23 90 77 31 19 65 
0 97 18 21 86 63 96 61 87 62 48 89 40 72 50 53 43 38 1 6 88 41 30 95 3 13 105 60 102 104 26 47 12 58 56 67 49 71 28 52 106 108 14 78 33 84 64 103 99 74 101 39 100 10 15 98 91 16 66 80 57 73 76 34 4 36 82 42 25 70 93 5 32 2 51 44 37 45 83 81 94 109 68 69 22 59 11 20 35 7 85 75 9 8 54 92 17 46 29 27 24 107 55 79 23 90 77 31 19 65 
0 97 18 21 86 63 96 61 87 62 48 89 40 72 50 53 43 38 1 6 88 41 30 95 3 13 105 60 102 104 26 47 12 58 56 67 49 71 28 52 106 108 14 78 33 84 64 103 99 74 101 39 100 94 10 15 98 91 16 66 80 57 73 76 34 4 36 82 69 68 109 81 83 45 37 44 51 2 32 5 93 70 25 42 22 59 11 20 35 7 85 75 9 8 54 92 17 46 29 27 24 107 55 79 23 90 77 31 19 65 
0 97 18 21 86 63 96 61 87 62 48 89 40 72 50 53 43 38 1 6 88 41 30 95 3 13 105 60 102 104 26 47 12 58 56 67 49 71 28 52 106 108 14 78 33 84 64 103 99 74 101 39 100 10 15 98 91 16 66 80 57 73 76 34 4 36 82 69 68 109 94 81 83 45 37 44 51 2 32 5 93 70 25 42 22 11 20 35 7 85 75 9 8 54 92 17 46 29 27 24 107 59 55 79 90 23 77 31 19 65 
0 97 18 21 86 63 96 61 87 62 48 89 40 72 50 53 43 38 1 6 88 49 30 95 3 13 105 60 102 104 26 47 12 58 56 67 41 71 28 52 106 108 14 78 33 84 64 103 99 74 101 39 100 10 15 98 91 16 66 80 57 73 76 34 4 36 82 69 68 109 94 81 83 45 37 44 51 2 32 5 93 70 25 42 22 59 11 20 35 7 85 75 9 8 54 92 17 46 29 27 24 107 55 79 23 90 77 31 19 65 
0 97 18 21 86 63 96 61 87 62 48 89 40 72 50 53 43 38 1 6 88 41 30 95 3 13 105 60 102 104 26 47 12 58 56 67 49 71 28 52 106 108 14 78 33 84 64 103 99 74 101 39 100 10 15 98 91 16 66 80 57 73 76 34 4 36 82 69 35 20 11 59 22 42 25 70 93 5 32 2 51 44 37 45 83 81 94 109 68 7 85 75 9 8 54 92 17 46 29 27 24 107 55 79 23 90 77 31 19 65 
0 97 18 21 86 63 96 61 87 62 48 89 40 72 50 53 81 94 109 68 69 82 36 4 34 76 73 57 80 66 16 91 98 15 10 100 39 101 74 99 103 64 84 33 78 14 108 106 52 28 71 49 67 56 58 12 47 26 104 102 60 105 13 3 95 30 41 88 6 1 38 43 83 45 37 44 51 2 32 5 93 70 25 42 22 59 11 20 35 7 85 75 9 8 54 92 17 46 29 27 24 107 55 79 23 90 77 31 19 65 
0 97 18 21 86 63 96 61 87 62 48 89 40 72 50 53 43 38 1 6 88 41 30 95 3 13 105 60 102 104 26 47 12 58 56 67 49 71 28 52 106 108 14 78 33 84 64 103 99 74 101 39 10 15 98 91 16 66 100 80 57 73 76 34 4 36 82 69 68 109 94 81 83 45 37 44 51 2 32 5 93 70 25 42 22 59 11 20 35 7 85 75 9 8 54 92 17 46 29 27 24 107 55 79 23 90 77 31 19 65 
0 97 18 21 86 63 96 61 87 62 48 89 40 72 50 53 43 38 1 6 88 41 30 95 3 13 105 60 102 104 26 47 12 58 56 67 49 71 28 52 106 108 14 78 33 84 64 103 99 74 101 39 100 10 15 98 91 16 66 80 57 73 76 34 4 36 82 69 68 94 81 83 45 37 44 51 2 32 5 93 70 25 42 22 59 11 20 35 7 109 85 75 9 8 54 92 17 46 29 27 24 107 55 79 23 90 77 31 19 65 
0 97 18 21 86 63 96 61 87 62 48 89 40 72 50 53 43 38 1 6 88 41 30 95 3 13 105 60 66 104 26 47 12 58 56 67 49 71 28 52 106 108 14 78 33 84 64 103 99 74 101 39 100 10 15 98 91 16 102 80 57 73 76 34 4 36 82 69 68 109 94 81 83 45 37 44 51 2 32 5 93 70 25 42 22 59 11 20 35 7 85 75 9 8 54 92 17 46 29 27 24 107 55 79 23 90 77 31 19 65 
0 97 18 21 86 63 96 61 87 62 48 89 40 72 50 53 43 38 1 6 88 41 30 95 3 13 105 60 102 104 26 47 12 58 56 67 49 71 28 52 106 108 14 78 33 84 64 103 99 74 101 39 100 10 15 98 91 16 66 80 57 73 76 34 4 36 69 68 109 94 81 83 45 37 44 51 2 32 5 93 70 25 42 22 59 11 20 82 35 7 85 75 9 8 54 92 17 46 29 27 24 107 55 79 23 90 77 31 19 65 
0 97 18 21 86 63 96 61 87 62 48 2 40 72 50 53 43 38 1 6 88 41 30 95 3 13 105 60 102 104 26 47 12 58 56 67 49 71 28 52 106 108 14 78 33 84 64 103 99 74 101 39 100 10 15 98 91 16 66 80 57 73 76 34 4 36 82 69 68 109 94 81 83 45 37 44 51 89 32 5 93 70 25 42 22 59 11 20 35 7 85 75 9 8 54 92 17 46 29 27 24 107 55 79 23 90 77 31 19 65 
0 97 18 21 86 63 96 61 87 62 48 89 40 72 50 53 43 38 1 6 88 41 30 95 3 13 105 60 102 104 26 47 12 58 56 67 49 71 28 52 106 108 70 93 5 32 2 51 44 37 45 83 81 94 109 68 69 82 36 4 34 76 73 57 80 66 16 91 98 15 10 100 39 101 74 99 103 64 84 33 78 14 25 42 22 59 11 20 35 7 85 75 9 8 54 92 17 46 29 27 24 107 55 79 23 90 77 31 19 65 
0 97 18 21 86 63 96 61 87 62 48 89 40 72 50 53 43 38 1 6 88 41 30 95 3 13 105 60 102 104 26 47 12 58 56 67 49 71 28 52 106 108 70 93 5 32 2 51 44 37 45 83 81 94 109 68 69 82 36 4 34 76 73 57 80 66 16 91 98 15 10 100 39 101 74 99 103 64 84 33 78 14 25 42 22 59 11 20 35 7 85 75 9 8 54 92 17 46 29 27 24 107 55 79 23 90 77 31 19 65 
0 97 18 21 86 63 96 61 87 62 48 89 40 72 50 53 43 38 1 6 88 41 30 95 3 13 105 60 102 104 26 47 12 58 56 67 49 71 28 52 106 108 14 78 33 84 64 103 99 74 101 39 100 10 15 98 91 16 66 80 57 73 76 34 4 36 82 69 68 109 94 81 83 45 37 44 51 2 32 5 93 70 25 42 22 59 11 20 35 7 85 75 9 8 19 31 77 90 23 79 55 107 24 27 29 46 17 92 54 65 
0 97 18 21 86 63 96 61 87 62 48 89 40 72 50 53 43 38 1 6 88 41 30 95 3 13 105 60 102 104 26 47 12 58 56 67 49 71 28 52 106 108 14 78 33 84 64 103 99 74 101 39 100 10 15 98 91 16 66 80 57 73 76 34 4 36 82 69 68 109 94 81 83 45 37 44 51 2 32 5 93 70 25 42 22 59 11 35 7 85 75 9 8 54 92 17 46 29 27 24 107 55 20 79 23 90 77 31 19 65 
0 97 18 21 86 63 96 61 87 62 48 89 40 72 50 53 43 38 1 6 88 41 30 95 3 13 105 60 102 104 26 47 12 58 56 67 49 71 28 52 106 108 14 78 33 84 64 103 99 74 101 39 100 10 15 98 91 16 66 80 57 73 76 34 4 36 82 69 68 109 94 81 83 45 37 44 51 2 32 5 93 70 25 42 22 59 11 35 7 85 75 9 8 54 92 17 46 29 27 24 107 55 20 79 23 90 77 31 19 65 
0 97 18 21 86 63 96 61 87 62 48 89 40 72 50 53 43 38 1 6 88 41 30 95 3 13 105 60 102 104 26 47 12 58 56 67 49 71 28 52 106 108 14 78 33 84 64 103 99 74 101 39 100 10 15 98 91 16 66 80 37 45 83 81 94 109 68 69 82 36 4 34 76 73 57 44 51 2 32 5 93 70 25 42 22 59 11 20 35 7 85 75 9 8 54 92 17 46 29 27 24 107 55 79 23 90 77 31 19 65 
0 97 18 21 86 63 96 61 87 62 48 89 40 72 50 53 43 38 1 6 88 41 30 95 3 13 105 60 102 104 26 47 12 58 56 67 49 71 28 52 106 108 14 78 33 84 64 103 99 74 101 39 100 15 98 91 16 66 80 57 73 76 34 4 36 82 10 69 68 109 94 81 83 45 37 44 51 2 32 5 93 70 25 42 22 59 11 20 35 7 85 75 9 8 54 92 46 29 17 27 24 107 55 79 23 90 77 31 19 65 
0 97 18 21 86 63 96 61 87 62 48 89 40 72 50 53 43 38 1 6 88 41 30 95 3 13 105 60 102 104 26 47 12 58 56 67 49 71 28 52 106 108 14 78 33 84 64 103 99 74 101 39 100 10 15 98 91 16 66 80 57 73 76 34 4 36 82 69 68 109 94 81 83 45 37 44 51 2 32 5 93 70 25 42 22 59 11 20 35 7 85 75 9 107 54 92 17 46 29 27 24 8 55 79 23 90 77 31 19 65 
0 97 18 21 86 63 96 61 87 62 48 89 40 72 50 53 43 38 1 6 88 41 30 95 3 13 105 60 102 104 26 47 12 58 56 67 49 71 28 52 106 108 14 78 33 84 64 103 99 74 101 39 100 10 15 98 91 16 66 80 57 73 76 34 4 36 82 69 68 109 94 81 83 45 37 51 2 32 5 93 70 25 42 22 59 11 20 35 7 85 75 9 8 54 92 17 46 29 44 27 24 107 55 79 23 90 77 31 19 65 
0 97 18 21 86 63 96 61 87 62 48 89 40 72 50 53 43 38 1 6 88 41 30 95 3 13 105 60 102 104 26 47 12 58 56 67 49 71 28 52 106 108 14 78 33 84 64 103 99 74 101 39 100 10 15 98 91 16 66 80 57 73 76 34 4 36 82 69 68 109 94 81 83 45 37 44 51 2 32 5 93 70 25 8 22 59 11 20 35 7 85 75 9 42 54 92 17 46 29 27 24 107 55 79 23 90 77 31 19 65 
0 97 18 21 86 63 96 61 87 62 48 89 40 72 50 53 43 38 1 6 88 41 30 95 3 13 105 60 102 104 26 47 12 58 56 67 49 71 28 52 106 108 14 78 33 84 64 103 99 74 101 39 100 10 15 98 91 16 66 80 57 73 76 34 4 36 82 69 68 109 94 81 83 45 37 44 51 2 32 5 93 70 25 42 22 59 11 20 7 85 75 9 8 54 92 17 46 29 27 24 107 55 79 23 90 77 31 35 19 65 
0 97 18 21 86 63 4 34 76 73 57 80 66 16 91 98 15 10 100 39 101 74 99 103 64 84 33 78 14 108 106 52 28 71 49 67 56 58 12 47 26 104 102 60 105 13 3 95 30 41 88 6 1 38 43 53 50 72 40 89 48 62 87 61 96 36 82 69 68 109 94 81 83 45 37 44 51 2 32 5 93 70 25 42 22 59 11 20 35 7 85 75 9 8 54 92 17 46 29 27 24 107 55 79 23 90 77 31 19 65 
0 97 18 21 86 63 96 61 87 62 48 89 40 72 50 53 43 38 1 6 88 41 30 95 3 13 105 60 102 104 26 47 12 58 56 67 49 71 28 52 106 108 14 78 33 84 64 103 99 74 101 39 100 10 15 98 91 16 66 80 57 73 76 34 4 36 82 69 68 109 94 81 83 45 37 44 51 2 32 5 93 70 42 22 59 11 20 35 7 85 75 9 8 54 92 17 46 29 27 24 107 55 79 23 90 77 31 19 65 25 
0 97 18 21 86 63 96 61 87 62 48 89 40 72 50 53 43 38 1 6 88 41 30 95 3 13 105 60 102 104 26 47 12 58 56 67 49 71 28 52 106 108 14 78 33 84 64 103 99 74 101 39 100 10 15 98 91 16 66 80 57 73 76 34 4 36 82 69 68 109 94 81 83 45 37 44 51 2 32 5 93 17 70 25 42 22 59 11 20 35 7 85 75 9 8 54 92 46 29 27 24 107 55 79 23 90 77 31 19 65 
0 97 18 21 86 63 96 61 87 62 48 89 40 72 50 53 43 38 1 6 88 41 30 95 3 13 105 60 102 104 26 47 12 58 56 67 49 71 28 52 106 108 14 78 33 84 64 103 99 74 101 39 100 10 15 98 91 16 66 80 57 73 76 34 4 36 82 69 68 109 94 81 83 45 37 17 92 54 8 9 75 85 7 35 20 11 59 22 42 25 70 93 5 32 2 51 44 46 29 27 24 107 55 79 23 90 77 31 19 65 
0 97 18 21 86 63 96 61 87 62 48 89 40 72 50 53 43 38 1 6 88 41 30 95 3 13 105 60 102 104 26 47 12 58 56 67 49 71 28 52 106 108 14 78 33 84 64 103 99 74 101 39 100 10 15 98 91 16 66 80 57 73 76 34 4 36 82 69 68 109 94 81 83 45 37 44 51 2 32 5 46 17 92 54 8 9 75 85 7 35 20 11 59 22 42 25 70 93 29 27 24 107 55 79 23 90 77 31 19 65 
0 97 18 21 86 63 96 61 87 62 48 89 40 7 35 20 11 59 22 42 25 70 93 5 32 2 51 44 37 45 83 81 94 109 68 69 82 36 4 34 76 73 57 80 66 16 91 98 15 10 100 39 101 74 99 103 64 84 33 78 14 108 106 52 28 71 49 67 56 58 12 47 26 104 102 60 105 13 3 95 30 41 88 6 1 38 43 53 50 72 85 75 9 8 54 92 17 46 29 27 24 107 55 79 23 90 77 31 19 65 
0 97 18 21 86 63 96 61 87 62 48 89 40 72 50 53 43 38 1 6 88 41 30 95 3 13 105 60 106 108 14 47 12 58 56 67 49 71 28 52 102 104 26 78 33 84 64 103 99 74 101 39 100 10 15 98 91 16 66 80 57 73 76 34 4 36 82 69 68 109 94 81 83 45 37 44 51 2 32 5 93 70 25 42 22 59 11 20 35 7 85 75 9 8 54 92 17 46 29 27 24 107 55 79 23 90 77 31 19 65 
0 97 18 21 86 63 96 61 87 62 48 89 40 72 50 53 43 38 1 6 88 41 30 95 3 13 105 60 102 104 26 47 12 58 56 67 49 71 28 52 106 108 14 78 33 84 64 103 99 74 101 39 100 51 44 37 45 83 81 94 109 68 69 82 36 4 34 76 73 57 80 66 16 91 98 15 10 2 32 5 93 70 25 42 22 11 20 35 7 85 75 9 8 54 92 17 46 59 29 27 24 107 55 79 23 90 77 31 19 65 
0 97 18 21 86 63 96 61 87 62 48 89 40 72 50 53 43 38 1 6 88 41 30 95 3 13 105 60 102 104 26 47 12 58 56 67 49 71 28 52 106 108 14 78 33 84 64 103 99 74 101 39 100 10 15 98 91 83 81 94 109 68 69 82 36 4 34 76 73 57 80 66 16 45 37 44 51 2 32 5 93 70 25 42 22 59 11 20 35 7 85 75 9 8 54 92 17 46 29 27 24 107 55 79 23 90 77 31 19 65 
0 97 18 21 86 63 96 61 87 62 48 89 40 72 50 53 43 38 101 74 99 103 64 84 33 78 14 108 106 52 28 71 49 67 56 58 12 47 26 104 102 60 105 13 3 95 30 41 88 6 1 39 100 10 15 98 91 16 66 80 57 73 76 34 4 36 82 69 68 109 94 81 83 45 37 44 51 2 32 5 93 70 25 42 22 59 11 20 35 7 85 75 9 8 54 92 17 46 29 27 24 107 55 79 23 90 77 31 19 65 
0 97 18 21 86 63 96 61 87 62 48 89 40 72 50 53 43 38 1 6 88 41 30 95 3 13 105 60 102 104 26 12 58 56 67 49 71 28 52 106 108 14 78 33 84 64 103 99 74 101 39 100 10 15 98 91 16 66 80 57 73 76 34 4 36 82 69 68 109 94 47 81 83 45 37 44 51 2 32 5 93 70 25 42 22 59 11 20 35 7 85 75 9 8 54 92 17 46 29 27 24 107 55 79 23 90 77 31 19 65 
0 97 18 21 86 63 96 61 87 62 48 89 40 72 50 53 43 38 1 6 88 41 30 95 3 13 105 60 102 104 26 47 12 58 56 67 49 71 28 52 106 108 14 78 33 84 64 103 99 74 101 39 100 82 15 98 91 16 66 80 57 73 76 34 4 36 10 69 68 109 94 81 45 37 44 51 2 32 83 5 93 70 25 42 22 59 11 20 35 7 85 75 9 8 54 92 17 46 29 27 24 107 55 79 23 90 77 31 19 65 
0 97 18 21 86 63 96 61 87 62 48 89 40 72 50 53 43 38 1 6 88 41 30 95 3 13 105 60 102 104 26 47 12 58 56 67 32 2 51 44 37 45 83 81 94 109 68 69 82 36 4 34 76 73 57 80 66 16 91 98 15 10 100 39 101 74 99 103 64 84 33 78 14 108 106 52 28 71 49 5 93 70 25 42 22 59 11 20 35 7 85 75 9 8 54 92 17 46 29 27 24 107 55 79 23 90 77 31 19 65 
0 97 18 21 86 63 96 61 87 62 48 89 40 72 50 53 43 38 1 6 88 41 30 95 3 13 105 60 102 104 26 47 12 58 56 67 49 71 28 52 106 108 14 78 33 84 64 103 99 74 101 39 100 10 15 98 91 16 66 80 57 73 76 34 4 36 82 69 68 109 94 81 83 45 37 75 9 8 54 92 17 46 29 27 24 107 55 79 23 90 77 44 51 2 32 5 93 70 25 42 22 59 11 20 35 7 85 31 19 65 
0 97 18 21 86 63 96 61 87 62 48 89 40 72 50 53 43 38 1 6 88 41 30 95 3 13 105 60 102 104 26 47 12 58 56 67 49 71 28 52 106 108 14 78 33 84 64 103 99 74 101 39 100 10 15 98 91 16 66 80 57 73 76 34 4 36 82 69 68 109 94 81 83 45 37 44 51 2 32 5 70 25 42 22 59 11 20 35 7 85 75 9 8 54 92 17 46 29 27 24 107 55 79 23 90 77 31 19 65 93 
0 97 18 21 86 63 96 61 62 48 89 40 72 50 53 43 38 1 6 88 41 30 95 3 13 105 60 102 104 26 47 12 58 56 67 49 71 28 52 106 108 14 78 33 84 64 103 99 74 101 39 100 10 15 98 91 16 66 80 57 73 76 34 4 36 82 69 68 109 94 81 83 45 37 44 51 2 87 32 5 93 70 25 42 22 59 11 20 35 7 85 75 9 8 54 92 17 46 29 27 24 107 55 79 23 90 77 31 19 65 
0 97 18 21 86 63 96 61 87 62 48 89 40 72 50 53 43 38 1 6 88 41 30 95 3 13 105 60 102 104 39 100 10 15 98 91 16 66 80 57 106 108 14 78 33 84 64 103 99 74 101 26 47 12 58 56 67 49 71 28 52 73 76 34 4 36 82 69 68 109 94 81 83 45 37 44 51 2 32 5 93 70 25 42 22 59 11 20 35 7 85 75 9 8 54 92 17 46 29 27 24 107 55 79 23 90 77 31 19 65 
0 97 18 21 86 63 96 61 87 62 48 89 40 72 50 53 43 38 1 6 88 41 30 95 13 105 60 102 104 26 47 12 58 56 67 49 71 28 52 106 108 14 78 33 84 64 103 99 74 101 39 100 10 15 98 91 16 66 80 57 73 76 34 4 36 82 69 68 3 109 94 81 83 45 37 44 51 2 32 5 93 70 25 42 22 59 11 20 35 7 85 75 9 8 54 92 17 46 29 27 24 107 55 79 23 90 77 31 19 65 
0 97 18 21 86 63 96 61 87 62 48 89 40 72 50 53 43 38 1 6 88 30 95 3 13 105 60 102 104 26 47 12 58 56 67 49 71 28 52 106 108 14 78 33 84 64 103 99 74 101 39 100 10 41 15 98 91 16 66 80 57 73 76 34 4 36 82 69 68 109 94 81 83 45 37 44 51 2 32 5 93 70 25 42 22 59 11 20 35 7 85 75 9 8 54 92 17 46 29 27 24 107 55 79 23 77 31 19 90 65 
0 97 18 21 86 63 87 61 96 62 48 89 40 72 50 53 43 38 1 6 88 41 30 95 3 13 105 60 102 104 26 47 12 58 56 67 49 71 28 52 106 108 14 78 33 84 64 103 99 74 101 39 100 10 15 98 91 16 66 80 57 73 76 37 4 36 82 69 68 109 94 81 83 45 34 44 51 2 32 5 93 70 25 42 22 59 11 20 35 7 85 75 9 8 54 92 17 46 29 27 24 107 55 79 23 90 77 31 19 65 
0 97 18 21 86 63 96 61 87 62 48 89 40 72 50 53 43 38 1 6 88 41 30 3 13 105 60 102 104 26 47 12 95 58 56 67 49 71 28 52 106 108 14 78 33 84 64 103 99 74 101 39 100 10 15 98 91 16 66 80 57 73 76 34 4 36 82 69 68 109 94 81 83 45 37 44 51 2 32 5 93 70 25 42 22 59 11 35 7 85 75 9 8 54 92 17 46 29 27 24 107 55 20 79 23 90 77 31 19 65 
0 97 18 21 86 63 96 61 87 62 48 89 40 72 50 53 43 38 1 6 88 41 30 95 3 13 105 60 102 104 26 47 12 58 4 67 49 71 28 52 106 108 14 78 33 84 64 103 99 74 101 39 100 10 15 98 91 16 66 80 57 73 76 34 56 36 82 69 68 109 94 81 83 45 37 44 51 2 32 5 93 70 25 42 22 59 11 20 35 7 85 75 9 8 54 92 17 46 29 27 24 107 55 79 23 90 77 31 19 65 
0 97 18 21 86 63 96 61 87 62 48 89 40 72 50 53 43 38 1 6 88 41 30 95 3 13 105 60 102 104 26 47 12 58 56 67 49 71 28 52 106 108 14 78 33 84 64 103 99 74 101 39 100 10 15 98 91 16 66 80 57 73 76 34 4 36 82 69 68 109 94 81 83 45 37 44 51 2 32 5 93 70 25 42 22 59 11 20 35 7 85 75 9 8 54 92 17 46 31 27 24 107 55 79 23 90 77 29 19 65 
0 97 18 21 86 63 96 61 87 62 48 89 40 72 50 53 43 38 1 6 88 41 30 95 3 13 105 60 102 104 26 47 12 58 56 67 49 71 28 52 106 108 14 78 33 84 64 103 99 74 101 39 10 15 98 91 16 66 80 57 73 76 34 4 36 82 69 68 109 94 81 83 45 37 44 51 2 32 5 93 70 25 22 59 11 20 35 7 85 75 9 8 100 42 54 92 17 46 29 27 24 107 55 79 23 90 77 31 19 65 
0 97 18 21 86 63 96 61 87 62 48 89 40 72 50 20 11 59 22 42 25 70 93 5 32 2 51 44 37 45 83 81 94 109 68 69 82 36 4 34 76 73 57 80 66 16 91 98 15 10 100 39 101 74 99 103 64 84 33 78 14 108 106 52 28 71 49 67 56 58 12 47 26 104 102 60 105 13 3 88 41 30 95 6 1 38 43 53 35 7 85 75 9 8 54 92 17 46 29 27 24 107 55 79 23 90 77 31 19 65 
0 97 18 21 86 63 96 61 87 62 48 89 40 72 50 53 43 38 1 6 88 41 30 95 3 13 105 60 102 104 26 47 12 58 56 67 49 71 28 52 106 108 14 78 33 84 64 103 99 74 101 39 100 10 15 98 91 16 66 80 57 73 76 34 36 82 69 68 109 94 81 83 45 37 44 51 2 32 5 93 70 25 42 22 59 11 20 35 7 85 75 9 8 54 92 17 46 29 27 24 107 55 79 23 90 77 31 19 65 4 
0 97 18 21 86 63 96 61 87 62 48 89 40 72 50 53 43 38 1 6 88 41 30 95 3 13 105 60 102 104 26 47 12 58 56 67 49 71 28 52 106 108 14 78 33 84 64 103 99 74 101 39 100 10 15 98 91 16 66 80 57 73 76 34 4 36 82 68 109 94 81 83 45 37 44 51 2 32 5 93 70 25 42 22 59 11 20 35 7 85 75 9 54 8 92 17 46 29 69 27 24 107 55 79 23 90 77 31 19 65 
0 97 18 21 86 63 96 61 87 62 48 89 40 72 50 53 43 38 1 6 88 41 30 95 3 13 105 60 102 104 26 47 12 58 56 67 49 71 28 52 106 108 14 78 33 84 64 103 99 74 101 39 100 10 15 98 91 16 66 80 57 73 76 34 4 36 82 69 68 94 81 83 45 37 44 51 2 32 5 93 70 25 42 22 59 11 20 35 7 85 75 9 8 54 92 17 46 29 27 24 107 55 79 23 90 109 77 31 19 65 
0 97 18 21 86 63 96 61 87 62 48 89 40 72 50 53 43 38 1 6 88 41 30 95 3 13 105 60 102 104 26 47 12 58 56 67 49 71 20 11 59 22 42 25 70 93 5 32 2 51 44 37 45 83 81 94 109 68 69 82 36 4 34 76 73 57 80 66 16 91 98 15 10 100 39 101 74 99 103 64 84 33 78 14 108 106 52 28 35 7 85 75 9 8 54 92 17 46 29 27 24 107 55 79 23 90 77 31 19 65 
0 97 18 21 86 63 96 61 87 62 48 89 40 72 50 53 43 38 1 6 88 41 30 95 3 13 105 60 102 104 26 47 12 58 56 67 49 71 28 52 106 108 14 78 33 84 64 103 99 74 101 39 100 10 15 98 91 16 66 80 57 73 34 4 36 82 69 68 109 94 81 83 45 37 44 51 2 32 5 93 70 25 42 22 59 11 20 35 7 85 75 9 76 8 54 92 17 46 29 27 24 107 55 79 23 90 77 31 19 65 
0 97 18 21 86 63 96 61 87 62 48 89 40 72 50 53 43 38 1 6 88 41 30 95 3 13 105 60 102 104 26 47 12 58 56 67 49 71 28 52 106 108 14 78 33 84 64 103 99 74 101 39 100 10 15 98 91 16 66 80 57 73 76 34 4 36 82 69 68 109 94 81 83 45 37 44 51 2 23 79 55 107 24 27 29 46 17 92 54 8 9 75 85 7 35 20 11 59 22 42 25 70 93 5 32 90 77 31 19 65 
0 97 18 21 86 63 96 61 87 62 48 89 40 72 50 53 43 38 1 6 88 41 30 95 3 13 105 60 102 104 26 47 12 58 56 67 49 71 28 52 106 108 14 78 33 84 64 103 99 74 101 39 100 10 15 98 91 16 66 80 57 73 76 34 4 36 82 69 68 109 94 81 83 45 37 85 51 2 32 5 93 70 25 42 22 59 11 20 35 7 44 75 9 8 54 17 46 29 27 24 107 92 55 79 23 90 77 31 19 65 
0 97 18 21 86 63 96 61 87 62 48 89 40 72 50 53 43 38 1 6 88 41 30 95 3 13 105 60 102 104 26 47 12 58 56 67 49 71 28 52 106 108 14 78 33 84 64 103 99 74 101 100 10 15 98 91 16 66 80 57 73 76 34 4 36 82 69 68 109 94 81 83 45 37 44 51 2 32 5 93 70 25 42 22 59 11 20 35 7 85 75 9 8 54 39 92 17 46 29 27 24 107 55 79 23 90 77 31 19 65 
0 97 18 21 86 63 96 61 87 62 48 89 40 72 50 53 43 38 1 6 88 41 30 95 3 13 105 60 102 104 26 47 12 58 56 67 49 71 28 52 106 108 14 78 33 84 64 103 99 74 101 39 100 10 15 98 91 16 66 80 57 65 19 31 77 90 23 79 55 107 24 27 29 46 17 92 54 8 9 75 85 7 35 20 11 59 22 42 25 70 93 5 32 2 51 44 37 45 83 81 94 109 68 69 82 36 4 34 76 73 
0 97 18 21 86 63 96 61 87 62 48 89 40 72 50 53 43 38 1 6 88 41 30 95 3 13 105 60 102 104 26 47 12 58 56 67 49 71 28 52 106 108 14 78 33 84 64 103 99 74 101 39 100 10 15 98 109 16 66 80 57 73 76 34 4 36 82 69 68 91 94 81 83 45 37 44 51 2 32 5 93 70 25 42 22 59 11 20 35 7 85 75 9 8 54 92 17 46 29 27 24 107 55 79 23 90 77 31 19 65 
0 97 18 21 86 63 96 61 87 62 48 89 40 72 50 53 43 38 1 6 88 41 30 95 3 13 105 60 104 26 47 12 58 56 67 49 71 28 52 106 108 14 78 33 84 64 103 99 74 101 39 100 10 15 98 91 16 66 102 80 57 73 76 34 4 25 82 69 68 109 94 81 83 45 37 44 51 2 32 5 93 70 36 42 22 59 11 20 35 7 85 75 9 8 54 92 17 46 29 27 24 107 55 79 23 90 77 31 19 65 
0 97 18 21 86 63 96 61 87 62 48 89 40 72 50 53 43 38 1 6 88 41 30 95 3 13 105 60 102 104 26 47 12 58 56 67 49 71 28 52 106 108 14 78 33 84 64 103 99 74 101 39 100 10 15 98 91 16 66 80 57 73 76 34 85 75 9 8 54 92 17 46 29 27 24 107 4 36 82 69 68 109 94 81 83 45 37 44 51 2 32 5 93 70 25 42 22 59 11 20 35 7 55 79 23 90 77 31 19 65 
0 97 18 21 86 63 96 61 87 62 48 89 40 72 50 53 43 38 1 6 88 41 30 95 3 13 105 60 102 104 26 47 12 58 56 67 49 71 28 52 106 108 14 78 33 25 64 103 99 74 101 39 100 10 15 98 91 16 66 80 57 73 76 34 4 36 82 69 68 109 94 81 83 45 37 44 51 2 32 5 93 70 84 42 22 59 11 20 35 7 85 75 9 8 54 92 17 46 29 27 24 107 55 79 23 90 77 31 19 65 
0 97 18 21 86 63 96 61 87 62 48 89 40 72 50 53 43 38 1 6 88 41 30 95 3 13 105 60 102 104 26 47 12 58 56 67 49 71 28 52 106 108 14 78 33 84 64 103 99 74 101 39 100 10 15 98 91 16 66 80 57 73 76 34 4 36 82 69 109 94 81 83 45 37 44 51 2 32 5 93 70 25 42 22 59 11 20 35 7 85 75 9 8 54 92 17 46 27 29 24 107 55 79 23 90 68 77 31 19 65 
0 97 18 21 86 63 96 61 87 62 48 89 40 72 50 53 43 38 1 6 88 41 30 95 3 13 105 60 102 104 26 47 12 58 56 67 49 71 28 52 106 108 14 78 33 84 64 103 99 74 101 39 100 10 15 98 91 16 66 80 57 73 76 34 4 36 82 69 68 109 94 81 83 45 37 44 51 2 8 5 93 70 25 42 22 59 11 20 35 7 85 75 9 32 54 92 17 46 29 27 24 107 55 79 23 90 77 31 19 65 
0 97 18 21 86 63 96 61 87 62 48 89 40 72 50 53 43 15 98 91 16 66 80 57 73 76 34 4 36 104 26 47 12 58 56 67 49 71 28 52 106 108 14 78 33 84 64 103 99 100 101 39 74 10 38 1 6 88 41 30 95 3 13 105 60 102 82 69 68 109 94 81 83 45 37 44 51 2 32 5 93 70 25 42 22 59 11 20 35 7 85 75 9 8 54 92 17 46 29 27 24 107 55 79 23 90 77 31 19 65 
0 97 18 86 63 96 61 87 62 48 89 40 72 50 53 43 38 1 6 88 41 30 95 3 13 105 60 102 104 26 47 12 58 56 67 49 71 28 52 106 108 14 78 33 84 64 21 103 99 74 101 39 100 10 15 98 91 16 66 80 57 73 76 34 4 36 82 69 68 109 94 81 83 45 37 44 51 2 32 5 93 70 25 42 22 59 11 20 35 7 85 75 9 8 54 92 17 46 29 27 24 107 55 79 23 90 77 31 19 65 
0 97 18 21 86 63 96 61 87 62 48 89 40 72 50 53 43 38 1 6 88 41 30 95 3 13 105 60 102 104 26 47 12 58 56 67 49 71 28 52 106 51 14 78 33 84 64 103 99 74 101 39 100 10 15 98 91 16 66 80 57 73 76 34 4 36 82 69 109 94 81 83 45 37 44 108 2 32 5 93 70 25 68 42 22 59 11 20 35 7 85 75 9 8 54 92 17 46 29 27 24 107 55 79 23 90 77 31 19 65 
0 97 18 21 86 63 96 61 87 62 48 89 40 72 50 53 43 38 34 4 36 82 69 68 1 6 88 41 30 95 13 105 60 102 104 26 47 12 58 56 3 67 49 71 28 52 106 108 14 78 33 84 64 103 99 74 101 39 100 10 15 98 91 16 66 80 57 73 76 109 94 81 83 45 37 44 51 2 32 5 93 70 25 42 22 59 11 20 54 7 85 75 9 8 35 92 17 46 29 27 24 107 55 79 23 90 77 31 19 65 
0 97 18 21 86 63 96 61 87 62 48 89 40 72 50 53 43 38 1 6 88 41 30 95 3 13 105 60 42 25 70 93 5 32 2 51 44 37 45 83 81 94 109 68 69 82 36 4 34 76 73 57 80 66 16 91 98 15 10 100 39 101 74 99 103 64 84 102 104 26 47 12 58 56 67 49 71 28 52 106 108 14 78 33 22 59 11 20 35 7 85 75 9 8 54 92 17 46 29 27 24 107 55 79 23 90 77 31 19 65 
0 97 18 21 86 63 96 61 87 62 48 89 40 72 50 53 43 38 1 6 88 41 30 95 3 13 105 60 102 104 26 47 12 58 56 67 49 71 28 52 106 108 14 78 33 84 64 103 99 74 101 39 100 10 15 98 91 22 59 11 20 35 7 85 81 94 109 68 69 82 36 4 34 76 73 57 80 66 16 83 45 37 44 51 2 32 5 93 70 25 42 75 9 8 54 92 17 46 29 27 24 107 55 79 23 90 77 31 19 65 
0 97 18 21 86 63 96 61 87 62 48 89 40 72 50 53 43 38 1 6 88 41 30 95 3 71 105 60 102 104 26 47 12 58 56 67 49 13 28 52 106 108 14 78 33 84 64 103 99 74 101 39 100 10 15 98 91 16 66 80 57 73 76 34 4 36 82 69 68 109 94 81 83 45 37 44 51 2 32 93 70 25 42 22 59 11 20 35 7 85 75 9 8 54 92 17 46 29 5 27 24 107 55 79 23 90 77 31 19 65 
0 97 18 21 86 63 96 61 87 62 48 89 40 72 50 53 43 38 1 6 88 41 30 95 3 13 105 60 102 104 26 47 12 58 56 67 49 71 28 52 106 108 14 78 33 84 64 103 99 74 101 39 100 10 15 98 91 16 66 80 57 73 76 34 4 36 69 68 109 94 81 83 45 37 44 51 2 32 5 93 70 25 42 22 59 11 20 35 7 85 75 9 8 54 92 17 46 29 27 24 107 55 79 23 90 82 77 31 19 65 
0 97 18 21 86 63 96 61 87 62 48 89 40 72 50 53 43 38 1 6 88 41 30 95 3 13 105 60 102 104 26 47 12 58 56 67 49 71 28 52 106 108 14 78 33 84 64 103 99 32 5 93 70 25 42 22 59 11 20 35 7 85 75 9 8 54 92 17 46 29 27 24 107 55 79 23 51 2 74 101 39 100 10 15 98 91 16 66 80 57 73 76 34 4 36 82 69 68 109 94 81 83 45 37 44 90 77 31 19 65 
0 97 18 21 86 63 96 61 87 62 48 89 40 72 50 53 43 38 1 6 88 41 30 95 3 13 105 60 102 104 26 47 12 58 56 67 49 71 28 52 106 108 14 78 33 84 64 103 99 74 101 39 100 10 15 98 91 16 93 80 57 73 76 34 4 36 82 69 68 109 94 81 83 45 37 44 51 2 32 5 66 70 25 42 22 59 11 20 35 7 85 75 9 8 54 92 17 46 29 27 24 107 55 79 23 90 77 31 19 65 
0 97 18 21 86 63 96 61 87 62 48 89 40 72 50 53 43 38 1 6 88 41 30 95 3 13 105 60 102 104 26 47 12 58 56 67 49 71 28 52 106 108 14 78 33 84 64 103 99 74 101 39 100 10 15 98 91 16 66 80 27 29 46 17 92 54 8 9 75 85 7 35 20 11 59 22 42 25 70 93 5 32 2 51 44 37 45 83 81 94 109 68 69 82 36 4 34 76 73 57 24 107 55 79 23 90 77 31 19 65 
0 97 18 21 86 63 96 61 87 62 48 89 40 72 50 53 43 38 1 6 88 41 30 95 3 13 105 60 102 104 26 47 12 58 56 67 49 71 28 52 106 108 14 78 33 84 64 103 99 74 101 39 100 10 15 98 91 16 66 80 57 73 76 34 4 36 82 69 68 109 94 81 83 45 37 44 51 2 32 5 93 70 25 42 77 59 11 20 35 7 85 75 9 8 54 92 17 46 29 27 24 107 55 79 23 90 22 31 19 65 
0 97 18 21 86 63 96 61 87 62 48 89 40 72 50 53 43 38 1 6 88 41 30 95 3 13 105 60 102 104 26 47 12 58 56 67 49 71 28 52 106 108 14 78 33 84 64 103 99 74 101 39 100 10 15 98 91 16 66 80 57 73 76 34 4 36 82 69 68 109 94 81 83 45 37 44 51 2 32 5 93 70 25 42 22 59 11 20 35 7 85 75 9 8 54 92 17 19 29 27 24 107 55 79 23 90 77 31 46 65 
0 97 18 21 86 63 96 61 87 62 48 89 40 72 50 53 43 38 1 6 88 41 30 95 3 13 105 60 102 104 26 47 12 58 56 67 49 71 28 52 106 108 14 78 33 84 64 103 99 74 101 39 100 10 15 98 91 16 66 80 57 73 76 34 4 36 82 69 68 109 94 81 83 45 37 44 51 2 32 5 93 70 25 42 22 59 11 20 35 55 107 65 27 29 46 17 92 54 8 9 75 85 7 79 23 90 77 31 19 24 
0 97 18 21 86 63 96 61 87 62 48 89 40 72 50 53 43 38 1 6 88 41 30 95 3 13 105 60 102 104 26 47 12 58 56 94 49 71 28 52 106 108 14 78 33 84 64 103 99 74 101 39 100 10 15 98 91 16 66 80 57 73 76 34 4 36 82 69 68 109 67 81 83 45 37 44 51 2 32 5 93 70 25 42 22 59 11 20 35 7 85 75 9 8 54 92 17 46 29 27 24 107 55 79 23 90 77 31 19 65 
0 97 18 21 86 63 96 61 87 62 39 89 40 72 50 53 43 38 1 6 88 41 30 95 3 13 105 60 102 104 26 47 12 58 56 67 49 71 28 52 106 108 14 78 33 84 64 103 99 74 101 48 100 10 15 98 91 16 66 80 57 73 76 34 4 36 82 69 68 109 94 81 83 45 37 44 51 2 32 5 93 70 25 42 22 59 11 20 35 7 85 75 9 8 54 92 17 46 29 27 24 107 55 79 23 90 77 31 19 65 
0 97 18 21 86 63 96 61 87 92 54 8 9 75 85 7 35 20 11 59 22 42 25 70 93 5 32 2 51 44 37 45 83 81 94 109 68 69 82 36 4 34 76 73 57 80 66 16 91 98 15 10 100 39 101 74 99 103 64 84 33 78 14 108 106 52 28 71 49 67 56 58 12 47 26 104 102 60 105 13 3 95 30 41 88 6 1 38 43 53 50 72 40 89 48 62 17 46 29 27 24 107 55 79 23 90 77 31 19 65 
0 97 18 21 86 63 96 61 87 62 48 89 40 72 50 53 43 38 1 6 88 41 30 104 102 60 105 13 3 95 26 47 12 58 56 67 49 71 28 52 106 108 14 78 33 84 64 32 5 93 70 25 42 22 59 11 20 35 7 85 75 9 8 54 92 17 46 29 27 24 107 55 79 23 90 44 51 2 103 99 74 101 39 100 10 15 98 91 16 66 80 57 73 76 34 4 36 82 69 68 109 94 81 83 45 37 77 31 19 65 
0 97 18 21 86 63 96 61 87 62 48 89 81 72 50 53 43 38 1 6 88 41 30 95 3 13 105 60 102 104 26 47 12 58 56 67 49 71 28 52 106 108 14 78 33 84 64 103 99 74 101 39 100 10 15 98 91 16 66 109 57 73 76 80 34 4 36 82 69 68 94 40 83 45 37 44 51 2 32 5 93 70 25 42 22 59 11 20 35 7 85 75 9 8 92 17 46 29 27 24 107 55 79 23 90 77 31 54 19 65 
0 97 18 21 86 63 96 61 87 62 48 89 40 72 50 53 43 38 1 6 88 41 30 95 3 13 105 60 102 104 26 47 12 58 56 67 49 71 28 52 106 108 14 35 33 84 64 103 99 74 101 39 100 10 15 98 91 16 66 80 57 73 76 34 4 36 82 69 68 109 94 81 83 45 37 44 51 2 32 5 93 70 25 42 22 59 11 20 78 7 85 75 9 8 54 92 17 46 29 27 24 107 55 79 23 90 77 31 19 65 
0 97 18 21 86 63 96 61 87 62 48 89 40 72 50 53 43 38 1 6 88 41 30 95 3 13 105 60 102 104 26 47 12 58 56 67 49 71 28 52 106 108 14 78 33 84 64 103 99 74 101 39 100 10 15 98 92 54 8 9 75 85 7 35 20 11 59 22 42 25 70 93 5 32 2 51 44 37 45 83 81 94 109 68 69 82 36 4 34 76 73 57 80 66 16 91 17 46 29 27 24 107 55 79 23 90 77 31 19 65 
0 97 18 21 86 63 96 61 87 62 48 89 40 72 50 53 43 38 1 6 88 41 30 95 3 13 105 60 102 104 26 47 12 58 56 67 49 71 28 52 106 108 14 78 33 84 64 103 99 74 77 90 23 79 55 107 24 27 29 46 17 92 54 8 9 75 85 7 35 20 11 59 22 42 25 70 93 5 32 2 51 44 37 45 83 81 94 109 68 69 82 36 4 34 76 73 57 80 66 16 91 98 15 10 100 39 101 31 19 65 
0 97 18 21 86 63 96 61 87 62 48 89 40 72 50 53 43 38 1 6 88 41 30 95 3 7 35 20 11 59 22 42 25 70 93 5 32 2 51 44 37 45 83 81 94 109 68 69 82 36 4 34 76 73 57 80 66 16 91 98 15 10 100 39 101 74 99 103 64 84 33 78 14 108 106 52 28 71 49 67 56 58 12 47 26 104 102 60 105 13 85 75 9 8 54 92 17 46 29 27 24 107 55 79 23 90 77 31 19 65 
0 97 18 21 86 63 96 61 87 62 48 89 40 72 50 53 43 38 1 6 88 41 30 95 3 13 105 60 42 25 70 93 5 32 2 51 44 37 45 83 81 94 68 69 82 36 4 34 76 73 57 80 66 16 91 98 15 10 100 39 101 74 99 103 64 84 109 33 78 14 108 106 52 28 71 49 67 56 58 12 47 26 104 102 22 59 11 20 35 7 85 75 9 8 54 92 17 46 29 27 24 107 55 79 23 90 77 31 19 65 
0 97 18 21 86 63 96 61 87 62 48 89 45 83 81 94 109 68 69 82 36 4 34 76 73 57 80 66 16 91 98 15 10 100 39 101 74 99 103 2 51 44 90 23 79 55 107 24 27 29 46 17 92 54 8 9 75 85 7 35 20 11 59 22 42 25 70 93 5 32 64 84 33 78 14 108 106 52 28 71 49 67 56 58 12 47 26 104 102 60 105 13 3 95 30 41 88 6 1 38 43 53 50 72 40 37 77 31 19 65 
0 97 18 21 86 63 96 61 87 62 48 89 40 72 50 53 43 38 1 6 88 41 30 95 3 13 105 60 102 104 26 47 12 58 56 67 49 71 28 52 106 32 5 93 70 25 42 22 59 11 20 35 7 85 75 9 8 54 92 17 46 29 27 24 55 79 23 90 77 31 107 19 45 37 44 51 82 2 108 14 78 33 84 64 103 99 74 101 39 100 10 15 98 91 16 66 80 57 73 76 34 4 36 69 68 109 94 81 83 65 
0 97 18 21 86 63 96 61 87 62 48 89 40 72 50 53 43 38 1 6 88 41 30 95 3 13 105 60 102 104 26 47 12 58 56 94 49 28 52 106 108 14 78 33 84 71 64 103 99 74 101 39 100 67 10 15 98 91 16 66 80 57 73 76 34 4 36 82 69 68 109 81 83 45 37 44 51 2 32 5 93 70 25 42 22 59 11 20 35 7 85 75 9 8 54 92 17 46 29 27 24 107 55 79 23 90 77 31 19 65 
0 97 18 21 86 63 96 61 87 62 48 89 40 72 50 66 80 57 73 76 34 4 36 82 69 68 109 94 81 83 45 37 44 51 2 32 5 93 70 25 42 22 59 11 20 35 7 85 75 9 8 54 92 17 46 29 91 16 53 43 38 1 6 88 41 30 95 3 13 105 60 102 104 26 47 12 58 56 67 49 71 28 52 106 108 14 78 33 84 64 103 99 74 101 39 100 10 15 98 27 24 107 55 79 23 90 77 31 19 65 
0 97 18 21 86 63 96 61 87 62 48 89 40 72 50 53 43 1 6 88 41 30 95 3 13 105 60 102 104 26 47 12 58 56 67 49 71 28 52 106 108 14 78 33 84 64 103 99 74 101 39 100 10 15 98 91 16 66 80 57 73 76 34 4 36 82 69 68 109 94 81 83 45 37 44 51 2 32 5 93 70 25 42 22 59 11 20 35 7 85 75 9 8 54 92 17 46 29 27 24 38 107 55 79 23 90 77 31 19 65 
0 97 18 21 86 63 96 61 66 80 57 73 76 34 4 36 82 69 68 109 94 81 83 45 37 44 51 2 32 5 93 70 25 42 22 59 11 20 35 7 85 75 9 8 54 92 17 46 29 27 24 107 55 79 23 90 77 31 87 62 48 89 40 72 50 53 43 38 1 6 88 41 30 95 3 13 105 60 102 104 26 47 12 58 56 67 49 71 28 52 106 108 14 78 33 84 64 103 99 74 101 39 100 10 15 98 91 16 19 65 
0 97 18 21 86 63 96 61 87 62 48 89 40 72 50 53 43 38 1 6 88 41 30 95 3 13 105 60 102 104 26 47 12 58 56 68 109 94 81 83 45 37 14 78 33 84 64 103 99 74 101 39 100 10 15 98 91 16 67 80 57 73 76 34 4 36 82 69 66 49 71 28 52 106 108 44 51 2 32 5 93 85 7 35 20 11 59 22 42 25 70 75 9 8 54 92 17 46 29 27 24 107 55 79 23 90 77 31 19 65 
0 97 18 21 86 63 96 61 87 62 48 89 40 72 50 53 43 38 1 6 88 41 30 95 3 13 105 60 102 104 26 47 12 58 56 67 49 71 28 52 51 2 32 5 93 70 25 42 22 59 11 20 35 7 85 75 9 8 54 92 17 46 29 27 24 107 55 69 68 109 94 81 83 45 37 44 106 108 14 78 33 84 64 103 99 74 101 39 100 10 15 98 91 16 66 80 57 73 76 34 4 36 82 79 23 90 77 31 19 65 
0 97 18 21 86 63 96 61 87 62 48 89 40 72 50 53 43 38 1 6 88 41 30 95 3 13 105 60 102 104 26 47 12 58 75 85 7 35 20 11 59 22 42 70 93 5 32 2 51 44 37 45 83 81 94 109 68 69 82 36 4 34 76 73 57 80 66 16 91 98 15 10 100 39 101 74 99 103 64 84 33 78 14 108 106 52 28 71 49 67 56 9 25 8 54 92 17 46 29 27 24 107 55 79 23 90 77 31 19 65 
0 97 18 21 86 63 96 15 98 91 16 66 80 57 73 76 34 4 36 82 69 68 109 94 81 83 45 37 44 51 78 14 108 106 52 28 71 49 67 56 58 12 47 26 104 102 60 105 13 3 95 30 41 88 6 1 38 43 53 50 72 40 89 48 62 87 61 10 100 39 101 74 99 103 64 84 33 2 32 5 93 70 25 42 22 59 11 20 35 7 85 75 9 8 54 92 27 46 29 17 24 107 55 79 23 90 77 31 19 65 
0 97 18 21 86 63 96 61 87 62 48 89 40 72 50 53 43 38 1 6 88 41 30 95 3 13 105 60 102 104 47 12 58 56 67 49 71 28 52 106 108 14 78 33 84 64 103 99 74 101 39 100 10 15 98 91 16 66 80 57 73 76 34 4 36 82 69 68 109 94 81 83 45 37 44 51 2 32 5 93 70 25 42 22 59 11 20 35 7 85 75 9 8 54 92 17 46 29 27 24 107 26 55 79 23 90 77 31 19 65 
0 97 18 21 86 63 96 61 87 62 48 89 40 72 50 53 43 38 4 36 82 69 68 109 81 83 45 37 44 94 51 2 32 5 93 70 25 42 22 59 11 20 35 7 85 75 9 8 54 92 17 46 29 27 24 107 55 79 23 90 77 31 76 34 1 6 88 41 30 95 3 13 105 60 102 104 26 47 12 58 56 67 49 71 28 52 106 108 14 78 33 84 64 103 99 74 101 39 100 10 15 98 91 16 66 80 57 73 19 65 
0 97 18 21 86 63 96 61 87 4 37 76 73 40 80 66 16 91 98 15 10 100 39 101 74 99 103 64 84 33 78 14 108 106 52 28 71 49 67 56 58 12 47 26 104 102 60 105 13 3 95 30 41 88 6 1 38 43 53 50 72 57 89 48 62 36 82 69 68 109 94 81 83 45 34 44 51 2 32 5 93 70 25 42 22 59 11 20 35 7 85 75 9 8 54 92 17 46 29 27 24 107 55 79 23 90 77 31 19 65 
0 97 18 21 86 63 96 61 87 62 48 89 40 72 50 53 43 38 1 6 88 41 30 95 3 13 105 60 102 104 26 47 12 58 56 67 49 71 28 52 106 108 14 78 33 84 64 103 99 74 101 39 100 10 15 98 91 16 66 80 57 73 76 34 4 36 82 69 68 109 94 77 83 45 37 44 51 2 32 5 93 70 25 42 22 59 11 20 35 7 85 75 9 8 54 92 17 46 29 27 24 107 55 79 23 90 81 31 19 65 
0 97 18 21 86 63 96 61 87 62 48 89 40 72 50 53 43 38 1 6 88 41 30 95 3 13 105 60 102 104 26 47 12 58 56 67 49 71 28 52 106 108 14 78 33 84 64 103 99 74 101 39 100 10 15 98 91 16 66 80 57 73 76 54 8 9 75 85 7 35 20 11 59 22 42 25 70 93 5 32 2 51 37 45 83 81 94 109 68 69 82 36 4 34 92 17 46 29 27 24 107 44 55 79 23 90 77 31 19 65 
0 97 18 21 86 63 96 61 87 62 48 89 40 72 50 53 43 38 1 6 88 41 82 69 68 109 94 81 83 45 37 44 51 2 32 5 93 70 25 42 22 59 11 20 35 7 85 75 9 8 54 92 17 46 29 27 24 107 55 79 23 90 77 31 4 36 30 95 3 13 105 60 102 104 26 47 12 58 56 67 49 71 28 52 106 108 14 78 33 84 64 103 99 74 101 39 100 10 15 98 91 16 66 80 57 73 76 34 19 65 
0 97 18 21 86 63 96 61 87 62 48 89 40 72 50 53 43 38 1 6 88 41 30 95 3 13 105 60 102 104 26 47 12 58 56 67 49 71 28 52 106 108 14 78 33 84 64 103 99 74 101 39 100 10 37 15 98 91 16 66 80 57 73 76 34 4 36 82 69 68 109 94 81 83 45 44 51 2 32 5 93 70 25 29 27 24 107 20 35 7 85 75 9 8 54 92 17 46 42 22 59 11 55 79 23 90 77 31 19 65 
0 97 18 21 86 63 96 61 87 62 48 89 40 72 50 53 43 38 1 6 88 41 30 95 3 13 105 60 102 104 26 47 12 58 56 93 70 25 42 22 59 11 20 35 7 85 75 9 99 74 101 39 100 10 15 98 91 16 66 80 57 73 76 34 4 36 82 69 68 109 94 81 83 45 37 44 51 2 32 5 67 49 71 28 52 106 108 14 78 33 84 64 103 8 54 92 17 46 29 27 24 107 55 79 23 90 77 31 19 65 
0 97 18 21 86 63 96 47 87 62 48 89 40 72 50 53 43 38 1 6 88 41 30 95 3 13 105 60 102 104 26 61 12 58 56 67 49 71 28 52 106 108 14 78 33 84 64 103 99 74 101 39 100 10 15 98 91 16 66 80 57 73 76 34 4 36 82 69 68 109 94 81 83 45 37 44 51 2 32 5 93 70 25 42 22 59 11 20 35 7 85 75 9 8 54 92 17 46 29 27 24 107 55 79 23 90 77 31 19 65 
0 97 18 21 86 63 96 61 87 62 48 89 40 72 50 53 43 38 1 6 88 41 36 82 69 68 109 94 81 83 45 37 44 51 2 32 5 93 70 25 42 22 59 11 20 35 7 85 75 9 8 54 92 17 46 29 27 24 107 55 79 73 76 34 4 30 95 3 13 105 60 102 104 26 47 12 58 56 67 49 71 28 52 106 108 14 78 33 84 64 103 99 74 101 39 100 10 15 98 91 16 66 80 57 23 90 77 31 19 65 
0 97 73 76 34 4 36 82 69 68 109 94 81 83 45 37 44 51 2 32 5 93 70 25 42 22 59 11 20 35 7 85 75 9 8 54 92 17 46 29 27 24 14 78 33 84 64 103 99 74 101 39 100 10 15 98 91 16 66 80 57 18 21 86 63 96 61 87 62 48 89 40 72 50 53 43 38 1 6 88 41 30 95 3 13 105 60 102 104 26 47 12 58 56 67 49 71 28 52 106 108 107 55 79 23 90 77 31 19 65 
0 97 80 57 73 76 34 4 36 82 69 68 109 94 81 83 45 37 44 51 2 32 5 93 70 25 42 22 59 11 20 35 7 85 75 9 8 54 92 17 46 29 27 24 33 84 64 103 99 74 101 39 100 10 15 98 91 16 66 18 21 86 63 96 61 87 62 48 89 40 72 50 53 43 38 1 6 88 41 30 95 3 13 105 60 102 104 26 47 12 58 56 67 49 71 28 52 106 108 14 78 107 55 79 23 90 77 31 19 65 
0 97 18 21 86 63 96 61 87 62 48 89 40 72 50 53 43 38 1 6 88 41 30 95 3 13 105 60 102 104 26 32 5 93 70 25 42 22 59 11 20 35 7 85 75 9 8 54 92 74 101 39 100 10 15 98 91 16 66 80 57 73 76 34 4 36 82 69 68 109 94 81 83 45 37 44 51 2 47 12 58 56 67 49 71 28 52 106 108 14 78 33 84 64 103 99 17 46 29 27 24 107 55 79 23 90 77 31 19 65 
0 97 18 21 86 63 96 61 87 62 48 89 40 72 50 53 43 38 1 6 88 37 30 95 3 13 105 60 102 104 26 47 12 58 56 67 49 71 28 52 106 108 14 78 33 84 103 99 64 74 101 39 100 10 15 98 91 16 66 80 57 73 76 34 4 36 82 69 68 109 94 81 83 45 41 44 51 2 32 5 93 70 25 42 22 59 11 20 35 7 85 75 9 8 54 92 17 46 29 27 24 107 55 79 23 90 77 31 19 65 
0 97 18 21 86 63 96 61 87 62 48 89 40 72 50 53 43 38 1 6 88 41 30 95 3 34 4 36 82 69 68 109 94 81 83 45 37 44 51 2 32 5 93 70 25 42 22 59 11 20 35 7 85 75 9 8 54 16 66 80 57 73 76 13 105 60 102 104 26 47 12 58 56 67 49 71 28 52 106 108 14 78 33 84 64 103 99 74 101 39 100 10 15 98 91 92 17 46 29 27 24 107 55 79 23 90 77 31 19 65 
0 97 18 21 86 63 96 61 87 62 48 89 40 72 50 53 43 38 1 6 88 41 30 95 3 13 105 60 102 104 26 47 12 58 56 67 49 71 28 52 106 108 14 78 33 84 54 103 99 74 101 39 100 10 15 98 91 16 66 80 57 73 76 34 4 36 82 69 68 109 94 81 83 45 37 44 51 2 32 5 93 70 25 42 22 59 11 20 35 7 85 75 9 64 8 92 17 46 29 27 24 107 55 79 23 90 77 31 19 65 
0 97 18 21 86 63 96 61 87 62 48 89 40 42 22 59 11 20 35 7 85 75 9 8 54 92 17 46 29 27 24 107 55 79 23 90 77 109 68 69 82 36 4 34 76 73 57 80 66 16 91 98 15 10 100 39 101 74 99 103 64 84 33 78 14 108 106 52 28 71 94 81 83 45 37 44 51 2 32 5 93 70 25 72 50 53 43 38 1 6 88 41 30 95 3 13 105 60 102 104 26 47 12 58 56 67 49 31 19 65 
0 97 18 21 86 63 96 61 87 62 48 89 40 72 50 53 43 38 1 6 88 41 30 95 3 13 105 60 102 104 26 47 12 58 56 67 49 71 28 52 106 108 14 78 33 84 64 103 99 74 101 39 100 10 15 98 91 16 66 80 57 73 76 65 4 36 82 69 68 109 94 81 83 45 37 44 51 2 32 5 93 70 25 42 22 59 11 20 35 7 85 75 9 8 54 92 17 46 29 27 24 107 55 79 23 90 77 31 19 34 
0 97 18 21 98 91 16 66 80 57 73 76 34 4 36 82 69 68 109 94 81 83 45 37 44 51 2 32 5 93 70 25 42 22 59 11 20 35 7 85 75 9 8 54 92 17 46 29 27 24 107 55 79 23 90 86 63 96 61 87 62 48 89 40 72 50 53 43 38 1 6 88 41 30 95 3 13 105 60 102 104 26 47 12 58 56 67 49 71 28 52 106 108 14 78 33 84 64 103 99 74 101 39 100 10 15 77 31 19 65 
0 97 18 21 86 63 96 61 87 62 48 89 40 72 50 53 43 38 1 6 88 41 30 95 3 13 105 60 102 104 70 25 42 22 56 67 49 71 28 52 106 108 14 78 33 84 64 103 99 74 101 39 100 10 15 98 91 16 66 80 57 73 76 34 4 36 82 69 68 109 94 81 83 45 37 44 51 2 32 5 93 26 47 12 58 59 11 20 35 7 85 75 9 8 54 92 17 46 29 27 24 107 55 79 23 90 77 31 19 65 
0 97 18 21 86 63 96 87 62 48 89 40 72 50 53 43 100 61 10 15 98 91 16 66 80 57 73 76 34 4 36 82 69 68 109 94 81 83 45 37 44 14 78 33 84 64 103 99 74 101 39 38 1 6 88 41 30 95 3 13 105 60 102 104 26 47 12 58 56 67 49 71 28 52 106 108 51 2 32 5 93 70 25 42 22 59 11 20 35 7 85 75 9 8 54 92 17 46 29 27 24 107 55 79 23 90 77 31 19 65 
0 97 18 21 86 63 96 61 87 62 48 89 40 72 50 53 43 38 1 6 88 41 30 95 3 13 105 60 102 104 26 47 22 58 56 67 49 71 28 52 106 108 14 78 33 84 64 103 99 74 101 39 100 10 15 98 91 16 66 80 57 73 76 34 4 36 82 69 68 109 94 81 83 45 37 44 51 2 32 5 93 70 25 42 12 59 11 20 35 7 85 75 9 8 54 92 17 46 29 27 24 107 55 79 23 90 77 31 19 65 
0 97 18 21 86 63 96 61 87 62 48 89 40 72 50 53 43 38 1 6 88 41 30 95 3 13 105 60 102 104 26 47 22 59 11 20 35 7 85 52 106 108 14 78 33 84 64 103 99 74 101 81 94 109 68 69 82 12 58 56 67 49 71 28 39 100 10 15 98 91 16 66 80 57 73 76 34 4 36 83 45 37 44 51 2 32 5 93 70 25 42 75 9 8 54 92 17 46 29 27 24 107 55 79 23 90 77 31 19 65 
0 97 18 21 86 63 96 61 87 62 48 89 40 72 50 53 43 38 1 6 88 41 30 95 3 13 37 44 51 2 32 5 93 70 25 42 22 59 11 20 35 7 85 75 9 8 54 92 17 46 29 27 24 107 55 79 23 90 77 31 19 65 76 34 4 36 82 69 68 109 94 81 83 45 105 60 102 104 26 47 12 58 56 67 49 71 28 52 106 108 14 78 33 84 64 103 99 74 101 39 100 10 15 98 91 16 66 80 57 73 
0 97 18 21 86 63 96 61 87 62 48 89 40 72 50 53 43 38 10 6 88 25 70 93 5 32 2 51 44 37 45 83 81 94 109 68 69 82 36 4 34 76 73 57 80 66 16 91 98 15 1 100 39 101 74 99 103 64 84 33 78 14 108 106 52 28 71 49 67 56 58 12 47 26 104 102 60 105 13 3 95 30 41 42 22 59 11 20 35 7 85 75 9 8 54 92 17 46 29 27 24 107 55 79 23 90 77 31 19 65 
0 97 18 21 86 80 57 73 76 34 4 36 82 69 68 109 94 81 83 45 37 44 51 2 32 5 93 70 25 42 22 59 11 20 35 7 85 75 9 8 54 92 17 46 29 27 24 107 55 79 23 90 77 10 15 98 91 16 66 63 96 61 87 62 48 89 40 72 50 53 43 38 1 6 88 41 30 95 3 13 105 60 102 104 26 47 12 58 56 67 49 71 28 52 106 108 14 78 33 84 64 103 99 74 101 39 100 31 19 65 
0 97 18 21 86 63 96 61 87 62 48 89 40 72 50 53 82 36 4 34 43 69 68 109 94 81 83 45 37 44 51 2 32 5 93 70 25 42 22 59 11 20 35 7 85 75 9 8 54 92 17 46 29 27 24 107 91 16 66 80 57 73 76 38 1 6 88 41 30 95 3 13 105 60 102 104 26 47 12 58 56 67 49 71 28 52 106 108 14 78 33 84 64 103 99 74 101 39 100 10 15 98 55 79 23 90 77 31 19 65 
0 97 18 21 86 63 96 61 87 13 3 95 30 41 88 6 1 38 43 53 50 72 40 89 48 62 105 60 102 104 26 47 12 58 56 67 49 71 28 52 106 108 14 78 33 84 64 103 99 74 101 39 100 10 15 98 91 16 66 80 57 73 76 34 4 36 82 69 68 109 94 81 83 45 37 44 51 2 32 5 29 27 24 107 55 79 23 90 35 7 85 75 9 8 54 92 17 46 93 70 25 42 22 59 11 20 77 31 19 65 
0 97 18 21 86 63 96 61 87 62 48 89 40 72 50 53 43 38 1 6 88 41 30 95 3 13 105 60 102 104 85 7 35 20 11 59 22 42 25 70 93 5 32 2 51 44 37 46 45 83 81 94 109 68 69 82 36 4 34 76 73 57 80 66 16 91 98 15 10 100 39 101 74 99 103 64 84 33 78 14 108 106 52 28 71 49 67 56 58 12 47 26 75 9 8 54 92 17 29 27 24 107 55 79 23 90 77 31 19 65 
0 97 18 21 86 63 96 17 87 62 48 89 40 72 50 53 43 38 1 6 88 41 30 95 3 13 105 60 102 104 26 47 12 58 56 67 49 71 28 52 106 108 14 78 33 84 64 103 99 74 101 39 100 10 15 98 91 16 66 80 57 73 76 34 4 36 82 69 68 109 94 81 83 45 37 44 51 2 32 5 93 61 70 25 42 22 59 11 20 35 7 85 75 9 8 54 92 46 29 27 24 107 55 79 23 90 77 31 19 65 
0 97 50 21 86 63 96 61 87 62 48 89 40 72 18 53 43 38 1 6 88 41 30 95 3 13 105 60 102 104 26 47 12 58 56 67 49 71 28 52 106 108 14 78 33 84 64 103 99 74 101 39 100 10 15 98 91 16 66 80 57 73 76 34 4 36 82 69 109 94 81 83 45 37 44 51 2 32 5 93 70 25 42 22 59 11 20 35 7 85 75 9 8 54 92 17 46 29 27 24 107 55 79 23 90 77 31 19 68 65 
0 97 18 21 86 63 96 61 87 62 48 89 40 72 50 53 43 38 1 6 88 41 30 95 3 13 105 60 102 104 26 47 12 58 56 67 49 71 28 52 106 108 14 78 33 84 64 103 99 74 101 39 100 10 15 98 91 16 66 80 90 77 31 19 4 36 82 69 68 109 94 81 83 45 37 44 51 2 32 5 93 70 25 42 22 59 11 20 35 7 85 75 9 8 54 92 17 46 29 27 24 107 55 79 23 57 73 76 34 65 
0 97 18 21 86 63 96 61 87 62 48 89 40 72 50 53 43 38 1 99 88 41 30 95 3 13 105 60 102 104 26 47 12 58 56 67 49 71 28 52 106 14 78 33 84 64 103 6 108 74 101 39 10 100 15 98 91 16 66 80 57 73 76 34 4 36 82 69 68 109 94 81 83 37 45 44 51 2 5 93 70 25 42 22 59 11 20 35 7 85 75 9 8 54 92 17 46 29 27 24 107 55 79 23 90 77 31 19 32 65 
0 97 18 21 86 63 96 61 87 62 48 89 40 72 50 53 43 38 1 6 88 41 30 85 75 9 8 54 92 17 46 29 27 24 107 67 49 71 28 52 106 108 14 78 33 84 64 103 99 74 101 39 100 56 58 12 47 26 104 102 60 105 13 3 95 34 76 73 57 80 66 16 91 98 15 10 4 36 82 69 68 109 94 81 83 45 37 44 51 2 32 5 93 70 25 42 22 59 11 20 35 7 55 79 23 90 77 31 19 65 
0 97 18 21 86 63 96 61 87 62 48 89 40 72 50 53 43 38 1 6 88 41 30 95 3 13 105 60 102 104 26 47 12 56 28 71 49 67 52 106 108 14 78 33 84 64 103 99 74 101 39 100 10 15 98 91 16 66 80 57 73 76 34 4 36 82 69 68 109 94 81 83 45 37 44 51 2 32 5 93 70 25 42 22 59 11 58 20 65 7 85 75 9 8 54 92 17 46 29 27 24 107 55 79 23 90 77 31 19 35 
0 97 18 21 86 63 96 32 5 93 70 25 42 22 59 11 20 35 7 85 75 9 8 54 92 17 46 29 27 24 107 55 79 23 90 67 49 71 28 52 106 108 14 78 33 84 64 103 99 74 101 39 100 10 15 98 91 16 66 80 57 73 76 34 4 36 82 69 68 109 94 81 83 45 37 44 51 2 61 87 62 48 89 40 72 50 53 43 38 1 6 88 41 30 95 3 13 105 60 102 104 26 47 12 58 56 77 31 19 65 
0 97 18 21 55 107 24 27 29 46 17 92 54 8 9 75 85 7 35 20 11 72 22 42 25 70 93 5 32 2 51 44 37 45 83 81 94 109 68 69 82 36 4 34 76 73 57 80 66 16 91 98 15 10 100 39 101 74 99 103 64 84 33 78 14 108 106 52 28 71 49 67 56 58 12 47 26 104 102 60 105 13 3 95 30 41 88 6 1 38 43 53 50 59 40 89 48 62 87 61 96 63 86 79 23 90 77 31 19 65 
0 97 18 21 86 63 96 61 87 62 48 89 40 72 50 53 43 38 1 6 88 41 30 95 3 13 105 60 102 104 26 47 12 58 56 46 49 71 28 52 106 108 14 78 33 84 64 103 99 74 101 39 100 10 15 98 91 16 66 80 57 73 76 34 4 36 82 69 68 109 94 81 83 45 67 37 44 51 2 32 5 93 70 25 42 22 59 11 20 35 7 85 75 9 8 54 92 17 29 27 24 107 55 79 23 90 77 31 19 65 
0 97 18 21 86 63 96 61 87 62 48 89 40 72 50 53 43 38 1 6 88 41 30 95 3 13 105 60 102 104 26 47 12 58 56 67 49 71 28 52 106 108 14 78 33 84 64 103 65 74 101 39 100 10 15 98 91 16 66 80 57 73 76 34 4 36 82 69 68 109 94 81 83 45 37 44 51 2 32 5 93 70 25 42 22 59 11 20 35 7 85 75 9 8 54 92 17 46 29 27 24 107 55 79 23 90 77 31 19 99 
0 97 18 21 86 63 87 61 96 62 48 89 40 72 50 53 43 38 1 6 88 41 30 95 3 13 105 60 102 104 26 47 12 58 56 67 49 71 28 52 106 108 14 78 33 84 64 103 99 11 101 39 100 10 15 98 91 16 66 80 57 73 76 34 4 36 82 69 68 109 94 81 83 45 37 44 51 23 79 55 107 24 27 29 46 17 92 54 8 9 75 85 7 35 20 74 59 22 42 25 70 93 5 32 2 90 77 31 19 65 
0 97 18 21 86 63 96 61 87 62 48 89 40 72 50 53 43 38 1 6 88 41 30 95 3 13 105 60 102 104 10 15 98 91 16 66 80 57 73 76 34 4 36 82 69 68 109 94 81 77 45 37 100 26 47 12 58 56 67 49 71 28 52 106 108 14 78 33 84 64 103 99 74 101 39 44 51 2 32 5 93 70 25 42 22 59 11 20 35 7 85 75 9 8 54 92 17 46 29 27 24 107 55 79 23 90 83 31 19 65 
0 57 18 21 86 63 96 61 87 62 48 89 40 72 50 7 35 20 11 59 22 42 25 70 93 5 32 2 51 44 37 45 83 81 94 109 68 69 82 36 4 34 76 73 97 80 66 16 91 98 15 10 100 39 101 74 99 103 64 84 33 78 14 108 106 52 28 71 49 67 56 58 12 47 26 104 102 60 105 13 3 95 30 41 88 6 1 38 43 53 85 75 9 8 54 92 17 46 29 27 24 107 55 79 23 90 77 31 19 65 
0 97 18 21 86 63 96 61 87 62 48 89 40 72 50 53 43 38 1 6 88 41 30 77 94 81 83 45 37 44 51 2 32 5 93 70 25 42 22 59 11 20 35 7 85 75 9 8 54 92 17 46 29 27 24 107 55 79 23 90 109 68 69 82 36 4 34 76 73 57 80 66 16 95 3 13 105 60 102 104 26 47 12 58 56 67 49 71 28 52 106 108 14 78 33 84 64 103 99 74 101 39 100 10 15 98 91 31 19 65 
0 97 18 21 86 5 96 61 87 62 48 89 40 72 50 53 43 38 1 6 88 41 30 95 3 13 105 60 102 104 26 47 22 12 58 56 67 49 71 28 52 106 108 14 78 33 84 64 103 99 74 101 39 100 10 15 98 91 16 66 80 57 73 76 34 4 36 82 69 68 109 94 81 83 45 37 44 51 2 32 63 93 70 25 42 59 11 20 35 7 85 75 9 8 54 92 17 46 29 27 24 107 55 79 23 90 77 31 19 65 
0 97 18 21 86 63 96 61 87 62 48 89 40 72 50 53 77 38 1 6 88 41 30 95 3 13 105 60 102 104 26 47 12 58 56 67 49 71 28 52 106 108 14 78 33 84 64 103 99 74 101 39 100 10 15 98 91 16 66 80 57 73 76 34 4 36 82 69 68 109 94 81 83 45 37 44 51 2 32 5 93 70 25 42 22 59 11 20 35 7 85 75 9 8 54 92 17 46 29 27 24 107 55 79 23 90 43 31 19 65 
0 97 18 16 66 80 57 73 76 34 4 36 82 69 68 109 94 81 83 45 37 44 51 2 32 5 93 70 25 42 22 59 11 20 35 7 85 75 9 8 54 92 17 46 29 27 24 107 55 79 23 90 77 31 19 65 91 21 86 63 96 61 87 62 48 89 40 72 50 53 43 38 1 6 88 41 30 95 3 13 105 60 102 104 26 47 12 58 56 67 49 71 28 64 106 108 14 78 33 84 52 103 99 74 101 39 100 10 15 98 
0 97 18 21 86 63 96 61 87 62 48 89 40 72 50 53 43 38 1 6 88 41 30 95 3 13 105 60 102 104 76 73 57 80 66 16 91 98 15 10 100 39 101 46 99 103 64 84 33 78 14 108 106 52 28 71 49 67 56 58 12 47 26 34 4 36 82 69 68 109 94 81 83 45 37 44 51 2 32 5 93 70 25 42 22 59 11 20 35 7 85 75 9 8 54 92 17 74 29 27 24 107 55 79 23 90 77 31 19 65 
0 97 18 21 86 63 96 61 87 62 48 9 75 85 7 35 20 11 59 22 42 25 70 93 5 32 2 51 44 37 45 83 15 94 109 68 69 82 36 4 34 76 73 57 80 66 16 91 98 81 10 100 39 101 74 99 103 64 84 33 78 14 108 106 89 40 72 50 53 43 38 1 6 88 41 30 95 13 105 60 102 104 26 47 12 58 56 67 49 71 28 52 3 8 54 92 17 46 29 27 24 107 55 79 23 90 77 31 19 65 
0 97 18 21 86 63 96 61 87 62 48 89 40 72 50 53 43 38 1 6 88 41 30 95 3 13 105 60 102 104 26 47 12 58 56 67 49 71 28 52 106 108 14 78 33 84 64 103 99 74 101 39 100 10 15 98 107 16 66 80 57 73 76 34 4 36 82 69 68 109 94 81 83 45 37 44 51 2 32 5 93 70 25 42 22 59 11 20 35 7 85 75 9 8 54 92 17 46 29 27 24 91 55 79 23 90 77 31 19 65 
0 97 18 21 86 63 96 61 87 62 48 89 40 72 50 53 43 38 1 6 88 31 30 95 3 13 105 60 102 104 26 47 12 58 56 67 49 71 28 52 106 108 14 78 33 84 64 103 99 74 101 39 100 10 15 98 91 16 66 80 57 73 76 34 4 36 82 69 68 109 94 81 83 45 37 44 51 2 32 5 93 70 25 42 22 59 11 20 35 7 85 75 9 8 54 92 17 46 29 27 24 107 55 79 23 90 77 41 19 65 
0 97 18 21 86 63 96 61 87 62 48 89 40 72 50 53 43 38 1 6 88 41 30 95 3 51 2 32 5 93 70 25 12 58 56 67 49 71 28 52 106 108 14 78 33 84 64 103 99 74 101 39 100 10 15 98 91 16 66 80 57 73 92 54 8 9 75 85 7 35 20 11 59 22 42 47 26 104 102 60 105 13 44 37 45 83 81 94 109 68 69 82 36 4 34 76 17 46 29 27 24 107 55 79 23 90 77 31 19 65 
0 97 18 21 86 63 96 61 87 62 48 89 40 72 50 53 43 38 1 6 88 41 30 95 3 13 105 60 102 54 26 47 12 58 56 67 49 71 28 52 106 108 14 78 33 84 64 103 99 74 101 39 100 10 15 98 91 16 66 80 57 73 76 34 4 36 82 69 68 109 94 81 83 45 37 44 51 2 32 5 93 70 25 42 22 59 11 20 35 7 85 75 9 8 104 92 17 46 29 27 24 107 55 79 23 90 77 31 19 65 
0 97 18 21 86 63 96 61 87 62 48 89 40 72 50 53 43 38 1 6 88 41 30 95 3 13 105 60 102 104 26 47 12 58 56 67 49 71 28 52 106 108 14 78 33 84 64 103 99 74 101 39 100 10 15 98 91 16 66 90 23 79 25 70 42 22 59 11 20 35 7 85 75 9 8 54 92 17 109 46 29 27 24 107 55 93 5 32 2 51 44 37 45 83 81 94 68 69 82 36 4 34 76 73 57 80 77 31 19 65 
0 97 18 21 86 63 96 61 87 62 48 89 40 73 76 34 4 36 82 69 68 109 94 81 83 77 45 37 90 51 2 32 5 93 70 25 42 22 59 11 20 35 7 85 33 84 64 103 99 74 101 39 100 10 15 98 91 16 66 80 57 72 50 53 43 38 1 6 88 41 30 95 3 13 105 60 102 104 26 47 12 58 56 67 49 71 28 52 106 108 14 78 75 9 8 54 92 17 46 29 27 24 107 55 79 23 44 31 19 65 
0 97 18 21 86 63 96 61 87 62 48 89 40 72 50 53 43 38 1 6 36 82 69 68 109 94 81 83 45 37 44 51 2 32 5 93 70 25 42 22 59 11 20 35 7 85 75 9 8 54 92 17 46 29 27 24 107 55 79 52 23 90 34 4 88 41 30 95 3 13 105 60 102 104 26 47 12 58 56 67 49 71 28 106 108 14 78 33 84 64 103 99 74 101 39 100 10 15 98 91 16 66 80 57 73 76 77 31 19 65 
0 97 18 21 86 63 96 61 87 62 38 89 40 72 37 64 103 32 2 51 44 45 83 81 94 109 68 69 82 36 84 101 74 99 5 93 70 25 42 22 59 11 20 35 7 85 75 9 8 54 92 17 46 29 27 24 107 55 79 23 90 77 31 19 65 39 100 10 15 98 91 16 66 80 57 73 76 34 4 56 67 49 71 28 52 106 108 14 78 33 50 53 43 48 1 6 88 30 41 95 3 13 105 60 102 104 26 47 12 58 
0 97 18 21 86 63 96 61 87 62 48 89 40 72 50 53 43 38 1 6 88 41 30 95 34 4 36 82 69 68 109 94 81 83 37 45 44 51 2 32 5 93 70 25 42 22 59 11 20 35 7 85 75 9 8 54 92 17 46 29 27 24 107 55 79 67 56 58 12 47 26 104 102 60 105 13 3 76 73 90 23 49 71 28 52 106 108 14 78 33 84 64 103 99 74 101 39 100 10 15 98 91 16 66 80 57 77 31 19 65 
0 97 18 21 86 63 96 61 87 62 48 89 40 72 50 53 43 38 1 6 88 41 30 95 3 13 105 60 102 104 26 47 12 58 56 92 49 71 28 52 106 108 14 78 33 84 64 103 99 74 101 39 100 10 15 98 91 16 66 80 57 73 76 34 4 36 82 69 68 109 94 81 83 45 44 51 2 32 5 93 70 25 42 22 59 11 20 35 7 85 75 9 8 54 67 17 46 29 27 24 107 55 79 23 90 77 31 37 19 65 
0 97 18 21 86 63 96 61 87 62 48 89 73 76 34 9 75 85 7 35 20 11 59 22 42 25 93 5 32 2 51 44 37 45 83 81 94 109 68 69 82 36 4 3 8 54 92 17 46 29 27 24 107 55 79 23 90 77 31 19 65 40 72 50 53 43 38 1 6 88 41 30 95 70 13 105 60 102 104 26 47 12 58 56 67 49 71 28 52 106 108 14 78 33 84 64 103 99 74 101 39 100 10 15 98 91 16 66 80 57 
0 97 18 21 86 63 61 87 62 48 89 40 72 50 96 43 38 1 6 88 41 30 95 3 13 105 60 102 104 26 47 12 58 56 67 49 71 28 52 106 108 14 78 33 84 29 103 99 74 101 39 100 10 15 98 91 16 66 80 57 73 76 34 4 36 82 69 68 109 94 81 83 45 37 44 51 2 32 5 93 70 25 42 22 53 59 11 20 35 7 85 75 9 8 54 92 17 46 64 27 24 107 55 79 23 90 77 31 19 65 
0 97 18 21 86 63 96 61 87 62 48 89 40 72 50 53 43 38 1 6 88 41 30 95 3 13 105 60 102 104 26 47 12 58 56 67 49 71 28 52 106 108 14 78 33 84 64 103 99 74 101 39 100 10 15 98 91 19 66 80 57 73 76 34 4 36 82 69 68 85 75 9 8 54 92 17 46 29 27 24 107 55 79 23 90 77 11 20 35 7 109 94 81 83 45 37 44 51 2 32 5 93 70 25 42 22 59 31 16 65 
0 97 18 21 35 20 11 59 22 42 25 70 93 5 32 2 51 44 37 45 83 81 63 96 61 87 62 48 89 40 72 50 53 43 38 1 6 88 41 30 95 3 7 85 75 9 8 54 92 17 46 29 27 24 107 55 49 67 56 58 12 47 26 104 102 60 105 13 86 94 109 68 69 82 36 4 34 76 73 57 80 66 16 91 98 15 10 100 39 101 74 99 103 64 84 33 78 14 108 106 52 28 71 79 23 90 77 31 19 65 
0 97 18 21 86 63 96 61 57 73 76 34 4 36 82 69 68 109 94 81 83 45 37 44 51 2 32 5 93 70 25 42 22 59 11 20 35 7 85 75 9 8 54 92 17 46 29 27 24 107 55 79 23 90 77 31 19 65 66 80 87 62 48 89 40 72 50 53 43 38 1 6 88 41 30 95 3 105 101 102 104 26 47 12 58 56 67 49 71 28 52 106 108 14 78 33 84 64 103 99 13 74 60 39 100 10 15 98 91 16 
0 97 18 21 86 63 96 61 87 62 48 89 40 72 50 53 43 34 4 36 82 69 68 109 94 81 83 45 37 44 51 2 32 5 93 70 25 42 22 59 11 20 35 7 85 75 9 8 88 92 17 46 29 27 24 107 55 79 23 90 77 31 19 38 1 6 54 41 30 95 3 13 105 60 102 104 26 47 12 58 56 67 49 71 28 52 106 108 14 78 33 84 64 103 99 74 101 39 100 10 15 98 91 16 66 80 57 73 76 65 
0 98 18 21 86 63 96 61 87 62 89 40 72 50 53 38 5 6 88 41 30 43 95 3 13 105 60 102 104 26 47 12 58 56 67 49 71 28 52 106 108 14 78 33 84 64 103 99 74 101 39 100 10 15 97 48 91 16 66 80 57 73 76 34 4 36 82 69 68 109 94 81 83 45 37 44 51 2 32 1 93 70 25 42 22 59 11 20 35 7 85 75 9 8 54 92 17 46 29 27 24 107 55 79 23 90 77 31 19 65 
0 97 18 21 3 13 105 77 102 104 26 47 12 58 50 53 43 38 1 6 88 41 30 95 86 63 96 61 87 62 48 89 40 72 56 67 49 71 28 52 106 108 14 78 33 84 64 103 99 74 101 39 100 10 15 98 91 16 66 80 57 73 76 34 4 36 82 69 68 109 94 81 83 45 37 44 51 2 32 5 93 70 42 22 59 11 20 35 7 85 75 25 9 8 54 92 17 46 29 27 24 107 55 79 23 90 60 31 19 65 
0 97 18 86 63 96 61 87 62 48 89 40 72 50 53 43 38 1 6 88 41 30 21 68 109 94 81 83 45 37 44 51 2 32 5 93 70 25 42 22 59 11 20 35 7 85 75 9 8 54 92 17 15 29 27 24 107 55 79 108 106 52 28 71 49 67 56 58 12 47 26 104 102 60 105 13 3 95 69 82 36 65 19 31 77 90 23 14 78 33 84 64 39 100 10 46 98 91 16 66 80 57 73 76 34 4 101 103 99 74 
