0 33 32 31 30 29 28 27 26 25 21 24 23 22 20 19 17 18 16 15 14 13 12 11 10 9 8 7 6 5 4 3 2 1 
0 33 32 31 30 29 28 27 26 25 21 24 23 22 20 19 17 18 16 15 14 13 12 11 10 9 8 7 6 5 4 3 2 1 
0 33 32 31 30 29 28 27 26 25 21 24 23 22 20 19 17 18 16 15 14 13 12 11 10 9 8 7 6 5 4 3 2 1 
0 33 32 31 30 29 28 27 26 25 21 24 23 22 20 19 17 18 16 15 14 13 12 11 10 9 8 7 6 5 4 3 2 1 
0 33 32 31 30 29 28 27 26 25 21 24 23 22 20 19 17 18 16 15 14 13 12 11 10 9 8 7 6 5 4 3 2 1 
0 33 32 31 30 29 28 27 26 25 21 24 23 22 20 19 17 18 16 15 14 13 12 11 10 9 8 7 6 5 4 3 2 1 
0 33 32 31 30 29 28 27 26 25 21 24 23 22 20 19 17 18 16 15 14 13 12 11 10 9 8 7 6 5 4 3 2 1 
0 33 32 31 30 29 28 27 26 25 21 24 23 22 20 19 17 18 16 15 14 13 12 11 10 9 8 7 6 5 4 3 2 1 
0 33 32 31 30 29 28 27 26 25 21 24 23 22 20 19 17 18 16 15 14 13 12 11 10 9 8 7 6 5 4 3 2 1 
0 33 32 31 30 29 28 27 26 25 21 24 23 22 20 19 17 18 16 15 14 13 12 11 10 9 8 7 6 5 4 3 2 1 
0 33 32 31 30 29 28 27 26 25 21 24 23 22 20 19 17 18 16 15 14 13 12 11 10 9 8 7 6 5 4 3 2 1 
0 33 32 31 30 29 28 27 26 25 21 24 23 22 20 19 17 18 16 15 14 13 12 11 10 9 8 7 6 5 4 3 2 1 
0 33 32 31 30 29 28 27 26 25 21 24 23 22 20 19 17 18 16 15 14 13 12 11 10 9 8 7 6 5 4 3 2 1 
0 33 32 31 30 29 28 27 26 25 21 24 23 22 20 19 17 18 16 15 14 13 12 11 10 9 8 7 6 5 4 3 2 1 
0 33 32 31 30 29 28 27 26 25 21 24 23 22 20 19 17 18 16 15 14 13 12 11 10 9 8 7 6 5 4 3 2 1 
0 33 32 31 30 29 28 27 26 25 21 24 23 22 20 19 17 18 16 15 14 13 12 11 10 9 8 7 6 5 4 3 2 1 
0 33 32 31 30 29 28 27 26 25 21 24 23 22 20 19 17 18 16 15 14 13 12 11 10 9 8 7 6 5 4 3 2 1 
0 33 32 31 30 29 28 27 26 25 21 24 23 22 20 19 17 18 16 15 14 13 12 11 10 9 8 7 6 5 4 3 2 1 
0 33 32 31 30 29 28 27 26 25 21 24 23 22 20 19 17 18 16 15 14 13 12 11 10 9 8 7 6 5 4 3 2 1 
0 33 32 31 30 29 28 27 26 25 21 24 23 22 20 19 17 18 16 15 14 13 12 11 10 9 8 7 6 5 4 3 2 1 
0 33 32 31 30 29 28 27 26 25 21 24 23 22 20 19 17 18 16 15 14 13 12 11 10 9 8 7 6 5 4 3 2 1 
0 33 32 31 30 29 28 27 26 25 21 24 23 22 20 19 17 18 16 15 14 13 12 11 10 9 8 7 6 5 4 3 2 1 
0 33 32 31 30 29 28 27 26 25 21 24 23 22 20 19 17 18 16 15 14 13 12 11 10 9 8 7 6 5 4 3 2 1 
0 33 32 31 30 29 28 27 26 25 21 24 23 22 20 19 17 18 16 15 14 13 12 11 10 9 8 7 6 5 4 3 2 1 
0 33 32 31 30 29 28 27 26 25 21 24 23 22 20 19 17 18 16 15 14 13 12 11 10 9 8 7 6 5 4 3 2 1 
0 33 32 31 30 29 28 27 26 25 21 24 23 22 20 19 17 18 16 15 14 13 12 11 10 9 8 7 6 5 4 3 2 1 
0 33 32 31 30 29 28 27 26 25 21 24 23 22 20 19 17 18 16 15 14 13 12 11 10 9 8 7 6 5 4 3 2 1 
0 33 32 31 30 29 28 27 26 25 21 24 23 22 20 19 17 18 16 15 14 13 12 11 10 9 8 7 6 5 4 3 2 1 
0 33 32 31 30 29 28 27 26 25 21 24 23 22 20 19 17 18 16 15 14 13 12 11 10 9 8 7 6 5 4 3 2 1 
0 33 32 31 30 29 28 27 26 25 21 24 23 22 20 19 17 18 16 15 14 13 12 11 10 9 8 7 6 5 4 3 2 1 
0 33 32 31 30 29 28 27 26 25 21 24 23 22 20 19 17 18 16 15 14 13 12 11 10 9 8 7 6 5 4 3 2 1 
0 33 32 31 30 29 28 27 26 25 21 24 23 22 20 19 17 18 16 15 14 13 12 11 10 9 8 7 6 5 4 3 2 1 
0 33 32 31 30 29 28 27 26 25 21 24 23 22 20 19 17 18 16 15 14 13 12 11 10 9 8 7 6 5 4 3 2 1 
0 33 32 31 30 29 28 27 26 25 21 24 23 22 20 19 17 18 16 15 14 13 12 11 10 9 8 7 6 5 4 3 2 1 
0 33 32 31 30 29 28 27 26 25 21 24 23 22 20 19 17 18 16 15 14 13 12 11 10 9 8 7 6 5 4 3 2 1 
0 33 32 31 30 29 28 27 26 25 21 24 23 22 20 19 17 18 16 15 14 13 12 11 10 9 8 7 6 5 4 3 2 1 
0 33 32 31 30 29 28 27 26 25 21 24 23 22 20 19 17 18 16 15 14 13 12 11 10 9 8 7 6 5 4 3 2 1 
0 33 32 31 30 29 28 27 26 25 21 24 23 22 20 19 17 18 16 15 14 13 12 11 10 9 8 7 6 5 4 3 2 1 
0 33 32 31 30 29 28 27 26 25 21 24 23 22 20 19 17 18 16 15 14 13 12 11 10 9 8 7 6 5 4 3 2 1 
0 33 32 31 30 29 28 27 26 25 21 24 23 22 20 19 17 18 16 15 14 13 12 11 10 9 8 7 6 5 4 3 2 1 
0 33 32 31 30 29 28 27 26 25 21 24 23 22 20 19 17 18 16 15 14 13 12 11 10 9 8 7 6 5 4 3 2 1 
0 33 32 31 30 29 28 27 26 25 21 24 23 22 20 19 17 18 16 15 14 13 12 11 10 9 8 7 6 5 4 3 2 1 
0 33 32 31 30 29 28 27 26 25 21 24 23 22 20 19 17 18 16 15 14 13 12 11 10 9 8 7 6 5 4 3 2 1 
0 33 32 31 30 29 28 27 26 25 21 24 23 22 20 19 17 18 16 15 14 13 12 11 10 9 8 7 6 5 4 3 2 1 
0 33 32 31 30 29 28 27 26 25 21 24 23 22 20 19 17 18 16 15 14 13 12 11 10 9 8 7 6 5 4 3 2 1 
0 33 32 31 30 29 28 27 26 25 21 24 23 22 20 19 17 18 16 15 14 13 12 11 10 9 8 7 6 5 4 3 2 1 
0 33 32 31 30 29 28 27 26 25 21 24 23 22 20 19 17 18 16 15 14 13 12 11 10 9 8 7 6 5 4 3 2 1 
0 33 32 31 30 29 28 27 26 25 21 24 23 22 20 19 17 18 16 15 14 13 12 11 10 9 8 7 6 5 4 3 2 1 
0 33 32 31 30 29 28 27 26 25 21 24 23 22 20 19 17 18 16 15 14 13 12 11 10 9 8 7 6 5 4 3 2 1 
0 33 32 31 30 29 28 27 26 25 21 24 23 22 20 19 17 18 16 15 14 13 12 11 10 9 8 7 6 5 4 3 2 1 
0 33 32 31 30 29 28 27 26 25 21 24 23 22 20 19 17 18 16 15 14 13 12 11 10 9 8 7 6 5 4 3 2 1 
0 33 32 31 30 29 28 27 26 25 21 24 23 22 20 19 17 18 16 15 14 13 12 11 10 9 8 7 6 5 4 3 2 1 
0 33 32 31 30 29 28 27 26 25 21 24 23 22 20 19 17 18 16 15 14 13 12 11 10 9 8 7 6 5 4 3 2 1 
0 33 32 31 30 29 28 27 26 25 21 24 23 22 20 19 17 18 16 15 14 13 12 11 10 9 8 7 6 5 4 3 2 1 
0 33 32 31 30 29 28 27 26 25 21 24 23 22 20 19 17 18 16 15 14 13 12 11 10 9 8 7 6 5 4 3 2 1 
0 33 32 31 30 29 28 27 26 25 21 24 23 22 20 19 17 18 16 15 14 13 12 11 10 9 8 7 6 5 4 3 2 1 
0 33 32 31 30 29 28 27 26 25 21 24 23 22 20 19 17 18 16 15 14 13 12 11 10 9 8 7 6 5 4 3 2 1 
0 33 32 31 30 29 28 27 26 25 21 24 23 22 20 19 17 18 16 15 14 13 12 11 10 9 8 7 6 5 4 3 2 1 
0 33 32 31 30 29 28 27 26 25 21 24 23 22 20 19 17 18 16 15 14 13 12 11 10 9 8 7 6 5 4 3 2 1 
0 33 32 31 30 29 28 27 26 25 21 24 23 22 20 19 17 18 16 15 14 13 12 11 10 9 8 7 6 5 4 3 2 1 
0 33 32 31 30 29 28 27 26 25 21 24 23 22 20 19 17 18 16 15 14 13 12 11 10 9 8 7 6 5 4 3 2 1 
0 33 32 31 30 29 28 27 26 25 21 24 23 22 20 19 17 18 16 15 14 13 12 11 10 9 8 7 6 5 4 3 2 1 
0 33 32 31 30 29 28 27 26 25 21 24 23 22 20 19 17 18 16 15 14 13 12 11 10 9 8 7 6 5 4 3 2 1 
0 33 32 31 30 29 28 27 26 25 21 24 23 22 20 19 17 18 16 15 14 13 12 11 10 9 8 7 6 5 4 3 2 1 
0 33 32 31 30 29 28 27 26 25 21 24 23 22 20 19 17 18 16 15 14 13 12 11 10 9 8 7 6 5 4 3 2 1 
0 33 32 31 30 29 28 27 26 25 21 24 23 22 20 19 17 18 16 15 14 13 12 11 10 9 8 7 6 5 4 3 2 1 
0 33 32 31 30 29 28 27 26 25 21 24 23 22 20 19 17 18 16 15 14 13 12 11 10 9 8 7 6 5 4 3 2 1 
0 33 32 31 30 29 28 27 26 25 21 24 23 22 20 19 17 18 16 15 14 13 12 11 10 9 8 7 6 5 4 3 2 1 
0 33 32 31 30 29 28 27 26 25 21 24 23 22 20 19 17 18 16 15 14 13 12 11 10 9 8 7 6 5 4 3 2 1 
0 33 32 31 30 29 28 27 26 25 21 24 23 22 20 19 17 18 16 15 14 13 12 11 10 9 8 7 6 5 4 3 2 1 
0 33 32 31 30 29 28 27 26 25 21 24 23 22 20 19 17 18 16 15 14 13 12 11 10 9 8 7 6 5 4 3 2 1 
0 33 32 31 30 29 28 27 26 25 21 24 23 22 20 19 17 18 16 15 14 13 12 11 10 9 8 7 6 5 4 3 2 1 
0 33 32 31 30 29 28 27 26 25 21 20 24 23 22 19 17 18 16 15 14 13 12 11 10 9 8 7 6 5 4 3 2 1 
0 33 32 31 30 29 28 27 26 25 21 20 24 23 22 19 17 18 16 15 14 13 12 11 10 9 8 7 6 5 4 3 2 1 
0 33 32 31 30 29 28 27 26 25 21 20 23 22 24 19 17 18 16 15 14 13 12 11 10 9 8 7 6 5 4 3 2 1 
0 33 32 31 30 29 28 27 26 25 21 24 23 22 20 19 17 15 18 16 14 13 12 11 10 9 8 7 6 5 4 3 2 1 
0 33 32 31 30 29 28 27 26 25 24 21 23 22 19 20 17 18 16 15 14 13 12 11 10 9 8 7 6 5 4 3 2 1 
0 33 32 31 30 29 28 27 26 25 24 21 23 22 19 20 17 18 16 15 14 13 12 11 10 9 8 7 6 5 4 3 2 1 
0 33 32 31 30 29 28 27 26 25 21 24 23 22 20 19 17 18 16 15 14 13 12 11 9 8 10 7 6 5 4 3 2 1 
0 33 32 31 30 29 28 27 26 25 21 24 23 22 20 19 17 18 16 15 14 13 12 11 9 8 10 7 6 5 4 3 2 1 
0 33 32 31 30 29 28 27 26 25 21 24 23 22 20 19 17 18 16 15 14 13 12 11 9 8 10 7 6 5 4 3 2 1 
0 33 32 31 30 29 28 27 26 25 21 24 23 22 20 19 17 18 16 15 14 13 12 11 10 9 8 5 6 7 4 3 2 1 
0 33 32 31 30 28 29 27 26 25 21 24 23 22 20 19 17 18 16 15 14 13 12 11 10 9 8 7 6 5 4 3 2 1 
0 33 32 31 30 29 28 27 26 25 21 24 23 22 19 20 17 18 16 15 14 13 12 11 10 9 8 7 6 5 4 3 2 1 
0 33 32 31 30 29 28 27 26 25 21 24 23 22 19 20 17 18 16 15 14 13 12 11 10 9 8 7 6 5 4 3 2 1 
0 33 32 31 30 29 28 27 26 25 21 24 23 22 19 20 17 18 16 15 14 13 12 11 10 9 8 7 6 5 4 3 2 1 
0 33 32 31 30 29 28 27 26 25 21 24 23 22 19 20 17 18 16 15 14 13 12 11 10 9 8 7 6 5 4 3 2 1 
0 33 32 31 30 29 28 27 26 25 21 24 23 22 19 20 17 18 16 15 14 13 12 11 10 9 8 7 6 5 4 3 2 1 
0 33 32 31 30 29 28 27 26 25 21 24 23 22 19 20 17 18 16 15 14 13 12 11 10 9 8 7 6 5 4 3 2 1 
0 33 32 31 30 29 28 27 26 25 21 24 23 22 19 20 17 18 16 15 14 13 12 11 10 9 8 7 6 5 4 3 2 1 
0 33 32 31 30 29 28 27 26 25 21 24 23 22 19 20 17 18 16 15 14 13 12 11 10 9 8 7 6 5 4 3 2 1 
0 33 32 31 30 29 28 27 26 25 21 24 23 22 20 19 17 18 16 15 14 13 12 11 10 9 8 7 6 5 3 4 2 1 
0 33 32 31 30 29 28 27 26 25 21 19 23 22 20 24 17 18 16 15 14 13 12 11 10 9 8 7 6 5 4 3 2 1 
0 33 32 31 30 29 28 27 26 25 21 24 23 22 20 19 17 18 16 15 14 13 12 9 11 10 8 7 6 5 4 3 2 1 
0 33 32 31 30 29 28 27 26 25 21 24 23 22 20 19 17 18 16 15 14 13 12 11 10 9 8 7 6 5 4 3 1 2 
0 33 32 31 30 27 28 29 26 25 21 24 23 22 20 19 17 18 16 15 14 13 12 11 10 9 8 7 6 5 4 3 2 1 
0 33 32 31 30 29 28 27 26 25 21 24 23 22 20 19 17 18 16 15 14 13 12 11 10 9 8 7 6 5 2 4 3 1 
0 33 32 31 30 27 28 29 26 25 24 21 23 22 19 20 17 18 16 15 14 13 12 11 10 9 8 7 6 5 4 3 2 1 
0 33 32 31 30 29 26 27 28 25 21 24 23 22 19 20 17 18 16 15 14 13 12 11 10 9 8 7 6 5 4 3 2 1 
0 33 32 31 30 29 28 27 26 25 21 24 23 22 20 19 17 18 16 15 14 13 12 11 10 9 8 7 6 5 1 4 3 2 
0 33 32 31 30 29 28 27 26 25 21 24 23 22 20 19 17 18 16 15 14 13 12 11 10 9 8 7 6 3 2 5 4 1 
0 33 32 31 30 29 28 27 26 25 21 24 16 20 23 22 19 17 18 15 14 13 12 11 10 9 8 7 6 5 4 3 2 1 
0 33 32 31 30 29 28 27 26 25 21 24 15 23 22 20 19 17 18 16 14 13 12 11 10 9 8 7 6 5 4 3 2 1 
0 33 32 31 30 29 25 28 27 26 21 24 23 22 20 19 17 18 16 15 14 13 12 11 10 9 8 7 6 5 4 3 2 1 
0 33 32 31 30 29 28 27 26 25 24 21 23 22 19 20 17 18 16 15 14 11 12 13 10 9 8 7 6 5 4 3 2 1 
0 33 32 31 30 29 28 27 26 25 21 24 23 22 20 19 17 18 16 15 14 13 12 11 10 9 4 7 6 5 8 3 2 1 
0 33 32 31 30 29 28 27 26 25 21 24 23 22 20 19 17 18 16 15 14 13 12 7 6 5 4 11 10 9 8 3 2 1 
0 33 32 31 30 29 28 27 26 25 21 20 23 22 24 19 17 18 16 15 14 13 12 11 10 9 8 3 6 5 4 7 2 1 
0 33 26 27 28 29 30 31 32 25 21 24 23 22 20 19 17 18 16 15 14 13 12 11 10 9 8 7 6 5 4 3 2 1 
0 33 32 31 30 29 28 27 22 25 21 24 23 26 20 19 17 18 16 15 14 13 12 11 10 9 8 7 6 5 2 4 3 1 
0 33 32 31 30 29 28 27 26 25 21 24 23 22 20 19 17 18 16 15 14 13 12 11 10 6 5 4 3 2 9 8 7 1 
0 33 32 31 30 29 28 27 26 25 21 24 23 22 20 19 17 18 16 15 14 13 12 11 10 5 4 3 2 9 8 7 6 1 
0 33 32 21 25 26 27 28 29 30 31 24 23 22 20 19 17 18 16 15 14 13 12 11 10 9 8 7 6 5 4 3 2 1 
0 33 32 31 30 29 28 27 26 25 21 24 23 22 20 19 17 18 16 15 14 6 5 13 12 11 10 9 8 7 4 3 2 1 
0 33 32 31 30 29 28 27 26 25 21 24 23 22 20 19 17 18 16 15 14 13 12 3 11 10 9 8 7 6 5 4 2 1 
0 33 32 31 30 29 28 27 26 25 15 24 23 22 20 19 17 18 16 21 14 13 12 11 10 9 8 7 6 5 4 3 2 1 
0 33 32 31 30 29 28 23 26 24 21 25 27 22 20 19 17 18 16 15 14 13 12 11 10 9 8 7 6 5 4 3 2 1 
0 33 32 31 30 25 28 27 26 29 21 24 23 22 20 19 17 18 16 15 14 13 12 11 10 9 8 7 6 5 4 3 2 1 
0 33 32 31 30 29 28 27 26 25 21 24 23 22 20 19 17 18 16 15 14 13 12 1 11 10 9 8 7 6 5 4 3 2 
0 33 32 31 30 29 28 19 26 25 21 24 23 22 27 20 17 18 16 15 14 13 12 11 10 9 8 7 6 5 4 3 2 1 
0 33 32 31 30 29 28 19 26 25 21 24 23 22 20 27 17 18 16 15 14 13 12 11 10 9 8 7 6 5 4 3 2 1 
0 33 32 31 30 29 28 27 26 25 21 24 23 22 20 19 17 18 16 15 14 13 12 4 10 9 8 7 6 5 11 3 2 1 
0 33 32 31 30 29 28 2 3 4 5 6 7 8 9 10 11 12 13 14 15 16 18 17 19 20 22 23 24 21 25 26 27 1 
0 33 32 31 30 29 28 27 26 25 21 24 23 22 20 18 17 19 16 15 14 13 12 9 6 5 4 3 7 11 10 8 2 1 
0 33 32 31 30 29 28 27 26 25 21 24 23 22 20 19 17 18 16 15 12 11 9 10 8 14 13 7 6 5 4 3 2 1 
0 33 32 25 30 29 28 27 26 31 21 24 23 22 20 19 17 18 16 15 14 13 12 11 10 9 8 7 6 5 4 3 2 1 
0 33 32 31 30 15 16 18 17 29 28 27 26 25 21 24 23 22 20 19 14 13 12 11 10 9 8 7 6 5 4 3 2 1 
0 33 32 31 30 29 28 27 26 25 21 24 23 22 20 19 17 18 16 15 14 13 12 5 4 3 2 1 6 11 10 9 8 7 
0 33 32 31 30 29 28 27 26 25 10 11 12 13 14 15 16 18 17 19 20 22 23 24 21 9 8 7 6 5 4 3 2 1 
0 33 32 31 30 29 28 27 26 25 21 20 23 22 24 19 17 18 16 15 14 7 12 11 10 9 8 13 6 5 4 3 2 1 
0 33 32 31 30 29 28 27 26 25 21 20 23 22 24 19 17 18 16 15 14 7 12 11 10 9 8 13 6 5 4 3 2 1 
0 33 32 31 30 20 19 17 18 16 21 24 23 22 29 28 27 26 25 15 14 13 12 11 10 9 8 7 6 5 4 3 2 1 
0 33 32 31 30 29 28 27 26 25 21 24 23 22 20 19 17 18 16 15 14 13 3 2 12 11 10 9 8 5 7 6 4 1 
0 33 32 31 20 19 17 18 16 15 14 24 23 22 30 29 28 27 26 25 21 13 12 11 10 9 8 7 6 5 4 3 2 1 
0 33 32 31 30 29 28 27 26 25 21 24 23 22 20 19 17 18 16 15 6 5 14 13 12 11 10 9 8 7 4 3 2 1 
0 15 33 32 31 30 29 28 27 26 25 21 20 23 22 24 19 17 18 16 14 13 12 11 10 9 8 7 6 5 4 3 2 1 
0 33 32 31 30 29 28 27 26 25 21 24 23 22 15 14 13 12 11 20 19 17 18 16 10 9 8 7 6 5 4 3 2 1 
0 27 32 31 30 29 28 33 26 25 21 24 23 22 20 19 17 18 16 15 14 13 12 11 10 9 8 7 6 5 4 3 2 1 
0 33 11 32 31 30 29 28 27 26 25 21 24 23 22 20 19 17 18 16 15 14 13 12 10 9 8 7 6 5 4 3 2 1 
0 3 32 33 2 1 31 30 29 28 27 26 25 21 24 23 22 20 19 17 18 16 15 14 13 12 11 10 9 8 7 6 5 4 
0 33 32 31 30 29 28 27 26 25 21 20 24 23 22 19 17 18 4 5 6 7 8 9 10 11 12 13 14 15 16 3 2 1 
0 33 32 31 30 29 28 27 26 25 7 8 9 10 11 12 13 14 15 16 18 17 19 20 22 23 24 21 6 5 4 3 2 1 
0 33 32 31 30 29 27 26 25 21 24 23 22 19 20 17 18 28 16 15 14 13 12 11 10 9 8 7 6 5 3 4 2 1 
0 33 32 31 30 29 28 27 26 25 21 24 23 13 19 20 17 18 16 15 14 22 12 11 10 9 8 7 6 5 4 3 2 1 
0 33 32 31 30 29 28 27 26 15 16 18 17 19 20 22 23 24 21 25 11 14 13 12 10 9 8 7 6 5 4 3 2 1 
0 33 32 31 30 29 28 27 26 25 21 24 23 22 14 13 12 11 17 15 19 20 16 18 10 9 8 7 6 5 4 3 2 1 
0 33 32 31 30 29 28 27 26 25 21 24 23 22 20 19 17 18 16 15 2 14 13 12 11 10 9 8 7 6 5 4 3 1 
0 33 32 31 30 29 28 27 26 25 21 2 24 23 22 20 19 17 18 16 15 14 13 12 11 10 9 8 7 6 5 4 3 1 
0 33 32 31 30 29 28 27 26 25 21 24 23 22 3 20 19 17 18 16 15 14 13 12 11 10 9 8 7 6 5 4 2 1 
0 33 32 31 30 29 28 27 26 25 21 24 3 23 22 20 19 17 18 16 15 14 13 12 11 10 9 8 7 6 5 4 2 1 
0 33 32 12 13 14 15 16 18 17 19 20 22 23 24 21 25 26 27 28 29 30 31 11 10 9 8 7 6 5 2 4 3 1 
0 33 32 31 30 29 28 27 26 25 21 24 23 22 20 19 17 18 16 15 7 6 5 4 3 14 13 12 11 10 9 8 2 1 
0 33 32 31 30 29 28 2 3 4 5 6 7 8 9 10 11 12 13 14 15 16 18 17 19 20 27 26 25 21 24 23 22 1 
0 33 32 31 30 8 28 29 27 26 25 21 24 23 22 20 19 17 18 16 15 14 13 12 11 10 9 7 6 5 4 3 2 1 
0 33 32 31 30 29 28 27 26 24 23 22 19 20 17 18 16 15 14 13 12 11 10 9 8 7 6 5 4 25 21 3 2 1 
0 33 32 31 30 29 7 6 5 4 3 2 28 27 26 25 21 24 23 22 20 19 17 18 16 15 14 13 12 11 10 9 8 1 
0 33 32 31 26 29 28 27 30 25 21 24 23 22 20 19 17 18 16 15 14 13 12 11 10 1 9 8 7 6 5 4 3 2 
0 33 32 31 30 29 28 27 26 25 21 24 23 22 19 20 17 18 11 15 14 13 12 16 10 9 8 7 6 5 4 3 2 1 
0 33 32 31 30 29 28 27 26 25 21 12 11 10 9 8 7 6 5 4 3 2 24 23 22 20 19 17 18 16 15 14 13 1 
0 33 32 31 30 29 28 27 26 13 12 11 10 9 8 7 17 18 16 15 14 25 21 24 23 22 20 19 6 5 4 3 2 1 
0 33 32 31 30 29 28 27 26 25 21 24 12 11 10 9 8 7 6 5 4 3 23 22 20 19 17 18 16 15 14 13 2 1 
0 33 32 31 30 29 28 11 10 9 8 7 6 5 4 3 2 27 26 25 21 24 23 22 20 19 17 18 16 15 14 13 12 1 
0 33 32 31 30 29 28 27 26 25 15 14 13 21 24 23 22 20 19 17 18 16 12 11 5 4 3 2 10 9 8 7 6 1 
0 33 32 31 30 29 28 27 26 25 21 24 23 22 20 12 11 10 9 15 14 13 19 17 18 16 8 7 6 5 4 3 2 1 
0 33 32 31 30 29 28 27 26 25 21 24 23 22 20 11 17 18 16 15 14 13 12 19 10 9 8 7 6 5 4 3 2 1 
0 33 32 31 30 29 28 27 26 25 21 24 23 22 20 19 17 18 12 15 14 13 16 11 10 9 8 7 6 2 4 3 5 1 
0 6 32 31 30 29 28 27 26 25 21 24 23 22 19 20 17 18 16 15 14 13 12 11 10 9 8 7 33 5 4 3 2 1 
0 33 32 31 30 29 28 27 26 25 21 24 23 22 20 19 17 18 16 15 6 5 14 13 12 11 10 9 8 2 7 4 3 1 
0 33 32 31 23 25 21 24 26 27 28 29 30 22 19 20 17 18 16 15 14 13 12 11 10 7 6 5 4 3 2 8 9 1 
0 33 32 31 30 29 14 13 12 11 10 9 8 7 6 5 4 3 2 1 28 27 26 25 21 24 23 22 20 19 17 18 16 15 
0 33 32 31 15 14 13 12 11 10 9 8 7 6 5 4 3 2 1 30 29 28 27 26 25 21 24 23 22 20 19 17 18 16 
0 33 32 31 15 14 13 12 11 10 9 8 7 6 5 4 3 2 1 30 29 28 27 26 25 21 24 23 22 20 19 17 18 16 
0 33 32 31 15 14 13 12 11 10 9 8 7 6 5 4 3 2 1 30 29 28 27 26 25 21 24 23 22 20 19 17 18 16 
0 33 32 31 16 15 14 13 12 11 10 9 8 7 6 5 4 3 30 29 28 27 26 25 21 24 23 22 20 19 17 18 2 1 
0 33 32 31 30 29 28 2 3 4 5 6 7 8 9 10 11 12 13 14 15 16 27 26 25 21 24 23 22 19 17 18 20 1 
0 33 32 31 30 29 28 27 26 25 21 12 23 22 20 19 17 18 16 15 14 13 24 11 10 9 8 7 6 5 4 3 2 1 
0 33 32 17 15 14 13 12 11 10 9 8 7 6 5 4 3 2 1 30 29 31 28 27 26 25 21 24 23 22 20 19 18 16 
0 33 32 16 30 29 28 27 26 25 21 20 31 24 23 22 19 17 18 15 14 13 12 11 10 9 8 7 6 5 4 3 2 1 
0 33 32 31 27 29 28 30 26 25 21 24 23 22 19 20 17 18 16 15 14 13 1 11 10 9 8 12 7 6 5 4 3 2 
0 33 24 31 30 29 28 27 26 25 21 32 23 22 19 20 17 18 16 15 14 13 12 11 10 9 8 7 6 5 4 3 2 1 
0 33 32 31 30 29 28 27 26 25 21 24 23 22 19 20 17 10 16 15 14 11 12 13 18 9 8 7 6 5 4 3 2 1 
0 33 32 31 30 29 22 27 26 25 21 24 23 28 19 20 17 18 16 15 14 13 10 12 11 6 5 9 8 7 4 3 2 1 
0 33 32 20 30 29 21 27 26 25 28 31 24 23 22 19 17 18 16 15 14 13 12 11 10 9 8 7 6 5 4 3 2 1 
0 9 32 31 30 29 28 27 26 25 21 24 23 22 20 19 17 18 16 15 14 13 12 11 10 33 8 7 6 5 4 3 2 1 
0 33 32 31 30 29 28 27 13 12 11 10 9 8 7 6 5 4 3 15 14 26 25 21 24 23 22 20 19 17 18 16 2 1 
0 33 32 20 30 29 28 27 26 25 21 24 23 22 19 31 17 18 16 15 14 13 12 11 6 10 9 8 7 5 4 3 2 1 
0 4 2 20 17 18 16 15 14 13 12 11 10 9 8 7 6 33 32 31 30 29 28 27 26 25 21 24 23 22 19 5 3 1 
0 33 32 31 30 29 28 27 26 25 21 11 23 22 20 19 17 18 16 15 14 13 12 24 10 9 8 7 6 5 4 3 2 1 
0 33 32 31 30 15 28 27 26 25 21 24 23 22 20 19 17 18 16 29 14 13 12 11 10 9 8 7 6 5 4 3 2 1 
0 33 32 31 30 15 28 27 26 25 21 24 23 22 20 19 17 18 16 29 14 13 12 11 10 9 8 7 6 5 4 3 2 1 
0 33 32 31 30 29 28 27 26 25 21 24 23 22 20 19 17 18 16 4 3 2 12 11 10 9 8 7 6 5 15 14 13 1 
0 33 32 31 30 29 28 27 26 25 21 24 23 22 19 20 17 18 16 15 9 13 12 11 10 14 8 7 1 6 5 4 3 2 
0 33 32 31 30 13 28 27 26 25 21 24 23 22 20 19 17 18 16 15 14 29 12 11 10 9 8 7 6 5 4 3 2 1 
0 33 20 31 30 29 28 27 26 25 21 24 23 22 32 19 17 18 16 15 14 13 12 11 10 9 8 7 6 5 1 4 3 2 
0 33 32 31 30 29 28 27 26 25 21 24 23 22 10 9 8 7 6 5 14 13 12 11 20 19 17 18 16 15 4 3 2 1 
0 33 28 31 30 29 32 27 26 25 21 24 12 11 10 9 8 7 6 5 4 3 23 22 20 19 17 18 16 15 14 13 2 1 
0 33 32 31 30 28 29 27 26 25 21 24 23 22 19 20 17 12 16 3 18 15 14 13 11 10 9 8 7 6 5 4 2 1 
0 33 32 31 30 29 28 27 26 1 25 21 24 23 22 19 20 17 18 16 15 14 13 12 11 10 9 8 2 6 5 4 3 7 
0 33 32 31 3 29 28 27 26 25 21 24 23 22 20 19 17 18 16 15 14 13 12 11 10 9 8 7 6 5 4 30 2 1 
0 33 32 31 30 29 28 14 13 12 11 10 9 8 7 6 5 4 27 26 25 21 24 23 22 18 19 17 20 16 15 3 2 1 
0 6 32 31 30 29 28 27 26 25 21 24 23 22 19 20 17 18 16 15 14 13 11 10 9 8 33 2 3 4 5 7 12 1 
0 33 32 18 16 15 14 13 12 11 10 9 8 7 6 19 17 31 30 29 28 27 26 25 21 24 23 22 20 5 4 3 2 1 
0 33 32 31 30 29 28 27 26 25 21 24 23 22 20 5 17 18 16 15 14 13 12 11 10 9 8 7 6 19 4 3 2 1 
0 33 32 31 30 29 28 27 26 25 21 24 23 22 20 19 17 4 16 15 14 13 12 11 10 9 8 7 6 5 18 3 2 1 
0 33 32 31 30 29 28 3 26 25 21 24 23 22 20 19 17 18 16 15 14 13 12 11 10 9 8 7 6 5 4 27 2 1 
0 33 32 20 30 29 28 27 26 25 21 24 23 22 19 31 17 18 16 15 14 13 12 11 6 5 4 3 10 9 8 7 2 1 
0 33 32 31 30 29 28 27 26 25 21 24 23 22 20 19 17 18 16 15 1 13 12 11 10 9 8 7 6 5 4 3 2 14 
0 33 32 31 30 29 28 27 26 25 7 24 23 22 20 19 17 18 16 15 14 13 12 11 10 9 8 21 6 5 4 3 2 1 
0 33 32 31 11 16 15 14 13 12 7 6 30 29 28 27 26 25 21 24 23 22 20 19 17 18 10 9 8 5 4 3 2 1 
0 33 32 31 30 29 28 27 10 25 21 24 23 22 20 19 17 18 16 15 14 13 12 11 26 9 8 7 6 5 4 3 2 1 
0 33 32 31 30 29 28 27 26 25 24 21 23 9 19 20 17 18 16 15 14 13 12 11 10 22 8 7 6 5 4 3 2 1 
0 33 12 31 30 29 28 27 26 25 21 24 23 22 19 20 17 18 16 15 14 13 32 11 10 9 8 7 6 5 4 3 2 1 
0 33 32 31 30 29 28 27 26 1 21 24 23 22 20 19 17 18 16 15 14 13 12 11 10 9 8 7 6 5 4 3 2 25 
0 19 17 18 16 15 26 25 21 24 12 11 10 9 8 33 32 31 30 29 28 27 23 22 20 14 13 7 6 5 4 3 2 1 
0 33 26 25 21 24 23 32 31 30 29 28 27 22 19 2 20 17 18 16 15 14 13 12 11 10 9 8 7 6 5 4 3 1 
0 16 15 14 13 12 11 10 9 8 7 6 5 4 3 2 17 18 33 32 31 30 29 28 27 26 24 21 25 23 22 19 20 1 
0 33 32 31 27 29 28 22 26 25 21 24 23 30 19 20 17 18 16 15 14 13 1 12 11 10 9 8 7 6 5 4 3 2 
0 33 32 31 30 29 28 27 26 7 21 24 23 22 19 20 17 18 16 15 14 13 12 11 10 9 8 25 6 5 4 3 2 1 
0 33 32 31 30 29 28 27 26 25 21 24 23 22 20 19 2 18 16 15 14 13 12 11 10 9 8 7 6 5 4 3 17 1 
0 33 32 31 30 29 28 27 26 25 21 24 23 22 20 19 2 18 16 15 14 13 12 11 10 9 8 7 6 5 4 3 17 1 
0 33 32 31 30 29 28 26 27 2 1 6 4 5 25 21 24 23 22 19 20 17 18 16 15 14 13 12 11 10 9 8 3 7 
0 21 32 31 30 29 28 27 26 25 33 24 23 22 20 19 17 18 16 15 14 13 12 11 3 4 5 6 7 8 9 10 2 1 
0 33 32 31 30 29 11 12 13 14 15 16 18 17 2 19 20 22 23 24 21 25 26 27 28 10 9 8 7 6 5 4 3 1 
0 33 32 31 30 11 10 9 8 7 6 24 23 22 20 19 17 18 16 15 14 13 12 29 28 27 26 25 21 5 4 3 2 1 
0 33 32 31 30 29 28 27 26 25 22 24 23 2 20 19 17 18 16 15 14 13 12 11 10 9 8 7 6 5 4 3 21 1 
0 33 12 11 10 32 31 30 29 28 27 26 25 21 24 23 22 20 19 17 18 16 15 14 1 3 2 13 9 8 7 6 5 4 
0 33 32 31 30 29 28 27 26 25 21 24 23 2 20 19 17 18 16 15 14 13 12 11 10 9 8 7 6 5 4 3 22 1 
0 26 27 28 21 24 23 22 19 20 17 18 16 15 9 13 33 32 31 30 29 25 14 12 11 10 8 7 6 5 4 3 2 1 
0 33 32 31 30 29 28 27 26 25 21 24 3 22 20 19 17 18 16 15 14 13 12 11 10 9 8 7 6 5 4 23 2 1 
0 15 14 13 12 11 10 9 26 25 21 24 23 22 20 19 17 18 16 33 32 31 30 29 28 27 8 7 6 5 4 1 2 3 
0 33 32 31 25 27 28 29 26 30 24 21 23 22 19 20 9 8 7 6 5 4 3 2 1 17 18 16 15 14 13 12 11 10 
0 33 32 31 30 29 28 27 26 25 21 24 23 6 5 4 3 18 16 15 14 13 12 11 10 9 8 7 22 19 20 17 2 1 
0 2 32 31 17 18 16 14 13 12 21 15 24 23 22 20 19 30 29 28 27 26 25 11 10 9 8 7 6 5 4 3 33 1 
0 33 32 31 30 29 28 27 26 1 21 24 23 22 20 19 17 18 16 15 14 13 12 11 8 7 6 5 10 9 4 3 2 25 
0 33 32 31 2 29 28 27 26 25 21 24 23 22 19 20 17 18 16 15 14 13 12 11 10 9 8 7 3 30 1 6 5 4 
0 33 32 31 30 29 28 27 26 25 21 24 23 22 20 19 17 18 16 15 14 2 12 11 10 3 13 1 9 8 7 6 5 4 
0 33 32 31 30 29 28 27 26 25 21 15 23 22 20 19 17 24 18 16 5 4 3 2 1 10 9 8 7 6 14 13 12 11 
0 33 32 31 22 29 28 27 26 25 21 24 23 30 19 2 20 17 18 16 15 14 13 12 11 10 9 8 7 6 5 4 3 1 
0 33 9 31 30 29 28 27 26 25 21 24 23 22 20 19 17 18 16 15 14 13 12 11 10 32 8 7 5 4 3 2 1 6 
0 33 32 31 30 29 28 6 26 25 21 24 23 14 15 16 18 17 19 20 22 13 12 11 10 9 8 7 27 5 4 3 2 1 
0 33 32 31 30 29 28 27 26 25 21 24 23 22 11 20 17 18 16 15 14 1 13 12 19 10 9 8 7 6 5 4 3 2 
0 3 2 1 24 23 22 19 20 17 18 16 15 14 13 5 4 33 32 31 30 29 28 27 26 25 21 9 8 7 12 6 11 10 
0 33 32 31 30 29 28 27 26 25 21 24 23 22 20 19 17 18 16 4 14 13 12 11 10 1 3 2 9 8 7 6 5 15 
0 33 32 31 30 29 28 25 27 26 21 24 23 22 19 8 17 18 16 15 14 13 12 11 10 9 20 2 6 5 4 3 7 1 
0 33 32 11 10 9 8 7 6 5 4 3 2 22 20 19 17 18 16 15 21 13 12 31 30 29 28 27 26 25 14 24 23 1 
0 33 32 31 30 29 28 27 26 25 21 24 23 22 20 19 17 18 16 15 14 6 12 11 13 5 4 3 10 1 8 7 2 9 
0 33 32 31 30 29 28 27 26 25 21 24 23 22 2 13 12 11 17 15 19 20 18 16 10 9 8 7 6 5 4 3 14 1 
0 33 18 31 24 29 28 27 26 25 32 21 30 23 22 19 20 17 16 15 14 13 12 11 10 9 8 7 6 5 4 3 2 1 
0 33 32 31 29 30 28 25 26 27 21 3 24 23 22 20 19 17 9 8 7 6 5 4 2 1 18 16 15 14 13 12 11 10 
0 33 7 6 5 12 20 17 18 16 15 14 13 4 3 2 1 9 8 32 31 30 29 28 27 26 25 24 21 23 22 19 11 10 
0 33 32 31 30 29 28 27 26 25 21 24 23 15 14 13 12 11 10 9 18 7 22 19 20 17 8 16 6 5 4 3 2 1 
0 33 32 31 30 29 28 27 26 25 7 24 23 22 20 19 17 18 16 15 14 13 12 2 6 5 4 3 8 21 11 10 9 1 
0 33 32 31 30 29 28 27 26 25 18 21 24 23 22 3 2 8 16 15 13 14 20 19 12 11 10 9 17 7 6 5 4 1 
0 33 32 31 30 29 28 27 9 25 21 24 23 22 20 19 17 18 16 15 8 7 6 14 13 12 11 10 26 5 4 3 2 1 
0 33 32 31 30 15 14 13 12 11 16 9 8 7 6 5 17 18 10 29 28 27 26 25 21 24 23 22 20 19 4 3 2 1 
0 33 32 31 30 29 28 27 3 25 21 24 23 22 20 19 12 11 10 9 8 7 17 18 16 15 14 13 6 5 4 26 2 1 
0 33 12 13 14 15 16 18 17 20 19 22 23 5 24 21 25 26 27 28 29 30 31 32 11 4 3 2 1 6 10 9 8 7 
0 33 32 17 18 16 15 31 30 29 28 27 26 25 21 24 6 5 20 19 14 13 12 11 10 9 8 7 23 22 4 3 2 1 
0 33 32 31 22 20 19 17 18 16 30 5 15 3 29 28 27 26 25 21 24 23 14 13 12 11 10 9 8 7 6 4 2 1 
0 22 32 31 30 29 25 28 27 26 1 24 21 23 33 19 20 17 18 16 15 14 13 12 11 10 9 8 7 6 5 4 3 2 
0 33 32 15 14 13 12 11 10 9 8 7 6 5 4 19 17 3 16 31 30 29 28 27 26 25 21 24 23 22 20 18 2 1 
0 33 32 31 30 29 11 27 26 25 21 24 23 22 10 19 17 18 16 15 14 13 12 28 20 9 8 7 6 5 4 3 2 1 
0 33 32 31 30 29 28 27 26 25 21 24 8 9 18 17 19 20 22 10 11 12 13 14 15 16 2 3 4 5 6 23 7 1 
0 33 32 31 2 26 29 28 27 25 21 24 23 22 19 1 20 17 18 16 15 14 13 12 11 10 9 8 7 6 5 4 3 30 
0 33 32 31 30 29 3 2 1 28 27 26 25 24 21 23 22 19 12 11 10 9 8 7 6 20 17 18 16 15 5 13 14 4 
0 29 32 31 30 33 28 27 26 25 21 24 23 22 10 9 8 13 6 5 4 3 2 1 19 20 17 18 16 15 14 7 12 11 
0 33 32 31 30 29 28 27 26 25 21 24 23 22 19 20 17 12 16 3 18 13 5 11 10 9 8 7 6 4 2 15 14 1 
0 14 17 18 16 15 19 13 12 11 10 9 8 7 3 23 22 24 33 32 31 30 29 28 27 26 6 5 4 25 21 20 2 1 
0 15 32 12 11 10 2 8 7 6 4 33 31 30 29 28 27 26 21 25 24 23 20 19 17 18 16 14 22 13 9 5 3 1 
0 33 32 31 18 16 15 14 13 12 11 10 9 8 7 19 17 21 29 28 27 26 25 30 24 5 6 20 22 23 4 3 2 1 
0 33 12 13 14 15 16 27 28 29 30 31 32 11 10 9 8 7 18 17 20 19 22 23 5 24 21 25 26 6 4 3 2 1 
0 33 32 31 15 14 13 12 11 10 9 8 4 3 28 27 26 2 21 24 25 23 22 19 20 17 18 16 30 29 1 7 6 5 
0 16 18 15 14 13 7 6 5 4 3 12 11 10 33 8 2 9 32 31 30 29 28 27 26 25 21 24 23 22 19 20 17 1 
0 33 32 31 30 29 19 22 23 21 28 27 26 25 24 5 4 3 2 20 6 7 8 9 10 11 16 13 14 15 12 18 17 1 
0 11 32 31 30 29 28 27 26 25 21 24 23 22 8 7 6 5 4 3 2 1 12 33 10 9 20 19 17 18 16 15 14 13 
0 33 32 31 30 29 2 27 26 25 21 24 23 22 19 20 17 18 16 15 9 13 12 11 10 8 14 7 3 28 1 6 5 4 
0 33 32 31 3 29 28 27 26 25 21 24 23 22 20 19 17 18 16 30 5 15 7 6 4 2 14 13 12 11 10 9 8 1 
0 33 32 31 30 29 28 8 13 23 22 20 19 17 18 6 5 4 3 2 1 14 27 26 25 21 24 12 11 10 9 7 16 15 
0 33 32 31 30 29 28 27 18 15 14 5 12 11 10 20 19 17 16 26 25 1 21 24 23 22 9 8 7 6 13 4 3 2 
0 33 18 16 15 14 13 12 11 25 21 24 23 22 20 19 17 32 31 30 29 28 2 26 10 9 8 7 6 5 4 3 1 27 
0 33 32 31 30 29 28 27 26 25 3 24 23 9 20 19 17 18 16 15 14 13 12 22 11 10 8 7 6 5 4 21 2 1 
0 33 18 16 15 9 14 13 12 10 21 24 23 22 19 20 11 17 32 31 30 29 28 27 26 25 8 7 6 1 5 4 3 2 
0 33 32 5 31 30 29 28 27 26 25 21 24 19 16 15 14 13 12 7 6 3 10 9 8 20 18 4 17 23 22 11 2 1 
0 33 14 31 30 29 28 27 26 6 5 15 32 13 12 11 10 9 8 2 25 21 24 23 22 20 19 17 18 16 7 4 3 1 
0 33 28 27 26 25 32 31 30 29 21 24 23 22 9 15 14 13 2 19 17 18 16 3 4 5 6 7 8 10 11 12 20 1 
0 33 32 31 30 29 28 27 26 3 20 19 1 10 9 8 7 6 5 2 18 16 15 14 13 12 11 4 17 25 21 24 23 22 
0 33 32 31 30 29 28 27 26 25 21 24 23 22 12 19 17 16 18 7 6 5 4 3 2 11 10 1 14 13 20 9 8 15 
0 33 15 25 13 21 24 23 19 20 17 18 16 6 5 1 4 3 2 12 11 10 9 8 7 22 32 31 30 29 28 27 26 14 
0 26 27 16 21 24 23 22 19 20 17 18 28 15 9 13 12 11 10 14 8 7 33 32 31 25 29 30 6 5 4 3 2 1 
0 33 32 31 11 16 15 14 13 12 7 6 3 10 9 8 20 24 18 4 26 29 28 27 30 25 21 17 23 22 19 5 2 1 
0 33 32 31 17 18 16 19 30 29 28 27 2 25 21 10 9 7 6 5 4 3 1 26 8 24 23 22 20 15 14 13 12 11 
0 33 28 27 15 14 13 12 11 10 6 5 4 3 20 8 7 2 1 26 25 32 31 30 29 21 24 23 22 9 19 17 18 16 
0 33 32 31 30 6 28 27 26 25 21 24 23 22 20 19 17 18 16 15 12 3 13 5 11 10 9 8 7 29 4 2 14 1 
0 33 27 26 25 21 24 23 16 15 14 6 12 11 10 9 8 7 22 20 19 17 18 32 31 2 29 28 13 5 4 3 30 1 
0 33 32 31 30 29 28 27 26 12 11 10 9 8 7 17 5 18 1 15 14 13 25 21 24 23 22 19 20 6 4 3 2 16 
0 33 32 5 30 29 28 27 26 25 21 24 8 7 6 19 17 18 16 15 14 13 12 11 10 9 23 3 20 31 4 22 2 1 
0 26 27 15 14 13 12 24 10 9 32 33 25 21 11 23 22 20 16 28 29 30 31 8 7 6 5 4 3 2 1 19 17 18 
0 33 32 31 30 12 28 27 26 21 25 15 29 11 10 2 8 7 6 4 22 19 23 16 14 13 3 9 5 24 20 17 18 1 
0 33 19 20 7 6 5 4 3 17 18 16 15 14 9 8 10 2 1 22 32 31 13 12 23 28 27 21 25 26 24 11 30 29 
0 33 20 31 30 29 28 27 9 8 7 15 5 4 19 32 26 25 21 24 23 22 3 11 10 17 18 16 6 14 13 12 2 1 
