0 11 14 8 13 15 2 26 28 18 24 4 23 7 25 9 10 27 5 12 16 1 22 31 3 6 29 32 20 21 19 33 30 17 
0 11 14 8 13 15 2 26 28 18 24 4 23 7 25 9 10 27 5 12 16 1 22 31 3 6 29 32 20 21 19 33 30 17 
0 11 14 8 13 15 2 26 28 18 24 4 23 7 25 9 10 27 5 12 16 1 22 31 3 6 29 32 20 21 19 33 30 17 
0 11 14 8 13 15 2 26 28 18 24 4 23 7 25 9 10 27 5 12 16 1 22 31 3 6 29 32 20 21 19 33 30 17 
0 14 11 8 13 15 2 26 28 18 24 4 23 7 25 9 10 27 5 12 16 1 22 31 3 6 29 32 20 21 19 33 30 17 
0 14 11 8 13 15 2 26 28 18 24 4 23 7 25 9 10 27 5 12 16 1 22 31 3 6 29 32 20 21 19 33 30 17 
0 14 8 13 15 2 26 28 18 24 4 23 25 7 9 10 27 5 12 16 1 22 31 3 6 29 32 20 21 19 33 11 30 17 
0 14 8 13 15 2 26 28 18 24 4 23 25 7 9 10 27 5 12 16 1 22 31 3 6 29 32 20 21 19 33 11 30 17 
0 14 8 13 15 2 26 28 18 24 4 23 25 7 9 10 27 5 12 16 1 22 31 3 6 29 32 20 21 19 33 11 30 17 
0 14 8 13 15 2 26 28 18 24 4 23 25 7 9 10 27 5 12 16 1 22 31 3 6 29 32 20 21 19 33 11 30 17 
0 11 14 8 13 15 2 26 28 18 24 4 23 25 7 9 10 27 5 12 16 1 22 31 3 6 29 32 20 21 19 33 30 17 
0 11 14 8 13 15 2 26 28 18 24 4 23 25 7 9 10 27 5 12 16 1 22 31 3 6 29 32 20 21 19 33 17 30 
0 14 8 13 15 2 26 28 18 24 4 23 25 7 9 10 27 5 12 16 1 22 31 3 6 29 32 20 21 19 33 11 17 30 
0 14 11 8 13 15 2 26 28 18 24 4 23 25 7 9 10 27 5 12 16 1 22 31 3 6 29 32 20 21 19 33 30 17 
0 11 30 17 14 8 13 15 2 26 28 18 24 4 23 25 7 9 10 27 5 12 16 1 22 31 3 6 29 32 20 21 19 33 
0 11 14 8 27 10 9 25 7 23 4 24 18 28 26 2 15 13 5 12 16 1 22 31 3 6 29 32 20 21 19 33 30 17 
0 14 11 8 13 15 2 26 28 18 24 4 23 25 7 9 10 27 12 5 16 1 22 31 3 6 29 32 20 21 19 33 30 17 
0 11 30 17 14 8 13 15 2 26 28 18 12 24 4 23 25 7 9 10 27 5 16 1 22 31 3 6 29 32 20 21 19 33 
0 14 11 8 13 15 2 26 28 18 24 4 23 7 25 9 10 27 5 12 16 1 22 32 29 6 3 31 21 19 20 33 30 17 
0 11 14 8 13 15 2 26 28 18 1 24 4 23 25 7 9 10 27 5 12 16 22 31 3 6 29 32 20 21 19 33 30 17 
0 14 11 8 13 15 2 26 28 18 1 24 4 23 25 7 9 10 27 5 12 16 22 31 3 6 29 32 20 21 19 33 30 17 
0 14 11 8 13 15 2 26 28 18 1 24 4 23 25 7 9 10 27 5 12 16 22 31 3 6 29 32 20 21 19 33 30 17 
0 11 30 17 14 8 13 15 2 26 28 18 24 4 23 25 7 9 10 27 5 12 1 16 22 31 3 6 29 32 20 21 19 33 
0 11 30 14 8 13 15 2 26 28 18 20 32 29 6 3 31 22 1 16 24 4 23 25 7 9 10 27 5 12 21 19 33 17 
0 14 8 13 15 2 26 28 18 12 5 27 10 9 24 4 23 25 7 16 1 22 31 3 6 29 32 20 21 19 33 11 30 17 
0 14 8 13 15 2 20 32 29 6 3 31 22 1 16 24 4 23 25 7 9 10 27 5 12 18 28 26 21 19 11 30 17 33 
0 14 11 8 13 15 2 26 28 18 24 4 23 25 7 9 10 27 12 16 5 1 22 31 3 6 29 32 20 21 19 33 30 17 
0 11 30 14 8 13 15 2 26 28 18 1 24 4 23 25 7 9 10 27 5 12 16 22 31 3 6 29 32 20 21 19 33 17 
0 11 14 8 13 15 2 26 28 18 24 4 23 7 25 9 10 27 12 16 1 22 31 3 6 29 32 20 21 19 5 33 30 17 
0 14 11 30 8 15 2 26 28 18 12 24 4 23 25 7 13 9 10 27 5 16 1 22 31 3 6 29 32 20 21 19 33 17 
0 11 14 8 13 15 2 26 28 18 24 4 23 7 25 9 10 27 5 12 16 1 30 31 3 6 29 32 20 22 19 21 33 17 
0 11 30 14 8 13 15 2 26 28 18 24 4 23 25 7 9 10 27 5 12 16 1 22 31 33 19 21 20 32 29 6 3 17 
0 11 14 8 13 15 2 26 28 18 24 4 23 7 25 9 10 27 1 5 12 16 22 31 3 6 29 32 20 21 19 33 30 17 
0 11 14 8 13 15 2 26 28 18 24 4 23 25 1 7 9 10 27 5 12 16 22 31 3 6 29 32 20 21 19 33 30 17 
0 14 8 13 15 2 26 28 18 24 4 23 25 7 9 10 27 5 12 16 1 22 31 3 6 29 11 30 32 20 21 19 33 17 
0 14 8 13 15 2 26 28 18 24 4 23 25 7 9 10 27 5 12 16 1 22 31 3 6 11 29 32 20 21 19 33 30 17 
0 11 29 3 6 30 14 8 13 15 2 26 28 18 24 4 23 7 25 9 10 27 5 12 16 1 22 31 32 20 21 19 33 17 
0 14 11 8 13 15 2 26 28 18 24 4 23 7 25 9 10 27 5 12 16 30 6 31 3 22 1 29 32 20 21 19 33 17 
0 11 14 8 13 15 2 26 28 18 24 4 23 25 7 9 10 27 5 12 16 1 22 31 3 6 29 32 20 30 19 33 21 17 
0 14 8 13 15 2 26 28 18 24 4 23 25 11 1 7 9 10 27 5 12 16 22 31 3 6 29 32 20 21 19 33 30 17 
0 14 8 13 15 2 26 28 18 24 4 23 25 7 12 5 27 10 9 21 19 16 1 22 31 3 6 29 32 20 33 11 30 17 
0 14 8 13 15 2 26 28 18 12 5 27 10 9 21 19 7 25 23 4 24 16 1 22 31 3 6 29 32 20 33 11 30 17 
0 11 14 4 24 18 1 16 23 25 7 9 10 27 5 12 28 26 2 15 13 8 22 31 3 6 29 32 20 21 19 33 17 30 
0 11 14 8 13 15 2 26 28 18 24 4 23 7 25 9 10 27 5 33 19 30 21 20 32 29 6 3 31 22 1 16 12 17 
0 11 14 4 8 13 15 26 28 18 24 23 25 2 7 9 10 27 5 12 16 1 22 31 3 6 29 32 20 21 19 33 17 30 
0 14 8 13 15 2 26 28 18 24 4 23 25 7 9 10 19 20 32 29 6 3 31 22 1 16 12 5 27 21 33 11 30 17 
0 11 30 14 8 13 15 2 26 28 18 12 5 27 10 9 21 19 7 25 23 4 24 16 1 22 31 3 6 29 32 20 33 17 
0 14 11 8 6 3 31 22 1 16 12 5 27 10 9 25 7 23 4 24 18 28 26 2 15 13 29 32 20 21 30 19 33 17 
0 14 11 8 13 15 2 26 28 18 24 4 23 25 7 9 10 27 5 12 29 32 20 21 19 6 16 1 22 31 3 33 30 17 
0 30 17 14 8 13 15 2 26 28 18 12 5 27 10 9 25 7 23 4 24 16 1 22 31 3 6 29 32 11 20 33 21 19 
0 30 17 14 8 13 15 2 26 28 18 12 5 27 10 9 25 7 23 4 24 16 1 22 31 3 6 29 32 11 20 33 21 19 
0 1 16 12 5 27 10 9 7 25 14 8 13 15 2 26 28 18 24 4 23 31 3 6 29 32 21 19 22 20 33 11 30 17 
0 14 8 11 30 13 26 2 15 28 18 24 4 23 25 7 9 10 27 5 12 16 1 22 31 3 6 29 32 20 21 19 33 17 
0 14 8 13 15 2 26 28 12 10 27 5 9 7 25 23 18 4 24 16 1 22 31 3 32 29 6 21 19 20 33 11 30 17 
0 14 8 13 15 2 26 28 18 24 1 16 12 5 27 10 9 7 25 23 4 30 11 22 3 31 6 29 32 20 21 19 33 17 
0 11 30 8 28 26 2 15 13 18 24 4 23 25 7 9 10 27 5 12 16 14 1 22 31 3 6 29 32 20 21 19 33 17 
0 14 8 13 15 11 30 2 26 28 18 24 4 23 25 7 9 10 27 5 12 16 1 22 3 31 6 29 32 20 21 17 19 33 
0 14 8 13 15 2 26 28 18 24 4 23 25 7 9 10 27 5 12 19 1 22 31 3 6 29 33 16 21 20 32 11 30 17 
0 14 8 13 15 27 26 28 10 9 7 25 2 18 12 5 23 4 24 16 1 22 31 3 6 29 32 20 21 19 33 11 30 17 
0 14 8 13 15 2 26 28 18 24 4 23 25 7 9 10 27 5 12 16 1 22 31 3 19 29 32 11 30 17 20 6 21 33 
0 14 8 13 26 2 15 28 18 24 4 23 25 7 9 10 27 5 12 16 1 22 31 3 6 29 32 11 20 21 19 33 30 17 
0 14 11 30 6 3 31 22 1 16 5 27 10 9 13 7 25 23 4 24 12 18 28 26 2 15 8 29 32 20 21 19 33 17 
0 11 30 17 14 8 13 15 2 26 28 18 24 4 23 25 7 9 10 27 5 12 33 19 16 1 22 31 3 6 21 20 29 32 
0 14 8 13 23 25 15 11 30 2 26 28 18 12 24 4 7 9 10 27 5 16 1 22 31 3 6 29 32 20 21 19 33 17 
0 14 8 13 11 4 24 18 1 16 23 25 7 9 10 27 5 12 28 26 2 15 22 31 3 6 29 32 20 21 19 33 17 30 
0 32 29 6 3 14 10 13 15 2 26 28 18 24 4 23 25 7 9 8 27 5 12 16 1 22 31 20 21 19 33 11 30 17 
0 32 29 6 3 14 10 13 15 2 26 28 18 24 4 23 25 7 9 8 27 5 12 16 1 22 31 20 21 19 33 11 30 17 
0 14 11 8 13 15 2 26 28 18 24 4 23 25 7 9 10 27 30 12 5 16 1 22 31 3 19 21 20 32 29 6 33 17 
0 14 8 13 26 2 15 28 18 24 4 23 25 7 9 27 5 12 16 10 1 22 31 3 6 29 32 20 21 19 33 11 30 17 
0 14 8 13 15 2 26 28 18 24 4 23 25 7 9 10 27 5 12 16 1 22 31 3 11 21 30 17 29 6 32 20 19 33 
0 14 8 13 15 2 26 28 24 4 23 25 7 10 27 5 9 12 18 16 31 22 1 3 6 29 32 19 20 21 33 11 30 17 
0 3 31 25 14 8 13 15 2 21 19 26 28 18 24 4 23 7 9 10 27 5 12 16 1 22 6 29 32 20 33 11 30 17 
0 3 31 25 14 8 13 15 2 21 19 26 28 18 24 4 23 7 9 10 27 5 12 16 1 22 6 29 32 20 33 11 30 17 
0 11 14 8 13 15 2 26 28 18 24 4 23 32 20 21 19 27 5 12 16 1 22 31 3 6 29 7 25 9 10 33 30 17 
0 18 28 11 30 14 8 13 15 2 26 12 24 4 23 25 7 9 10 27 5 16 1 22 31 3 6 29 32 20 21 19 33 17 
0 14 8 13 15 2 11 6 12 18 26 4 24 28 23 25 7 9 10 27 5 16 1 22 31 3 29 32 20 21 19 33 30 17 
0 14 11 8 13 15 2 5 12 16 1 30 17 26 28 18 24 4 23 25 7 9 10 27 22 31 3 6 29 32 20 21 19 33 
0 14 23 11 30 13 15 2 12 16 1 22 31 3 6 29 32 20 27 5 26 28 18 24 4 8 25 7 9 10 21 19 33 17 
0 8 14 1 16 24 4 23 25 7 9 10 27 5 12 18 28 26 2 15 13 11 22 31 3 6 29 32 33 19 21 20 30 17 
0 30 17 14 12 5 27 10 9 25 1 16 24 4 23 7 28 26 8 13 15 2 18 22 31 3 6 29 32 20 21 19 33 11 
0 7 8 13 15 2 26 28 18 24 4 12 11 30 14 5 27 10 9 19 25 23 16 1 22 31 3 6 29 32 20 21 33 17 
0 11 30 14 8 13 15 2 26 28 18 12 24 4 23 25 7 9 10 27 5 17 22 1 20 32 6 31 16 3 29 21 19 33 
0 11 14 8 13 15 2 26 28 18 24 4 23 7 25 9 10 21 5 12 16 1 22 31 3 6 29 32 20 27 19 33 30 17 
0 14 8 13 32 29 6 3 31 22 1 16 21 19 28 24 18 15 2 26 4 23 25 7 9 10 27 5 12 20 33 11 17 30 
0 14 8 13 32 29 6 3 31 22 1 16 21 19 12 24 18 15 2 26 4 23 25 7 9 10 27 5 28 20 33 11 30 17 
0 14 8 13 15 2 26 28 18 24 4 23 25 7 9 10 31 3 6 29 32 12 5 27 21 19 16 1 22 20 33 11 30 17 
0 14 11 8 13 15 23 26 28 18 24 4 30 17 2 25 7 9 10 27 5 12 16 22 1 29 31 3 6 32 20 21 19 33 
0 14 8 13 15 2 26 27 28 10 9 7 25 18 12 5 23 4 24 16 1 22 31 3 6 29 32 20 21 19 33 11 30 17 
0 14 11 33 19 21 32 29 6 3 31 22 1 16 9 17 30 7 13 15 2 26 28 18 24 4 23 25 10 8 12 5 27 20 
0 14 32 29 6 3 1 22 31 16 18 12 9 5 27 10 7 25 23 4 24 28 26 2 15 13 8 19 20 21 33 11 30 17 
0 14 11 8 13 15 2 26 28 18 24 4 23 25 7 9 10 27 1 16 12 5 21 30 17 22 29 3 31 6 32 20 19 33 
0 11 30 17 14 13 6 2 26 28 18 12 5 27 10 9 25 7 23 4 24 16 1 22 31 21 8 15 3 29 32 20 19 33 
0 14 11 30 8 15 2 26 28 18 12 24 4 23 25 7 13 9 10 27 5 1 17 16 32 31 3 6 29 22 20 21 19 33 
0 10 27 5 12 7 16 6 22 1 29 31 20 3 32 21 19 11 30 17 14 8 13 15 2 26 28 18 24 4 23 25 9 33 
0 14 26 13 15 2 8 28 18 12 5 27 10 9 21 19 7 25 23 4 24 16 1 22 31 3 6 29 32 20 33 11 30 17 
0 11 6 12 18 14 8 13 15 2 26 28 24 4 23 25 7 9 10 27 5 16 1 22 31 3 29 32 20 21 19 30 33 17 
0 14 11 30 17 13 15 2 26 28 18 24 8 4 23 25 7 9 10 27 5 12 6 3 29 20 22 1 32 31 16 21 19 33 
0 14 8 11 30 17 13 15 2 26 28 18 24 4 29 1 22 16 12 23 25 7 9 10 27 5 31 3 6 32 20 21 19 33 
0 14 8 13 15 2 26 28 24 4 23 25 7 9 10 27 5 12 11 30 17 29 1 22 16 20 31 3 6 18 32 21 19 33 
0 14 8 13 15 2 26 28 18 24 4 23 25 7 9 11 30 17 22 1 29 3 6 31 19 20 21 16 5 27 10 12 32 33 
0 1 22 31 3 29 6 32 20 21 19 33 11 30 17 27 5 12 16 24 14 10 13 15 2 26 28 18 4 23 25 7 9 8 
0 14 8 13 15 2 26 28 12 10 27 5 9 7 25 23 18 4 24 16 1 22 31 3 6 29 11 30 17 32 19 21 20 33 
0 14 8 13 15 2 26 28 12 10 27 5 9 7 25 23 18 4 24 16 22 31 3 1 6 29 11 21 19 32 20 33 30 17 
0 11 30 17 14 8 13 15 2 26 28 18 12 24 4 23 25 7 9 10 29 6 3 31 22 1 16 5 27 20 21 19 33 32 
0 11 30 14 8 13 19 2 26 28 18 12 5 27 10 9 7 25 23 24 4 16 1 22 31 3 21 17 15 20 6 29 32 33 
0 14 8 13 27 10 9 7 25 15 2 26 28 18 12 5 23 4 24 11 16 1 22 31 3 6 29 32 21 20 30 17 33 19 
0 14 8 13 32 29 6 3 31 22 1 16 21 19 28 24 18 15 2 26 4 23 25 11 7 9 10 27 5 12 20 33 30 17 
0 11 14 8 13 15 2 26 28 18 12 5 27 10 9 7 19 23 4 24 16 1 22 31 30 17 25 33 20 29 6 3 21 32 
0 14 8 13 15 2 26 28 18 24 4 23 25 7 9 10 27 5 12 3 31 30 16 19 17 21 20 1 32 6 22 29 33 11 
0 14 8 13 15 2 26 28 18 20 4 23 25 11 24 7 9 10 27 5 12 16 1 22 31 3 6 32 21 19 33 29 30 17 
0 11 30 17 14 8 13 15 2 26 28 18 24 4 23 25 7 3 31 22 20 32 33 19 21 1 16 12 6 29 5 27 10 9 
0 11 7 17 30 25 23 4 24 18 20 32 29 6 3 31 22 1 16 12 5 28 26 2 15 13 27 10 9 14 8 21 33 19 
0 14 8 13 15 2 26 28 18 24 4 23 25 7 9 10 27 5 12 16 11 1 30 31 3 6 29 32 20 17 22 19 21 33 
0 14 8 13 15 2 20 32 29 6 3 31 22 1 33 19 17 10 27 23 4 24 18 28 26 25 7 9 5 12 16 11 21 30 
0 14 11 33 19 21 20 32 29 6 3 31 15 22 8 13 2 26 28 18 12 5 27 9 7 25 23 4 24 16 1 30 10 17 
0 7 8 13 15 2 26 28 24 4 18 12 11 30 17 5 27 10 9 25 23 6 14 16 1 22 31 3 29 32 20 21 19 33 
0 14 8 11 30 17 13 15 2 26 22 1 29 3 6 28 18 24 4 23 25 7 9 10 27 5 12 16 31 32 20 21 19 33 
0 11 30 14 8 13 15 2 26 28 18 12 5 27 17 22 1 29 3 6 31 19 20 21 24 16 32 4 10 9 7 25 23 33 
0 11 30 17 14 22 1 8 13 5 12 4 27 25 23 7 9 10 20 6 15 2 26 28 18 24 16 31 3 29 32 21 19 33 
0 11 30 8 13 15 2 26 28 18 24 4 23 25 7 9 10 27 5 12 16 1 22 3 17 14 31 21 33 32 6 20 19 29 
0 11 14 30 17 24 28 26 2 6 8 10 25 15 13 18 4 23 7 9 27 5 12 16 1 22 31 3 29 32 20 21 19 33 
0 11 14 8 13 15 2 26 28 18 12 5 27 10 9 7 19 23 4 24 16 1 22 31 3 6 21 20 29 33 17 30 32 25 
0 11 30 17 14 8 13 15 2 26 28 18 24 4 23 25 6 29 20 19 33 12 5 27 10 9 7 3 31 1 16 21 22 32 
0 14 8 13 15 17 28 18 12 2 23 25 26 24 4 16 9 10 27 5 7 1 22 31 3 6 29 32 20 21 19 33 11 30 
0 14 8 13 15 2 26 28 27 10 9 7 25 18 12 5 23 4 24 16 1 22 31 3 6 29 32 17 11 19 30 20 21 33 
0 14 8 13 15 2 20 32 29 6 3 31 22 1 33 19 17 10 27 26 28 18 24 4 23 25 7 11 30 21 9 5 12 16 
0 11 30 8 14 13 15 2 26 3 31 22 1 16 12 5 27 10 9 7 25 23 4 24 18 28 6 29 32 20 17 33 19 21 
0 14 8 11 30 13 15 2 26 28 18 12 24 23 4 25 7 9 29 6 3 31 22 1 16 5 27 10 32 20 21 19 33 17 
0 11 30 14 8 13 15 2 21 20 32 29 6 23 22 31 3 26 28 18 12 24 4 19 25 7 9 10 27 5 16 1 33 17 
0 29 6 22 31 1 16 4 24 23 25 7 9 10 27 5 12 18 32 20 2 15 13 8 14 28 26 30 11 3 19 21 17 33 
0 3 31 25 14 8 13 15 2 21 19 26 28 18 24 4 23 7 9 10 27 5 12 16 1 22 6 29 11 30 17 20 32 33 
0 14 8 13 15 2 4 28 18 24 26 23 25 11 30 17 22 1 29 6 31 20 32 16 12 5 21 3 7 9 10 27 19 33 
0 11 30 17 14 22 1 8 12 5 2 7 3 29 15 13 16 18 28 23 25 9 10 27 26 4 24 31 6 32 20 21 19 33 
0 14 11 12 26 28 18 24 4 23 25 7 30 1 16 9 8 13 15 2 17 10 27 5 33 19 21 20 32 29 6 3 31 22 
0 14 8 13 15 2 26 28 18 12 9 5 27 10 7 25 23 4 24 11 30 17 19 22 21 3 33 20 29 32 6 31 1 16 
0 14 11 8 13 15 2 5 12 16 1 22 31 3 6 29 32 20 26 27 10 9 7 25 28 18 23 4 24 33 19 30 21 17 
0 14 8 13 15 2 26 6 3 31 22 1 16 24 4 23 25 7 30 11 19 21 28 18 12 5 27 10 9 29 32 20 33 17 
0 14 8 13 15 2 26 28 18 24 4 22 1 16 12 5 27 10 9 7 25 23 31 3 11 30 32 20 17 29 6 21 19 33 
0 14 8 13 11 30 21 23 15 4 24 18 28 26 2 25 7 9 12 5 27 10 1 16 22 31 3 6 29 32 20 19 17 33 
0 11 30 14 8 13 15 2 26 28 18 12 5 27 10 9 7 24 4 17 23 25 32 21 20 29 6 3 16 33 22 31 1 19 
0 14 8 15 13 2 26 28 18 12 5 27 20 9 30 25 23 4 24 16 1 11 7 10 22 31 3 6 29 32 21 19 33 17 
0 11 6 20 17 30 29 32 28 18 24 4 23 7 25 9 10 27 5 12 16 1 22 31 3 14 8 13 15 2 26 21 33 19 
0 30 11 17 14 8 13 15 2 26 28 18 24 4 23 25 7 9 10 5 12 16 1 22 27 31 3 6 29 33 21 32 19 20 
0 11 30 8 14 13 15 2 26 3 31 22 1 16 12 5 27 10 9 7 25 23 19 4 24 18 28 6 29 32 20 21 17 33 
0 11 30 14 8 13 15 2 1 16 5 27 10 9 7 25 19 4 24 12 3 31 22 26 28 18 6 29 32 20 21 17 23 33 
0 14 8 13 15 2 26 28 18 24 4 23 25 7 10 27 5 11 30 17 22 1 29 3 33 9 19 21 20 32 6 31 16 12 
0 14 8 13 15 27 26 2 28 18 24 4 23 1 16 12 5 10 9 7 25 11 21 30 17 22 29 3 31 6 32 20 19 33 
0 8 11 30 13 15 2 28 26 18 24 4 23 25 7 9 10 14 27 5 12 16 31 3 6 29 32 20 17 22 1 19 21 33 
0 8 11 30 13 15 2 28 26 18 24 4 23 25 7 9 10 14 27 5 12 16 31 3 6 29 32 20 17 22 1 19 21 33 
0 14 8 13 15 2 32 28 18 24 4 23 11 30 1 16 5 27 10 9 7 25 19 12 26 22 31 3 6 29 20 21 17 33 
0 30 11 17 14 8 13 15 2 26 28 18 24 4 23 25 3 19 21 20 27 22 1 16 12 5 10 9 7 6 29 32 31 33 
0 14 8 13 15 2 19 20 16 24 10 27 6 11 26 28 18 4 23 7 25 9 5 12 1 22 31 3 29 32 21 33 30 17 
0 14 8 13 15 2 26 28 18 24 4 12 25 7 9 10 31 3 11 33 19 21 32 29 6 22 1 16 17 30 27 23 5 20 
0 14 8 11 30 13 15 2 26 28 18 12 5 27 10 9 7 24 4 17 23 25 32 21 20 29 6 3 16 1 22 31 33 19 
0 14 8 13 15 2 26 28 18 24 4 23 1 16 12 5 27 10 11 25 7 9 30 17 22 20 19 31 6 3 29 21 33 32 
0 11 24 23 25 7 9 10 27 5 12 18 28 26 2 15 13 8 30 4 16 14 1 22 31 6 29 32 20 3 17 21 19 33 
0 11 30 21 14 8 23 15 4 24 18 28 26 2 13 25 7 9 12 5 27 10 1 16 22 17 6 31 3 29 32 20 19 33 
0 14 8 13 15 2 26 28 18 5 27 10 9 7 23 4 24 16 1 21 11 12 30 25 22 31 3 17 6 29 32 20 19 33 
0 14 8 13 15 29 26 28 18 24 4 23 25 7 9 10 27 5 30 17 12 1 16 22 31 3 6 2 32 20 21 19 11 33 
0 14 8 13 15 2 24 28 18 26 4 23 25 7 9 10 11 6 12 27 5 16 1 30 31 3 29 32 22 33 19 21 20 17 
0 14 11 8 13 15 2 26 18 24 4 23 25 7 9 10 28 27 5 12 16 1 22 31 3 30 17 20 21 19 6 33 32 29 
0 11 30 14 8 13 15 2 26 28 18 32 7 21 20 24 19 27 10 9 25 12 5 23 4 16 1 22 31 3 6 29 17 33 
0 14 8 13 15 2 26 28 18 4 23 22 33 19 21 7 25 9 16 1 11 31 3 6 29 32 20 24 10 27 5 12 30 17 
0 11 30 17 14 9 8 5 12 4 23 7 27 28 13 15 2 26 18 24 25 10 16 1 29 6 3 31 22 20 21 19 33 32 
0 11 14 8 13 15 2 26 28 18 24 4 23 20 25 7 1 22 17 30 16 12 5 27 10 9 29 19 31 6 3 21 32 33 
0 14 8 13 15 2 26 28 18 24 11 12 32 20 21 33 4 23 25 9 10 7 27 5 16 1 22 30 19 31 6 3 29 17 
0 14 8 13 15 2 26 28 18 11 30 32 7 21 20 24 4 23 25 9 10 27 5 12 16 1 22 17 19 31 6 3 29 33 
0 14 8 13 27 10 9 7 25 15 2 26 28 18 12 5 23 11 30 32 21 20 29 3 22 1 16 4 6 31 19 24 33 17 
0 11 30 14 8 13 15 2 1 16 5 27 10 9 7 25 19 4 24 12 18 28 26 6 33 21 23 3 31 22 29 32 20 17 
0 14 11 33 19 21 20 32 29 6 3 31 22 25 23 4 9 16 1 7 24 10 27 5 12 18 8 13 28 26 2 15 17 30 
0 8 14 1 16 15 13 11 22 30 21 31 6 3 29 17 19 20 2 24 4 23 25 7 9 10 27 5 12 28 18 26 32 33 
0 11 15 4 24 18 28 26 33 19 21 20 29 6 31 17 32 14 3 22 1 16 12 5 27 10 9 7 25 23 30 8 13 2 
0 11 14 8 13 15 29 3 6 30 17 22 28 2 26 1 18 24 4 23 25 7 9 10 27 5 12 16 31 32 20 21 19 33 
0 11 29 3 6 31 19 20 1 22 17 16 12 4 24 18 28 26 2 15 13 8 14 27 5 23 25 7 9 30 32 21 10 33 
0 21 19 11 14 8 13 15 2 26 28 18 12 9 5 27 10 7 25 23 4 24 30 17 22 3 33 20 29 32 6 31 1 16 
0 14 8 13 15 2 27 28 18 24 4 23 25 7 9 10 11 6 12 26 5 16 1 22 30 21 31 3 29 32 20 19 17 33 
0 14 8 13 15 2 26 28 18 24 4 23 25 7 9 31 3 6 29 10 32 20 21 19 33 11 30 17 1 22 12 5 27 16 
0 14 8 13 15 2 17 28 18 24 4 23 25 7 9 10 27 32 29 6 3 31 22 1 12 5 16 20 21 19 11 30 26 33 
0 14 8 13 32 21 20 19 31 6 27 12 5 16 1 22 3 30 15 2 26 28 18 24 4 23 25 7 9 10 11 29 33 17 
0 14 8 13 27 10 9 7 15 2 26 28 18 5 23 4 24 16 1 21 11 12 30 25 17 22 19 20 31 6 3 29 32 33 
0 14 8 1 15 2 26 28 18 9 5 27 13 24 4 23 25 7 12 10 16 22 31 6 11 30 3 29 32 20 21 19 33 17 
0 14 8 13 15 2 26 28 18 24 19 23 1 16 12 5 27 10 9 7 25 11 21 30 6 32 20 22 31 3 29 4 33 17 
0 11 14 8 13 15 2 26 28 18 1 16 24 4 23 25 29 3 6 31 19 20 22 17 12 5 27 10 9 7 21 30 33 32 
0 14 1 22 29 32 33 30 31 3 6 19 21 11 9 7 25 23 4 24 18 28 26 2 15 13 8 16 12 5 27 17 20 10 
0 11 30 17 14 22 1 20 19 31 6 2 26 9 10 27 8 15 28 18 5 13 24 4 23 25 7 12 16 29 32 3 21 33 
0 14 8 13 15 2 20 32 29 6 3 31 22 1 33 19 28 18 24 4 23 25 7 17 10 27 5 16 12 26 11 30 9 21 
0 14 8 6 13 15 11 5 12 27 10 9 7 25 23 4 24 18 28 26 2 30 17 22 1 20 3 31 16 19 29 32 21 33 
0 11 30 14 8 13 15 2 26 18 12 5 27 24 4 23 25 9 7 10 22 17 33 19 16 1 31 3 28 6 29 32 21 20 
0 11 30 14 6 17 10 27 5 16 1 32 31 3 22 20 21 19 33 8 13 15 2 26 28 18 12 24 23 4 25 7 9 29 
0 14 24 16 1 22 31 3 6 29 11 30 17 20 19 21 32 33 8 13 5 27 10 12 28 26 2 15 9 7 25 23 18 4 
0 14 8 13 15 27 26 28 18 10 2 20 22 17 30 1 16 24 4 23 25 7 9 5 12 31 11 3 6 29 32 21 19 33 
0 11 30 18 28 26 2 15 13 8 22 14 17 24 4 23 25 7 9 10 29 32 20 21 19 33 27 5 12 16 1 31 3 6 
0 14 8 13 26 2 15 28 18 24 4 23 3 7 9 10 27 5 12 16 11 1 22 31 25 6 29 32 20 21 19 33 30 17 
0 11 30 17 14 13 22 19 15 4 2 8 5 7 33 26 28 18 27 10 9 25 23 12 24 29 3 1 6 31 20 21 16 32 
0 14 11 33 19 21 20 32 29 6 3 8 13 15 2 26 28 18 4 23 27 10 9 7 25 30 22 1 16 24 17 12 31 5 
0 14 8 13 15 2 26 28 31 3 6 29 32 20 11 21 19 30 33 17 1 22 12 10 27 5 24 16 9 7 25 23 4 18 
0 11 24 8 14 30 15 25 13 2 26 28 18 12 9 5 27 10 7 17 32 21 20 19 31 6 29 3 22 1 16 4 23 33 
0 11 30 14 8 5 15 13 27 10 9 19 2 7 26 28 18 24 4 12 17 22 1 29 3 31 6 23 25 16 32 20 21 33 
0 14 11 7 5 13 8 2 4 23 12 25 1 22 30 17 29 3 6 19 32 20 21 31 16 24 15 26 28 18 27 10 9 33 
0 14 8 13 15 2 26 28 18 24 4 23 17 12 25 32 30 21 20 29 6 3 16 1 22 31 5 27 10 9 7 33 19 11 
0 8 14 1 13 23 2 26 28 18 12 9 5 27 15 7 25 10 4 24 16 22 31 11 30 17 29 3 6 19 20 21 32 33 
0 30 17 14 12 5 27 10 9 25 1 16 24 4 20 19 26 28 18 23 21 29 3 6 31 11 7 8 33 32 2 15 13 22 
0 11 6 12 18 14 8 13 15 2 26 28 24 4 23 25 7 30 17 22 1 29 3 31 19 9 5 27 10 16 32 20 21 33 
0 10 27 22 1 29 31 20 5 12 7 16 13 3 32 21 19 11 30 17 14 8 6 15 2 26 28 18 24 4 23 25 9 33 
0 14 8 13 30 19 21 11 20 32 29 6 3 31 28 26 2 15 33 17 1 22 12 10 27 5 9 7 25 23 18 4 24 16 
0 11 30 17 14 22 1 33 19 21 24 15 29 3 2 26 16 28 18 31 6 32 20 10 9 7 23 25 27 4 12 5 13 8 
0 14 10 24 15 32 29 6 3 31 22 1 16 12 5 27 9 7 25 23 4 13 18 28 19 21 11 20 8 2 26 30 33 17 
0 1 20 19 26 28 18 24 12 5 13 8 22 31 3 6 32 16 11 33 4 7 2 15 27 23 21 29 30 17 14 10 9 25 
0 11 30 14 8 13 15 2 27 5 16 1 22 24 4 23 25 17 29 26 28 18 12 6 21 32 20 7 9 10 3 31 19 33 
0 14 8 13 15 2 17 28 18 24 4 23 25 7 9 10 27 32 29 6 3 31 22 1 12 5 16 20 11 21 19 30 33 26 
0 11 14 8 13 15 9 22 1 29 20 19 31 3 21 10 17 6 30 25 7 23 4 24 18 28 26 2 27 5 12 16 32 33 
0 11 30 14 27 13 15 2 1 16 5 8 10 9 32 28 18 24 4 23 17 12 7 25 26 22 31 3 6 29 20 21 19 33 
0 14 8 13 2 20 32 29 22 15 31 3 6 1 33 19 11 21 16 9 4 23 25 7 24 10 27 5 12 18 26 28 30 17 
0 14 8 13 15 2 26 28 18 24 4 11 23 25 7 9 10 20 1 22 3 6 29 32 19 17 31 30 12 21 27 5 16 33 
0 14 10 27 29 22 11 8 9 7 23 25 4 24 18 28 20 21 15 2 26 12 5 19 16 1 31 3 6 32 13 30 17 33 
0 14 8 13 21 6 3 31 22 1 16 4 23 19 7 9 10 27 5 12 11 24 18 28 26 2 15 20 29 33 17 30 32 25 
0 11 30 17 14 8 13 15 2 26 28 24 25 10 5 12 18 32 6 9 27 23 4 16 31 22 1 3 7 29 19 20 21 33 
0 14 8 11 30 16 17 12 32 28 18 24 4 23 25 7 9 13 15 2 26 21 19 20 29 6 3 1 22 31 5 27 10 33 
0 11 5 10 24 23 33 19 21 32 29 6 3 31 22 1 16 9 7 27 25 12 18 28 26 2 15 30 17 14 13 20 8 4 
0 11 30 17 14 7 9 10 1 20 19 8 23 15 2 12 26 28 18 5 25 4 24 16 22 27 31 13 3 6 29 32 21 33 
0 14 13 15 2 26 18 12 5 11 30 8 28 6 21 32 20 7 9 10 27 16 1 22 31 3 24 4 23 25 29 19 33 17 
0 7 8 13 15 2 26 28 24 14 11 22 16 12 5 27 10 9 30 19 4 31 23 25 20 32 29 6 3 1 18 21 33 17 
0 15 29 31 6 1 16 9 4 23 25 7 24 10 27 5 12 3 22 14 8 13 2 26 28 18 11 33 19 21 20 32 30 17 
0 14 10 27 29 22 11 8 9 7 23 25 4 24 18 28 20 21 15 2 26 12 5 19 16 1 31 3 6 32 33 13 30 17 
0 14 8 13 15 26 11 30 2 28 18 12 5 27 10 9 7 24 4 17 23 25 32 21 20 29 6 3 16 1 22 31 33 19 
0 14 8 18 1 15 2 26 28 11 30 17 13 24 25 10 5 12 21 19 27 9 7 23 4 16 22 31 3 6 29 32 20 33 
0 14 8 13 15 2 17 28 18 24 4 23 25 7 9 30 11 29 3 6 31 19 20 1 22 16 12 5 27 10 26 21 33 32 
0 14 8 13 15 2 26 28 18 11 30 32 7 21 19 17 24 25 10 5 12 27 9 23 4 16 1 22 31 29 3 6 20 33 
0 14 8 13 11 30 17 7 10 1 20 19 9 23 15 2 12 26 28 18 5 25 4 24 16 22 27 31 6 3 29 32 21 33 
0 11 30 14 17 22 1 26 13 15 29 3 7 32 6 31 16 12 5 8 10 9 33 19 21 20 2 27 4 24 18 28 23 25 
0 4 24 11 15 13 8 14 2 26 28 18 1 16 22 30 21 31 3 6 29 17 19 20 23 25 7 9 10 27 5 12 32 33 
0 14 8 13 15 11 30 2 26 28 18 12 6 29 32 20 7 3 31 19 1 22 17 16 5 27 24 4 23 25 9 10 21 33 
0 14 8 13 15 2 26 28 18 24 4 3 10 27 5 12 21 7 25 23 17 20 32 29 6 9 31 22 1 16 11 30 19 33 
0 14 8 13 15 2 26 28 18 24 4 3 10 27 5 12 21 7 25 23 17 20 32 29 6 9 31 22 1 16 11 30 19 33 
0 14 8 13 15 2 26 28 18 24 4 3 10 27 5 12 21 7 25 23 17 20 32 29 6 9 31 22 1 16 11 30 19 33 
0 14 8 13 15 2 26 28 18 23 21 24 12 5 4 25 6 9 10 27 16 1 22 31 3 7 29 32 20 19 33 11 30 17 
0 11 30 17 14 7 10 1 20 19 8 9 23 15 2 12 26 28 18 5 25 4 24 16 22 27 31 13 6 3 29 32 21 33 
0 11 30 17 28 26 15 2 13 7 9 10 27 5 29 6 3 31 1 16 22 8 19 14 18 4 24 23 33 25 21 20 32 12 
0 14 11 7 5 13 8 2 4 23 12 25 1 22 30 17 29 3 6 19 32 20 21 31 24 15 26 16 28 18 27 10 9 33 
0 14 8 13 15 2 26 28 27 21 18 10 20 22 17 30 1 16 24 4 23 25 7 9 5 12 31 3 6 29 32 33 11 19 
0 14 8 13 26 2 11 30 15 28 18 24 4 23 25 7 9 16 17 12 32 21 19 20 29 6 3 1 22 31 5 27 10 33 
0 11 30 17 14 22 1 8 13 15 29 3 7 2 26 4 24 18 28 23 25 9 33 19 21 10 27 5 6 31 16 12 20 32 
0 14 8 1 15 2 21 28 18 23 27 10 26 24 4 25 7 31 3 6 29 13 22 9 5 12 16 32 20 11 30 17 19 33 
0 14 8 15 2 20 32 29 6 3 31 22 1 33 19 17 10 4 23 24 7 11 30 9 21 25 27 5 16 12 13 26 28 18 
0 14 8 13 15 2 26 11 30 17 19 22 33 20 6 29 24 4 23 25 12 18 28 7 9 10 27 5 3 21 16 1 31 32 
0 14 8 13 15 2 20 32 29 6 3 27 22 1 33 19 17 10 31 11 21 16 12 5 9 7 25 23 4 24 18 28 26 30 
0 11 30 21 14 8 13 15 2 26 28 18 24 4 23 27 10 9 7 19 5 25 16 29 20 1 12 22 17 6 31 3 32 33 
0 14 8 13 15 2 26 11 28 18 24 4 23 5 7 9 10 27 25 12 16 30 17 22 1 20 19 31 3 29 21 6 33 32 
0 14 11 8 4 24 18 28 26 2 15 13 23 25 7 9 29 12 16 1 22 17 6 19 31 30 3 20 5 27 10 32 21 33 
0 14 11 30 8 7 23 15 13 17 22 1 2 26 32 9 28 18 12 5 10 27 19 25 4 24 16 31 3 6 29 20 21 33 
0 11 14 21 13 15 28 18 12 8 2 26 30 17 22 1 29 3 4 10 27 5 9 7 24 23 25 16 31 6 32 20 19 33 
0 14 8 13 15 2 26 11 22 7 28 24 4 18 12 30 17 5 25 9 10 27 23 6 16 1 31 3 29 32 20 21 19 33 
0 14 8 13 15 2 26 11 28 18 24 4 23 25 7 9 10 27 12 16 1 30 31 5 3 6 29 32 20 17 22 19 21 33 
0 11 29 3 6 31 19 20 1 22 17 16 12 5 27 14 8 26 2 30 15 13 28 18 32 7 10 9 24 4 23 25 21 33 
0 21 19 11 14 8 13 15 2 26 18 28 22 17 30 24 4 23 25 7 5 12 16 1 31 3 6 9 10 29 32 20 33 27 
0 11 30 14 8 13 15 26 28 18 24 4 1 22 2 17 25 3 6 27 10 31 19 20 29 21 16 5 32 12 9 7 23 33 
0 14 8 13 15 2 26 28 18 24 4 3 11 27 5 12 21 7 25 23 17 20 32 29 6 9 31 22 1 16 10 30 19 33 
0 14 8 13 15 2 26 28 18 12 21 19 11 22 17 30 24 4 23 25 7 5 16 1 31 3 6 9 10 29 32 20 33 27 
0 11 19 21 20 29 8 13 2 33 15 17 14 30 16 1 22 31 6 28 18 12 32 26 7 9 5 27 10 23 4 24 3 25 
0 30 26 31 3 6 29 32 20 18 12 5 27 10 9 1 16 24 4 23 25 7 22 17 14 13 15 2 11 8 28 33 19 21 
0 24 8 13 15 2 26 28 18 11 30 32 7 21 19 17 14 25 10 5 12 27 9 23 22 1 16 4 31 3 20 6 29 33 
0 14 13 1 15 2 26 28 18 9 5 27 8 24 4 23 11 30 17 22 20 19 31 6 10 12 16 3 29 21 25 7 32 33 
0 30 17 14 11 29 3 8 13 15 20 1 22 16 12 6 31 19 2 28 18 24 4 23 25 7 9 10 27 32 5 21 33 26 
0 25 19 4 24 12 18 28 26 22 31 17 29 6 7 11 30 14 8 13 15 2 1 16 5 27 10 9 20 21 32 23 3 33 
0 14 32 3 25 7 10 2 30 16 29 20 1 22 17 6 31 19 23 4 24 26 28 18 12 9 5 27 15 13 8 21 11 33 
0 14 8 13 6 12 18 28 5 33 19 21 23 4 24 3 31 22 1 16 26 2 15 30 11 29 32 20 7 9 10 27 17 25 
0 14 8 6 12 18 28 5 33 19 21 23 4 24 3 31 22 1 16 26 2 15 30 11 13 27 10 9 7 25 29 32 20 17 
0 14 8 13 15 2 26 28 18 11 30 32 7 21 20 24 19 31 6 27 10 9 25 12 5 23 4 33 16 1 22 3 29 17 
0 14 10 1 15 18 28 26 2 12 5 27 13 8 31 11 30 17 19 21 32 29 24 3 6 16 4 23 25 7 9 22 20 33 
0 14 11 26 7 5 8 2 4 15 22 13 17 30 21 19 33 28 18 27 10 9 25 23 12 24 29 3 1 6 31 20 16 32 
0 14 8 13 29 6 7 19 21 9 5 27 10 12 18 28 26 2 15 22 23 4 24 20 11 33 17 30 16 1 31 32 3 25 
0 14 8 13 15 2 26 28 18 1 16 24 4 23 29 27 10 20 22 17 30 11 33 19 12 5 9 7 31 3 6 25 32 21 
0 14 8 13 15 2 26 28 18 1 16 24 4 23 5 12 19 33 11 30 17 22 20 10 27 29 9 7 31 3 25 6 32 21 
0 21 19 11 14 3 13 15 2 26 28 18 12 5 27 10 9 33 30 17 22 25 23 4 20 24 31 7 8 6 16 1 29 32 
0 14 8 21 20 18 6 3 31 1 16 12 5 15 2 30 11 13 19 33 17 22 29 27 10 9 26 32 4 28 23 7 25 24 
0 11 30 4 24 16 9 10 3 32 21 12 5 27 19 33 28 18 7 25 23 17 14 22 1 29 6 31 20 8 13 15 2 26 
0 14 8 13 15 18 26 31 2 12 11 30 17 10 1 28 21 33 25 23 4 24 27 5 32 7 9 16 22 3 29 6 19 20 
0 14 8 13 15 22 1 16 12 5 27 10 9 7 25 23 4 24 18 28 11 6 31 2 29 26 20 17 19 33 21 32 30 3 
0 11 30 8 13 14 15 17 28 18 12 2 23 25 29 20 21 32 6 3 26 27 10 9 7 24 4 31 22 1 16 19 5 33 
0 24 16 1 22 11 30 21 14 8 23 15 4 18 28 20 32 29 3 31 5 27 6 10 12 9 7 25 13 2 26 19 33 17 
0 11 14 8 13 15 2 26 28 18 24 4 23 19 20 16 10 27 6 3 29 25 30 17 22 1 12 31 9 7 5 32 33 21 
0 14 7 9 10 27 5 12 16 1 22 23 25 8 4 3 29 20 17 30 26 2 18 28 15 13 21 11 31 24 6 32 19 33 
0 11 14 30 17 24 28 26 2 6 8 10 25 15 13 21 3 31 19 20 18 29 1 22 4 23 7 32 33 27 9 5 12 16 
0 14 8 13 29 6 7 19 15 2 26 28 18 12 10 27 5 9 21 22 23 4 24 20 33 17 11 30 3 25 16 1 31 32 
0 11 14 8 13 15 2 26 28 18 12 5 27 24 4 23 30 31 17 22 21 20 1 7 6 3 16 19 10 9 32 25 29 33 
0 11 14 8 13 15 2 26 28 18 12 5 27 24 4 23 30 31 17 22 21 20 1 7 6 3 16 19 10 9 32 25 29 33 
0 11 14 21 13 15 28 18 12 8 2 9 7 25 23 16 31 24 6 20 19 32 26 30 17 22 1 29 3 4 10 27 5 33 
0 14 8 13 15 11 30 27 26 28 18 5 9 7 25 17 19 12 10 3 20 22 23 4 24 33 16 1 31 2 6 29 32 21 
0 1 8 13 2 15 26 28 18 17 14 29 22 11 16 12 6 31 30 20 21 32 19 5 27 10 9 7 25 4 24 3 23 33 
0 11 30 17 14 8 13 27 10 16 19 26 6 3 31 22 1 4 24 7 15 5 12 18 28 29 32 23 21 2 25 20 9 33 
0 14 8 13 15 5 11 27 10 9 29 24 19 31 6 3 21 32 33 12 2 26 28 18 20 4 23 25 7 1 22 17 30 16 
0 11 30 4 24 16 9 10 3 32 21 12 5 27 19 33 28 18 7 25 23 17 14 22 1 6 31 20 29 8 13 15 2 26 
0 14 16 1 22 17 11 19 31 30 4 3 12 29 20 8 6 13 15 2 26 28 18 24 23 25 7 9 5 27 10 21 32 33 
0 14 18 11 30 17 26 29 21 2 15 5 19 8 13 33 20 6 3 31 1 12 4 24 22 28 23 25 7 9 10 27 16 32 
0 14 8 13 15 2 26 1 22 31 9 6 29 18 28 16 11 12 25 23 17 20 32 24 4 3 10 27 5 21 7 30 19 33 
0 14 8 13 15 27 26 28 18 2 21 19 11 24 30 25 10 5 12 17 22 16 1 9 4 32 7 31 3 6 29 23 20 33 
0 14 8 13 15 2 26 28 30 11 19 20 29 18 17 21 5 31 6 3 1 22 4 23 27 25 10 9 7 32 12 24 33 16 
0 5 27 10 4 3 29 1 20 17 26 2 8 14 7 9 12 16 22 23 25 13 15 30 24 28 6 18 31 32 21 19 33 11 
0 14 8 1 18 15 2 26 28 13 12 5 27 23 21 24 25 7 11 4 30 17 22 29 3 33 10 32 16 20 19 9 31 6 
0 11 6 31 1 10 24 7 18 9 28 2 8 29 13 26 20 25 21 14 15 22 16 12 5 27 23 4 3 32 19 33 30 17 
