0 17 30 11 14 33 19 6 29 3 31 22 21 20 1 32 18 28 26 4 24 16 13 2 15 12 5 27 10 23 8 7 9 25 
0 17 30 11 14 33 19 6 29 3 31 22 21 20 1 32 18 28 26 4 24 16 13 2 15 12 5 27 10 23 8 7 9 25 
0 17 30 11 14 33 19 6 29 3 31 22 21 20 1 32 18 28 26 4 24 16 13 2 15 12 5 27 10 23 8 7 9 25 
0 17 30 11 14 33 19 6 29 3 31 22 21 20 1 32 18 28 26 4 24 16 13 2 15 12 5 27 10 23 8 7 9 25 
0 17 30 11 14 33 19 6 29 3 31 22 21 20 1 32 18 28 26 4 24 16 13 2 15 12 5 27 10 23 8 7 9 25 
0 17 30 11 14 33 19 6 29 3 31 22 21 20 1 32 18 28 26 4 24 16 13 2 15 12 5 27 10 23 8 7 9 25 
0 17 30 11 14 33 19 6 29 3 31 22 21 20 1 32 18 28 26 4 24 16 13 2 15 12 5 27 10 23 8 7 9 25 
0 17 30 11 14 33 19 6 29 3 31 22 21 20 1 32 18 28 26 4 24 16 13 2 15 12 5 27 10 23 8 7 9 25 
0 17 30 11 14 33 19 6 29 3 31 22 21 20 1 32 18 28 26 4 24 16 13 2 15 12 5 27 10 23 8 7 9 25 
0 17 30 11 14 33 19 6 29 3 31 22 21 20 1 32 18 28 26 4 24 16 13 2 15 12 5 27 10 23 8 7 9 25 
0 17 30 11 14 33 19 6 29 3 31 22 21 20 1 32 18 28 26 4 24 16 13 2 15 12 5 27 10 23 8 7 9 25 
0 17 30 11 14 33 19 6 29 3 31 22 21 20 1 32 18 28 26 4 24 16 13 2 15 12 5 27 10 23 9 7 8 25 
0 17 30 11 14 33 19 6 29 3 31 22 21 20 1 32 18 28 26 4 24 16 13 2 15 12 5 27 10 23 9 25 7 8 
0 17 30 11 14 33 19 6 29 3 31 22 21 20 1 32 18 28 26 4 24 16 13 2 15 12 5 27 10 23 8 7 25 9 
0 17 30 11 14 33 19 6 3 29 31 22 21 20 1 32 18 28 26 4 24 16 13 2 15 12 5 27 10 23 8 7 9 25 
0 17 30 11 14 33 19 6 3 29 31 22 21 20 1 32 18 28 26 4 24 16 13 2 15 12 5 27 10 23 8 7 9 25 
0 17 30 11 14 33 19 6 29 3 31 22 21 20 1 32 18 28 26 4 24 16 13 2 15 12 5 10 27 23 8 7 9 25 
0 17 30 11 14 33 6 29 19 3 31 22 21 20 1 32 18 28 26 4 24 16 13 2 15 12 5 27 10 23 8 7 9 25 
0 17 30 11 14 33 19 6 29 3 31 22 21 20 1 32 18 28 26 4 15 16 13 2 24 12 5 27 10 23 8 7 9 25 
0 17 30 11 14 33 19 6 29 3 31 22 21 20 1 32 18 28 26 4 24 16 2 13 15 12 5 27 10 9 23 8 25 7 
0 17 30 11 14 33 19 6 29 3 31 22 21 20 1 32 26 28 18 4 24 16 13 2 15 12 5 27 10 23 8 7 9 25 
0 17 30 11 14 33 19 6 29 31 3 22 21 20 1 32 18 28 26 4 24 16 5 12 15 2 13 27 10 23 8 7 9 25 
0 17 30 11 14 33 6 29 19 3 31 22 21 20 1 32 18 28 26 4 24 16 13 2 15 12 5 27 10 23 7 25 9 8 
0 17 11 30 14 33 6 29 19 3 31 22 21 20 1 32 18 28 26 4 24 16 13 2 15 12 5 27 10 23 8 7 9 25 
0 17 30 11 14 33 19 6 29 3 31 22 21 20 1 32 13 16 24 4 26 28 18 2 15 12 5 27 10 23 7 8 9 25 
0 17 30 11 14 33 19 6 29 3 31 22 21 20 1 18 28 26 4 24 32 16 13 2 15 12 5 27 10 23 8 7 9 25 
0 17 30 11 14 33 22 6 29 3 31 19 21 16 20 1 32 18 28 26 4 24 13 2 15 12 5 27 10 23 8 7 9 25 
0 17 30 11 25 9 27 8 23 10 7 5 12 15 2 13 16 24 4 26 28 18 32 1 20 21 22 31 3 29 6 19 33 14 
0 17 30 11 25 9 27 8 23 10 7 5 12 15 2 13 16 24 4 26 28 18 32 1 20 21 22 31 3 29 6 19 14 33 
0 17 30 11 14 33 19 6 29 31 3 22 21 20 1 32 18 28 26 4 24 23 12 2 15 13 16 5 27 10 7 8 9 25 
0 17 30 11 14 33 19 6 29 31 3 22 21 20 1 32 18 28 26 4 24 23 12 2 15 13 16 5 27 10 7 8 9 25 
0 17 30 11 14 22 3 33 19 6 29 31 21 20 1 32 18 28 26 4 24 16 13 2 15 12 5 27 10 23 8 7 9 25 
0 17 30 11 14 33 19 6 29 31 3 22 21 20 1 32 18 28 26 4 24 23 16 13 2 15 12 5 27 10 8 7 25 9 
0 17 30 11 14 33 19 6 29 3 31 22 21 20 1 32 18 28 26 4 24 16 23 12 2 15 13 5 27 10 8 7 9 25 
0 17 30 11 14 33 19 6 1 20 21 22 29 3 31 32 18 28 26 4 24 16 13 2 15 12 8 7 9 23 5 27 10 25 
0 17 30 11 14 33 19 6 1 20 21 22 31 3 29 32 18 4 28 26 24 16 13 2 15 12 5 27 10 9 7 8 23 25 
0 17 30 11 14 33 19 6 29 3 31 22 21 20 1 32 18 28 26 4 24 5 12 23 15 2 13 16 27 10 8 7 25 9 
0 23 17 30 11 14 33 19 6 29 3 31 22 21 20 1 32 18 28 26 4 24 16 2 13 15 12 5 27 10 8 7 9 25 
0 11 22 31 3 29 6 19 30 33 14 17 21 20 1 32 18 28 26 4 24 16 13 2 15 12 5 27 10 23 8 7 9 25 
0 14 17 30 11 33 19 6 29 31 3 22 21 20 1 32 18 28 26 4 24 23 12 2 15 13 16 5 27 10 8 7 9 25 
0 17 9 11 30 14 33 19 6 29 3 31 22 21 20 1 32 18 24 4 26 28 16 13 2 15 12 5 27 10 23 8 7 25 
0 17 30 11 14 33 19 6 29 3 31 22 21 20 1 32 26 18 28 4 24 16 13 2 15 23 12 5 27 10 8 7 25 9 
0 17 30 11 14 33 19 6 29 3 31 22 21 20 1 32 18 28 16 26 4 24 13 2 7 15 12 5 27 10 23 8 9 25 
0 17 30 11 14 33 19 6 29 3 31 22 21 20 1 32 18 28 26 4 23 10 27 5 12 15 2 16 13 7 8 24 9 25 
0 17 30 11 14 33 19 6 29 3 31 22 1 20 21 13 16 24 32 18 28 26 4 2 15 12 5 27 10 23 8 25 7 9 
0 17 30 11 14 33 19 6 29 31 3 22 21 20 1 32 18 28 26 4 24 16 23 9 27 10 5 12 7 8 13 2 15 25 
0 17 30 11 14 4 26 28 18 32 1 20 21 22 31 3 29 6 19 33 24 16 13 2 15 12 5 27 10 23 8 7 9 25 
0 17 11 14 33 19 6 29 3 31 22 21 20 1 32 18 28 26 4 24 16 13 2 30 9 15 12 5 27 10 23 8 7 25 
0 17 30 11 14 33 19 6 3 29 31 15 2 13 16 24 4 26 28 18 32 1 20 21 22 12 5 27 23 8 7 10 9 25 
0 17 30 11 14 33 19 6 3 29 31 15 2 13 16 24 4 26 28 18 32 1 20 21 22 12 5 27 23 8 7 10 9 25 
0 17 30 11 14 33 19 6 29 3 31 22 21 20 1 32 18 28 27 10 23 8 7 9 25 12 5 26 4 24 16 13 15 2 
0 17 30 11 14 33 19 6 29 3 31 22 21 20 1 32 18 12 26 4 24 16 13 2 15 28 27 5 10 23 8 7 9 25 
0 17 30 11 14 33 19 6 29 31 3 22 21 20 1 32 18 28 26 4 27 23 12 2 15 13 16 5 24 10 8 9 7 25 
0 17 8 10 27 5 12 23 15 2 13 16 24 4 26 28 18 32 1 20 21 22 31 3 29 6 19 33 14 11 30 7 25 9 
0 17 30 11 14 33 19 6 29 3 31 22 21 20 1 32 18 28 26 4 23 10 27 5 12 15 2 16 13 7 8 24 25 9 
0 17 30 11 14 33 19 6 29 3 1 22 21 20 31 32 18 28 26 4 24 16 13 23 10 2 15 12 5 27 8 7 9 25 
0 17 30 11 14 33 19 6 29 3 31 22 21 20 1 32 18 28 26 4 24 16 25 9 27 8 7 5 12 15 2 13 23 10 
0 17 30 11 14 33 19 6 29 31 3 22 21 20 1 32 18 28 26 4 24 16 13 2 25 10 27 5 12 9 7 15 23 8 
0 17 30 11 14 33 19 6 15 2 13 16 24 4 26 28 18 32 1 20 21 22 3 31 29 5 12 27 10 23 8 7 9 25 
0 17 30 11 14 33 19 6 29 3 31 22 21 20 1 32 18 28 4 24 16 13 2 15 12 5 27 10 23 25 26 8 7 9 
0 17 30 11 14 33 19 7 8 23 10 27 6 29 3 31 22 21 20 1 32 18 28 26 4 24 16 13 2 15 12 5 9 25 
0 17 30 11 14 33 19 6 29 31 3 22 21 20 1 32 18 28 9 7 8 23 10 27 5 12 15 2 13 16 24 4 26 25 
0 17 30 11 14 33 19 6 29 31 3 22 21 20 1 32 18 28 26 4 24 16 23 12 13 2 15 5 7 8 10 27 25 9 
0 17 30 11 14 33 19 6 29 3 31 22 21 20 1 32 18 28 16 26 4 13 2 7 15 12 5 24 27 10 23 8 9 25 
0 17 30 11 14 33 19 26 28 6 29 3 31 22 21 20 1 32 18 4 24 16 13 2 15 12 5 27 10 23 8 7 9 25 
0 17 30 11 14 33 19 6 29 31 3 22 21 20 1 32 18 12 15 2 16 13 28 26 4 24 7 5 8 23 10 27 9 25 
0 17 30 11 14 33 19 6 29 3 31 22 9 7 8 23 10 27 5 12 15 2 21 20 1 32 18 28 4 24 26 16 13 25 
0 17 30 11 25 9 27 8 23 10 7 5 12 15 2 13 16 14 33 19 6 29 3 31 22 21 20 1 32 18 28 26 4 24 
0 30 11 14 33 19 6 29 31 3 22 21 20 1 32 18 28 26 4 24 16 13 2 15 23 12 5 27 17 25 9 8 10 7 
0 17 30 11 14 33 19 6 29 31 3 22 21 20 1 32 18 12 28 2 16 13 24 4 26 15 8 5 27 10 23 7 9 25 
0 17 30 11 14 23 33 19 24 4 26 28 18 32 1 20 21 22 3 31 29 6 16 13 2 15 12 5 27 10 8 7 9 25 
0 17 30 11 14 33 19 26 28 6 29 3 22 21 31 20 1 32 18 4 24 16 13 2 15 12 5 27 10 23 8 7 9 25 
0 30 11 14 33 19 6 29 31 3 22 21 20 1 32 18 28 26 17 4 24 16 13 2 15 12 5 27 10 23 8 7 9 25 
0 17 30 11 14 33 19 6 29 3 31 22 21 20 1 32 18 27 10 23 8 7 9 13 2 15 12 5 24 16 28 26 4 25 
0 17 11 9 7 8 5 10 27 23 12 15 14 33 19 6 29 31 3 22 21 20 1 32 18 28 26 4 24 16 13 2 25 30 
0 17 30 11 14 33 19 6 3 29 31 22 21 20 1 32 18 28 26 4 24 16 13 2 23 15 25 9 10 5 27 7 12 8 
0 21 30 11 14 33 19 6 29 3 31 22 17 20 1 32 18 28 26 4 24 16 13 2 15 12 5 27 10 23 7 8 9 25 
0 17 30 11 14 23 33 19 29 6 3 31 22 21 20 1 32 18 28 26 4 24 16 12 2 15 5 27 10 25 8 7 13 9 
0 17 30 11 14 33 19 6 29 2 3 22 21 20 1 32 18 28 26 4 24 16 13 31 15 12 5 27 10 23 8 7 9 25 
0 17 30 11 14 23 33 19 29 6 3 31 22 21 20 1 32 18 28 26 4 24 7 9 25 16 13 8 2 15 12 5 27 10 
0 17 30 11 25 9 27 8 23 10 7 5 12 15 2 13 16 24 4 26 28 18 32 1 20 21 22 31 3 29 14 6 19 33 
0 9 30 11 14 33 19 6 29 3 31 22 1 20 21 32 18 28 26 4 24 16 13 2 15 12 5 27 10 17 23 8 7 25 
0 17 30 11 14 33 19 6 29 3 31 22 21 20 1 32 18 28 26 4 24 16 10 12 7 8 23 13 2 27 5 15 9 25 
0 17 30 11 14 33 19 6 29 3 31 20 21 22 1 32 18 28 4 24 16 13 26 2 15 12 5 7 10 23 8 27 9 25 
0 17 30 11 14 9 27 5 15 2 13 23 8 7 12 10 16 24 4 26 28 18 32 1 20 21 22 31 3 29 6 19 33 25 
0 17 30 11 14 2 19 6 29 31 3 22 21 20 1 32 18 28 26 4 16 13 15 12 24 5 27 33 10 7 8 23 25 9 
0 17 30 11 14 33 31 3 29 6 23 8 7 9 25 19 22 21 16 20 1 32 18 28 26 4 24 13 2 15 12 5 27 10 
0 17 30 11 9 7 8 23 10 27 5 12 15 14 33 19 6 29 31 3 22 21 25 20 1 32 18 28 26 4 24 2 13 16 
0 17 30 11 14 33 19 6 29 31 3 22 21 20 1 32 18 12 28 2 16 13 24 4 26 23 10 27 5 8 15 7 9 25 
0 17 30 11 14 31 19 6 29 3 33 22 21 20 1 32 18 28 4 24 16 13 2 15 12 5 27 26 10 23 8 7 9 25 
0 17 15 2 13 16 24 4 26 28 18 32 1 20 21 22 3 31 29 6 19 5 33 14 11 30 12 27 10 23 8 7 9 25 
0 17 30 11 14 33 19 6 29 3 31 22 21 20 23 1 32 18 28 26 4 24 7 9 16 13 8 2 15 12 5 27 10 25 
0 17 30 11 14 33 19 6 29 3 31 22 21 20 1 32 18 28 26 4 24 16 10 12 7 8 23 13 9 27 5 2 15 25 
0 17 30 15 7 11 14 33 19 6 29 3 31 22 21 16 20 1 32 18 28 26 4 24 13 2 5 12 27 10 25 8 9 23 
0 17 30 11 14 33 19 6 29 3 31 18 10 27 5 12 15 2 13 16 24 4 26 28 32 1 22 21 20 23 8 7 9 25 
0 17 30 33 14 11 19 6 29 3 31 16 24 13 5 27 10 23 8 7 9 25 21 22 20 1 32 18 28 26 4 2 15 12 
0 17 30 11 14 33 19 6 29 3 31 22 21 20 1 32 18 26 4 24 16 13 2 27 12 5 15 10 23 8 28 7 9 25 
0 17 30 11 14 15 2 13 16 24 4 26 28 18 32 1 3 22 21 20 31 29 6 19 5 33 12 27 10 23 8 7 9 25 
0 17 30 11 21 31 3 29 6 19 33 14 22 4 26 28 18 20 1 32 24 8 16 13 2 15 12 5 27 10 23 7 9 25 
0 17 15 2 13 16 24 4 30 11 14 33 19 6 29 3 31 22 21 20 1 32 18 12 26 28 27 5 10 23 8 7 9 25 
0 17 30 11 2 15 12 6 29 3 31 22 21 16 20 1 32 18 28 26 4 24 13 14 33 19 5 27 10 23 7 9 25 8 
0 17 30 11 14 33 6 29 16 13 2 15 12 5 27 10 23 8 26 4 24 19 3 31 22 21 20 1 32 18 28 7 9 25 
0 17 30 11 14 23 19 6 29 3 31 22 21 20 1 32 18 28 26 4 24 16 13 2 15 10 5 27 33 25 9 7 12 8 
0 17 30 11 14 16 13 2 15 12 5 27 10 23 8 7 9 28 26 4 24 33 19 6 29 3 31 22 21 20 1 32 18 25 
0 17 30 11 14 33 19 6 29 31 3 22 27 20 1 32 18 28 26 4 24 16 13 2 15 12 5 21 10 23 8 7 9 25 
0 17 21 31 3 29 6 11 14 33 30 19 22 20 1 32 18 28 26 4 24 16 10 2 15 12 5 27 13 23 8 7 9 25 
0 17 30 11 14 33 19 6 29 3 31 22 21 20 1 32 18 28 26 9 23 10 27 15 24 7 8 12 5 2 13 16 4 25 
0 17 30 11 14 33 19 6 29 3 31 22 21 20 1 32 18 28 26 23 8 4 16 13 2 15 12 9 25 27 5 24 7 10 
0 17 30 11 14 33 19 6 29 3 31 9 21 20 1 32 18 28 26 4 24 16 13 2 15 12 5 27 10 23 8 7 22 25 
0 14 11 30 17 33 2 13 16 24 4 26 28 18 32 1 20 21 22 19 6 29 5 12 27 10 23 8 7 9 25 15 3 31 
0 17 30 11 14 33 19 6 29 3 31 22 21 5 2 1 20 32 18 28 26 24 16 13 15 12 27 23 9 4 10 8 7 25 
0 17 30 11 10 33 19 6 32 14 29 3 31 22 21 20 1 18 28 26 4 24 16 13 2 15 12 5 27 23 8 7 9 25 
0 12 30 11 14 33 17 23 19 6 29 3 31 22 21 20 1 32 18 28 26 4 24 16 13 2 15 5 27 10 8 7 25 9 
0 25 9 7 8 23 17 30 11 14 33 19 6 29 3 31 22 21 20 1 32 18 28 27 10 5 26 4 13 24 16 15 2 12 
0 17 30 9 26 4 24 16 13 2 15 12 5 27 10 23 8 7 28 18 32 1 20 21 11 14 33 19 6 29 3 31 22 25 
0 17 30 11 15 13 5 10 23 7 27 16 24 4 14 33 19 6 29 3 31 22 21 20 1 32 18 28 26 2 12 8 9 25 
0 17 30 11 14 33 19 6 3 29 31 22 21 20 1 18 25 10 27 5 24 12 4 32 28 26 16 13 2 15 23 8 7 9 
0 17 30 11 14 33 19 6 29 3 31 22 21 5 2 13 15 12 24 23 9 27 16 1 20 32 18 28 26 4 25 7 10 8 
0 17 30 11 14 33 19 6 29 3 31 22 9 7 8 23 10 27 5 12 15 2 21 16 13 28 20 1 32 18 26 4 24 25 
0 17 30 11 14 23 33 19 29 6 3 31 22 21 20 1 32 18 28 26 4 24 2 7 8 9 16 13 15 5 27 10 25 12 
0 17 30 11 25 9 27 8 23 10 7 5 12 15 2 13 16 24 4 1 32 18 28 26 20 21 22 31 3 14 33 19 6 29 
0 17 30 14 11 9 33 18 32 1 20 21 22 19 6 29 31 3 28 26 4 24 16 13 2 15 12 5 27 23 25 7 8 10 
0 17 30 11 14 33 19 6 26 4 24 16 13 2 15 12 5 27 29 3 31 22 20 21 1 32 18 28 10 23 8 7 9 25 
0 17 30 11 14 33 19 6 29 3 31 22 15 20 1 32 12 23 18 28 26 4 24 16 13 2 21 5 27 10 8 7 9 25 
0 17 30 2 14 33 19 29 3 31 22 21 20 1 32 18 28 26 4 24 16 13 11 15 12 5 27 10 23 8 7 9 25 6 
0 17 30 11 14 23 33 19 29 6 3 31 22 21 20 1 32 18 28 26 4 24 2 7 8 9 5 15 10 13 16 12 27 25 
0 25 9 7 8 23 10 27 18 12 15 2 13 16 24 4 26 28 5 11 17 14 33 30 19 21 31 3 29 6 22 20 1 32 
0 17 30 11 14 23 33 19 6 29 2 3 22 21 20 1 32 18 28 26 4 24 16 13 31 15 12 5 27 10 8 7 9 25 
0 17 30 11 14 33 19 6 29 3 31 22 21 20 1 32 18 28 23 27 12 26 4 7 24 16 2 15 13 5 9 8 10 25 
0 17 30 11 14 33 19 6 29 3 31 22 21 20 15 13 5 10 23 7 27 16 2 28 12 8 1 32 18 26 4 24 9 25 
0 17 26 4 24 16 13 31 3 29 6 19 33 14 11 30 25 9 7 8 23 10 27 5 12 15 2 22 21 20 1 32 18 28 
0 17 30 11 14 33 19 6 29 31 3 22 21 20 18 32 1 15 13 5 10 23 7 27 16 24 4 26 28 2 8 9 25 12 
0 17 30 11 29 14 33 19 6 31 3 22 21 9 18 32 1 20 28 26 4 24 16 13 2 15 12 5 27 10 23 8 7 25 
0 17 30 11 14 33 19 6 29 3 31 7 9 25 12 5 18 28 27 10 23 8 22 21 20 1 32 26 4 24 16 13 2 15 
0 17 30 11 22 21 20 13 16 24 1 32 18 28 14 33 19 6 29 3 31 26 4 2 15 12 5 27 10 23 8 7 9 25 
0 17 30 11 14 33 1 32 27 28 26 29 6 3 19 31 22 21 20 18 4 24 16 13 2 15 12 5 23 8 7 9 10 25 
0 17 30 11 14 33 19 6 16 13 2 15 28 12 5 27 10 23 8 7 29 3 31 22 21 20 24 4 26 18 32 1 9 25 
0 17 30 23 10 27 5 15 2 13 16 24 26 28 18 32 1 20 21 22 31 3 29 6 19 33 12 14 11 8 7 9 4 25 
0 17 30 11 14 33 19 6 29 3 31 28 26 4 24 16 13 2 9 7 15 12 5 27 10 22 21 20 1 32 18 23 8 25 
0 17 30 11 14 7 13 28 15 12 5 27 10 23 8 26 4 24 16 20 1 32 18 2 21 22 31 3 29 6 19 33 9 25 
0 12 30 11 19 23 17 33 14 6 29 3 31 22 21 20 1 32 18 28 26 4 24 16 13 2 15 5 27 10 8 7 9 25 
0 17 30 23 10 27 5 12 28 13 2 15 16 6 19 33 14 11 8 7 29 31 3 22 21 20 1 32 18 26 4 24 9 25 
0 17 30 11 14 33 19 6 29 3 31 22 21 20 5 27 25 12 1 13 16 28 18 32 24 26 4 2 15 10 23 8 7 9 
0 17 30 11 14 33 19 6 29 3 31 22 9 7 8 23 10 27 5 12 15 16 21 20 1 32 18 25 4 24 28 26 2 13 
0 17 12 11 33 19 29 6 3 31 22 21 20 1 30 14 32 18 28 26 4 24 16 13 2 15 5 27 7 10 25 8 23 9 
0 17 30 11 14 33 23 6 29 3 31 22 21 20 1 32 18 28 26 4 24 16 13 2 15 9 12 7 5 27 10 19 8 25 
0 17 30 11 14 3 29 6 19 33 31 4 26 28 18 32 1 16 13 21 22 24 20 2 15 12 5 27 10 23 8 7 9 25 
0 17 11 30 33 14 19 6 29 31 3 22 21 20 1 32 18 28 26 4 25 16 23 12 13 2 15 5 9 7 8 10 27 24 
0 17 30 26 28 11 14 33 19 25 31 3 6 29 22 21 20 1 32 18 4 24 16 13 2 15 12 5 27 10 23 8 7 9 
0 17 30 11 14 33 19 6 29 3 31 1 20 27 22 32 18 28 26 4 24 16 13 2 15 12 5 23 21 10 8 7 9 25 
0 17 30 11 9 14 26 4 24 16 13 2 15 12 5 27 10 25 8 33 19 6 29 3 31 22 21 28 18 32 1 20 7 23 
0 17 30 11 14 23 33 19 29 6 3 31 22 21 20 1 32 18 28 26 4 24 2 7 8 9 5 15 10 13 27 12 16 25 
0 17 30 11 14 33 19 6 29 3 31 22 21 20 1 32 26 28 4 24 16 23 9 25 15 7 2 13 12 5 10 27 8 18 
0 17 30 11 14 33 19 6 16 13 2 15 29 7 8 23 10 27 5 12 28 31 3 22 21 20 1 32 18 26 4 24 9 25 
0 9 3 11 14 33 19 6 29 30 31 22 1 20 21 32 18 28 26 4 24 16 13 2 15 12 5 27 10 23 8 7 17 25 
0 17 30 11 14 33 19 6 23 31 3 22 21 20 1 32 18 28 26 4 24 29 12 2 15 13 16 5 27 10 9 25 7 8 
0 17 30 11 14 23 33 19 29 6 31 22 3 21 20 1 32 18 28 26 4 24 2 7 8 9 5 15 10 13 27 12 16 25 
0 17 30 11 14 33 19 6 29 3 31 22 9 7 8 23 10 27 5 12 15 2 21 20 1 32 18 25 4 24 28 26 13 16 
0 17 30 11 14 33 19 6 29 3 31 12 20 21 22 1 32 28 26 4 18 23 27 10 8 7 9 5 15 2 24 16 13 25 
0 17 30 11 14 33 19 6 29 31 3 22 21 20 1 9 24 4 15 25 2 16 28 26 13 32 18 12 5 27 10 23 8 7 
0 17 11 14 33 19 6 29 3 31 22 7 8 23 10 27 5 12 30 28 15 2 13 16 24 4 26 18 32 1 20 21 9 25 
0 17 30 11 14 33 19 6 29 3 21 31 12 20 22 1 32 28 26 4 7 18 24 16 2 15 13 5 27 10 9 8 23 25 
0 17 30 11 14 33 19 6 29 3 31 22 1 20 21 32 26 28 25 18 4 13 16 24 2 15 12 27 5 10 23 8 9 7 
0 17 30 11 14 28 18 32 1 20 29 31 3 33 22 21 6 19 26 4 24 16 13 15 7 2 12 5 27 10 23 8 9 25 
0 17 29 6 19 33 14 30 11 3 31 18 10 27 5 12 15 2 13 16 24 4 26 28 32 1 22 21 20 23 8 7 9 25 
0 17 30 11 14 3 29 23 33 19 6 31 22 21 20 1 32 18 12 24 16 13 4 26 28 2 15 5 27 10 7 25 8 9 
0 17 30 11 14 33 19 6 29 3 31 22 21 20 15 13 5 1 32 18 12 2 16 24 4 26 8 27 10 23 28 7 9 25 
0 17 30 2 14 33 19 29 3 31 22 21 20 1 32 18 28 26 4 24 16 13 11 15 12 5 27 6 10 23 8 7 9 25 
0 17 30 11 14 33 19 6 29 31 3 22 21 20 1 32 9 7 18 23 10 27 5 12 15 25 8 28 26 4 24 13 16 2 
0 17 30 11 14 8 25 20 26 4 1 32 18 28 24 7 23 10 27 9 33 19 6 29 3 31 22 21 16 13 2 15 12 5 
0 17 30 2 14 33 19 29 3 31 22 21 20 1 32 18 28 26 4 24 16 13 11 15 12 6 25 9 7 8 23 10 27 5 
0 17 30 11 14 7 19 16 33 29 9 8 6 3 31 22 21 20 1 32 18 28 26 4 24 13 2 15 12 5 27 10 23 25 
0 17 30 11 14 33 23 7 20 21 22 31 3 29 6 19 1 32 18 8 25 9 27 28 26 4 10 5 12 15 2 16 13 24 
0 17 30 11 14 33 19 6 29 3 31 1 32 27 22 21 20 18 28 10 23 8 7 9 2 15 12 5 26 4 24 16 13 25 
0 17 30 11 14 23 33 3 29 6 19 31 4 26 28 18 32 1 16 13 21 22 12 20 2 15 24 5 27 10 8 7 9 25 
0 17 30 11 16 26 28 24 4 25 18 32 1 20 21 2 15 12 5 27 10 23 8 7 9 22 31 3 29 6 19 33 14 13 
0 17 29 6 19 5 33 14 11 30 1 3 22 21 20 31 32 18 28 26 4 24 16 13 7 9 8 23 2 15 12 27 10 25 
0 17 30 11 14 5 27 25 18 21 33 19 6 29 31 3 22 20 1 32 28 26 4 24 16 13 2 15 23 12 10 8 7 9 
0 17 30 11 14 23 3 29 6 19 33 31 4 26 28 18 32 1 16 13 20 21 22 2 15 12 5 27 10 24 8 7 9 25 
0 11 30 17 14 33 19 6 29 3 31 22 21 20 1 32 18 9 7 8 23 10 27 24 4 26 16 25 5 15 12 13 28 2 
0 17 30 11 14 21 20 1 32 18 28 26 24 33 23 6 29 19 3 31 22 16 13 2 15 12 5 27 10 8 7 9 4 25 
0 17 11 30 14 33 19 6 29 23 7 25 15 13 5 10 27 16 24 4 3 31 22 21 20 1 32 18 28 26 2 12 8 9 
0 17 30 11 14 33 19 18 13 2 15 12 5 27 25 10 23 8 7 1 32 16 6 29 31 3 22 21 20 26 4 28 24 9 
0 17 11 30 14 33 5 19 6 4 26 28 18 32 1 20 21 22 3 31 29 24 7 8 23 10 27 12 15 2 13 16 25 9 
0 17 30 11 14 1 20 27 22 31 3 29 6 19 33 32 18 28 26 4 24 16 13 2 15 12 5 23 21 10 9 7 8 25 
0 17 30 11 14 33 19 6 29 3 31 22 21 20 1 32 27 28 26 2 15 5 18 10 4 12 13 16 24 23 7 8 25 9 
0 17 30 11 14 33 19 6 27 5 12 15 2 13 24 4 26 32 18 28 25 29 3 31 22 21 20 1 16 7 9 8 23 10 
0 17 11 14 33 19 6 29 31 3 22 21 1 32 10 27 5 16 13 15 7 8 9 20 18 28 26 4 24 23 30 12 2 25 
0 17 30 25 14 33 3 31 29 6 19 22 21 20 5 32 18 28 26 4 24 16 13 15 12 1 11 27 2 23 10 9 8 7 
0 17 30 11 14 33 7 3 6 19 15 13 2 12 5 27 10 23 29 16 25 9 24 4 26 28 18 32 1 20 31 22 21 8 
0 17 30 11 14 23 33 19 29 6 3 31 22 21 20 1 32 13 28 26 4 24 2 7 8 9 16 18 15 5 27 10 25 12 
0 30 11 14 33 19 17 6 29 31 3 22 21 20 1 23 24 4 26 28 18 32 9 27 10 5 12 13 7 16 2 15 25 8 
0 17 30 11 9 7 8 23 10 27 5 12 15 22 21 31 20 1 32 18 3 14 33 19 6 29 2 28 26 16 24 4 13 25 
0 17 30 11 26 15 12 6 29 3 31 22 21 16 20 1 32 18 28 2 33 14 19 4 24 13 5 27 10 23 8 7 9 25 
0 17 30 11 25 12 15 2 13 16 24 4 26 28 18 32 33 19 6 29 3 31 22 27 20 1 14 21 5 10 23 8 7 9 
0 17 21 31 3 29 6 19 33 14 11 30 22 4 26 28 18 1 32 20 24 8 16 13 2 15 12 25 9 27 23 10 7 5 
0 17 30 24 16 13 2 15 12 5 10 23 8 7 9 21 20 18 28 26 4 1 32 27 11 14 33 19 6 29 3 31 22 25 
0 17 30 11 9 8 23 10 27 14 33 19 6 29 3 21 22 31 12 7 5 1 32 28 26 20 18 4 24 16 13 2 15 25 
0 17 30 11 15 13 5 10 23 7 27 16 14 33 19 6 29 25 9 3 31 22 21 20 1 32 18 28 12 2 24 4 26 8 
0 17 30 11 14 23 33 16 13 2 3 31 22 21 20 1 32 18 27 5 12 15 6 29 19 25 9 7 24 4 26 28 10 8 
0 17 30 11 14 4 19 6 29 31 3 22 21 20 1 32 18 12 15 2 16 24 33 26 28 13 7 5 8 23 10 27 9 25 
0 17 30 11 14 33 19 6 29 3 7 25 23 10 16 20 31 22 1 32 18 28 9 24 4 26 15 13 12 5 27 2 21 8 
0 17 30 11 14 33 19 6 29 3 5 22 21 20 1 32 18 28 26 4 24 16 23 12 2 15 31 27 10 25 13 9 7 8 
0 28 26 4 24 16 13 2 15 3 31 22 21 20 1 32 19 6 29 12 5 17 30 11 14 33 18 23 10 27 8 7 9 25 
0 17 30 26 28 11 14 33 19 25 31 3 6 29 22 21 20 1 18 32 4 13 16 24 2 15 12 5 27 10 23 8 9 7 
0 17 30 11 14 33 19 6 29 3 31 5 21 20 1 32 18 28 26 4 24 16 25 27 8 9 13 2 15 12 23 10 22 7 
0 17 30 11 14 33 19 29 6 3 13 20 15 32 18 28 4 24 23 9 25 31 22 21 12 16 26 1 5 27 10 2 8 7 
0 17 30 11 5 8 15 6 29 31 18 3 22 21 20 1 32 28 26 4 24 16 23 12 13 2 19 33 14 27 10 7 9 25 
0 17 30 15 5 27 10 23 8 7 3 31 2 18 32 1 20 21 22 29 16 24 4 26 12 28 13 6 19 33 14 11 9 25 
0 17 23 12 14 15 30 33 19 6 29 3 31 22 21 20 1 32 18 28 26 4 13 16 24 2 11 5 7 10 8 27 9 25 
0 17 30 11 14 33 19 6 29 3 31 22 9 7 24 4 26 16 23 25 15 2 13 12 5 10 27 21 20 8 1 32 18 28 
0 17 30 11 14 33 19 22 3 31 29 6 28 20 1 5 18 21 26 4 32 24 16 12 2 15 13 27 10 7 8 23 25 9 
0 17 30 11 14 1 20 27 22 31 3 29 6 19 33 32 18 28 26 4 24 10 16 13 2 9 7 15 12 5 23 8 21 25 
0 17 30 11 14 33 19 26 28 6 29 3 31 22 21 20 1 4 24 16 23 9 25 15 2 7 13 12 5 10 27 8 32 18 
0 17 30 11 14 33 19 6 21 22 3 29 31 32 18 25 10 26 28 1 24 5 27 16 13 4 20 12 2 15 23 8 7 9 
0 17 30 11 14 5 27 25 18 21 29 22 19 6 3 31 20 1 32 28 26 4 13 24 16 15 2 23 33 12 10 8 7 9 
0 17 30 11 28 26 4 24 8 16 13 25 21 14 22 31 3 29 6 19 33 18 32 1 20 15 12 5 7 23 27 10 9 2 
0 17 30 11 14 3 23 7 20 21 22 31 29 6 19 33 1 32 18 8 25 9 27 28 26 4 10 5 12 15 2 16 13 24 
0 17 30 11 9 7 8 23 10 27 5 12 15 14 33 19 6 29 31 3 18 21 25 20 1 32 22 28 26 2 13 16 24 4 
0 17 30 11 14 33 19 6 29 28 26 4 24 16 13 2 15 3 31 22 21 20 1 9 25 32 7 8 23 18 27 10 5 12 
0 17 30 12 28 2 16 13 24 4 21 15 8 5 27 10 23 11 14 33 19 6 29 31 3 22 26 20 1 32 18 7 9 25 
0 17 30 11 26 33 19 6 3 29 31 15 2 13 16 24 4 14 28 18 32 1 20 21 22 12 5 27 23 8 7 25 10 9 
0 20 21 22 31 3 29 7 9 6 19 30 11 14 33 16 17 1 8 23 10 27 5 12 15 2 32 18 28 26 4 24 13 25 
0 17 30 26 4 24 16 13 2 15 12 5 10 27 23 8 7 9 25 28 11 31 3 6 19 20 1 32 22 29 21 18 33 14 
0 17 2 18 32 1 20 21 22 31 3 29 16 30 11 14 33 19 6 25 10 27 23 8 7 9 4 12 24 5 15 28 26 13 
0 17 30 29 11 14 33 19 6 3 31 22 10 5 18 20 1 32 28 26 4 16 13 2 9 7 8 23 15 24 12 27 25 21 
0 17 30 11 14 33 19 16 7 29 9 8 23 10 27 6 3 31 22 21 20 1 32 18 12 26 4 24 13 2 15 28 5 25 
0 17 30 11 1 32 18 28 4 10 24 26 22 14 33 19 6 29 3 31 16 13 2 9 7 15 12 5 27 23 21 20 25 8 
0 28 26 33 24 16 4 14 11 30 17 9 8 23 10 7 27 5 12 15 2 13 19 6 3 29 31 22 21 20 1 32 18 25 
0 17 30 11 14 33 19 6 1 20 21 22 31 3 29 32 18 23 10 27 25 24 16 12 13 15 5 8 7 4 2 9 26 28 
0 17 30 11 14 3 33 19 29 6 23 31 22 21 20 8 32 18 1 28 26 5 12 15 2 13 16 24 4 27 7 10 25 9 
0 17 2 16 13 24 4 26 28 8 30 11 14 9 5 19 6 18 32 1 20 21 3 31 29 15 12 27 10 23 7 25 33 22 
0 17 30 11 14 27 19 6 29 3 31 18 10 33 5 12 15 2 13 16 24 4 26 28 32 1 22 21 8 23 20 7 9 25 
0 17 30 11 14 12 23 28 19 29 6 3 13 8 10 27 5 33 16 1 31 22 21 20 18 32 24 26 4 2 15 7 25 9 
0 1 13 2 15 12 27 10 23 8 3 31 22 9 7 29 6 19 5 33 14 11 30 17 32 18 28 26 4 24 16 20 21 25 
0 17 30 1 32 27 28 26 29 6 3 11 14 33 19 31 22 21 20 18 4 9 8 23 10 12 7 5 24 15 2 13 16 25 
0 18 7 4 26 28 32 1 22 21 20 12 31 3 29 6 19 17 30 11 14 33 27 10 23 8 9 5 13 15 2 16 24 25 
0 1 32 18 5 16 28 17 11 30 14 33 19 6 29 3 31 10 27 12 15 2 13 24 4 26 22 21 20 23 8 7 9 25 
0 17 30 11 14 33 2 13 12 5 27 23 7 16 10 19 6 29 3 31 22 25 9 24 4 28 18 32 15 20 8 21 1 26 
0 7 30 11 14 33 3 31 29 26 19 22 21 20 1 32 6 18 28 27 10 23 8 17 9 25 12 5 4 24 16 13 2 15 
0 17 30 11 14 9 23 24 4 28 18 32 15 20 13 3 6 29 19 33 25 2 12 5 27 7 16 10 31 22 21 1 26 8 
0 17 30 11 14 23 33 19 29 6 3 31 10 27 15 24 18 28 26 9 22 21 20 1 32 7 8 2 4 13 16 12 5 25 
0 17 30 11 14 33 29 31 3 19 6 10 21 20 1 32 18 28 26 4 24 13 2 22 23 25 5 7 9 16 8 27 12 15 
0 17 30 24 8 23 10 11 14 33 6 29 19 3 31 22 16 13 2 15 12 5 27 1 4 26 9 7 21 20 32 18 28 25 
0 17 30 11 14 33 19 6 23 29 3 31 10 27 15 24 18 28 26 9 7 8 12 5 2 13 16 4 32 1 20 21 22 25 
0 17 30 11 14 19 6 29 23 3 31 33 22 21 20 7 1 32 18 8 25 9 27 5 15 2 13 28 26 4 24 16 12 10 
0 17 11 30 14 33 19 1 32 18 5 16 28 20 27 9 6 22 31 3 13 24 4 26 12 15 2 21 29 7 8 23 10 25 
0 20 12 5 27 10 23 8 1 17 16 33 14 11 30 19 6 9 7 29 3 31 22 21 15 2 32 18 28 26 4 24 13 25 
0 26 4 17 30 11 14 23 33 16 13 2 3 31 22 21 20 1 32 18 28 24 7 9 25 19 29 6 15 12 5 27 8 10 
0 13 8 10 27 5 2 31 22 19 29 6 3 17 30 11 14 33 23 12 28 21 20 7 1 32 18 26 4 24 16 25 9 15 
0 17 30 11 14 33 4 24 13 2 15 12 5 27 10 23 8 9 29 7 16 19 26 6 31 3 22 21 20 1 32 18 28 25 
0 17 30 11 14 33 19 6 29 31 3 22 21 20 1 9 24 4 15 25 2 16 26 32 28 7 8 23 18 13 27 10 5 12 
0 17 2 13 30 11 15 14 1 20 27 22 31 3 29 6 19 33 32 18 28 26 4 24 16 12 5 23 21 10 8 7 9 25 
0 17 18 25 10 27 5 24 3 31 22 30 11 23 2 15 12 8 7 9 1 32 28 26 4 16 13 14 33 19 6 29 21 20 
0 17 30 11 14 33 19 6 29 3 31 22 16 7 32 8 23 10 4 26 28 18 9 1 13 20 25 27 5 12 15 2 24 21 
0 17 30 11 14 33 19 6 29 3 31 1 32 27 28 26 12 22 2 15 5 18 10 4 13 16 24 20 21 23 7 8 25 9 
0 17 18 25 10 27 5 24 3 31 22 21 1 32 28 16 30 11 14 33 19 6 29 20 26 23 4 12 2 15 13 8 7 9 
0 17 30 11 33 19 6 29 3 31 22 14 32 18 25 10 27 5 24 21 1 15 2 12 23 7 13 4 26 8 28 20 16 9 
0 17 30 11 14 33 19 6 29 3 31 22 21 20 23 32 5 2 12 27 10 26 7 16 13 15 18 28 4 24 25 8 1 9 
0 30 11 14 33 19 6 29 31 3 17 5 27 25 18 4 13 24 16 15 28 26 21 22 20 1 32 2 23 10 8 7 9 12 
0 17 30 11 14 33 5 19 6 4 16 3 31 29 15 12 2 23 25 9 7 10 27 8 28 26 24 13 22 21 20 1 32 18 
0 17 30 11 14 33 19 6 9 3 31 22 21 20 5 27 25 12 1 13 16 28 18 32 24 26 4 2 15 10 23 8 7 29 
0 17 30 11 14 33 19 6 29 3 31 22 20 16 23 21 32 18 25 10 27 5 24 7 8 15 1 9 4 26 2 13 12 28 
0 32 18 28 26 23 12 24 16 13 2 15 5 27 8 7 17 29 6 19 33 14 11 30 10 1 20 21 22 31 3 9 25 4 
0 17 30 11 14 4 19 6 3 29 31 22 21 20 1 32 18 33 23 10 27 25 24 16 12 13 15 5 8 7 2 9 26 28 
0 10 27 25 24 16 12 13 15 5 8 7 4 2 9 26 28 23 17 30 11 14 33 19 6 1 20 21 22 31 3 29 32 18 
0 17 30 11 14 33 19 6 29 3 31 22 20 16 23 21 32 27 25 10 18 5 24 7 8 15 2 12 4 13 26 28 1 9 
0 17 30 11 33 3 8 10 27 5 12 23 15 2 13 16 24 4 6 28 18 32 1 20 14 21 22 19 26 29 31 7 9 25 
0 28 18 32 33 19 6 29 3 31 22 27 20 1 14 11 30 17 26 4 24 16 13 2 15 12 5 23 21 10 8 25 9 7 
0 17 30 11 14 33 19 6 16 13 2 32 1 20 21 9 22 3 31 29 7 8 23 10 27 5 12 28 15 18 25 4 24 26 
0 17 30 22 21 5 10 31 20 1 32 18 23 11 9 7 8 27 12 15 14 33 19 6 29 3 25 28 26 4 24 13 16 2 
0 17 24 4 26 30 16 23 25 15 2 7 13 12 11 14 33 19 6 29 3 31 22 9 8 10 27 5 21 20 1 32 18 28 
0 17 30 11 14 12 23 28 19 29 6 3 13 8 27 5 33 16 1 31 22 21 10 20 18 32 24 26 4 2 15 7 9 25 
0 17 21 31 30 11 14 33 19 6 29 16 7 22 28 4 26 3 20 25 23 10 27 5 1 32 18 12 15 2 13 24 8 9 
0 17 14 30 11 33 19 6 29 3 31 22 21 20 18 25 10 32 5 24 1 13 15 27 28 4 23 9 8 2 12 26 7 16 
0 17 30 11 14 33 18 5 24 21 1 28 26 16 13 4 20 9 7 8 10 32 19 15 2 6 29 3 31 22 12 27 23 25 
0 26 4 24 16 13 2 15 12 5 10 32 1 20 19 6 3 31 11 30 17 28 25 9 7 8 23 27 22 29 21 18 33 14 
0 1 13 2 15 12 27 10 23 8 3 31 22 9 17 30 11 14 19 5 33 6 4 26 28 18 32 20 21 29 24 16 25 7 
0 16 30 11 17 18 25 10 27 5 24 3 31 22 21 1 32 14 33 19 6 29 20 28 26 13 15 2 12 8 4 23 7 9 
0 1 32 18 5 16 28 20 27 9 11 14 33 19 6 22 31 3 13 24 4 26 30 17 15 2 12 21 29 7 8 23 10 25 
0 17 30 11 14 33 19 6 2 15 7 26 25 10 27 5 24 22 21 1 32 28 16 20 23 4 12 13 29 3 31 18 8 9 
0 11 27 10 23 8 17 30 14 2 24 4 26 32 18 25 21 22 31 28 16 13 1 3 5 12 20 29 6 19 33 15 7 9 
0 17 2 18 32 1 20 21 22 31 3 29 15 5 27 10 23 8 7 28 26 24 16 30 13 11 14 12 33 19 6 9 4 25 
0 17 30 11 14 33 19 6 29 23 5 15 3 9 8 32 18 28 26 25 4 24 16 27 7 13 10 2 12 31 22 21 20 1 
0 17 18 25 16 30 11 14 28 19 6 29 31 3 22 21 20 1 32 33 26 4 24 23 9 27 10 5 12 13 7 2 15 8 
0 1 32 18 5 16 28 20 27 9 11 14 33 19 6 22 31 3 13 24 4 26 17 30 29 23 10 12 15 2 21 8 7 25 
0 17 6 11 14 19 5 33 30 4 26 28 18 32 1 13 2 15 12 27 10 23 8 3 31 22 9 7 29 24 16 20 21 25 
0 24 17 30 15 5 27 10 23 8 7 3 31 22 21 20 1 32 18 28 26 16 13 2 11 14 12 33 19 9 6 29 4 25 
0 17 30 22 21 5 10 31 20 1 32 18 23 8 3 11 14 33 19 6 29 2 12 7 28 26 4 24 16 27 9 13 25 15 
0 17 30 11 14 1 20 27 22 31 3 33 19 6 29 21 10 32 18 9 25 28 24 8 16 13 2 15 12 5 23 7 4 26 
0 17 23 10 3 28 26 4 9 2 7 8 5 15 13 12 32 18 30 11 14 33 19 6 29 27 31 22 21 20 1 16 24 25 
0 10 30 11 1 32 18 28 4 31 3 29 6 19 33 14 22 26 24 17 16 20 27 13 2 15 12 5 23 21 25 9 8 7 
0 3 23 10 12 32 18 24 13 2 15 20 19 6 33 29 17 30 16 4 28 26 11 14 27 5 1 21 22 31 8 7 9 25 
0 11 30 31 22 16 13 2 15 12 5 27 10 8 7 9 4 25 3 14 21 20 1 32 18 28 17 26 24 33 23 6 29 19 
0 17 30 11 14 27 5 10 23 8 24 15 19 26 7 28 4 16 22 18 9 33 6 29 3 31 12 2 13 21 20 1 32 25 
0 7 32 18 5 16 28 20 27 9 11 14 33 4 24 13 3 31 22 6 19 26 30 17 12 15 2 21 29 1 8 23 10 25 
0 28 26 4 17 30 12 15 2 13 1 32 18 16 10 27 5 11 14 33 19 6 29 3 23 20 9 22 31 24 21 7 8 25 
0 17 30 11 14 33 19 23 13 3 32 22 7 9 1 29 6 8 10 27 20 26 18 28 5 21 24 4 16 31 25 12 15 2 
0 17 24 4 26 30 16 23 25 15 2 7 13 12 5 10 27 11 21 20 8 1 32 18 28 31 22 14 33 19 6 3 9 29 
0 17 24 4 31 28 18 32 1 8 20 21 11 27 10 5 12 13 7 2 15 25 23 16 30 26 22 14 33 19 6 3 29 9 
