0 25 9 7 8 23 10 27 5 12 15 2 13 16 24 4 26 28 18 32 1 20 21 31 29 6 3 22 19 33 14 11 30 17 
0 25 9 7 8 23 10 27 5 12 15 2 13 16 24 4 26 28 18 32 1 20 21 31 29 6 3 22 19 33 14 11 30 17 
0 25 9 7 8 23 10 27 5 12 15 2 13 16 24 4 26 28 18 32 1 20 21 31 29 6 3 22 19 33 14 11 30 17 
0 25 9 7 8 23 10 27 5 12 15 2 13 16 24 4 26 28 18 32 1 20 21 31 29 6 3 22 19 33 14 11 30 17 
0 25 9 7 8 23 10 27 5 12 15 2 13 16 24 4 26 28 18 32 1 20 21 31 29 6 3 22 19 33 14 11 30 17 
0 25 9 7 8 23 10 27 5 12 15 2 13 16 24 4 26 28 18 32 1 20 21 31 29 6 3 22 19 33 14 11 30 17 
0 17 30 11 14 33 19 22 3 6 29 31 21 20 1 32 18 28 26 4 24 16 13 2 15 12 5 27 10 23 8 7 9 25 
0 17 30 11 14 33 19 22 3 6 29 31 21 20 1 32 18 28 26 4 24 16 13 2 15 12 5 27 10 23 7 8 9 25 
0 30 17 11 14 33 19 22 3 6 29 31 21 20 1 32 18 28 26 4 24 16 13 2 15 12 5 27 10 23 8 7 9 25 
0 30 17 11 14 33 19 22 3 6 29 31 21 20 1 32 18 28 26 4 24 16 13 2 15 12 5 27 10 23 7 8 9 25 
0 17 30 11 14 33 19 22 3 6 29 31 21 20 1 32 18 28 26 4 24 16 13 2 15 12 5 27 10 23 7 8 25 9 
0 25 9 7 8 23 10 27 5 12 15 2 13 16 24 4 26 18 28 32 1 20 21 31 29 6 3 22 19 33 14 11 30 17 
0 25 9 7 8 23 10 27 5 12 15 2 13 16 24 4 26 28 18 32 1 20 21 31 29 6 3 22 19 33 17 30 11 14 
0 25 9 7 8 23 10 27 5 12 15 2 13 20 1 32 18 28 26 4 24 16 21 31 29 6 3 22 19 33 14 30 11 17 
0 17 30 11 14 33 19 22 29 6 3 31 21 20 1 32 18 28 26 4 24 16 13 2 15 12 5 27 8 9 7 25 23 10 
0 17 30 11 14 33 19 22 3 6 29 31 21 20 1 32 18 28 26 4 24 16 13 2 25 9 7 15 12 5 27 10 23 8 
0 17 30 11 14 33 19 22 3 6 32 1 29 31 21 20 18 28 26 4 24 16 13 2 15 12 5 27 10 23 8 7 9 25 
0 17 30 11 14 33 19 22 3 1 20 21 31 29 6 32 18 28 26 4 24 16 13 2 15 12 5 27 10 8 7 9 25 23 
0 17 33 30 11 14 3 19 22 6 29 31 21 20 1 32 18 28 26 4 24 16 13 2 15 12 5 27 10 23 8 7 25 9 
0 17 30 11 14 33 31 29 6 3 22 19 21 20 1 32 18 28 26 4 24 16 13 25 9 7 8 23 10 27 5 12 15 2 
0 17 30 11 14 33 19 22 3 6 29 31 21 20 32 1 16 13 18 28 26 4 24 2 15 12 5 27 10 23 8 25 9 7 
0 17 30 11 14 21 25 9 7 8 23 10 27 5 12 15 2 13 16 24 4 26 28 18 32 1 20 31 29 6 3 22 19 33 
0 25 9 7 8 23 10 27 5 12 15 2 13 16 24 4 26 28 18 32 1 20 21 31 29 6 3 22 17 30 33 11 14 19 
0 17 30 11 14 33 19 22 3 6 29 31 21 20 25 9 7 8 23 10 27 5 12 15 2 13 16 24 4 26 28 18 32 1 
0 17 30 11 14 33 19 22 3 6 29 31 21 20 1 32 18 28 26 4 24 16 13 25 9 7 8 2 15 23 10 27 5 12 
0 25 9 7 8 23 10 27 5 12 17 30 11 14 33 19 22 3 6 29 31 21 20 1 32 18 28 26 4 24 16 2 15 13 
0 14 11 30 17 33 19 25 9 7 8 23 10 27 5 12 15 2 13 16 24 4 26 28 18 32 1 20 21 31 29 6 3 22 
0 17 30 11 14 33 19 22 3 6 29 31 21 20 1 32 18 28 26 4 24 16 13 2 12 5 27 10 9 8 23 15 25 7 
0 17 30 11 14 33 19 22 3 25 9 7 8 23 10 27 5 12 15 2 13 16 24 4 26 28 18 32 1 20 21 31 29 6 
0 25 9 7 8 17 30 11 14 33 19 22 3 6 29 31 21 20 1 32 18 28 26 4 24 16 13 23 10 27 5 12 15 2 
0 25 9 7 8 23 10 27 5 12 17 30 11 14 33 19 22 3 6 29 31 21 20 1 32 18 28 26 4 24 16 13 2 15 
0 17 30 11 14 33 19 22 3 6 29 31 25 9 7 8 23 10 5 27 12 15 2 13 16 24 4 26 28 18 32 1 20 21 
0 25 9 7 8 23 10 27 5 12 15 2 13 16 24 4 26 28 18 32 1 20 21 31 29 6 3 17 30 11 14 33 19 22 
0 25 9 7 8 23 10 27 5 12 15 2 13 16 24 4 26 28 18 32 1 20 21 31 29 6 17 30 11 14 33 19 22 3 
0 25 9 7 8 23 10 27 5 12 15 2 13 16 17 30 11 14 33 19 22 3 6 29 31 21 20 1 32 18 28 26 4 24 
0 17 33 19 3 14 11 30 22 6 29 31 21 20 1 32 18 28 26 4 24 16 13 2 15 12 5 27 10 23 9 8 7 25 
0 17 30 11 14 32 1 33 19 22 3 6 29 31 21 20 18 28 26 4 24 16 13 2 15 12 5 27 10 23 8 7 9 25 
0 30 17 11 14 33 19 22 3 6 29 31 21 20 1 32 18 28 26 4 24 16 13 2 7 23 9 25 15 12 5 27 8 10 
0 25 9 7 8 23 10 27 5 17 30 11 14 33 19 22 3 6 29 31 21 20 1 32 18 28 26 4 24 16 13 2 15 12 
0 17 30 11 14 33 19 22 3 6 29 31 21 20 1 32 18 28 26 4 24 10 16 13 2 15 12 5 27 25 9 8 23 7 
0 30 17 11 33 14 3 22 19 6 29 31 21 20 32 1 16 13 18 28 26 4 24 2 15 12 5 27 10 23 8 25 9 7 
0 25 9 7 8 17 30 11 14 33 19 22 3 6 29 31 21 20 1 32 18 28 26 4 24 16 13 2 23 10 27 12 5 15 
0 17 30 11 14 21 25 9 7 8 23 10 27 5 12 15 2 13 16 24 4 26 28 18 32 1 20 31 29 6 3 22 33 19 
0 17 33 30 14 11 22 3 6 29 31 21 20 19 1 32 18 28 26 4 24 16 13 2 15 12 5 10 27 23 8 7 9 25 
0 25 9 17 30 11 14 33 19 22 7 8 23 10 27 5 12 15 2 13 16 24 4 26 28 18 32 1 20 21 31 29 6 3 
0 25 9 7 8 23 10 11 14 17 30 33 19 22 3 6 29 31 21 20 1 32 18 28 26 4 24 16 13 2 12 5 27 15 
0 17 30 11 14 33 19 22 3 6 29 31 21 20 1 16 13 2 15 12 5 27 25 9 7 8 23 10 32 18 28 26 4 24 
0 17 30 11 14 33 25 9 16 13 2 15 12 5 27 10 23 8 7 19 22 3 6 29 31 20 21 1 32 18 28 26 4 24 
0 25 9 7 8 23 10 27 5 12 15 2 13 22 24 4 26 28 18 32 1 20 21 31 29 6 3 16 19 33 14 11 30 17 
0 17 30 11 14 16 19 22 3 6 29 33 31 21 20 1 32 18 28 26 4 24 13 2 15 12 5 27 10 23 9 8 7 25 
0 25 9 7 8 23 10 27 5 12 15 2 13 16 24 26 28 18 32 1 20 21 31 29 6 3 4 22 19 33 14 11 17 30 
0 17 30 11 14 33 19 22 3 6 29 31 21 20 1 32 18 16 24 4 26 28 15 12 5 27 8 23 10 25 9 13 2 7 
0 25 9 7 8 4 24 16 13 2 15 12 5 27 10 23 26 28 18 32 1 20 21 31 29 6 3 22 17 30 11 14 33 19 
0 17 30 11 14 33 19 22 3 6 29 31 21 20 1 32 18 28 24 12 15 2 13 16 4 23 26 5 27 10 8 7 9 25 
0 25 9 7 8 10 27 5 12 15 2 13 16 24 4 26 28 18 32 1 20 21 31 29 6 3 22 17 30 23 11 14 33 19 
0 17 30 24 4 26 28 11 14 33 19 22 3 6 29 31 21 20 1 32 18 16 13 2 15 12 5 27 10 23 9 8 7 25 
0 20 21 31 29 6 3 22 19 33 14 11 30 17 1 32 18 28 26 4 24 16 13 2 15 25 9 7 8 12 5 27 10 23 
0 25 9 7 8 23 10 27 5 12 15 2 13 16 24 4 26 28 18 17 30 11 14 33 19 22 3 6 29 21 31 20 1 32 
0 17 30 11 14 32 1 20 21 31 33 19 22 3 6 29 16 13 18 28 26 4 24 2 15 12 5 27 10 23 8 7 9 25 
0 17 30 11 14 33 19 22 3 6 29 31 21 20 1 32 15 12 5 10 7 4 26 28 18 2 13 16 24 27 23 8 9 25 
0 17 30 11 14 21 25 8 7 9 23 10 27 5 12 15 2 13 16 24 4 26 28 18 32 1 20 31 29 6 33 19 22 3 
0 17 30 11 14 33 19 22 21 3 32 1 20 31 29 6 18 28 15 2 12 13 16 24 4 26 5 27 10 23 8 7 9 25 
0 25 9 7 19 23 10 27 5 16 13 12 15 2 24 4 26 28 18 32 1 20 21 31 29 6 3 22 8 33 14 11 30 17 
0 17 30 11 14 33 19 22 3 6 29 16 20 24 4 26 28 18 32 1 31 21 13 2 15 12 25 9 7 8 23 10 27 5 
0 25 9 7 8 23 10 27 5 12 15 2 13 16 24 4 26 28 32 1 20 21 31 29 6 3 22 33 19 18 14 11 30 17 
0 25 9 7 8 23 10 27 5 17 30 11 14 33 19 22 3 6 29 31 21 20 1 18 28 26 4 24 16 13 2 12 15 32 
0 25 9 7 8 20 1 21 31 29 6 3 22 19 33 14 11 30 17 16 13 2 15 12 5 27 10 23 32 18 28 26 4 24 
0 17 30 11 14 33 19 22 6 3 29 31 21 20 1 32 18 8 23 10 25 9 7 15 12 5 27 2 28 26 4 24 16 13 
0 17 30 11 14 33 19 22 3 6 29 8 7 9 25 23 15 2 13 16 24 4 26 28 18 32 1 20 21 31 10 27 5 12 
0 25 9 7 8 23 10 27 5 16 13 2 15 12 24 4 26 28 17 30 11 14 33 19 22 3 6 29 31 18 32 1 20 21 
0 17 30 11 14 33 31 29 6 3 22 19 21 20 1 32 18 16 24 4 26 28 2 13 25 9 7 8 15 12 10 23 5 27 
0 17 30 11 25 9 7 21 31 29 6 3 22 19 33 14 2 24 16 20 13 1 32 18 28 26 4 15 12 5 27 10 23 8 
0 25 9 7 8 23 10 27 5 17 30 11 14 33 19 22 3 6 29 31 21 20 12 4 26 28 18 1 32 24 16 13 2 15 
0 25 9 28 18 32 1 20 21 31 29 6 3 16 24 4 26 7 8 23 10 27 5 12 15 2 13 22 19 33 14 11 30 17 
0 17 30 2 15 12 5 24 27 10 23 8 7 9 13 16 4 26 28 18 32 1 20 21 25 31 29 6 3 22 19 33 14 11 
0 25 9 7 8 23 10 26 4 24 16 13 2 15 12 5 27 28 18 32 31 29 6 1 20 21 3 22 33 19 17 30 14 11 
0 17 30 25 9 11 14 33 19 22 3 6 29 31 13 16 15 4 7 8 23 10 27 5 12 2 24 26 28 18 32 1 20 21 
0 20 1 32 18 28 26 4 24 16 13 2 15 12 5 27 10 23 8 7 9 25 17 30 11 14 3 22 29 33 19 21 31 6 
0 25 9 7 8 23 10 27 5 12 4 26 28 18 20 21 31 29 6 3 1 32 22 19 33 14 11 17 30 15 16 13 2 24 
0 17 30 11 14 33 19 22 3 21 6 29 31 20 1 32 18 28 26 4 25 9 7 16 13 8 10 23 12 24 2 15 5 27 
0 17 30 11 14 33 25 22 3 6 29 31 21 20 1 32 18 28 26 4 24 16 13 2 15 8 23 27 10 5 12 19 9 7 
0 17 30 11 14 33 19 22 3 6 29 31 21 20 25 9 7 8 23 10 27 5 1 18 28 26 4 24 16 13 2 12 15 32 
0 16 13 2 15 12 5 27 10 23 8 7 9 25 24 4 26 28 18 32 31 29 6 1 20 21 3 17 30 11 14 33 19 22 
0 25 9 7 8 4 24 16 13 2 15 12 5 27 10 23 26 28 18 32 1 20 21 31 29 17 30 11 14 33 19 22 3 6 
0 17 30 11 14 15 7 9 25 2 13 16 10 24 4 26 28 18 32 1 20 21 31 29 6 3 22 19 33 12 5 27 23 8 
0 17 4 24 16 13 8 15 12 5 27 30 11 14 33 19 22 3 6 29 31 21 20 1 32 18 28 26 2 7 23 10 9 25 
0 17 30 11 14 33 19 22 3 6 29 8 7 9 25 23 13 2 15 16 24 4 26 28 18 32 1 20 21 31 10 5 27 12 
0 17 30 11 14 33 19 22 3 6 29 31 21 20 1 32 26 4 24 25 9 7 2 23 10 27 5 12 15 8 13 16 28 18 
0 17 30 11 2 24 4 26 28 18 15 13 16 32 31 29 6 3 22 19 21 20 1 33 8 7 9 25 14 12 5 27 10 23 
0 25 9 7 8 23 10 27 5 12 15 13 16 24 18 32 1 20 31 29 6 21 3 22 19 33 14 11 30 17 28 26 4 2 
0 17 30 11 14 33 19 22 3 6 29 31 32 20 21 1 16 13 18 28 25 9 7 8 23 10 27 5 12 15 2 24 4 26 
0 17 30 11 14 33 19 22 25 9 7 8 23 10 27 5 12 4 26 28 18 20 3 6 29 31 21 1 24 16 13 2 15 32 
0 17 30 11 14 6 29 22 3 33 19 31 21 1 20 32 16 18 13 28 26 4 24 2 15 12 5 27 10 23 8 25 9 7 
0 30 17 11 14 32 1 33 19 22 3 6 29 31 12 15 2 13 16 24 4 26 28 18 20 21 5 27 10 23 8 7 9 25 
0 25 9 7 8 23 20 27 5 12 15 2 13 16 24 4 26 28 18 32 1 10 21 31 29 6 3 22 19 33 14 11 30 17 
0 17 30 11 14 33 19 22 3 6 29 31 21 20 1 32 18 25 23 9 24 28 26 4 2 16 15 7 8 10 27 5 12 13 
0 17 30 11 14 33 19 22 3 6 29 31 21 20 1 32 18 25 23 9 24 28 26 4 2 16 15 7 8 10 27 5 12 13 
0 17 28 26 4 24 25 9 7 8 23 10 27 5 15 2 13 16 18 32 1 20 21 31 29 6 3 22 19 33 12 14 11 30 
0 17 30 11 14 33 19 22 3 6 25 9 7 23 10 27 5 12 15 2 13 16 24 26 28 18 32 1 20 21 31 29 8 4 
0 17 30 11 14 33 19 22 3 23 8 27 18 32 20 1 6 29 31 21 28 26 4 24 16 13 2 15 12 5 10 7 9 25 
0 17 30 11 14 3 22 29 33 19 1 20 21 31 6 24 4 26 28 18 32 16 25 9 7 8 23 10 27 5 12 15 2 13 
0 17 30 11 14 33 19 22 20 1 32 18 28 26 4 24 13 2 15 21 31 16 29 6 3 9 25 10 27 5 12 23 8 7 
0 17 30 11 14 16 24 4 26 28 18 27 10 23 8 7 9 25 20 21 31 29 6 3 22 19 33 2 5 12 15 1 32 13 
0 17 30 11 14 25 9 7 8 23 10 5 33 19 22 3 21 1 32 18 28 26 16 13 27 12 15 2 24 4 20 31 29 6 
0 17 30 11 14 33 19 22 3 6 29 31 21 20 1 32 26 4 24 25 9 7 8 23 10 27 12 5 28 13 16 15 2 18 
0 17 30 11 14 33 19 28 26 4 24 25 9 7 8 23 10 27 5 12 15 18 22 3 6 29 31 21 20 1 32 2 13 16 
0 17 30 11 14 33 19 22 3 6 29 31 21 20 1 32 18 15 26 4 24 16 5 2 13 28 12 25 9 7 8 23 10 27 
0 17 30 11 14 33 19 22 25 9 7 8 15 2 12 16 26 4 24 28 13 18 32 3 6 29 31 21 1 20 5 27 10 23 
0 20 1 32 18 28 26 4 24 16 13 2 15 17 30 14 21 31 29 22 3 6 11 33 19 25 9 7 8 23 10 27 5 12 
0 25 9 7 8 23 10 27 5 17 30 11 26 28 18 32 1 20 21 31 29 6 3 22 19 33 14 4 24 16 13 2 15 12 
0 17 30 11 14 33 19 22 3 6 29 32 18 26 4 25 9 7 8 23 10 27 5 12 15 2 13 16 24 31 21 20 1 28 
0 17 30 11 14 33 19 22 3 6 29 31 21 20 1 32 7 10 23 2 25 9 8 18 28 26 4 24 16 5 12 15 27 13 
0 25 9 7 8 23 10 27 5 12 15 2 13 16 20 6 31 29 21 3 22 19 33 14 11 30 17 26 1 32 18 28 4 24 
0 17 33 19 3 14 11 30 22 6 29 31 21 20 1 32 18 28 26 4 24 25 9 7 2 16 13 23 27 10 5 15 12 8 
0 17 30 11 14 33 19 22 3 6 29 31 21 20 1 32 15 12 5 27 24 16 13 2 18 28 26 25 4 23 10 8 7 9 
0 17 30 11 14 33 19 22 3 6 29 31 21 27 10 4 26 28 18 32 1 20 16 2 13 24 23 15 25 9 7 8 12 5 
0 25 9 7 8 23 10 27 5 16 13 2 15 17 30 11 14 33 19 1 32 18 28 26 21 20 22 3 6 29 31 4 24 12 
0 17 30 11 14 16 24 4 26 32 18 28 3 6 29 31 21 20 1 13 33 19 22 25 9 7 8 23 10 27 5 12 15 2 
0 25 9 7 8 23 10 5 27 12 15 17 30 11 14 33 19 22 4 26 28 18 20 21 31 29 6 3 1 32 24 16 13 2 
0 17 30 11 14 33 25 21 16 13 2 15 12 5 27 10 23 8 7 19 22 3 6 29 31 9 20 1 32 18 28 26 4 24 
0 17 30 11 14 33 19 22 3 6 29 31 21 20 1 32 26 24 25 9 18 28 12 5 27 10 23 8 7 16 4 13 2 15 
0 17 30 11 14 33 19 22 25 9 7 8 23 10 27 5 12 4 26 28 18 20 21 31 29 32 24 15 6 3 1 2 16 13 
0 17 30 33 14 11 19 22 3 6 29 31 21 20 32 18 28 26 4 24 16 9 25 15 7 23 13 2 12 5 27 1 10 8 
0 17 33 19 3 14 11 30 22 6 29 31 21 20 1 32 18 28 24 4 26 7 9 25 8 23 10 5 12 15 2 16 27 13 
0 17 30 11 14 33 19 22 3 6 29 31 9 21 25 20 1 32 18 28 26 4 16 13 24 2 15 12 5 27 10 23 8 7 
0 17 30 11 14 33 19 22 3 26 4 24 25 9 7 8 15 2 12 16 13 28 18 32 1 6 29 31 21 20 23 10 27 5 
0 17 30 11 14 8 23 10 27 5 12 15 2 13 7 9 25 33 1 19 4 26 28 18 32 16 24 22 3 6 29 31 20 21 
0 25 9 7 8 23 10 27 5 12 15 2 13 16 24 4 26 20 1 32 18 28 21 17 30 11 29 6 14 33 19 22 3 31 
0 25 9 7 8 23 10 27 5 30 17 29 31 21 20 1 32 18 28 26 4 24 16 13 12 2 11 14 33 19 22 3 6 15 
0 17 30 11 14 33 19 22 3 21 6 29 31 20 13 1 32 26 24 16 2 15 12 5 7 28 18 4 10 27 25 9 23 8 
0 17 30 11 14 33 19 22 3 25 9 7 8 23 10 29 31 21 20 1 32 18 28 26 4 24 6 16 13 2 15 12 5 27 
0 17 30 11 14 33 19 22 3 6 29 31 21 20 1 25 32 26 4 9 7 8 23 10 27 5 12 15 2 13 16 24 18 28 
0 25 9 7 8 23 10 27 5 17 30 11 14 21 12 15 2 20 31 29 6 3 22 19 33 1 13 32 18 28 26 4 24 16 
0 17 30 11 14 33 19 22 3 21 6 29 31 20 26 28 18 32 1 4 25 9 7 16 13 15 2 24 12 23 10 8 27 5 
0 17 29 33 14 11 19 22 3 6 30 31 21 20 1 32 18 28 26 4 24 16 13 2 15 12 5 10 25 23 9 7 8 27 
0 25 14 7 8 23 10 27 5 15 2 13 16 17 30 11 9 33 19 22 3 6 29 31 21 20 12 1 32 18 28 26 4 24 
0 9 7 8 23 25 10 27 5 12 15 17 30 11 14 33 19 22 3 26 4 24 2 16 13 28 18 32 1 6 29 31 21 20 
0 25 9 7 8 23 10 5 27 12 15 2 13 16 17 30 11 14 33 19 22 3 6 29 32 1 28 31 21 20 18 26 4 24 
0 17 30 11 14 33 25 9 7 13 2 15 12 5 27 23 8 16 24 4 19 22 3 6 29 31 20 32 1 18 28 26 10 21 
0 17 30 11 14 33 19 22 3 6 29 25 9 7 8 23 21 18 28 10 27 5 12 15 2 13 16 24 4 26 32 1 20 31 
0 25 9 7 8 23 10 27 5 12 17 30 11 14 33 19 22 3 6 24 16 13 2 15 4 1 20 21 31 29 32 18 28 26 
0 17 30 11 14 33 19 22 3 6 29 31 21 20 1 32 15 12 5 27 10 23 8 7 9 26 28 16 24 4 25 13 18 2 
0 17 30 24 4 26 28 11 14 33 19 22 3 6 29 31 21 20 1 32 18 7 9 25 8 23 10 5 12 15 2 16 27 13 
0 17 30 11 14 6 29 22 3 33 19 31 21 1 32 18 16 24 4 26 28 2 25 7 8 23 9 10 27 20 13 15 12 5 
0 17 30 11 14 33 19 22 3 6 29 31 21 20 1 25 32 26 4 9 7 8 23 10 27 5 16 24 28 18 13 2 15 12 
0 21 17 30 11 14 33 19 22 3 6 29 31 20 1 4 32 18 28 26 24 16 10 23 8 7 9 27 13 2 15 12 5 25 
0 17 30 11 25 33 31 29 6 3 22 19 21 20 1 32 18 28 26 14 4 16 13 2 15 5 27 10 23 8 7 9 24 12 
0 17 30 11 14 33 19 1 32 18 28 16 5 27 10 23 8 7 9 25 21 26 13 2 15 12 24 4 22 3 6 29 31 20 
0 25 9 7 8 23 10 27 5 12 15 2 13 16 24 17 30 11 14 33 4 26 18 32 29 6 3 22 19 31 1 20 21 28 
0 17 30 11 14 33 19 22 3 26 4 24 28 18 32 1 20 21 23 9 25 16 13 2 6 29 31 15 5 12 27 10 7 8 
0 17 15 2 13 16 24 26 28 18 32 27 5 12 4 11 14 25 9 7 8 23 10 1 20 21 31 29 6 3 22 30 33 19 
0 17 30 11 32 1 20 21 29 6 14 33 19 22 3 25 9 7 8 23 10 16 5 27 12 15 2 13 24 4 26 28 18 31 
0 17 30 11 14 33 19 22 3 6 29 31 21 25 9 7 8 4 10 26 23 27 16 13 2 15 12 5 24 28 18 32 1 20 
0 17 24 16 13 2 15 12 5 4 26 32 18 1 20 21 31 29 6 3 22 19 14 11 33 30 8 23 10 27 28 7 25 9 
0 25 19 17 30 11 14 33 22 3 6 29 31 21 20 1 32 18 28 13 26 4 24 7 16 15 12 5 27 10 23 8 9 2 
0 17 30 11 14 24 16 13 2 15 33 19 22 3 6 29 31 7 8 23 10 27 5 12 4 26 28 25 9 18 32 1 20 21 
0 17 30 11 14 33 31 29 6 3 22 19 4 20 32 13 16 1 18 28 26 21 24 2 15 12 5 27 10 23 25 9 7 8 
0 17 30 11 14 33 25 3 32 19 22 1 20 21 12 15 2 13 16 24 4 26 28 18 6 29 31 5 27 7 10 23 8 9 
0 17 30 11 14 4 25 9 7 8 33 19 22 3 26 23 10 27 5 12 15 2 13 16 24 28 18 32 1 20 21 31 29 6 
0 17 30 11 14 33 25 3 7 9 8 23 10 27 5 24 16 13 2 15 12 19 32 18 28 26 4 22 6 29 31 21 20 1 
0 17 30 11 14 33 16 22 3 6 29 31 21 20 1 25 9 7 8 26 4 24 19 13 2 15 12 5 27 10 23 28 18 32 
0 4 24 16 13 2 15 12 5 27 10 23 8 7 9 25 18 28 26 17 30 11 14 33 19 32 1 6 3 22 29 31 21 20 
0 17 30 11 14 33 19 22 3 25 4 6 29 31 21 20 1 32 18 28 26 8 12 2 13 16 24 5 27 10 23 7 15 9 
0 17 30 11 14 16 24 4 26 28 18 27 10 23 8 7 9 25 20 21 31 29 6 2 13 32 1 33 19 22 3 15 12 5 
0 17 11 14 33 19 22 25 9 7 8 23 10 27 5 12 15 2 13 20 24 4 26 32 18 28 1 16 21 31 30 3 29 6 
0 21 30 11 17 2 24 4 26 28 18 15 13 16 32 31 29 6 3 22 19 33 14 1 20 12 23 10 9 25 7 8 27 5 
0 17 30 11 14 33 4 19 22 3 6 25 7 13 2 15 12 5 27 10 23 8 9 16 24 26 28 18 32 1 29 31 20 21 
0 17 30 11 14 33 19 1 32 18 28 26 21 20 22 3 6 29 31 4 24 2 13 27 10 23 25 15 7 8 5 16 12 9 
0 17 30 4 26 28 18 32 20 21 31 23 10 27 5 12 15 2 13 16 24 11 14 33 1 25 9 7 8 29 6 3 22 19 
0 17 30 11 14 33 19 22 13 29 31 21 20 1 3 6 32 18 28 26 5 27 8 10 23 12 24 2 15 16 7 9 25 4 
0 17 30 25 9 7 8 23 10 5 27 12 15 2 13 16 11 14 33 19 1 22 18 3 21 24 4 26 28 32 6 29 31 20 
0 17 30 11 14 33 19 22 3 21 6 29 31 20 1 32 8 10 23 12 24 2 28 26 4 25 9 7 16 13 15 18 27 5 
0 17 30 11 31 33 19 22 25 9 7 8 23 10 5 27 12 15 2 13 16 3 6 29 14 21 20 32 1 18 28 26 4 24 
0 30 11 14 33 17 19 22 3 29 9 6 21 31 25 20 1 32 18 28 26 4 24 16 13 2 15 12 5 10 27 23 8 7 
0 25 19 17 30 11 14 33 32 18 28 26 4 24 16 13 2 22 3 6 29 31 21 20 5 12 1 27 15 23 10 9 7 8 
0 20 6 31 29 21 3 22 19 33 14 11 30 17 26 8 7 9 25 1 32 18 28 4 24 16 13 2 15 23 10 27 5 12 
0 19 30 11 14 33 4 22 3 6 29 31 21 20 1 17 32 18 28 26 24 16 2 13 7 23 10 27 12 5 15 8 25 9 
0 24 16 13 2 15 12 5 27 10 23 25 19 17 30 11 14 33 3 7 9 8 4 26 28 18 1 32 22 6 29 31 21 20 
0 17 30 19 25 9 7 8 14 33 11 22 3 6 29 31 21 4 26 28 24 15 12 5 27 32 13 16 18 1 20 2 23 10 
0 17 30 11 14 33 19 22 3 6 29 31 13 1 20 21 18 28 25 26 4 24 16 9 7 8 23 10 27 5 12 32 15 2 
0 17 30 25 9 18 32 1 20 21 31 29 6 3 22 33 11 14 19 28 7 8 23 10 5 27 12 15 2 13 16 24 4 26 
0 30 11 14 32 1 20 21 31 29 6 3 18 28 33 19 22 15 2 12 13 16 24 4 26 5 27 10 17 23 8 7 9 25 
0 28 26 4 14 25 9 33 19 22 3 6 29 31 21 20 1 32 18 17 30 11 24 16 13 2 15 12 5 27 10 23 7 8 
0 17 30 11 14 33 19 22 3 25 9 7 8 10 27 5 12 15 32 20 23 1 6 29 31 21 18 28 26 2 13 16 4 24 
0 25 9 17 30 11 14 33 19 22 3 6 29 31 13 16 15 4 7 8 23 10 27 5 12 2 26 21 20 1 18 28 24 32 
0 25 9 17 30 11 14 33 16 22 3 6 29 31 21 20 1 7 8 26 4 24 19 13 2 15 12 5 27 10 23 28 18 32 
0 17 30 11 21 14 33 19 22 25 9 7 8 23 10 27 5 12 15 2 13 16 24 4 26 29 6 32 1 20 31 28 18 3 
0 25 9 7 8 3 11 30 17 6 29 31 21 20 1 32 12 5 27 10 23 14 15 2 13 16 24 4 26 28 18 19 33 22 
0 16 13 2 15 12 30 27 17 5 11 14 33 19 22 3 6 29 31 21 20 1 32 18 28 26 4 24 10 23 9 8 7 25 
0 25 9 7 8 23 10 27 5 12 15 2 13 16 17 30 11 14 33 19 1 22 18 3 21 24 4 26 28 32 6 20 31 29 
0 17 30 26 14 33 19 22 3 6 29 31 21 20 1 18 28 11 4 24 32 16 13 2 15 12 5 27 10 23 9 8 7 25 
0 25 9 7 17 30 11 32 1 20 21 29 6 15 12 5 27 10 23 8 16 13 26 4 24 28 18 2 3 19 33 14 22 31 
0 25 9 7 8 10 27 23 5 17 28 26 4 24 12 15 18 30 11 14 33 19 22 3 6 29 31 21 20 1 32 2 13 16 
0 17 30 11 14 19 22 25 9 7 8 23 10 27 5 12 1 26 3 33 6 29 31 20 32 18 28 4 24 16 13 2 15 21 
0 17 30 19 25 9 7 8 23 10 27 5 12 15 2 13 16 24 4 26 33 1 32 28 11 14 22 3 6 29 31 21 20 18 
0 21 30 11 14 33 19 22 25 9 7 8 23 10 27 5 12 15 2 3 6 29 31 13 16 4 24 26 28 18 32 17 1 20 
0 25 9 7 8 23 10 11 14 33 19 22 3 17 6 29 31 21 20 1 32 30 15 18 28 4 24 26 16 13 2 12 5 27 
0 17 30 11 14 33 19 22 3 6 29 31 24 4 26 25 9 7 23 10 13 12 2 16 28 18 21 8 20 1 32 27 5 15 
0 17 4 11 14 25 9 7 2 15 12 5 27 10 23 8 13 16 24 26 30 33 19 22 3 6 29 31 21 20 1 32 18 28 
0 25 9 7 8 18 10 27 5 12 15 16 13 2 24 4 26 28 17 30 11 14 33 19 22 3 6 29 31 23 32 1 20 21 
0 17 4 24 16 13 8 30 11 14 32 1 20 21 31 29 6 3 18 28 33 19 22 15 2 12 26 5 27 10 23 7 9 25 
0 17 30 11 4 24 25 28 26 14 33 19 22 3 6 29 31 21 20 1 32 18 10 16 13 2 15 12 5 27 23 8 7 9 
0 25 9 7 8 23 10 11 14 33 19 22 3 17 6 29 30 15 20 1 32 31 21 18 28 26 27 5 12 4 24 16 13 2 
0 17 30 11 14 33 19 22 6 31 29 21 20 1 32 18 25 3 23 9 7 8 15 2 12 16 26 4 28 24 13 5 10 27 
0 20 1 32 18 28 26 4 17 30 11 14 33 19 22 3 6 29 8 7 9 25 23 15 2 13 16 24 21 31 10 5 27 12 
0 25 9 17 30 11 14 33 19 22 3 6 29 31 13 16 15 4 7 8 21 23 10 27 5 12 2 24 26 32 1 20 28 18 
0 17 20 1 32 18 26 4 30 11 33 19 22 6 29 31 21 28 3 7 9 25 8 23 10 27 5 24 16 13 2 15 12 14 
0 17 30 11 15 33 19 22 3 20 5 14 10 23 8 7 9 25 16 24 4 26 28 18 32 1 6 29 31 21 12 2 13 27 
0 25 7 8 23 17 30 11 14 33 19 22 6 29 31 21 28 9 10 27 20 1 3 32 18 16 24 4 26 2 13 5 12 15 
0 17 30 11 14 32 1 33 19 22 3 6 29 31 21 20 7 10 23 2 15 12 5 24 4 28 26 25 13 16 18 8 9 27 
0 25 9 7 8 23 10 27 5 30 17 29 31 21 20 1 32 18 28 26 4 11 33 19 22 6 3 24 16 13 2 14 15 12 
0 17 30 11 14 25 9 7 8 23 10 5 33 19 22 3 6 29 27 21 20 1 32 18 16 24 4 26 28 15 12 31 13 2 
0 26 28 18 33 1 20 21 31 29 6 17 30 11 14 25 9 7 8 32 19 22 3 4 24 16 13 2 15 12 5 27 10 23 
0 28 26 4 25 17 30 11 15 12 5 27 10 23 8 7 9 24 16 13 2 14 33 19 22 3 21 29 31 6 20 18 32 1 
0 17 4 24 16 13 8 15 12 5 27 25 9 7 23 2 18 28 26 30 11 14 19 22 3 6 29 1 32 20 21 31 33 10 
0 25 27 16 13 2 15 12 5 24 26 28 18 32 1 29 4 31 21 9 7 8 23 10 17 11 14 33 19 22 3 6 20 30 
0 17 30 11 14 33 19 22 3 6 29 25 9 7 8 23 21 18 28 26 32 1 20 31 10 2 15 12 5 24 4 13 16 27 
0 17 30 11 14 33 19 22 3 6 29 4 24 16 13 8 15 12 5 27 25 9 7 23 2 18 28 26 31 21 20 1 10 32 
0 17 11 30 14 33 19 22 3 6 29 31 25 9 7 8 10 27 5 12 15 2 26 21 20 1 18 23 28 4 24 13 16 32 
0 25 9 8 23 10 27 17 30 11 14 33 19 22 3 6 29 31 21 1 32 18 16 24 4 13 28 2 26 20 15 12 7 5 
0 22 19 33 14 11 30 17 29 6 3 31 26 16 21 20 1 25 9 7 8 4 24 13 2 15 12 5 27 10 23 28 18 32 
0 17 30 11 14 33 25 3 32 19 22 1 20 21 12 15 4 26 16 8 7 9 13 2 24 28 18 6 29 31 5 27 10 23 
0 17 4 11 14 25 9 7 2 15 12 5 27 10 23 8 13 16 24 26 30 33 19 22 1 3 6 29 31 21 20 32 18 28 
0 17 30 11 14 33 19 22 25 9 7 8 15 2 12 16 26 4 24 3 6 29 31 21 20 1 32 18 27 23 28 10 13 5 
0 25 7 8 23 10 27 17 30 19 9 14 33 11 22 3 6 29 31 21 4 26 28 24 15 12 5 32 13 16 18 1 20 2 
0 17 30 11 14 33 16 22 3 6 29 21 19 26 4 20 1 27 18 28 24 13 2 15 12 5 32 31 23 10 25 9 7 8 
0 30 11 14 33 17 19 22 3 29 9 6 21 8 10 27 5 12 2 13 16 23 7 15 24 4 26 28 18 32 1 20 25 31 
0 25 4 24 2 21 1 18 28 26 16 8 23 10 27 13 7 9 17 32 20 31 29 6 3 22 19 33 14 11 30 5 12 15 
0 17 30 11 14 16 24 3 26 28 18 32 1 20 21 31 29 6 4 22 19 33 13 2 25 9 7 8 5 10 23 27 12 15 
0 29 6 3 22 19 33 14 11 30 17 31 24 4 26 25 9 7 8 23 10 13 12 2 16 28 18 15 21 20 1 32 5 27 
0 17 10 23 27 5 31 29 6 18 28 26 4 24 16 13 2 15 12 21 20 1 22 19 3 25 33 14 11 30 8 7 32 9 
0 17 30 11 14 16 24 4 28 18 27 10 23 8 7 9 25 20 21 31 29 6 3 22 19 12 13 32 33 2 1 5 26 15 
0 25 19 17 30 11 14 33 32 18 28 24 16 13 2 15 12 5 27 10 23 8 7 1 4 9 26 22 3 6 29 31 21 20 
0 17 1 27 24 16 21 20 15 2 25 8 7 9 10 4 12 5 23 26 28 18 32 31 29 6 13 30 11 14 33 19 22 3 
0 17 30 5 19 33 14 11 3 6 29 24 21 25 9 7 8 23 10 27 12 15 2 13 4 26 28 18 32 1 20 31 16 22 
0 17 30 19 25 9 7 8 14 33 11 22 13 6 29 31 21 4 26 28 24 15 12 5 27 32 3 16 18 1 20 2 23 10 
0 30 11 14 33 17 19 22 3 29 9 6 21 31 25 20 1 32 18 28 26 4 24 15 7 23 16 27 8 10 5 12 2 13 
0 17 30 11 14 32 1 20 21 31 29 6 3 18 28 33 19 26 5 27 10 23 8 7 9 22 15 2 12 13 16 24 4 25 
0 25 30 17 9 7 8 11 14 33 1 32 27 10 23 3 21 31 29 6 18 28 26 4 24 16 20 13 2 15 12 19 22 5 
0 17 30 25 9 7 8 26 11 14 19 22 3 6 29 31 21 20 23 18 33 15 10 27 5 12 2 1 32 28 4 24 16 13 
0 25 9 28 26 4 24 29 6 3 16 13 2 15 12 27 10 23 22 19 33 14 11 30 17 8 7 18 32 5 1 20 21 31 
0 30 11 14 33 19 22 3 6 29 31 21 20 1 32 28 10 23 8 17 27 18 16 13 25 26 7 4 24 5 12 15 2 9 
0 17 30 11 14 33 22 25 9 19 7 8 15 2 12 16 26 4 3 32 1 20 21 13 24 28 18 6 29 31 5 27 23 10 
0 17 30 18 14 33 19 22 3 6 29 31 21 20 1 26 28 11 4 24 2 13 27 25 9 7 8 23 10 5 12 15 16 32 
0 17 30 10 33 5 15 13 11 14 27 19 22 3 6 29 31 21 20 1 18 32 23 8 7 9 25 28 26 4 24 16 2 12 
0 25 9 7 8 17 30 11 14 33 19 22 2 21 1 5 10 32 18 28 26 16 13 4 24 6 29 31 3 15 12 27 23 20 
0 20 1 32 18 28 26 2 13 16 24 4 15 17 30 14 21 31 29 6 22 3 11 27 25 5 33 19 12 9 8 23 10 7 
0 17 30 11 14 33 19 22 3 6 29 25 8 27 10 23 7 4 26 15 13 9 18 20 21 31 2 1 32 5 12 16 24 28 
0 17 30 11 14 32 16 13 25 7 10 5 12 15 2 4 9 24 26 20 1 33 19 22 3 6 29 31 21 23 8 27 18 28 
0 17 30 11 33 19 22 3 26 4 24 28 18 32 14 1 20 21 23 9 8 5 10 27 12 15 6 16 13 2 25 7 31 29 
0 17 11 14 33 19 22 3 6 29 4 31 21 25 9 7 8 23 10 30 26 27 5 12 1 24 16 13 2 20 32 18 28 15 
0 17 30 10 33 5 15 13 11 14 27 19 22 3 6 29 31 21 20 1 18 32 26 4 24 12 2 16 25 9 7 8 23 28 
0 17 30 11 14 6 29 10 22 20 21 31 19 33 26 28 18 2 23 7 9 25 12 5 27 15 8 13 16 24 4 1 32 3 
0 25 9 8 23 10 27 31 30 11 14 33 19 22 3 6 29 17 21 1 32 18 16 24 4 13 28 2 26 20 15 12 5 7 
0 15 13 16 24 4 19 22 3 6 29 31 21 20 1 32 18 28 33 26 17 30 11 2 14 12 23 10 9 25 7 8 27 5 
0 17 8 6 26 5 27 10 23 30 7 9 25 3 22 19 33 14 11 2 13 16 32 12 29 31 21 20 1 18 28 4 24 15 
0 17 29 11 14 33 22 3 1 20 21 12 15 2 19 13 16 24 4 30 6 31 32 18 28 26 23 7 8 5 10 25 9 27 
0 17 30 11 25 9 7 8 23 14 18 27 12 15 13 19 22 3 6 29 31 33 10 28 26 4 21 24 16 2 5 20 1 32 
0 17 30 11 14 25 9 7 8 26 3 32 6 29 31 21 20 23 18 16 24 4 28 19 22 33 15 10 27 5 12 1 2 13 
0 25 7 8 4 10 27 5 12 15 2 13 16 24 23 9 26 33 1 32 28 30 11 14 17 19 22 3 6 29 31 21 20 18 
0 16 13 2 15 12 5 27 10 23 8 7 9 25 24 30 26 18 32 1 20 21 31 29 6 3 22 19 28 33 17 4 11 14 
0 17 30 11 14 33 1 32 27 10 23 8 7 9 3 25 21 31 29 6 18 5 15 13 19 22 20 26 4 24 12 2 16 28 
0 16 13 2 15 12 5 27 17 30 11 14 33 25 9 19 22 26 6 29 31 21 20 1 32 24 18 28 3 4 7 10 23 8 
0 25 9 19 33 14 11 30 5 12 8 26 28 18 20 21 31 29 6 3 1 32 22 7 4 23 10 27 17 24 16 2 13 15 
0 17 30 11 14 33 19 22 3 32 23 1 16 8 9 29 2 6 31 21 20 18 28 5 27 10 7 25 24 26 4 13 15 12 
0 25 9 7 8 17 30 11 14 33 19 22 27 12 15 2 4 6 29 31 24 23 13 16 26 28 18 32 10 5 1 21 3 20 
0 17 23 9 8 5 10 6 29 31 27 12 15 16 13 2 1 21 30 11 14 33 19 22 3 26 4 24 28 18 32 25 20 7 
0 24 17 30 11 33 14 19 22 25 9 7 8 31 26 4 28 18 32 1 20 23 5 10 27 12 15 6 29 3 16 21 13 2 
0 25 9 7 26 8 33 27 10 15 5 12 1 32 2 23 13 16 24 4 17 30 31 29 6 3 22 19 21 28 18 20 14 11 
0 17 30 11 14 33 19 22 13 29 31 21 20 1 32 3 26 4 24 16 6 28 23 8 7 9 25 18 27 15 2 10 5 12 
0 17 30 11 4 33 19 22 3 6 29 14 26 28 18 13 16 1 32 20 21 24 8 15 12 5 27 25 9 7 23 2 31 10 
0 17 24 4 26 5 19 33 6 11 30 16 13 2 32 1 20 21 14 22 3 29 31 18 28 7 10 27 12 23 15 8 9 25 
0 25 9 7 18 28 26 4 24 6 16 27 2 5 12 15 13 20 30 1 32 8 23 10 11 14 33 19 22 3 17 29 31 21 
0 17 30 11 14 33 4 19 22 3 6 26 28 23 8 7 9 25 18 27 32 13 29 31 21 20 1 24 16 2 15 12 5 10 
0 17 30 11 25 19 14 3 32 18 28 26 4 24 16 13 2 22 33 6 1 20 10 23 9 8 5 21 27 12 15 29 31 7 
0 25 9 7 8 23 10 27 19 3 6 29 21 20 1 32 18 30 14 33 5 31 17 12 15 13 2 22 11 28 26 4 24 16 
0 17 30 28 26 11 4 6 33 19 22 14 3 29 31 21 20 1 32 18 7 23 16 13 24 2 15 12 5 27 10 8 9 25 
0 3 14 12 5 27 10 23 8 7 15 2 13 16 30 4 26 28 18 32 25 9 1 20 21 31 29 6 17 24 11 33 19 22 
0 25 9 3 19 33 14 11 30 17 6 29 31 21 20 1 32 18 23 15 16 2 12 26 5 4 24 13 7 27 10 22 8 28 
0 17 30 8 25 9 7 11 23 10 27 5 12 1 26 14 33 19 22 3 21 24 31 6 20 32 18 16 13 2 15 29 4 28 
0 17 30 11 27 23 28 14 1 20 21 31 29 25 7 9 8 26 4 24 10 16 13 2 15 12 5 18 33 19 22 3 32 6 
0 17 30 12 14 16 20 32 9 8 23 10 27 5 2 18 15 1 25 13 33 19 22 28 26 4 24 21 31 29 6 3 11 7 
0 15 13 16 24 4 19 22 3 6 8 31 21 20 1 32 18 28 33 26 29 7 9 25 14 11 30 17 23 10 12 2 27 5 
0 17 30 11 14 33 19 23 3 6 29 31 15 20 1 16 2 18 25 9 32 21 28 26 24 13 12 5 27 10 8 7 22 4 
0 17 30 11 14 28 22 1 16 13 32 3 6 29 7 21 20 18 19 26 4 24 33 2 15 12 5 27 10 23 8 31 9 25 
0 25 7 8 23 10 27 19 22 3 6 29 31 21 20 1 28 17 11 26 2 30 14 33 16 32 9 18 5 15 13 24 4 12 
0 17 19 27 10 2 13 16 24 4 26 32 1 25 9 21 31 29 6 3 33 30 22 23 28 8 7 11 14 20 18 15 12 5 
0 25 9 21 31 29 6 3 33 19 22 23 28 7 30 27 10 2 13 16 24 4 26 32 1 20 11 17 14 15 12 5 8 18 
0 17 30 28 26 11 4 6 33 19 22 14 3 29 31 21 20 1 32 18 7 27 16 13 9 25 24 15 2 12 5 23 8 10 
0 25 9 21 31 29 6 3 33 19 22 23 28 8 24 7 10 26 17 30 11 14 20 1 32 18 2 4 15 16 12 13 27 5 
0 17 30 26 14 33 19 22 3 6 29 31 27 25 10 24 4 8 1 20 21 11 28 18 7 5 9 13 16 15 23 12 2 32 
0 17 30 11 14 33 25 9 7 13 2 4 19 22 3 26 6 28 23 8 18 27 32 1 15 10 16 24 5 12 29 31 21 20 
0 17 30 10 33 5 15 13 11 14 27 19 22 24 16 2 12 23 8 7 1 25 26 4 9 3 6 29 31 21 20 28 18 32 
0 17 11 18 33 19 22 3 6 20 29 30 16 21 9 28 7 25 23 8 14 32 1 26 4 24 10 27 5 12 31 13 2 15 
0 17 30 29 7 3 11 14 33 19 22 31 21 28 25 23 16 20 32 9 1 6 8 10 27 26 2 15 12 18 4 24 13 5 
0 17 30 28 18 32 12 20 21 15 2 22 19 33 14 23 13 1 26 11 16 24 27 29 3 6 10 8 31 4 5 7 9 25 
0 27 25 33 8 28 26 4 24 10 5 17 20 15 32 22 19 9 12 30 14 7 3 6 29 31 21 11 1 18 23 16 13 2 
0 21 17 30 26 32 25 9 7 8 23 10 5 19 33 3 6 29 24 2 22 27 12 15 13 16 4 11 14 1 20 31 18 28 
0 17 30 16 29 12 13 11 4 26 9 32 14 33 19 22 3 6 31 21 24 2 20 1 28 10 27 23 8 7 18 25 5 15 
0 25 9 3 22 19 33 18 11 17 12 15 2 13 16 27 10 23 8 7 6 29 4 31 21 20 1 32 14 26 28 5 30 24 
