0 31 65 77 90 107 24 55 23 7 35 85 75 8 92 9 22 42 25 44 109 83 94 40 89 36 34 50 71 28 80 76 43 105 13 6 88 38 67 1 60 104 3 95 30 41 86 18 21 63 87 61 96 62 48 72 53 14 82 78 33 91 16 26 12 47 102 56 58 49 73 57 66 52 106 108 64 99 10 15 98 103 101 74 100 39 84 69 2 32 93 81 45 37 70 5 51 68 4 20 59 11 17 46 54 27 29 79 19 97 
0 31 65 77 90 107 24 55 23 7 35 85 75 8 92 9 22 42 25 44 109 83 94 40 89 36 34 50 58 56 102 47 12 26 16 91 33 78 82 14 53 72 48 62 96 61 87 63 21 18 86 41 30 95 3 104 60 1 67 38 88 6 13 105 43 76 80 28 71 49 73 57 66 52 106 98 15 10 99 64 108 103 101 74 100 39 84 69 2 32 93 81 45 37 70 5 51 68 4 20 59 11 17 46 54 27 29 79 19 97 
0 31 65 77 90 107 24 55 23 7 35 85 75 8 92 9 22 42 25 44 109 83 94 40 89 36 34 50 58 56 102 47 12 26 16 91 33 78 82 14 53 72 48 62 96 61 87 63 21 18 86 41 30 95 3 104 60 1 67 38 88 6 13 105 43 76 80 28 71 49 73 57 66 52 106 108 64 99 10 15 98 103 101 74 100 39 84 69 2 32 93 81 45 37 70 5 51 68 4 20 59 11 17 46 54 27 29 79 19 97 
0 31 65 77 90 107 24 55 23 7 35 85 75 8 92 9 22 42 25 44 109 83 94 40 89 36 34 50 58 56 102 47 12 26 16 91 33 78 82 14 53 72 48 62 96 61 87 63 21 18 86 41 30 95 3 104 60 1 67 38 88 6 13 105 43 76 80 28 71 49 73 57 66 52 106 108 64 99 10 15 98 103 101 74 100 39 84 69 2 32 93 81 45 37 70 5 51 68 4 20 59 11 17 46 54 27 29 79 19 97 
0 31 65 77 90 107 24 55 23 7 35 85 75 8 92 9 22 42 25 44 109 83 94 40 89 36 34 50 58 56 102 47 12 26 16 91 33 78 82 14 53 72 48 62 96 61 87 63 21 18 86 41 30 95 3 104 60 1 67 38 88 6 13 105 43 76 80 28 71 49 73 57 66 52 106 108 64 99 10 15 98 103 101 74 100 39 84 69 2 32 93 81 45 37 70 5 51 68 4 20 59 11 17 46 54 27 29 79 19 97 
0 31 65 77 90 107 24 55 23 7 35 85 75 8 92 9 22 42 25 44 109 83 94 40 89 36 34 50 58 56 102 47 12 26 16 91 33 78 82 14 53 72 48 62 96 61 87 63 21 18 86 41 30 95 3 104 60 1 67 38 88 6 13 105 43 76 80 28 71 49 73 57 66 52 106 108 64 99 10 15 98 103 101 74 100 39 84 69 2 32 93 81 45 37 70 5 51 68 4 20 59 11 17 46 54 27 29 79 19 97 
0 31 65 77 90 107 24 55 23 7 35 85 75 8 92 9 22 42 25 44 109 83 94 40 89 36 34 50 58 56 102 47 12 26 16 91 33 78 82 14 53 72 48 62 96 61 87 63 21 18 86 41 30 95 3 104 60 1 67 38 88 6 13 105 43 76 80 28 71 49 73 57 66 52 106 108 64 99 10 15 98 103 101 74 100 39 84 69 2 32 93 81 45 37 70 5 51 68 4 20 59 11 17 46 54 27 29 79 19 97 
0 31 65 77 90 107 24 55 23 7 35 85 75 8 92 9 22 42 25 44 109 83 94 40 89 36 34 50 58 56 102 47 12 26 16 91 33 78 82 14 53 72 48 62 96 61 87 63 21 18 86 41 30 95 3 104 60 1 67 38 88 6 13 105 43 76 80 28 71 49 73 57 66 52 106 108 64 99 10 15 98 103 101 74 100 39 84 69 2 32 93 81 45 37 70 5 51 68 4 20 59 11 17 46 54 27 29 79 19 97 
0 31 65 77 90 107 24 55 23 7 35 85 75 8 92 9 22 42 25 44 109 83 94 40 89 36 34 50 58 56 102 47 12 26 16 91 33 78 82 14 53 72 48 62 96 61 87 63 21 18 86 41 30 95 3 104 60 1 67 38 88 6 13 105 43 76 80 28 71 49 73 57 66 52 106 108 64 99 10 15 98 103 101 74 100 39 84 69 2 32 93 81 45 37 70 5 51 68 4 20 59 11 17 46 54 27 29 79 19 97 
0 31 65 77 90 107 24 55 23 7 35 85 75 8 92 9 22 42 25 44 109 83 94 40 89 36 34 50 58 56 102 47 12 26 16 91 33 78 82 14 53 72 48 62 96 61 87 63 21 18 86 41 30 95 3 104 60 1 67 38 88 6 13 105 43 76 80 28 71 49 73 57 66 52 106 108 64 99 10 15 98 103 101 74 100 39 84 69 2 32 93 81 45 37 70 5 51 68 4 20 59 11 17 46 54 27 29 79 19 97 
0 31 65 77 90 107 24 55 23 7 35 85 75 8 92 9 22 42 25 44 109 83 94 40 89 36 34 50 58 56 102 47 12 26 16 91 33 78 82 14 53 72 48 62 96 61 87 63 21 18 86 41 30 95 3 104 60 1 67 38 88 6 13 105 43 76 80 28 71 49 73 57 66 52 106 108 64 99 10 15 98 103 101 74 100 39 84 69 2 32 93 81 45 37 70 5 51 68 4 20 59 11 17 46 54 27 29 79 19 97 
0 31 65 77 90 107 24 55 23 7 35 85 75 8 92 9 22 42 25 44 109 83 94 40 89 36 34 50 58 56 102 47 12 26 16 91 33 78 82 14 53 72 48 62 96 61 87 63 21 18 86 41 30 95 3 104 60 1 67 38 88 6 13 105 43 76 80 28 71 49 73 57 66 52 106 108 64 99 10 15 98 103 101 74 100 39 84 69 2 32 93 81 45 37 70 5 51 68 4 20 59 11 17 46 54 27 29 79 19 97 
0 31 65 77 90 107 24 55 23 7 35 85 75 8 92 9 22 42 25 44 109 83 94 40 89 36 34 50 58 56 102 47 12 26 16 91 33 78 82 14 53 72 48 62 96 61 87 63 21 18 86 41 30 95 3 104 60 1 67 38 88 6 13 105 43 76 80 28 71 49 73 57 66 52 106 108 64 99 10 15 98 103 101 74 100 39 84 69 2 32 93 81 45 37 70 5 51 68 4 20 59 11 17 46 54 27 29 79 19 97 
0 31 65 77 90 107 24 55 23 7 35 85 75 8 92 9 22 42 25 44 109 83 94 40 89 36 34 50 58 56 102 47 12 26 16 91 33 78 82 14 53 72 48 62 96 61 87 63 21 18 86 41 30 95 3 104 60 1 67 38 88 6 13 105 43 76 80 28 71 49 73 57 66 52 106 108 64 99 10 15 98 103 101 74 100 39 84 69 2 32 93 81 45 37 70 5 51 68 4 20 59 11 17 46 54 27 29 79 19 97 
0 31 65 77 90 107 24 55 23 7 35 85 75 8 92 9 22 42 25 44 109 83 94 40 89 36 34 50 58 56 102 47 12 26 16 91 33 78 82 14 53 72 48 62 96 61 87 63 21 18 86 41 30 95 3 104 60 1 67 38 88 6 13 105 43 76 80 28 71 49 73 57 66 52 106 108 64 99 10 15 98 103 101 74 100 39 84 69 2 32 93 81 45 37 70 5 51 68 4 20 59 11 17 46 54 27 29 79 19 97 
0 31 65 77 90 107 24 55 23 7 35 85 75 8 92 9 22 42 25 44 109 83 94 40 89 36 34 50 58 56 102 47 12 26 16 91 33 78 82 14 53 72 48 62 96 61 87 63 21 18 86 41 30 95 3 104 60 1 67 38 88 6 13 105 43 76 80 28 71 49 73 57 66 52 106 108 64 99 10 15 98 103 101 74 100 39 84 69 2 32 93 81 45 37 70 5 51 68 4 20 59 11 17 46 54 27 29 79 19 97 
0 31 65 77 90 107 24 55 23 7 35 85 75 8 92 9 22 42 25 44 109 83 94 40 89 36 34 50 58 56 102 47 12 26 16 91 33 78 82 14 53 72 48 62 96 61 87 63 21 18 86 41 30 95 3 104 60 1 67 38 88 6 13 105 43 76 80 28 71 49 73 57 66 52 106 108 64 99 10 15 98 103 101 74 100 39 84 69 2 32 93 81 45 37 70 5 51 68 4 20 59 11 17 46 54 27 29 79 19 97 
0 31 65 77 90 107 24 55 23 7 35 85 75 8 92 9 22 42 25 44 109 83 94 40 89 36 34 50 58 56 102 47 12 26 16 91 33 78 82 14 53 72 48 62 96 61 87 63 21 18 86 41 30 95 3 104 60 1 67 38 88 6 13 105 43 76 80 28 71 49 73 57 66 52 106 108 64 99 10 15 98 103 101 74 100 39 84 69 2 32 93 81 45 37 70 5 51 68 4 20 59 11 17 46 54 27 29 79 19 97 
0 31 65 77 90 107 24 55 23 7 35 85 75 8 92 9 22 42 25 44 109 83 94 40 89 36 34 50 58 56 102 47 12 26 16 91 33 78 82 14 53 72 48 62 96 61 87 63 21 18 86 41 30 95 3 104 60 1 67 38 88 6 13 105 43 76 80 28 71 49 73 57 66 52 106 108 64 99 10 15 98 103 101 74 100 39 84 69 2 32 93 81 45 37 70 5 51 68 4 20 59 11 17 46 54 27 29 79 19 97 
0 31 65 77 90 107 24 55 23 7 35 85 75 8 92 9 22 42 25 44 109 83 94 40 89 36 34 50 58 56 102 47 12 26 16 91 33 78 82 14 53 72 48 62 96 61 87 63 21 18 86 41 30 95 3 104 60 1 67 38 88 6 13 105 43 76 80 28 71 49 73 57 66 52 106 108 64 99 10 15 98 103 101 74 100 39 84 69 2 32 93 81 45 37 70 5 51 68 4 20 59 11 17 46 54 27 29 79 19 97 
0 31 65 77 90 107 24 55 23 7 35 85 75 8 92 9 22 42 25 44 109 83 94 40 89 36 34 50 58 56 102 47 12 26 16 91 33 78 82 14 53 72 48 62 96 61 87 63 21 18 86 41 30 95 3 104 60 1 67 38 88 6 13 105 43 76 80 28 71 49 73 57 66 52 106 108 64 99 10 15 98 103 101 74 100 39 84 69 2 32 93 81 45 37 70 5 51 68 4 20 59 11 17 46 54 27 29 79 19 97 
0 31 65 77 90 107 24 55 23 7 35 85 75 8 92 9 22 42 25 44 109 83 94 40 89 36 34 50 58 56 102 47 12 26 16 91 33 78 82 14 53 72 48 62 96 61 87 63 21 18 86 41 30 95 3 104 60 1 67 38 88 6 13 105 43 76 80 28 71 49 73 57 66 52 106 108 64 99 98 15 10 103 101 74 100 39 84 69 2 32 93 81 45 37 70 5 51 68 4 20 59 11 17 46 54 27 29 79 19 97 
0 31 65 77 90 107 24 55 23 7 35 85 75 8 92 9 22 42 25 44 109 83 94 40 89 36 34 50 71 28 80 76 43 105 13 6 88 38 67 1 60 104 3 95 30 41 86 18 21 63 87 61 96 62 48 72 53 14 82 78 33 91 16 26 12 47 102 56 58 49 73 57 66 98 15 10 99 64 108 106 52 103 101 74 100 39 84 69 2 32 93 81 45 37 70 5 51 68 4 20 59 11 17 46 54 27 29 79 19 97 
0 31 65 77 90 107 24 55 23 7 35 85 75 8 92 9 22 42 25 44 109 83 94 40 89 36 34 50 71 28 80 76 43 105 13 6 88 38 67 1 60 104 3 95 30 41 86 18 21 63 87 61 96 62 48 72 53 14 82 78 33 91 16 26 12 47 102 56 58 49 73 57 66 98 15 10 99 64 108 106 52 103 101 74 100 39 84 69 2 32 93 81 45 37 70 5 51 68 4 20 59 11 17 46 54 27 29 79 19 97 
0 31 65 77 90 107 24 55 23 7 35 85 75 8 92 9 22 42 25 44 109 83 94 40 89 36 34 50 71 28 80 76 43 105 13 6 88 38 67 1 60 104 3 95 30 41 86 18 21 63 87 61 96 62 48 72 53 14 82 78 33 91 16 26 12 47 102 56 58 49 73 57 66 98 15 10 99 64 108 106 52 103 101 74 100 39 84 69 2 32 93 81 45 37 70 5 51 68 4 20 59 11 17 46 54 27 29 79 19 97 
0 31 65 77 90 107 24 55 23 7 35 85 75 8 92 9 22 42 25 44 109 83 94 40 89 36 34 50 71 28 80 76 43 105 13 6 88 38 67 1 60 104 3 95 30 41 86 18 21 63 87 61 96 62 48 72 53 14 82 78 33 91 16 26 12 47 102 56 58 49 73 57 66 98 15 10 99 64 108 106 52 103 101 74 100 39 84 69 2 32 93 81 45 37 70 5 51 68 4 20 59 11 17 46 54 27 29 79 19 97 
0 31 65 77 90 107 24 55 23 7 35 85 75 8 92 9 22 42 25 44 109 83 94 40 89 36 34 50 71 28 80 76 43 105 13 6 88 38 67 1 60 104 3 95 30 41 86 18 21 63 87 61 96 62 48 72 53 14 82 78 33 91 16 26 12 47 102 56 58 49 73 57 66 98 15 10 99 64 108 106 52 103 101 74 100 39 84 69 2 32 93 81 45 37 70 5 51 68 4 20 59 11 17 46 54 27 29 79 19 97 
0 31 65 77 90 107 24 55 23 7 35 85 8 92 9 75 22 42 25 44 109 83 94 40 89 36 34 50 58 56 102 47 12 26 16 91 33 78 82 14 53 72 48 62 96 61 87 63 21 18 86 41 30 95 3 104 60 1 67 38 88 6 13 105 43 76 80 28 71 49 73 57 66 52 106 108 64 99 10 15 98 103 101 74 100 39 84 69 2 32 93 81 45 37 70 5 51 68 4 20 59 11 17 46 54 27 29 79 19 97 
0 31 65 77 90 107 24 55 23 7 35 85 75 8 92 9 22 42 25 44 109 83 94 82 40 89 36 34 50 58 56 102 47 12 26 16 91 33 78 14 53 72 48 62 96 61 87 63 21 18 86 41 30 95 3 104 60 1 67 38 88 6 13 105 43 76 80 28 71 49 73 57 66 52 106 108 64 99 10 15 98 103 101 74 100 39 84 69 2 32 93 81 45 37 70 5 51 68 4 20 59 11 17 46 54 27 29 79 19 97 
0 31 65 77 90 107 24 55 23 7 35 85 75 8 92 9 22 42 25 44 109 83 94 82 40 89 36 34 50 58 56 102 47 12 26 16 91 33 78 14 53 72 48 62 96 61 87 63 21 18 86 41 30 95 3 104 60 1 67 38 88 6 13 105 43 76 80 28 71 49 73 57 66 52 106 108 64 99 10 15 98 103 101 74 100 39 84 69 2 32 93 81 45 37 70 5 51 68 4 20 59 11 17 46 54 27 29 79 19 97 
0 31 65 77 90 107 24 55 23 7 35 85 75 8 92 9 22 42 25 44 109 83 94 82 40 89 36 34 50 58 56 102 47 12 26 16 91 33 78 14 53 72 48 62 96 61 87 63 21 18 86 41 30 95 3 104 60 1 67 38 88 6 13 105 43 76 80 28 71 49 73 57 66 52 106 108 64 99 10 15 98 103 101 74 100 39 84 69 2 32 93 81 45 37 70 5 51 68 4 20 59 11 17 46 54 27 29 79 19 97 
0 31 65 77 90 107 24 55 23 7 35 85 75 8 92 9 22 42 25 44 109 83 94 82 40 89 36 34 50 58 56 102 47 12 26 16 91 33 78 14 53 72 48 62 96 61 87 63 21 18 86 41 30 95 3 104 60 1 67 38 88 6 13 105 43 76 80 28 71 49 73 57 66 52 106 108 64 99 10 15 98 103 101 74 100 39 84 69 2 32 93 81 45 37 70 5 51 68 4 20 59 11 17 46 54 27 29 79 19 97 
0 31 65 77 90 107 24 55 23 7 35 85 75 8 92 9 22 42 25 44 109 83 94 40 89 36 34 50 58 56 102 47 12 26 16 91 33 78 82 14 53 72 48 62 96 61 87 63 21 18 86 41 30 95 3 104 60 1 67 38 88 6 13 105 43 76 80 28 71 49 73 57 66 52 98 15 10 99 64 108 106 103 101 74 100 39 84 69 2 32 93 81 45 37 70 5 51 68 4 20 59 11 17 46 54 27 29 79 19 97 
0 31 65 77 90 107 24 55 23 7 35 85 75 8 92 9 22 42 25 44 109 83 94 40 89 82 36 34 50 58 56 102 47 12 26 16 91 33 78 14 53 72 48 62 96 61 87 63 21 18 86 41 30 95 3 104 60 1 67 38 88 6 13 105 43 76 80 28 71 49 73 57 66 98 15 10 99 64 108 106 52 103 101 74 100 39 84 69 2 32 93 81 45 37 70 5 51 68 4 20 59 11 17 46 54 27 29 79 19 97 
0 31 65 77 90 107 24 55 23 7 35 85 75 8 92 9 22 42 25 44 109 83 94 40 89 82 36 34 50 58 56 102 47 12 26 16 91 33 78 14 53 72 48 62 96 61 87 63 21 18 86 41 30 95 3 104 60 1 67 38 88 6 13 105 43 76 80 28 71 49 73 57 66 98 15 10 99 64 108 106 52 103 101 74 100 39 84 69 2 32 93 81 45 37 70 5 51 68 4 20 59 11 17 46 54 27 29 79 19 97 
0 31 65 77 90 107 24 55 23 7 35 85 75 8 92 9 22 42 25 44 109 83 94 40 89 36 34 50 58 56 102 47 12 26 16 91 33 78 82 14 53 72 48 62 96 61 87 63 21 18 86 41 30 95 3 104 60 1 67 38 88 6 13 105 43 76 80 28 71 49 73 57 66 98 15 10 99 64 108 106 52 103 101 74 100 39 84 69 2 32 81 45 37 70 5 51 68 4 93 20 59 11 17 46 54 27 29 79 19 97 
0 31 90 77 65 107 24 55 23 7 35 85 75 8 92 9 22 42 25 44 109 83 94 40 89 36 34 50 58 56 102 47 12 26 16 91 33 78 82 14 53 72 48 62 96 61 87 63 21 18 86 41 30 95 3 104 60 1 67 38 88 6 13 105 43 76 80 28 71 49 73 57 66 52 106 108 64 99 10 15 98 103 101 74 100 39 84 69 2 32 93 81 45 37 70 5 51 68 4 20 59 11 17 46 54 27 29 79 19 97 
0 31 65 77 90 107 24 55 23 7 35 85 75 8 92 9 22 42 25 44 109 83 94 40 89 36 34 50 58 56 102 47 12 26 16 91 33 78 82 14 53 72 48 62 96 61 87 63 21 18 86 41 30 95 3 104 60 1 67 38 88 6 13 105 43 76 80 28 71 49 73 57 66 98 15 10 99 64 52 106 108 103 101 74 100 39 84 69 2 32 93 81 45 37 70 5 51 68 4 20 59 11 17 46 54 27 29 79 19 97 
0 31 65 77 90 107 24 55 23 7 35 85 75 8 92 9 22 42 25 44 109 83 94 40 89 36 34 50 58 56 102 47 12 26 16 91 33 78 82 14 53 72 48 62 96 61 87 63 21 18 86 41 30 95 3 104 60 1 67 38 88 6 13 105 43 76 80 28 71 49 73 57 66 98 15 10 99 64 108 106 52 103 101 74 100 39 84 69 2 32 93 81 45 37 70 5 51 68 4 20 59 11 17 46 54 27 29 79 19 97 
0 31 65 77 90 107 24 55 23 7 35 85 75 8 92 9 22 42 25 44 109 83 94 40 89 36 34 50 58 56 102 47 12 26 16 91 33 78 82 14 53 72 48 62 96 61 87 63 21 18 86 41 30 95 3 104 60 1 67 38 88 6 13 105 43 76 80 28 71 49 73 57 66 98 15 10 99 64 108 106 52 103 101 74 100 39 84 69 2 32 93 81 45 37 70 5 51 68 4 20 59 11 17 46 54 27 29 79 19 97 
0 31 65 77 90 107 24 55 23 7 35 85 75 8 92 9 22 42 25 44 109 83 94 40 89 36 34 50 58 56 102 47 12 26 16 91 33 78 82 14 53 72 48 62 96 61 87 63 21 18 86 41 30 95 3 104 60 1 67 38 88 6 13 105 43 76 80 28 71 49 73 57 66 98 15 10 99 64 108 106 52 103 101 74 100 39 84 69 2 32 93 81 45 37 70 5 51 68 4 20 59 11 17 46 54 27 29 79 19 97 
0 31 65 77 90 107 24 55 23 7 35 85 75 8 92 9 22 42 25 44 109 83 94 40 89 36 34 50 58 56 102 47 12 26 16 91 33 78 82 14 53 72 48 62 96 61 87 63 21 18 86 41 30 95 3 104 60 1 67 38 88 6 13 105 43 76 80 28 71 49 73 57 66 98 15 10 99 64 108 106 52 103 101 74 100 39 84 69 2 32 93 81 45 37 70 5 51 68 4 20 59 11 17 46 54 27 29 79 19 97 
0 31 65 77 90 107 24 55 23 7 35 85 75 8 92 9 22 42 25 44 109 83 94 40 89 36 34 50 58 56 102 47 12 26 16 91 33 78 82 14 53 72 48 62 96 61 87 63 21 18 86 41 30 95 3 104 60 1 67 38 88 6 13 105 43 76 80 28 71 49 73 57 66 98 15 10 99 64 108 106 52 103 101 74 100 39 84 69 2 32 93 81 45 37 70 5 51 68 4 20 59 11 17 46 54 27 29 79 19 97 
0 31 65 77 90 107 24 55 23 7 35 85 75 8 92 9 22 42 25 44 109 83 94 40 89 36 34 50 58 56 102 47 12 26 16 91 33 78 82 14 53 72 48 62 96 61 87 63 21 18 86 41 30 95 3 104 60 1 67 38 88 6 13 105 43 76 80 28 71 49 73 57 66 98 15 10 99 64 108 106 52 103 101 74 100 39 84 69 2 32 93 81 45 37 70 5 51 68 4 20 59 11 17 46 54 27 29 79 19 97 
0 31 65 77 90 107 24 55 23 7 35 85 75 8 92 9 22 42 25 44 109 83 94 40 89 36 34 50 58 56 102 47 12 26 16 91 33 78 82 14 53 72 48 62 96 61 87 63 21 18 86 41 30 95 3 104 60 1 67 38 88 6 13 105 43 76 80 28 71 49 73 57 66 98 15 10 99 64 108 106 52 103 101 74 100 39 84 69 2 32 93 81 45 37 70 5 51 68 4 20 59 11 17 46 54 27 29 79 19 97 
0 31 65 77 90 107 24 55 23 7 35 85 75 8 92 9 22 42 25 44 109 83 94 40 89 36 34 50 58 56 102 47 12 26 16 91 33 78 82 14 53 72 48 62 96 61 87 63 21 18 86 41 30 95 3 104 60 1 67 38 88 6 13 105 43 76 80 28 71 49 73 57 66 98 15 10 99 64 108 106 52 103 101 74 100 39 84 69 2 32 93 81 45 37 70 5 51 68 4 20 59 11 17 46 54 27 29 79 19 97 
0 31 65 77 90 107 24 55 23 7 35 85 75 8 92 9 22 42 25 44 109 83 94 40 89 36 34 50 58 56 102 47 12 26 16 91 33 78 82 14 53 72 48 62 96 61 87 63 21 18 86 41 30 95 3 104 60 1 67 38 88 6 13 105 43 76 80 28 71 49 73 57 66 98 15 10 99 64 108 106 52 103 101 74 100 39 84 69 2 32 93 81 45 37 70 5 51 68 4 20 59 11 17 46 54 27 29 79 19 97 
0 31 65 77 90 107 24 55 23 7 35 85 75 8 92 9 22 42 25 44 109 83 94 40 89 36 34 50 58 56 102 47 12 26 16 91 33 78 82 14 53 72 48 62 96 61 87 63 21 18 86 41 30 95 3 104 60 1 67 38 88 6 13 105 43 76 80 28 71 49 73 57 66 98 15 10 99 64 108 106 52 103 101 74 100 39 84 69 2 32 93 81 45 37 70 5 51 68 4 20 59 11 17 46 54 27 29 79 19 97 
0 31 65 77 90 107 24 55 23 7 35 85 75 8 92 9 22 42 25 44 109 83 94 40 89 36 34 50 58 56 102 47 12 26 16 91 33 78 82 14 53 72 48 62 96 61 87 63 21 18 86 41 30 95 3 104 60 1 67 38 88 6 13 105 43 76 80 28 71 49 73 57 66 98 15 10 99 64 108 106 52 103 101 74 100 39 84 69 2 32 93 81 45 37 70 5 51 68 4 20 59 11 17 46 54 27 29 79 19 97 
0 31 65 77 90 107 24 55 23 7 35 85 75 8 92 9 22 42 25 44 109 83 94 40 89 36 34 50 58 56 102 47 12 26 16 91 33 78 82 14 53 72 48 62 96 61 87 63 21 18 86 41 30 95 3 104 60 1 67 38 88 6 13 105 43 76 80 28 71 49 73 57 66 98 15 10 99 64 108 106 52 103 101 74 100 39 84 69 2 32 93 81 45 37 70 5 51 68 4 20 59 11 17 46 54 27 29 79 19 97 
0 31 65 77 90 107 24 55 23 7 35 85 75 8 92 9 22 42 25 44 109 83 94 40 89 36 34 50 58 56 102 47 12 26 16 91 33 78 82 14 53 72 48 62 96 61 87 63 21 18 86 41 30 95 3 104 60 1 67 38 88 6 13 105 43 76 80 28 71 49 73 57 66 98 15 10 99 64 108 106 52 103 101 74 100 39 84 69 2 32 93 81 45 37 70 5 51 68 4 20 59 11 17 46 54 27 29 79 19 97 
0 31 65 77 90 107 24 55 23 7 35 85 75 8 92 9 22 42 25 44 109 83 94 40 89 36 34 50 58 56 102 47 12 26 16 91 33 78 82 14 53 72 48 62 96 61 87 63 21 18 86 41 30 95 3 104 60 1 67 38 88 6 13 105 43 76 80 28 71 49 73 57 66 98 15 10 99 64 108 106 52 103 101 74 100 39 84 69 2 32 93 81 45 37 70 5 51 68 4 20 59 11 17 46 54 27 29 79 19 97 
0 31 65 77 90 107 24 55 23 7 35 85 75 8 92 9 22 42 25 44 109 83 94 40 89 36 34 50 58 56 102 47 12 26 16 91 33 78 82 14 53 72 48 62 96 61 87 63 21 18 86 41 30 95 3 104 60 1 67 38 88 6 13 105 43 76 80 28 71 49 73 57 66 98 15 10 99 64 108 106 52 103 101 74 100 39 84 69 2 32 93 81 45 37 70 5 51 68 4 20 59 11 17 46 54 27 29 79 19 97 
0 31 65 77 90 107 24 55 23 7 35 85 75 8 92 9 22 42 25 44 109 83 94 40 89 36 34 50 58 56 102 47 12 26 16 91 33 78 82 14 53 72 48 62 96 61 87 63 21 18 86 41 30 95 3 104 60 1 67 38 88 6 13 105 43 76 80 28 71 49 73 57 66 98 15 10 99 64 108 106 52 103 101 74 100 39 84 69 2 32 93 81 45 37 70 5 51 68 4 20 59 11 17 46 54 27 29 79 19 97 
0 31 65 77 90 107 24 55 23 7 35 85 75 8 92 9 22 42 25 44 109 83 94 40 89 36 34 50 58 56 102 47 12 26 16 91 33 78 82 14 53 72 48 62 96 61 87 63 21 18 86 41 30 95 3 104 60 1 67 38 88 6 13 105 43 76 80 28 71 49 73 57 66 98 15 10 99 64 108 106 52 103 101 74 100 39 84 69 2 32 93 81 45 37 70 5 51 68 4 20 59 11 17 46 54 27 29 79 19 97 
0 31 65 77 90 107 24 55 23 7 35 85 75 8 92 9 22 42 25 44 109 83 94 40 89 36 34 50 58 56 102 47 12 26 16 91 33 78 82 14 53 72 48 62 96 61 87 63 21 18 86 41 30 95 3 104 60 1 67 38 88 6 13 105 43 76 80 28 71 49 73 57 66 98 15 10 99 64 108 106 52 103 101 74 100 39 84 69 2 32 93 81 45 37 70 5 51 68 4 20 59 11 17 46 54 27 29 79 19 97 
0 31 65 77 90 107 24 55 23 7 35 85 75 8 92 9 22 42 25 44 109 83 94 40 89 36 34 50 58 56 102 47 12 26 16 91 33 78 82 14 53 72 48 62 96 61 87 63 21 18 86 41 30 95 3 104 60 1 67 38 88 6 13 105 43 76 80 28 71 49 73 57 66 98 15 10 99 64 108 106 52 103 101 74 100 39 84 69 2 32 93 81 45 37 70 5 51 68 4 20 59 11 17 46 54 27 29 79 19 97 
0 31 65 77 90 107 24 55 23 7 35 85 75 8 92 9 22 42 25 44 109 83 94 40 89 36 34 50 58 56 102 47 12 26 16 91 33 78 82 14 53 72 48 62 96 61 87 63 21 18 86 41 30 95 3 104 60 1 67 38 88 6 13 105 43 76 80 28 71 49 73 57 66 98 15 10 99 64 108 106 52 103 101 74 100 39 84 69 2 32 93 81 45 37 70 5 51 68 4 20 59 11 17 46 54 27 29 79 19 97 
0 31 65 77 90 107 24 55 23 7 35 85 75 8 92 9 22 42 25 44 109 83 94 40 89 36 34 50 58 56 102 47 12 26 16 91 33 78 82 14 53 72 48 62 96 61 87 63 21 18 86 41 30 95 3 104 60 1 67 38 88 6 13 105 43 76 80 28 71 49 73 57 66 98 15 10 99 64 108 106 52 103 101 74 100 39 84 69 2 32 93 81 45 37 70 5 51 68 4 20 59 11 17 46 54 27 29 79 19 97 
0 31 65 77 90 107 24 55 23 7 35 85 75 8 92 9 22 42 25 44 109 83 94 40 89 36 34 50 58 56 102 47 12 26 16 91 33 78 82 14 53 72 48 62 96 61 87 63 21 18 86 41 30 95 3 104 60 1 67 38 88 6 13 105 43 76 80 28 71 49 73 57 66 98 15 10 99 64 108 106 52 103 101 74 100 39 84 69 2 32 93 81 45 37 70 5 51 68 4 20 59 11 17 46 54 27 29 79 19 97 
0 31 65 77 90 107 24 55 23 7 35 85 75 8 92 9 22 42 25 44 109 83 94 40 89 36 34 50 58 56 102 47 12 26 16 91 33 78 82 14 53 72 48 62 96 61 87 63 21 18 86 41 30 95 3 104 60 1 67 38 88 6 13 105 43 76 80 28 71 49 73 57 66 98 15 10 99 64 108 106 52 103 101 74 100 39 84 69 2 32 93 81 45 37 70 5 51 68 4 20 59 11 17 46 54 27 29 79 19 97 
0 31 65 77 90 107 24 55 23 7 35 85 75 8 92 9 22 42 25 44 109 83 94 40 89 36 34 50 58 56 102 47 12 26 16 91 33 78 82 14 53 72 48 62 96 61 87 63 21 18 86 41 30 95 3 104 60 1 67 38 88 6 13 105 43 76 80 28 71 49 73 57 66 98 15 10 99 64 108 106 52 103 101 74 100 39 84 69 2 32 93 81 45 37 70 5 51 68 4 20 59 11 17 46 54 27 29 79 19 97 
0 31 65 77 90 107 24 55 23 7 35 85 75 8 92 9 22 42 25 44 109 83 94 40 89 36 34 50 58 56 102 47 12 26 16 91 33 78 82 14 53 72 48 62 96 61 87 63 21 18 86 41 30 95 3 104 60 1 67 38 88 6 13 105 43 76 80 28 71 49 73 57 66 98 15 10 99 64 108 106 52 103 101 74 100 39 84 69 2 32 93 81 45 37 70 5 51 68 4 20 59 11 17 46 54 27 29 79 19 97 
0 31 65 77 90 107 24 55 23 7 35 85 75 8 92 9 22 42 25 44 109 83 94 40 89 36 34 50 58 56 102 47 12 26 16 91 33 78 82 14 53 72 48 62 96 61 87 63 21 18 86 41 30 95 3 104 60 1 67 38 88 6 13 105 43 76 80 28 71 49 73 57 66 98 15 10 99 64 108 106 52 103 101 74 100 39 84 69 2 32 93 81 45 37 70 5 51 68 4 20 59 11 17 46 54 27 29 79 19 97 
0 31 65 77 90 107 24 55 23 7 35 85 75 8 92 9 22 42 25 44 109 83 94 40 89 36 34 50 58 56 102 47 12 26 16 91 33 78 82 14 53 72 48 62 96 61 87 63 21 18 86 41 30 95 3 104 60 1 67 38 88 6 13 105 43 76 80 28 71 49 73 57 66 98 15 10 99 64 108 106 52 103 101 74 100 39 84 69 2 32 93 81 45 37 70 5 51 68 4 20 59 11 17 46 54 27 29 79 19 97 
0 31 65 77 90 107 24 55 23 7 35 85 75 8 92 9 22 42 25 44 109 83 94 40 89 36 34 50 58 56 102 47 12 26 16 91 33 78 82 14 53 72 48 62 96 61 87 63 21 18 86 41 30 95 3 104 60 1 67 38 88 6 13 105 43 76 80 28 71 49 73 57 66 98 15 10 99 64 108 106 52 103 101 74 100 39 84 69 2 32 93 81 45 37 70 5 51 68 4 20 59 11 17 46 54 27 29 79 19 97 
0 31 65 77 90 107 24 55 23 7 35 85 75 8 92 9 22 42 25 44 109 83 94 40 89 36 34 50 58 56 102 47 12 26 16 91 33 78 82 14 53 72 48 62 96 61 87 63 21 18 86 41 30 95 3 104 60 1 67 38 88 6 13 105 43 76 80 28 71 49 73 57 66 98 15 10 99 64 108 106 52 103 101 74 100 39 84 69 2 32 93 81 45 37 70 5 51 68 4 20 59 11 17 46 54 27 29 79 19 97 
0 31 65 77 90 107 24 55 23 7 35 85 75 8 92 9 22 42 25 44 109 83 94 40 89 36 34 50 58 56 102 47 12 26 16 91 33 78 82 14 53 72 48 62 96 61 87 63 21 18 86 41 30 95 3 104 60 1 67 38 88 6 13 105 43 76 80 28 71 49 73 57 66 98 15 10 99 64 108 106 52 103 101 74 100 39 84 69 2 32 93 81 45 37 70 5 51 68 4 20 59 11 17 46 54 27 29 79 19 97 
0 31 65 77 90 107 24 55 23 7 35 85 75 8 92 9 22 42 25 44 109 83 94 40 89 36 34 50 58 56 102 47 12 26 16 91 33 78 82 14 53 72 48 62 96 61 87 63 21 18 86 41 30 95 3 104 60 1 67 38 88 6 13 105 43 76 80 28 71 49 73 57 66 98 52 106 108 64 99 10 15 103 101 74 100 39 84 69 2 32 93 81 45 37 70 5 51 68 4 20 59 11 17 46 54 27 29 79 19 97 
0 31 65 77 90 107 24 55 23 7 35 85 75 8 92 9 22 42 25 94 109 83 44 40 89 36 34 50 58 56 102 47 12 26 16 91 33 78 82 14 53 72 48 62 96 61 87 63 21 18 86 41 30 95 3 104 60 1 67 38 88 6 13 105 43 76 80 28 71 49 73 57 66 52 106 108 64 99 10 15 98 103 101 74 100 39 84 69 2 32 93 81 45 37 70 5 51 68 4 20 59 11 17 46 54 27 29 79 19 97 
0 31 65 77 90 107 24 55 23 7 35 85 75 8 92 9 22 42 25 44 109 83 94 89 36 34 50 58 56 102 47 12 26 16 91 33 78 82 14 53 72 48 62 96 61 87 63 21 18 86 41 30 95 3 104 60 1 67 38 88 6 13 105 43 76 40 80 28 71 49 73 57 66 52 106 108 64 99 10 15 98 103 101 74 100 39 84 69 2 32 93 81 45 37 70 5 51 68 4 20 59 11 17 46 54 27 29 79 19 97 
0 31 65 77 90 107 24 55 23 7 35 85 75 8 92 9 22 42 25 44 109 83 94 40 89 82 36 34 50 58 56 102 47 12 26 16 91 33 78 14 53 72 48 62 96 61 87 63 21 18 86 41 30 95 3 104 60 1 67 38 88 6 13 105 43 76 80 28 71 49 73 57 66 98 15 10 99 64 108 106 52 103 84 74 100 39 101 69 2 32 93 81 45 37 5 51 68 4 20 70 59 11 17 46 54 27 29 79 19 97 
0 31 65 77 90 107 24 55 23 7 35 85 75 8 92 9 22 42 25 44 109 83 94 82 40 89 36 34 50 58 56 102 47 12 26 16 91 33 78 14 53 72 48 62 96 61 87 63 21 18 86 41 30 95 3 104 60 1 67 38 88 6 13 105 43 76 80 28 71 49 73 57 66 98 15 10 99 64 108 106 52 103 101 74 100 39 84 69 2 32 93 81 45 37 70 5 51 68 4 20 59 11 17 46 54 27 29 79 19 97 
0 31 65 77 90 107 24 55 23 7 35 85 75 8 92 9 22 42 25 44 109 83 94 82 40 89 36 34 50 58 56 102 47 12 26 16 91 33 78 14 53 72 48 62 96 61 87 63 21 18 86 41 30 95 3 104 60 1 67 38 88 6 13 105 43 76 80 28 71 49 73 57 66 98 15 10 99 64 108 106 52 103 101 74 100 39 84 69 2 32 93 81 45 37 70 5 51 68 4 20 59 11 17 46 54 27 29 79 19 97 
0 31 65 77 90 107 24 55 23 7 35 85 75 8 92 9 22 42 25 44 109 83 94 82 40 89 36 34 50 58 56 102 47 12 26 16 91 33 78 14 53 72 48 62 96 61 87 63 21 18 86 41 30 95 3 104 60 1 67 38 88 6 13 105 43 76 80 28 71 49 73 57 66 98 15 10 99 64 108 106 52 103 101 74 100 39 84 69 2 32 93 81 45 37 70 5 51 68 4 20 59 11 17 46 54 27 29 79 19 97 
0 31 65 77 90 107 24 55 23 7 35 85 75 8 92 9 22 42 25 44 109 83 94 82 40 89 36 34 50 58 56 102 47 12 26 16 91 33 78 14 53 72 48 62 96 61 87 63 21 18 86 41 30 95 3 104 60 1 67 38 88 6 13 105 43 76 80 28 71 49 73 57 66 98 15 10 99 64 108 106 52 103 101 74 100 39 84 69 2 32 93 81 45 37 70 5 51 68 4 20 59 11 17 46 54 27 29 79 19 97 
0 31 65 77 90 107 24 55 23 7 35 85 75 8 92 9 22 42 25 44 109 83 94 82 40 89 36 34 50 58 56 102 47 12 26 16 91 33 78 14 53 72 48 62 96 61 87 63 21 18 86 41 30 95 3 104 60 1 67 38 88 6 13 105 43 76 80 28 71 49 73 57 66 98 15 10 99 64 108 106 52 103 101 74 100 39 84 69 2 32 93 81 45 37 70 5 51 68 4 20 59 11 17 46 54 27 29 79 19 97 
0 31 65 77 90 107 24 55 23 7 35 85 75 8 92 9 22 42 25 44 109 83 94 82 40 89 36 34 50 58 56 102 47 12 26 16 91 33 78 14 53 72 48 62 96 61 87 63 21 18 86 41 30 95 3 104 60 1 67 38 88 6 13 105 43 76 80 28 71 49 73 57 66 98 15 10 99 64 108 106 52 103 101 74 100 39 84 69 2 32 93 81 45 37 70 5 51 68 4 20 59 11 17 46 54 27 29 79 19 97 
0 31 65 77 90 107 24 55 23 7 35 85 75 8 92 9 22 42 25 44 109 83 94 82 40 89 36 34 50 58 56 102 47 12 26 16 91 33 78 14 53 72 48 62 96 61 87 63 21 18 86 41 30 95 3 104 60 1 67 38 88 6 13 105 43 76 80 28 71 49 73 57 66 98 15 10 99 64 108 106 52 103 101 74 100 39 84 69 2 32 93 81 45 37 70 5 51 68 4 20 59 11 17 46 54 27 29 79 19 97 
0 31 65 77 90 107 24 55 23 7 35 85 75 8 92 9 22 42 25 44 109 83 94 82 40 89 36 34 50 58 56 102 47 12 26 16 91 33 78 14 53 72 48 62 96 61 87 63 21 18 86 41 30 95 3 104 60 1 67 38 88 6 13 105 43 76 80 28 71 49 73 57 66 98 15 10 99 64 108 106 52 103 101 74 100 39 84 69 2 32 93 81 45 37 70 5 51 68 4 20 59 11 17 46 54 27 29 79 19 97 
0 31 65 77 90 107 24 55 23 7 35 85 75 8 92 9 22 42 25 44 109 83 94 82 40 89 36 34 50 58 56 102 47 12 26 16 91 33 78 14 53 72 48 62 96 61 87 63 21 18 86 41 30 95 3 104 60 1 67 38 88 6 13 105 43 76 80 28 71 49 73 57 66 98 15 10 99 64 108 106 52 103 101 74 100 39 84 69 2 32 93 81 45 37 70 5 51 68 4 20 59 11 17 46 54 27 29 79 19 97 
0 31 65 77 90 107 24 55 23 7 35 85 75 8 92 9 22 42 25 44 109 83 94 82 40 89 36 34 50 58 56 102 47 12 26 16 91 33 78 14 53 72 48 62 96 61 87 63 21 18 86 41 30 95 3 104 60 1 67 38 88 6 13 105 43 76 80 28 71 49 73 57 66 98 15 10 99 64 108 106 52 103 101 74 100 39 84 69 2 32 93 81 45 37 70 5 51 68 4 20 59 11 17 46 54 27 29 79 19 97 
0 31 65 77 90 107 24 55 23 7 35 85 75 8 92 9 22 42 25 44 109 83 94 82 40 89 36 34 50 58 56 102 47 12 26 16 91 33 78 14 53 72 48 62 96 61 87 63 21 18 86 41 30 95 3 104 60 1 67 38 88 6 13 105 43 76 80 28 71 49 73 57 66 98 15 10 99 64 108 106 52 103 101 74 100 39 84 69 2 32 93 81 45 37 70 5 51 68 4 20 59 11 17 46 54 27 29 79 19 97 
0 31 65 77 90 107 24 55 23 7 35 85 75 8 92 9 22 42 25 44 109 83 94 82 40 89 36 34 50 58 56 102 47 12 26 16 91 33 78 14 53 72 48 62 96 61 87 63 21 18 86 41 30 95 3 104 60 1 67 38 88 6 13 105 43 76 80 28 71 49 73 57 66 98 15 10 99 64 108 106 52 103 101 74 100 39 84 69 2 32 93 81 45 37 70 5 51 68 4 20 59 11 17 46 54 27 29 79 19 97 
0 31 65 77 90 107 24 55 23 7 35 85 75 8 92 9 22 42 25 44 109 83 94 82 40 89 36 34 50 58 56 102 47 12 26 16 91 33 78 14 53 72 48 62 96 61 87 63 21 18 86 41 30 95 3 104 60 1 67 38 88 6 13 105 43 76 80 28 71 49 73 57 66 98 15 10 99 64 108 106 52 103 101 74 100 39 84 69 2 32 93 81 45 37 70 5 51 68 4 20 59 11 17 46 54 27 29 79 19 97 
0 31 65 77 90 107 24 55 23 7 35 85 75 8 92 9 22 42 25 44 109 83 94 82 40 89 36 34 50 58 56 102 47 12 26 16 91 33 78 14 53 72 48 62 96 61 87 63 21 18 86 41 30 95 3 104 60 1 67 38 88 6 13 105 43 76 80 28 71 49 73 57 66 98 15 10 99 64 108 106 52 103 101 74 100 39 84 69 2 32 93 81 45 37 70 5 51 68 4 20 59 11 17 46 54 27 29 79 19 97 
0 31 65 77 90 107 24 55 23 7 35 85 75 8 92 9 22 42 25 44 109 83 94 82 40 89 36 34 50 58 56 102 47 12 26 16 91 33 78 14 53 72 48 62 96 61 87 63 21 18 86 41 30 95 3 104 60 1 67 38 88 6 13 105 43 76 80 28 71 49 73 57 66 98 15 10 99 64 108 106 52 103 101 74 100 39 84 69 2 32 93 81 45 37 70 5 51 68 4 20 59 11 17 46 54 27 29 79 19 97 
0 31 65 77 90 107 24 55 23 7 35 85 75 8 92 9 22 42 25 44 109 83 94 82 40 89 36 34 50 58 56 102 47 12 26 16 91 33 78 14 53 72 48 62 96 61 87 63 21 18 86 41 30 95 3 104 60 1 67 38 88 6 13 105 43 76 80 28 71 49 73 57 66 98 15 10 99 64 108 106 52 103 101 74 100 39 84 69 2 32 93 81 45 37 70 5 51 68 4 20 59 11 17 46 54 27 29 79 19 97 
0 31 65 77 90 107 24 55 23 7 35 85 75 8 92 9 22 42 25 44 109 83 94 82 40 89 36 34 50 58 56 102 47 12 26 16 91 33 78 14 53 72 48 62 96 61 87 63 21 18 86 41 30 95 3 104 60 1 67 38 88 6 13 105 43 76 80 28 71 49 73 57 66 98 15 10 99 64 108 106 52 103 101 74 100 39 84 69 2 32 93 81 45 37 70 5 51 68 4 20 59 11 17 46 54 27 29 79 19 97 
0 31 65 77 90 107 24 55 23 7 35 85 75 8 92 9 22 42 25 44 109 83 94 82 40 89 36 34 50 58 56 102 47 12 26 16 91 33 78 14 53 72 48 62 96 61 87 63 21 18 86 41 30 95 3 104 60 1 67 38 88 6 13 105 43 76 80 28 71 49 73 57 66 98 15 10 99 64 108 106 52 103 101 74 100 39 84 69 2 32 93 81 45 37 70 5 51 68 4 20 59 11 17 46 54 27 29 79 19 97 
0 31 65 77 90 107 24 55 23 7 35 85 75 8 92 9 22 42 25 44 109 83 94 82 40 89 36 34 50 58 56 102 47 12 26 16 91 33 78 14 53 72 48 62 96 61 87 63 21 18 86 41 30 95 3 104 60 1 67 38 88 6 13 105 43 76 80 28 71 49 73 57 66 98 15 10 99 64 108 106 52 103 101 74 100 39 84 69 2 32 93 81 45 37 70 5 51 68 4 20 59 11 17 46 54 27 29 79 19 97 
0 31 65 77 90 107 24 55 23 7 35 85 75 8 92 9 22 42 25 44 109 83 94 82 40 89 36 34 50 58 56 102 47 12 26 16 91 33 78 14 53 72 48 62 96 61 87 63 21 18 86 41 30 95 3 104 60 1 67 38 88 6 13 105 43 76 80 28 71 49 73 57 66 98 15 10 99 64 108 106 52 103 101 74 100 39 84 69 2 32 93 81 45 37 70 5 51 68 4 20 59 11 17 46 54 27 29 79 19 97 
0 31 65 77 90 107 24 55 23 7 35 85 75 8 92 9 22 42 25 44 109 83 94 82 40 89 36 34 50 58 56 102 47 12 26 16 91 33 78 14 53 72 48 62 96 61 87 63 21 18 86 41 30 95 3 104 60 1 67 38 88 6 13 105 43 76 80 28 71 49 73 57 66 98 15 10 99 64 108 106 52 103 101 74 100 39 84 69 2 32 93 81 45 37 70 5 51 68 4 20 59 11 17 46 54 27 29 79 19 97 
0 31 65 77 90 107 24 55 23 7 35 85 75 8 92 9 22 42 25 44 109 83 94 82 40 89 36 34 50 58 56 102 47 12 26 16 91 33 78 14 53 72 48 62 96 61 87 63 21 18 86 41 30 95 3 104 60 1 67 38 88 6 13 105 43 76 80 28 71 49 73 57 66 98 15 10 99 64 108 106 52 103 101 74 100 39 84 69 2 32 93 81 45 37 70 5 51 68 4 20 59 11 17 46 54 27 29 79 19 97 
0 31 65 77 90 107 24 55 23 7 35 85 75 8 92 9 22 42 25 44 109 83 94 82 40 89 36 34 50 58 56 102 47 12 26 16 91 33 78 14 53 72 48 62 96 61 87 63 21 18 86 41 30 95 3 104 60 1 67 38 88 6 13 105 43 76 80 28 71 49 73 57 66 98 15 10 99 64 108 106 52 103 101 74 100 39 84 69 2 32 93 81 45 37 70 5 51 68 4 20 59 11 17 46 54 27 29 79 19 97 
0 31 65 77 90 107 24 55 23 7 35 85 75 8 92 9 22 42 25 44 109 83 94 82 40 89 36 34 50 58 56 102 47 12 26 16 91 33 78 14 53 72 48 62 96 61 87 63 21 18 86 41 30 95 3 104 60 1 67 38 88 6 13 105 43 76 80 28 71 49 73 57 66 98 15 10 99 64 108 106 52 103 101 74 100 39 84 69 2 32 93 81 45 37 70 5 51 68 4 20 59 11 17 46 54 27 29 79 19 97 
0 31 65 77 90 107 24 55 23 7 35 85 75 8 92 9 22 42 25 44 109 83 94 82 40 89 36 34 50 58 56 102 47 12 26 16 91 33 78 14 53 72 48 62 96 61 87 63 21 18 86 41 30 95 3 104 60 1 67 38 88 6 13 105 43 76 80 28 71 49 73 57 66 98 15 10 99 64 108 106 52 103 101 74 100 39 84 69 2 32 93 81 45 37 70 5 51 68 4 20 59 11 17 46 54 27 29 79 19 97 
0 31 65 77 90 107 24 55 23 7 35 85 75 8 92 9 22 42 25 44 109 83 94 82 40 89 36 34 50 58 56 102 47 12 26 16 91 33 78 14 53 72 48 62 96 61 87 63 21 18 86 41 30 95 3 104 60 1 67 38 88 6 13 105 43 76 80 28 71 49 73 57 66 98 15 10 99 64 108 106 52 103 101 74 100 39 84 69 2 32 93 81 45 37 70 5 51 68 4 20 59 11 17 46 54 27 29 79 19 97 
0 31 65 77 90 107 24 55 23 7 35 85 75 8 92 9 22 42 25 44 109 83 94 82 40 89 36 34 50 58 56 102 47 12 26 16 91 33 78 14 53 72 48 62 96 61 87 63 21 18 86 41 30 95 3 104 60 1 67 38 88 6 13 105 43 76 80 28 71 49 73 57 66 98 15 10 99 64 108 106 52 103 101 74 100 39 84 69 2 32 93 81 45 37 70 5 51 68 4 20 59 11 17 46 54 27 29 79 19 97 
0 31 65 77 90 107 24 55 23 7 35 85 75 8 92 9 22 42 25 44 109 83 94 82 40 89 36 34 50 58 56 102 47 12 26 16 91 33 78 14 53 72 48 62 96 61 87 63 21 18 86 41 30 95 3 104 60 1 67 38 88 6 13 105 43 76 80 28 71 49 73 57 66 98 15 10 99 64 108 106 52 103 101 74 100 39 84 69 2 32 93 81 45 37 70 5 51 68 4 20 59 11 17 46 54 27 29 79 19 97 
0 31 65 77 90 107 24 55 23 7 35 85 75 8 92 9 22 42 25 44 109 83 94 82 40 89 36 34 50 58 56 102 47 12 26 16 91 33 78 14 53 72 48 62 96 61 87 63 21 18 86 41 30 95 3 104 60 1 67 38 88 6 13 105 43 76 80 28 71 49 73 57 66 98 15 10 99 64 108 106 52 103 101 74 100 39 84 69 2 32 93 81 45 37 70 5 51 68 4 20 59 11 17 46 54 27 29 79 19 97 
0 31 65 77 90 107 24 55 23 7 35 85 75 8 92 9 22 42 25 44 109 83 94 82 40 89 36 34 50 58 56 102 47 12 26 16 91 33 78 14 53 72 48 62 96 61 87 63 21 18 86 41 30 95 3 104 60 1 67 38 88 6 13 105 43 76 80 28 71 49 73 57 66 98 15 10 99 64 108 106 52 103 101 74 100 39 84 69 2 32 93 81 45 37 70 5 51 68 4 20 59 11 17 46 54 27 29 79 19 97 
0 31 65 77 90 107 24 55 23 7 35 85 75 8 92 9 22 42 25 44 109 83 94 82 40 89 36 34 50 58 56 102 47 12 26 16 91 33 78 14 53 72 48 62 96 61 87 63 21 18 86 41 30 95 3 104 60 1 67 38 88 6 13 105 43 76 80 28 71 49 73 57 66 98 15 10 99 64 108 106 52 103 101 74 100 39 84 69 2 32 93 81 45 37 70 5 51 68 4 20 59 11 17 46 54 27 29 79 19 97 
0 31 65 77 90 107 24 55 23 7 35 85 75 8 92 9 22 25 44 109 83 94 40 89 36 34 50 58 56 102 47 12 26 16 91 33 78 82 14 53 72 48 62 96 61 87 63 21 18 86 41 30 95 3 104 60 1 67 38 88 6 13 105 43 76 80 28 71 49 73 57 66 98 15 10 99 64 108 106 52 103 101 74 100 39 84 69 2 32 93 81 45 37 70 5 51 68 4 20 59 42 11 17 46 54 27 29 79 19 97 
0 31 65 77 90 107 24 55 23 7 35 85 75 8 92 9 22 42 25 44 109 83 94 40 73 49 58 56 102 47 12 26 16 91 33 78 82 14 53 72 48 62 96 61 87 63 21 18 86 41 30 95 3 104 60 1 67 38 88 6 13 105 43 76 80 28 71 50 34 36 89 57 66 98 15 10 99 64 108 106 52 103 101 74 100 39 84 69 2 32 93 81 45 37 70 5 51 68 4 20 59 11 17 46 54 27 29 79 19 97 
0 31 65 77 90 107 24 55 23 7 35 85 75 8 92 9 22 42 25 44 109 83 94 82 40 89 36 34 50 58 47 102 56 12 26 16 91 33 78 14 53 72 48 62 96 61 87 63 21 18 86 41 30 95 3 104 60 1 67 38 88 6 13 105 43 76 80 28 71 49 73 57 66 98 15 10 99 64 108 106 52 103 101 74 100 39 84 69 2 32 93 81 45 37 70 5 51 68 4 20 59 11 17 46 54 27 29 79 19 97 
0 31 65 77 90 107 24 55 23 7 35 85 75 8 92 9 22 42 25 44 109 83 94 82 40 89 36 34 50 58 56 102 47 12 26 16 91 33 78 14 53 72 48 62 96 61 87 63 21 18 86 41 30 95 3 104 60 1 67 38 88 6 13 105 43 76 28 71 49 73 57 66 80 98 15 10 99 64 108 106 52 103 101 74 100 39 84 69 2 32 93 81 45 37 70 5 51 68 4 20 59 11 17 46 54 27 29 79 19 97 
0 31 65 77 90 107 24 55 23 7 35 85 75 8 92 9 22 42 25 44 109 83 94 40 89 36 34 50 58 56 102 47 66 57 73 49 71 28 80 76 43 105 13 6 88 38 67 1 60 104 3 95 30 41 86 18 21 63 87 61 96 62 48 72 53 14 82 78 33 91 16 26 12 98 15 10 99 64 108 106 52 103 101 74 100 39 84 69 2 32 93 81 45 37 70 5 51 68 4 20 59 11 17 46 54 27 29 79 19 97 
0 31 65 77 90 107 24 55 23 7 35 85 75 8 92 9 22 42 25 44 109 82 94 83 40 89 36 34 50 58 56 102 47 12 26 16 91 33 78 14 53 72 48 62 96 61 87 63 21 18 86 41 30 95 3 104 60 1 67 38 88 6 13 105 43 76 80 28 71 49 73 57 66 98 15 10 99 64 108 106 52 103 101 74 100 39 84 69 2 32 93 81 45 37 70 5 51 68 4 20 59 11 17 46 54 27 29 79 19 97 
0 31 65 77 90 107 24 55 23 7 35 85 75 8 92 9 22 42 25 44 109 83 94 40 89 36 34 50 71 28 80 76 43 105 13 6 88 38 67 1 60 104 3 95 30 41 86 18 21 63 87 61 96 62 48 72 53 14 82 78 33 91 16 26 12 47 102 56 58 49 73 57 66 98 15 10 99 64 108 106 52 103 101 74 100 39 69 2 32 93 81 45 37 70 5 51 68 84 4 20 59 11 17 46 54 27 29 79 19 97 
0 31 65 77 90 107 24 55 23 7 35 85 75 8 92 9 22 42 25 44 109 83 94 82 40 89 36 34 50 58 56 102 47 12 26 16 91 33 78 14 53 72 48 62 96 61 87 63 21 18 86 41 30 95 3 104 60 1 67 38 88 6 13 105 43 76 80 28 71 49 73 57 66 98 15 10 99 64 108 106 52 103 101 74 100 39 84 69 2 32 93 81 45 37 70 5 51 68 4 20 59 11 17 46 54 27 29 79 97 19 
0 31 65 77 90 107 24 55 23 7 35 85 75 8 92 9 22 42 25 44 109 83 94 40 82 89 36 34 50 58 56 102 47 12 26 16 91 33 78 14 53 72 48 62 96 61 87 63 21 18 86 41 30 95 3 104 60 1 67 38 88 6 13 105 43 76 80 28 71 49 73 57 66 98 15 10 99 64 108 106 52 103 101 74 100 39 84 69 2 32 93 81 45 37 70 5 51 68 4 20 59 11 17 46 54 27 29 79 19 97 
0 31 65 77 90 107 24 55 23 7 35 85 75 8 92 9 22 42 25 44 109 83 94 82 40 89 36 34 50 58 56 102 47 12 26 16 91 33 78 14 53 72 48 62 96 61 87 63 21 18 86 41 30 95 3 104 60 1 67 38 88 6 13 105 43 76 80 28 71 49 73 57 66 98 15 99 64 108 106 52 103 10 101 74 100 39 84 69 2 32 93 81 45 37 70 5 51 68 4 20 59 11 17 46 54 27 29 79 19 97 
0 31 65 77 90 107 24 55 23 7 35 85 75 8 92 9 22 42 25 44 109 83 94 82 40 89 49 71 28 80 76 43 105 13 6 88 38 67 1 60 104 3 95 30 41 86 18 21 63 87 61 96 62 48 72 53 14 78 33 91 16 26 12 47 102 56 58 50 34 36 73 57 66 98 15 10 99 64 108 106 52 103 101 74 100 39 84 69 2 32 93 81 45 37 70 5 51 68 4 20 59 11 17 46 54 27 29 79 19 97 
0 31 65 77 90 107 24 55 23 7 35 85 75 8 92 9 22 42 25 44 109 83 94 82 40 89 36 50 58 56 102 47 12 26 16 91 33 78 14 53 72 34 48 62 96 61 87 63 21 18 86 41 30 95 3 104 60 1 67 38 88 6 13 105 43 76 80 28 71 49 73 57 66 98 15 10 99 64 108 106 52 103 101 74 100 39 84 69 2 32 93 81 45 37 70 5 51 68 4 20 59 11 17 46 54 27 29 79 19 97 
0 31 65 77 90 107 24 55 23 7 35 85 75 8 92 9 22 42 25 44 109 82 94 83 40 89 36 34 50 58 56 102 47 12 26 16 91 33 78 14 53 72 48 62 96 61 87 63 21 18 86 41 30 95 3 104 60 1 67 38 88 6 13 105 43 76 80 28 71 49 73 57 66 98 15 10 99 64 108 106 52 103 84 74 100 39 101 69 2 32 93 81 45 37 5 51 68 4 20 70 59 11 17 46 54 27 29 79 19 97 
0 31 65 77 90 107 24 55 23 7 35 85 75 8 92 9 22 42 25 44 109 83 94 40 89 36 34 50 58 56 102 47 12 26 16 91 33 78 82 14 53 72 48 62 96 61 87 63 21 18 86 41 30 95 3 104 60 1 67 38 88 6 13 105 43 76 80 28 71 49 73 57 66 98 15 10 99 100 74 101 103 52 106 108 64 39 84 69 2 32 93 81 45 37 70 5 51 68 4 20 59 11 17 46 54 27 29 79 19 97 
0 31 65 77 90 107 24 55 23 7 35 85 75 8 92 9 22 42 25 44 109 83 94 40 89 72 34 50 58 56 102 47 12 26 16 91 33 78 82 14 53 36 48 62 96 61 87 63 21 18 86 41 30 95 3 104 60 1 67 38 88 6 13 105 43 76 80 28 71 49 73 57 66 98 15 10 99 64 108 106 52 103 101 74 100 39 84 69 2 32 93 81 45 37 70 5 51 68 4 20 59 11 17 46 54 27 29 79 19 97 
0 31 65 77 90 107 24 55 23 7 35 85 75 8 92 9 22 42 25 44 109 83 72 53 14 78 33 91 16 26 12 47 102 56 58 50 34 36 82 89 40 94 48 62 96 61 87 63 21 18 86 41 30 95 3 104 60 1 67 38 88 6 13 105 43 76 80 28 71 49 73 57 66 98 15 10 99 64 108 106 52 103 101 74 100 39 84 69 2 32 93 81 45 37 70 5 51 68 4 20 59 11 17 46 54 27 29 79 19 97 
0 31 65 77 90 107 24 55 23 7 35 85 75 8 92 9 22 42 25 44 109 83 94 40 89 67 1 60 104 3 95 30 41 86 18 21 63 87 61 96 62 48 72 53 14 82 78 33 91 16 26 12 47 102 56 58 50 34 36 38 88 6 13 105 43 76 80 28 71 49 73 57 66 52 106 108 64 99 10 15 98 103 101 74 100 39 84 69 2 32 93 81 45 37 70 5 51 68 4 20 59 11 17 46 54 27 29 79 19 97 
0 31 65 77 90 107 24 55 23 7 35 85 75 8 92 9 22 42 25 44 109 83 94 40 89 36 34 50 58 56 102 47 12 26 16 91 33 78 82 14 53 72 48 62 96 61 87 63 21 18 86 41 30 67 3 104 60 1 95 38 88 6 13 105 43 76 80 28 71 49 73 57 66 98 15 10 99 64 108 106 52 103 101 74 100 39 84 69 2 32 93 81 45 37 70 5 51 68 4 20 59 11 17 46 54 27 29 79 19 97 
0 31 65 77 90 107 24 55 23 7 35 85 75 8 92 9 22 42 25 44 83 94 40 89 36 82 34 50 58 56 102 47 12 26 16 91 33 78 14 53 72 48 62 109 96 61 87 63 21 18 86 41 30 95 3 104 60 1 67 38 88 6 13 105 43 76 80 28 71 49 73 57 66 98 15 10 99 64 108 106 52 103 101 74 100 39 84 69 2 32 93 81 45 37 70 5 51 68 4 20 59 11 17 46 54 27 29 79 19 97 
0 31 65 77 90 107 24 55 23 7 35 85 75 8 92 9 22 42 25 44 109 83 94 40 89 36 34 50 58 56 102 47 12 26 16 91 33 78 82 14 53 72 48 62 96 61 87 63 21 18 86 41 30 95 3 104 60 1 67 38 88 6 13 105 43 76 80 28 71 49 73 57 66 52 106 108 64 99 10 15 98 103 101 74 100 39 84 69 2 32 93 81 45 37 70 5 51 68 4 20 17 59 11 46 54 27 29 79 19 97 
0 31 65 77 90 107 24 55 23 7 35 85 75 8 92 9 22 42 44 109 83 94 82 40 89 36 34 50 58 43 102 47 12 26 16 91 33 78 14 53 72 48 62 96 61 87 63 21 18 86 41 30 95 3 104 60 1 67 38 88 6 13 105 56 76 80 28 71 49 73 57 66 98 15 10 99 64 108 106 52 103 101 74 100 39 84 69 2 32 93 81 45 25 37 70 5 51 68 4 20 59 11 17 46 54 27 29 79 19 97 
0 31 65 77 90 107 24 55 23 7 35 85 75 8 92 29 22 42 25 44 109 83 94 82 40 89 36 34 50 58 56 102 47 12 26 16 91 33 78 14 53 72 48 62 96 61 87 63 21 18 86 41 30 95 3 104 60 1 67 38 88 6 13 105 43 76 80 28 71 49 73 57 66 98 15 10 99 64 108 106 52 103 101 74 100 39 84 69 2 32 93 81 45 37 70 5 51 68 4 20 59 11 17 46 54 27 9 79 19 97 
0 31 65 77 90 107 24 55 23 7 35 85 75 8 92 9 22 42 25 44 109 83 94 40 89 36 34 50 58 56 102 47 12 26 16 91 33 78 82 14 53 72 48 62 96 61 87 63 21 18 86 41 30 95 3 104 60 1 67 38 88 6 13 105 43 76 80 28 71 49 73 57 66 98 15 10 99 64 108 106 52 103 101 74 100 84 69 2 32 93 81 45 37 70 5 51 39 68 4 20 59 11 17 46 54 27 29 79 19 97 
0 31 65 77 90 107 24 55 23 7 35 85 75 8 92 9 22 42 25 44 109 83 94 40 89 36 34 50 71 28 80 76 43 105 13 6 88 38 67 1 60 104 3 95 30 41 86 18 21 63 87 61 96 62 48 72 53 14 82 78 33 91 16 26 12 47 102 56 58 49 73 57 66 98 15 10 99 64 108 106 52 103 101 74 100 39 84 69 2 32 93 81 45 37 70 5 51 68 20 59 11 4 17 46 54 27 29 79 19 97 
0 31 65 77 90 107 24 55 23 7 35 85 75 8 92 9 22 42 25 44 109 83 94 40 89 36 34 50 58 56 102 47 12 26 16 91 33 78 82 80 53 48 62 96 61 87 63 21 18 86 41 30 95 3 104 60 1 67 38 88 6 13 105 43 76 14 28 71 49 73 57 66 98 15 10 99 72 64 108 106 52 103 101 74 100 39 84 69 2 32 93 81 45 37 70 5 51 68 4 20 59 11 17 46 54 27 29 79 19 97 
0 31 65 77 90 107 24 55 23 7 35 85 75 8 92 9 22 42 25 44 109 83 94 82 89 36 34 50 58 56 102 47 12 26 16 91 33 78 14 53 72 48 62 96 61 87 63 21 18 86 41 30 95 3 104 60 1 67 38 88 6 13 105 43 76 80 28 71 40 49 73 57 66 98 15 10 99 64 108 106 52 103 101 74 100 39 84 69 2 32 93 81 45 37 70 5 51 68 4 20 59 11 17 46 54 27 29 79 19 97 
0 31 65 77 90 107 24 55 23 7 35 85 75 8 92 9 22 42 25 44 109 83 94 40 89 36 34 50 58 56 102 47 12 26 16 91 33 78 82 14 53 72 48 96 61 87 63 21 18 86 41 30 95 3 104 60 1 67 38 88 6 13 105 43 62 76 80 28 71 49 73 57 66 98 15 10 99 64 108 106 52 103 101 74 100 39 84 69 2 32 93 81 45 37 70 5 51 68 4 20 59 11 17 46 54 27 29 79 19 97 
0 31 65 77 90 107 24 55 23 7 35 85 75 8 92 9 22 42 25 44 109 83 94 40 89 36 34 50 58 56 102 47 12 26 16 91 33 78 82 14 53 72 48 62 96 61 87 63 21 18 86 41 30 95 3 104 60 1 67 38 88 6 13 105 43 76 80 28 71 49 73 57 66 98 15 10 99 64 108 106 52 103 101 74 100 39 84 69 2 32 93 81 45 37 70 5 51 68 4 20 59 11 17 54 27 29 79 46 19 97 
0 31 65 77 90 107 24 55 23 7 35 85 75 8 92 9 22 42 25 44 109 83 94 40 89 36 34 50 58 56 102 47 12 26 16 91 33 78 82 14 53 72 48 19 79 29 27 54 46 17 11 59 20 4 68 51 5 70 37 45 81 93 32 2 69 84 39 100 74 101 103 98 15 10 99 64 108 106 52 66 57 73 49 71 28 80 76 43 105 13 6 88 38 67 1 60 104 3 95 30 41 86 18 21 63 87 61 96 62 97 
0 31 65 77 90 107 24 55 23 7 35 85 75 8 92 9 22 42 25 44 109 83 94 40 89 36 34 50 58 56 102 47 12 26 16 91 33 78 82 14 53 72 48 62 96 61 87 63 21 18 86 41 95 30 104 60 1 67 38 88 6 13 105 43 76 80 28 71 49 73 57 66 52 3 106 108 64 99 10 15 98 103 101 74 100 39 84 69 2 32 93 81 45 37 70 5 51 68 4 20 59 11 17 46 54 27 29 79 19 97 
0 31 65 77 90 107 24 55 23 7 35 85 75 8 92 9 22 42 25 44 109 83 94 82 40 89 34 50 58 56 102 47 12 26 16 91 33 78 14 53 72 48 62 96 61 87 63 21 18 86 41 30 95 3 104 60 1 67 38 88 6 13 105 43 76 80 28 71 49 73 57 66 98 15 10 99 64 108 106 52 103 101 74 100 39 84 69 2 32 93 81 45 37 70 5 51 68 4 20 36 59 11 17 46 54 27 29 79 19 97 
0 31 65 77 90 107 24 55 23 7 35 85 75 8 92 9 22 42 25 44 109 82 94 83 40 89 36 34 50 58 56 102 47 12 26 16 91 33 78 14 53 72 48 62 96 61 87 63 21 18 86 41 30 95 3 104 60 1 67 38 88 6 13 105 43 76 80 28 71 49 73 57 66 98 15 10 99 64 108 106 52 103 101 74 100 39 84 20 4 68 51 5 70 37 45 81 93 32 2 69 59 11 17 46 54 27 29 79 19 97 
0 31 65 77 90 107 24 55 23 7 35 85 75 8 92 9 22 42 25 44 109 83 94 40 89 36 34 50 58 56 102 47 12 26 16 91 33 78 82 14 53 72 48 96 61 87 63 21 18 86 41 30 95 3 104 60 1 67 38 88 6 13 105 62 43 76 80 28 71 49 73 57 66 98 15 10 99 64 108 106 52 103 101 74 100 39 84 69 2 32 93 81 45 37 70 5 51 68 4 20 59 11 17 46 54 27 29 79 19 97 
0 31 65 77 90 107 24 55 23 7 35 85 75 8 92 9 22 42 44 109 83 94 82 40 89 36 50 58 56 102 47 12 26 16 91 33 78 14 53 72 34 48 62 96 61 87 63 21 18 86 41 30 95 3 104 60 1 67 38 88 6 13 105 43 76 80 28 71 49 73 57 66 98 15 10 99 64 108 106 52 103 101 74 100 39 84 69 2 32 93 81 45 37 70 5 51 68 4 20 59 11 17 46 54 25 27 29 79 19 97 
0 31 65 77 90 107 24 55 23 7 35 85 75 8 92 9 22 42 25 44 109 83 94 40 89 36 34 50 58 56 102 47 12 26 16 91 33 78 82 14 53 72 48 62 96 61 87 63 21 18 86 41 30 95 3 104 60 1 67 38 88 6 13 105 43 76 80 28 71 49 73 57 66 98 15 10 99 64 81 93 32 2 69 84 39 100 74 101 103 52 106 108 45 37 70 5 51 68 4 20 59 11 17 46 54 27 29 79 19 97 
0 31 65 77 90 107 24 55 23 7 35 85 75 8 92 9 22 42 25 44 109 83 94 40 89 36 34 50 58 56 102 47 12 26 16 91 33 78 82 14 53 72 48 62 96 61 87 63 21 18 86 41 30 95 3 104 60 1 67 38 88 71 28 80 76 43 105 13 49 73 6 57 66 98 15 10 99 64 108 106 52 103 101 74 100 39 84 69 2 32 93 81 45 37 70 5 51 68 4 20 59 11 17 46 54 27 29 79 19 97 
0 31 65 77 90 107 24 55 23 7 35 85 75 92 9 22 42 25 44 109 83 94 82 40 89 36 34 50 58 56 102 47 12 26 16 91 33 78 14 53 72 48 62 96 61 87 63 21 18 86 41 30 95 3 104 60 1 67 38 88 6 13 105 43 76 80 28 71 49 73 57 66 98 15 10 99 64 108 106 52 103 101 74 100 39 84 69 2 32 93 81 45 37 70 8 5 51 68 4 20 59 11 17 46 54 27 29 79 19 97 
0 31 65 77 90 107 24 55 23 7 35 85 75 8 92 9 22 42 25 44 109 83 94 40 89 36 34 50 58 56 102 47 12 26 16 91 33 78 82 14 53 48 62 96 61 87 63 21 18 86 41 30 95 3 104 60 1 67 38 88 6 13 105 43 76 80 28 71 49 73 57 66 98 15 10 99 64 108 106 52 103 101 72 74 100 39 84 69 2 32 93 81 45 37 70 5 51 68 4 20 59 11 17 46 54 27 29 79 19 97 
0 31 65 77 90 107 24 55 23 7 85 75 8 92 9 22 42 25 44 109 83 94 40 89 36 34 50 58 56 102 47 12 26 16 91 33 78 82 14 53 72 48 62 96 61 87 63 21 18 86 41 30 95 3 104 60 1 67 38 88 6 13 105 43 76 80 28 71 49 73 57 66 52 106 108 64 99 10 15 98 103 101 74 100 35 39 84 69 2 32 93 81 45 37 70 5 51 68 4 20 59 11 17 46 54 27 29 79 19 97 
0 31 65 77 90 107 24 55 23 7 35 85 75 8 92 9 22 42 25 44 109 83 94 40 89 36 34 50 71 28 80 76 43 105 13 6 88 38 67 1 60 104 3 95 30 41 86 18 21 63 87 61 96 62 48 72 53 14 82 78 33 91 16 26 12 47 102 56 58 49 73 57 66 98 15 10 99 64 108 106 52 103 74 100 39 84 69 2 32 93 81 45 37 70 5 51 68 4 20 101 59 11 17 46 54 27 29 79 19 97 
0 31 65 77 90 107 24 55 23 7 35 85 75 8 92 9 22 42 25 19 79 29 27 54 46 17 11 59 20 4 68 51 5 70 37 45 81 93 32 2 69 84 39 100 74 101 103 52 106 108 64 99 10 15 98 66 57 73 49 71 28 80 76 43 105 13 6 88 38 67 1 60 104 3 95 30 41 86 18 21 63 87 61 96 62 48 72 53 14 78 33 91 16 26 12 47 102 56 58 50 34 36 89 40 82 94 83 109 44 97 
0 31 65 77 90 107 24 55 23 7 35 85 75 8 92 9 22 42 25 44 109 83 94 82 40 89 36 34 50 58 56 102 47 12 26 16 91 33 78 14 53 32 2 69 84 39 100 74 101 103 52 106 108 64 99 10 15 98 66 57 73 49 71 28 80 76 43 105 13 6 88 38 67 1 60 104 3 95 30 41 72 48 62 96 61 87 63 21 18 86 93 81 45 37 70 5 51 68 4 20 59 11 17 46 54 27 29 79 19 97 
0 31 65 77 90 107 24 55 23 7 35 85 75 8 92 9 22 42 25 44 109 83 94 82 40 89 36 34 50 58 56 102 47 12 26 16 91 33 78 14 53 72 48 62 96 61 87 63 21 18 86 41 30 95 3 104 60 1 67 38 88 6 13 105 43 76 80 28 71 49 73 57 66 98 15 10 99 64 108 106 32 2 69 84 39 100 74 101 103 52 93 81 45 37 70 5 51 68 4 20 59 11 17 46 54 27 29 79 19 97 
0 31 65 77 90 107 24 55 23 7 35 85 75 8 92 9 22 42 25 44 109 83 94 82 40 89 36 34 50 58 56 102 47 12 26 16 91 33 78 14 53 72 48 62 96 61 28 80 76 43 105 13 6 88 38 67 1 60 104 3 95 30 41 86 18 21 63 87 71 49 73 57 66 52 106 108 64 99 10 15 98 103 101 74 100 39 84 69 2 32 93 81 45 37 70 5 51 68 4 20 59 11 17 46 54 27 29 79 19 97 
0 31 65 77 90 107 24 55 23 7 35 85 75 8 92 9 22 42 25 44 109 83 94 40 89 36 34 50 58 56 102 47 12 26 16 91 33 78 82 14 53 72 48 62 96 61 87 63 21 18 86 41 30 95 3 104 60 1 67 38 88 6 13 105 43 76 80 28 71 49 73 57 66 98 15 99 64 108 106 52 103 101 74 100 39 84 69 2 32 93 81 45 37 70 10 5 51 68 4 20 59 11 17 46 54 27 29 79 19 97 
0 31 65 77 90 107 24 55 23 7 35 85 75 8 92 9 22 42 25 44 109 83 94 40 82 89 36 34 50 58 56 102 47 12 26 16 91 33 78 14 53 72 48 62 96 61 87 63 21 18 86 41 30 95 3 104 60 1 67 38 88 6 13 105 43 76 80 28 71 49 73 57 66 98 15 10 99 64 108 106 52 68 101 74 100 39 84 69 2 32 93 81 45 37 70 5 51 103 4 20 59 11 17 46 54 27 29 79 19 97 
0 31 65 77 90 107 24 55 23 7 35 85 75 8 92 9 22 42 25 44 109 83 94 40 89 36 34 50 58 56 102 47 12 26 16 91 33 78 82 14 53 72 48 62 96 61 87 63 21 18 86 41 30 95 3 104 60 1 67 38 88 6 13 105 43 51 80 28 71 49 73 57 66 98 15 10 99 64 108 106 52 103 101 74 100 39 84 69 2 32 93 81 45 37 70 5 76 68 4 20 59 11 17 46 54 27 29 79 19 97 
0 31 65 77 90 107 24 55 23 7 35 75 8 92 9 22 42 25 44 109 83 94 82 85 40 89 36 34 50 58 56 102 47 12 26 16 91 33 78 14 53 72 48 62 96 61 87 63 21 18 86 41 30 95 3 104 60 1 67 38 88 6 13 105 43 76 80 28 71 49 73 57 66 98 15 10 99 64 108 106 52 103 101 74 100 39 84 69 2 32 93 81 45 37 70 5 51 68 4 20 59 11 17 46 54 27 29 79 19 97 
0 31 65 77 90 107 24 55 23 7 35 85 75 8 92 9 22 42 25 44 109 83 94 40 89 36 34 50 58 56 102 47 12 26 16 91 33 78 82 61 96 62 48 72 53 14 87 63 21 18 86 41 30 95 3 104 60 1 67 38 88 6 13 105 43 76 80 28 71 49 73 57 66 98 15 10 99 64 108 106 52 103 101 74 100 39 84 69 2 32 93 81 45 37 70 5 51 68 4 20 59 11 17 46 54 27 29 79 19 97 
0 31 65 77 90 107 24 55 23 7 35 85 75 8 92 9 22 42 25 44 109 83 94 82 40 89 36 34 50 58 56 102 47 12 26 16 91 33 78 14 53 72 48 62 96 61 87 63 21 18 86 41 30 95 3 104 98 1 67 38 88 6 13 105 43 76 80 28 71 49 73 57 66 60 15 10 99 64 108 106 52 103 101 74 100 39 84 69 2 32 93 81 45 37 70 5 51 68 4 20 59 11 17 46 54 27 29 79 19 97 
0 31 65 77 90 107 24 55 23 7 35 85 75 8 92 9 22 42 25 44 109 83 94 40 89 36 34 50 58 56 102 47 12 26 16 91 33 78 82 14 53 72 48 62 96 61 87 63 21 18 86 41 30 95 3 104 60 1 67 38 88 13 105 43 76 80 28 71 49 73 57 66 98 15 10 99 64 108 106 52 103 101 74 100 39 84 69 2 32 93 81 45 37 70 5 51 68 6 4 20 59 11 17 46 54 27 29 79 19 97 
0 31 65 77 90 107 24 55 23 7 35 85 75 8 92 9 22 42 25 44 109 83 94 40 89 36 34 50 58 56 102 47 12 26 16 91 33 78 82 14 53 72 48 62 96 61 87 63 21 18 86 41 30 95 3 104 60 1 67 38 88 13 105 43 76 80 28 71 49 73 57 66 98 15 10 99 64 108 106 52 103 101 74 100 39 84 69 2 32 93 81 45 37 70 5 51 68 6 4 20 59 11 17 46 54 27 29 79 19 97 
0 31 65 77 90 107 24 55 23 7 35 85 75 8 92 9 22 42 25 44 109 83 94 40 89 36 34 50 71 28 80 76 43 105 13 6 88 38 67 1 60 104 3 95 82 58 56 102 47 12 26 16 91 33 78 14 53 72 48 62 96 61 87 63 21 18 86 41 30 49 73 57 66 98 15 10 99 64 108 106 52 103 101 74 100 39 84 69 2 32 93 81 45 37 70 5 51 68 4 20 59 11 17 46 54 27 29 79 19 97 
0 31 65 77 90 107 24 55 23 7 35 85 75 8 92 9 22 42 25 44 109 83 94 40 89 36 34 50 58 56 102 47 12 26 16 91 33 78 82 14 53 72 48 62 96 61 87 63 21 18 86 41 30 95 3 71 28 80 76 43 105 13 6 88 38 67 1 60 104 49 73 57 66 98 15 10 99 64 108 106 52 103 101 74 100 39 84 69 2 32 93 81 45 37 70 5 51 68 4 20 59 11 17 46 54 27 79 19 29 97 
0 31 65 77 90 107 55 23 7 35 85 75 8 92 9 22 42 25 44 109 83 94 82 40 89 36 34 50 58 56 102 47 12 26 16 91 33 78 14 53 72 48 62 96 61 87 63 21 18 86 41 30 95 3 104 60 1 67 38 88 6 13 105 43 76 80 28 71 49 73 57 66 98 15 10 99 64 108 106 52 103 101 74 100 39 84 69 2 32 93 81 24 45 37 70 5 51 68 4 20 59 11 17 46 54 27 29 79 19 97 
0 31 65 77 90 107 24 55 23 7 35 85 75 8 92 9 22 42 25 44 109 83 94 40 89 36 34 50 58 56 102 47 12 26 16 91 33 78 82 14 63 87 61 96 62 48 72 53 21 18 86 41 30 95 3 104 60 1 67 38 88 6 13 105 43 76 80 28 71 49 73 57 66 98 15 10 99 64 108 106 52 103 101 74 100 39 84 69 2 32 93 81 45 37 70 5 51 68 4 20 59 11 17 46 54 27 29 79 19 97 
0 31 65 77 90 107 24 55 23 7 35 85 75 8 92 9 22 42 25 44 109 83 94 40 89 36 34 50 58 56 102 47 12 26 16 91 33 78 82 14 53 72 48 62 96 61 87 63 21 18 86 41 30 95 3 104 60 1 67 38 88 6 13 105 43 76 80 28 71 49 73 57 66 98 15 10 99 64 108 106 52 103 101 74 100 84 69 2 32 93 39 81 45 37 70 5 51 68 4 20 59 11 46 54 27 17 29 79 19 97 
0 31 65 77 90 107 24 55 23 7 35 85 75 8 92 9 22 42 25 44 109 83 94 82 40 89 36 34 50 58 56 102 47 12 26 16 91 33 78 14 53 72 48 62 71 28 80 76 43 105 13 6 88 38 67 1 60 104 3 95 30 41 86 18 21 63 87 61 96 49 73 57 66 98 15 10 99 64 108 106 52 103 101 74 100 39 84 69 2 32 93 81 45 37 70 5 51 68 4 20 59 11 17 46 54 27 29 79 19 97 
0 31 65 77 90 107 24 55 23 7 35 85 75 8 92 9 22 42 25 44 109 83 94 40 89 36 34 50 71 28 80 76 43 105 13 6 88 38 67 1 60 104 3 95 30 41 86 18 21 63 70 37 45 81 93 32 2 69 84 39 100 74 101 103 52 106 108 64 99 10 15 98 66 57 73 49 58 56 102 47 12 26 16 91 33 78 82 14 53 72 48 62 96 61 87 5 51 68 4 20 59 11 17 46 54 27 29 79 19 97 
0 31 65 77 90 107 24 55 23 2 32 93 81 45 37 70 5 42 25 44 109 83 94 40 89 36 34 50 58 56 102 47 12 26 16 91 33 78 82 14 53 72 48 62 96 61 87 63 21 18 86 41 30 95 3 104 60 1 67 38 88 6 13 105 43 76 80 28 71 49 73 57 66 98 15 10 99 64 108 106 52 103 101 74 100 39 84 69 7 35 85 75 8 92 9 22 51 68 4 20 59 11 17 46 54 27 29 79 19 97 
0 31 65 77 90 107 24 55 23 7 35 85 75 8 92 9 22 42 25 44 109 83 94 82 40 89 36 34 50 58 56 102 47 12 26 16 91 33 78 14 53 72 48 62 96 61 87 63 21 18 86 41 30 95 3 104 60 1 67 38 52 6 13 105 43 76 80 28 71 49 73 57 66 98 15 10 99 64 108 106 88 103 101 74 100 39 84 69 2 32 93 81 45 37 70 5 51 68 4 20 59 11 17 46 54 27 29 79 19 97 
0 31 65 77 90 107 24 55 23 7 35 85 75 8 92 9 22 42 25 44 109 83 94 82 40 89 36 34 50 58 56 102 47 12 26 16 91 33 78 14 53 72 48 62 96 61 84 39 100 74 101 103 52 106 108 64 99 10 15 98 66 57 73 49 71 28 80 76 43 105 13 6 88 38 67 1 60 104 3 95 30 41 86 18 21 63 87 69 2 32 93 81 45 37 70 5 51 68 4 20 59 11 17 46 54 27 29 79 19 97 
0 31 65 77 90 107 24 55 23 7 35 85 75 8 92 9 22 42 25 44 109 83 94 82 40 36 34 50 58 56 102 47 12 26 16 91 33 78 14 53 72 48 62 96 61 87 63 21 18 86 41 30 95 89 3 104 60 1 67 38 88 6 13 105 43 76 80 28 71 49 73 57 66 98 15 10 99 64 108 106 52 103 101 74 100 39 84 69 2 32 93 81 45 37 70 5 51 68 4 20 59 11 17 46 54 27 29 79 19 97 
0 31 65 77 90 107 24 55 23 35 85 75 8 92 9 22 42 25 44 109 83 94 82 40 89 36 34 50 58 56 102 47 12 26 16 91 33 78 14 53 72 48 11 7 62 96 61 87 63 21 18 86 41 30 95 3 104 60 1 67 38 88 6 13 105 43 76 80 28 71 49 73 57 66 98 15 10 99 64 108 106 52 103 101 74 100 39 84 69 2 32 93 81 45 37 70 5 51 68 4 20 59 17 46 54 27 29 79 19 97 
0 31 65 77 90 107 24 55 23 7 94 85 75 8 92 9 22 42 25 44 109 83 35 82 40 89 36 34 50 58 56 102 47 12 26 16 91 33 78 14 53 72 48 62 96 61 87 63 21 18 86 41 30 95 3 104 60 1 67 38 88 6 13 105 43 76 80 28 71 49 73 57 66 52 106 108 64 99 10 15 98 103 101 74 100 39 84 69 2 32 93 81 45 37 70 5 51 68 4 20 59 11 17 46 54 27 29 79 19 97 
0 31 65 77 90 107 24 55 23 7 35 85 75 8 92 9 22 25 44 109 83 94 82 40 89 36 34 50 58 56 102 47 12 26 16 91 33 78 14 53 72 48 62 96 61 87 63 21 18 86 41 30 95 3 104 60 1 67 38 88 6 13 105 43 76 80 28 71 49 73 57 66 98 15 10 99 42 64 108 106 52 103 101 74 100 39 84 69 2 32 93 81 45 37 70 5 51 68 4 20 59 11 17 46 54 27 29 79 19 97 
0 31 65 77 90 107 24 55 23 7 35 85 75 8 92 9 22 42 25 44 109 83 94 40 82 89 36 34 50 58 56 102 47 12 26 16 91 33 78 14 53 72 48 62 96 61 87 63 21 18 86 41 30 95 3 71 28 80 76 43 105 13 6 88 38 67 1 60 104 49 73 57 66 98 15 10 99 64 108 106 52 103 101 74 100 39 84 69 2 32 93 81 45 37 70 5 51 68 4 20 59 11 17 46 54 27 79 19 29 97 
0 31 65 77 90 107 24 55 23 7 35 85 75 8 92 9 22 42 25 44 109 83 94 40 89 36 34 50 58 56 102 47 12 26 16 91 33 78 82 14 53 72 48 62 96 61 87 63 18 86 41 30 95 3 104 60 1 67 38 88 6 21 13 105 43 76 80 28 71 49 73 57 66 52 106 108 64 99 10 15 98 103 101 74 100 39 84 69 2 32 93 81 45 37 70 5 51 68 4 20 59 11 17 46 54 27 29 79 19 97 
0 31 77 90 107 24 55 23 7 35 85 75 8 92 9 22 42 25 44 109 82 94 83 40 89 65 36 34 50 58 56 102 47 12 26 16 91 33 78 14 53 72 48 62 96 61 87 63 21 18 86 41 30 95 3 104 60 1 67 38 88 6 13 105 43 76 80 28 71 49 73 57 66 98 15 10 99 64 108 106 52 103 101 74 100 39 84 69 2 32 93 81 45 37 70 5 51 68 4 20 59 11 17 46 54 27 29 79 19 97 
0 31 65 77 90 107 24 55 23 7 35 85 75 8 92 9 22 42 25 44 109 83 94 40 89 36 34 50 58 56 102 47 12 26 16 91 33 78 82 14 53 72 48 62 96 61 87 63 21 86 41 30 95 3 104 60 1 67 38 88 6 13 105 43 76 80 28 71 49 73 57 66 98 15 10 99 64 108 106 52 103 101 74 100 39 84 69 2 32 93 81 45 37 70 5 51 68 4 20 59 11 17 46 54 27 29 79 18 19 97 
0 31 65 77 90 107 24 55 23 7 35 85 75 8 92 9 22 42 25 44 109 83 94 40 89 36 34 50 71 28 80 76 43 105 13 6 88 38 67 1 60 104 3 95 30 41 86 18 21 63 87 61 96 62 48 72 53 93 81 45 37 70 5 51 68 47 102 56 58 49 73 57 66 98 15 10 99 64 108 106 52 103 101 74 100 39 84 69 2 32 14 82 78 33 91 16 26 12 4 20 59 11 17 46 54 27 29 79 19 97 
0 31 65 77 90 107 24 55 23 7 35 85 75 8 92 9 22 42 25 44 109 83 94 82 40 89 36 34 50 58 56 102 47 12 26 16 91 33 78 14 53 72 48 62 96 61 87 63 21 18 86 41 30 95 3 104 60 1 67 38 88 6 13 105 43 76 80 28 71 49 73 57 66 98 15 10 99 64 32 93 81 103 101 74 100 39 84 69 2 108 106 52 45 37 70 5 51 68 4 20 59 11 17 46 54 27 29 79 19 97 
0 31 65 77 90 107 24 55 23 7 35 85 75 8 92 9 22 42 25 44 109 83 94 82 40 89 36 34 50 58 56 102 47 12 26 16 91 33 78 14 53 72 48 62 96 61 87 63 21 18 86 41 30 95 3 104 60 1 67 38 88 6 13 105 43 76 80 28 71 49 73 57 66 98 15 10 99 64 108 106 52 103 101 74 100 39 84 2 32 93 81 45 37 70 5 51 68 4 20 59 11 17 46 54 69 27 29 79 19 97 
0 31 65 77 90 107 24 55 23 7 35 85 75 8 92 9 22 42 25 44 109 83 94 40 89 54 46 17 11 59 20 4 68 51 5 70 37 45 81 93 32 2 69 84 39 100 74 101 103 52 106 108 64 99 10 15 98 66 57 73 49 71 28 80 76 43 105 13 6 88 38 67 1 60 104 3 95 30 41 86 18 21 63 87 61 96 62 48 72 53 14 82 78 33 91 16 26 12 47 102 56 58 50 34 36 27 29 79 19 97 
0 31 65 77 90 107 24 55 23 7 35 85 75 8 92 9 22 42 25 44 109 83 94 82 40 89 36 34 50 58 56 102 47 12 26 16 91 33 78 14 53 72 48 62 96 61 87 63 21 18 86 41 30 95 3 104 60 1 67 38 88 6 13 105 43 76 100 28 71 49 73 57 66 98 15 10 99 64 108 106 52 103 101 74 80 39 84 69 2 32 93 81 45 37 70 5 51 68 4 20 59 11 17 46 54 27 29 79 19 97 
0 31 65 77 90 107 24 55 23 7 35 85 75 8 92 9 22 42 25 44 98 83 94 82 40 89 36 34 50 58 56 102 47 12 26 16 91 33 78 109 14 53 72 48 62 96 61 87 63 21 18 86 41 30 95 3 104 60 1 67 38 88 6 13 105 43 76 80 28 71 49 73 57 66 15 10 99 64 108 106 52 103 101 74 100 39 84 69 2 32 93 81 45 37 70 5 51 68 4 20 59 11 17 46 54 27 29 79 19 97 
0 31 65 77 90 107 24 55 23 7 35 85 75 8 92 9 22 42 25 44 109 83 94 40 89 46 17 11 59 20 4 68 51 5 70 37 45 81 93 32 2 69 84 39 100 74 101 103 52 106 108 64 99 10 15 98 66 57 73 49 71 28 80 76 43 105 13 6 88 38 67 1 60 104 3 95 30 41 86 18 21 63 87 61 96 62 48 72 53 14 82 78 33 91 16 26 12 47 102 56 58 50 34 36 54 27 29 79 19 97 
0 31 65 77 90 107 24 55 23 7 35 85 75 8 92 9 87 61 96 62 48 72 53 14 78 33 91 16 26 12 47 102 56 58 50 34 36 89 40 82 94 83 109 44 25 42 22 63 21 18 86 41 30 95 3 104 60 1 67 38 88 6 13 105 43 76 80 28 71 49 73 57 66 98 15 10 99 64 108 106 52 103 101 74 100 39 84 69 2 32 93 81 45 37 70 5 51 68 4 20 59 11 17 46 54 27 29 79 19 97 
0 31 65 77 90 107 24 55 23 7 35 85 75 8 92 9 22 42 25 44 109 83 94 74 49 89 36 34 50 58 56 102 47 12 26 16 91 33 78 14 53 72 48 62 96 61 87 63 21 18 86 41 30 95 3 104 60 1 67 38 88 6 13 105 43 76 80 28 71 40 73 57 66 98 15 10 99 64 108 106 52 103 101 82 100 39 84 69 2 32 93 81 45 37 70 5 51 68 4 20 59 11 17 46 54 27 29 79 19 97 
0 31 65 77 90 107 24 55 23 7 35 64 99 10 15 98 66 57 73 49 71 28 80 76 43 105 13 6 88 38 67 1 60 104 3 95 30 41 86 18 21 63 87 61 96 62 48 72 53 14 78 33 91 16 26 12 47 102 56 58 50 34 36 89 40 82 94 83 109 44 25 42 22 9 92 8 75 85 108 106 52 103 101 74 100 39 84 69 2 32 93 81 45 37 70 5 51 68 4 20 59 11 17 46 54 27 29 79 19 97 
0 31 65 77 90 107 24 55 23 7 35 85 75 8 92 9 22 42 25 44 109 83 94 40 89 36 34 15 58 56 102 47 12 26 16 91 33 78 82 14 53 72 48 62 96 61 63 21 18 86 41 30 95 3 104 60 1 67 38 88 6 13 105 43 76 80 28 71 49 73 57 66 98 50 10 99 64 108 106 52 103 101 74 100 39 84 69 2 32 93 81 45 37 70 5 51 68 4 87 20 59 11 17 46 54 27 29 79 19 97 
0 31 65 77 90 107 24 55 23 7 35 85 75 8 92 9 22 42 25 44 109 83 94 100 40 89 36 34 50 58 56 102 47 12 26 16 91 33 78 14 53 72 48 62 96 61 87 63 21 18 86 41 30 95 3 104 82 60 1 67 38 88 6 13 105 43 76 80 28 71 49 73 57 66 52 106 108 64 99 10 15 98 103 101 74 39 84 69 2 32 93 81 45 37 70 5 51 68 4 20 59 11 17 46 54 27 29 79 19 97 
0 31 65 77 90 107 24 55 23 7 35 85 75 8 92 9 22 42 25 44 109 83 94 82 40 89 36 34 50 58 56 102 47 12 26 16 91 33 78 14 53 72 48 62 96 61 87 63 21 18 86 41 30 95 3 93 32 2 69 84 39 100 74 101 103 52 106 108 64 99 10 15 98 66 57 73 49 71 28 80 76 43 105 13 6 88 38 67 1 60 104 81 45 37 70 5 51 68 4 20 59 11 17 46 54 27 29 79 19 97 
0 31 65 77 90 107 24 55 23 7 35 85 75 8 92 9 22 42 25 44 109 83 94 40 89 36 34 50 58 56 102 47 12 26 16 91 33 78 82 14 53 72 48 62 96 61 87 63 21 18 86 41 30 95 3 104 60 1 67 38 88 6 13 105 43 76 80 28 71 49 73 57 66 98 15 10 93 64 108 106 52 103 101 74 100 39 84 69 2 32 99 81 45 37 70 5 51 68 4 20 59 11 17 46 54 27 29 79 19 97 
0 31 65 77 90 107 24 55 23 7 35 85 75 8 92 9 22 42 25 44 109 83 94 82 40 89 36 34 50 58 43 102 47 12 26 16 91 33 78 14 53 72 48 62 96 61 87 63 21 18 86 41 30 95 3 104 60 1 67 38 88 6 13 105 56 76 80 28 71 49 73 57 66 98 15 10 99 64 108 106 52 103 101 74 100 39 84 69 2 32 93 81 45 37 70 51 68 4 20 59 11 17 46 54 27 29 79 5 19 97 
0 31 65 77 90 107 24 55 23 7 35 85 75 8 92 9 22 42 25 44 109 83 94 40 28 71 49 73 57 66 52 106 108 64 99 10 15 98 103 101 74 100 39 84 69 2 32 93 81 45 37 70 5 51 68 4 20 59 11 17 46 54 27 29 79 19 97 89 36 34 50 58 56 102 47 12 26 16 91 33 78 82 14 53 72 48 62 96 61 87 63 21 18 86 41 30 95 3 104 60 1 67 38 88 6 13 105 43 76 80 
0 31 65 77 90 107 24 55 23 7 35 85 75 8 92 9 22 42 25 44 109 83 94 40 89 36 34 50 58 56 102 47 12 26 16 91 33 78 82 14 53 72 48 62 96 61 87 63 21 18 86 41 30 95 3 104 60 1 67 38 88 6 13 105 43 76 80 28 71 49 73 74 101 103 52 106 108 64 99 10 15 98 66 57 100 39 84 69 2 32 93 81 45 37 70 5 51 68 4 20 59 11 17 54 27 29 79 19 46 97 
0 31 65 77 90 107 24 55 23 7 35 85 75 8 92 9 22 42 25 41 86 18 21 63 87 61 96 62 48 72 53 14 78 33 91 16 26 12 47 102 56 58 50 34 36 89 40 82 94 83 109 44 30 95 3 104 60 1 67 38 88 6 13 105 43 76 80 28 71 49 73 57 66 98 15 10 99 64 108 106 52 103 101 74 100 39 84 69 2 32 93 81 45 37 70 5 51 68 4 20 59 11 17 46 54 27 29 79 19 97 
0 31 65 77 90 107 24 55 23 7 35 85 75 8 92 9 22 42 25 44 109 83 94 40 89 36 34 50 58 56 102 47 12 26 16 91 33 78 82 14 53 72 48 62 96 61 87 63 21 18 86 41 30 95 3 104 60 1 67 38 88 6 13 105 43 76 80 28 71 49 73 57 66 52 106 108 64 99 10 15 98 103 79 29 27 54 46 17 11 59 20 4 68 51 5 70 37 45 81 93 32 2 69 84 39 100 74 101 19 97 
0 31 65 77 90 107 24 55 23 7 35 85 75 8 92 9 22 42 25 44 109 83 94 40 89 36 34 50 58 56 102 47 12 26 16 91 33 78 82 14 53 72 48 62 96 61 87 63 21 18 86 41 30 95 3 99 60 1 67 38 88 6 13 105 43 76 80 28 71 49 73 57 66 98 15 10 104 64 108 106 52 103 101 74 100 39 84 69 2 32 93 81 45 37 70 5 51 68 4 20 59 11 17 46 54 27 29 79 19 97 
0 31 65 77 90 107 24 55 23 7 35 85 75 8 92 9 22 42 25 44 109 83 94 82 40 89 36 34 50 58 56 102 47 12 26 16 91 33 78 98 14 53 72 48 62 96 61 87 63 21 18 86 41 30 95 3 104 60 1 67 38 88 6 13 105 43 76 80 28 71 49 32 57 66 15 10 99 64 108 106 52 103 101 74 100 39 84 69 2 73 93 81 45 37 70 5 51 68 4 20 59 11 17 46 54 27 29 79 19 97 
0 31 65 77 90 107 24 55 23 7 35 85 75 8 92 9 22 42 25 44 109 83 94 40 89 36 34 50 58 56 102 47 12 26 16 91 33 78 82 14 53 72 48 62 96 61 87 63 21 18 86 41 30 95 3 104 60 1 67 38 88 6 13 105 43 76 80 28 71 49 73 57 66 52 106 108 64 5 51 68 4 20 59 11 17 46 54 27 29 32 93 81 45 37 70 99 10 15 98 103 101 74 100 39 84 69 2 79 19 97 
0 31 65 76 43 105 13 6 88 38 67 1 60 104 3 95 30 41 86 18 21 63 87 61 96 62 48 72 53 14 82 78 33 26 16 91 12 47 102 56 58 50 34 36 89 40 94 83 109 44 25 42 22 9 92 8 75 85 35 7 23 55 24 107 90 77 80 28 71 49 73 57 66 98 15 10 99 64 108 106 52 103 101 74 100 39 84 69 2 32 93 81 45 37 70 5 51 68 4 20 59 11 17 46 54 27 29 79 19 97 
0 31 65 77 90 107 24 55 23 7 35 85 75 8 92 9 22 42 25 44 109 83 94 82 40 89 36 34 50 58 56 102 47 12 26 16 91 33 78 14 53 72 48 62 96 61 87 63 21 18 86 41 30 95 3 104 60 1 67 38 88 6 13 105 43 76 80 28 71 49 73 57 66 98 15 10 99 64 108 106 52 103 101 74 100 39 84 69 2 11 17 46 54 27 29 79 51 68 4 20 59 32 93 81 45 37 70 5 19 97 
0 31 65 77 90 107 24 55 23 7 35 75 85 8 92 9 22 42 99 10 105 13 6 88 38 67 1 60 104 3 95 30 41 86 18 21 63 87 61 96 62 48 72 53 14 78 33 91 16 26 12 43 76 80 28 71 49 73 57 66 98 15 47 102 56 58 50 34 36 89 40 83 94 82 109 44 25 64 108 106 52 103 101 74 100 39 84 69 2 32 93 81 45 37 70 5 51 68 4 20 59 11 17 46 54 27 29 79 19 97 
0 31 65 77 90 107 24 55 23 7 35 85 75 8 92 9 22 42 25 44 109 83 94 82 40 89 36 34 50 58 56 102 47 12 26 16 91 33 78 14 53 72 48 62 96 61 87 63 21 18 86 41 30 95 3 104 60 1 67 38 88 6 13 105 43 76 80 28 71 84 69 2 32 93 81 45 37 70 5 51 68 4 20 59 100 39 49 73 57 66 98 15 10 99 64 108 106 52 103 101 74 11 17 46 54 27 29 79 19 97 
0 31 65 77 90 107 24 55 23 7 38 67 1 60 104 3 95 30 41 86 18 21 63 87 61 96 62 48 72 53 14 82 78 33 91 16 26 12 47 102 56 58 50 34 36 89 40 94 83 109 44 25 42 22 9 92 8 75 85 35 88 6 13 105 43 76 80 28 71 49 73 57 66 98 15 10 99 64 108 106 52 103 101 74 100 39 84 69 2 32 93 81 45 37 70 5 51 68 4 20 59 11 17 46 54 27 29 79 19 97 
0 31 65 77 90 107 24 55 23 76 43 105 13 6 88 38 67 1 60 104 3 95 30 41 86 18 21 63 87 61 96 62 48 72 53 14 82 78 33 91 16 26 12 47 102 56 58 50 34 36 89 40 94 83 109 44 25 42 22 9 92 8 75 85 35 7 80 28 71 49 73 57 66 98 15 10 99 64 108 52 103 101 74 100 39 84 69 106 2 32 93 81 45 37 70 5 51 68 4 20 59 11 17 46 54 27 29 79 19 97 
0 31 65 77 90 107 24 55 23 7 35 85 75 8 92 9 22 42 25 44 109 83 94 100 40 89 36 34 50 58 56 102 47 12 26 16 91 33 78 14 53 72 48 62 96 61 87 63 21 18 86 41 6 82 30 95 3 104 60 1 67 38 88 13 105 43 76 80 28 71 49 73 57 66 98 15 10 99 64 108 106 52 103 101 74 39 84 69 2 32 93 81 45 37 70 5 51 68 4 20 59 11 17 46 54 27 29 79 19 97 
0 31 65 77 90 107 24 55 23 7 35 85 75 8 92 9 22 42 25 44 109 83 94 40 89 36 34 50 58 56 102 47 12 26 16 91 33 78 82 14 53 72 48 62 96 61 87 63 21 18 86 41 30 95 3 104 60 1 67 38 88 6 13 105 43 76 80 28 71 49 73 57 66 98 15 10 99 64 93 32 2 69 84 39 100 74 101 103 52 106 108 81 45 37 70 51 68 4 20 59 11 17 46 54 27 29 79 19 5 97 
0 31 65 77 90 107 24 55 23 7 35 85 75 8 92 9 48 42 25 44 109 83 94 82 40 89 36 34 50 58 56 102 47 12 26 16 91 33 78 14 53 72 22 62 96 61 87 63 21 18 86 41 30 95 3 104 60 1 67 38 88 6 13 105 43 76 80 28 71 49 73 57 66 98 15 10 99 64 108 106 52 103 101 74 100 39 84 69 2 32 93 81 45 37 70 5 51 68 4 20 59 11 17 46 54 27 29 79 19 97 
0 31 65 77 90 107 24 55 23 7 35 85 75 8 92 9 22 42 25 44 109 83 94 82 40 89 36 34 50 58 56 102 47 12 26 16 91 33 78 67 38 88 6 13 105 43 76 80 21 18 86 41 30 95 3 104 60 1 14 53 72 48 62 96 61 87 63 28 71 49 73 57 66 98 15 10 99 64 108 106 52 103 101 74 100 39 84 69 2 32 81 45 37 70 5 93 51 68 4 20 59 11 17 46 54 27 29 79 19 97 
0 31 65 77 90 107 24 55 23 7 35 85 75 8 92 9 22 42 25 44 109 83 94 40 89 36 34 50 58 56 102 47 12 26 16 91 33 78 82 14 53 72 48 62 96 38 87 63 21 18 86 41 30 95 3 104 60 1 67 61 88 6 13 105 43 76 80 28 71 49 73 57 66 98 15 10 99 64 108 106 52 103 101 74 100 39 84 69 2 32 93 81 45 37 70 5 51 68 4 20 59 11 17 46 54 27 29 79 19 97 
0 31 65 77 90 107 24 55 23 7 35 85 75 8 92 9 22 42 25 44 109 83 94 82 40 89 36 34 50 58 56 102 47 12 26 16 91 33 78 14 53 81 45 37 70 61 87 63 21 18 86 41 30 95 3 104 60 1 67 38 88 6 13 105 43 76 80 28 71 49 73 57 66 98 15 10 99 64 108 106 52 103 101 74 100 39 84 69 2 32 93 72 48 62 96 5 51 68 4 20 59 11 17 46 54 27 29 79 19 97 
0 31 65 77 90 107 24 55 23 7 35 85 75 8 92 9 22 42 25 44 109 83 94 82 40 89 71 49 73 57 66 98 15 10 99 64 108 106 52 103 101 74 100 39 84 69 2 32 93 81 45 37 70 5 51 68 4 20 59 11 17 46 54 27 29 79 19 97 36 34 50 58 56 102 47 12 26 16 91 33 78 14 53 72 48 62 96 61 87 63 21 18 86 41 30 95 3 104 60 1 67 38 88 6 13 105 43 76 80 28 
0 31 65 77 90 107 24 55 23 7 35 85 75 8 5 9 22 42 25 44 109 83 94 40 89 36 34 50 58 56 102 47 12 26 16 91 33 82 14 53 72 48 62 96 61 87 63 21 18 86 41 30 95 3 104 60 1 67 38 88 6 13 105 43 76 80 28 71 49 73 57 66 98 15 10 99 64 108 106 52 103 101 74 78 100 39 84 69 2 32 93 81 45 37 70 92 51 68 4 20 59 11 17 46 54 27 29 79 19 97 
0 31 65 77 90 107 24 55 23 7 35 85 75 8 92 9 22 42 25 44 109 83 94 40 89 36 34 50 58 56 102 47 12 26 16 91 33 78 82 14 53 72 48 62 96 61 87 63 21 18 86 41 30 95 3 104 60 1 67 38 88 6 13 105 43 76 80 28 71 49 73 57 66 98 15 10 99 64 108 106 52 103 101 74 100 39 84 17 2 32 93 81 45 37 70 5 51 68 4 20 69 59 11 46 54 27 29 79 19 97 
0 31 65 77 90 107 24 55 23 7 35 85 75 8 92 9 22 42 25 44 109 83 94 82 40 89 36 34 50 58 56 102 47 12 26 16 91 33 78 14 53 21 48 62 96 61 87 63 72 18 86 41 30 95 3 104 60 1 67 38 88 6 13 105 43 76 80 28 71 49 73 57 66 98 15 10 99 64 108 106 52 103 101 74 100 39 84 69 2 32 93 81 45 37 70 5 51 68 4 20 59 11 17 46 54 27 29 79 19 97 
0 31 65 77 90 107 24 55 23 7 35 85 75 8 92 9 22 42 25 44 109 83 94 40 89 36 34 50 56 102 47 12 26 16 91 33 78 82 14 53 72 48 62 96 61 87 63 21 18 86 41 30 95 3 104 60 1 67 38 88 6 13 105 43 76 80 28 71 49 73 57 66 52 106 108 64 99 10 15 98 103 101 74 100 39 84 69 2 32 93 81 45 37 70 5 51 68 4 20 59 11 17 46 54 27 29 79 58 19 97 
0 31 65 77 90 107 24 55 23 7 35 85 75 88 38 67 1 60 104 3 95 30 41 86 18 21 63 87 61 96 62 48 72 53 14 82 78 33 91 16 26 12 47 102 56 58 50 34 36 89 40 94 83 109 44 25 42 22 9 92 8 6 13 105 43 76 80 28 71 49 73 57 66 98 15 10 99 64 108 106 52 103 101 74 100 39 84 69 2 32 93 81 45 37 70 5 51 68 4 20 59 11 17 46 54 27 29 79 19 97 
0 31 65 77 90 107 24 55 23 7 34 36 89 40 82 94 83 109 44 25 42 22 9 92 8 75 85 35 50 58 56 102 47 12 26 16 91 33 78 14 53 72 48 62 96 61 87 63 21 18 86 41 30 95 3 104 60 1 67 38 88 6 13 105 43 76 80 28 71 49 73 57 66 93 32 2 69 84 39 100 74 99 103 52 106 108 64 101 10 15 98 81 45 37 70 5 51 68 4 20 59 11 17 46 54 27 29 79 19 97 
0 31 65 77 90 107 24 55 23 7 35 85 75 8 92 9 22 42 25 44 109 83 94 40 89 36 34 50 58 56 102 47 12 26 16 91 33 78 82 14 53 72 48 62 96 61 87 63 21 18 86 41 30 95 3 104 100 60 1 67 38 88 6 13 105 43 76 80 28 71 49 73 57 66 98 15 10 99 64 108 106 52 103 101 74 39 84 69 2 32 93 81 45 37 70 5 51 68 4 20 59 17 46 54 27 29 79 19 97 11 
0 31 65 77 90 107 24 55 23 7 35 85 75 8 92 9 22 42 25 44 109 83 94 82 40 89 36 34 50 58 56 102 47 12 26 16 91 33 78 14 53 72 48 62 96 61 87 63 21 74 101 103 52 106 108 64 99 10 15 98 66 57 73 49 18 86 41 30 95 3 104 60 1 67 38 88 6 13 105 43 76 80 28 71 100 39 84 69 2 32 93 81 45 37 70 5 51 68 4 20 59 11 17 46 54 27 29 79 19 97 
0 31 65 77 90 24 55 23 7 35 85 75 8 92 9 22 42 25 44 109 83 94 40 89 82 36 34 50 58 56 102 47 12 26 16 91 33 78 14 53 72 48 62 96 61 87 63 21 18 86 41 30 95 3 104 60 1 67 38 88 6 13 105 43 76 80 28 107 71 49 73 57 66 98 15 10 99 64 108 106 52 103 101 74 100 39 84 69 2 32 93 81 45 37 70 5 51 68 4 20 59 11 17 46 54 27 29 79 19 97 
0 31 65 77 90 107 24 55 23 7 35 85 75 8 92 9 22 42 25 44 109 83 94 40 89 36 34 50 58 56 102 47 12 26 16 91 33 66 98 15 78 82 14 53 72 48 62 96 61 87 63 21 18 86 41 30 95 3 104 60 1 67 38 88 6 13 105 43 76 80 28 71 49 73 57 106 108 64 99 10 103 101 74 100 39 84 69 2 32 93 81 45 37 70 5 51 68 4 20 59 11 17 46 54 27 29 52 79 19 97 
0 31 65 77 90 107 24 55 23 7 35 85 75 8 92 9 22 42 25 44 109 83 94 40 89 36 34 50 58 56 102 47 12 26 16 91 33 78 82 14 53 72 48 62 96 61 87 1 21 18 86 41 30 95 3 104 60 63 67 38 88 6 13 105 43 76 80 28 71 49 73 57 66 98 15 10 99 64 108 106 52 103 101 74 100 39 84 69 2 32 93 81 45 37 70 5 51 68 4 20 59 11 17 46 54 27 29 79 19 97 
0 31 65 77 90 107 24 55 23 7 35 85 75 8 92 9 22 42 25 44 109 83 94 82 40 89 36 34 50 58 56 102 47 12 26 16 91 33 78 14 53 72 48 62 96 61 87 63 21 18 86 41 30 95 3 104 60 1 67 38 88 6 105 43 76 80 28 71 49 73 57 66 98 15 10 99 64 20 4 68 51 5 70 37 45 81 93 13 108 106 52 103 101 74 100 39 84 69 2 32 59 11 17 46 54 27 79 29 19 97 
0 31 65 77 90 107 24 55 23 7 35 85 75 8 92 9 22 42 25 44 109 83 94 82 40 89 36 34 50 58 56 102 47 12 26 16 91 33 78 14 53 72 48 62 96 61 87 63 21 74 101 103 52 106 108 64 99 10 15 98 66 57 73 49 71 28 80 76 43 105 13 18 86 41 30 95 3 104 60 1 67 38 88 6 100 39 84 69 2 32 93 81 45 37 70 5 51 68 4 20 59 11 17 46 54 27 29 79 19 97 
0 31 60 1 67 38 88 6 13 105 43 76 80 28 71 49 73 57 66 98 15 10 99 64 108 106 52 103 101 74 100 39 84 69 2 32 93 81 45 37 70 5 51 68 4 20 59 11 17 46 54 27 29 79 19 97 65 77 90 107 24 55 23 7 35 85 75 8 92 9 22 42 25 44 109 83 94 40 89 36 34 50 58 56 102 47 12 26 16 91 33 78 82 14 53 72 48 62 96 61 87 63 21 18 86 41 30 95 3 104 
0 31 65 77 90 107 18 21 63 87 61 96 62 48 72 53 14 78 33 91 16 26 12 47 102 56 58 50 34 36 89 40 82 94 83 109 44 25 42 22 9 92 8 75 85 35 23 55 24 86 41 30 95 3 104 60 1 67 38 88 6 13 105 43 76 80 28 71 49 73 57 66 98 15 10 99 64 108 106 52 103 101 74 100 39 84 69 2 32 93 81 45 37 70 5 51 68 4 20 59 11 17 46 54 27 29 7 79 19 97 
0 31 65 77 90 107 24 55 23 7 35 85 75 8 92 9 22 42 25 44 109 83 94 40 89 36 34 50 58 56 102 47 12 26 16 91 33 78 82 14 53 72 48 62 96 61 87 63 21 18 86 41 30 95 3 29 27 54 46 17 11 59 20 4 68 51 5 70 37 45 81 93 32 2 69 84 39 100 74 101 103 98 15 10 99 64 108 106 52 66 57 73 49 71 28 80 76 43 105 13 6 88 38 67 1 60 104 79 19 97 
0 31 65 77 90 107 24 55 23 7 35 85 75 8 92 9 49 73 57 66 98 15 10 99 64 108 106 52 103 101 74 100 39 84 69 2 32 93 81 45 37 72 48 62 96 61 87 63 21 18 86 41 30 95 3 104 60 1 67 38 88 6 13 105 43 76 80 28 71 22 42 25 44 109 83 94 82 40 89 36 34 50 58 56 102 47 12 26 16 91 33 78 14 53 70 5 51 68 4 20 59 11 17 46 54 27 29 79 19 97 
0 31 65 77 90 107 24 55 23 7 35 85 75 8 92 9 22 42 25 44 109 83 94 82 40 89 36 34 50 58 56 102 47 12 26 16 91 33 78 14 53 72 48 62 96 61 87 63 21 18 86 41 30 95 104 60 1 67 38 88 6 13 105 43 76 80 28 71 49 73 57 66 98 15 10 99 64 108 106 52 103 101 74 100 39 84 69 2 32 68 93 81 45 37 70 5 51 4 20 11 59 3 17 46 54 27 29 79 19 97 
0 31 60 1 67 38 88 6 13 105 43 76 80 28 71 49 73 57 66 98 15 10 99 64 108 106 52 103 101 74 100 39 84 69 2 32 93 81 45 37 70 5 51 68 4 20 59 11 17 46 54 27 29 79 19 97 65 77 90 107 24 55 23 7 35 85 75 8 92 9 22 42 25 44 109 83 94 82 40 89 36 34 50 58 56 102 47 12 26 16 91 33 78 14 53 72 48 62 96 61 87 63 21 18 86 41 30 95 3 104 
0 31 65 77 90 107 24 55 23 7 35 85 75 8 92 9 22 42 25 44 109 83 94 40 89 36 34 50 58 56 102 47 12 26 16 91 33 78 82 14 53 72 48 62 96 61 32 63 21 18 86 41 30 95 3 104 60 1 67 38 88 6 13 105 43 76 80 28 71 49 73 57 66 98 15 10 99 64 108 106 52 103 101 74 100 39 84 69 2 87 93 81 45 37 70 5 51 68 4 20 59 11 17 46 54 27 29 79 19 97 
0 31 65 77 90 107 24 55 23 7 35 85 75 8 92 9 22 42 25 44 109 83 94 40 89 36 34 50 58 56 102 47 12 26 16 91 33 78 82 14 53 72 48 62 64 99 10 15 98 103 101 74 100 39 84 69 2 32 93 81 45 37 70 5 51 68 4 20 71 49 73 57 66 52 106 108 96 61 87 63 21 18 86 41 30 95 3 104 60 1 67 38 88 6 13 105 43 76 80 28 59 11 17 46 54 27 29 79 19 97 
0 31 65 77 90 107 24 55 23 7 35 85 75 8 92 9 56 58 50 34 36 89 40 94 83 109 44 25 42 22 102 47 12 26 16 91 33 78 82 14 53 72 48 62 96 61 87 63 21 18 86 41 30 95 3 104 60 1 67 38 66 6 13 105 43 76 80 28 71 49 73 57 88 98 15 10 99 64 108 106 52 103 101 74 100 39 84 69 2 32 93 81 45 37 70 5 51 68 4 20 59 11 17 46 54 27 29 79 19 97 
0 31 65 90 107 24 55 23 7 35 85 75 8 92 9 22 42 25 44 109 83 94 37 89 36 34 50 58 56 102 47 12 26 16 91 33 78 82 14 53 72 48 62 96 61 87 63 21 18 86 41 30 95 3 104 60 1 67 38 88 6 13 105 43 76 80 28 71 49 73 57 66 98 15 10 99 64 108 106 52 103 101 74 100 39 84 69 77 2 32 93 81 45 40 70 5 51 68 4 20 59 11 17 46 54 27 29 79 19 97 
0 31 65 77 90 107 24 55 23 7 35 85 75 8 92 9 22 42 25 44 109 83 94 82 40 89 36 34 50 58 56 102 47 12 26 16 91 33 78 14 53 72 48 62 96 61 87 63 21 18 86 41 30 95 3 104 60 1 67 38 88 6 100 105 43 76 80 28 71 49 73 57 66 98 15 10 99 64 108 106 52 103 101 74 13 39 84 69 2 32 93 81 45 37 70 5 51 68 4 20 59 11 17 46 54 27 29 79 19 97 
0 31 65 77 90 107 24 55 23 7 35 85 75 8 92 9 22 42 25 44 109 83 94 40 89 36 34 50 58 56 102 47 12 26 16 91 33 78 82 14 53 72 48 62 96 61 87 63 21 18 86 30 95 3 104 60 1 67 38 88 6 13 105 43 76 80 28 71 49 73 57 66 52 106 108 64 99 10 15 98 103 101 74 100 39 84 69 2 32 93 81 45 37 70 5 51 68 4 20 59 11 17 41 46 54 27 29 79 19 97 
0 31 65 77 90 107 24 55 23 7 35 85 75 8 92 9 74 100 39 84 69 2 32 93 81 45 37 70 5 51 68 22 42 25 44 109 83 94 40 89 36 34 50 58 56 101 103 52 106 108 64 99 10 15 98 66 57 73 49 71 28 80 76 43 105 13 88 38 67 1 60 104 3 95 30 41 86 18 21 63 87 61 96 62 48 72 53 14 78 33 91 16 26 12 47 102 82 6 4 20 59 11 17 46 54 27 29 79 19 97 
0 31 65 77 90 107 24 55 23 7 35 85 75 8 92 9 22 42 25 44 109 83 94 40 89 36 34 50 58 56 102 47 12 26 16 91 33 78 82 14 53 72 48 62 96 61 87 63 27 54 46 17 11 59 20 4 68 51 5 70 37 45 81 108 106 52 103 101 74 100 39 84 69 2 32 93 64 99 10 15 98 66 57 73 49 71 28 80 76 43 105 13 6 88 38 67 1 60 104 3 95 30 41 86 18 21 29 79 19 97 
0 31 65 77 90 107 24 55 23 7 35 85 75 8 92 9 22 42 25 44 109 83 94 40 89 36 34 50 58 56 74 100 39 84 69 2 32 93 81 45 37 70 5 51 68 4 20 59 11 17 46 54 27 14 53 72 48 62 96 61 87 63 21 18 86 41 30 95 3 104 60 1 67 38 88 6 13 105 43 76 80 28 71 49 73 57 66 98 15 10 99 64 108 106 52 103 101 82 102 47 12 26 16 91 33 78 29 79 19 97 
0 31 65 77 90 107 24 55 23 7 35 85 75 8 92 9 22 42 25 44 109 83 94 82 40 89 36 34 50 58 56 102 47 12 26 16 91 33 78 14 53 72 48 62 96 61 87 64 99 10 15 98 66 57 73 49 71 28 80 18 86 41 30 95 3 104 60 1 67 38 88 6 13 105 43 76 21 63 108 106 52 103 101 74 100 39 84 69 2 32 93 81 45 37 70 5 51 68 4 20 59 11 17 46 54 27 29 79 19 97 
0 31 65 77 90 107 24 55 23 7 35 85 75 8 92 9 22 42 25 44 109 83 94 40 89 36 34 50 58 56 102 47 12 26 16 91 33 78 82 14 53 72 48 62 96 61 11 63 21 18 86 41 30 95 3 104 60 1 67 38 88 6 13 105 43 76 80 28 71 49 73 57 66 98 15 10 99 64 108 106 52 103 101 74 100 39 84 69 2 32 93 81 45 37 70 5 51 68 4 20 59 87 17 46 54 27 29 79 19 97 
0 31 65 77 90 22 24 55 23 7 35 85 75 8 92 9 107 42 25 44 74 83 94 82 40 89 36 34 50 58 56 102 47 12 26 16 91 33 78 14 53 72 48 62 96 61 87 63 21 18 86 41 30 95 3 104 60 1 67 38 88 6 13 105 43 76 80 28 71 49 73 57 66 98 15 10 99 64 108 106 52 103 101 109 100 39 84 69 2 32 93 81 45 37 70 5 51 68 4 20 59 11 17 46 54 27 29 79 19 97 
0 31 65 77 90 107 24 55 23 7 35 85 75 8 92 9 22 42 25 44 109 83 94 43 76 80 28 71 49 73 57 66 98 15 10 99 64 108 106 52 103 101 74 100 39 84 69 2 32 93 81 45 37 70 5 68 60 1 67 38 88 6 13 105 82 40 89 36 34 50 58 56 102 47 12 26 16 91 33 78 14 53 72 48 62 96 61 87 63 21 18 86 41 30 95 3 104 4 20 59 11 17 46 51 54 27 29 79 19 97 
0 31 65 77 19 79 29 27 54 46 17 11 59 20 4 68 51 5 70 90 107 24 55 23 7 35 85 75 8 92 9 22 42 25 44 109 83 94 82 40 89 36 34 50 58 56 102 47 12 26 16 91 33 78 14 53 72 48 62 96 61 87 63 21 18 86 41 30 95 3 104 60 1 67 38 88 6 13 105 43 76 80 28 71 49 73 57 98 15 10 99 64 108 106 52 103 101 74 100 39 84 69 2 32 93 81 45 37 97 66 
0 31 65 77 90 107 24 55 23 7 35 85 75 8 92 9 74 100 39 84 69 2 32 93 81 45 37 70 5 51 68 4 20 59 11 17 46 54 27 14 53 72 48 62 96 61 87 63 21 18 86 41 30 95 3 104 60 1 67 38 88 6 13 105 43 76 80 28 71 49 73 57 66 98 15 10 99 64 108 106 52 103 101 22 42 25 44 109 83 94 82 40 89 36 34 50 58 56 102 47 12 26 16 91 33 78 29 79 19 97 
0 31 65 77 90 107 24 55 79 7 35 85 75 8 92 9 22 42 25 44 109 83 94 82 40 89 36 34 50 58 56 102 47 12 26 23 16 91 33 78 14 53 72 48 62 96 61 87 63 21 18 86 41 30 95 3 104 52 106 108 64 99 10 15 98 66 57 73 49 71 28 80 76 43 105 13 6 88 38 67 1 60 103 101 74 100 39 84 69 2 32 93 81 45 37 70 5 51 68 4 20 59 11 17 46 54 27 29 19 97 
0 31 65 77 90 107 24 55 23 7 35 85 75 8 92 9 22 42 25 44 109 83 94 28 71 49 73 57 66 52 106 108 64 99 10 15 98 103 101 74 100 39 84 69 2 32 93 81 45 37 70 5 51 68 4 20 59 11 17 46 54 27 13 105 43 76 80 82 40 89 36 34 50 58 56 102 47 12 26 16 91 33 78 14 53 72 48 62 96 61 87 63 21 18 86 41 30 95 3 104 60 1 67 38 88 6 29 79 19 97 
0 31 65 77 90 107 24 55 23 7 35 85 75 8 89 9 22 42 25 44 109 83 94 82 40 92 36 34 50 58 56 102 47 12 26 16 91 33 78 14 53 72 48 62 96 61 87 63 21 18 86 41 30 95 3 104 60 1 67 38 88 6 13 105 43 76 80 28 71 49 73 57 66 98 15 10 99 64 108 106 52 103 101 74 100 39 84 69 2 32 93 81 45 37 70 5 68 51 4 20 59 11 17 46 54 27 29 79 19 97 
0 31 65 77 90 107 24 55 23 7 35 85 75 8 92 9 22 42 25 44 109 83 94 40 89 36 34 50 58 56 102 47 12 26 16 91 78 82 14 53 72 48 62 96 61 63 21 18 86 41 30 95 3 104 60 1 67 38 88 6 13 105 43 76 80 28 71 33 20 4 68 51 5 70 37 45 81 93 32 2 69 84 39 100 74 87 101 103 52 106 108 64 99 10 15 98 66 57 73 49 59 11 17 46 54 27 29 79 19 97 
0 31 65 77 90 107 24 55 23 7 35 85 75 8 92 9 22 42 25 97 109 83 94 82 40 89 36 34 50 58 56 102 47 12 26 16 91 33 78 14 53 72 48 62 96 61 87 63 21 18 86 41 30 95 3 104 60 1 67 38 88 6 13 105 43 5 80 28 71 49 73 57 66 98 15 10 99 64 108 106 52 103 101 74 100 39 84 69 2 32 93 81 45 37 70 76 51 68 4 20 59 11 17 46 54 27 29 79 19 44 
0 31 65 77 90 107 24 55 23 7 35 85 75 8 92 9 22 42 25 44 109 83 94 40 89 36 34 50 58 20 102 47 12 26 16 98 66 57 73 49 71 28 80 76 43 105 13 6 88 38 67 1 60 104 3 95 30 41 86 18 21 63 87 61 96 62 48 72 53 14 82 78 33 91 15 10 99 64 108 106 52 103 101 74 39 84 69 2 32 93 81 45 37 70 5 51 68 4 100 56 59 11 17 46 54 27 29 79 19 97 
0 31 65 77 90 107 24 55 23 7 35 85 75 8 92 76 80 28 71 49 73 57 66 52 106 108 64 99 10 15 98 103 101 74 100 39 84 69 2 32 93 81 45 37 70 5 51 68 4 20 59 11 17 46 54 27 29 79 19 97 88 6 13 105 43 9 22 42 25 44 109 83 94 40 89 36 34 50 58 56 102 47 12 26 16 91 33 78 82 14 53 72 48 62 96 61 87 63 21 18 86 41 30 95 3 104 60 1 67 38 
0 31 65 77 90 107 24 55 23 7 35 85 75 8 92 9 22 42 25 44 109 83 94 82 40 89 36 34 50 58 56 102 47 12 26 16 91 33 78 14 53 72 48 62 96 61 87 63 21 18 86 41 11 30 95 3 104 60 1 67 38 88 6 13 105 43 32 80 28 71 49 73 57 66 98 15 10 99 64 108 106 52 103 101 74 100 39 84 69 2 76 93 81 45 37 70 5 51 68 4 20 59 17 46 54 27 29 79 19 97 
0 31 65 77 90 107 24 55 23 7 35 85 75 8 92 9 22 42 25 44 109 83 94 82 40 89 36 78 33 91 16 26 12 47 102 93 58 50 34 14 53 72 48 62 96 61 87 63 21 18 86 41 30 95 3 104 99 64 108 106 52 103 101 74 100 39 84 69 2 32 56 57 66 98 15 10 60 1 67 38 88 6 13 105 43 76 80 28 71 49 73 81 45 37 70 5 51 68 4 20 59 11 17 46 54 27 29 79 19 97 
0 31 65 77 90 107 24 55 23 7 35 85 75 8 92 9 22 42 25 44 109 17 11 59 20 4 68 51 5 70 37 45 81 93 32 2 69 84 39 100 74 101 103 52 106 108 64 99 10 15 98 66 57 73 49 71 28 80 76 43 105 13 6 88 38 67 1 60 104 3 95 30 41 86 21 63 87 61 96 62 48 72 53 14 18 78 33 91 82 16 26 12 47 102 56 58 50 34 36 89 40 94 83 46 54 27 29 79 19 97 
0 31 65 77 90 107 24 55 23 7 35 85 75 8 92 9 1 67 38 88 6 13 105 43 76 80 28 71 49 73 57 66 52 106 108 64 99 10 15 98 103 101 74 100 21 63 87 61 96 62 48 72 53 14 82 78 33 91 16 26 12 47 102 56 58 50 34 36 89 40 94 83 109 44 25 42 22 68 51 5 70 37 45 81 93 32 2 69 84 39 18 86 41 30 95 3 104 60 4 20 59 11 17 46 54 27 29 79 19 97 
0 31 65 77 90 107 24 55 23 7 35 85 75 8 92 9 22 42 106 108 81 45 94 40 89 36 34 50 58 56 102 47 12 26 16 91 33 78 82 14 53 72 48 62 96 61 87 63 21 18 30 41 86 95 3 104 60 1 67 38 88 6 13 105 43 76 80 28 71 49 73 57 66 98 15 10 99 64 93 32 2 69 84 39 100 74 101 103 52 25 44 109 83 37 70 5 51 68 4 20 59 11 17 46 54 27 29 79 19 97 
0 31 65 77 90 107 24 55 23 7 35 85 75 8 92 9 22 6 25 44 109 83 94 82 40 89 36 34 50 58 56 102 47 12 26 16 91 33 78 14 53 72 48 62 96 61 87 63 21 18 86 41 30 95 3 104 60 1 67 38 88 42 13 105 43 76 80 28 71 49 73 57 66 98 15 10 99 64 108 106 52 103 101 74 100 39 84 69 2 32 93 81 45 37 70 5 51 68 4 20 59 11 17 46 54 27 29 79 19 97 
0 31 65 77 90 26 12 47 102 56 58 50 34 36 89 40 94 83 109 44 25 42 22 9 92 8 75 85 35 7 23 55 24 107 16 91 33 78 82 14 53 72 48 62 96 61 87 63 21 18 86 41 30 49 73 57 66 98 15 10 99 64 108 106 52 103 101 74 95 3 104 60 1 67 38 88 6 13 105 43 76 80 28 71 100 39 84 69 2 32 93 81 45 37 70 5 51 68 4 20 59 11 17 46 54 27 29 79 19 97 
0 31 65 25 42 22 9 92 8 75 85 35 7 23 55 24 107 90 77 44 109 83 94 82 40 89 36 34 50 58 56 102 47 12 26 16 91 33 78 14 53 72 48 62 96 61 87 63 21 18 86 41 30 95 3 104 60 1 67 38 88 6 13 2 43 76 28 71 80 49 57 66 73 98 15 10 99 64 108 106 52 103 101 74 100 39 84 69 105 32 93 81 45 37 70 5 51 68 4 20 59 11 17 46 54 27 29 79 19 97 
0 31 65 77 90 107 24 55 23 7 35 85 75 8 92 9 22 42 25 44 109 83 94 82 40 89 36 34 50 58 56 102 47 12 26 16 91 33 78 14 53 72 48 62 96 61 63 21 66 98 15 10 99 64 108 106 52 103 101 74 100 39 13 105 43 76 80 28 71 49 73 57 18 86 41 30 95 3 104 87 60 1 67 38 88 6 84 69 2 32 93 81 45 37 70 5 51 68 4 20 59 11 17 46 54 27 29 79 19 97 
0 1 67 38 88 6 13 105 43 76 80 28 71 49 73 57 66 98 15 10 99 64 108 106 52 103 101 74 100 39 84 69 2 32 26 16 91 33 78 14 53 72 48 62 96 61 87 63 21 18 86 41 30 95 3 104 60 31 65 77 90 107 24 55 23 7 35 85 75 8 92 9 22 42 25 44 109 83 94 82 40 89 36 34 50 58 56 102 47 12 93 81 45 37 70 5 51 68 4 20 59 11 17 46 54 27 29 79 19 97 
0 31 65 77 90 107 24 55 23 7 35 75 8 92 9 22 42 25 44 109 83 94 40 89 82 36 34 50 58 56 102 47 12 26 16 91 33 78 14 53 72 48 62 96 61 87 63 21 18 86 41 30 95 3 104 60 1 67 38 88 6 13 105 43 76 80 28 85 71 49 73 57 66 98 15 10 99 64 108 106 52 103 101 74 100 39 84 69 2 32 93 81 45 37 70 27 51 68 4 20 59 11 17 46 54 5 29 79 19 97 
0 31 65 77 90 107 24 55 23 7 35 85 75 8 92 9 22 42 25 44 109 83 94 82 40 89 36 34 50 58 56 102 47 12 26 16 91 33 78 14 53 72 93 32 60 69 84 39 100 74 99 103 52 106 108 64 101 10 15 98 66 57 73 49 71 28 80 76 43 105 13 6 88 48 62 96 61 87 63 21 18 86 41 30 95 3 104 2 1 67 38 81 45 37 70 5 51 68 4 20 59 11 17 46 54 27 29 79 19 97 
0 31 65 77 90 107 24 55 23 7 35 85 75 8 92 9 22 42 25 44 109 60 1 67 38 88 6 13 105 43 76 80 28 71 49 73 57 66 98 15 10 99 64 108 106 52 103 101 74 100 39 84 69 30 95 3 104 83 94 82 40 89 36 34 50 58 56 102 47 12 26 16 91 11 33 78 14 53 72 48 62 96 61 87 63 21 18 86 41 2 32 93 81 45 37 70 5 51 68 4 20 59 17 46 54 27 29 79 19 97 
0 31 65 77 90 107 24 55 23 7 35 85 15 8 92 9 22 42 25 44 109 83 94 82 40 89 36 34 50 58 56 102 47 12 26 16 91 33 78 14 53 72 48 62 96 61 87 63 21 18 86 41 30 95 3 104 60 1 67 38 88 6 13 105 43 76 80 28 71 49 73 57 66 98 75 10 99 106 108 64 52 103 101 74 100 39 84 69 2 32 93 81 45 37 70 5 51 68 4 20 59 11 17 46 54 27 29 79 19 97 
0 31 65 77 90 107 24 55 58 7 35 85 75 8 92 9 22 42 25 44 109 83 94 40 89 36 34 50 23 56 102 47 12 26 16 91 33 78 82 14 53 72 48 62 96 61 87 63 21 18 86 41 30 95 3 104 60 1 67 38 88 6 13 105 43 76 80 28 71 49 73 57 66 98 15 10 99 64 108 106 52 103 101 74 100 39 84 69 2 32 93 81 45 37 70 5 51 68 4 20 59 11 17 46 54 27 29 79 19 97 
0 31 65 77 90 107 24 55 23 7 35 85 75 8 92 9 22 42 25 44 109 83 94 82 40 89 36 34 50 58 56 102 47 12 26 79 16 91 33 78 63 14 53 72 48 62 96 61 87 21 18 86 41 30 95 3 104 60 1 67 38 88 6 13 105 43 76 80 28 71 49 73 57 66 98 15 10 99 64 108 106 52 103 101 74 100 39 84 69 2 32 93 81 45 37 70 5 51 68 4 20 59 11 17 46 54 27 29 19 97 
0 31 65 77 90 107 24 55 23 7 35 85 75 8 92 9 30 41 86 18 21 63 87 61 96 62 48 72 53 14 78 33 91 16 26 12 47 102 56 58 50 34 36 89 40 82 94 83 109 44 25 42 22 95 3 104 60 1 67 38 2 69 84 39 74 101 103 52 106 108 64 99 10 15 98 66 57 73 49 71 28 80 76 100 43 105 13 6 88 32 93 81 45 37 70 5 51 68 4 20 59 11 17 46 54 27 29 79 19 97 
0 31 65 77 90 107 24 55 23 7 35 85 75 8 92 9 22 42 25 44 109 83 94 40 89 36 34 50 58 56 102 47 12 26 16 91 33 78 82 14 53 72 48 62 96 61 87 63 10 18 86 41 3 95 30 104 60 1 67 38 88 6 13 105 43 76 80 28 71 49 73 57 66 98 15 21 99 64 108 106 52 103 101 74 100 39 84 69 2 32 93 81 45 37 70 5 51 68 4 20 59 11 17 46 54 27 29 79 19 97 
0 31 65 77 90 107 24 55 23 7 35 85 75 8 92 32 93 3 104 60 1 58 50 34 36 89 40 82 94 83 109 44 25 42 22 9 68 69 84 39 100 95 30 41 86 18 21 63 61 96 62 48 72 53 14 78 33 91 16 26 12 47 102 56 67 38 88 6 13 43 76 80 28 71 49 105 87 73 57 66 98 15 10 99 64 108 106 52 103 101 74 81 45 37 70 5 51 2 4 20 59 11 17 46 54 27 29 79 19 97 
0 31 65 77 90 107 24 55 23 7 35 85 75 8 92 9 38 88 6 13 105 43 80 28 71 49 73 57 66 98 15 10 101 64 108 106 52 103 99 74 100 39 84 69 2 32 93 76 81 45 37 70 5 51 68 104 60 1 67 22 42 25 44 109 83 94 82 40 89 36 34 50 58 56 102 47 12 26 16 91 33 78 14 53 72 48 62 96 61 87 63 21 18 86 41 30 95 3 4 20 11 17 59 46 54 27 29 79 19 97 
0 31 65 77 90 107 24 55 23 7 35 85 75 8 92 9 22 42 25 44 109 83 94 82 40 89 36 34 50 58 56 102 47 12 26 16 91 33 78 14 53 72 48 62 96 10 103 101 74 100 39 84 69 2 32 93 81 45 37 70 5 51 68 4 20 59 11 17 71 49 73 57 66 98 15 52 106 108 64 99 61 87 63 21 18 86 41 30 95 3 104 60 1 67 38 88 6 13 105 43 76 80 28 46 54 27 29 79 19 97 
0 31 65 77 90 107 24 55 23 7 35 85 75 8 67 38 88 6 13 105 43 76 80 28 71 49 73 57 66 98 15 10 99 64 108 106 52 103 101 74 100 39 84 69 2 32 93 81 45 37 70 5 51 68 4 20 59 1 92 9 22 42 25 44 109 83 94 82 40 89 36 34 50 58 56 102 47 12 26 16 91 33 78 14 53 72 48 62 96 61 87 63 21 18 86 41 30 95 3 104 60 11 17 46 54 27 29 79 19 97 
0 36 89 40 94 83 109 44 25 42 22 9 92 8 75 85 35 7 23 55 24 107 90 77 65 31 34 50 58 56 102 47 12 26 82 81 91 33 78 93 32 2 14 53 72 48 62 96 61 87 63 21 18 86 41 30 95 3 104 60 1 67 38 88 6 13 105 43 76 80 28 71 49 73 66 98 15 10 99 57 64 108 106 52 103 101 74 100 39 84 69 16 45 37 70 5 51 68 4 20 59 11 17 46 54 27 29 79 19 97 
0 31 65 77 90 107 24 55 33 7 35 85 75 8 92 9 22 42 25 44 109 83 94 82 40 89 36 34 50 58 56 102 47 12 26 16 91 23 78 14 53 72 48 62 96 61 87 63 21 18 86 41 30 95 3 104 60 1 67 38 88 6 13 105 43 5 80 28 71 49 73 57 66 98 15 10 99 64 108 106 52 103 101 74 100 39 84 69 2 32 93 81 45 37 70 76 51 68 4 20 59 11 17 46 54 27 29 79 19 97 
0 31 65 77 90 107 24 55 23 7 35 85 75 88 6 13 105 43 76 80 28 71 49 73 57 66 98 15 10 99 64 108 106 52 103 101 74 100 39 84 69 2 32 93 81 45 37 70 5 51 68 4 20 59 11 17 46 1 67 38 8 92 9 22 42 25 44 109 82 94 83 40 89 36 34 50 58 56 102 47 12 26 16 91 33 78 14 53 72 48 62 96 61 87 63 21 18 86 41 30 95 3 104 60 54 27 29 79 19 97 
0 31 65 77 90 67 38 88 6 13 105 43 76 80 28 71 49 73 57 106 98 15 10 99 64 108 66 52 103 101 74 100 39 84 69 2 32 93 81 45 37 70 5 51 68 4 20 59 11 17 46 54 27 29 79 19 60 1 107 24 55 23 7 35 85 75 8 92 9 22 42 25 44 109 83 94 40 89 36 34 50 58 56 102 47 12 26 16 91 33 78 82 14 53 72 48 62 96 61 87 63 21 18 86 41 30 95 3 104 97 
0 31 65 77 90 107 24 55 23 7 35 85 75 88 6 13 105 43 76 80 28 71 49 73 57 66 98 15 10 99 64 108 106 52 103 101 74 100 39 84 69 2 32 93 81 45 37 70 5 51 68 4 20 59 11 17 46 1 67 38 8 92 9 22 42 25 44 109 82 94 83 40 89 36 34 50 58 56 102 47 12 26 16 91 33 78 14 53 72 48 62 61 87 63 21 18 96 86 41 30 95 3 104 60 54 27 29 79 19 97 
0 31 65 77 90 52 24 55 23 7 35 85 75 8 92 9 22 42 25 44 109 83 94 82 40 89 36 34 50 58 56 102 47 12 26 16 91 33 78 14 53 72 48 62 96 61 87 63 21 18 86 41 30 95 3 104 60 1 67 38 88 6 13 105 43 76 80 28 71 49 73 57 66 98 15 10 99 64 108 107 103 101 74 100 39 84 69 106 2 32 93 81 45 37 70 5 51 68 4 20 59 11 17 46 54 27 29 79 19 97 
0 31 65 77 90 107 24 55 23 7 35 85 75 8 92 43 76 80 28 71 49 73 57 66 52 106 108 64 99 10 15 98 103 101 74 100 39 84 69 2 32 93 81 45 37 70 5 54 46 17 11 59 20 4 68 51 27 29 79 19 97 6 13 105 9 22 42 25 44 109 83 94 40 89 36 34 50 58 56 102 47 12 26 16 91 33 78 82 14 53 72 48 62 96 61 87 63 21 18 86 41 30 95 3 104 60 1 67 38 88 
0 31 3 95 30 41 86 18 21 63 87 61 96 62 48 72 53 14 78 33 91 16 26 12 47 102 56 58 25 34 36 89 40 82 94 83 109 44 50 42 22 9 92 8 75 85 35 7 23 55 24 107 65 77 90 104 60 1 67 38 88 6 13 105 43 76 80 28 71 49 73 57 66 98 15 10 99 64 108 106 52 103 101 74 100 39 84 69 2 32 93 81 45 37 70 5 51 68 4 20 59 11 17 46 54 27 29 79 19 97 
0 31 65 77 90 107 55 23 7 35 85 75 8 92 9 22 42 25 44 109 83 94 40 89 36 34 50 58 56 102 47 12 26 16 91 33 78 82 14 53 72 48 62 96 61 103 63 21 18 86 41 30 95 3 104 60 1 67 38 88 6 13 105 43 76 80 28 71 49 73 57 66 98 15 10 24 99 64 108 106 52 87 101 74 100 39 84 69 2 32 93 81 45 37 70 5 51 68 4 20 59 11 17 46 54 27 29 79 19 97 
0 31 65 77 90 67 38 88 6 13 105 43 76 80 28 71 49 73 57 66 98 15 108 99 64 10 106 52 103 101 74 100 39 84 69 2 32 93 81 45 37 70 5 51 68 4 20 59 11 17 86 41 30 95 3 104 60 1 107 24 55 23 7 35 85 75 8 92 9 22 42 25 44 109 83 94 40 89 36 34 50 58 56 102 47 12 26 16 91 33 78 82 14 53 72 48 62 96 61 87 63 21 18 46 54 27 29 79 19 97 
0 31 65 77 90 107 24 55 23 7 35 85 75 8 92 9 22 42 25 44 109 83 94 82 40 89 36 84 50 58 56 102 47 12 26 16 91 33 78 14 53 72 48 62 96 61 87 63 21 18 86 41 30 95 3 104 60 1 67 38 88 6 97 105 43 76 80 28 71 49 73 57 66 98 15 10 99 64 108 106 52 103 101 74 100 39 34 69 2 32 93 81 45 37 70 5 51 68 4 20 59 11 17 46 54 27 29 79 19 13 
0 31 65 77 90 107 24 55 23 106 35 85 75 8 92 9 38 88 6 13 105 43 76 80 28 71 49 73 57 66 98 15 10 99 64 108 52 103 101 74 100 39 84 69 2 32 93 81 45 37 70 5 51 68 4 20 59 17 46 54 27 22 42 25 44 109 83 94 82 40 89 36 34 50 58 56 102 47 12 26 16 91 33 78 14 53 72 48 11 7 62 96 61 87 63 21 18 86 41 30 95 3 104 60 1 67 29 79 19 97 
0 31 65 77 90 107 24 55 23 7 35 85 75 8 92 9 22 42 25 88 38 67 1 60 104 3 95 30 41 86 108 64 99 54 46 17 11 59 20 4 68 51 5 70 37 45 81 93 32 2 69 84 39 100 74 101 103 52 106 18 21 63 87 61 96 62 48 72 53 14 82 78 33 91 16 26 12 47 102 56 58 50 34 36 89 40 94 83 109 44 6 13 105 43 76 80 28 71 49 73 57 66 98 15 10 27 29 79 19 97 
0 31 77 90 107 24 55 23 7 35 85 75 8 92 9 22 42 25 44 65 109 83 94 82 40 89 36 34 50 58 56 102 47 12 26 16 91 78 14 53 72 48 62 96 61 87 79 29 27 54 46 33 17 11 59 20 21 18 86 41 30 95 3 104 60 1 67 38 88 6 13 105 43 76 80 28 71 49 73 57 66 98 15 10 99 64 108 106 52 103 101 74 100 39 84 69 2 32 93 81 45 37 70 5 51 68 4 63 19 97 
0 31 65 77 10 107 24 55 23 7 35 85 75 8 92 9 22 42 25 44 109 83 94 40 89 36 34 50 58 56 102 47 12 26 16 91 33 78 82 14 53 72 48 62 96 61 87 63 21 18 86 41 30 15 98 66 57 73 49 71 28 80 76 43 105 13 6 88 38 67 1 60 104 3 95 90 99 64 108 106 52 103 101 74 100 39 84 69 2 32 93 81 45 37 70 5 51 68 4 20 59 11 17 46 54 27 29 79 19 97 
0 31 65 77 90 63 21 86 41 30 95 3 18 104 60 9 22 42 25 44 109 83 94 40 89 36 34 50 58 56 102 47 12 26 16 91 33 78 82 14 53 72 48 62 96 61 87 107 24 55 23 7 35 85 75 8 92 1 67 38 88 6 13 105 43 76 80 28 71 49 73 57 66 98 15 10 99 64 108 106 52 103 101 74 100 39 84 69 2 32 93 81 45 37 70 5 51 68 4 20 59 11 17 46 54 27 29 79 19 97 
0 31 65 77 90 107 24 55 23 35 85 106 75 8 92 9 22 42 12 47 102 56 58 50 34 36 40 82 94 83 109 44 25 26 16 91 33 78 14 53 72 48 62 96 61 87 63 21 18 86 41 30 95 3 104 60 1 89 67 38 88 6 13 105 43 76 80 28 71 49 73 57 66 98 15 10 99 64 108 7 52 103 101 74 100 39 84 69 2 32 93 81 45 37 70 5 51 68 4 20 59 11 17 46 54 27 29 79 19 97 
0 31 65 77 90 107 24 55 23 7 35 85 75 67 38 88 6 13 105 43 76 80 28 71 49 73 57 66 98 15 10 99 64 108 106 52 103 101 74 100 12 84 69 2 32 93 81 45 37 70 5 51 68 4 20 86 41 30 95 3 104 60 1 8 92 9 22 42 25 44 109 82 94 83 40 89 36 34 50 58 56 102 39 26 16 91 33 78 14 53 47 72 48 62 96 61 87 63 21 18 59 11 17 46 54 27 29 79 19 97 
0 31 65 77 90 107 24 55 13 105 43 76 80 28 71 49 73 57 66 98 15 10 99 64 108 106 52 103 101 74 100 39 84 69 2 32 93 81 45 37 70 5 51 68 4 20 59 11 17 46 54 27 29 79 3 104 60 1 67 38 88 6 23 7 34 36 89 40 82 94 83 109 44 25 42 22 9 92 8 75 85 35 50 58 56 102 47 12 26 16 91 33 78 14 53 72 48 62 96 61 87 63 21 18 86 41 30 95 19 97 
0 31 65 77 90 107 24 55 23 7 35 85 75 8 92 9 22 42 25 44 109 83 94 40 89 36 34 50 58 56 102 47 12 59 105 13 6 88 38 67 1 60 104 3 95 30 41 86 93 32 2 69 84 39 100 74 101 103 52 106 108 64 99 10 15 98 66 14 82 78 33 91 16 26 11 17 46 54 27 29 79 4 19 21 18 81 45 37 70 5 51 68 20 43 76 80 28 71 49 73 57 53 72 48 62 96 61 87 63 97 
0 31 65 77 90 107 24 55 23 7 35 85 75 8 1 9 22 42 25 44 109 83 94 82 40 89 36 34 50 58 56 102 47 12 26 16 91 33 78 14 53 81 45 37 70 43 105 13 6 88 38 67 92 60 104 3 95 30 41 86 18 21 63 87 61 76 80 28 71 49 73 57 66 98 15 10 99 64 108 106 52 103 101 74 100 39 84 69 2 32 93 72 48 62 96 5 51 68 4 20 59 11 17 46 54 27 29 79 19 97 
0 31 65 77 90 107 24 55 23 7 35 85 75 8 103 9 22 42 25 44 109 83 94 82 40 89 36 34 50 58 56 102 47 12 26 16 91 15 10 99 64 108 106 52 92 101 74 100 39 84 69 2 32 93 81 45 80 70 5 51 68 4 20 59 11 17 46 54 71 49 73 57 66 98 33 78 14 53 72 48 62 96 61 87 63 21 18 86 41 30 95 3 104 60 1 67 38 88 6 13 105 43 76 37 28 27 29 79 19 97 
0 31 65 77 90 107 24 55 23 7 35 56 75 8 92 9 22 42 25 44 109 83 94 82 40 89 36 34 50 58 85 102 47 12 26 16 91 33 78 14 53 72 48 62 96 61 87 63 54 46 17 11 59 20 4 68 51 5 70 37 45 81 93 32 2 69 84 39 100 74 101 103 52 106 108 64 99 10 15 98 66 57 73 49 71 28 80 76 43 105 13 6 88 38 67 1 21 18 86 41 30 95 3 104 60 27 29 79 19 97 
0 31 6 77 90 65 13 105 43 76 80 28 71 49 73 57 66 98 15 10 99 64 108 106 52 103 101 74 100 39 84 69 2 32 93 81 45 37 70 5 51 68 4 20 59 11 17 46 54 27 29 79 19 97 3 104 60 1 67 38 88 107 24 55 23 7 35 85 75 8 92 9 22 42 25 44 109 83 94 40 89 36 34 50 58 56 102 47 12 26 16 91 33 78 82 14 53 72 48 62 96 61 87 63 21 18 86 41 30 95 
0 31 65 77 90 107 24 55 23 7 35 85 75 8 92 9 22 42 25 44 109 83 94 40 89 36 34 50 58 56 102 47 12 26 16 91 33 78 82 14 53 72 48 62 96 61 87 63 21 18 86 41 30 95 20 4 68 51 5 70 37 45 81 93 32 2 69 84 39 100 74 57 11 98 15 10 99 64 108 106 79 29 27 54 46 17 66 59 3 104 60 1 67 38 88 6 13 105 43 76 80 28 71 49 73 101 103 52 19 97 
0 31 65 77 90 47 24 55 22 9 49 73 57 66 98 15 10 99 64 108 106 52 103 101 74 92 8 75 85 35 7 23 42 25 44 109 83 94 40 89 36 34 50 58 56 102 107 12 26 16 91 33 78 82 14 53 72 48 62 96 61 87 63 21 18 86 41 30 95 3 104 60 1 67 38 88 6 13 105 43 76 80 28 71 100 39 84 69 2 32 93 81 45 37 70 5 51 68 4 20 59 11 17 46 54 27 29 79 19 97 
0 31 65 77 90 107 24 55 23 7 35 85 8 92 9 22 42 25 44 79 6 88 38 67 75 1 60 104 3 95 30 41 86 37 45 32 83 94 40 89 36 34 50 58 56 102 82 99 64 108 106 52 103 101 74 100 39 84 69 28 80 76 43 105 13 29 27 54 46 17 11 59 20 4 68 51 5 70 18 21 63 87 61 96 62 48 72 53 14 78 33 91 16 26 12 47 10 15 98 66 57 73 49 71 2 109 93 81 19 97 
0 31 65 77 90 107 24 12 23 7 35 85 75 8 92 50 22 42 25 44 109 83 94 82 40 89 36 34 9 58 56 102 47 55 26 16 91 33 78 14 53 72 100 39 84 69 2 32 93 81 45 37 70 5 51 68 4 20 59 11 17 46 54 105 74 101 103 52 106 108 64 99 10 15 98 66 57 73 49 71 28 80 76 43 48 62 96 61 87 63 21 18 86 41 30 95 3 104 60 1 67 38 88 6 13 27 29 79 19 97 
0 31 6 77 60 1 67 38 88 13 105 43 76 80 28 71 49 73 57 66 98 15 10 99 64 108 106 52 103 101 74 39 84 69 2 32 93 81 45 37 70 5 51 68 4 20 59 11 17 46 54 27 29 79 19 97 3 104 90 107 24 23 7 35 85 75 8 92 9 22 42 25 44 109 83 94 40 89 36 34 50 58 56 102 47 55 12 26 16 91 33 78 82 14 53 72 48 62 96 61 87 63 21 18 86 41 65 100 30 95 
