0 19 31 77 90 23 79 55 107 24 29 27 54 92 46 17 8 9 75 85 7 35 20 11 59 22 42 25 37 45 44 70 93 32 5 81 83 94 68 51 2 69 82 36 78 33 84 103 100 39 101 74 10 99 64 14 57 50 72 53 43 38 1 6 88 41 30 95 3 13 105 60 104 102 26 47 58 56 67 49 71 28 12 16 91 15 98 108 106 52 66 80 73 76 34 4 89 109 40 48 62 87 61 96 63 86 21 18 97 65 
0 19 31 77 90 23 79 55 107 24 29 27 54 92 46 17 8 9 75 85 7 35 20 11 59 22 42 25 37 45 44 70 93 32 5 81 83 94 68 51 2 69 82 36 78 33 84 103 100 39 101 74 10 99 64 14 57 50 72 53 43 38 1 6 88 41 30 95 3 13 105 60 104 102 26 47 58 56 67 49 71 28 12 16 91 15 98 108 106 52 66 80 73 76 34 4 89 109 40 48 62 87 61 96 63 86 21 18 97 65 
0 19 31 77 90 23 79 55 107 24 29 27 54 92 46 17 8 9 75 85 7 35 20 11 59 22 42 25 37 45 44 70 93 32 5 81 83 94 68 51 2 69 82 36 78 33 84 103 100 39 101 74 10 99 64 14 57 50 72 53 43 38 1 6 88 41 30 95 3 13 105 60 104 102 26 47 58 56 67 49 71 28 12 16 91 15 98 108 106 52 66 80 73 76 34 4 89 109 40 48 62 87 61 96 63 86 21 18 97 65 
0 19 31 77 90 23 79 55 107 24 29 27 54 92 46 17 8 9 75 85 7 35 20 11 59 22 42 25 37 45 44 70 93 32 5 81 83 94 68 51 2 69 82 36 78 33 84 103 100 39 101 74 10 99 64 14 57 50 72 53 43 38 1 6 88 41 30 95 3 13 105 60 104 102 26 47 58 56 67 49 71 28 12 16 91 15 98 108 106 52 66 80 73 76 34 4 89 109 40 48 62 87 61 96 63 86 21 18 97 65 
0 19 31 77 90 23 79 55 107 24 29 27 54 92 46 17 8 9 75 85 7 35 20 11 59 22 42 25 37 45 44 70 93 32 5 81 83 94 68 51 2 69 82 36 78 33 84 103 100 39 101 74 10 99 64 14 57 50 72 53 43 38 1 6 88 41 30 95 3 13 105 60 104 102 26 47 58 56 67 49 71 28 12 16 91 15 98 108 106 52 66 80 73 76 34 4 89 109 40 48 62 87 61 96 63 86 21 18 97 65 
0 19 31 77 90 23 79 55 107 24 29 27 54 92 46 17 8 9 75 85 7 35 20 11 59 22 42 25 37 45 44 70 93 32 5 81 83 94 68 51 2 69 82 36 78 33 84 103 100 39 101 74 10 99 64 14 57 50 72 53 43 38 1 6 88 41 30 95 3 13 105 60 104 102 26 47 58 56 67 49 71 28 12 16 91 15 98 108 106 52 66 80 73 76 34 4 89 109 40 48 62 87 61 96 63 86 21 18 97 65 
0 19 31 77 90 23 79 55 107 24 29 27 54 92 46 17 8 9 75 85 7 35 20 11 59 22 42 25 37 45 44 70 93 32 5 81 83 94 68 51 2 69 82 36 78 33 84 103 100 39 101 74 10 99 64 14 57 50 72 53 43 38 1 6 88 41 30 95 3 13 105 60 104 102 26 47 58 56 67 49 71 28 12 16 91 15 98 108 106 52 66 80 73 76 34 4 89 109 40 48 62 87 61 96 63 86 21 18 97 65 
0 19 31 77 90 23 79 55 107 24 29 27 54 92 46 17 8 9 75 85 7 35 20 11 59 22 42 25 37 45 44 70 93 32 5 81 83 94 68 51 2 69 82 36 78 33 84 103 100 39 101 74 10 99 64 14 57 50 72 53 43 38 1 6 88 41 30 95 3 13 105 60 104 102 26 47 58 56 67 49 71 28 12 16 91 15 98 108 106 52 66 80 73 76 34 4 89 109 40 48 62 87 61 96 63 86 21 18 97 65 
0 19 31 77 90 23 79 55 107 24 29 27 54 92 46 17 8 9 75 85 7 35 20 11 59 22 42 25 37 45 44 70 93 32 5 81 83 94 68 51 2 69 82 36 78 33 84 103 100 39 101 74 10 99 64 14 57 50 72 53 43 38 1 6 88 41 30 95 3 13 105 60 104 102 26 47 58 56 67 49 71 28 12 16 91 15 98 108 106 52 66 80 73 76 34 4 89 109 40 48 62 87 61 96 63 86 21 18 97 65 
0 19 31 77 90 23 79 55 107 24 29 27 54 92 46 17 8 9 75 85 7 35 20 11 59 22 42 25 37 45 44 70 93 32 5 81 83 94 68 51 2 69 82 36 78 33 84 103 100 39 101 74 10 99 64 14 57 50 72 53 43 38 1 6 88 41 30 95 3 13 105 60 104 102 26 47 58 56 67 49 71 28 12 16 91 15 98 108 106 52 66 80 73 76 34 4 89 109 40 48 62 87 61 96 63 86 21 18 97 65 
0 19 31 77 90 23 79 55 107 24 29 27 54 92 46 17 8 9 75 85 7 35 20 11 59 22 42 25 37 45 44 70 93 32 5 81 83 94 68 51 2 69 82 36 78 33 84 103 100 39 101 74 10 99 64 14 57 50 72 53 43 38 1 6 88 41 30 95 3 13 105 60 104 102 26 47 58 56 67 49 71 28 12 16 91 15 98 108 106 52 66 80 73 76 34 4 89 109 40 48 62 87 61 96 63 86 21 18 97 65 
0 19 31 77 90 23 79 55 107 24 29 27 54 92 46 17 8 9 75 85 7 35 20 11 59 22 42 25 37 45 44 70 93 32 5 81 83 94 68 51 2 69 82 36 78 33 84 103 100 39 101 74 10 99 64 14 57 50 72 53 43 38 1 6 88 41 30 95 3 13 105 60 104 102 26 47 58 56 67 49 71 28 12 16 91 15 98 108 106 52 66 80 73 76 34 4 89 109 40 48 62 87 61 96 63 86 21 18 97 65 
0 19 31 77 90 23 79 55 107 24 29 27 54 92 46 17 8 9 75 85 7 35 20 11 59 22 42 25 37 45 44 70 93 32 5 81 83 94 68 51 2 69 82 36 78 33 84 103 100 39 101 74 10 99 64 14 57 50 72 53 43 38 1 6 88 41 30 95 3 13 105 60 104 102 26 47 58 56 67 49 71 28 12 16 91 15 98 108 106 52 66 80 73 76 34 4 89 109 40 48 62 87 61 96 63 86 21 18 97 65 
0 19 31 77 90 23 79 55 107 24 29 27 54 92 46 17 8 9 75 85 7 35 20 11 59 22 42 25 37 45 44 70 93 32 5 81 83 94 68 51 2 69 82 36 78 33 84 103 100 39 101 74 10 99 64 14 57 50 72 53 43 38 1 6 88 41 30 95 3 13 105 60 104 102 26 47 58 56 67 49 71 28 12 16 91 15 98 108 106 52 66 80 73 76 34 4 89 109 40 48 62 87 61 96 63 86 21 18 97 65 
0 19 31 77 90 23 79 55 107 24 29 27 54 92 46 17 8 9 75 85 7 35 20 11 59 22 42 25 37 45 44 70 93 32 5 81 83 94 68 51 2 69 82 36 78 33 84 103 100 39 101 74 10 99 64 14 57 50 72 53 43 38 1 6 88 41 30 95 3 13 105 60 104 102 26 47 58 56 67 49 71 28 12 16 91 15 98 108 106 52 66 80 73 76 34 4 89 109 40 48 62 87 61 96 63 86 21 18 97 65 
0 19 31 77 90 23 79 55 107 24 29 27 54 92 46 17 8 9 75 85 7 35 20 11 59 22 42 25 37 45 44 70 93 32 5 81 83 94 68 51 2 69 82 36 78 33 84 103 100 39 101 74 10 99 64 14 57 50 72 53 43 38 1 6 88 41 30 95 3 13 105 60 104 102 26 47 58 56 67 49 71 28 12 16 91 15 98 108 106 52 66 80 73 76 34 4 89 109 40 48 62 87 61 96 63 86 21 18 97 65 
0 19 31 77 90 23 79 55 107 24 29 27 54 92 46 17 8 9 75 85 7 35 20 11 59 22 42 25 37 45 44 70 93 32 5 81 83 94 68 51 2 69 82 36 78 33 84 103 100 39 101 74 10 99 64 14 57 50 72 53 43 38 1 6 88 41 30 95 3 13 105 60 104 102 26 47 58 56 67 49 71 28 12 16 91 15 98 108 106 52 66 80 73 76 34 4 89 109 40 48 62 87 61 96 63 86 21 18 97 65 
0 19 31 77 90 23 79 55 107 24 29 27 54 92 46 17 8 9 75 85 7 35 20 11 59 22 42 25 37 45 44 70 93 32 5 81 83 94 68 51 2 69 82 36 78 33 84 103 100 39 101 74 10 99 64 14 57 50 72 53 43 38 1 6 88 41 30 95 3 13 105 60 104 102 26 47 58 56 67 49 71 28 12 16 91 15 98 108 106 52 66 80 73 76 34 4 89 109 40 48 62 87 61 96 63 86 21 18 97 65 
0 19 31 77 90 23 79 55 107 24 29 27 54 92 46 17 8 9 75 85 7 35 20 11 59 22 42 25 37 45 44 70 93 32 5 81 83 94 68 51 2 69 82 36 78 33 84 103 100 39 101 74 10 99 64 14 57 50 72 53 43 38 1 6 88 41 30 95 3 13 105 60 104 102 26 47 58 56 67 49 71 28 12 16 91 15 98 108 106 52 66 80 73 76 34 4 89 109 40 48 62 87 61 96 63 86 21 18 97 65 
0 19 31 77 90 23 79 55 107 24 29 27 54 92 46 17 8 9 75 85 7 35 20 11 59 22 42 25 37 45 44 70 93 32 5 81 83 94 68 51 2 69 82 36 78 33 84 103 100 39 101 74 10 99 64 14 57 50 72 53 43 38 1 6 88 41 30 95 3 13 105 60 104 102 26 47 58 56 67 49 71 28 12 16 91 15 98 108 106 52 66 80 73 76 34 4 89 109 40 48 62 87 61 96 63 86 21 18 97 65 
0 19 31 77 90 23 79 55 107 24 29 27 54 92 46 17 8 9 75 85 7 35 20 11 59 22 42 25 37 45 44 70 93 32 5 81 83 94 68 51 2 69 82 36 78 33 84 103 100 39 101 74 10 99 64 14 57 50 72 53 43 38 1 6 88 41 30 95 3 13 105 60 104 102 26 47 58 56 67 49 71 28 12 16 91 15 98 108 106 52 66 80 73 76 34 4 89 109 40 48 62 87 61 96 63 86 21 18 97 65 
0 19 31 77 90 23 79 55 107 24 29 27 54 92 46 17 8 9 75 85 7 35 20 11 59 22 42 25 37 45 44 70 93 32 5 81 83 94 68 51 2 69 82 36 78 33 84 103 100 39 101 74 10 99 64 14 57 50 72 53 43 38 1 6 88 41 30 95 3 13 105 60 104 102 26 47 58 56 67 49 71 28 12 16 91 15 98 108 106 52 66 80 73 76 34 4 89 109 40 48 62 87 61 96 63 86 21 18 97 65 
0 19 31 77 90 23 79 55 107 24 29 27 54 92 46 17 8 9 75 85 7 35 20 11 59 22 42 25 37 45 44 70 93 32 5 81 83 94 68 51 2 69 82 36 78 33 84 103 100 39 101 74 10 99 64 14 57 50 72 53 43 38 1 6 88 41 30 95 3 13 105 60 104 102 26 47 58 56 67 49 71 28 12 16 91 15 98 108 106 52 66 80 73 76 34 4 89 109 40 48 62 87 61 96 63 86 21 18 97 65 
0 19 31 77 90 23 79 55 107 24 29 27 54 92 46 17 8 9 75 85 7 35 20 11 59 22 42 25 37 45 44 70 93 32 5 81 83 94 68 51 2 69 82 36 78 33 84 103 100 39 101 74 10 99 64 14 57 50 72 53 43 38 1 6 88 41 30 95 3 13 105 60 104 102 26 47 58 56 67 49 71 28 12 16 91 15 98 108 106 52 66 80 73 76 34 4 89 109 40 48 62 87 61 96 63 86 21 18 97 65 
0 19 31 77 90 23 79 55 107 24 29 27 54 92 46 17 8 9 75 85 7 35 20 11 59 22 42 25 37 45 44 70 93 32 5 81 83 94 68 51 2 69 82 36 78 33 84 103 100 39 101 74 10 99 64 14 57 50 72 53 43 38 1 6 88 41 30 95 3 13 105 60 104 102 26 47 58 56 67 49 71 28 12 16 91 15 98 108 106 52 66 80 73 76 34 4 89 109 40 48 62 87 61 96 63 86 21 18 97 65 
0 19 31 77 90 23 79 55 107 24 29 27 54 92 46 17 8 9 75 85 7 35 20 11 59 22 42 25 37 45 44 70 93 32 5 81 83 94 68 51 2 69 82 36 78 33 84 103 100 39 101 74 10 99 64 14 57 50 72 53 43 38 1 6 88 41 30 95 3 13 105 60 104 102 26 47 58 56 67 49 71 28 12 16 91 15 98 108 106 52 66 80 73 76 34 4 89 109 40 48 62 87 61 96 63 86 21 18 97 65 
0 19 31 77 90 23 79 55 107 24 29 27 54 92 46 17 8 9 75 85 7 35 20 11 59 22 42 25 37 45 44 70 93 32 5 81 83 94 68 51 2 69 82 36 78 33 84 103 100 39 101 74 10 99 64 14 57 50 72 53 43 38 1 6 88 41 30 95 3 13 105 60 104 102 26 47 58 56 67 49 71 28 12 16 91 15 98 108 106 52 66 80 73 76 34 4 89 109 40 48 62 87 61 96 63 86 21 18 97 65 
0 19 31 77 90 23 79 55 107 24 29 27 54 92 46 17 8 9 75 85 7 35 20 11 59 22 42 25 37 45 44 70 93 32 5 81 83 94 68 51 2 69 82 36 78 33 84 103 100 39 101 74 10 99 64 14 57 50 72 53 43 38 1 6 88 41 30 95 3 13 105 60 104 102 26 47 58 56 67 49 71 28 12 16 91 15 98 108 106 52 66 80 73 76 34 4 89 109 40 48 62 87 61 96 63 86 21 18 97 65 
0 19 31 77 90 23 79 55 107 24 29 27 54 92 46 17 8 9 75 85 7 35 20 11 59 22 42 25 37 45 44 70 93 32 5 81 83 94 68 51 2 69 82 36 78 33 84 103 100 39 101 74 10 99 64 14 57 50 72 53 43 38 1 6 88 41 30 95 3 13 105 60 104 102 26 47 58 56 67 49 71 28 12 16 91 15 98 108 106 52 66 80 73 76 34 4 89 109 40 48 62 87 61 96 63 86 21 18 97 65 
0 19 31 77 90 23 79 55 107 24 29 27 54 92 46 17 8 9 75 85 7 35 20 11 59 22 42 25 37 45 44 70 93 32 5 81 83 94 68 51 2 69 82 36 78 33 84 103 100 39 101 74 10 99 64 14 57 50 72 53 43 38 1 6 88 41 30 95 3 13 105 60 104 102 26 47 58 56 67 49 71 28 12 16 91 15 98 108 106 52 66 80 73 76 34 4 89 109 40 48 62 87 61 96 63 86 21 18 97 65 
0 19 31 77 90 23 79 55 107 24 29 27 54 92 46 17 8 9 75 85 7 35 20 11 59 22 42 25 37 45 44 70 93 32 5 81 83 94 68 51 2 69 82 36 78 33 84 103 100 39 101 74 10 99 64 14 57 50 72 53 43 38 1 6 88 41 30 95 3 13 105 60 104 102 26 47 58 56 67 49 71 28 12 16 91 15 98 108 106 52 66 80 73 76 34 4 89 109 40 48 62 87 61 96 63 86 21 18 97 65 
0 19 31 77 90 23 79 55 107 24 29 27 54 92 46 17 8 9 75 85 7 35 20 11 59 22 42 25 37 45 44 70 93 32 5 81 83 94 68 51 2 69 82 36 78 33 84 103 100 39 101 74 10 99 64 14 57 50 72 53 43 38 1 6 88 41 30 95 3 13 105 60 104 102 26 47 58 56 67 49 71 28 12 16 91 15 98 108 106 52 66 80 73 76 34 4 89 109 40 48 62 87 61 96 63 86 21 18 97 65 
0 19 31 77 90 23 79 55 107 24 29 27 54 92 46 17 8 9 75 85 7 35 20 11 59 22 42 25 37 45 44 70 93 32 5 81 83 94 68 51 2 69 82 36 78 33 84 103 100 39 101 74 10 99 64 14 57 50 72 53 43 38 1 6 88 41 30 95 3 13 105 60 104 102 26 47 58 56 67 49 71 28 12 16 91 15 98 108 106 52 66 80 73 76 34 4 89 109 40 48 62 87 61 96 63 86 21 18 97 65 
0 19 31 77 90 23 79 55 107 24 29 27 54 92 46 17 8 9 75 85 7 35 20 11 59 22 42 25 37 45 44 70 93 32 5 81 83 94 68 51 2 69 82 36 78 33 84 103 100 39 101 74 10 99 64 14 57 50 72 53 43 38 1 6 88 41 30 95 3 13 105 60 104 102 26 47 58 56 67 49 71 28 12 16 91 15 98 108 106 52 66 80 73 76 34 4 89 109 40 48 62 87 61 96 63 86 21 18 97 65 
0 19 31 77 90 23 79 55 107 24 29 27 54 92 46 17 8 9 75 85 7 35 20 11 59 22 42 25 37 45 44 70 93 32 5 81 83 94 68 51 2 69 82 36 78 33 84 103 100 39 101 74 10 99 64 14 57 50 72 53 43 38 1 6 88 41 30 95 3 13 105 60 104 102 26 47 58 56 67 49 71 28 12 16 91 15 98 108 106 52 66 80 73 76 34 4 89 109 40 48 62 87 61 96 63 86 21 18 97 65 
0 19 31 77 90 23 79 55 107 24 29 27 54 92 46 17 8 9 75 85 7 35 20 11 59 22 42 25 37 45 44 70 93 32 5 81 83 94 68 51 2 69 82 36 78 33 84 103 100 39 101 74 10 99 64 14 57 50 72 53 43 38 1 6 88 41 30 95 3 13 105 60 104 102 26 47 58 56 67 49 71 28 12 16 91 15 98 108 106 52 66 80 73 76 34 4 89 109 40 48 62 87 61 96 63 86 21 18 97 65 
0 19 31 77 90 23 79 55 107 24 29 27 54 92 46 17 8 9 75 85 7 35 20 11 59 22 42 25 37 45 44 70 93 32 5 81 83 94 68 51 2 69 82 36 78 33 84 103 100 39 101 74 10 99 64 14 57 50 72 53 43 38 1 6 88 41 30 95 3 13 105 60 104 102 26 47 58 56 67 49 71 28 12 16 91 15 98 108 106 52 66 80 73 76 34 4 89 109 40 48 62 87 61 96 63 86 21 18 97 65 
0 19 31 77 90 23 79 55 107 24 29 27 54 92 46 17 8 9 75 85 7 35 20 11 59 22 42 25 37 45 44 70 93 32 5 81 83 94 68 51 2 69 82 36 78 33 84 103 100 39 101 74 10 99 64 14 57 50 72 53 43 38 1 6 88 41 30 95 3 13 105 60 104 102 26 47 58 56 67 49 71 28 12 16 91 15 98 108 106 52 66 80 73 76 34 4 89 109 40 48 62 87 61 96 63 86 21 18 97 65 
0 19 31 77 90 23 79 55 107 24 29 27 54 92 46 17 8 9 75 85 7 35 20 11 59 22 42 25 37 45 44 70 93 32 5 81 83 94 68 51 2 69 82 36 78 33 84 103 100 39 101 74 10 99 64 14 57 50 72 53 43 38 1 6 88 41 30 95 3 13 105 60 104 102 26 47 58 56 67 49 71 28 12 16 91 15 98 108 106 52 66 80 73 76 34 4 89 109 40 48 62 87 61 96 63 86 21 18 97 65 
0 19 31 77 90 23 79 55 107 24 29 27 54 92 46 17 8 9 75 85 7 35 20 11 59 22 42 25 37 45 44 70 93 32 5 81 83 94 68 51 2 69 82 36 78 33 84 103 100 39 101 74 10 99 64 14 57 50 72 53 43 38 1 6 88 41 30 95 3 13 105 60 104 102 26 47 58 56 67 49 71 28 12 16 91 15 98 108 106 52 66 80 73 76 34 4 89 109 40 48 62 87 61 96 63 86 21 18 97 65 
0 19 31 77 90 23 79 55 107 24 29 27 54 92 46 17 8 9 75 85 7 35 20 11 59 22 42 25 37 45 44 70 93 32 5 81 83 94 68 51 2 69 82 36 78 33 84 103 100 39 101 74 10 99 64 14 57 50 72 53 43 38 1 6 88 41 30 95 3 13 105 60 104 102 26 47 58 56 67 49 71 28 12 16 91 15 98 108 106 52 66 80 73 76 34 4 89 109 40 48 62 87 61 96 63 86 21 18 97 65 
0 19 31 77 90 23 79 55 107 24 29 27 54 92 46 17 8 9 75 85 7 35 20 11 59 22 42 25 37 45 44 70 93 32 5 81 83 94 68 51 2 69 82 36 78 33 84 103 100 39 101 74 10 99 64 14 57 50 72 53 43 38 1 6 88 41 30 95 3 13 105 60 104 102 26 47 58 56 67 49 71 28 12 16 91 15 98 108 106 52 66 80 73 76 34 4 89 109 40 48 62 87 61 96 63 86 21 18 97 65 
0 19 31 77 90 23 79 55 107 24 29 27 54 92 46 17 8 9 75 85 7 35 20 11 59 22 42 25 37 45 44 70 93 32 5 81 83 94 68 51 2 69 82 36 78 33 84 103 100 39 101 74 10 99 64 14 57 50 72 53 43 38 1 6 88 41 30 95 3 13 105 60 104 102 26 47 58 56 67 49 71 28 12 16 91 15 98 108 106 52 66 80 73 76 34 4 89 109 40 48 62 87 61 96 63 86 21 18 97 65 
0 19 31 77 90 23 79 55 107 24 29 27 54 92 46 17 8 9 75 85 7 35 20 11 59 22 42 25 37 45 44 70 93 32 5 81 83 94 68 51 2 69 82 36 78 33 84 103 100 39 101 74 10 99 64 14 57 50 72 53 43 38 1 6 88 41 30 95 3 13 105 60 104 102 26 47 58 56 67 49 71 28 12 16 91 15 98 108 106 52 66 80 73 76 34 4 89 109 40 48 62 87 61 96 63 86 21 18 97 65 
0 19 31 77 90 23 79 55 107 24 29 27 54 92 46 17 8 9 75 85 7 35 20 11 59 22 42 25 37 45 44 70 93 32 5 81 83 94 68 51 2 69 82 36 78 33 84 103 100 39 101 74 10 99 64 14 57 50 72 53 43 38 1 6 88 41 30 95 3 13 105 60 104 102 26 47 58 56 67 49 71 28 12 16 91 15 98 108 106 52 66 80 73 76 34 4 89 109 40 48 62 87 61 96 63 86 21 18 97 65 
0 19 31 77 90 23 79 55 107 24 29 27 54 92 46 17 8 9 75 85 7 35 20 11 59 22 42 25 37 45 44 70 93 32 5 81 83 94 68 51 2 69 82 36 78 33 84 103 100 39 101 74 10 99 64 14 57 50 72 53 43 38 1 6 88 41 30 95 3 13 105 60 104 102 26 47 58 56 67 49 71 28 12 16 91 15 98 108 106 52 66 80 73 76 34 4 89 109 40 48 62 87 61 96 63 86 21 18 97 65 
0 19 31 77 90 23 79 55 107 24 29 27 54 92 46 17 8 9 75 85 7 35 20 11 59 22 42 25 37 45 44 70 93 32 5 81 83 94 68 51 2 69 82 36 78 33 84 103 100 39 101 74 10 99 64 14 57 50 72 53 43 38 1 6 88 41 30 95 3 13 105 60 104 102 26 47 58 56 67 49 71 28 12 16 91 15 98 108 106 52 66 80 73 76 34 4 89 109 40 48 62 87 61 96 63 86 21 18 97 65 
0 19 31 77 90 23 79 55 107 24 29 27 54 92 46 17 8 9 75 85 7 35 20 11 59 22 42 25 37 45 44 70 93 32 5 81 83 94 68 51 2 69 82 36 78 33 84 103 100 39 101 74 10 99 64 14 57 50 72 53 43 38 1 6 88 41 30 95 3 13 105 60 104 102 26 47 58 56 67 49 71 28 12 16 91 15 98 108 106 52 66 80 73 76 34 4 89 109 40 48 62 87 61 96 63 86 21 18 97 65 
0 19 31 77 90 23 79 55 107 24 29 27 54 92 46 17 8 9 75 85 7 35 20 11 59 22 42 25 37 45 44 70 93 32 5 81 83 94 68 51 2 69 82 36 78 33 84 103 100 39 101 74 10 99 64 14 57 50 72 53 43 38 1 6 88 41 30 95 3 13 105 60 104 102 26 47 58 56 67 49 71 28 12 16 91 15 98 108 106 52 66 80 73 76 34 4 89 109 40 48 62 87 61 96 63 86 21 18 97 65 
0 19 31 77 90 23 79 55 107 24 29 27 54 92 46 17 8 9 75 85 7 35 20 11 59 22 42 25 37 45 44 70 93 32 5 81 83 94 68 51 2 69 82 36 78 33 84 103 100 39 101 74 10 99 64 14 57 50 72 53 43 38 1 6 88 41 30 95 3 13 105 60 104 102 26 47 58 56 67 49 71 28 12 16 91 15 98 108 106 52 66 80 73 76 34 4 89 109 40 48 62 87 61 96 63 86 21 18 97 65 
0 19 31 77 90 23 79 55 107 24 29 27 54 92 46 17 8 9 75 85 7 35 20 11 59 22 42 25 37 45 44 70 93 32 5 81 83 94 68 51 2 69 82 36 78 33 84 103 100 39 101 74 10 99 64 14 57 50 72 53 43 38 1 6 88 41 30 95 3 13 105 60 104 102 26 47 58 56 67 49 71 28 12 16 91 15 98 108 106 52 66 80 73 76 34 4 89 109 40 48 62 87 61 96 63 86 21 18 97 65 
0 19 31 77 90 23 79 55 107 24 29 27 54 92 46 17 8 9 75 85 7 35 20 11 59 22 42 25 37 45 44 70 93 32 5 81 83 94 68 51 2 69 82 36 78 33 84 103 100 39 101 74 10 99 64 14 57 50 72 53 43 38 1 6 88 41 30 95 3 13 105 60 104 102 26 47 58 56 67 49 71 28 12 16 91 15 98 108 106 52 66 80 73 76 34 4 89 109 40 48 62 87 61 96 63 86 21 18 97 65 
0 19 31 77 90 23 79 55 107 24 29 27 54 92 46 17 8 9 75 85 7 35 20 11 59 22 42 25 37 45 44 70 93 32 5 81 83 94 68 51 2 69 82 36 78 33 84 103 100 39 101 74 10 99 64 14 57 50 72 53 43 38 1 6 88 41 30 95 3 13 105 60 104 102 26 47 58 56 67 49 71 28 12 16 91 15 98 108 106 52 66 80 73 76 34 4 89 109 40 48 62 87 61 96 63 86 21 18 97 65 
0 19 31 77 90 23 79 55 107 24 29 27 54 92 46 17 8 9 75 85 7 35 20 11 59 22 42 25 37 45 44 70 93 32 5 81 83 94 68 51 2 69 82 36 78 33 84 103 100 39 101 74 10 99 64 14 57 50 72 53 43 38 1 6 88 41 30 95 3 13 105 60 104 102 26 47 58 56 67 49 71 28 12 16 91 15 98 108 106 52 66 80 73 76 34 4 89 109 40 48 62 87 61 96 63 86 21 18 97 65 
0 19 31 77 90 23 79 55 107 24 29 27 54 92 46 17 8 9 75 85 7 35 20 11 59 22 42 25 37 45 44 70 93 32 5 81 83 94 68 51 2 69 82 36 78 33 84 103 100 39 101 74 10 99 64 14 57 50 72 53 43 38 1 6 88 41 30 95 3 13 105 60 104 102 26 47 58 56 67 49 71 28 12 16 91 15 98 108 106 52 66 80 73 76 34 4 89 109 40 48 62 87 61 96 63 86 21 18 97 65 
0 19 31 77 90 23 79 55 107 24 29 27 54 92 46 17 8 9 75 85 7 35 20 11 59 22 42 25 37 45 44 70 93 32 5 81 83 94 68 51 2 69 82 36 78 33 84 103 100 39 101 74 10 99 64 14 57 50 72 53 43 38 1 6 88 41 30 95 3 13 105 60 104 102 26 47 58 56 67 49 71 28 12 16 91 15 98 108 106 52 66 80 73 76 34 4 89 109 40 48 62 87 61 96 63 86 21 18 97 65 
0 19 31 77 90 23 79 55 107 24 29 27 54 92 46 17 8 9 75 85 7 35 20 11 59 22 42 25 37 45 44 70 93 32 5 81 83 94 68 51 2 69 82 36 78 33 84 103 100 39 101 74 10 99 64 14 57 50 72 53 43 38 1 6 88 41 30 95 3 13 105 60 104 102 26 47 58 56 67 49 71 28 12 16 91 15 98 108 106 52 66 80 73 76 34 4 89 109 40 48 62 87 61 96 63 86 21 18 97 65 
0 19 31 77 90 23 79 55 107 24 29 27 54 92 46 17 8 9 75 85 7 35 20 11 59 22 42 25 37 45 44 70 93 32 5 81 83 94 68 51 2 69 82 36 78 33 84 103 100 39 101 74 10 99 64 14 57 50 72 53 43 38 1 6 88 41 30 95 3 13 105 60 104 102 26 47 58 56 67 49 71 28 12 16 91 15 98 108 106 52 66 80 73 76 34 4 89 109 40 48 62 87 61 96 63 86 21 18 97 65 
0 19 31 77 90 23 79 55 107 24 29 27 54 92 46 17 8 9 75 85 7 35 20 11 59 22 42 25 37 45 44 70 93 32 5 81 83 94 68 51 2 69 82 36 78 33 84 103 100 39 101 74 10 99 64 14 57 50 72 53 43 38 1 6 88 41 30 95 3 13 105 60 104 102 26 47 58 56 67 49 71 28 12 16 91 15 98 108 106 52 66 80 73 76 34 4 89 109 40 48 62 87 61 96 63 86 21 18 97 65 
0 19 31 77 90 23 79 55 107 24 29 27 54 92 46 17 8 9 75 85 7 35 20 11 59 22 42 25 37 45 44 70 93 32 5 81 83 94 68 51 2 69 82 36 78 33 84 103 100 39 101 74 10 99 64 14 57 50 72 53 43 38 1 6 88 41 30 95 3 13 105 60 104 102 26 47 58 56 67 49 71 28 12 16 91 15 98 108 106 52 66 80 73 76 34 4 89 109 40 48 62 87 61 96 63 86 21 18 97 65 
0 19 31 77 90 23 79 55 107 24 29 27 54 92 46 17 8 9 75 85 7 35 20 11 59 22 42 25 37 45 44 70 93 32 5 81 83 94 68 51 2 69 82 36 78 33 84 103 100 39 101 74 10 99 64 14 57 50 72 53 43 38 1 6 88 41 30 95 3 13 105 60 104 102 26 47 58 56 67 49 71 28 12 16 91 15 98 108 106 52 66 80 73 76 34 4 89 109 40 48 62 87 61 96 63 86 21 18 97 65 
0 19 31 77 90 23 79 55 107 24 29 27 54 92 46 17 8 9 75 85 7 35 20 11 59 22 42 25 37 45 44 70 93 32 5 81 83 94 68 51 2 69 82 36 78 33 84 103 100 39 101 74 10 99 64 14 57 50 72 53 43 38 1 6 88 41 30 95 3 13 105 60 104 102 26 47 58 56 67 49 71 28 12 16 91 15 98 108 106 52 66 80 73 76 34 4 89 109 40 48 62 87 61 96 63 86 21 18 97 65 
0 19 31 77 90 23 79 55 107 24 29 27 54 92 46 17 8 9 75 85 7 35 20 11 59 22 42 25 37 45 44 70 93 32 5 81 83 94 68 51 2 69 82 36 78 33 84 103 100 39 101 74 10 99 64 14 57 50 72 53 43 38 1 6 88 41 30 95 3 13 105 60 104 102 26 47 58 56 67 49 71 28 12 16 91 15 98 108 106 52 66 80 73 76 34 4 89 109 40 48 62 87 61 96 63 86 21 18 97 65 
0 19 31 77 90 23 79 55 107 24 29 27 54 92 46 17 8 9 75 85 7 35 20 11 59 22 42 25 37 45 44 70 93 32 5 81 83 94 68 51 2 69 82 36 78 33 84 103 100 39 101 74 10 99 64 14 57 50 72 53 43 38 1 6 88 41 30 95 3 13 105 60 104 102 26 47 58 56 67 49 71 28 12 16 91 15 98 108 106 52 66 80 73 76 34 4 89 109 40 48 62 87 61 96 63 86 21 18 97 65 
0 19 31 77 90 23 79 55 107 24 29 27 54 92 46 17 8 9 75 85 7 35 20 11 59 22 42 25 37 45 44 70 93 32 5 81 83 94 68 51 2 69 82 36 78 33 84 103 100 39 101 74 10 99 64 14 57 50 72 53 43 38 1 6 88 41 30 95 3 13 105 60 104 102 26 47 58 56 67 49 71 28 12 16 91 15 98 108 106 52 66 80 73 76 34 4 89 109 40 48 62 87 61 96 63 86 21 18 97 65 
0 19 31 77 90 23 79 55 107 24 29 27 54 92 46 17 8 9 75 85 7 35 20 11 59 22 42 25 37 45 44 70 93 32 5 81 83 94 68 51 2 69 82 36 78 33 84 103 100 39 101 74 10 99 64 14 57 50 72 53 43 38 1 6 88 41 30 95 3 13 105 60 104 102 26 47 58 56 67 49 71 28 12 16 91 15 98 108 106 52 66 80 73 76 34 4 89 109 40 48 62 87 61 96 63 86 21 18 97 65 
0 19 31 77 90 23 79 55 107 24 29 27 54 92 46 17 8 9 75 85 7 35 20 11 59 22 42 25 37 45 44 70 93 32 5 81 83 94 68 51 2 69 82 36 78 33 84 103 100 39 101 74 10 99 64 14 57 50 72 53 43 38 1 6 88 41 30 95 3 13 105 60 104 102 26 47 58 56 67 49 71 28 12 16 91 15 98 108 106 52 66 80 73 76 34 4 89 109 40 48 62 87 61 96 63 86 21 18 97 65 
0 19 31 77 90 23 79 55 107 24 29 27 54 92 46 17 8 9 75 85 7 35 20 11 59 22 42 25 37 45 44 70 93 32 5 81 83 94 68 51 2 69 82 36 78 33 84 103 100 39 101 74 10 99 64 14 57 50 72 53 43 38 1 6 88 41 30 95 3 13 105 60 104 102 26 47 58 56 67 49 71 28 12 16 91 15 98 108 106 52 66 80 73 76 34 4 89 109 40 48 62 87 61 96 63 86 21 18 97 65 
0 19 31 77 90 23 79 55 107 24 29 27 54 92 46 17 8 9 75 85 7 35 20 11 59 22 42 25 37 45 44 70 93 32 5 81 83 94 68 51 2 69 82 36 78 33 84 103 100 39 101 74 10 99 64 14 57 50 72 53 43 38 1 6 88 41 30 95 3 13 105 60 104 102 26 47 58 56 67 49 71 28 12 16 91 15 98 108 106 52 66 80 73 76 34 4 89 109 40 48 62 87 61 96 63 86 21 18 97 65 
0 19 31 77 90 23 79 55 107 24 29 27 54 92 46 17 8 9 75 85 7 35 20 11 59 22 42 25 37 45 44 70 93 32 5 81 83 94 68 51 2 69 82 36 78 33 84 103 100 39 101 74 10 99 64 14 57 50 72 53 43 38 1 6 88 41 30 95 3 13 105 60 104 102 26 47 58 56 67 49 71 28 12 16 91 15 98 108 106 52 66 80 73 76 34 4 89 109 40 48 62 87 61 96 63 86 21 18 97 65 
0 19 31 77 90 23 79 55 107 24 29 27 54 92 46 17 8 9 75 85 7 35 20 11 59 22 42 25 37 45 44 70 93 32 5 81 83 94 68 51 2 69 82 36 78 33 84 103 100 39 101 74 10 99 64 14 57 50 72 53 43 38 1 6 88 41 30 95 3 13 105 60 104 102 26 47 58 56 67 49 71 28 12 16 91 15 98 108 106 52 66 80 73 76 34 4 89 109 40 48 62 87 61 96 63 86 21 18 97 65 
0 19 31 77 90 23 79 55 107 24 29 27 54 92 46 17 8 9 75 85 7 35 20 11 59 22 42 25 37 45 44 70 93 32 5 81 83 94 68 51 2 69 82 36 78 33 84 103 100 39 101 74 10 99 64 14 57 50 72 53 43 38 1 6 88 41 30 95 3 13 105 60 104 102 26 47 58 56 67 49 71 28 12 16 91 15 98 108 106 52 66 80 73 76 34 4 89 109 40 48 62 87 61 96 63 86 21 18 97 65 
0 19 31 77 90 23 79 55 107 24 29 27 54 92 46 17 8 9 75 85 7 35 20 11 59 22 42 25 37 45 44 70 93 32 5 81 83 94 68 51 2 69 82 36 78 33 84 103 100 39 101 74 10 99 64 14 57 50 72 53 43 38 1 6 88 41 30 95 3 13 105 60 104 102 26 47 58 56 67 49 71 28 12 16 91 15 98 108 106 52 66 80 73 76 34 4 89 109 40 48 62 87 61 96 63 86 21 18 97 65 
0 19 31 77 90 23 79 55 107 24 29 27 54 92 46 17 8 9 75 85 7 35 20 11 59 22 42 25 37 45 44 70 93 32 5 81 83 94 68 51 2 69 82 36 78 33 84 103 100 39 101 74 10 99 64 14 57 50 72 53 43 38 1 6 88 41 30 95 3 13 105 60 104 102 26 47 58 56 67 49 71 28 12 16 91 15 98 108 106 52 66 80 73 76 34 4 89 109 40 48 62 87 61 96 63 86 21 18 97 65 
0 19 31 77 90 23 79 55 107 24 29 27 54 92 46 17 8 9 75 85 7 35 20 11 59 22 42 25 37 45 44 70 93 32 5 81 83 94 68 51 2 69 82 36 78 33 84 103 100 39 101 74 10 99 64 14 57 50 72 53 43 38 1 6 88 41 30 95 3 13 105 60 104 102 26 47 58 56 67 49 71 28 12 16 91 15 98 108 106 52 66 80 73 76 34 4 89 109 40 48 62 87 61 96 63 86 21 18 97 65 
0 19 31 77 90 23 79 55 107 24 29 27 54 92 46 17 8 9 75 85 7 35 20 11 59 22 42 25 37 45 44 70 93 32 5 81 83 94 68 51 2 69 82 36 78 33 84 103 100 39 101 74 10 99 64 14 57 50 72 53 43 38 1 6 88 41 30 95 3 13 105 60 104 102 26 47 58 56 67 49 71 28 12 16 91 15 98 108 106 52 66 80 73 76 34 4 89 109 40 48 62 87 61 96 63 86 21 18 97 65 
0 19 31 77 90 23 79 55 107 24 29 27 54 92 46 17 8 9 75 85 7 35 20 11 59 22 42 25 37 45 44 70 93 32 5 81 83 94 68 51 2 69 82 36 78 33 84 103 100 39 101 74 10 99 64 14 57 50 72 53 43 38 1 6 88 41 30 95 3 13 105 60 104 102 26 47 58 56 67 49 71 28 12 16 91 15 98 108 106 52 66 80 73 76 34 4 89 109 40 48 62 87 61 96 63 86 21 18 97 65 
0 19 31 77 90 23 79 55 107 24 29 27 54 92 46 17 8 9 75 85 7 35 20 11 59 22 42 25 37 45 44 70 93 32 5 81 83 94 68 51 2 69 82 36 78 33 84 103 100 39 101 74 10 99 64 14 57 50 72 53 43 38 1 6 88 41 30 95 3 13 105 60 104 102 26 47 58 56 67 49 71 28 12 16 91 15 98 108 106 52 66 80 73 76 34 4 89 109 40 48 62 87 61 96 63 86 21 18 97 65 
0 19 31 77 90 23 79 55 107 24 29 27 54 92 46 17 8 9 75 85 7 35 20 11 59 22 42 25 37 45 44 70 93 32 5 81 83 94 68 51 2 69 82 36 78 33 84 103 100 39 101 74 10 99 64 14 57 50 72 53 43 38 1 6 88 41 30 95 3 13 105 60 104 102 26 47 58 56 67 49 71 28 12 16 91 15 98 108 106 52 66 80 73 76 34 4 89 109 40 48 62 87 61 96 63 86 21 18 97 65 
0 19 31 77 90 23 79 55 107 24 29 27 54 92 46 17 8 9 75 85 7 35 20 11 59 22 42 25 37 45 44 70 93 32 5 81 83 94 68 51 2 69 82 36 78 33 84 103 100 39 101 74 10 99 64 14 57 50 72 53 43 38 1 6 88 41 30 95 3 13 105 60 104 102 26 47 58 56 67 49 71 28 12 16 91 15 98 108 106 52 66 80 73 76 34 4 89 109 40 48 62 87 61 96 63 86 21 18 97 65 
0 19 31 77 90 23 79 55 107 24 29 27 54 92 46 17 8 9 75 85 7 35 20 11 59 22 42 25 37 45 44 70 93 32 5 81 83 94 68 51 2 69 82 36 78 33 84 103 100 39 101 74 10 99 64 14 57 50 72 53 43 38 1 6 88 41 30 95 3 13 105 60 104 102 26 47 58 56 67 49 71 28 12 16 91 15 98 108 106 52 66 80 73 76 34 4 89 109 40 48 62 87 61 96 63 86 21 18 97 65 
0 19 31 77 90 23 79 55 107 24 29 27 54 92 46 17 8 9 75 85 7 35 20 11 59 22 42 25 37 45 44 70 93 32 5 81 83 94 68 51 2 69 82 36 78 33 84 103 100 39 101 74 10 99 64 14 57 50 72 53 43 38 1 6 88 41 30 95 3 13 105 60 104 102 26 47 58 56 67 49 71 28 12 16 91 15 98 108 106 52 66 80 73 76 34 4 89 109 40 48 62 87 61 96 63 86 21 18 97 65 
0 19 31 77 90 23 79 55 107 24 29 27 54 92 46 17 8 9 75 85 7 35 20 11 59 22 42 25 37 45 44 70 93 32 5 81 83 94 68 51 2 69 82 36 78 33 84 103 100 39 101 74 10 99 64 14 57 50 72 53 43 38 1 6 88 41 30 95 3 13 105 60 104 102 26 47 58 56 67 49 71 28 12 16 91 15 98 108 106 52 66 80 73 76 34 4 89 109 40 48 62 87 61 96 63 86 21 18 97 65 
0 19 31 77 90 23 79 55 107 24 29 27 54 92 46 17 8 9 75 85 7 35 20 11 59 22 42 25 37 45 44 70 93 32 5 81 83 94 68 51 2 69 82 36 78 33 84 103 100 39 101 74 10 99 64 14 57 50 72 53 43 38 1 6 88 41 30 95 3 13 105 60 104 102 26 47 58 56 67 49 71 28 12 16 91 15 98 108 106 52 66 80 73 76 34 4 89 109 40 48 62 87 61 96 63 86 21 18 97 65 
0 19 31 77 90 23 79 55 107 24 29 27 54 92 46 17 8 9 75 85 7 35 20 11 59 22 42 25 37 45 44 70 93 32 5 81 83 94 68 51 2 69 82 36 78 33 84 103 100 39 101 74 10 99 64 14 57 50 72 53 43 38 1 6 88 41 30 95 3 13 105 60 104 102 26 47 58 56 67 49 71 28 12 16 91 15 98 108 106 52 66 80 73 76 34 4 89 109 40 48 62 87 61 96 63 86 21 18 97 65 
0 19 31 77 90 23 79 55 107 24 29 27 54 92 46 17 8 9 75 85 7 35 20 11 59 22 42 25 37 45 44 70 93 32 5 81 83 94 68 51 2 69 82 36 78 33 84 103 100 39 101 74 10 99 64 14 57 50 72 53 43 38 1 6 88 41 30 95 3 13 105 60 104 102 26 47 58 56 67 49 71 28 12 16 91 15 98 108 106 52 66 80 73 76 34 4 89 109 40 48 62 87 61 96 63 86 21 18 97 65 
0 19 31 77 90 23 79 55 107 24 29 27 54 92 46 17 8 9 75 85 7 35 20 11 59 22 42 25 37 45 44 70 93 32 5 81 83 94 68 51 2 69 82 36 78 33 84 103 100 39 101 74 10 99 64 14 57 50 72 53 43 38 1 6 88 41 30 95 3 13 105 60 104 102 26 47 58 56 67 49 71 28 12 16 91 15 98 108 106 52 66 80 73 76 34 4 89 109 40 48 62 87 61 96 63 86 21 18 97 65 
0 19 31 77 90 23 79 55 107 24 29 27 54 92 46 17 8 9 75 85 7 35 20 11 59 22 42 25 37 45 44 70 93 32 5 81 83 94 68 51 2 69 82 36 78 33 84 103 100 39 101 74 10 99 64 14 57 50 72 53 43 38 1 6 88 41 30 95 3 13 105 60 104 102 26 47 58 56 67 49 71 28 12 16 91 15 98 108 106 52 66 80 73 76 34 4 89 109 40 48 62 87 61 96 63 86 21 18 97 65 
0 19 31 77 90 23 79 55 107 24 29 27 54 92 46 17 8 9 75 85 7 35 20 11 59 22 42 25 37 45 44 70 93 32 5 81 83 94 68 51 2 69 82 36 78 33 84 103 100 39 101 74 10 99 64 14 57 50 72 53 43 38 1 6 88 41 30 95 3 13 105 60 104 102 26 47 58 56 67 49 71 28 12 16 91 15 98 108 106 52 66 80 73 76 34 4 89 109 40 48 62 87 61 96 63 86 21 18 97 65 
0 19 31 77 90 23 79 55 107 24 29 27 54 92 46 17 8 9 75 85 7 35 20 11 59 22 42 25 37 45 44 70 93 32 5 81 83 94 68 51 2 69 82 36 78 33 84 103 100 39 101 74 10 99 64 14 57 50 72 53 43 38 1 6 88 41 30 95 3 13 105 60 104 102 26 47 58 56 67 49 71 28 12 16 91 15 98 108 106 52 66 80 73 76 34 4 89 109 40 48 62 87 61 96 63 86 21 18 97 65 
0 19 31 77 90 23 79 55 107 24 29 27 54 92 46 17 8 9 75 85 7 35 20 11 59 22 42 25 37 45 44 70 93 32 5 81 83 94 68 51 2 69 82 36 78 33 84 103 100 39 101 74 10 99 64 14 57 50 72 53 43 38 1 6 88 41 30 95 3 13 105 60 104 102 26 47 58 56 67 49 71 28 12 16 91 15 98 108 106 52 66 80 73 76 34 4 89 109 40 48 62 87 61 96 63 86 21 18 97 65 
0 19 31 77 90 23 79 55 107 24 29 27 54 92 46 17 8 9 75 85 7 35 20 11 59 22 42 25 37 45 44 70 93 32 5 81 83 94 68 51 2 69 82 36 78 33 84 103 100 39 101 74 10 99 64 14 57 50 72 53 43 38 1 6 88 41 30 95 3 13 105 60 104 102 26 47 58 56 67 49 71 28 12 16 91 15 98 108 106 52 66 80 73 76 34 4 89 109 40 48 62 87 61 96 63 86 21 18 97 65 
0 19 31 77 90 23 79 55 107 24 29 27 54 92 46 17 8 9 75 85 7 35 20 11 59 22 42 25 37 45 44 70 93 32 5 81 83 94 68 51 2 69 82 36 78 33 84 103 100 39 101 74 10 99 64 14 57 50 72 53 43 38 1 6 88 41 30 95 3 13 105 60 104 102 26 47 58 56 67 49 71 28 12 16 91 15 98 108 106 52 66 80 73 76 34 4 89 109 40 48 62 87 61 96 63 86 21 18 97 65 
0 19 31 77 90 23 79 55 107 24 29 27 54 92 46 17 8 9 75 85 7 35 20 11 59 22 42 25 37 45 44 70 93 32 5 81 83 94 68 51 2 69 82 36 78 33 84 103 100 39 101 74 10 99 64 14 57 50 72 53 43 38 1 6 88 41 30 95 3 13 105 60 104 102 26 47 58 56 67 49 71 28 12 16 91 15 98 108 106 52 66 80 73 76 34 4 89 109 40 48 62 87 61 96 63 86 21 18 97 65 
0 19 31 77 90 23 79 55 107 24 29 27 54 92 46 17 8 9 75 85 7 35 20 11 59 22 42 25 37 45 44 70 93 32 5 81 83 94 68 51 2 69 82 36 78 33 84 103 100 39 101 74 10 99 64 14 57 50 72 53 43 38 1 6 88 41 30 95 3 13 105 60 104 102 26 47 58 56 67 49 71 28 12 16 91 15 98 108 106 52 66 80 73 76 34 4 89 109 40 48 62 87 61 96 63 86 21 18 97 65 
0 19 31 77 90 23 79 55 107 24 29 27 54 92 46 17 8 9 75 85 7 35 20 11 59 22 42 25 37 45 44 70 93 32 5 81 83 94 68 51 2 69 82 36 78 33 84 103 100 39 101 74 10 99 64 14 57 50 72 53 43 38 1 6 88 41 30 95 3 13 105 60 104 102 26 47 58 56 67 49 71 28 12 16 91 15 98 108 106 52 66 80 73 76 34 4 89 109 40 48 62 87 61 96 63 86 21 18 97 65 
0 19 31 77 90 23 79 55 107 24 29 27 54 92 46 17 8 9 75 85 7 35 20 11 59 22 42 25 37 45 44 70 93 32 5 81 83 94 68 51 2 69 82 36 78 33 84 103 100 39 101 74 10 99 64 14 57 50 72 53 43 38 1 6 88 41 30 95 3 13 105 60 104 102 26 47 58 56 67 49 71 28 12 16 91 15 98 108 106 52 66 80 73 76 34 4 89 109 40 48 62 87 61 96 63 86 21 18 97 65 
0 19 31 77 90 23 79 55 107 24 29 27 54 92 46 17 8 9 75 85 7 35 20 11 59 22 42 25 37 45 44 70 93 32 5 81 83 94 68 51 2 69 82 36 78 33 84 103 100 39 101 74 10 99 64 14 57 50 72 53 43 38 1 6 88 41 30 95 3 13 105 60 104 102 26 47 58 56 67 49 71 28 12 16 91 15 98 108 106 52 66 80 73 76 34 4 89 109 40 48 62 87 61 96 63 86 21 18 97 65 
0 19 31 77 90 23 79 55 107 24 29 27 54 92 46 17 8 9 75 85 7 35 20 11 59 22 42 25 37 45 44 70 93 32 5 81 83 94 68 51 2 69 82 36 78 33 84 103 100 39 101 74 10 99 64 14 57 50 72 53 43 38 1 6 88 41 30 95 3 13 105 60 104 102 26 47 58 56 67 49 71 28 12 16 91 15 98 108 106 52 66 80 73 76 34 4 89 109 40 48 62 87 61 96 63 86 21 18 97 65 
0 19 31 77 90 23 79 55 107 24 29 27 54 92 46 17 8 9 75 85 7 35 20 11 59 22 42 25 37 45 44 70 93 32 5 81 83 94 68 51 2 69 82 36 78 33 84 103 100 39 101 74 10 99 64 14 57 50 72 53 43 38 1 6 88 41 30 95 3 13 105 60 104 102 26 47 58 56 67 49 71 28 12 16 91 15 98 108 106 52 66 80 73 76 34 4 89 109 40 48 62 87 61 96 63 86 21 18 97 65 
0 19 31 77 90 23 79 55 107 24 29 27 54 92 46 17 8 9 75 85 7 35 20 11 59 22 42 25 37 45 44 70 93 32 5 81 83 94 68 51 2 69 82 36 78 33 84 103 100 39 101 74 10 99 64 14 57 50 72 53 43 38 1 6 88 41 30 95 3 13 105 60 104 102 26 47 58 56 67 49 71 28 12 16 91 15 98 108 106 52 66 80 73 76 34 4 89 109 40 48 62 87 61 96 63 86 21 18 97 65 
0 19 31 77 90 23 79 55 107 24 29 27 54 92 46 17 8 9 75 85 7 35 20 11 59 22 42 25 37 45 44 70 93 32 5 81 83 94 68 51 2 69 82 36 78 33 84 103 100 39 101 74 10 99 64 14 57 50 72 53 43 38 1 6 88 41 30 95 3 13 105 60 104 102 26 47 58 56 67 49 71 28 12 16 91 15 98 108 106 52 66 80 73 76 34 4 89 109 40 48 62 87 61 96 63 86 21 18 97 65 
0 19 31 77 90 23 79 55 107 24 29 27 54 92 46 17 8 9 75 85 7 35 20 11 59 22 42 25 37 45 44 70 93 32 5 81 83 94 68 51 2 69 82 36 33 78 84 103 100 39 101 74 10 99 64 14 57 50 72 53 43 38 1 6 88 41 30 95 3 13 105 60 104 102 26 47 58 56 67 49 71 28 12 16 91 15 98 108 106 52 66 80 73 76 34 4 89 109 40 48 62 87 61 96 63 86 21 18 97 65 
0 19 31 77 90 23 79 55 107 24 29 27 54 92 46 17 8 9 75 85 7 35 20 11 59 22 42 25 37 45 44 70 93 32 5 81 83 94 68 51 2 69 82 36 78 33 84 103 100 39 101 74 10 99 64 14 57 50 72 53 43 38 1 6 88 41 30 95 3 13 105 60 104 102 26 47 58 56 67 49 71 28 12 91 15 98 108 106 52 16 66 80 73 76 34 4 89 109 40 48 62 87 61 96 63 86 21 18 97 65 
0 19 31 77 90 23 79 55 107 24 29 27 54 92 46 17 8 9 75 85 7 35 20 11 59 22 42 25 37 45 44 70 93 32 5 81 83 94 68 51 2 69 82 36 78 33 84 103 100 39 101 74 10 99 64 14 57 50 72 53 43 38 1 6 88 41 30 95 3 13 105 60 104 102 26 47 58 56 67 49 71 28 16 91 12 15 98 108 106 52 66 80 73 76 34 4 89 109 40 48 62 87 61 96 63 86 21 18 97 65 
0 19 31 77 90 23 79 55 107 24 29 27 54 92 46 17 8 9 75 85 7 35 20 11 59 22 42 25 37 45 44 70 93 32 5 81 83 94 68 51 2 69 82 36 78 33 84 103 100 39 101 74 10 99 64 14 57 50 53 43 72 38 1 6 88 41 30 95 3 13 105 60 104 102 26 47 58 56 67 49 71 28 12 16 91 15 98 108 106 52 66 80 73 76 34 4 89 109 40 48 62 87 61 96 63 86 21 18 97 65 
0 19 31 77 90 23 79 55 107 24 29 27 75 92 46 17 8 9 54 85 7 35 20 11 59 22 42 25 37 45 44 70 93 32 5 81 83 94 68 51 2 69 82 36 78 33 84 103 100 39 101 74 10 99 64 14 57 50 72 53 43 38 1 6 88 41 30 95 3 13 105 60 104 102 26 47 58 56 67 49 71 28 12 16 91 15 98 108 106 52 66 80 73 76 34 4 89 109 40 48 62 87 61 96 63 86 21 18 97 65 
0 19 31 77 90 23 79 55 107 24 29 27 54 92 46 17 8 9 75 85 7 35 20 11 59 22 42 25 37 45 44 70 93 32 5 81 83 94 68 51 2 69 82 36 78 33 84 103 100 39 101 74 10 99 64 14 57 50 72 53 43 38 1 6 88 41 30 95 3 13 105 60 104 102 26 47 58 56 67 16 28 49 71 12 91 15 98 108 106 52 66 80 73 76 34 4 89 109 40 48 62 87 61 96 63 86 21 18 97 65 
0 19 31 77 90 23 79 55 107 24 29 27 54 92 46 17 8 9 75 85 7 35 20 11 59 22 42 25 37 45 44 70 93 32 5 81 83 94 68 51 2 69 82 36 78 33 84 103 100 39 101 74 10 99 64 14 57 50 53 43 38 1 6 88 41 30 95 3 13 105 60 104 102 26 47 58 56 67 49 71 28 12 16 91 15 98 108 106 52 66 80 73 76 34 4 72 89 109 40 48 62 87 61 96 63 86 21 18 97 65 
0 19 31 77 90 23 79 55 107 24 29 27 54 92 46 17 8 9 75 85 7 35 20 11 59 22 42 25 37 45 44 70 93 32 5 81 83 68 51 2 69 82 36 78 33 84 103 100 39 101 74 10 99 64 14 57 50 72 53 43 38 1 6 88 41 30 95 3 13 105 60 104 102 26 47 58 56 67 49 71 28 12 16 91 15 98 108 106 52 66 80 73 76 34 4 94 89 109 40 48 62 87 61 96 63 86 21 18 97 65 
0 19 31 77 90 23 79 55 107 24 29 27 54 92 46 17 8 9 75 85 7 35 20 11 59 22 42 25 37 45 44 70 93 32 5 81 83 94 68 82 2 69 51 36 78 33 84 103 100 39 101 74 10 99 64 14 57 50 72 53 43 38 1 6 88 41 30 95 3 13 105 60 104 102 26 47 58 56 67 49 71 28 12 16 91 15 98 108 106 52 66 80 73 76 34 4 89 109 40 48 62 87 61 96 63 86 21 18 97 65 
0 19 31 77 90 23 79 55 107 24 29 27 54 92 46 17 8 9 75 85 7 35 20 11 59 22 42 25 37 45 44 70 93 32 5 81 83 94 68 51 2 69 82 36 78 33 84 103 100 39 101 74 10 99 64 72 50 57 14 53 43 38 1 6 88 41 30 95 3 13 105 60 104 102 26 47 58 56 67 49 71 28 12 16 91 15 98 108 106 52 66 80 73 76 34 4 89 109 40 48 62 87 61 96 63 86 21 18 97 65 
0 19 31 77 90 23 79 55 107 24 29 27 54 92 46 17 8 9 75 11 7 35 20 85 59 22 42 25 37 45 44 70 93 32 5 81 83 94 68 51 2 69 82 36 78 33 84 103 100 39 101 74 10 99 64 14 57 50 72 53 43 38 1 6 88 41 30 95 3 13 105 60 104 102 26 47 58 56 67 49 71 28 12 16 91 15 98 108 106 52 66 80 73 76 34 4 89 109 40 48 62 87 61 96 63 86 21 18 97 65 
0 19 31 77 90 23 79 55 107 24 29 27 54 92 46 17 8 9 75 85 7 35 20 11 59 22 42 25 37 45 44 70 93 32 5 81 83 94 68 51 2 69 82 36 78 33 84 103 100 39 101 74 10 99 64 14 57 50 72 43 38 1 6 88 41 30 95 3 13 105 60 104 102 26 47 58 56 53 67 49 71 28 12 16 91 15 98 108 106 52 66 80 73 76 34 4 89 109 40 48 62 87 61 96 63 86 21 18 97 65 
0 19 31 77 90 23 79 55 107 24 29 27 54 92 46 17 8 9 75 85 7 35 20 11 59 22 42 25 37 45 44 70 93 32 5 81 83 94 68 51 2 69 82 36 78 33 84 103 100 39 101 74 10 99 64 14 57 50 72 53 43 38 1 6 88 41 30 95 3 13 105 104 102 26 47 58 56 67 49 71 28 12 60 16 91 15 98 108 106 52 66 80 73 76 34 4 89 109 40 48 62 87 61 96 63 86 21 18 97 65 
0 19 31 77 90 23 79 55 107 24 29 27 54 92 46 17 8 9 75 85 7 35 20 11 59 22 42 25 37 45 44 70 93 32 5 81 83 94 68 51 2 69 82 36 78 33 84 103 100 39 101 74 10 99 64 14 57 50 72 53 43 38 1 6 88 41 30 95 3 13 105 60 104 102 26 47 58 56 67 49 71 28 12 16 91 15 98 108 106 52 66 80 73 76 34 4 89 109 40 48 63 96 61 87 62 86 21 18 97 65 
0 19 31 77 90 23 79 55 107 24 29 27 54 92 46 17 8 9 75 85 7 35 20 11 59 22 42 25 37 45 44 70 93 32 5 81 83 94 68 51 2 69 82 36 78 33 84 103 100 39 101 74 10 99 64 14 57 50 72 53 43 38 1 6 88 41 30 95 3 13 105 60 104 102 26 47 58 67 49 71 28 12 16 91 15 98 108 106 52 56 66 80 73 76 34 4 89 109 40 48 62 87 61 96 63 86 21 18 97 65 
0 19 31 77 90 23 79 55 107 24 29 27 54 92 46 17 8 9 75 85 7 35 20 11 59 22 42 25 37 44 70 93 32 5 81 83 94 68 51 2 45 69 82 36 78 33 84 103 100 39 101 74 10 99 64 14 57 50 72 53 43 38 1 6 88 41 30 95 3 13 105 60 104 102 26 47 58 56 67 49 71 28 12 16 91 15 98 108 106 52 66 80 73 76 34 4 89 109 40 48 62 87 61 96 63 86 21 18 97 65 
0 19 31 77 90 23 79 55 107 24 29 27 54 92 46 17 8 9 75 85 7 35 20 11 59 22 42 25 37 45 44 70 93 32 5 81 83 94 68 51 2 69 82 36 78 33 84 103 100 39 101 74 10 99 64 14 57 50 72 53 43 38 1 6 88 41 30 95 13 105 60 104 102 26 3 47 58 56 67 49 71 28 12 16 91 15 98 108 106 52 66 80 73 76 34 4 89 109 40 48 62 87 61 96 63 86 21 18 97 65 
0 19 31 77 90 23 79 55 107 24 29 27 54 92 46 17 8 9 75 85 7 35 20 11 59 22 42 25 37 45 44 70 93 32 5 81 83 94 68 51 2 69 82 36 78 33 84 103 100 39 101 74 10 99 64 14 57 50 34 53 43 38 1 6 88 41 30 95 3 13 105 60 104 102 26 47 58 56 67 49 28 71 12 16 91 15 98 108 106 52 66 80 73 76 72 4 89 109 40 48 62 87 61 96 63 86 21 18 97 65 
0 19 31 77 90 23 79 55 107 24 29 27 54 92 46 17 8 9 75 85 7 35 20 11 59 22 42 25 37 45 44 70 93 32 5 81 83 94 68 51 2 69 82 36 78 33 84 103 100 39 101 74 10 99 64 14 57 50 53 43 38 1 6 88 41 30 95 3 13 105 60 104 102 26 47 58 56 67 49 71 28 12 72 16 91 15 98 108 106 52 66 80 73 76 34 4 89 109 40 48 62 87 61 96 63 86 21 18 97 65 
0 19 31 77 23 79 55 107 90 24 29 27 54 92 46 17 8 9 75 85 7 35 20 11 59 22 42 25 37 45 44 70 93 32 5 81 83 94 68 51 2 69 82 36 78 33 84 103 100 39 101 74 10 99 64 14 57 50 72 53 43 38 1 6 88 41 30 95 3 13 105 60 104 102 26 47 58 56 67 49 71 28 12 16 91 15 98 108 106 52 66 80 73 76 34 4 89 109 40 48 62 87 61 96 63 86 21 18 97 65 
0 19 31 77 90 23 79 55 107 24 29 27 54 92 46 17 8 9 75 85 7 35 20 11 59 22 42 25 37 45 44 70 93 32 5 81 83 94 68 51 2 69 82 36 78 76 73 80 66 52 106 108 33 84 103 100 39 101 74 10 99 64 14 57 50 72 53 43 38 1 6 88 41 30 95 3 13 105 60 104 102 26 47 58 56 67 49 71 28 12 16 91 15 98 34 4 89 109 40 48 62 87 61 96 63 86 21 18 97 65 
0 19 31 77 90 23 79 55 107 24 29 27 54 92 46 17 8 9 75 85 7 35 20 11 59 22 42 25 37 45 44 70 93 32 5 81 83 94 80 66 52 106 108 98 15 91 16 12 28 71 49 67 56 58 47 26 102 104 60 105 13 3 95 30 41 88 6 1 38 43 53 72 50 57 14 64 99 10 74 101 39 100 103 84 33 78 36 82 69 2 51 68 73 76 34 4 89 109 40 48 62 87 61 96 63 86 21 18 97 65 
0 19 31 77 90 23 79 55 107 24 29 27 54 20 35 7 85 75 9 8 17 46 92 11 59 22 42 25 37 45 44 70 93 32 5 81 83 94 68 51 2 69 82 36 78 33 84 103 100 39 101 74 10 99 64 14 57 50 72 53 43 38 1 6 88 41 30 95 3 13 105 60 104 102 26 47 58 56 67 49 71 28 12 16 91 15 98 108 106 52 66 80 73 76 34 4 89 109 40 48 62 87 61 96 63 86 21 18 97 65 
0 19 31 77 90 23 79 55 107 24 29 27 54 92 46 17 8 9 75 85 7 35 20 11 59 22 42 25 37 45 44 70 93 32 5 81 83 94 68 51 2 69 82 36 78 33 84 103 100 74 101 39 10 99 64 57 50 14 72 53 43 38 1 6 88 41 30 95 3 13 105 60 104 102 26 47 58 56 67 49 71 28 12 16 91 15 98 108 106 52 66 80 73 76 34 4 89 109 40 48 62 87 61 96 63 86 21 18 97 65 
0 19 31 77 90 23 79 55 107 24 29 27 54 92 46 17 8 9 75 85 7 35 20 11 59 22 42 25 37 45 44 70 93 32 5 81 83 94 68 51 2 69 82 36 78 33 84 103 100 39 101 74 10 99 64 14 57 50 72 53 43 38 1 6 88 41 30 95 3 13 105 60 104 102 26 47 58 56 66 49 71 28 12 16 91 15 98 108 106 52 67 80 73 76 34 4 89 109 40 48 62 87 61 96 63 86 21 18 97 65 
0 19 31 77 90 23 79 55 107 24 29 27 54 92 46 17 8 9 75 85 7 35 20 11 59 22 42 25 37 45 44 70 93 32 5 81 83 94 68 50 57 14 64 99 10 74 101 39 100 103 84 33 78 36 82 69 2 51 72 53 43 38 1 6 88 41 30 95 3 13 105 60 104 102 26 47 58 56 67 49 71 28 12 16 91 15 98 108 106 52 66 80 73 76 34 4 89 109 40 48 62 87 61 96 63 86 21 18 97 65 
0 19 31 77 90 23 79 55 107 24 29 27 54 92 46 17 8 9 75 85 7 35 20 11 59 22 42 25 37 45 44 70 93 32 5 81 83 94 68 51 2 69 82 36 78 33 84 103 100 39 101 74 10 99 64 14 57 50 72 53 43 38 1 6 88 41 30 95 3 13 105 60 104 102 26 47 58 56 67 49 71 28 12 16 76 73 80 66 52 106 108 98 15 91 34 4 89 109 40 48 62 87 61 96 63 86 21 18 97 65 
0 19 31 77 90 23 79 55 107 24 29 27 54 92 46 17 8 9 75 85 7 35 20 11 59 22 42 25 37 45 44 70 93 32 5 81 83 94 68 51 2 69 82 36 78 33 84 103 100 39 101 74 10 99 64 14 57 50 72 53 43 38 1 6 88 52 106 108 98 15 91 16 12 28 71 49 67 56 58 47 26 102 104 60 105 13 3 95 30 41 66 80 73 76 34 4 89 109 40 48 62 87 61 96 63 86 21 18 97 65 
0 19 31 77 90 23 79 55 107 24 29 27 54 92 46 17 8 9 75 85 7 35 20 11 59 22 42 25 37 45 44 70 93 32 5 81 83 94 68 51 2 69 82 36 78 33 84 103 100 39 101 74 10 99 64 14 57 50 72 53 43 38 1 6 88 41 30 95 3 13 105 60 104 102 26 47 58 56 40 109 89 4 34 76 73 80 66 52 106 108 98 15 91 16 12 28 71 49 67 48 62 87 61 96 63 86 21 18 97 65 
0 19 31 77 90 23 79 55 107 24 29 27 54 92 46 17 8 9 75 85 7 35 20 11 59 22 42 25 37 45 44 70 93 32 5 81 83 94 68 51 2 69 82 36 78 33 84 103 100 39 101 74 10 99 64 14 57 50 72 53 43 38 1 6 88 41 30 95 3 13 80 66 52 106 108 98 15 91 16 12 28 71 49 67 56 58 47 26 102 104 60 105 73 76 34 4 89 109 40 48 62 87 61 96 63 86 21 18 97 65 
0 19 31 77 90 23 79 55 107 24 29 27 54 92 46 17 8 9 85 7 35 20 11 59 22 42 25 37 75 45 44 70 93 32 5 81 83 94 68 51 2 69 82 36 78 33 84 103 100 39 101 74 10 99 64 14 57 50 72 53 43 38 1 6 88 41 30 95 3 13 105 60 104 102 26 47 58 56 67 49 71 28 12 16 91 15 98 108 106 52 66 80 73 76 34 4 89 109 40 48 62 87 61 96 63 86 21 18 97 65 
0 19 31 77 90 23 79 55 107 24 29 27 54 92 46 17 8 9 75 85 7 35 20 11 59 22 42 25 37 45 44 70 93 32 5 81 83 94 68 51 2 69 82 36 78 33 84 100 39 101 74 10 99 64 14 16 28 103 57 50 72 53 43 38 1 6 88 41 30 95 3 13 105 60 104 102 26 47 58 56 67 49 71 12 91 15 98 108 106 52 66 80 73 76 34 4 89 109 40 48 62 87 61 96 63 86 21 18 97 65 
0 19 31 77 90 23 79 55 107 24 29 27 54 92 46 17 8 9 75 85 7 35 20 11 59 22 42 25 37 45 44 70 93 32 5 81 83 94 68 51 2 69 82 36 78 33 84 103 100 39 101 74 10 99 64 14 57 50 72 53 43 38 1 6 41 30 95 3 13 105 60 104 102 26 47 58 56 67 49 71 28 12 16 88 91 15 98 108 106 52 66 80 73 76 34 4 89 109 40 48 62 87 61 96 63 86 21 18 97 65 
0 19 31 77 90 23 79 55 107 24 29 27 54 92 46 17 8 9 75 85 7 35 20 11 59 22 42 25 37 45 44 70 93 32 5 81 83 94 68 51 2 69 82 36 78 33 84 103 100 39 101 74 10 99 64 14 57 50 72 53 43 38 1 6 88 41 16 12 28 71 49 67 56 58 47 26 102 104 60 105 13 3 95 30 91 15 98 108 106 52 66 80 73 76 34 4 89 109 40 48 62 87 61 96 63 86 21 18 97 65 
0 19 31 77 90 23 79 55 107 24 29 27 54 92 46 17 8 9 75 85 7 35 20 11 59 22 42 25 37 45 44 70 93 32 5 81 83 94 101 39 100 103 84 33 78 36 82 69 2 51 68 74 10 99 64 14 57 50 72 53 43 38 1 6 88 41 30 95 3 13 105 60 104 102 26 47 58 56 67 49 71 28 12 16 91 15 98 108 106 52 66 80 73 76 34 4 89 109 40 48 62 87 61 96 63 86 21 18 97 65 
0 19 31 77 90 23 79 55 107 24 29 27 54 92 46 17 8 9 75 85 7 35 20 11 59 22 42 25 37 45 44 70 93 32 5 81 83 94 68 51 2 69 82 36 78 33 84 103 100 39 101 74 10 99 64 14 57 50 72 53 43 38 1 88 41 30 95 3 13 105 60 104 102 26 47 58 56 67 49 71 28 12 16 91 15 98 108 6 106 52 66 80 73 76 34 4 89 109 40 48 62 87 61 96 63 86 21 18 97 65 
0 19 31 77 90 23 79 55 107 24 29 27 54 92 46 17 8 9 75 85 7 35 20 11 59 22 42 25 36 82 69 2 51 68 94 83 81 5 32 93 70 44 45 37 78 33 84 103 100 39 101 74 10 99 64 14 57 50 72 53 43 38 1 6 88 41 30 95 3 13 105 60 104 102 26 47 58 56 67 49 71 28 12 16 91 15 98 108 106 52 66 80 73 76 34 4 89 109 40 48 62 87 96 63 61 86 21 18 97 65 
0 19 31 77 90 23 79 55 107 24 29 27 54 92 46 17 8 9 75 85 7 35 20 11 59 22 42 25 37 45 44 70 93 32 5 81 83 94 68 51 2 69 82 36 78 33 84 103 100 39 101 74 10 99 64 14 57 50 72 53 43 38 1 6 88 41 30 95 3 13 105 60 104 102 26 47 58 56 67 49 71 28 12 16 91 15 98 108 106 52 66 80 73 76 34 4 89 109 40 48 62 87 61 63 86 21 18 97 96 65 
0 19 31 77 90 23 79 55 92 24 29 27 54 107 46 17 8 9 75 85 7 35 20 11 59 22 42 25 37 45 44 70 93 32 5 81 83 94 68 51 2 69 82 36 78 33 84 103 100 39 101 74 10 99 64 14 57 50 72 53 43 38 1 6 88 41 30 95 3 13 105 60 104 102 26 47 58 56 67 49 71 28 12 16 91 15 98 108 106 52 66 80 73 76 34 4 89 109 40 48 62 87 61 96 63 86 21 18 97 65 
0 19 31 77 90 23 79 55 107 24 29 27 54 92 46 17 8 9 75 85 7 35 20 11 59 22 42 25 37 45 44 70 93 32 5 81 83 94 68 51 2 69 82 36 78 33 84 103 100 39 101 74 10 99 64 14 57 50 72 53 43 38 1 6 88 41 30 95 3 13 105 60 104 102 26 47 58 56 67 49 71 28 12 16 91 15 98 108 106 52 66 80 73 76 34 89 109 40 48 62 4 87 61 96 63 86 21 18 97 65 
0 19 31 77 90 23 79 55 107 24 29 27 54 92 46 17 8 9 75 85 7 35 20 11 59 22 42 25 37 45 44 70 93 32 5 81 83 94 68 51 2 69 82 36 78 33 84 103 100 39 101 74 10 99 64 14 57 50 72 53 43 38 1 6 88 41 30 95 3 48 13 105 60 104 102 26 47 58 56 67 49 71 28 12 16 91 15 98 108 106 52 66 80 73 76 34 4 89 109 40 62 87 61 96 63 86 21 18 97 65 
0 19 31 77 90 23 79 55 107 24 29 27 54 92 46 17 8 9 75 85 7 35 20 11 59 22 42 25 37 45 44 70 93 32 5 81 83 94 68 51 2 69 82 36 78 33 84 103 100 39 101 74 10 99 64 14 57 50 72 53 43 38 1 6 88 41 30 95 3 13 105 60 104 102 26 47 58 56 98 49 71 28 12 16 91 15 67 108 106 52 66 80 73 76 34 4 89 109 40 48 62 87 61 96 63 86 21 18 97 65 
0 19 31 77 90 23 79 55 107 24 29 27 54 92 46 17 8 9 75 85 7 35 20 11 59 22 42 25 37 45 44 70 93 32 5 81 83 94 68 51 2 69 82 36 78 33 84 103 100 39 101 74 10 99 14 57 50 72 53 43 38 1 6 64 88 41 30 95 3 13 105 60 104 102 26 47 58 56 67 49 71 28 12 16 91 15 98 108 106 52 66 80 73 76 34 4 89 109 40 48 62 87 61 96 63 86 21 18 97 65 
0 19 31 77 90 23 79 55 107 24 29 27 54 92 46 17 8 9 75 85 7 35 20 11 59 22 42 25 37 45 44 70 93 32 5 81 83 94 68 51 69 82 36 78 33 84 103 100 39 101 74 10 99 64 14 57 50 72 53 43 38 1 6 88 41 30 95 3 13 105 60 104 102 26 47 58 56 67 49 71 28 2 12 16 91 15 98 108 106 52 66 80 73 76 34 4 89 109 40 48 62 87 61 96 63 86 21 18 97 65 
0 19 31 77 90 23 79 55 107 24 29 27 54 92 46 17 8 9 75 85 7 35 20 11 59 22 42 25 37 45 44 70 93 32 5 81 83 94 68 51 2 69 82 36 78 33 84 103 100 39 101 74 10 99 64 14 57 50 72 53 43 1 6 88 41 30 95 3 13 105 60 104 102 26 47 58 56 67 49 71 28 12 16 91 15 98 108 106 52 66 80 73 76 34 4 89 109 40 48 62 87 38 61 96 63 86 21 18 97 65 
0 19 31 77 90 23 79 55 107 24 29 27 54 92 46 17 8 9 75 85 7 35 20 11 59 22 42 25 37 45 44 70 93 32 5 81 83 94 68 51 2 69 82 36 78 33 84 103 100 39 101 74 10 99 64 14 57 50 72 53 43 1 6 88 41 30 95 3 13 105 60 104 102 26 47 58 56 67 49 71 28 12 16 91 15 98 108 106 52 66 80 73 76 34 4 89 109 40 48 62 87 38 61 96 63 86 21 18 97 65 
0 19 31 77 90 23 79 55 107 24 29 27 54 92 46 17 8 9 75 85 7 35 20 11 59 22 42 25 37 45 44 70 93 32 5 81 83 94 68 51 2 69 52 36 78 33 84 103 100 39 101 74 10 99 64 14 57 50 72 53 43 38 1 6 88 41 30 95 3 13 105 60 104 102 26 47 58 56 67 49 71 28 12 16 91 15 98 108 106 82 66 80 73 76 34 4 89 109 40 48 62 87 61 96 63 86 21 18 97 65 
0 19 31 77 90 23 79 55 107 24 29 27 54 92 46 17 8 9 75 85 7 35 20 11 59 22 42 25 37 45 44 70 93 32 5 81 83 94 68 51 2 69 82 36 78 33 84 103 100 39 101 74 10 99 64 14 57 50 72 53 43 38 1 6 88 41 30 95 3 13 105 4 60 104 102 26 47 58 56 67 49 71 28 12 16 91 15 98 108 106 52 66 80 73 76 34 89 109 40 48 62 87 61 96 63 86 21 18 97 65 
0 19 31 77 90 23 79 55 107 24 29 27 54 92 46 17 8 9 75 85 7 35 20 11 59 22 42 25 37 45 44 70 93 32 5 81 83 94 68 51 2 69 82 18 21 86 63 96 61 87 62 48 40 109 89 4 34 76 73 80 66 52 106 108 98 15 91 16 12 28 71 49 67 56 58 47 26 102 104 60 105 13 3 95 30 41 88 6 1 38 43 53 72 50 57 14 64 99 10 74 101 39 100 103 84 33 78 36 97 65 
0 19 31 77 90 23 79 55 107 24 29 27 54 92 46 17 8 9 75 85 7 35 20 11 59 22 80 66 52 106 108 98 15 91 16 12 28 71 49 67 56 58 47 26 102 104 60 105 13 3 95 30 41 88 6 1 38 43 53 72 50 57 14 64 99 10 74 101 39 100 103 84 33 78 36 82 69 2 51 68 94 83 81 5 32 93 70 44 45 37 25 42 73 76 34 4 89 109 40 48 62 87 61 96 63 86 21 18 97 65 
0 19 31 77 90 23 79 55 107 24 29 27 54 92 46 17 8 9 75 85 7 35 20 11 59 22 42 25 37 45 44 70 93 32 5 81 83 94 68 51 2 69 82 36 78 33 84 103 100 39 101 74 10 99 64 14 57 50 72 53 43 38 1 6 88 41 30 95 3 105 60 104 102 26 47 58 56 67 49 71 28 12 16 91 15 98 108 106 52 66 80 73 76 34 4 13 89 109 40 48 62 87 61 96 63 86 21 18 97 65 
0 19 31 77 90 23 79 55 107 24 29 27 54 92 46 17 8 9 75 85 7 35 20 11 59 64 99 10 74 101 39 100 103 84 33 78 36 82 69 2 51 68 94 83 81 5 32 93 70 44 45 37 25 42 22 14 57 50 72 53 43 38 1 6 88 41 30 95 3 13 105 60 104 102 26 47 58 56 67 49 71 28 12 16 91 15 98 108 106 52 66 80 73 76 34 4 89 109 40 48 62 87 61 96 63 86 21 18 97 65 
0 19 31 77 90 23 79 55 107 24 29 27 54 92 46 17 8 9 75 85 7 35 20 11 59 22 42 25 37 45 44 70 93 32 5 81 83 94 68 51 2 69 82 36 78 33 84 103 100 26 102 104 60 105 13 3 95 30 41 88 6 1 38 43 53 72 50 57 14 64 99 10 74 101 39 47 58 56 67 49 71 28 12 16 91 15 98 108 106 52 66 80 73 76 34 4 89 109 40 48 62 87 61 96 63 86 21 18 97 65 
0 19 31 77 90 23 79 55 107 24 29 27 54 92 46 17 8 9 75 85 7 35 20 11 59 22 42 25 37 45 44 70 93 32 5 81 83 94 68 2 69 82 36 78 33 84 103 100 39 101 74 10 99 64 14 57 50 72 53 43 38 1 6 88 41 30 95 3 13 105 60 104 102 26 47 58 56 51 67 49 71 28 12 16 91 15 98 108 106 52 66 80 73 76 34 4 89 109 40 48 62 87 61 96 63 86 21 18 97 65 
0 19 31 77 90 23 79 55 107 24 29 27 54 92 46 17 8 9 75 85 7 35 20 11 59 22 42 25 37 45 44 70 93 32 5 81 83 68 51 2 69 82 36 78 33 84 103 100 39 101 74 10 99 64 14 57 50 72 53 43 38 1 6 88 41 30 95 3 13 105 60 104 102 26 47 58 94 56 67 49 71 28 12 16 91 15 98 108 106 52 66 80 73 76 34 4 89 109 40 48 62 87 61 96 63 86 21 18 97 65 
0 19 31 77 90 23 79 55 107 24 29 27 54 92 46 17 8 9 75 85 7 35 20 11 59 22 42 25 37 45 44 70 93 32 5 81 83 94 68 51 2 69 82 36 78 33 84 103 100 39 101 74 10 99 64 14 57 50 72 53 43 38 1 6 88 41 30 95 3 13 105 60 104 102 26 47 58 56 67 49 71 28 12 16 91 15 98 108 106 52 66 80 73 76 34 4 109 40 48 62 87 61 96 63 86 21 89 18 97 65 
0 19 31 77 90 23 79 55 107 24 29 27 54 92 46 17 8 9 75 85 7 35 20 11 59 22 42 25 37 45 44 70 93 32 5 81 83 94 68 2 69 82 36 78 33 84 103 100 39 101 74 10 99 64 14 57 50 72 53 43 38 1 6 88 41 30 95 3 13 105 60 104 102 26 47 58 56 67 49 71 28 12 16 91 15 98 108 106 52 66 80 73 76 34 4 89 109 40 48 62 87 51 61 96 63 86 21 18 97 65 
0 19 31 77 90 23 79 55 107 24 29 27 54 92 46 17 8 9 75 85 7 35 20 11 59 22 42 25 37 45 44 70 93 32 5 81 83 62 68 51 2 69 82 36 78 33 84 103 100 39 101 74 10 99 64 14 57 50 72 53 43 38 1 6 88 41 30 95 3 13 105 60 104 102 26 47 58 56 67 49 71 28 12 16 91 15 98 108 106 52 66 80 73 76 34 4 89 109 40 48 94 87 61 96 63 86 21 18 97 65 
0 19 31 77 90 23 79 55 107 24 29 27 54 92 46 17 8 9 75 85 7 35 20 11 59 32 42 25 37 45 44 70 93 22 5 81 83 94 68 51 84 33 78 36 82 69 2 103 100 39 101 74 10 99 64 14 57 50 72 53 43 38 1 6 88 41 30 95 3 13 105 60 104 102 26 47 58 56 67 49 71 28 12 16 91 15 98 108 106 52 66 80 73 76 34 4 89 109 40 48 62 87 61 96 63 86 21 18 97 65 
0 19 31 77 90 23 79 55 107 24 29 27 54 92 46 17 8 9 75 85 7 35 20 11 59 22 42 25 37 45 44 70 93 32 5 81 83 94 68 51 2 69 82 36 78 33 84 1 6 88 41 30 95 3 13 105 60 104 102 26 43 38 103 100 39 101 74 10 99 64 14 57 50 72 53 47 58 56 67 49 71 28 12 16 91 15 98 108 106 52 66 80 73 76 34 4 89 109 40 48 62 87 61 96 63 86 21 18 97 65 
0 19 31 77 90 23 79 55 107 24 29 27 54 92 46 17 8 9 75 85 7 35 20 11 59 22 42 25 37 45 44 70 93 32 5 81 83 94 68 51 2 69 82 36 78 33 84 103 100 39 101 74 10 99 64 14 57 50 72 53 43 38 1 6 88 41 30 95 3 13 105 60 104 102 26 47 58 56 67 49 71 28 12 16 91 15 98 108 106 52 66 80 73 76 34 4 89 109 40 48 62 87 61 96 63 86 18 97 65 21 
0 19 31 77 90 23 79 55 107 24 29 27 54 92 46 17 8 9 75 85 7 35 20 11 59 22 42 25 37 45 44 70 93 32 5 81 83 94 68 51 2 69 80 66 52 106 108 98 15 91 16 12 28 71 49 67 56 58 47 26 102 104 60 105 13 3 95 30 41 88 1 38 43 53 72 50 57 14 64 99 10 74 101 39 100 103 84 33 78 36 82 73 76 34 6 4 89 109 40 48 62 87 61 96 63 86 21 18 97 65 
0 19 31 77 90 23 79 55 107 24 29 27 54 92 46 17 8 9 75 85 7 35 20 11 59 22 42 25 37 45 44 70 93 32 5 81 83 94 68 63 96 61 87 62 48 40 109 89 4 34 76 73 80 66 52 106 108 98 15 91 16 12 28 71 49 67 56 58 47 26 102 104 60 105 13 3 95 30 41 88 6 1 38 43 53 72 50 57 14 64 99 10 74 101 39 100 103 84 33 78 36 82 69 2 51 86 21 18 97 65 
0 31 77 90 23 79 55 107 24 29 27 54 92 46 17 8 9 75 85 7 35 20 11 59 22 42 25 37 45 44 70 93 32 5 19 81 83 94 68 51 2 69 82 36 78 33 84 103 100 39 101 74 10 99 64 14 57 50 72 53 43 38 1 6 88 41 30 95 3 13 105 60 104 102 26 47 58 56 67 49 71 28 12 16 91 15 98 108 106 52 66 80 73 76 34 4 89 109 40 48 62 87 61 96 63 86 21 18 97 65 
0 19 31 77 90 23 79 55 107 24 29 27 54 92 46 17 8 9 75 85 7 35 20 11 59 22 42 25 37 45 1 38 43 53 72 50 57 14 64 99 10 74 101 39 100 103 84 33 78 36 82 69 2 51 68 94 83 81 5 32 93 70 44 6 88 41 30 95 3 13 105 60 104 102 26 47 58 56 67 49 71 28 12 16 91 15 98 108 106 52 66 80 73 76 34 4 89 109 40 48 62 87 61 96 63 86 21 18 97 65 
0 19 31 77 90 23 79 55 107 24 29 27 54 92 46 17 8 9 75 85 7 35 20 11 59 22 42 25 37 45 44 70 93 32 5 81 83 94 68 51 2 69 36 78 33 84 103 100 39 101 74 10 99 64 14 57 50 40 109 89 4 34 76 73 80 66 52 82 106 108 98 15 91 16 12 28 71 49 56 58 47 6 88 41 30 95 3 13 105 60 104 102 26 1 38 43 53 72 67 48 62 87 61 96 63 86 21 18 97 65 
0 19 31 77 90 23 79 55 107 24 29 27 54 92 46 17 8 9 75 85 7 35 20 11 59 22 42 25 37 45 44 70 93 32 5 81 83 94 68 51 2 69 82 36 78 33 84 103 100 39 101 74 10 99 64 14 57 50 3 53 43 38 1 6 88 41 30 95 72 13 105 60 104 102 26 47 58 56 67 49 71 28 12 16 91 15 98 108 106 52 66 80 73 76 34 4 89 109 40 48 62 87 61 96 63 86 21 18 97 65 
0 19 31 77 90 23 79 55 107 24 29 27 54 92 46 17 8 9 75 85 7 35 20 11 59 22 42 25 37 45 44 93 32 5 81 83 94 68 51 2 69 82 36 78 33 84 103 100 39 101 74 10 99 64 14 57 50 72 53 70 43 38 1 6 88 41 30 95 3 13 105 60 104 102 26 47 58 56 67 49 71 91 16 12 28 15 98 108 106 52 66 80 73 76 34 4 89 109 40 48 62 87 61 96 63 86 21 18 97 65 
0 19 31 77 90 79 55 107 24 29 27 54 92 46 23 17 8 9 75 85 7 35 20 11 59 22 42 25 37 45 44 70 93 32 5 81 83 94 68 89 2 69 82 36 78 33 84 103 100 39 101 74 10 99 64 14 57 50 72 53 43 38 1 6 88 41 30 95 3 13 105 60 104 102 26 47 58 56 67 49 71 28 12 16 91 15 98 108 106 52 66 80 73 76 34 4 51 109 40 48 62 87 61 96 63 86 21 18 97 65 
0 19 31 77 90 23 79 55 107 24 29 27 54 92 46 17 8 9 75 85 7 35 20 11 59 22 42 25 37 45 44 70 93 32 5 81 83 94 68 51 2 69 82 36 78 33 84 103 100 39 101 74 10 99 64 14 57 50 72 53 43 38 1 6 88 41 30 95 3 13 105 60 104 102 4 34 76 98 73 80 66 52 106 108 15 91 16 12 28 71 49 67 56 58 47 26 89 109 40 48 62 87 61 96 63 86 21 18 97 65 
0 19 31 77 90 23 79 55 107 24 22 27 54 92 46 17 8 9 75 85 7 35 20 11 59 29 42 25 37 45 44 93 70 32 5 81 83 94 68 51 2 69 82 36 78 33 84 103 100 39 101 74 10 99 64 14 57 50 72 53 43 38 1 6 88 41 30 95 3 13 105 60 104 102 26 47 58 56 67 49 71 28 12 16 91 15 98 108 106 52 66 80 73 76 34 4 89 109 40 48 62 87 61 96 63 86 21 18 97 65 
0 19 31 77 90 23 79 55 107 24 29 27 54 92 46 17 8 9 75 85 7 35 20 11 59 42 25 37 45 44 70 93 32 5 81 83 94 68 51 2 69 82 36 78 33 84 103 100 39 101 74 10 99 64 14 57 50 72 53 43 38 1 6 88 41 30 95 3 13 105 60 104 102 26 47 58 56 67 49 71 28 22 12 16 91 15 98 108 106 52 66 80 73 76 34 4 89 109 40 48 62 87 61 96 63 86 21 18 97 65 
0 19 31 77 90 23 79 55 107 24 29 27 54 92 46 17 8 9 75 85 7 35 20 11 59 22 42 25 37 45 44 70 93 32 5 81 83 94 68 51 2 69 82 36 78 33 84 103 100 39 101 74 10 99 64 14 57 50 72 53 43 38 1 6 88 41 30 95 3 13 105 60 104 102 26 47 58 56 67 49 71 28 12 63 96 61 87 62 48 40 109 89 4 34 76 73 80 66 52 106 16 91 15 98 108 86 21 18 97 65 
0 19 31 77 90 23 79 55 107 24 29 27 54 92 46 17 8 9 75 85 7 35 20 11 59 22 42 25 37 45 44 70 32 5 81 83 94 68 51 2 69 82 36 78 33 84 103 100 39 101 74 10 99 64 14 57 50 72 53 43 38 1 6 88 41 30 95 3 13 105 60 104 102 26 47 58 56 67 49 71 28 12 16 91 15 98 108 106 52 66 80 73 76 34 4 89 109 40 48 62 87 61 96 63 86 93 21 18 97 65 
0 19 31 77 90 23 79 55 107 24 29 27 54 92 46 17 8 9 75 85 7 35 20 11 59 22 56 58 47 26 102 104 60 105 13 3 95 30 41 88 6 1 38 43 53 72 50 57 14 64 99 10 74 101 39 100 103 84 33 78 36 82 69 2 51 68 94 83 81 5 32 93 70 44 45 37 25 42 67 49 71 28 12 16 91 15 98 108 106 52 66 80 73 76 34 4 89 109 40 48 62 87 61 96 63 86 21 18 97 65 
0 19 31 77 90 23 79 55 107 24 29 27 54 92 46 17 8 9 75 85 7 35 20 11 59 22 42 25 37 45 44 70 93 32 5 81 83 94 68 51 2 69 82 36 78 33 4 103 39 101 74 10 99 64 14 57 50 72 53 43 38 1 6 88 41 30 95 3 13 105 60 84 100 104 102 26 47 58 56 67 49 71 28 12 16 91 15 98 108 106 52 66 80 73 76 34 89 109 40 48 62 87 61 96 63 86 21 18 97 65 
0 19 31 77 90 23 79 55 107 24 29 27 54 92 46 17 8 9 75 85 7 35 20 11 59 22 42 25 37 45 44 70 93 32 5 81 83 94 68 51 2 69 82 36 78 33 84 103 100 18 21 86 63 96 61 87 62 48 40 109 89 4 34 76 73 80 66 52 106 108 98 15 91 16 12 28 71 49 67 56 58 47 26 102 104 60 105 13 3 95 30 41 88 6 1 38 43 53 72 50 57 14 64 99 10 74 101 39 97 65 
0 19 31 77 90 23 79 55 107 24 29 27 54 92 46 17 8 9 75 85 7 35 20 11 59 22 42 25 37 45 70 93 32 5 81 94 68 44 51 2 69 82 36 78 33 84 103 100 39 101 74 10 99 64 14 57 50 108 53 43 38 83 72 1 6 88 41 30 95 3 13 105 60 104 102 26 47 58 56 67 49 71 28 12 16 91 15 98 106 52 66 80 73 76 34 4 89 109 40 48 62 87 61 96 63 86 21 18 97 65 
0 19 31 77 90 23 79 55 107 24 29 27 54 92 46 17 8 9 75 85 7 35 20 11 59 22 42 25 37 45 44 98 108 106 52 66 14 73 76 34 4 89 109 40 78 33 84 103 100 39 101 74 10 99 64 80 57 50 72 53 43 38 1 6 88 41 30 95 3 13 105 60 104 102 26 47 58 56 67 49 71 28 12 16 91 15 70 93 32 5 81 83 94 68 51 2 69 82 36 48 62 87 61 96 63 86 21 18 97 65 
0 19 31 77 90 23 79 55 107 24 29 27 54 92 46 17 8 9 75 85 7 35 20 11 59 22 42 25 37 45 44 70 93 32 5 81 83 94 68 51 2 69 82 36 78 33 84 103 100 39 101 74 10 99 64 14 57 50 72 53 43 38 1 6 88 41 30 95 3 13 105 60 104 102 26 47 58 56 67 49 71 28 12 16 91 15 98 108 62 87 61 96 73 76 34 4 89 109 40 48 106 52 66 80 63 86 21 18 97 65 
0 19 31 77 90 23 79 55 107 24 29 27 54 92 46 17 8 9 75 85 7 35 20 11 59 22 42 25 37 45 44 70 93 32 5 81 83 94 68 51 2 69 82 36 78 33 84 103 100 39 101 10 99 64 14 57 50 72 53 43 38 1 6 88 41 30 95 3 13 105 60 104 102 26 47 58 56 67 49 71 28 12 16 91 15 98 108 106 52 66 80 73 76 34 4 89 109 40 48 62 87 61 74 96 63 86 21 18 97 65 
0 19 31 77 79 23 90 55 107 24 29 27 54 92 46 17 8 9 75 85 7 35 20 11 59 22 42 25 37 45 44 70 93 32 5 95 30 41 88 6 1 38 43 53 72 50 57 14 64 99 10 74 101 39 100 103 84 33 78 36 82 69 2 51 68 94 83 81 3 13 105 60 104 102 26 47 58 56 67 49 71 28 12 16 91 15 98 108 106 52 66 80 73 76 34 4 89 109 40 48 62 87 61 96 63 86 21 18 97 65 
0 19 31 77 90 23 79 55 107 24 29 27 54 92 46 17 8 9 75 85 7 35 20 11 59 22 42 25 50 45 44 70 93 32 5 81 83 94 68 51 2 69 82 36 78 33 84 103 100 39 101 74 10 99 64 14 57 37 72 53 43 38 1 6 88 41 30 95 3 13 105 60 104 102 26 47 58 56 67 49 71 28 12 16 91 15 98 108 106 52 66 80 73 76 34 4 89 109 40 48 62 87 61 96 63 86 21 18 97 65 
0 19 31 77 90 23 79 55 107 24 29 27 54 92 46 17 8 9 75 85 7 35 20 11 59 22 42 25 37 45 44 70 93 32 5 81 83 94 68 51 2 69 82 36 78 33 84 103 100 39 101 74 10 99 64 14 57 50 72 53 43 38 1 6 88 41 30 95 76 13 105 60 104 102 26 47 58 56 67 49 71 28 12 16 91 15 98 108 106 52 66 80 73 3 34 4 89 109 40 48 62 87 61 96 63 86 21 18 97 65 
0 19 31 69 90 23 77 79 55 107 24 29 27 54 92 46 17 8 9 75 85 7 35 20 11 59 22 42 25 37 45 44 70 93 32 5 81 83 94 68 51 2 82 36 78 33 84 103 100 39 101 74 10 99 64 14 57 50 72 53 43 38 1 6 88 41 30 95 3 13 105 60 104 102 26 47 58 56 67 49 71 28 12 16 91 15 98 108 106 52 66 80 73 76 34 4 89 109 40 48 62 87 61 96 63 86 21 18 97 65 
0 19 31 77 90 23 79 55 107 24 29 27 54 92 46 17 8 9 75 85 7 35 20 11 59 22 42 30 41 88 6 1 38 43 53 72 50 57 14 64 99 10 74 101 39 100 103 84 33 78 36 82 69 2 51 68 94 83 81 5 32 93 70 44 45 37 25 95 3 13 105 60 104 102 26 47 58 56 67 49 71 28 12 16 91 15 98 108 106 52 66 80 73 76 34 4 89 109 40 48 62 87 61 96 63 86 21 18 97 65 
0 19 31 77 90 23 79 55 107 24 29 27 54 92 46 17 8 9 75 85 7 35 20 11 59 22 13 3 95 30 41 88 6 1 38 43 53 72 50 57 14 64 99 10 74 101 39 100 103 84 33 78 36 82 69 2 51 68 94 83 81 5 32 93 70 44 45 37 25 42 105 60 104 102 26 47 58 56 67 49 71 28 12 16 91 15 98 108 106 52 66 80 73 76 34 4 89 109 40 48 62 87 61 96 63 86 21 18 97 65 
0 19 31 77 90 23 79 55 107 24 29 27 54 92 46 17 8 9 75 85 7 35 20 11 59 22 42 25 37 45 44 70 93 32 5 81 83 94 68 51 2 69 82 49 78 33 84 103 100 101 74 10 99 64 14 57 50 72 53 43 38 1 6 88 41 30 95 3 13 105 60 104 102 26 47 58 56 67 36 39 71 28 12 16 91 15 98 108 106 52 66 80 73 76 34 4 89 109 40 48 62 87 61 96 63 86 21 18 97 65 
0 19 31 77 90 23 79 55 107 24 29 80 66 52 106 108 98 15 91 16 12 28 71 49 67 56 58 47 26 102 104 60 105 13 3 95 30 41 88 6 1 38 43 53 72 50 57 14 64 99 10 74 101 39 100 103 84 33 78 36 82 69 2 51 68 94 83 81 5 32 93 70 44 45 37 25 42 22 59 11 20 35 7 85 75 9 8 17 46 92 54 27 73 76 34 4 89 109 40 48 62 87 61 96 63 86 21 18 97 65 
0 19 31 77 90 23 79 55 107 24 29 27 54 92 46 17 8 9 75 85 7 35 20 11 59 22 42 25 37 45 44 70 93 32 47 26 102 104 60 105 13 3 95 30 41 88 6 1 38 43 53 72 50 57 14 64 39 10 74 101 99 100 103 84 33 78 36 82 69 2 51 68 94 83 81 5 58 56 67 49 71 28 12 16 91 15 98 108 106 52 66 80 73 76 34 4 89 109 40 48 62 87 61 96 63 86 21 18 97 65 
0 19 31 77 90 23 79 55 107 24 29 27 54 92 46 17 8 9 75 85 7 35 20 11 59 105 13 3 95 30 41 88 6 1 38 43 53 72 50 57 14 64 99 10 74 101 39 100 103 84 33 78 36 82 69 2 51 68 94 83 81 5 32 93 70 44 45 37 25 42 22 60 104 102 26 47 58 56 67 49 71 28 12 16 91 15 98 108 106 52 66 80 73 76 34 4 89 109 40 48 62 87 61 96 63 86 21 18 97 65 
0 19 31 77 90 23 79 55 107 24 29 27 54 92 46 17 8 9 75 85 7 35 20 11 59 22 42 25 37 45 44 70 93 32 5 81 83 94 68 51 2 69 82 36 78 33 84 103 100 39 101 74 10 99 64 14 57 50 72 53 43 38 87 6 88 41 30 95 3 13 105 60 104 102 26 47 58 56 67 49 71 28 12 16 91 15 98 108 106 52 66 80 73 76 34 4 89 109 40 48 62 1 61 96 63 86 21 18 97 65 
0 19 31 77 90 23 79 55 107 24 29 27 54 92 46 17 8 9 75 85 7 35 20 11 59 22 42 25 37 45 44 70 93 32 5 81 83 94 68 51 69 82 36 78 33 84 103 100 39 101 74 10 99 64 14 57 50 72 53 95 30 41 88 6 1 38 43 3 13 105 60 2 104 102 26 47 58 56 67 49 71 28 12 16 91 15 98 108 106 52 66 80 73 76 34 4 89 109 40 48 62 87 61 96 63 86 21 18 97 65 
0 19 31 77 90 23 79 55 107 24 29 27 54 92 46 17 8 9 75 85 7 35 20 11 78 22 42 25 37 45 44 70 93 32 5 81 83 94 68 51 2 69 82 36 59 33 84 103 100 39 101 74 10 99 64 14 57 50 72 53 43 38 1 6 88 41 30 95 3 13 105 60 104 102 26 47 58 56 67 49 71 28 12 16 91 15 98 108 106 52 66 80 73 76 34 4 89 109 40 48 62 87 61 96 63 86 21 18 97 65 
0 19 31 77 90 23 79 55 107 24 29 27 54 92 46 17 8 9 75 38 43 53 72 50 57 14 64 99 10 74 101 39 100 103 84 33 78 36 82 69 2 51 68 94 83 81 5 32 93 70 44 45 37 25 42 22 59 11 20 35 7 85 1 6 88 41 30 95 3 13 105 60 104 102 26 47 58 56 67 49 71 28 12 16 91 15 98 108 106 52 66 80 73 76 34 4 89 109 40 48 62 87 61 96 63 86 21 18 97 65 
0 19 31 77 90 23 79 55 107 24 29 27 54 92 46 17 8 9 75 85 7 35 20 11 59 22 42 25 37 45 44 70 93 32 5 81 83 94 68 51 2 69 82 36 78 33 84 103 100 39 101 74 10 99 64 14 57 50 72 53 43 38 1 6 88 41 30 95 3 13 105 60 104 102 26 47 58 56 67 49 71 28 12 16 91 15 98 108 106 52 66 80 73 76 96 4 89 109 40 48 62 87 61 34 63 86 21 18 97 65 
0 45 31 77 90 23 79 55 107 24 29 27 54 92 46 17 8 9 75 85 7 35 20 11 59 22 42 25 37 19 44 70 93 32 5 81 83 94 68 51 2 69 82 36 78 33 84 103 100 39 101 74 10 99 64 14 57 50 72 53 43 38 1 6 88 41 30 95 3 13 105 60 104 102 26 47 58 56 67 49 71 28 12 16 91 15 98 108 106 52 66 80 73 76 34 4 89 109 40 48 62 87 61 96 63 86 21 18 97 65 
0 19 31 77 90 23 79 55 107 24 29 27 54 92 46 17 8 9 75 85 7 35 103 11 59 22 42 25 37 45 44 70 93 32 5 81 83 94 68 51 2 69 82 36 78 33 84 20 100 39 101 74 10 99 64 14 57 50 72 53 43 38 1 6 88 41 30 95 3 13 105 60 104 102 26 47 58 56 67 49 71 28 12 16 91 15 98 108 106 52 66 80 73 76 34 4 89 109 40 48 62 87 61 96 63 86 21 18 97 65 
0 19 31 77 90 23 79 55 107 24 29 27 54 92 46 17 8 9 75 85 7 35 20 11 59 22 42 25 37 45 44 70 93 32 5 81 83 94 68 51 2 69 82 36 78 33 84 103 100 39 101 74 10 99 64 14 66 52 106 108 98 15 91 16 12 28 71 49 67 60 56 58 47 95 26 102 104 96 105 13 3 30 41 88 6 1 38 43 53 72 50 57 80 73 76 34 4 89 109 40 48 62 87 61 63 86 21 18 97 65 
0 19 31 77 90 23 79 55 107 24 29 27 54 92 46 17 8 9 75 85 7 35 20 11 59 22 42 25 37 45 44 70 93 32 16 81 83 94 68 51 2 69 82 36 78 33 84 103 100 39 101 74 10 99 64 14 57 50 72 53 43 38 1 6 88 41 30 95 3 13 105 60 104 102 26 47 58 56 67 49 71 28 12 5 91 15 98 108 106 52 66 80 73 76 34 4 89 109 40 48 62 87 61 96 63 86 21 18 97 65 
0 19 31 77 90 23 79 107 24 29 27 54 92 55 46 17 8 9 57 14 64 99 10 74 101 39 100 103 84 33 78 36 82 69 2 51 68 94 83 81 5 32 93 70 44 45 37 25 42 22 59 11 20 35 7 85 75 50 72 53 43 38 1 6 88 41 30 95 3 13 105 60 104 102 26 47 58 56 67 49 71 28 12 16 91 15 98 108 106 52 66 80 73 76 34 4 89 109 40 48 62 87 61 96 63 86 21 18 97 65 
0 19 31 77 90 23 97 55 107 24 29 27 54 92 46 17 8 9 75 85 7 35 20 11 59 22 42 25 37 45 44 70 93 32 5 81 83 94 68 51 2 69 82 36 78 33 84 103 100 39 74 10 99 64 14 57 50 72 53 43 38 1 6 88 41 30 95 3 13 105 60 104 102 26 47 58 56 67 49 71 28 12 16 91 15 98 108 106 52 66 80 73 76 34 4 89 109 101 40 48 62 87 61 96 63 86 21 18 79 65 
0 19 31 44 90 23 79 55 107 24 29 27 54 92 46 17 8 9 77 75 85 7 35 20 11 59 22 42 25 37 45 70 93 32 5 81 83 94 68 51 2 69 82 36 78 33 84 103 100 39 101 74 10 99 64 14 57 50 72 53 43 38 1 6 88 41 30 95 3 13 105 60 104 102 26 47 58 56 67 49 71 28 12 16 91 15 98 108 106 52 66 80 73 76 34 4 89 109 40 48 62 87 61 96 63 86 21 18 97 65 
0 19 31 77 90 23 79 55 107 24 29 27 54 92 46 17 8 9 75 85 7 35 20 11 59 22 42 25 37 45 44 70 93 32 5 81 58 47 26 102 104 60 105 13 3 95 30 41 88 6 1 38 43 53 72 50 57 14 64 99 10 74 101 39 100 103 84 33 78 36 82 69 2 51 68 94 83 56 67 49 71 28 12 16 91 15 98 108 106 52 66 80 73 48 62 87 61 109 40 76 34 4 89 96 63 86 21 18 97 65 
0 19 31 25 37 45 44 70 93 32 5 81 83 94 68 51 2 69 82 85 7 35 20 11 59 22 42 77 90 23 79 55 107 24 29 27 54 92 46 17 8 9 75 36 78 33 84 103 100 39 101 74 10 99 64 14 57 50 72 53 43 38 1 6 88 41 30 95 3 13 105 60 104 102 26 47 58 56 67 49 71 28 12 16 91 15 98 108 106 52 66 80 73 76 34 4 89 109 40 48 62 87 61 96 63 86 21 18 97 65 
0 19 31 77 90 73 80 66 52 106 108 99 15 91 16 12 28 71 49 67 56 58 47 26 102 104 60 105 13 3 95 30 41 88 6 1 38 43 53 72 50 57 14 64 98 10 74 101 39 100 103 84 33 78 36 82 69 2 51 68 94 83 81 5 32 93 70 44 45 37 25 42 22 59 11 20 35 7 85 75 9 8 17 46 92 54 27 29 24 107 55 79 23 76 34 4 89 109 40 48 62 87 61 96 63 86 21 18 97 65 
0 19 31 77 90 23 79 55 107 24 29 27 54 92 46 17 8 9 75 85 7 35 20 11 59 22 42 2 69 82 36 78 33 84 103 100 39 101 68 51 25 37 45 44 70 93 32 5 81 83 94 74 10 99 64 14 57 50 72 53 43 38 1 6 73 41 30 95 3 13 105 60 104 102 26 47 58 56 67 49 71 28 12 16 91 15 98 108 106 52 66 80 88 76 34 4 89 109 40 48 62 87 61 96 63 86 21 18 97 65 
0 19 31 77 90 23 79 55 107 24 29 27 54 47 26 102 104 60 105 13 3 95 30 41 88 6 1 38 43 53 72 50 57 14 64 99 10 74 101 39 100 103 84 33 78 36 82 69 2 51 68 94 83 81 5 32 93 70 44 45 37 25 42 22 59 11 20 35 7 85 75 9 8 17 46 92 58 56 67 49 71 28 12 16 91 15 98 108 106 52 66 80 73 76 34 4 89 109 40 48 62 87 61 96 63 86 21 18 97 65 
0 19 31 77 90 23 79 55 107 24 29 27 54 92 46 17 8 9 75 85 7 35 20 11 59 22 42 25 37 45 44 70 93 32 5 81 83 94 68 51 2 69 82 36 67 49 71 28 12 16 91 15 98 108 106 52 66 80 73 76 34 4 89 109 40 48 62 87 61 96 63 86 104 102 26 47 58 56 78 33 84 103 100 39 101 74 10 99 64 14 57 50 72 53 43 38 1 6 88 41 30 95 3 13 105 60 21 18 97 65 
0 19 6 1 38 43 53 72 50 57 14 64 99 10 74 101 39 100 103 84 33 78 36 82 69 2 51 68 94 83 81 5 32 93 70 44 45 37 25 42 22 59 11 20 35 7 85 75 9 8 17 46 92 54 27 29 24 107 55 79 23 90 77 31 88 41 30 95 3 13 105 60 104 102 26 47 58 56 67 49 71 28 12 16 91 15 98 108 106 52 66 80 73 76 34 4 89 109 40 48 62 87 61 96 63 86 21 18 97 65 
0 19 31 77 90 23 79 55 107 24 29 27 54 92 46 17 8 9 75 85 7 35 20 11 59 22 42 25 37 45 44 70 93 32 5 81 83 94 68 51 2 69 82 36 78 33 84 103 100 39 101 74 10 99 64 14 57 50 72 53 43 38 1 6 88 41 30 95 3 13 105 60 65 97 18 21 86 63 96 61 87 62 48 40 109 89 4 34 76 73 80 66 52 106 108 98 15 91 16 12 28 71 49 67 56 58 47 26 102 104 
0 19 31 77 90 23 79 55 107 24 29 27 54 92 46 17 8 9 75 85 7 35 20 11 59 22 42 25 37 45 44 70 93 32 5 81 83 94 68 51 2 69 82 36 78 33 84 103 100 39 101 74 10 99 64 14 57 50 72 53 43 38 1 6 88 41 30 95 3 13 105 60 104 102 26 47 58 56 67 49 71 28 12 16 91 15 87 61 96 63 86 21 18 76 34 4 89 109 40 48 62 98 108 106 52 66 80 73 97 65 
0 19 31 77 90 23 79 55 107 24 29 27 54 92 46 17 8 9 75 85 7 35 20 11 59 22 42 25 37 45 44 70 93 32 5 81 83 3 13 105 60 104 102 26 47 58 56 67 49 71 28 12 16 91 15 98 108 106 52 66 80 73 76 34 4 89 109 95 94 68 51 2 69 82 36 78 33 84 103 100 39 101 74 10 99 64 14 57 50 72 53 43 38 1 6 88 41 30 40 48 62 87 61 96 63 86 21 18 97 65 
0 19 31 77 90 23 79 55 107 24 29 27 54 92 46 17 8 9 75 85 7 35 20 11 59 22 42 25 37 15 44 70 93 32 5 81 83 94 68 51 2 69 82 36 78 33 84 103 100 39 101 74 10 99 64 14 57 50 72 53 43 38 1 6 88 41 30 95 3 13 105 60 104 102 26 47 58 56 67 49 71 28 12 16 91 45 98 108 106 52 66 80 73 76 34 4 89 109 40 48 62 87 61 96 63 86 21 18 97 65 
0 19 31 77 90 23 79 55 107 67 56 58 47 26 102 104 60 105 13 3 95 30 41 88 6 1 38 43 53 72 50 57 14 64 99 10 74 101 39 100 103 84 33 78 36 82 69 2 51 68 94 83 81 5 32 93 70 44 45 37 25 42 22 59 11 20 35 7 85 75 9 8 17 46 92 54 27 29 24 49 71 28 12 16 91 15 98 108 106 52 66 80 73 76 34 4 89 109 40 48 62 87 61 96 63 86 21 18 97 65 
0 19 31 77 90 23 79 55 107 24 29 27 54 92 46 17 8 9 75 85 7 35 20 11 59 22 42 25 37 45 44 70 93 32 5 81 83 94 68 51 2 69 82 36 78 33 84 103 100 39 101 95 10 99 64 14 57 50 72 53 43 38 1 6 88 41 30 74 3 13 105 60 104 102 26 47 58 56 67 49 71 28 12 16 91 15 98 108 106 52 66 80 73 76 34 4 89 109 40 48 62 87 61 96 63 86 21 18 97 65 
0 19 31 77 90 23 79 55 107 24 29 27 54 92 46 17 8 9 75 85 7 35 30 95 3 13 105 60 104 102 26 47 58 56 67 49 71 28 12 16 91 15 98 108 106 52 66 80 73 76 34 4 89 109 40 48 62 87 61 96 63 86 21 18 97 65 20 11 59 22 42 25 37 45 44 70 93 32 5 81 83 94 68 51 2 69 82 36 78 33 84 103 100 39 101 74 10 99 64 14 57 50 72 53 43 38 1 6 88 41 
0 19 31 77 90 23 79 94 107 24 29 27 54 92 46 17 8 9 75 85 7 35 20 11 59 22 42 25 37 45 44 70 93 32 5 81 83 55 68 51 2 69 82 36 78 33 84 103 100 39 101 74 10 99 64 14 57 50 72 53 43 38 1 6 88 41 30 95 3 13 105 60 104 102 26 47 58 56 67 49 71 28 12 16 91 15 98 108 106 52 66 80 73 76 34 4 89 109 40 48 62 87 61 96 63 86 21 18 97 65 
0 19 31 77 90 23 79 55 107 24 29 27 54 92 46 17 8 9 75 85 7 35 20 11 59 22 42 25 37 45 44 70 93 47 5 81 83 94 68 51 2 69 82 36 78 33 84 103 100 39 101 74 10 99 64 14 57 50 72 53 43 38 1 6 88 41 30 95 3 13 105 60 104 102 26 32 58 56 67 49 71 28 12 16 91 15 98 108 106 52 66 80 73 76 34 4 89 109 40 48 62 87 61 96 63 86 21 18 97 65 
0 19 31 77 90 23 79 55 107 24 29 27 54 92 46 17 8 9 75 85 7 35 20 11 59 22 42 25 37 45 44 70 93 32 5 81 83 94 68 51 2 69 30 95 3 13 105 60 104 102 26 47 58 56 67 49 71 28 12 16 91 38 1 6 88 41 82 36 78 33 84 103 100 39 101 74 10 99 64 14 57 50 72 53 43 15 98 108 106 52 66 80 73 76 34 4 89 40 48 62 87 61 96 63 86 21 18 97 109 65 
0 19 31 77 90 23 79 55 107 24 29 27 54 92 46 17 8 9 75 85 7 35 20 11 66 22 42 25 37 45 44 70 93 32 5 81 83 94 68 51 2 69 82 36 78 33 84 103 100 39 101 74 10 99 64 14 57 50 72 53 43 38 1 6 88 41 30 95 3 13 105 60 104 102 26 47 58 56 67 49 71 28 12 16 91 15 98 108 106 52 59 80 73 76 34 4 89 109 40 48 62 87 61 96 63 86 21 18 97 65 
0 19 31 77 90 23 79 55 107 24 29 27 54 92 46 17 8 9 75 85 7 35 20 11 59 1 38 43 53 72 50 57 14 64 99 10 74 101 39 100 103 84 33 78 82 69 2 51 68 94 83 81 5 32 93 70 44 45 37 25 42 22 6 88 41 30 95 3 13 36 105 60 104 102 26 47 58 56 67 49 71 28 12 16 91 15 98 108 106 52 66 80 73 76 34 4 89 109 40 48 62 87 61 96 63 86 21 18 97 65 
0 19 31 77 90 23 79 55 107 24 29 27 54 92 46 17 8 9 75 85 7 35 20 11 59 22 42 25 37 45 44 70 93 32 5 81 83 94 68 51 2 69 82 36 78 33 84 103 100 39 101 74 10 99 64 14 57 50 72 53 43 38 1 6 88 41 30 95 3 13 105 60 104 102 26 47 58 56 86 49 71 28 12 16 91 15 98 108 106 52 66 80 73 76 34 4 89 109 40 48 62 87 61 96 63 67 21 18 97 65 
0 19 31 77 90 23 36 78 33 84 103 100 39 101 74 10 99 64 14 57 50 72 53 43 38 1 6 88 41 30 95 3 13 105 60 104 102 26 47 58 56 67 82 79 55 107 24 29 27 54 92 46 17 8 9 75 85 7 35 20 11 59 22 42 25 37 45 44 70 93 32 5 81 83 94 68 51 2 69 49 71 28 12 16 91 15 98 108 106 66 80 73 52 76 34 4 89 109 40 48 62 87 61 96 63 86 21 18 97 65 
0 19 31 77 90 23 79 55 107 24 29 27 54 92 46 17 8 75 85 7 35 20 11 59 22 42 25 37 45 44 70 93 32 5 81 83 94 68 51 2 69 82 36 78 33 84 67 56 58 47 9 26 102 104 60 105 13 3 95 30 41 88 6 1 38 43 53 72 50 57 14 64 99 10 74 101 39 100 103 49 71 28 12 16 91 15 98 108 106 52 66 80 73 76 34 4 89 109 40 48 62 87 61 96 63 86 21 18 97 65 
0 19 31 77 90 23 79 55 107 24 29 27 54 92 46 17 8 9 75 85 7 35 20 98 59 22 42 25 37 45 44 70 93 32 5 81 83 94 68 51 2 69 82 36 78 33 84 103 100 39 101 74 10 99 64 14 57 50 72 53 43 38 1 6 88 41 30 95 3 13 105 60 104 102 26 47 58 56 67 49 71 28 12 16 91 15 11 108 106 52 66 80 73 76 34 4 89 109 40 48 62 87 61 96 63 86 21 18 97 65 
0 19 31 77 90 23 79 55 107 24 29 27 54 92 46 17 8 9 75 85 7 35 20 11 59 22 42 25 37 45 49 71 28 12 16 91 15 98 108 106 52 66 80 73 76 34 4 89 109 40 48 62 87 61 96 63 86 21 18 97 43 38 1 6 88 41 30 95 3 13 105 60 104 102 26 47 58 56 67 44 70 93 32 5 81 83 94 68 51 2 69 82 36 78 33 84 103 100 39 101 74 10 99 64 14 57 50 72 53 65 
0 19 31 77 90 23 79 55 107 24 29 27 54 92 46 17 8 9 75 42 7 35 20 11 59 22 85 25 37 45 44 70 93 32 5 81 83 94 68 51 2 61 82 36 78 33 84 103 100 39 101 74 10 99 64 14 57 50 72 53 43 38 1 6 88 41 30 95 3 13 105 60 104 102 26 47 58 56 67 49 71 28 12 16 91 15 98 108 106 52 66 80 73 76 34 4 89 109 40 48 62 87 69 96 63 86 21 18 97 65 
0 19 31 77 90 23 79 55 107 24 29 27 54 92 46 17 8 9 75 85 7 35 20 11 59 42 25 37 45 44 70 93 32 5 81 83 94 68 51 2 69 82 36 78 33 84 103 100 39 101 74 10 99 64 14 57 50 72 53 43 38 1 6 88 41 30 95 47 26 102 104 60 105 13 3 58 56 67 22 49 71 28 12 16 91 15 98 108 106 52 66 80 73 76 34 4 89 109 40 48 62 87 61 96 63 21 18 97 86 65 
0 19 31 77 90 23 79 55 107 24 29 27 54 92 46 17 8 9 75 85 7 35 20 11 59 22 42 25 37 45 44 70 93 32 5 81 83 94 68 51 2 69 82 36 78 33 84 103 100 39 101 74 10 99 64 14 57 50 72 53 43 38 1 6 88 41 30 95 3 13 105 60 104 102 26 47 58 21 67 49 71 28 12 16 91 15 98 108 106 52 66 80 73 76 34 4 89 109 40 48 62 87 61 96 63 86 56 18 97 65 
0 19 31 77 90 23 79 55 107 24 29 27 54 92 46 17 8 9 75 85 7 35 20 11 59 22 42 25 63 96 61 87 62 48 40 109 89 4 34 76 73 80 52 106 108 98 15 91 16 12 28 71 49 67 56 58 47 26 102 104 60 105 13 3 95 30 41 88 6 1 38 43 53 72 50 57 14 64 99 10 74 101 39 100 103 84 33 78 36 82 69 2 51 68 94 83 81 5 32 93 70 44 45 37 86 21 18 97 66 65 
0 19 31 77 90 23 79 55 107 24 29 27 54 92 46 17 8 88 41 30 95 3 13 105 60 104 102 26 47 58 56 67 49 71 28 12 16 91 15 98 108 106 52 66 80 73 76 34 4 109 40 48 62 87 61 96 63 86 21 18 53 43 38 1 6 9 75 85 7 35 20 11 59 22 42 25 37 45 44 70 93 32 5 81 83 94 68 51 2 69 82 36 78 33 84 103 100 39 101 74 10 99 64 14 57 50 72 89 97 65 
0 19 31 77 90 61 79 55 107 24 29 27 54 92 46 17 8 9 75 85 7 35 20 11 59 22 42 25 37 45 44 70 93 32 5 81 83 94 68 51 2 69 82 36 78 33 84 103 100 39 101 74 10 99 64 14 57 50 72 53 43 38 1 6 88 41 30 95 3 13 105 60 104 102 26 47 58 56 67 49 71 28 12 16 91 15 98 108 106 52 66 80 73 76 34 4 89 109 40 48 62 87 23 96 63 86 21 18 65 97 
0 19 31 77 90 23 79 55 107 24 29 27 54 92 46 17 8 9 75 85 7 35 20 11 59 22 42 25 37 45 44 70 93 32 5 81 83 94 68 2 69 82 36 78 33 84 103 100 39 101 74 10 99 64 14 57 50 72 53 43 38 1 6 88 41 30 95 3 13 105 76 34 4 89 109 56 48 67 49 71 28 12 16 91 15 98 108 106 52 66 80 73 60 104 102 26 47 58 40 62 51 87 61 96 63 86 21 18 97 65 
0 19 31 77 90 23 79 55 107 24 29 27 38 108 43 53 72 50 57 14 64 99 10 74 101 39 100 103 84 33 78 36 82 69 2 51 68 94 83 81 5 32 93 70 44 45 37 25 42 22 59 11 20 35 7 85 75 9 8 17 46 92 54 1 6 88 41 30 95 3 13 105 60 104 102 26 47 58 56 67 49 71 28 12 16 4 34 76 73 80 66 52 106 98 15 91 89 109 40 48 62 87 61 96 63 86 21 18 97 65 
0 19 36 77 90 23 79 55 107 24 29 27 54 92 46 17 8 9 75 85 7 35 20 11 59 22 42 25 37 45 44 70 93 32 5 81 83 94 68 51 2 69 82 31 78 33 84 103 100 39 101 74 10 99 64 14 57 50 72 53 43 38 1 6 88 41 30 95 3 13 105 60 104 102 26 47 58 56 67 49 71 28 12 16 91 15 98 108 106 52 66 80 73 76 34 4 89 109 40 48 62 87 61 96 63 86 21 18 97 65 
0 19 31 77 90 23 79 55 107 24 29 27 54 92 46 17 8 9 75 85 7 35 20 11 59 22 42 25 28 45 44 70 93 32 5 81 83 94 68 51 2 69 82 36 78 33 84 103 100 39 101 74 10 99 64 14 50 72 53 43 38 1 6 88 41 30 95 3 13 105 60 104 102 26 47 58 56 67 49 37 71 12 16 91 15 98 108 106 52 66 80 73 76 34 4 89 109 40 48 62 87 57 61 96 63 86 21 18 97 65 
0 19 31 77 90 23 79 55 107 24 29 27 54 92 46 17 81 5 32 93 70 44 45 37 25 42 22 59 11 20 57 7 85 75 9 8 83 94 68 51 2 69 82 36 78 33 84 103 100 39 101 74 10 99 64 14 35 50 72 53 43 38 1 6 88 41 30 95 3 13 105 60 104 102 26 47 58 56 67 49 71 28 12 16 91 15 98 108 106 52 66 80 73 76 34 4 89 109 40 48 62 87 61 96 63 86 21 18 97 65 
0 19 31 77 90 23 69 79 55 107 24 29 27 54 92 46 17 8 9 75 85 7 35 20 11 59 22 42 25 37 45 44 70 93 32 5 81 83 68 94 51 2 82 36 78 33 84 103 100 39 101 74 10 99 64 14 57 50 72 53 43 38 1 6 88 41 30 95 3 13 105 40 104 102 26 47 58 56 67 49 71 28 12 16 91 15 98 108 106 52 66 80 73 76 34 4 89 109 60 48 62 87 61 96 63 86 21 18 97 65 
0 19 31 77 90 23 79 55 107 24 29 27 54 92 46 17 8 9 85 7 35 20 11 59 22 42 25 37 45 44 70 93 32 5 81 83 94 68 51 2 69 75 82 36 78 33 84 103 100 39 101 74 10 99 64 14 57 50 97 53 43 38 1 6 88 41 30 95 3 13 105 60 104 102 26 47 58 56 67 49 71 28 12 16 91 15 98 108 106 52 66 80 73 76 34 4 89 109 40 48 62 87 61 96 63 86 21 18 72 65 
0 19 31 77 90 23 79 55 107 24 29 27 54 92 46 17 8 9 75 85 67 35 20 11 59 22 42 25 37 45 44 70 93 32 5 81 83 94 68 51 2 69 82 36 78 33 84 103 100 39 101 74 10 99 64 14 57 50 72 53 43 38 1 6 88 41 30 95 3 13 105 60 104 102 26 47 58 56 7 49 71 28 12 16 91 15 98 108 106 52 66 80 73 76 34 4 89 109 40 48 62 87 61 96 63 86 21 18 97 65 
0 19 31 77 90 23 79 55 72 53 43 38 89 6 88 41 30 95 3 13 105 60 104 102 26 47 58 56 67 49 71 28 12 16 91 15 98 108 106 52 66 80 73 76 34 4 1 109 40 48 62 87 61 96 63 86 21 18 107 24 29 27 54 92 46 17 8 9 75 85 7 35 20 11 59 22 42 25 37 45 44 70 93 32 5 81 83 94 68 51 2 69 82 36 78 33 84 103 100 39 101 74 10 99 64 14 57 50 97 65 
0 19 31 77 90 23 79 55 107 24 29 27 54 92 46 8 9 75 85 7 35 20 11 59 22 42 25 37 45 44 70 93 32 5 81 83 94 68 51 2 69 82 36 78 33 84 103 100 39 101 74 10 99 64 14 57 50 72 53 43 38 1 6 88 17 41 30 95 13 105 60 104 102 26 47 58 56 67 49 71 28 12 16 91 15 98 108 106 52 66 80 73 76 34 3 4 89 109 40 48 62 87 61 96 63 86 21 18 97 65 
0 19 31 77 90 23 79 55 107 73 29 27 54 92 46 17 8 9 75 85 7 35 20 11 59 22 42 25 37 45 44 70 93 32 5 81 83 94 68 51 2 69 82 36 78 33 84 103 100 39 101 74 10 99 64 14 57 50 72 53 43 38 1 6 88 41 30 95 3 13 105 60 104 102 26 47 58 56 67 49 71 28 12 16 91 15 98 108 106 52 66 80 24 76 34 4 89 109 40 48 62 87 61 96 63 86 21 18 97 65 
0 19 37 25 42 22 59 11 20 35 7 85 75 64 8 17 46 92 54 27 29 24 107 55 79 23 90 77 31 45 44 70 93 32 5 81 83 94 68 51 2 69 82 36 78 33 84 103 100 39 101 74 10 99 9 14 57 50 72 53 43 38 1 6 88 41 30 95 3 13 105 60 104 102 26 47 58 56 67 49 71 28 12 16 91 15 98 108 106 52 66 80 73 76 34 4 89 109 40 48 62 87 61 96 63 86 21 18 97 65 
0 19 31 77 90 23 79 55 107 24 29 27 54 92 46 17 8 9 75 85 7 35 20 11 59 22 42 25 37 45 44 70 16 32 5 81 83 94 68 51 2 82 36 78 33 84 103 100 39 101 74 10 99 64 14 57 50 72 53 43 38 1 6 88 41 30 95 105 13 3 60 104 102 26 47 58 56 67 49 71 28 12 93 91 15 98 108 106 52 66 80 73 76 34 4 89 109 40 48 62 87 61 96 63 86 21 18 97 65 69 
0 19 31 77 74 10 99 64 14 57 50 58 53 43 38 1 6 88 41 30 95 3 13 105 60 104 102 26 47 72 56 67 49 71 28 12 16 91 15 98 108 106 52 66 80 73 76 34 4 39 101 90 23 79 55 107 24 29 27 54 92 46 17 8 9 75 85 7 35 20 11 59 22 42 25 37 45 44 70 93 32 5 81 83 94 68 51 2 69 82 36 78 33 84 103 100 89 109 40 48 62 87 61 96 63 86 21 18 97 65 
0 19 31 77 90 23 10 99 64 14 57 50 72 92 46 17 8 9 75 85 7 35 20 11 59 22 42 25 37 45 44 70 93 32 5 81 83 94 68 51 2 69 82 36 78 33 84 103 100 39 101 74 79 55 107 24 29 27 54 53 43 38 1 6 88 41 30 95 3 13 105 60 104 102 26 47 58 56 67 49 71 28 12 16 91 15 98 108 106 52 66 80 73 76 34 4 89 109 40 48 62 87 61 96 63 86 21 18 97 65 
0 19 31 77 90 23 79 55 107 24 29 27 54 92 46 17 8 9 75 85 7 35 20 11 59 22 42 25 37 45 44 70 93 32 5 81 83 94 68 51 2 69 82 36 78 33 84 103 100 39 101 60 104 102 26 14 57 50 72 53 43 38 1 6 88 41 30 95 3 13 105 74 10 99 64 47 58 56 67 49 96 28 12 16 91 15 98 108 106 52 66 80 73 76 34 4 89 109 40 48 62 87 61 71 63 86 21 18 97 65 
0 19 31 77 90 23 79 55 107 24 29 27 54 92 46 17 16 9 75 85 7 35 20 11 59 22 42 25 37 45 44 70 93 32 5 81 83 94 68 51 2 69 82 36 78 33 84 103 100 39 101 74 10 99 64 14 57 50 72 53 43 38 1 6 88 41 30 95 3 13 105 60 104 102 26 47 58 56 67 49 71 28 12 8 91 15 98 108 106 52 66 80 73 76 34 4 89 109 40 48 62 87 61 96 63 86 21 18 97 65 
0 19 31 77 90 41 30 95 3 13 105 60 104 102 26 47 58 56 67 49 71 28 12 16 91 15 98 108 106 52 66 80 73 76 34 4 89 109 40 48 62 87 61 96 63 86 21 103 100 39 101 74 10 99 64 14 57 50 72 53 43 38 1 6 88 23 79 55 107 24 29 27 54 92 46 17 8 9 75 85 7 35 20 11 59 22 42 25 37 45 44 70 93 32 5 81 83 94 68 51 2 69 82 36 78 33 84 18 97 65 
0 19 31 77 90 23 79 55 107 24 29 27 54 92 46 17 8 9 75 85 7 35 20 11 59 22 42 25 37 45 44 70 32 5 81 83 94 68 51 2 69 82 36 63 33 84 103 100 39 101 74 10 99 64 14 57 50 72 53 43 38 1 6 88 41 30 93 95 3 13 105 60 104 102 26 47 58 56 67 49 71 28 12 16 91 15 98 108 106 52 66 80 73 76 34 4 89 109 40 48 62 87 61 96 78 86 21 18 97 65 
0 19 31 77 90 23 79 55 107 24 29 27 54 92 46 17 8 9 75 85 7 35 20 11 89 22 42 25 37 45 44 70 93 32 5 81 83 94 68 51 2 69 82 36 78 33 84 103 100 39 101 74 10 99 64 14 57 50 72 53 43 38 1 3 95 30 41 88 6 13 105 60 102 26 47 58 56 67 71 28 12 16 91 15 98 108 106 52 66 80 73 34 76 4 104 59 109 40 48 62 87 61 96 63 86 49 21 18 97 65 
0 19 31 77 90 23 79 55 107 24 29 27 54 92 46 17 8 9 75 85 7 35 20 11 59 22 42 25 37 45 44 70 63 32 5 81 83 94 68 51 2 69 82 36 78 33 84 103 100 39 101 74 10 99 64 14 57 50 72 53 43 38 1 6 88 41 30 95 3 13 105 60 104 102 26 47 58 80 56 67 49 71 28 12 16 91 15 98 108 106 52 66 73 76 34 4 89 109 40 48 62 87 61 96 93 21 18 97 65 86 
0 19 31 77 52 106 108 98 51 91 16 12 28 71 49 107 90 23 79 55 24 29 27 54 92 46 17 8 9 75 85 7 35 20 11 59 22 42 25 37 45 44 70 93 32 5 81 83 94 68 15 2 69 82 36 78 33 84 103 100 39 101 74 10 99 64 14 57 50 72 53 43 38 1 6 88 41 30 95 3 13 105 60 104 102 26 47 58 56 67 66 80 73 76 34 4 89 109 40 48 62 87 61 96 63 86 21 18 97 65 
0 19 31 77 90 23 79 55 107 24 29 27 54 92 46 17 8 9 75 85 7 35 20 11 59 22 42 25 37 45 44 70 93 32 5 81 83 94 68 51 69 82 36 78 33 84 103 100 39 101 74 10 99 64 14 57 50 72 53 43 38 1 6 88 41 30 95 3 13 105 2 48 62 87 104 102 26 58 56 67 49 71 28 12 16 91 15 98 108 106 52 66 80 73 76 34 4 89 109 40 60 61 96 63 86 21 47 18 97 65 
0 19 31 77 90 23 79 55 107 24 29 27 54 92 46 17 108 9 75 85 7 35 20 36 82 69 2 51 11 59 22 42 25 37 45 44 70 93 32 5 81 83 94 68 78 33 84 103 100 39 101 74 10 99 64 14 57 50 72 53 43 38 1 6 88 41 30 95 3 13 105 60 104 102 26 47 58 56 67 49 28 71 12 16 91 15 98 8 106 52 66 80 73 76 34 4 89 109 40 48 62 87 61 96 63 86 21 18 97 65 
0 19 31 77 90 23 79 55 107 24 29 27 54 92 46 17 8 9 75 85 7 35 20 11 59 22 42 25 37 45 44 70 93 32 5 81 83 94 68 51 2 69 38 1 6 33 84 103 100 40 109 89 4 34 76 86 63 96 61 87 62 48 13 3 95 30 41 88 78 36 82 43 53 72 50 57 14 64 99 10 74 101 39 105 60 104 102 26 47 58 56 67 49 71 28 12 16 91 15 98 108 106 52 66 80 73 21 18 97 65 
0 19 31 77 90 23 79 55 107 24 29 27 4 92 46 17 8 9 75 85 7 35 20 11 59 22 42 25 37 45 44 70 93 32 5 81 83 94 68 51 2 69 82 36 78 33 84 103 100 39 101 74 10 99 64 14 57 50 72 53 43 38 1 6 88 41 30 95 3 13 105 60 104 102 26 47 58 56 67 49 71 28 12 16 91 15 98 108 106 52 66 80 76 34 54 89 109 40 48 62 87 61 96 63 86 21 18 97 73 65 
0 19 31 77 90 23 79 55 107 24 29 27 54 92 46 17 8 9 26 85 7 35 20 11 59 22 42 25 37 45 44 70 93 32 5 81 83 94 68 51 2 69 82 36 78 33 84 103 100 39 101 74 10 99 64 14 57 50 72 53 43 38 1 6 88 41 30 95 3 13 105 60 104 102 75 47 58 56 67 49 71 28 12 16 91 15 98 108 106 52 66 80 73 76 34 4 89 48 40 109 62 87 61 96 63 86 21 18 97 65 
0 19 31 77 90 23 72 53 43 38 84 1 6 88 41 30 95 3 13 105 60 104 102 26 47 58 56 67 49 71 28 12 16 91 15 98 108 106 52 66 80 73 76 34 4 89 109 100 39 101 74 10 99 64 14 57 50 79 55 107 24 27 54 92 46 17 8 9 75 85 7 35 20 11 59 22 42 25 37 45 44 70 29 93 32 5 81 83 94 68 51 2 69 82 36 78 33 103 40 48 62 87 61 96 63 86 21 18 97 65 
0 19 31 77 90 23 79 55 107 24 29 27 54 52 16 12 28 71 49 67 56 58 47 26 102 104 106 108 101 74 10 99 64 14 57 50 72 53 43 38 1 6 88 41 30 95 3 13 105 60 76 34 4 89 109 40 48 62 87 61 96 63 91 15 98 39 100 103 84 33 78 36 82 69 2 51 68 94 83 81 5 32 93 70 44 45 37 25 42 22 59 11 20 35 7 85 75 9 8 17 46 92 66 80 73 86 21 18 97 65 
0 19 31 77 90 23 79 55 107 24 29 27 54 92 46 17 8 9 75 85 7 35 20 11 59 22 42 25 37 45 44 70 93 32 5 81 83 94 68 51 2 69 82 36 78 33 84 103 100 39 101 13 10 99 64 14 57 50 76 34 4 89 109 40 48 62 87 61 96 63 86 21 18 97 26 47 58 56 67 49 71 28 12 16 91 15 98 108 106 52 66 80 73 72 53 43 38 1 6 88 41 30 95 3 74 105 60 104 102 65 
0 19 31 77 90 23 79 55 107 24 27 54 92 46 17 8 9 75 85 28 71 49 67 56 58 47 26 102 104 60 105 13 3 29 95 30 41 88 6 1 38 43 53 72 50 57 14 64 99 10 74 101 39 100 103 84 33 78 36 82 69 2 51 68 94 83 81 5 32 93 70 44 45 37 25 42 22 59 11 20 35 7 12 16 91 15 98 108 106 52 66 80 73 76 34 4 89 109 40 48 62 87 61 96 63 86 21 18 97 65 
0 19 31 77 90 23 79 55 107 24 29 27 54 92 46 17 8 9 75 85 7 35 20 11 59 34 42 25 37 45 44 70 93 32 5 81 1 94 68 51 2 69 82 36 78 33 84 83 103 100 39 101 74 10 99 64 14 57 50 72 53 43 38 6 88 30 95 3 13 105 60 104 102 26 47 58 56 67 49 71 28 12 16 91 15 98 108 106 52 66 80 73 76 22 4 89 109 40 48 62 87 61 41 96 63 86 21 18 97 65 
0 19 31 77 90 28 79 55 107 24 29 27 54 92 46 17 8 9 75 85 7 35 20 11 59 22 42 25 37 45 44 70 93 32 5 81 83 94 68 51 2 69 82 36 78 33 84 103 100 39 101 74 10 99 64 14 57 50 72 53 43 38 1 6 88 41 30 95 3 13 105 60 104 102 26 47 58 56 67 49 71 23 12 16 91 15 98 108 106 52 66 80 73 76 34 4 89 109 40 48 62 87 61 96 63 86 21 18 97 65 
0 19 31 77 90 23 79 55 107 24 29 58 54 92 46 17 8 9 75 85 7 35 20 11 59 22 42 25 37 45 44 70 93 32 5 81 83 94 68 51 2 69 82 36 78 33 84 103 100 39 101 74 10 99 64 14 57 50 72 53 43 38 1 6 88 41 30 95 3 13 105 60 104 102 26 47 27 56 67 49 71 28 12 16 91 15 98 108 106 52 66 80 73 76 34 4 89 109 40 48 62 87 61 96 63 86 21 18 97 65 
0 19 31 77 90 23 79 55 107 24 29 27 54 92 46 17 8 9 75 85 7 35 20 11 59 22 42 25 37 45 44 70 93 32 105 60 104 102 26 47 58 43 56 67 49 71 28 12 16 91 15 98 108 106 66 73 76 34 4 89 109 40 48 62 87 61 96 95 3 13 5 81 83 94 68 51 2 69 82 36 78 33 84 103 100 39 101 74 10 99 64 14 57 50 72 53 80 38 1 6 88 41 30 63 86 21 52 18 97 65 
0 19 31 77 90 23 79 55 107 24 29 58 47 26 102 104 60 105 13 3 95 30 41 88 6 1 38 43 53 72 50 57 14 64 99 10 74 101 39 100 103 84 33 78 36 82 97 2 51 68 94 83 81 5 32 93 70 44 45 37 25 42 22 59 11 20 35 7 85 75 9 8 17 46 92 54 27 56 67 49 71 28 12 16 91 15 98 108 106 52 66 80 73 76 34 4 89 109 40 48 62 87 61 96 63 86 21 18 69 65 
0 19 31 77 90 23 79 55 107 24 29 27 54 92 46 17 8 9 75 85 7 35 20 11 59 22 42 25 37 45 103 84 33 78 36 82 69 2 51 68 94 83 81 105 32 93 70 44 89 101 74 10 99 64 14 57 50 72 53 100 39 43 38 1 6 88 41 30 95 3 13 5 60 104 102 26 47 58 56 67 49 71 28 12 16 91 15 98 108 106 52 66 80 73 76 34 4 109 40 48 62 87 61 96 63 86 21 18 97 65 
0 19 31 77 90 23 79 55 107 24 29 27 54 92 46 17 9 75 85 7 35 20 11 59 10 42 25 37 45 44 70 93 32 5 81 83 94 68 51 2 69 82 36 78 33 84 103 100 39 101 74 22 99 64 14 57 50 72 53 43 38 1 6 88 41 30 95 3 13 105 60 104 102 26 8 47 58 56 67 49 71 28 12 16 91 15 98 108 106 52 66 80 73 76 34 4 89 109 40 48 62 87 61 96 63 86 21 18 97 65 
0 19 31 77 90 23 79 55 107 24 29 27 54 92 46 17 8 9 75 85 7 35 38 11 59 22 42 25 37 45 44 70 93 32 5 81 83 94 68 51 2 69 82 36 78 33 84 103 100 39 96 61 87 62 48 40 109 89 4 34 76 73 80 66 52 106 108 98 15 91 16 12 28 71 49 67 56 58 47 26 102 104 60 105 13 3 95 30 41 88 6 1 20 43 53 72 50 57 14 64 99 10 74 101 63 86 21 18 97 65 
0 19 31 77 90 23 79 58 107 24 29 27 54 92 46 17 8 9 75 85 7 35 20 11 59 22 42 25 37 45 44 70 93 32 5 81 83 94 68 51 2 69 82 36 78 33 84 103 100 39 101 74 10 99 64 14 57 50 72 53 43 38 1 6 88 41 30 95 3 13 105 60 104 102 26 47 55 56 67 49 71 28 12 16 91 15 98 108 106 52 66 80 73 76 34 4 89 109 40 48 62 87 61 96 63 86 21 18 97 65 
0 19 31 77 90 23 79 55 107 24 27 54 92 46 17 8 9 75 85 7 35 20 11 59 22 42 57 50 12 53 43 38 1 29 6 88 41 30 95 3 13 105 60 78 33 84 103 100 39 101 74 10 99 64 14 25 37 45 44 70 93 32 5 81 83 94 68 51 2 69 82 36 104 102 26 47 58 56 67 49 71 28 72 16 91 15 98 108 106 52 66 80 73 76 34 4 89 109 40 48 62 87 61 96 63 86 21 18 97 65 
0 19 31 77 90 23 79 55 107 24 29 27 54 92 46 17 8 9 75 85 7 35 20 11 59 22 42 73 37 45 44 70 93 32 5 81 83 94 68 51 2 69 82 36 78 33 84 103 100 39 101 74 76 25 80 66 52 106 108 98 15 91 16 12 28 71 49 67 56 58 47 26 102 61 60 105 13 3 95 30 41 88 6 1 38 43 53 72 50 57 14 64 99 10 34 4 89 109 40 48 62 87 104 96 63 86 21 18 97 65 
0 19 31 77 90 23 79 55 107 24 29 27 54 92 46 17 8 9 75 85 7 35 20 11 59 22 42 25 37 6 88 41 30 95 3 13 105 60 104 102 26 47 58 56 78 33 84 103 100 39 101 74 10 99 64 14 57 50 72 53 43 38 1 45 44 70 93 32 5 81 83 94 68 51 2 69 82 36 67 49 71 28 12 16 91 15 96 108 106 52 66 80 73 76 34 4 89 109 40 48 62 87 61 98 63 86 21 18 97 65 
0 19 31 77 90 23 79 55 107 24 29 27 54 92 46 17 8 9 75 85 7 35 106 11 59 22 42 25 37 45 44 70 93 32 5 81 83 94 68 51 2 69 82 36 78 33 84 103 100 39 101 74 10 99 64 14 57 50 72 53 43 38 1 6 41 30 95 3 13 20 108 98 91 16 12 28 71 49 67 56 58 47 26 88 102 104 60 105 52 66 80 73 76 34 4 89 109 40 48 62 87 61 96 63 86 21 18 15 97 65 
0 19 31 77 90 23 79 55 24 29 27 54 92 46 17 8 9 75 85 7 41 30 95 3 1 38 43 53 72 50 57 14 64 99 10 74 101 39 100 103 84 33 78 36 82 69 2 51 68 94 83 81 5 32 93 70 44 45 37 25 42 22 59 11 20 35 88 6 13 105 60 102 26 47 58 56 67 49 71 28 12 16 91 107 15 98 108 106 52 66 80 73 34 76 4 89 109 40 104 48 62 87 61 96 63 86 21 18 97 65 
0 108 31 77 90 23 79 55 107 24 29 27 54 92 46 17 8 9 75 85 7 35 20 11 59 22 42 25 37 45 44 70 93 32 5 81 83 94 68 51 2 69 82 36 78 33 84 103 100 39 101 74 10 99 64 14 57 50 72 53 43 38 1 6 88 41 30 95 3 4 34 76 73 80 66 52 106 19 98 15 91 16 12 28 71 49 67 56 58 47 26 102 104 60 105 13 89 109 40 48 62 87 61 96 63 86 21 18 97 65 
0 19 1 77 90 23 79 55 107 24 29 27 54 92 46 17 8 9 75 85 7 35 20 11 59 22 42 25 37 45 44 70 93 32 5 81 83 94 68 51 69 82 36 78 33 84 103 100 39 101 74 10 99 64 14 57 50 72 53 43 38 31 6 88 41 30 95 3 13 105 60 104 102 26 47 58 56 67 49 71 28 12 16 2 91 15 98 108 106 52 66 80 73 76 34 4 89 109 40 48 62 87 61 96 63 86 21 18 97 65 
0 19 31 77 90 23 79 55 107 24 29 27 54 92 3 17 8 9 75 85 7 35 20 11 59 22 42 25 37 45 44 70 93 32 5 81 83 94 68 51 2 69 82 36 78 33 84 103 100 39 101 74 10 99 64 14 57 50 72 53 43 38 1 6 88 41 30 95 46 13 105 60 104 102 26 47 58 56 67 49 71 28 12 16 91 15 98 108 106 52 66 80 73 76 34 4 89 109 40 48 62 87 61 96 63 86 21 18 97 65 
0 19 31 34 4 38 1 6 88 41 30 95 32 5 81 83 94 68 51 2 69 82 36 78 33 84 103 100 39 101 74 10 99 64 14 57 50 72 53 43 89 109 40 48 62 87 61 96 63 86 21 18 97 65 52 66 80 73 76 77 90 23 79 55 107 24 29 27 54 92 46 17 8 9 75 85 7 35 20 11 59 22 42 25 37 45 44 70 93 3 13 105 60 104 102 26 47 58 56 67 49 71 28 12 16 91 15 98 108 106 
0 19 31 77 90 23 79 55 107 24 29 27 54 92 64 17 8 9 75 85 7 35 20 11 59 22 42 25 37 45 109 89 4 34 76 73 80 66 52 106 108 98 15 91 16 12 28 71 49 56 58 47 26 102 104 60 105 46 44 70 93 32 5 81 83 94 68 51 2 69 82 36 78 33 14 57 50 72 101 74 10 99 84 103 100 39 53 43 38 1 6 88 41 30 95 3 40 13 67 48 62 87 61 96 63 86 21 18 97 65 
0 19 31 77 90 23 79 55 107 86 29 27 54 92 46 17 8 9 75 85 7 35 20 11 59 22 42 25 37 45 44 70 93 32 13 105 60 104 1 102 26 47 58 56 67 33 84 103 100 39 101 74 10 99 64 14 57 50 72 53 43 38 6 88 41 30 95 3 5 81 83 94 68 51 2 69 82 36 78 49 71 28 12 16 91 15 98 108 106 52 66 80 73 76 34 4 89 109 40 48 62 87 61 96 63 24 21 18 97 65 
0 19 31 98 15 91 63 96 61 87 62 48 40 109 89 4 34 76 60 105 13 3 95 30 41 88 6 1 38 43 53 72 50 57 14 64 99 10 74 101 39 100 103 84 33 78 36 82 69 2 77 90 23 79 55 107 24 29 27 92 46 17 8 9 75 85 7 35 20 11 59 22 42 25 37 45 44 70 93 32 5 81 83 94 68 51 104 102 26 47 58 56 67 49 71 28 12 54 16 108 106 52 66 80 73 86 21 18 97 65 
0 19 31 77 90 23 79 55 107 24 29 27 54 44 46 17 8 9 75 7 35 20 11 59 22 42 25 37 45 92 70 88 85 6 1 38 43 53 72 50 57 14 64 99 10 74 101 39 100 103 84 33 78 36 82 69 2 51 68 94 83 81 5 32 93 41 30 95 3 13 105 60 104 102 26 47 58 56 96 67 49 71 28 12 16 91 15 98 108 106 52 66 80 73 76 34 4 89 109 40 48 62 87 61 63 86 21 18 97 65 
0 19 31 53 43 38 1 6 88 77 90 23 79 55 107 24 29 27 54 92 46 17 8 9 75 85 7 35 13 11 59 22 42 25 37 45 44 68 94 83 81 5 32 93 70 51 2 69 82 36 78 33 84 103 100 39 101 74 10 99 64 14 57 50 72 41 30 95 3 20 105 60 104 102 26 47 58 56 67 49 71 28 12 16 91 15 98 108 106 52 66 80 73 76 34 4 89 109 40 48 62 87 61 96 63 86 21 18 97 65 
0 19 31 77 14 46 92 54 27 29 24 107 55 79 23 90 57 50 72 53 43 38 1 11 59 22 42 25 37 45 44 70 93 32 5 81 83 94 68 51 2 69 82 36 78 33 84 103 100 39 101 74 10 99 64 17 8 9 75 85 7 35 20 6 88 41 30 95 3 13 89 4 34 76 73 80 66 52 106 108 98 15 91 16 12 28 71 49 67 56 58 47 26 102 104 60 105 109 40 48 62 87 61 96 63 86 21 18 97 65 
0 19 31 77 90 23 104 55 107 24 29 27 54 92 46 17 8 9 75 85 7 35 20 11 59 22 42 25 37 45 44 70 93 32 5 81 83 94 68 51 2 69 82 36 78 33 84 103 100 39 101 74 10 99 64 14 57 50 13 53 38 1 6 88 43 41 30 95 3 72 105 60 79 102 26 47 58 56 67 49 71 28 12 16 91 15 98 108 106 52 66 80 73 76 34 4 89 109 40 48 62 87 61 96 63 86 21 18 97 65 
0 19 31 77 90 23 79 55 107 24 29 27 54 92 84 103 100 39 101 74 10 99 20 11 59 22 38 43 53 72 50 57 14 64 35 7 85 75 9 8 17 46 33 78 36 82 69 2 51 68 94 83 104 5 32 93 70 44 45 37 25 42 1 6 88 41 30 95 3 13 105 60 81 102 26 47 58 56 67 49 71 28 12 16 91 15 98 108 106 52 66 80 73 76 34 4 89 109 40 48 62 87 61 96 63 86 21 18 97 65 
0 19 31 77 90 23 13 55 107 24 29 27 54 92 46 17 8 9 75 85 7 35 20 11 59 22 42 25 37 45 44 70 93 32 47 26 102 104 60 105 79 3 95 30 41 88 6 1 38 43 53 72 50 57 14 64 39 10 74 101 99 100 103 84 33 78 36 82 69 2 51 68 94 83 81 5 58 56 67 49 71 28 12 16 91 15 98 108 106 52 66 80 73 76 34 4 89 109 40 48 62 87 61 96 63 86 21 18 97 65 
0 19 31 77 90 49 67 56 58 24 29 27 54 92 46 17 8 9 75 85 7 35 20 11 59 22 42 25 37 45 44 70 93 32 5 81 83 94 68 51 2 69 82 36 78 33 84 103 100 39 101 74 10 99 64 14 57 50 72 53 43 38 1 6 88 41 30 91 3 13 89 4 34 76 73 80 66 52 106 108 98 15 95 16 12 28 71 23 79 55 107 47 26 102 104 60 105 109 40 48 62 87 61 96 63 86 21 18 97 65 
0 19 31 77 90 23 79 70 44 45 37 25 42 22 59 11 20 35 7 85 75 67 8 17 46 55 107 24 29 27 54 92 6 88 41 30 95 3 13 105 60 104 78 36 82 69 2 51 68 94 83 81 5 32 93 9 1 38 43 53 72 87 86 63 96 61 62 48 40 109 89 4 34 76 73 80 66 52 106 108 98 15 91 16 12 28 71 49 56 58 47 26 102 33 84 103 100 39 101 74 10 99 64 14 57 50 21 18 97 65 
0 19 31 77 90 23 79 55 107 53 43 38 1 6 88 41 30 95 3 13 105 60 104 102 26 47 58 56 67 49 71 28 12 33 91 15 98 108 106 52 66 80 73 76 29 4 89 109 40 48 62 87 61 96 100 39 101 74 10 99 64 14 57 50 72 24 34 27 54 92 46 17 8 9 75 85 7 35 20 11 59 22 42 25 37 45 44 70 93 32 5 81 83 94 68 51 2 69 82 36 78 16 84 103 63 86 21 18 97 65 
0 19 107 77 90 23 79 55 31 24 29 27 54 92 46 52 106 108 98 15 91 16 12 28 21 18 97 65 17 8 9 75 85 7 35 20 50 11 59 22 42 25 37 45 44 70 93 32 5 81 83 94 68 51 39 100 103 84 33 78 96 63 86 71 49 67 56 58 47 26 102 104 60 105 13 3 95 30 41 88 6 1 38 43 53 72 57 14 64 99 10 74 101 2 69 82 36 61 87 62 48 40 109 89 4 34 76 73 80 66 
0 19 31 77 90 23 79 55 107 24 29 27 54 92 106 17 8 9 85 7 35 20 11 59 22 42 25 37 45 44 70 93 32 5 81 83 94 68 51 2 97 82 36 78 33 84 103 100 39 101 74 10 99 75 64 14 57 50 72 53 43 38 1 6 88 41 30 95 3 13 105 60 104 102 26 47 58 56 67 49 71 28 12 16 91 15 98 108 46 52 66 80 73 76 34 4 89 109 40 48 62 87 61 96 63 86 21 18 69 65 
0 76 31 77 90 23 79 55 107 24 29 53 43 38 1 6 88 41 30 95 3 13 105 60 102 26 47 58 56 67 49 71 28 12 16 91 15 98 108 106 52 66 80 73 19 34 4 89 109 40 48 62 32 22 93 70 44 45 37 25 42 59 11 20 35 7 85 75 9 8 17 46 92 54 27 21 86 104 63 96 61 87 5 81 83 94 68 51 2 69 82 36 78 33 84 103 100 39 101 74 10 99 64 14 57 50 72 18 97 65 
0 19 31 77 90 23 79 55 107 24 29 27 54 92 46 6 88 41 30 95 3 13 105 60 104 70 44 45 37 25 42 22 59 11 20 35 7 85 75 67 8 17 1 38 43 53 72 50 57 14 64 99 21 86 63 96 61 87 62 48 40 109 89 4 34 76 73 80 66 52 106 108 98 15 91 16 12 28 71 49 9 56 58 47 26 102 93 32 5 81 83 94 68 51 2 69 82 36 33 84 103 100 39 78 101 74 10 18 97 65 
