0 19 23 79 55 31 77 90 107 24 27 29 46 17 92 8 9 54 75 85 59 22 42 11 7 35 20 25 70 37 45 44 93 32 5 81 83 94 109 68 51 2 69 82 36 78 14 57 80 66 52 106 33 84 101 39 100 74 10 99 103 64 108 98 15 91 16 12 58 56 102 104 3 95 30 41 88 6 13 60 105 26 47 28 71 49 67 1 38 43 53 50 72 73 76 34 4 89 40 48 62 87 61 96 63 86 21 18 97 65 
0 19 23 79 55 31 77 90 107 24 27 29 46 17 92 8 9 54 75 85 59 22 42 11 7 35 20 25 70 37 45 44 93 32 5 81 83 94 109 68 51 2 69 82 36 78 14 57 80 66 52 106 33 84 101 39 100 74 10 99 103 64 108 98 15 91 16 12 58 56 102 104 3 13 95 30 41 88 6 60 105 26 47 28 71 49 67 1 38 43 53 50 72 73 76 34 4 89 40 48 62 87 61 96 63 86 21 18 97 65 
0 19 23 79 55 31 77 90 107 24 27 29 46 17 92 8 9 54 75 85 59 22 42 11 7 35 20 25 70 37 45 44 93 32 5 81 83 94 109 68 51 2 69 82 36 78 14 57 80 66 52 106 33 84 101 39 100 74 10 99 103 64 108 98 15 91 16 12 58 56 102 104 3 13 95 30 41 88 6 60 105 26 47 28 71 49 67 1 38 43 53 50 72 73 76 34 4 89 40 48 62 87 61 96 63 86 21 18 97 65 
0 19 23 79 55 31 77 90 107 24 27 29 46 17 92 8 9 54 75 85 59 22 42 11 7 35 20 25 70 37 45 44 93 32 5 81 83 94 109 68 51 2 69 82 36 78 14 57 80 66 52 106 33 84 101 39 100 74 10 99 103 64 108 98 15 91 16 12 58 56 102 104 3 13 95 30 41 88 6 60 105 26 47 28 71 49 67 1 38 43 53 50 72 73 76 34 4 89 40 48 62 87 61 96 63 86 21 18 97 65 
0 19 23 79 55 31 77 90 107 24 27 29 46 17 92 8 9 54 75 85 59 22 42 11 7 35 20 25 70 37 45 44 93 32 5 81 83 94 109 68 51 2 69 82 36 78 14 57 80 66 52 106 33 84 101 39 100 74 10 99 103 64 108 98 15 91 16 12 58 56 102 104 3 13 95 30 41 88 6 60 105 26 47 28 71 49 67 1 38 43 53 50 72 73 76 34 4 89 40 48 62 87 61 96 63 86 21 18 97 65 
0 19 23 79 55 31 77 90 107 24 27 29 46 17 92 8 9 54 75 85 59 22 42 11 7 35 20 25 70 37 45 44 93 32 5 81 83 94 109 68 51 2 69 82 36 78 14 57 80 66 52 106 33 84 101 39 100 74 10 99 103 64 108 98 15 91 16 12 58 56 102 104 3 13 95 30 41 88 6 60 105 26 47 28 71 49 67 1 38 43 53 50 72 73 76 34 4 89 40 48 62 87 61 96 63 86 21 18 97 65 
0 19 23 79 55 31 77 90 107 24 27 29 46 17 92 8 9 54 75 85 59 22 42 11 7 35 20 25 70 37 45 44 93 32 5 81 83 94 109 68 51 2 69 82 36 78 14 57 80 66 52 106 33 84 101 39 100 74 10 99 103 64 108 98 15 91 16 12 58 56 102 104 3 13 95 30 41 88 6 60 105 26 47 28 71 49 67 1 38 43 53 50 72 73 76 34 4 89 40 48 62 87 61 96 63 86 21 18 97 65 
0 19 23 79 55 31 77 90 107 24 27 29 46 17 92 8 9 54 75 85 59 22 42 11 7 35 20 25 70 37 45 44 93 32 5 81 83 94 109 68 51 2 69 82 36 78 14 57 80 66 52 106 33 84 101 39 100 74 10 99 103 64 108 98 15 91 16 12 58 56 102 104 3 13 95 30 41 88 6 60 105 26 47 28 71 49 67 1 38 43 53 50 72 73 76 34 4 89 40 48 62 87 61 96 63 86 21 18 97 65 
0 19 23 79 55 31 77 90 107 24 27 29 46 17 92 8 9 54 75 85 59 22 42 11 7 35 20 25 70 37 45 44 93 32 5 81 83 94 109 68 51 2 69 82 36 78 14 57 80 66 52 106 33 84 101 39 100 74 10 99 103 64 108 98 15 91 16 12 58 56 102 104 3 13 95 30 41 88 6 60 105 26 47 28 71 49 67 1 38 43 53 50 72 73 76 34 4 89 40 48 62 87 61 96 63 86 21 18 97 65 
0 19 23 79 55 31 77 90 107 24 27 29 46 17 92 8 9 54 75 85 59 22 42 11 7 35 20 25 70 37 45 44 93 32 5 81 83 94 109 68 51 2 69 82 36 78 14 57 80 66 52 106 33 84 101 39 100 74 10 99 103 64 108 98 15 91 16 12 58 56 102 104 3 13 95 30 41 88 6 60 105 26 47 28 71 49 67 1 38 43 53 50 72 73 76 34 4 89 40 48 62 87 61 96 63 86 21 18 97 65 
0 19 23 79 55 31 77 90 107 24 27 29 46 17 92 8 9 54 75 85 59 22 42 11 7 35 20 25 70 37 45 44 93 32 5 81 83 94 109 68 51 2 69 82 36 78 14 57 80 66 52 106 33 84 101 39 100 74 10 99 103 64 108 98 15 91 16 12 58 56 102 104 3 13 95 30 41 88 6 60 105 26 47 28 71 49 67 1 38 43 53 50 72 73 76 34 4 89 40 48 62 87 61 96 63 86 21 18 97 65 
0 19 23 79 55 31 77 90 107 24 27 29 46 17 92 8 9 54 75 85 59 22 42 11 7 35 20 25 70 37 45 44 93 32 5 81 83 94 109 68 51 2 69 82 36 78 14 57 80 66 52 106 33 84 101 39 100 74 10 99 103 64 108 98 15 91 16 12 58 56 102 104 3 13 95 30 41 88 6 60 105 26 47 28 71 49 67 1 38 43 53 50 72 73 76 34 4 89 40 48 62 87 61 96 63 86 21 18 97 65 
0 19 23 79 55 31 77 90 107 24 27 29 46 17 92 8 9 54 75 85 59 22 42 11 7 35 20 25 70 37 45 44 93 32 5 81 83 94 109 68 51 2 69 82 36 78 14 57 80 66 52 106 33 84 101 39 100 74 10 99 103 64 108 98 15 91 16 12 58 56 102 104 3 13 95 30 41 88 6 60 105 26 47 28 71 49 67 1 38 43 53 50 72 73 76 34 4 89 40 48 62 87 61 96 63 86 21 18 97 65 
0 19 23 79 55 31 77 90 107 24 27 29 46 17 92 8 9 54 75 85 59 22 42 11 7 35 20 25 70 37 45 44 93 32 5 81 83 94 109 68 51 2 69 82 36 78 14 57 80 66 52 106 33 84 101 39 100 74 10 99 103 64 108 98 15 91 16 12 58 56 102 104 3 13 95 30 41 88 6 60 105 26 47 28 71 49 67 1 38 43 53 50 72 73 76 34 4 89 40 48 62 87 61 96 63 86 21 18 97 65 
0 19 23 79 55 31 77 90 107 24 27 29 46 17 92 8 9 54 75 85 59 22 42 11 7 35 20 25 70 37 45 44 93 32 5 81 83 94 109 68 51 2 69 82 36 78 14 57 80 66 52 106 33 84 101 39 100 74 10 99 103 64 108 98 15 91 16 12 58 56 102 104 3 13 95 30 41 88 6 60 105 26 47 28 71 49 67 1 38 43 53 50 72 73 76 34 4 89 40 48 62 87 61 96 63 86 21 18 97 65 
0 19 23 79 55 31 77 90 107 24 27 29 46 17 92 8 9 54 75 85 59 22 42 11 7 35 20 25 70 37 45 44 93 32 5 81 83 94 109 68 51 2 69 82 36 78 14 57 80 66 52 106 33 84 101 39 100 74 10 99 103 64 108 98 15 91 16 12 58 56 102 104 3 13 95 30 41 88 6 60 105 26 47 28 71 49 67 1 38 43 53 50 72 73 76 34 4 89 40 48 62 87 61 96 63 86 21 18 97 65 
0 19 23 79 55 31 77 90 107 24 27 29 46 17 92 8 9 54 75 85 59 22 42 11 7 35 20 25 70 37 45 44 93 32 5 81 83 94 109 68 51 2 69 82 36 78 14 57 80 66 52 106 33 84 101 39 100 74 10 99 103 64 108 98 15 91 16 12 58 56 102 104 3 13 95 30 41 88 6 60 105 26 47 28 71 49 67 1 38 43 53 50 72 73 76 34 4 89 40 48 62 87 61 96 63 86 21 18 97 65 
0 19 23 79 55 31 77 90 107 24 27 29 46 17 92 8 9 54 75 85 59 22 42 11 7 35 20 25 70 37 45 44 93 32 5 81 83 94 109 68 51 2 69 82 36 78 14 57 80 66 52 106 33 84 101 39 100 74 10 99 103 64 108 98 15 91 16 12 58 56 102 104 3 13 95 30 41 88 6 60 105 26 47 28 71 49 67 1 38 43 53 50 72 73 76 34 4 89 40 48 62 87 61 96 63 86 21 18 97 65 
0 19 23 79 55 31 77 90 107 24 27 29 46 17 92 8 9 54 75 85 59 22 42 11 7 35 20 25 70 37 45 44 93 32 5 81 83 94 109 68 51 2 69 82 36 78 14 57 80 66 52 106 33 84 101 39 100 74 10 99 103 64 108 98 15 91 16 12 58 56 102 104 3 13 95 30 41 88 6 60 105 26 47 28 71 49 67 1 38 43 53 50 72 73 76 34 4 89 40 48 62 87 61 96 63 86 21 18 97 65 
0 19 23 79 55 31 77 90 107 24 27 29 46 17 92 8 9 54 75 85 59 22 42 11 7 35 20 25 70 37 45 44 93 32 5 81 83 94 109 68 51 2 69 82 36 78 14 57 80 66 52 106 33 84 101 39 100 74 10 99 103 64 108 98 15 91 16 12 58 56 102 104 3 13 95 30 41 88 6 60 105 26 47 28 71 49 67 1 38 43 53 50 72 73 76 34 4 89 40 48 62 87 61 96 63 86 21 18 97 65 
0 19 23 79 55 31 77 90 107 24 27 29 46 17 92 8 9 54 75 85 59 22 42 11 7 35 20 25 70 37 45 44 93 32 5 81 83 94 109 68 51 2 69 82 36 78 14 57 80 66 52 106 33 84 101 39 100 74 10 99 103 64 108 98 15 91 16 12 58 56 102 104 3 13 95 30 41 88 6 60 105 26 47 28 71 49 67 1 38 43 53 50 72 73 76 34 4 89 40 48 62 87 61 96 63 86 21 18 97 65 
0 19 23 79 55 31 77 90 107 24 27 29 46 17 92 8 9 54 75 85 59 22 42 11 7 35 20 25 70 37 45 44 93 32 5 81 83 94 109 68 51 2 69 82 36 78 14 57 80 66 52 106 33 84 101 39 100 74 10 99 103 64 108 98 15 91 16 12 58 56 102 104 3 13 95 30 41 88 6 60 105 26 47 28 71 49 67 1 38 43 53 50 72 73 76 34 4 89 40 48 62 87 61 96 63 86 21 18 97 65 
0 19 23 79 55 31 77 90 107 24 27 29 46 17 92 8 9 54 75 85 59 22 42 11 7 35 20 25 70 37 45 44 93 32 5 81 83 94 109 68 51 2 69 82 36 78 14 57 80 66 52 106 33 84 101 39 100 74 10 99 103 64 108 98 15 91 16 12 58 56 102 104 3 13 95 30 41 88 6 60 105 26 47 28 71 49 67 1 38 43 53 50 72 73 76 34 4 89 40 48 62 87 61 96 63 86 21 18 97 65 
0 19 23 79 55 31 77 90 107 24 27 29 46 17 92 8 9 54 75 85 59 22 42 11 7 35 20 25 70 37 45 44 93 32 5 81 83 94 109 68 51 2 69 82 36 78 14 57 80 66 52 106 33 84 101 39 100 74 10 99 103 64 108 98 15 91 16 12 58 56 102 104 3 13 95 30 41 88 6 60 105 26 47 28 71 49 67 1 38 43 53 50 72 73 76 34 4 89 40 48 62 87 61 96 63 86 21 18 97 65 
0 19 23 79 55 31 77 90 107 24 27 29 46 17 92 8 9 54 75 85 59 22 42 11 7 35 20 25 70 37 45 44 93 32 5 81 83 94 109 68 51 2 69 82 36 78 14 57 80 66 52 106 33 84 101 39 100 74 10 99 103 64 108 98 15 91 16 12 58 56 102 104 3 13 95 30 41 88 6 60 105 26 47 28 71 49 67 1 38 43 53 50 72 73 76 34 4 89 40 48 62 87 61 96 63 86 21 18 97 65 
0 19 23 79 55 31 77 90 107 24 27 29 46 17 92 8 9 54 75 85 59 22 42 11 7 35 20 25 70 37 45 44 93 32 5 81 83 94 109 68 51 2 69 82 36 78 14 57 80 66 52 106 33 84 101 39 100 74 10 99 103 64 108 98 15 91 16 12 58 56 102 104 3 13 95 30 41 88 6 60 105 26 47 28 71 49 67 1 38 43 53 50 72 73 76 34 4 89 40 48 62 87 61 96 63 86 21 18 97 65 
0 19 23 79 55 31 77 90 107 24 27 29 46 17 92 8 9 54 75 85 59 22 42 11 7 35 20 25 70 37 45 44 93 32 5 81 83 94 109 68 51 2 69 82 36 78 14 57 80 66 52 106 33 84 101 39 100 74 10 99 103 64 108 98 15 91 16 12 58 56 102 104 3 13 95 30 41 88 6 60 105 26 47 28 71 49 67 1 38 43 53 50 72 73 76 34 4 89 40 48 62 87 61 96 63 86 21 18 97 65 
0 19 23 79 55 31 77 90 107 24 27 29 46 17 92 8 9 54 75 85 59 22 42 11 7 35 20 25 70 37 45 44 93 32 5 81 83 94 109 68 51 2 69 82 36 78 14 57 80 66 52 106 33 84 101 39 100 74 10 99 103 64 108 98 15 91 16 12 58 56 102 104 3 13 95 30 41 88 6 60 105 26 47 28 71 49 67 1 38 43 53 50 72 73 76 34 4 89 40 48 62 87 61 96 63 86 21 18 97 65 
0 19 23 79 55 31 77 90 107 24 27 29 46 17 92 8 9 54 75 85 59 22 42 11 7 35 20 25 70 37 45 44 93 32 5 81 83 94 109 68 51 2 69 82 36 78 14 57 80 66 52 106 33 84 101 39 100 74 10 99 103 64 108 98 15 91 16 12 58 56 102 104 3 13 95 30 41 88 6 60 105 26 47 28 71 49 67 1 38 43 53 50 72 73 76 34 4 89 40 48 62 87 61 96 63 86 21 18 97 65 
0 19 23 79 55 31 77 90 107 24 27 29 46 17 92 8 9 54 75 85 59 22 42 11 7 35 20 25 70 37 45 44 93 32 5 81 83 94 109 68 51 2 69 82 36 78 14 57 80 66 52 106 33 84 101 39 100 74 10 99 103 64 108 98 15 91 16 12 58 56 102 104 3 13 95 30 41 88 6 60 105 26 47 28 71 49 67 1 38 43 53 50 72 73 76 34 4 89 40 48 62 87 61 96 63 86 21 18 97 65 
0 19 23 79 55 31 77 90 107 24 27 29 46 17 92 8 9 54 75 85 59 22 42 11 7 35 20 25 70 37 45 44 93 32 5 81 83 94 109 68 51 2 69 82 36 78 14 57 80 66 52 106 33 84 101 39 100 74 10 99 103 64 108 98 15 91 16 12 58 56 102 104 3 13 95 30 41 88 6 60 105 26 47 28 71 49 67 1 38 43 53 50 72 73 76 34 4 89 40 48 62 87 61 96 63 86 21 18 97 65 
0 19 23 79 55 31 77 90 107 24 27 29 46 17 92 8 9 54 75 85 59 22 42 11 7 35 20 25 70 37 45 44 93 32 5 81 83 94 109 68 51 2 69 82 36 78 14 57 80 66 52 106 33 84 101 39 100 74 10 99 103 64 108 98 15 91 16 12 58 56 102 104 3 13 95 30 41 88 6 60 105 26 47 28 71 49 67 1 38 43 53 50 72 73 76 34 4 89 40 48 62 87 61 96 63 86 21 18 97 65 
0 19 23 79 55 31 77 90 107 24 27 29 46 17 92 8 9 54 75 85 59 22 42 11 7 35 20 25 70 37 45 44 93 32 5 81 83 94 109 68 51 2 69 82 36 78 14 57 80 66 52 106 33 84 101 39 100 74 10 99 103 64 108 98 15 91 16 12 58 56 102 104 3 13 95 30 41 88 6 60 105 26 47 28 71 49 67 1 38 43 53 50 72 73 76 34 4 89 40 48 62 87 61 96 63 86 21 18 97 65 
0 19 23 79 55 31 77 90 107 24 27 29 46 17 92 8 9 54 75 85 59 22 42 11 7 35 20 25 70 37 45 44 93 32 5 81 83 94 109 68 51 2 69 82 36 78 14 57 80 66 52 106 33 84 101 39 100 74 10 99 103 64 108 98 15 91 16 12 58 56 102 104 3 13 95 30 41 88 6 60 105 26 47 28 71 49 67 1 38 43 53 50 72 73 76 34 4 89 40 48 62 87 61 96 63 86 21 18 97 65 
0 19 23 79 55 31 77 90 107 24 27 29 46 17 92 8 9 54 75 85 59 22 42 11 7 35 20 25 70 37 45 44 93 32 5 81 83 94 109 68 51 2 69 82 36 78 14 57 80 66 52 106 33 84 101 39 100 74 10 99 103 64 108 98 15 91 16 12 58 56 102 104 3 13 95 30 41 88 6 60 105 26 47 28 71 49 67 1 38 43 53 50 72 73 76 34 4 89 40 48 62 87 61 96 63 86 21 18 97 65 
0 19 23 79 55 31 77 90 107 24 27 29 46 17 92 8 9 54 75 85 59 22 42 11 7 35 20 25 70 37 45 44 93 32 5 81 83 94 109 68 51 2 69 82 36 78 14 57 80 66 52 106 33 84 101 39 100 74 10 99 103 64 108 98 15 91 16 12 58 56 102 104 3 13 95 30 41 88 6 60 105 26 47 28 71 49 67 1 38 43 53 50 72 73 76 34 4 89 40 48 62 87 61 96 63 86 21 18 97 65 
0 19 23 79 55 31 77 90 107 24 27 29 46 17 92 8 9 54 75 85 59 22 42 11 7 35 20 25 70 37 45 44 93 32 5 81 83 94 109 68 51 2 69 82 36 78 14 57 80 66 52 106 33 84 101 39 100 74 10 99 103 64 108 98 15 91 16 12 58 56 102 104 3 13 95 30 41 88 6 60 105 26 47 28 71 49 67 1 38 43 53 50 72 73 76 34 4 89 40 48 62 87 61 96 63 86 21 18 97 65 
0 19 23 79 55 31 77 90 107 24 27 29 46 17 92 8 9 54 75 85 59 22 42 11 7 35 20 25 70 37 45 44 93 32 5 81 83 94 109 68 51 2 69 82 36 78 14 57 80 66 52 106 33 84 101 39 100 74 10 99 103 64 108 98 15 91 16 12 58 56 102 104 3 13 95 30 41 88 6 60 105 26 47 28 71 49 67 1 38 43 53 50 72 73 76 34 4 89 40 48 62 87 61 96 63 86 21 18 97 65 
0 19 23 79 55 31 77 90 107 24 27 29 46 17 92 8 9 54 75 85 59 22 42 11 7 35 20 25 70 37 45 44 93 32 5 81 83 94 109 68 51 2 69 82 36 78 14 57 80 66 52 106 33 84 101 39 100 74 10 99 103 64 108 98 15 91 16 12 58 56 102 104 3 13 95 30 41 88 6 60 105 26 47 28 71 49 67 1 38 43 53 50 72 73 76 34 4 89 40 48 62 87 61 96 63 86 21 18 97 65 
0 19 23 79 55 31 77 90 107 24 27 29 46 17 92 8 9 54 75 85 59 22 42 11 7 35 20 25 70 37 45 44 93 32 5 81 83 94 109 68 51 2 69 82 36 78 14 57 80 66 52 106 33 84 101 39 100 74 10 99 103 64 108 98 15 91 16 12 58 56 102 104 3 13 95 30 41 88 6 60 105 26 47 28 71 49 67 1 38 43 53 50 72 73 76 34 4 89 40 48 62 87 61 96 63 86 21 18 97 65 
0 19 23 79 55 31 77 90 107 24 27 29 46 17 92 8 9 54 75 85 59 22 42 11 7 35 20 25 70 37 45 44 93 32 5 81 83 94 109 68 51 2 69 82 36 78 14 57 80 66 52 106 33 84 101 39 100 74 10 99 103 64 108 98 15 91 16 12 58 56 102 104 3 13 95 30 41 88 6 60 105 26 47 28 71 49 67 1 38 43 53 50 72 73 76 34 4 89 40 48 62 87 61 96 63 86 21 18 97 65 
0 19 23 79 55 31 77 90 107 24 27 29 46 17 92 8 9 54 75 85 59 22 42 11 7 35 20 25 70 37 45 44 93 32 5 81 83 94 109 68 51 2 69 82 36 78 14 57 80 66 52 106 33 84 101 39 100 74 10 99 103 64 108 98 15 91 16 12 58 56 102 104 3 13 95 30 41 88 6 60 105 26 47 28 71 49 67 1 38 43 53 50 72 73 76 34 4 89 40 48 62 87 61 96 63 86 21 18 97 65 
0 19 23 79 55 31 77 90 107 24 27 29 46 17 92 8 9 54 75 85 59 22 42 11 7 35 20 25 70 37 45 44 93 32 5 81 83 94 109 68 51 2 69 82 36 78 14 57 80 66 52 106 33 84 101 39 100 74 10 99 103 64 108 98 15 91 16 12 58 56 102 104 3 13 95 30 41 88 6 60 105 26 47 28 71 49 67 1 38 43 53 50 72 73 76 34 4 89 40 48 62 87 61 96 63 86 21 18 97 65 
0 19 23 79 55 31 77 90 107 24 27 29 46 17 92 8 9 54 75 85 59 22 42 11 7 35 20 25 70 37 45 44 93 32 5 81 83 94 109 68 51 2 69 82 36 78 14 57 80 66 52 106 33 84 101 39 100 74 10 99 103 64 108 98 15 91 16 12 58 56 102 104 3 13 95 30 41 88 6 60 105 26 47 28 71 49 67 1 38 43 53 50 72 73 76 34 4 89 40 48 62 87 61 96 63 86 21 18 97 65 
0 19 23 79 55 31 77 90 107 24 27 29 46 17 92 8 9 54 75 85 59 22 42 11 7 35 20 25 70 37 45 44 93 32 5 81 83 94 109 68 51 2 69 82 36 78 14 57 80 66 52 106 33 84 101 39 100 74 10 99 103 64 108 98 15 91 16 12 58 56 102 104 3 13 95 30 41 88 6 60 105 26 47 28 71 49 67 1 38 43 53 50 72 73 76 34 4 89 40 48 62 87 61 96 63 86 21 18 97 65 
0 19 23 79 55 31 77 90 107 24 27 29 46 17 92 8 9 54 75 85 59 22 42 11 7 35 20 25 70 37 45 44 93 32 5 81 83 94 109 68 51 2 69 82 36 78 14 57 80 66 52 106 33 84 101 39 100 74 10 99 103 64 108 98 15 91 16 12 58 56 102 104 3 13 95 30 41 88 6 60 105 26 47 28 71 49 67 1 38 43 53 50 72 73 76 34 4 89 40 48 62 87 61 96 63 86 21 18 97 65 
0 19 23 79 55 31 77 90 107 24 27 29 46 17 92 8 9 54 75 85 59 22 42 11 7 35 20 25 70 37 45 44 93 32 5 81 83 94 109 68 51 2 69 82 36 78 14 57 80 66 52 106 33 84 101 39 100 74 10 99 103 64 108 98 15 91 16 12 58 56 102 104 3 13 95 30 41 88 6 60 105 26 47 28 71 49 67 1 38 43 53 50 72 73 76 34 4 89 40 48 62 87 61 96 63 86 21 18 97 65 
0 19 23 79 55 31 77 90 107 24 27 29 46 17 92 8 9 54 75 85 59 22 42 11 7 35 20 25 70 37 45 44 93 32 5 81 83 94 109 68 51 2 69 82 36 78 14 57 80 66 52 106 33 84 101 39 100 74 10 99 103 64 108 98 15 91 16 12 58 56 102 104 3 13 95 30 41 88 6 60 105 26 47 28 71 49 67 1 38 43 53 50 72 73 76 34 4 89 40 48 62 87 61 96 63 86 21 18 97 65 
0 19 23 79 55 31 77 90 107 24 27 29 46 17 92 8 9 54 75 85 59 22 42 11 7 35 20 25 70 37 45 44 93 32 5 81 83 94 109 68 51 2 69 82 36 78 14 57 80 66 52 106 33 84 101 39 100 74 10 99 103 64 108 98 15 91 16 12 58 56 102 104 3 13 95 30 41 88 6 60 105 26 47 28 71 49 67 1 38 43 53 50 72 73 76 34 4 89 40 48 62 87 61 96 63 86 21 18 97 65 
0 19 23 79 55 31 77 90 107 24 27 29 46 17 92 8 9 54 75 85 59 22 42 11 7 35 20 25 70 37 45 44 93 32 5 81 83 94 109 68 51 2 69 82 36 78 14 57 80 66 52 106 33 84 101 39 100 74 10 99 103 64 108 98 15 91 16 12 58 56 102 104 3 13 95 30 41 88 6 60 105 26 47 28 71 49 67 1 38 43 53 50 72 73 76 34 4 89 40 48 62 87 61 96 63 86 21 18 97 65 
0 19 23 79 55 31 77 90 107 24 27 29 46 17 92 8 9 54 75 85 59 22 42 11 7 35 20 25 70 37 45 44 93 32 5 81 83 94 109 68 51 2 69 82 36 78 14 57 80 66 52 106 33 84 101 39 100 74 10 99 103 64 108 98 15 91 16 12 58 56 102 104 3 13 95 30 41 88 6 60 105 26 47 28 71 49 67 1 38 43 53 50 72 73 76 34 4 89 40 48 62 87 61 96 63 86 21 18 97 65 
0 19 23 79 55 31 77 90 107 24 27 29 46 17 92 8 9 54 75 85 59 22 42 11 7 35 20 25 70 37 45 44 93 32 5 81 83 94 109 68 51 2 69 82 36 78 14 57 80 66 52 106 33 84 101 39 100 74 10 99 103 64 108 98 15 91 16 12 58 56 102 104 3 13 95 30 41 88 6 60 105 26 47 28 71 49 67 1 38 43 53 50 72 73 76 34 4 89 40 48 62 87 61 96 63 86 21 18 97 65 
0 19 23 79 55 31 77 90 107 24 27 29 46 17 92 8 9 54 75 85 59 22 42 11 7 35 20 25 70 37 45 44 93 32 5 81 83 94 109 68 51 2 69 82 36 78 14 57 80 66 52 106 33 84 101 39 100 74 10 99 103 64 108 98 15 91 16 12 58 56 102 104 3 13 95 30 41 88 6 60 105 26 47 28 71 49 67 1 38 43 53 50 72 73 76 34 4 89 40 48 62 87 61 96 63 86 21 18 97 65 
0 19 23 79 55 31 77 90 107 24 27 29 46 17 92 8 9 54 75 85 59 22 42 11 7 35 20 25 70 37 45 44 93 32 5 81 83 94 109 68 51 2 69 82 36 78 14 57 80 66 52 106 33 84 101 39 100 74 10 99 103 64 108 98 15 91 16 12 58 56 102 104 3 13 95 30 41 88 6 60 105 26 47 28 71 49 67 1 38 43 53 50 72 73 76 34 4 89 40 48 62 87 61 96 63 86 21 18 97 65 
0 19 23 79 55 31 77 90 107 24 27 29 46 17 92 8 9 54 75 85 59 22 42 11 7 35 20 25 70 37 45 44 93 32 5 81 83 94 109 68 51 2 69 82 36 78 14 57 80 66 52 106 33 84 101 39 100 74 10 99 103 64 108 98 15 91 16 12 58 56 102 104 3 13 95 30 41 88 6 60 105 26 47 28 71 49 67 1 38 43 53 50 72 73 76 34 4 89 40 48 62 87 61 96 63 86 21 18 97 65 
0 19 23 79 55 31 77 90 107 24 27 29 46 17 92 8 9 54 75 85 59 22 42 11 7 35 20 25 70 37 45 44 93 32 5 81 83 94 109 68 51 2 69 82 36 78 14 57 80 66 52 106 33 84 101 39 100 74 10 99 103 64 108 98 15 91 16 12 58 56 102 104 3 13 95 30 41 88 6 60 105 26 47 28 71 49 67 1 38 43 53 50 72 73 76 34 4 89 40 48 62 87 61 96 63 86 21 18 97 65 
0 19 23 79 55 31 77 90 107 24 27 29 46 17 92 8 9 54 75 85 59 22 42 11 7 35 20 25 70 37 45 44 93 32 5 81 83 94 109 68 51 2 69 82 36 78 14 57 80 66 52 106 33 84 101 39 100 74 10 99 103 64 108 98 15 91 16 12 58 56 102 104 3 13 95 30 41 88 6 60 105 26 47 28 71 49 67 1 38 43 53 50 72 73 76 34 4 89 40 48 62 87 61 96 63 86 21 18 97 65 
0 19 23 79 55 31 77 90 107 24 27 29 46 17 92 8 9 54 75 85 59 22 42 11 7 35 20 25 70 37 45 44 93 32 5 81 83 94 109 68 51 2 69 82 36 78 14 57 80 66 52 106 33 84 101 39 100 74 10 99 103 64 108 98 15 91 16 12 58 56 102 104 3 13 95 30 41 88 6 60 105 26 47 28 71 49 67 1 38 43 53 50 72 73 76 34 4 89 40 48 62 87 61 96 63 86 21 18 97 65 
0 19 23 79 55 31 77 90 107 24 27 29 46 17 92 8 9 54 75 85 59 22 42 11 7 35 20 25 70 37 45 44 93 32 5 81 83 94 109 68 51 2 69 82 36 78 14 57 80 66 52 106 33 84 101 39 100 74 10 99 103 64 108 98 15 91 16 12 58 56 102 104 3 13 95 30 41 88 6 60 105 26 47 28 71 49 67 1 38 43 53 50 72 73 76 34 4 89 40 48 62 87 61 96 63 86 21 18 97 65 
0 19 23 79 55 31 77 90 107 24 27 29 46 17 92 8 9 54 75 85 59 22 42 11 7 35 20 25 70 37 45 44 93 32 5 81 83 94 109 68 51 2 69 82 36 78 14 57 80 66 52 106 33 84 101 39 100 74 10 99 103 64 108 98 15 91 16 12 58 56 102 104 3 13 95 30 41 88 6 60 105 26 47 28 71 49 67 1 38 43 53 50 72 73 76 34 4 89 40 48 62 87 61 96 63 86 21 18 97 65 
0 19 23 79 55 31 77 90 107 24 27 29 46 17 92 8 9 54 75 85 59 22 42 11 7 35 20 25 70 37 45 44 93 32 5 81 83 94 109 68 51 2 69 82 36 78 14 57 80 66 52 106 33 84 101 39 100 74 10 99 103 64 108 98 15 91 16 12 58 56 102 104 3 13 95 30 41 88 6 60 105 26 47 28 71 49 67 1 38 43 53 50 72 73 76 34 4 89 40 48 62 87 61 96 63 86 21 18 97 65 
0 19 23 79 55 31 77 90 107 24 27 29 46 17 92 8 9 54 75 85 59 22 42 11 7 35 20 25 70 37 45 44 93 32 5 81 83 94 109 68 51 2 69 82 36 78 14 57 80 66 52 106 33 84 101 39 100 74 10 99 103 64 108 98 15 91 16 12 58 56 102 104 3 13 95 30 41 88 6 60 105 26 47 28 71 49 67 1 38 43 53 50 72 73 76 34 4 89 40 48 62 87 61 96 63 86 21 18 97 65 
0 19 23 79 55 31 77 90 107 24 27 29 46 17 92 8 9 54 75 85 59 22 42 11 7 35 20 25 70 37 45 44 93 32 5 81 83 94 109 68 51 2 69 82 36 78 14 57 80 66 52 106 33 84 101 39 100 74 10 99 103 64 108 98 15 91 16 12 58 56 102 104 3 13 95 30 41 88 6 60 105 26 47 28 71 49 67 1 38 43 53 50 72 73 76 34 4 89 40 48 62 87 61 96 63 86 21 18 97 65 
0 19 23 79 55 31 77 90 107 24 27 29 46 17 92 8 9 54 75 85 59 22 42 11 7 35 20 25 70 37 45 44 93 32 5 81 83 94 109 68 51 2 69 82 36 78 14 57 80 66 52 106 33 84 101 39 100 74 10 99 103 64 108 98 15 91 16 12 58 56 102 104 3 13 95 30 41 88 6 60 105 26 47 28 71 49 67 1 38 43 53 50 72 73 76 34 4 89 40 48 62 87 61 96 63 86 21 18 97 65 
0 19 23 79 55 31 77 90 107 24 27 29 46 17 92 8 9 54 75 85 59 22 42 11 7 35 20 25 70 37 45 44 93 32 5 81 83 94 109 68 51 2 69 82 36 78 14 57 80 66 52 106 33 84 101 39 100 74 10 99 103 64 108 98 15 91 16 12 58 56 102 104 3 13 95 30 41 88 6 60 105 26 47 28 71 49 67 1 38 43 53 50 72 73 76 34 4 89 40 48 62 87 61 96 63 86 21 18 97 65 
0 19 23 79 55 31 77 90 107 24 27 29 46 17 92 8 9 54 75 85 59 22 42 11 7 35 20 25 70 37 45 44 93 32 5 81 83 94 109 68 51 2 69 82 36 78 14 57 80 66 52 106 33 84 101 39 100 74 10 99 103 64 108 98 15 91 16 12 58 56 102 104 3 13 95 30 41 88 6 60 105 26 47 28 71 49 67 1 38 43 53 50 72 73 76 34 4 89 40 48 62 87 61 96 63 86 21 18 97 65 
0 19 23 79 55 31 77 90 107 24 27 29 46 17 92 8 9 54 75 85 59 22 42 11 7 35 20 25 70 37 45 44 93 32 5 81 83 94 109 68 51 2 69 82 36 78 14 57 80 66 52 106 33 84 101 39 100 74 10 99 103 64 108 98 15 91 16 12 58 56 102 104 3 13 95 30 41 88 6 60 105 26 47 28 71 49 67 1 38 43 53 50 72 73 76 34 4 89 40 48 62 87 61 96 63 86 21 18 97 65 
0 19 23 79 55 31 77 90 107 24 27 29 46 17 92 8 9 54 75 85 59 22 42 11 7 35 20 25 70 37 45 44 93 32 5 81 83 94 109 68 51 2 69 82 36 78 14 57 80 66 52 106 33 84 101 39 100 74 10 99 103 64 108 98 15 91 16 12 58 56 102 104 3 13 95 30 41 88 6 60 105 26 47 28 71 49 67 1 38 43 53 50 72 73 76 34 4 89 40 48 62 87 61 96 63 86 21 18 97 65 
0 19 23 79 55 31 77 90 107 24 27 29 46 17 92 8 9 54 75 85 59 22 42 11 7 35 20 25 70 37 45 44 93 32 5 81 83 94 109 68 51 2 69 82 36 78 14 57 80 66 52 106 33 84 101 39 100 74 10 99 103 64 108 98 15 91 16 12 58 56 102 104 3 13 95 30 41 88 6 60 105 26 47 28 71 49 67 1 38 43 53 50 72 73 76 34 4 89 40 48 62 87 61 96 63 86 21 18 97 65 
0 19 23 79 55 31 77 90 107 24 27 29 46 17 92 8 9 54 75 85 59 22 42 11 7 35 20 25 70 37 45 44 93 32 5 81 83 94 109 68 51 2 69 82 36 78 14 57 80 66 52 106 33 84 101 39 100 74 10 99 103 64 108 98 15 91 16 12 58 56 102 104 3 13 95 30 41 88 6 60 105 26 47 28 71 49 67 1 38 43 53 50 72 73 76 34 4 89 40 48 62 87 61 96 63 86 21 18 97 65 
0 19 23 79 55 31 77 90 107 24 27 29 46 17 92 8 9 54 75 85 59 22 42 11 7 35 20 25 70 37 45 44 93 32 5 81 83 94 109 68 51 2 69 82 36 78 14 57 80 66 52 106 33 84 101 39 100 74 10 99 103 64 108 98 15 91 16 12 58 56 102 104 3 13 95 30 41 88 6 60 105 26 47 28 71 49 67 1 38 43 53 50 72 73 76 34 4 89 40 48 62 87 61 96 63 86 21 18 97 65 
0 19 23 79 55 31 77 90 107 24 27 29 46 17 92 8 9 54 75 85 59 22 42 11 7 35 20 25 70 37 45 44 93 32 5 81 83 94 109 68 51 2 69 82 36 78 14 57 80 66 52 106 33 84 101 39 100 74 10 99 103 64 108 98 15 91 16 12 58 56 102 104 3 13 95 30 41 88 6 60 105 26 47 28 71 49 67 1 38 43 53 50 72 73 76 34 4 89 40 48 62 87 61 96 63 86 21 18 97 65 
0 19 23 79 55 31 77 90 107 24 27 29 46 17 92 8 9 54 75 85 59 22 42 11 7 35 20 25 70 37 45 44 93 32 5 81 83 94 109 68 51 2 69 82 36 78 14 57 80 66 52 106 33 84 101 39 100 74 10 99 103 64 108 98 15 91 16 12 58 56 102 104 3 13 95 30 41 88 6 60 105 26 47 28 71 49 67 1 38 43 53 50 72 73 76 34 4 89 40 48 62 87 61 96 63 86 21 18 97 65 
0 19 23 79 55 31 77 90 107 24 27 29 46 17 92 8 9 54 75 85 59 22 42 11 7 35 20 25 70 37 45 44 93 32 5 81 83 94 109 68 51 2 69 82 36 78 14 57 80 66 52 106 33 84 101 39 100 74 10 99 103 64 108 98 15 91 16 12 58 56 102 104 3 13 95 30 41 88 6 60 105 26 47 28 71 49 67 1 38 43 53 50 72 73 76 34 4 89 40 48 62 87 61 96 63 86 21 18 97 65 
0 19 23 79 55 31 77 90 107 24 27 29 46 17 92 8 9 54 75 85 59 22 42 11 7 35 20 25 70 37 45 44 93 32 5 81 83 94 109 68 51 2 69 82 36 78 14 57 80 66 52 106 33 84 101 39 100 74 10 99 103 64 108 98 15 91 16 12 58 56 102 104 3 13 95 30 41 88 6 60 105 26 47 28 71 49 67 1 38 43 53 50 72 73 76 34 4 89 40 48 62 87 61 96 63 86 21 18 97 65 
0 19 23 79 55 31 77 90 107 24 27 29 46 17 92 8 9 54 75 85 59 22 42 11 7 35 20 25 70 37 45 44 93 32 5 81 83 94 109 68 51 2 69 82 36 78 14 57 80 66 52 106 33 84 101 39 100 74 10 99 103 64 108 98 15 91 16 12 58 56 102 104 3 13 95 30 41 88 6 60 105 26 47 28 71 49 67 1 38 43 53 50 72 73 76 34 4 89 40 48 62 87 61 96 63 86 21 18 97 65 
0 19 23 79 55 31 77 90 107 24 27 29 46 17 92 8 9 54 75 85 59 22 42 11 7 35 20 25 70 37 45 44 93 32 5 81 83 94 109 68 51 2 69 82 36 78 14 57 80 66 52 106 33 84 101 39 100 74 10 99 103 64 108 98 15 91 16 12 58 56 102 104 3 13 95 30 41 88 6 60 105 26 47 28 71 49 67 1 38 43 53 50 72 73 76 34 4 89 40 48 62 87 61 96 63 86 21 18 97 65 
0 19 23 79 55 31 77 90 107 24 27 29 46 17 92 8 9 54 75 85 59 22 42 11 7 35 20 25 70 37 45 44 93 32 5 81 83 94 109 68 51 2 69 82 36 78 14 57 80 66 52 106 33 84 101 39 100 74 10 99 103 64 108 98 15 91 16 12 58 56 102 104 3 13 95 30 41 88 6 60 105 26 47 28 71 49 67 1 38 43 53 50 72 73 76 34 4 89 40 48 62 87 61 96 63 86 21 18 97 65 
0 19 23 79 55 31 77 90 107 24 27 29 46 17 92 8 9 54 75 85 59 22 42 11 7 35 20 25 70 37 45 44 93 32 5 81 83 94 109 68 51 2 69 82 36 78 14 57 80 66 52 106 33 84 101 39 100 74 10 99 103 64 108 98 15 91 16 12 58 56 102 104 3 13 95 30 41 88 6 60 105 26 47 28 71 49 67 1 38 43 53 50 72 73 76 34 4 89 40 48 62 87 61 96 63 86 21 18 97 65 
0 19 23 79 55 31 77 90 107 24 27 29 46 17 92 8 9 54 75 85 59 22 42 11 7 35 20 25 70 37 45 44 93 32 5 81 83 94 109 68 51 2 69 82 36 78 14 57 80 66 52 106 33 84 101 39 100 74 10 99 103 64 108 98 15 91 16 12 58 56 102 104 3 13 95 30 41 88 6 60 105 26 47 28 71 49 67 1 38 43 53 50 72 73 76 34 4 89 40 48 62 87 61 96 63 86 21 18 97 65 
0 19 23 79 55 31 77 90 107 24 27 29 46 17 92 8 9 54 75 85 59 22 42 11 7 35 20 25 70 37 45 44 93 32 5 81 83 94 109 68 51 2 69 82 36 78 14 57 80 66 52 106 33 84 101 39 100 74 10 99 103 64 108 98 15 91 16 12 58 56 102 104 3 13 95 30 41 88 6 60 105 26 47 28 71 49 67 1 38 43 53 50 72 73 76 34 4 89 40 48 62 87 61 96 63 86 21 18 97 65 
0 19 23 79 55 31 77 90 107 24 27 29 46 17 92 8 9 54 75 85 59 22 42 11 7 35 20 25 70 37 45 44 93 32 5 81 83 94 109 68 51 2 69 82 36 78 14 57 80 66 52 106 33 84 101 39 100 74 10 99 103 64 108 98 15 91 16 12 58 56 102 104 3 13 95 30 41 88 6 60 105 26 47 28 71 49 67 1 38 43 53 50 72 73 76 34 4 89 40 48 62 87 61 96 63 86 21 18 97 65 
0 19 23 79 55 31 77 90 107 24 27 29 46 17 92 8 9 54 75 85 59 22 42 11 7 35 20 25 70 37 45 44 93 32 5 81 83 94 109 68 51 2 69 82 36 78 14 57 80 66 52 106 33 84 101 39 100 74 10 99 103 64 108 98 15 91 16 12 58 56 102 104 3 13 95 30 41 88 6 60 105 26 47 28 71 49 67 1 38 43 53 50 72 73 76 34 4 89 40 48 62 87 61 96 63 86 21 18 97 65 
0 19 23 79 55 31 77 90 107 24 27 29 46 17 92 8 9 54 75 85 59 22 42 11 7 35 20 25 70 37 45 44 93 32 5 81 83 94 109 68 51 2 69 82 36 78 14 57 80 66 52 106 33 84 101 39 100 74 10 99 103 64 108 98 15 91 16 12 58 56 102 104 3 13 95 30 41 88 6 60 105 26 47 28 71 49 67 1 38 43 53 50 72 73 76 34 4 89 40 48 62 87 61 96 63 86 21 18 97 65 
0 19 23 79 55 31 77 90 107 24 27 29 46 17 92 8 9 54 75 85 59 22 42 11 7 35 20 25 70 37 45 44 93 32 5 81 83 94 109 68 51 2 69 82 36 78 14 57 80 66 52 106 33 84 101 39 100 74 10 99 103 64 108 98 15 91 16 12 58 56 102 104 3 13 95 30 41 88 6 60 105 26 47 28 71 49 67 1 38 43 53 50 72 73 76 34 4 89 40 48 62 87 61 96 63 86 21 18 97 65 
0 19 23 79 55 31 77 90 107 24 27 29 46 17 92 8 9 54 75 85 59 22 42 11 7 35 20 25 70 37 45 44 93 32 5 81 83 94 109 68 51 2 69 82 36 78 14 57 80 66 52 106 33 84 101 39 100 74 10 99 103 64 108 98 15 91 16 12 58 56 102 104 3 13 95 30 41 88 6 60 105 26 47 28 71 49 67 1 38 43 53 50 72 73 76 34 4 89 40 48 62 87 61 96 63 86 21 18 97 65 
0 19 23 79 55 31 77 90 107 24 27 29 46 17 92 8 9 54 75 85 59 22 42 11 7 35 20 25 70 37 45 44 93 32 5 81 83 94 109 68 51 2 69 82 36 78 14 57 80 66 52 106 33 84 101 39 100 74 10 99 103 64 108 98 15 91 16 12 58 56 102 104 3 13 95 30 41 88 6 60 105 26 47 28 71 49 67 1 38 43 53 50 72 73 76 34 4 89 40 48 62 87 61 96 63 86 21 18 97 65 
0 19 23 79 55 31 77 90 107 24 27 29 46 17 92 8 9 54 75 85 59 22 42 11 7 35 20 25 70 37 45 44 93 32 5 81 83 94 109 68 51 2 69 82 36 78 14 57 80 66 52 106 33 84 101 39 100 74 10 99 103 64 108 98 15 91 16 12 58 56 102 104 3 13 95 30 41 88 6 60 105 26 47 28 71 49 67 1 38 43 53 50 72 73 76 34 4 89 40 48 62 87 61 96 63 86 21 18 97 65 
0 19 23 79 55 31 77 90 107 24 27 29 46 17 92 8 9 54 75 85 59 22 42 11 7 35 20 25 70 37 45 44 93 32 5 81 83 94 109 68 51 2 69 82 36 78 14 57 80 66 52 106 33 84 101 39 100 74 10 99 103 64 108 98 15 91 16 12 58 56 102 104 3 13 95 30 41 88 6 60 105 26 47 28 71 49 67 1 38 43 53 50 72 73 76 34 4 89 40 48 62 87 61 96 63 86 21 18 97 65 
0 19 23 79 55 31 77 90 107 24 27 29 46 17 92 8 9 54 75 85 59 22 42 11 7 35 20 25 70 37 45 44 93 32 5 81 83 94 109 68 51 2 69 82 36 78 14 57 80 66 52 106 33 84 101 39 100 74 10 99 103 64 108 98 15 91 16 12 58 56 102 104 3 13 95 30 41 88 6 60 105 26 47 28 71 49 67 1 38 43 53 50 72 73 76 34 4 89 40 48 62 87 61 96 63 86 21 18 97 65 
0 19 23 79 55 31 77 90 107 24 27 29 46 17 92 8 9 54 75 85 59 22 42 11 7 35 20 25 70 37 45 44 93 32 5 81 83 94 109 68 51 2 69 82 36 78 14 57 80 66 52 106 33 84 101 39 100 74 10 99 103 64 108 98 15 91 16 12 58 56 102 104 3 13 95 30 41 88 6 60 105 26 47 28 71 49 67 1 38 43 53 50 72 73 76 34 4 89 40 48 62 87 61 96 63 86 21 18 97 65 
0 19 23 79 55 31 77 90 107 24 27 29 46 17 92 8 9 54 75 85 59 22 42 11 7 35 20 25 70 37 45 44 93 32 5 81 83 94 109 68 51 2 69 82 36 78 14 57 80 66 52 106 33 84 101 39 100 74 10 99 103 64 108 98 15 91 16 12 58 56 102 104 3 13 95 30 41 88 6 60 105 26 47 28 71 49 67 1 38 43 53 50 72 73 76 34 4 89 40 48 62 87 61 96 63 86 21 18 97 65 
0 19 23 79 55 31 77 90 107 24 27 29 46 17 92 8 9 54 75 85 59 22 42 11 7 35 20 25 70 37 45 44 93 32 5 81 83 94 109 68 51 2 69 82 36 78 14 57 80 66 52 106 33 84 101 39 100 74 10 99 103 64 108 98 15 91 16 12 58 56 102 104 3 13 95 30 41 88 6 60 105 26 47 28 71 49 67 1 38 43 53 50 72 73 76 34 4 89 40 48 62 87 61 96 63 86 21 18 97 65 
0 19 23 79 55 31 77 90 107 24 27 29 46 17 92 8 9 54 75 85 59 22 42 11 7 35 20 25 70 37 45 44 93 32 5 81 83 94 109 68 51 2 69 82 36 78 14 57 80 66 52 106 33 84 101 39 100 74 10 99 103 64 108 98 15 91 16 12 58 56 102 104 3 13 95 30 41 88 6 60 105 26 47 28 71 49 67 1 38 43 53 50 72 73 76 34 4 89 40 48 62 87 61 96 63 86 21 18 97 65 
0 19 23 79 55 31 77 90 107 24 27 29 46 17 92 8 9 54 75 85 59 22 42 11 7 35 20 25 70 37 45 44 93 32 5 81 83 94 109 68 51 2 69 82 36 78 14 57 80 66 52 106 33 84 101 39 100 74 10 99 103 64 108 98 15 91 16 12 58 56 102 104 3 13 95 30 41 88 6 60 105 26 47 28 71 49 67 1 38 43 53 50 72 73 76 34 4 89 40 48 62 87 61 96 63 86 21 18 97 65 
0 19 23 79 55 31 77 90 107 24 27 29 46 17 92 8 9 54 75 85 59 22 42 11 7 35 20 25 70 37 45 44 93 32 5 81 83 94 109 68 51 2 69 82 36 78 14 57 80 66 52 106 33 84 101 39 100 74 10 99 103 64 108 98 15 91 16 12 58 56 102 104 3 13 95 30 41 88 6 60 105 26 47 28 71 49 67 1 38 43 53 50 72 73 76 34 4 89 40 48 62 87 61 96 63 86 21 18 97 65 
0 19 23 79 55 31 77 90 107 24 27 29 46 17 92 8 9 54 75 85 59 22 42 11 7 35 20 25 70 37 45 44 93 32 5 81 83 94 109 68 51 2 69 82 36 78 14 57 80 66 52 106 33 84 101 39 100 74 10 99 103 64 108 98 15 91 16 12 58 56 102 104 3 13 95 30 41 88 6 60 105 26 47 28 71 49 67 1 38 43 53 50 72 73 76 34 4 89 40 48 62 87 61 96 63 86 21 18 97 65 
0 19 23 79 55 31 77 90 107 24 27 29 46 17 92 8 9 54 75 85 59 22 42 11 7 35 20 25 70 37 45 44 93 32 5 81 83 94 109 68 51 2 69 82 36 78 14 57 80 66 52 106 33 84 101 39 100 74 10 99 103 64 108 98 15 91 16 12 58 56 102 104 3 13 95 30 41 88 6 60 105 26 47 28 71 49 67 1 38 43 53 50 72 73 76 34 4 89 40 48 62 87 61 96 63 86 21 18 97 65 
0 19 23 79 55 31 77 90 107 24 27 29 46 17 92 8 9 54 75 85 59 22 42 11 7 35 20 25 70 37 45 44 93 32 5 81 83 94 109 68 51 2 69 82 36 78 14 57 80 66 52 106 33 84 101 39 100 74 10 99 103 64 108 98 15 91 16 12 58 56 102 104 3 13 95 30 41 88 6 60 105 26 47 28 71 49 67 1 38 43 53 50 72 73 76 34 4 89 40 48 62 87 61 96 63 86 21 18 97 65 
0 19 23 79 55 31 77 90 107 24 27 29 46 17 92 8 9 54 75 85 59 22 42 11 7 35 20 25 70 37 45 44 93 32 5 81 83 94 109 68 51 2 69 82 36 78 14 57 80 66 52 106 33 84 101 39 100 74 10 99 103 64 108 98 15 91 16 12 58 56 102 104 3 13 95 30 41 88 6 60 105 26 47 28 71 49 67 1 38 43 53 50 72 73 76 34 4 89 40 48 62 87 61 96 63 86 21 18 97 65 
0 19 23 79 55 31 77 90 107 24 27 29 46 17 92 8 9 54 75 85 59 22 42 11 7 35 20 25 70 37 45 44 93 32 5 81 83 94 109 68 51 2 69 82 36 78 14 57 80 66 52 106 33 84 101 39 100 74 10 99 103 64 108 98 15 91 16 12 58 56 102 104 3 13 95 30 41 88 6 60 105 26 47 28 71 49 67 1 38 43 53 50 72 73 76 34 4 89 40 48 62 87 61 96 63 86 21 18 97 65 
0 19 23 79 55 31 77 90 107 24 27 29 46 17 92 8 9 54 75 85 59 22 42 11 7 35 20 25 70 37 45 44 93 32 5 81 83 94 109 68 51 2 69 82 36 78 14 57 80 66 52 106 33 84 101 39 100 74 10 99 103 64 108 98 15 91 16 12 58 56 102 104 3 13 95 30 41 88 6 60 105 26 47 28 71 49 67 1 38 43 53 50 72 73 76 34 4 89 40 48 62 87 61 96 63 86 21 18 97 65 
0 19 23 79 55 31 77 90 107 24 27 29 46 17 92 8 9 54 75 85 59 22 42 11 7 35 20 25 70 37 45 44 93 32 5 81 83 94 109 68 51 2 69 82 36 78 14 57 80 66 52 106 33 84 101 39 100 74 10 99 103 64 108 98 15 91 16 12 58 56 102 104 3 13 95 30 41 88 6 60 105 26 47 28 71 49 67 1 38 43 53 50 72 73 76 34 4 89 40 48 62 87 61 96 63 86 21 18 97 65 
0 19 23 79 55 31 77 90 107 24 27 29 46 17 92 8 9 54 75 85 59 22 42 11 7 35 20 25 70 37 45 44 93 32 5 81 83 94 109 68 51 2 69 82 36 78 14 57 80 66 52 106 33 84 101 39 100 74 10 99 103 64 108 98 15 91 16 12 58 56 102 104 3 13 95 30 41 88 6 60 105 26 47 28 71 49 67 1 38 43 53 50 72 73 76 34 4 89 40 48 62 87 61 96 63 86 21 18 97 65 
0 19 23 79 55 31 77 90 107 24 27 29 46 17 92 8 9 54 75 85 59 22 42 11 7 35 20 25 70 37 45 44 93 32 5 81 83 94 109 68 51 2 69 82 36 78 14 57 80 66 52 106 33 84 101 39 100 74 10 99 103 64 108 98 15 91 16 12 58 56 102 104 3 13 95 30 41 88 6 60 105 26 47 28 71 49 67 1 38 43 53 50 72 73 76 34 4 89 40 48 62 61 96 87 63 86 21 18 97 65 
0 19 23 79 55 31 77 90 107 24 27 29 46 17 92 8 9 54 75 85 59 22 42 11 7 35 20 25 70 37 45 44 93 32 5 81 83 94 109 68 51 2 69 82 36 78 14 57 80 66 52 106 33 84 101 39 100 74 103 99 10 64 108 98 15 91 16 12 58 56 102 104 3 13 95 30 41 88 6 60 105 26 47 28 71 49 67 1 38 43 53 50 72 73 76 34 4 89 40 48 62 87 61 96 63 86 21 18 97 65 
0 19 23 79 55 31 77 90 107 24 27 29 46 17 92 8 9 54 75 85 59 22 42 11 7 35 20 25 45 37 70 44 93 32 5 81 83 94 109 68 51 2 69 82 36 78 14 57 80 66 52 106 33 84 101 39 100 74 10 99 103 64 108 98 15 91 16 12 58 56 102 104 3 13 95 30 41 88 6 60 105 26 47 28 71 49 67 1 38 43 53 50 72 73 76 34 4 89 40 48 62 87 61 96 63 86 21 18 97 65 
0 19 23 79 55 31 77 90 107 24 27 29 46 17 92 8 9 54 75 85 59 22 42 11 7 35 20 25 70 37 45 44 93 32 5 81 83 94 109 68 51 2 69 82 36 78 14 57 80 66 52 106 33 84 101 39 100 74 10 99 103 64 108 98 15 91 16 12 58 56 102 104 3 13 95 30 41 88 6 60 105 26 47 28 71 49 67 1 38 43 53 50 73 72 76 34 4 89 40 48 62 87 61 96 63 86 21 18 97 65 
0 19 23 79 55 31 77 90 107 24 27 29 46 17 92 8 9 54 75 85 59 22 42 11 7 35 20 25 70 37 45 44 93 32 5 81 83 94 109 68 51 2 69 82 36 78 14 57 80 66 52 106 33 84 101 39 100 74 10 99 103 64 108 98 15 91 16 12 58 56 102 104 3 13 95 30 41 88 6 60 105 26 47 28 71 49 1 67 38 43 53 50 72 73 76 34 4 89 40 48 62 87 61 96 63 86 21 18 97 65 
0 19 23 79 55 31 77 90 107 24 27 29 46 17 92 8 9 54 75 85 59 22 42 11 7 35 20 25 70 37 45 44 93 32 5 81 83 94 109 34 76 73 72 50 53 43 38 1 67 49 71 28 47 26 105 60 6 88 41 30 95 13 3 104 102 56 58 12 16 91 15 98 108 64 103 99 10 74 100 39 101 84 33 106 52 66 80 57 14 78 36 82 69 2 51 68 4 89 40 48 62 87 61 96 63 86 21 18 97 65 
0 19 23 79 55 31 77 90 107 24 27 29 46 17 92 8 9 54 75 85 59 22 42 11 7 35 20 25 70 37 45 44 93 32 5 81 83 94 109 68 51 2 69 82 36 78 14 57 80 66 52 106 33 84 101 39 100 74 10 99 103 64 108 91 15 98 16 12 58 56 102 104 3 13 95 30 41 88 6 60 105 26 47 28 71 49 67 1 38 43 53 50 72 73 76 34 4 89 40 48 62 87 61 96 63 86 21 18 97 65 
0 19 23 79 55 31 77 90 107 24 27 29 46 17 92 8 9 54 75 85 59 22 42 11 7 35 20 25 70 37 45 44 93 32 5 81 83 94 109 68 51 2 69 82 36 78 14 80 66 52 106 33 84 101 39 100 74 10 99 103 64 108 98 15 91 16 12 58 56 102 104 3 13 95 30 41 88 6 60 105 26 47 28 71 49 67 1 38 43 53 50 72 57 73 76 34 4 89 40 48 62 87 61 96 63 86 21 18 97 65 
0 19 23 79 55 31 77 90 107 24 27 29 46 17 92 8 9 54 75 85 59 22 42 11 7 35 20 25 70 37 45 44 93 32 5 81 83 94 109 51 68 2 69 82 36 78 14 57 80 66 52 106 33 84 101 39 100 74 10 99 103 64 108 98 15 91 16 12 58 56 102 104 3 13 95 30 41 88 6 60 105 26 47 28 71 49 67 1 38 43 53 50 72 73 76 34 4 89 40 48 62 87 61 96 63 86 21 18 97 65 
0 19 23 79 55 31 77 90 107 24 27 29 46 17 92 8 9 54 75 85 59 22 42 11 7 35 20 25 70 37 45 44 93 32 5 81 83 94 109 51 68 2 69 82 36 78 14 57 80 66 52 106 33 84 101 39 100 74 10 99 103 64 108 98 15 91 16 12 58 56 102 104 3 13 95 30 41 88 6 60 105 26 47 28 71 49 67 1 38 43 53 50 72 73 76 34 4 89 40 48 62 87 61 96 63 86 21 18 97 65 
0 19 23 79 55 31 77 90 107 24 27 29 46 17 92 8 9 54 75 85 59 22 42 11 7 35 20 25 70 37 45 44 93 32 5 81 83 94 109 68 51 2 69 82 36 78 14 57 80 66 52 106 33 84 101 39 100 74 10 99 103 64 108 98 15 91 16 12 58 56 102 104 3 13 95 30 41 88 67 6 60 105 26 47 28 71 49 1 38 43 53 50 72 73 76 34 4 89 40 48 62 87 61 96 63 86 21 18 97 65 
0 19 23 79 55 31 77 90 107 24 27 29 46 17 92 8 9 54 75 85 59 22 42 11 7 35 20 25 70 37 45 44 93 32 5 81 83 94 109 68 51 2 69 82 36 78 14 57 80 66 52 106 33 84 101 39 100 74 10 99 103 64 108 98 15 91 16 12 58 56 102 104 3 13 95 30 41 88 6 60 105 26 47 28 71 49 67 1 38 43 53 50 72 73 34 4 89 76 40 48 62 87 61 96 63 86 21 18 97 65 
0 19 23 79 55 31 77 90 107 24 27 29 46 17 92 8 9 54 75 85 59 22 42 11 7 35 20 25 70 37 45 44 93 32 5 81 83 94 109 68 51 2 69 82 36 78 14 57 80 66 52 106 33 84 101 39 100 74 10 99 103 64 108 98 15 91 16 12 58 56 102 104 3 13 30 41 88 6 60 95 105 26 47 28 71 49 67 1 38 43 53 50 72 73 76 34 4 89 40 48 62 87 61 96 63 86 21 18 97 65 
0 19 23 79 55 31 77 90 107 24 27 29 46 17 92 8 9 54 75 85 59 22 42 11 7 35 20 25 70 37 45 44 93 32 5 81 83 94 109 68 51 2 69 82 36 78 14 57 80 66 52 106 33 84 101 39 100 74 10 99 103 64 108 98 15 91 16 12 58 56 102 104 3 13 30 41 88 6 60 95 105 26 47 28 71 49 67 1 38 43 53 50 72 73 76 34 4 89 40 48 62 87 61 96 63 86 21 18 97 65 
0 19 23 79 55 31 77 90 107 24 27 29 46 17 92 8 9 54 75 85 59 22 42 11 7 35 20 25 70 37 45 44 93 32 5 81 83 94 109 68 51 2 69 82 36 78 14 57 80 66 52 33 106 84 101 39 100 74 10 99 103 64 108 98 15 91 16 12 58 56 102 104 3 13 95 30 41 88 6 60 105 26 47 28 71 49 67 1 38 43 53 50 72 73 76 34 4 89 40 48 62 87 61 96 63 86 21 18 97 65 
0 19 23 79 55 31 77 90 107 24 27 29 46 17 92 8 9 54 75 85 59 22 42 11 7 35 20 25 70 37 45 44 93 32 5 81 83 94 109 68 51 2 69 82 36 78 14 57 80 66 52 106 33 84 101 39 100 74 10 99 103 64 108 98 15 91 16 12 58 56 13 104 3 102 95 30 41 88 6 60 105 26 47 28 71 49 67 1 38 43 53 50 72 73 76 34 4 89 40 48 62 87 61 96 63 86 21 18 97 65 
0 19 23 79 55 31 77 90 107 24 27 29 46 17 92 8 9 54 75 85 59 22 42 11 7 35 20 25 70 37 45 44 93 32 5 81 83 94 109 68 51 2 69 82 36 78 14 57 80 66 52 106 33 84 101 39 100 74 10 99 103 64 108 98 15 91 16 38 1 67 49 71 28 47 26 105 60 6 88 41 30 95 13 3 104 102 56 58 12 43 53 50 72 73 76 34 4 89 40 48 62 87 61 96 63 86 21 18 97 65 
0 19 23 79 55 31 77 90 107 24 27 29 46 17 92 8 9 54 75 85 59 22 42 11 7 35 20 25 70 37 45 44 93 32 5 81 83 94 109 68 51 2 69 82 36 78 14 57 80 66 52 106 33 84 101 39 100 74 10 99 103 64 108 98 15 91 16 12 58 56 102 104 3 13 95 30 41 88 6 60 105 26 47 28 71 72 49 67 1 38 43 53 50 73 76 34 4 89 40 48 62 87 61 96 63 86 21 18 97 65 
0 19 23 79 55 31 77 90 107 24 27 29 46 17 92 8 9 54 75 85 59 22 42 11 25 35 20 7 70 37 45 44 93 32 5 81 83 94 109 68 51 2 69 82 36 78 14 57 80 66 52 106 33 84 101 39 100 74 10 99 103 64 108 98 15 91 16 12 58 56 102 104 3 13 95 30 41 88 6 60 105 26 47 28 71 49 67 1 38 43 53 50 72 73 76 34 4 89 40 48 62 87 61 96 63 86 21 18 97 65 
0 19 23 79 55 31 77 90 107 24 27 29 46 17 92 8 9 54 75 85 59 22 42 11 7 35 20 25 70 37 45 44 93 32 5 81 83 94 109 68 51 2 69 82 36 78 14 57 80 66 52 106 33 84 101 39 100 74 10 99 103 64 108 98 15 91 16 12 58 56 102 104 3 13 95 30 41 6 60 105 26 47 28 88 71 49 67 1 38 43 53 50 72 73 76 34 4 89 40 48 62 87 61 96 63 86 21 18 97 65 
0 19 23 79 55 31 77 90 107 24 27 29 46 17 92 8 9 54 75 85 59 22 42 11 7 35 20 25 70 37 5 32 93 44 45 81 83 94 109 68 51 2 69 82 36 78 14 57 80 66 52 106 33 84 101 39 100 74 10 99 103 64 108 98 15 91 16 12 58 56 102 104 3 13 95 30 41 88 6 60 49 26 47 28 71 105 67 1 38 43 53 50 72 73 76 34 4 89 40 48 62 87 61 96 63 86 21 18 97 65 
0 19 23 79 55 31 77 90 107 24 27 29 46 17 92 8 9 54 75 85 59 22 42 11 7 35 20 25 70 37 45 44 93 32 5 81 83 94 109 68 51 2 69 82 36 78 14 57 80 66 52 106 33 84 101 39 100 74 10 99 103 64 108 98 15 91 16 12 58 56 102 3 13 95 30 104 41 88 6 60 105 26 47 28 71 49 67 1 38 43 53 50 72 73 76 34 4 89 40 48 62 87 61 96 63 86 21 18 97 65 
0 19 23 79 55 31 77 90 107 24 27 29 46 17 92 8 9 54 75 85 59 22 42 11 7 35 20 25 70 37 45 44 93 32 5 81 83 94 109 68 51 2 69 82 36 78 14 57 80 66 52 106 33 84 101 10 100 74 39 99 103 64 108 98 15 91 16 12 58 56 102 104 3 13 95 30 41 88 6 60 105 26 47 28 71 49 67 1 38 43 53 50 72 73 76 34 4 89 40 48 62 87 61 96 63 86 21 18 97 65 
0 19 23 79 55 31 77 90 107 24 27 29 46 17 92 8 9 54 75 85 59 22 42 11 7 35 20 25 70 37 45 44 93 32 5 81 83 94 109 68 51 2 69 82 36 78 14 57 80 66 52 106 33 84 101 39 100 74 10 99 103 64 108 98 15 91 16 12 58 56 102 104 3 13 95 30 41 88 6 60 105 26 47 28 71 49 67 1 38 43 34 50 72 73 76 53 4 89 40 48 62 87 61 96 63 86 21 18 97 65 
0 19 23 79 55 31 77 90 107 24 27 29 46 17 92 8 9 54 75 85 59 22 42 11 7 35 20 25 70 37 45 44 93 32 5 81 83 94 109 68 51 2 69 82 36 78 14 57 80 66 52 106 33 84 101 39 100 74 10 99 103 64 108 98 15 91 16 12 58 56 102 104 3 13 30 41 88 6 60 105 26 47 28 95 71 49 67 1 38 43 53 50 72 73 76 34 4 89 40 48 62 87 61 96 63 86 21 18 97 65 
0 19 23 79 55 31 77 90 107 24 27 29 46 17 92 8 9 54 75 85 32 93 44 45 37 70 25 20 35 7 11 42 22 59 5 81 83 94 109 68 51 2 69 82 36 78 14 57 80 66 52 106 33 84 101 39 100 74 10 99 103 64 108 98 15 91 16 12 58 56 102 104 3 13 95 30 41 88 6 60 105 26 47 28 71 49 67 1 38 43 53 50 72 73 76 34 4 89 40 48 62 87 61 96 63 86 21 18 97 65 
0 19 23 79 55 31 77 90 107 24 27 29 46 17 92 8 9 54 75 85 59 22 42 11 7 35 20 70 37 45 44 93 32 5 81 83 94 109 25 68 51 2 69 82 36 78 14 57 80 66 52 106 33 84 101 39 100 74 10 99 103 64 108 98 15 91 16 12 58 56 102 104 3 13 95 30 41 88 6 60 105 26 47 28 71 49 67 1 38 43 53 50 72 73 76 34 4 89 40 48 62 87 61 96 63 86 21 18 97 65 
0 19 23 79 55 31 77 90 107 24 27 29 46 17 92 8 9 54 75 85 59 22 42 11 7 35 20 25 70 37 40 89 4 34 76 73 72 50 53 43 38 1 67 49 71 28 47 26 105 60 6 88 41 30 95 13 3 104 102 56 58 12 16 91 15 98 108 64 103 99 10 74 100 39 101 84 33 106 52 66 80 57 14 78 36 82 69 2 51 68 109 94 83 81 5 32 93 44 45 48 62 87 61 96 63 86 21 18 97 65 
0 19 23 79 55 31 77 90 107 24 27 29 46 17 92 8 9 54 75 85 59 22 42 11 7 35 20 25 70 37 45 44 93 32 5 81 83 94 109 68 51 2 69 82 36 78 14 57 80 66 52 106 33 84 101 39 100 74 10 99 103 64 108 98 38 1 67 49 71 28 47 26 105 60 6 88 41 30 95 13 3 104 102 56 58 12 16 91 15 43 53 50 72 73 76 34 4 89 40 48 62 87 61 96 63 86 21 18 97 65 
0 19 23 79 55 31 77 90 107 24 27 29 46 17 92 8 9 54 75 85 59 22 42 11 7 35 20 25 70 37 45 44 93 32 5 81 83 94 109 68 2 69 82 36 78 14 51 57 80 66 52 106 33 84 101 39 100 74 10 99 103 64 108 98 15 91 16 12 58 56 102 104 3 13 95 30 41 88 6 60 105 26 47 28 71 49 67 1 38 43 53 50 72 73 76 34 4 89 40 48 62 87 61 96 63 86 21 18 97 65 
0 19 23 79 55 31 77 90 107 24 27 29 46 17 92 8 9 54 75 85 59 22 42 11 7 35 20 25 70 37 45 44 93 32 5 81 83 94 109 68 51 2 69 76 36 78 14 57 80 66 52 106 33 84 101 39 100 74 10 99 103 64 108 98 15 91 16 12 58 56 102 104 3 13 95 30 41 88 6 60 105 26 47 28 71 49 67 1 38 43 53 50 72 73 82 34 4 89 40 48 62 87 61 96 63 86 21 18 97 65 
0 19 23 79 55 31 77 90 107 24 27 29 46 17 92 8 9 54 75 85 59 22 42 11 7 35 20 25 70 37 45 44 93 32 5 81 83 94 109 68 51 2 69 82 36 78 14 57 80 66 52 106 33 84 101 39 100 74 10 99 103 64 108 98 15 34 76 73 72 50 53 43 38 1 67 49 71 28 47 26 105 60 6 88 41 30 95 13 3 104 102 56 58 12 16 91 4 89 40 48 62 87 61 96 63 86 21 18 97 65 
0 19 23 79 55 31 77 90 107 24 27 29 46 17 92 8 9 54 75 85 59 22 42 11 7 35 20 25 70 37 45 44 93 32 5 81 83 94 109 68 51 2 69 82 36 78 14 57 80 66 52 106 33 84 101 39 100 74 10 99 103 64 108 98 15 91 16 6 58 56 102 104 3 13 95 30 41 88 12 60 105 26 47 28 71 49 67 1 38 43 53 50 72 73 76 34 4 89 40 48 62 87 61 96 63 86 21 18 97 65 
0 19 23 79 55 31 77 90 107 24 27 29 46 17 92 8 9 54 75 85 59 22 42 11 7 35 20 25 70 37 45 44 93 32 5 81 83 94 109 68 51 2 69 82 36 78 14 57 80 66 52 106 33 84 101 39 100 74 99 103 64 108 98 15 91 16 12 58 56 102 104 3 13 95 30 41 88 6 60 105 26 47 28 71 49 67 1 38 43 53 50 10 72 73 76 34 4 89 40 48 62 87 61 96 63 86 21 18 97 65 
0 19 23 79 55 31 77 90 107 24 27 29 46 17 92 8 9 54 75 85 59 22 42 11 7 35 20 25 70 37 45 44 93 32 5 81 83 94 109 68 51 2 69 82 36 78 14 57 80 66 52 106 33 84 101 39 100 74 10 99 103 64 108 98 15 91 16 12 58 56 102 104 3 13 95 30 41 88 6 60 105 26 47 28 71 49 67 1 38 43 53 50 73 76 34 4 89 40 48 62 72 87 61 96 63 86 21 18 97 65 
0 19 23 79 55 31 77 90 107 24 27 29 46 17 92 8 9 54 75 85 59 22 42 11 7 35 20 25 70 37 45 44 93 32 5 81 83 94 109 68 51 2 69 82 36 78 14 57 80 56 52 106 33 84 101 39 100 74 10 99 103 64 108 98 15 91 16 12 58 66 102 104 3 13 95 30 41 88 6 67 49 71 28 47 26 105 60 1 38 43 53 50 72 73 76 34 4 89 40 48 62 87 61 96 63 86 21 18 97 65 
0 19 23 79 55 31 77 90 107 24 27 29 46 17 92 8 9 54 75 85 59 22 42 11 7 35 20 25 70 37 45 44 93 32 5 81 83 94 109 68 51 2 69 82 36 78 14 57 80 66 52 106 33 84 101 39 100 74 10 99 103 64 108 98 15 91 16 12 58 56 102 104 3 13 95 30 49 88 6 60 105 26 47 28 71 41 67 1 38 43 53 50 72 73 76 34 4 89 40 48 62 87 61 96 63 86 21 18 97 65 
0 19 23 79 55 31 77 90 107 24 27 29 46 17 92 8 9 54 75 85 59 22 42 11 7 35 20 25 70 37 45 44 93 32 5 81 83 94 109 68 51 66 80 57 14 78 36 82 69 2 52 106 33 84 101 39 100 74 10 99 103 64 108 98 15 91 16 12 58 56 102 104 3 13 95 30 41 88 6 60 105 26 47 28 71 49 67 1 38 43 53 50 72 73 76 34 4 89 40 48 62 87 61 96 63 86 21 18 97 65 
0 19 23 79 55 31 77 90 107 24 27 29 46 17 92 8 9 54 75 85 59 22 42 11 7 35 20 25 70 37 45 44 93 32 5 81 83 94 109 68 51 2 69 82 36 78 14 57 80 66 52 12 58 56 102 104 3 13 95 30 41 88 6 60 15 91 16 106 33 84 101 39 100 74 10 99 103 64 108 98 105 26 47 28 71 49 67 1 38 43 53 50 72 73 76 34 4 89 40 48 62 87 61 96 63 86 21 18 97 65 
0 19 23 79 55 31 77 90 107 24 29 46 17 92 8 9 54 75 85 59 22 42 11 7 35 20 25 70 37 45 27 44 93 32 5 81 83 94 109 68 51 2 69 82 36 78 14 57 80 66 52 106 33 84 101 39 100 74 10 99 103 64 108 98 15 91 16 12 58 56 102 104 3 13 95 30 41 88 6 60 105 26 47 28 71 49 67 1 38 43 53 50 72 73 76 34 4 89 40 48 62 87 61 96 63 86 21 18 97 65 
0 19 23 79 55 31 77 90 107 24 27 29 46 17 92 8 9 54 75 85 59 22 42 11 7 35 20 25 70 37 45 44 93 32 5 81 83 94 109 68 51 2 69 82 36 78 14 57 80 66 52 106 33 84 101 39 100 74 10 99 103 64 108 98 15 91 16 12 58 56 102 104 3 50 53 43 38 1 67 49 71 28 47 13 95 30 41 88 6 60 105 26 72 73 76 34 4 89 40 48 62 87 61 96 63 86 21 18 97 65 
0 19 23 79 55 31 77 90 107 24 27 29 46 17 92 9 54 75 85 59 22 42 11 7 35 20 25 70 37 45 8 44 93 32 5 81 83 94 109 68 51 2 69 82 36 78 14 57 80 66 52 106 33 84 101 39 100 74 10 99 103 64 108 98 15 91 16 12 58 56 102 104 3 13 95 30 41 88 6 60 105 26 47 28 71 49 67 1 38 43 53 50 72 73 76 34 4 89 40 48 62 87 61 96 63 86 21 18 97 65 
0 19 23 79 55 31 77 90 107 24 27 29 46 17 92 8 9 54 75 85 59 22 42 11 7 35 20 25 37 45 44 93 32 5 81 83 94 109 68 51 2 69 82 36 78 14 57 80 66 52 106 33 84 101 39 100 74 10 99 103 64 108 98 15 91 16 12 58 56 102 104 3 13 95 30 41 88 6 60 105 26 47 28 71 49 67 1 38 43 53 50 72 70 73 76 34 4 89 40 48 62 87 61 96 63 86 21 18 97 65 
0 19 23 79 55 31 77 90 107 24 27 29 46 17 92 8 9 54 75 85 59 22 42 11 7 35 20 25 70 37 45 44 93 32 5 81 83 94 109 68 51 2 69 82 36 78 14 57 80 66 105 106 33 84 101 39 100 74 10 99 103 64 108 98 15 91 16 12 58 56 102 104 3 13 95 30 41 88 6 60 52 26 47 28 71 49 67 1 38 43 53 50 72 73 76 34 4 89 40 48 62 87 61 96 63 86 21 18 97 65 
0 19 23 79 55 31 77 90 107 24 27 29 46 17 92 8 9 54 75 85 59 22 42 11 7 35 20 25 70 37 45 44 93 32 5 81 83 94 109 68 51 2 69 82 36 78 14 57 80 66 30 73 52 106 33 84 101 39 100 74 10 99 103 64 108 98 15 91 16 12 58 56 102 104 3 13 95 41 88 6 60 105 26 47 28 71 49 67 1 38 43 53 50 72 76 34 4 89 40 48 62 87 61 96 63 86 21 18 97 65 
0 19 23 79 55 31 77 90 107 24 27 29 46 17 92 8 9 54 75 85 59 22 42 11 7 35 20 25 70 37 45 44 93 32 5 81 83 94 109 68 51 2 69 82 36 78 14 57 80 66 52 106 33 84 101 39 100 74 10 99 103 64 108 6 60 105 26 47 28 71 49 67 1 38 43 53 50 72 98 15 91 16 12 58 56 102 104 3 13 95 30 41 88 73 76 34 4 89 40 48 62 87 61 96 63 86 21 18 97 65 
0 19 23 79 55 31 77 90 107 24 27 29 46 17 92 8 9 54 75 85 59 22 42 11 7 35 20 25 72 50 53 43 38 1 67 49 71 28 47 26 105 60 6 88 41 30 95 13 3 104 102 56 58 12 16 91 15 98 108 64 103 99 10 74 100 39 101 84 33 106 52 66 80 57 14 78 36 82 69 2 51 68 109 94 83 81 5 32 93 44 45 37 70 73 76 34 4 89 40 48 62 87 61 96 63 86 21 18 97 65 
0 19 23 79 55 31 77 90 107 24 27 29 46 17 92 8 9 54 75 85 59 22 42 11 7 35 20 25 70 37 45 44 93 32 5 81 83 94 109 68 51 2 69 82 36 78 14 57 80 66 52 102 33 84 101 39 100 74 10 99 103 64 108 98 15 91 16 12 58 56 106 104 3 13 95 30 41 88 6 60 105 26 47 28 71 49 67 1 38 43 53 50 72 73 76 34 4 89 40 48 62 87 61 96 63 86 21 18 97 65 
0 19 23 79 55 31 77 90 107 24 27 29 46 17 92 8 9 54 75 85 59 22 42 11 7 35 20 25 70 37 45 44 93 32 5 81 83 94 109 68 51 2 69 82 36 78 14 57 80 66 52 106 33 84 101 39 100 74 10 99 103 64 108 98 15 91 16 12 58 56 102 104 3 13 95 30 41 88 6 60 105 26 47 28 71 49 67 1 38 43 53 50 72 73 76 34 4 89 40 48 62 87 61 97 63 86 21 18 96 65 
0 19 23 79 55 31 77 90 107 24 27 29 46 17 92 8 59 54 75 85 9 22 42 11 7 35 20 25 70 37 45 44 93 32 5 81 83 94 48 40 89 4 34 76 73 72 50 53 43 38 1 67 49 71 28 47 26 105 60 6 88 41 30 95 13 3 104 102 56 58 12 16 91 15 98 108 64 103 99 10 74 100 39 101 84 33 106 52 66 80 57 14 78 36 82 69 2 51 68 109 62 87 61 96 63 86 21 18 97 65 
0 19 23 79 55 31 77 90 107 24 27 29 46 17 92 8 9 54 75 85 59 22 42 11 7 35 20 25 70 37 45 44 93 32 5 81 83 94 109 68 51 2 69 82 36 78 14 57 80 66 52 106 33 84 101 39 100 74 10 99 103 64 108 98 15 91 16 12 58 56 102 104 3 13 95 30 41 26 6 60 105 88 47 71 49 67 1 38 43 53 50 72 73 28 76 34 4 89 40 48 62 87 61 96 63 86 21 18 97 65 
0 19 23 79 55 31 77 90 107 24 27 29 46 17 92 8 9 54 75 85 59 22 42 11 7 35 20 25 70 37 45 44 93 32 5 81 83 94 109 68 51 2 69 82 36 78 14 57 80 66 52 106 33 84 101 39 100 74 10 99 103 64 108 98 15 91 16 12 58 56 102 104 3 13 95 30 41 26 6 60 105 88 47 71 49 67 1 38 43 53 50 72 73 28 76 34 4 89 40 48 62 87 61 96 63 86 21 18 97 65 
0 19 23 79 55 31 77 90 107 24 27 29 46 17 92 8 9 54 75 85 59 22 42 11 7 35 20 25 70 37 45 44 93 32 5 81 83 94 109 68 51 2 69 82 36 78 14 57 88 41 30 95 13 3 104 102 56 58 12 16 91 15 98 108 64 103 99 10 74 100 39 101 84 33 106 52 66 80 6 60 105 26 47 71 49 67 1 38 43 53 50 28 72 73 76 34 4 89 40 48 62 87 61 96 63 86 21 18 65 97 
0 19 23 79 55 31 77 90 107 24 27 29 46 17 92 8 9 54 75 85 59 22 42 11 7 35 20 25 70 37 45 44 93 32 5 81 83 94 109 68 51 2 69 82 36 78 14 57 80 66 52 106 33 84 101 39 100 74 10 99 103 64 108 98 15 91 16 12 58 56 104 3 13 95 30 41 88 6 60 105 26 47 28 71 49 67 1 38 43 53 50 72 73 76 4 89 34 40 102 48 62 87 61 96 63 86 21 18 97 65 
0 19 23 79 55 31 77 90 107 24 27 29 46 17 92 8 9 54 75 85 59 22 42 11 7 35 20 25 70 37 45 44 93 32 5 81 83 94 109 68 51 2 69 82 36 78 14 57 60 66 52 106 33 84 101 39 100 74 10 99 103 64 108 98 15 91 16 12 58 56 102 104 3 13 95 30 41 88 6 80 105 26 47 28 71 49 67 1 38 43 53 50 72 73 76 34 4 89 40 48 62 87 61 96 63 86 21 18 97 65 
0 19 23 79 55 31 77 90 107 24 27 29 46 17 92 8 9 54 75 85 78 36 82 69 2 51 68 109 94 83 81 5 32 93 44 45 37 70 25 20 35 7 11 42 22 59 14 57 80 66 52 106 33 84 101 39 100 74 10 99 103 64 108 98 15 91 16 12 58 56 102 104 3 13 95 30 41 88 6 60 105 26 47 28 71 49 67 1 38 43 53 50 72 73 76 34 4 89 40 48 62 87 61 96 63 86 21 18 97 65 
0 19 23 79 55 31 77 90 107 24 27 29 46 17 92 8 9 54 75 85 59 22 42 11 7 35 20 25 70 37 45 44 93 32 5 81 83 94 109 68 51 2 69 82 36 78 14 57 80 66 52 106 33 84 101 39 100 74 10 99 103 64 108 98 15 91 16 12 58 56 102 104 3 13 95 30 41 88 6 60 105 26 47 62 48 40 89 4 34 76 73 72 50 53 43 38 1 67 49 71 28 87 61 96 63 86 21 18 97 65 
0 19 23 79 55 31 77 90 107 24 27 29 46 17 92 8 9 54 75 85 59 22 42 11 7 35 20 25 70 37 45 44 93 32 5 81 83 94 109 68 51 2 69 82 36 78 14 57 80 66 52 106 33 84 101 39 100 74 10 99 103 64 108 98 15 91 16 12 58 56 102 104 3 13 95 30 41 88 6 60 105 26 47 28 71 49 67 1 38 43 53 50 72 73 76 34 4 89 40 48 62 87 61 96 86 21 18 97 63 65 
0 19 23 79 55 31 77 90 107 24 27 29 46 17 92 8 9 54 75 85 59 22 42 11 7 35 20 25 70 37 45 44 93 32 5 81 83 94 109 68 51 2 69 82 36 78 14 57 80 66 52 106 33 84 101 39 100 74 10 99 103 64 108 98 15 91 16 12 58 56 102 104 3 13 95 30 41 88 6 60 105 26 47 28 71 49 67 1 38 43 62 50 72 73 76 34 4 89 40 48 53 87 61 96 63 86 21 18 97 65 
0 19 23 79 55 31 77 90 107 24 27 29 46 17 92 8 9 54 75 85 59 22 42 11 7 35 20 25 70 37 45 44 93 32 5 81 83 94 109 68 51 2 69 82 36 78 14 57 80 66 52 106 33 84 101 39 100 74 10 99 103 64 108 98 15 91 16 12 58 56 102 104 3 13 95 30 41 88 6 60 105 26 47 28 71 49 67 1 38 43 53 50 72 73 76 34 4 89 86 63 96 61 87 62 48 40 21 18 97 65 
0 19 23 79 55 31 77 90 107 24 27 29 46 17 92 8 9 54 75 85 59 22 42 11 7 35 20 25 70 37 45 44 93 32 5 81 12 16 91 15 98 108 64 103 99 10 74 100 39 101 84 33 106 52 66 80 57 14 78 36 82 69 2 51 68 109 94 83 58 56 102 104 3 13 95 30 41 88 6 60 105 26 47 28 71 49 67 1 38 43 53 50 72 73 76 34 4 89 40 48 62 87 61 96 63 86 21 18 97 65 
0 19 23 79 55 31 77 90 107 24 27 29 46 17 92 8 9 54 75 85 59 22 42 11 7 35 20 25 70 37 45 44 93 32 5 81 83 94 109 68 51 2 69 82 36 78 14 57 80 66 52 106 33 84 101 39 100 74 10 99 103 64 108 98 15 91 16 12 58 56 102 104 3 13 95 30 41 88 6 60 105 26 47 28 71 49 67 1 38 43 53 50 72 73 76 34 4 89 40 48 62 87 61 96 63 86 21 97 65 18 
0 19 23 79 55 31 77 90 107 24 27 29 46 17 92 8 9 54 75 85 59 22 42 11 7 35 20 25 70 37 45 44 93 32 5 81 83 94 109 68 51 78 69 82 36 2 14 57 80 52 106 33 84 101 39 100 74 10 99 103 64 108 98 15 91 16 12 58 56 102 104 3 1 95 30 41 88 6 60 105 26 47 28 71 49 67 13 38 43 53 50 72 73 66 76 34 4 89 40 48 62 87 61 96 63 86 21 18 97 65 
0 19 23 79 55 31 77 90 107 24 27 29 46 17 92 8 9 54 75 85 59 22 42 11 7 35 20 25 70 37 45 44 93 32 57 80 66 52 106 33 84 101 69 82 36 78 14 5 81 83 94 109 68 51 2 39 100 74 10 99 103 64 108 98 15 91 16 12 58 56 102 104 3 13 95 30 41 88 6 60 105 26 47 28 71 49 67 1 38 43 53 50 72 73 76 34 4 89 40 48 62 87 61 96 63 86 21 18 97 65 
0 19 23 79 55 31 77 90 107 24 27 29 46 17 92 8 9 54 75 85 59 22 42 11 7 35 20 25 70 37 45 44 93 32 5 81 83 94 109 68 51 2 69 82 36 78 57 80 66 52 106 33 84 101 39 100 74 10 99 103 64 108 98 15 91 16 12 58 56 102 104 3 13 95 30 41 88 6 60 105 26 47 28 71 49 67 1 38 43 53 50 72 73 76 34 4 89 40 48 62 87 61 14 96 63 21 86 18 97 65 
0 19 23 79 55 31 77 90 107 24 27 29 46 17 92 8 9 54 75 85 59 22 42 11 7 35 20 25 70 37 45 44 93 32 5 81 83 94 109 68 51 2 69 82 36 78 14 57 80 66 52 106 33 84 101 39 100 74 10 99 103 64 108 98 15 91 16 12 58 56 102 104 3 13 95 30 41 88 6 60 105 26 47 28 71 49 67 1 38 43 53 50 72 73 76 34 89 40 48 62 87 61 96 63 86 21 4 18 97 65 
0 19 23 55 31 77 90 107 24 27 29 46 17 92 8 9 54 75 85 59 22 42 11 7 35 20 25 70 37 45 44 93 32 5 79 81 83 94 109 68 51 2 69 82 36 78 14 57 80 66 52 106 33 84 101 39 100 74 10 99 103 64 108 98 15 91 16 12 58 56 102 104 3 13 95 30 41 88 6 60 105 26 47 28 71 49 67 1 38 43 53 50 72 73 76 34 4 89 40 48 62 87 61 96 63 86 21 18 97 65 
0 19 23 79 55 31 77 90 107 24 27 29 46 17 92 8 9 54 75 85 59 22 42 11 7 35 20 25 70 37 45 44 93 32 5 81 83 94 109 68 51 2 69 82 36 78 14 57 80 66 52 106 33 84 101 39 100 74 10 49 103 64 108 98 15 91 16 12 58 56 102 104 3 13 95 30 41 88 6 60 105 26 47 28 71 99 67 1 38 43 53 50 72 73 76 34 4 89 40 48 62 87 61 96 63 86 21 18 97 65 
0 19 23 79 55 31 77 90 107 24 27 29 46 17 92 8 54 75 85 59 22 42 11 7 35 20 25 70 37 45 44 93 32 5 81 83 94 109 68 51 2 69 82 36 78 14 57 80 66 52 106 33 9 84 101 39 100 74 10 99 103 64 108 98 15 91 16 12 58 56 102 104 3 13 95 30 41 88 6 60 105 26 47 28 71 49 67 1 38 43 53 50 72 73 76 34 4 89 40 48 62 87 61 96 63 86 21 18 97 65 
0 19 23 79 55 31 77 90 107 27 29 46 17 92 8 9 24 54 75 85 59 22 42 11 7 35 20 25 70 37 45 44 93 32 5 81 83 94 109 68 51 2 69 82 36 78 14 57 80 66 52 106 33 84 101 39 100 74 10 99 103 64 108 98 15 91 16 12 58 56 102 104 3 13 95 30 41 88 6 60 105 26 47 28 71 49 67 1 38 43 53 50 72 73 76 34 4 89 40 62 87 61 96 63 86 48 21 18 97 65 
0 19 23 79 55 31 77 90 107 24 27 29 46 17 92 8 9 54 75 85 59 22 42 11 7 35 20 25 70 37 45 44 93 32 5 81 83 94 109 68 51 52 69 82 36 78 14 57 80 66 2 106 33 84 101 39 100 74 10 99 103 64 108 98 15 91 16 12 58 56 102 104 3 13 95 30 41 88 6 60 105 26 47 28 71 49 67 1 38 43 53 50 72 73 76 34 4 89 40 48 62 87 61 96 63 86 21 18 97 65 
0 19 23 79 55 31 77 90 107 24 27 29 46 17 92 8 9 54 75 85 72 22 42 11 7 35 20 25 70 37 59 45 44 93 32 5 81 83 94 109 68 51 2 69 82 36 78 14 57 80 66 52 106 33 84 101 39 100 74 10 99 103 64 108 98 15 91 16 12 58 56 102 104 3 13 95 30 41 88 6 60 105 26 47 28 71 49 67 1 38 43 53 50 73 76 34 4 89 40 48 62 87 61 96 63 86 21 18 97 65 
0 19 23 79 55 31 77 90 107 24 27 29 46 17 92 8 9 54 75 85 74 10 99 103 64 108 98 15 91 16 12 58 56 102 104 3 13 95 30 41 88 6 60 105 26 47 28 57 80 66 52 106 33 84 101 39 100 59 22 42 11 7 35 20 25 70 37 45 44 93 32 5 81 83 94 109 68 51 2 69 82 36 78 14 71 49 67 1 38 43 53 50 72 73 76 34 4 89 40 48 62 87 61 96 63 86 21 18 97 65 
0 19 23 79 55 31 77 90 107 24 27 29 46 17 92 8 9 54 75 85 59 22 42 11 66 80 57 14 78 36 82 69 2 51 68 109 94 83 81 5 32 93 44 45 37 70 25 20 35 7 52 106 33 84 101 39 100 74 10 99 103 64 108 98 15 91 16 12 58 56 102 104 3 13 95 30 41 88 6 60 105 26 47 28 71 49 67 1 38 43 53 50 72 73 76 34 4 89 40 48 62 87 61 96 63 86 21 18 97 65 
0 19 23 79 55 31 77 90 107 24 27 29 46 17 92 8 9 54 75 85 59 22 42 11 7 35 20 25 70 37 45 44 93 32 5 81 83 94 109 68 51 2 38 43 53 50 72 73 76 34 4 106 33 84 101 39 100 74 10 99 103 64 108 98 15 91 16 12 58 56 102 104 3 13 95 30 41 88 6 60 105 26 47 28 71 49 67 1 69 82 36 78 14 57 80 66 52 89 40 48 62 87 61 96 63 86 21 18 97 65 
0 19 23 79 55 31 77 90 107 24 27 29 46 17 92 8 9 54 75 85 59 22 42 11 7 35 20 25 70 37 45 44 93 32 5 81 83 94 109 68 51 2 69 82 36 78 62 48 40 89 4 34 76 73 72 50 53 43 38 1 67 49 71 28 6 26 105 60 47 88 41 30 95 13 3 104 102 56 58 12 16 91 15 98 108 64 103 99 10 74 100 39 101 84 33 106 52 66 80 57 14 87 61 96 63 86 21 18 97 65 
0 19 23 79 55 31 77 90 107 24 27 29 46 17 92 8 9 54 75 85 59 22 42 91 15 98 108 64 103 99 10 74 100 39 101 84 33 106 52 66 80 57 14 78 36 82 69 2 51 68 109 94 83 81 5 32 93 44 45 37 70 25 20 35 7 11 16 12 58 56 102 104 3 13 95 30 41 88 6 60 105 26 47 28 71 49 67 1 38 43 53 50 72 73 76 34 4 89 40 48 62 87 61 96 63 86 21 18 97 65 
0 19 23 79 55 31 77 90 107 24 27 29 46 17 92 8 9 54 75 59 22 42 11 7 35 20 25 70 37 45 44 93 32 5 81 83 94 109 68 51 2 69 82 36 78 14 57 80 66 52 106 33 84 101 39 100 74 10 99 103 64 108 98 15 91 16 12 58 56 102 104 3 13 95 30 41 88 6 60 105 26 47 28 71 49 67 1 38 43 53 50 72 73 76 34 4 89 40 48 62 87 61 96 85 63 86 21 18 97 65 
0 19 23 79 55 31 77 90 107 24 27 29 46 17 92 8 9 54 75 85 59 22 42 11 7 35 20 21 86 63 96 61 87 62 48 40 89 4 34 76 73 72 50 53 43 38 1 67 49 71 28 47 26 105 60 6 88 41 30 95 13 3 104 102 56 58 12 16 91 15 98 108 64 103 99 10 74 100 39 101 84 33 106 52 66 80 57 14 78 36 82 69 2 51 68 109 94 83 81 5 32 93 44 45 37 70 25 18 97 65 
0 19 23 79 55 31 77 90 107 24 27 29 46 17 92 8 9 54 75 85 59 22 42 11 7 35 20 25 70 37 45 44 93 32 5 81 83 94 109 68 51 60 105 26 47 28 71 49 67 1 38 106 33 84 101 39 100 74 10 99 103 64 108 98 15 91 16 12 58 56 102 104 3 13 95 30 41 88 6 2 69 82 36 78 14 57 80 66 52 43 53 50 72 73 76 34 4 89 40 48 62 87 61 96 63 86 21 18 97 65 
0 19 23 79 55 31 77 90 107 24 27 29 46 17 92 8 9 54 75 85 59 22 42 11 7 35 20 25 70 37 45 44 93 32 10 81 83 94 109 68 51 2 69 82 36 78 14 57 80 66 52 106 33 84 101 39 100 74 5 99 103 64 108 98 15 91 16 12 58 56 102 104 3 13 95 30 41 88 6 60 105 26 47 28 71 49 67 1 38 43 53 50 72 73 76 34 4 89 40 48 62 87 61 96 63 86 21 18 97 65 
0 19 23 79 55 31 77 90 107 24 27 29 46 17 92 8 9 54 75 85 59 22 42 11 7 35 20 84 37 45 44 93 32 5 81 83 94 109 68 51 2 69 82 36 78 14 57 80 66 52 106 33 70 25 101 39 100 74 10 99 103 64 108 98 15 91 16 12 58 56 102 104 3 13 95 30 41 88 6 60 105 26 47 28 71 49 67 1 38 43 53 50 72 73 76 34 4 89 40 48 62 87 61 96 63 86 21 18 97 65 
0 19 23 79 55 31 77 90 107 24 27 29 46 17 92 8 9 54 75 85 59 22 42 11 7 35 20 25 70 37 45 44 93 32 5 81 83 94 109 68 51 2 69 82 36 78 14 57 80 66 52 106 33 84 101 39 100 74 10 99 103 64 108 98 15 91 16 12 58 56 102 104 3 13 30 41 88 6 60 95 105 26 47 28 49 67 1 38 43 53 50 34 73 76 72 4 89 40 48 62 87 61 71 96 63 86 21 18 97 65 
0 19 23 79 31 77 90 107 24 27 29 46 17 92 8 9 54 75 85 59 22 42 11 7 35 20 25 70 37 45 44 93 32 5 81 83 94 109 68 51 2 69 82 36 78 14 57 80 66 52 106 33 84 101 39 100 74 10 99 103 64 108 98 15 91 16 12 58 56 102 104 3 13 95 30 41 88 6 60 105 26 47 28 71 49 67 1 38 43 53 50 72 73 76 34 4 89 40 48 62 87 61 55 96 63 86 21 18 97 65 
0 19 23 79 31 77 90 107 24 27 29 46 17 92 8 9 54 75 85 59 22 42 11 7 35 20 25 70 37 45 44 93 32 5 81 83 94 109 68 51 2 69 82 36 78 14 57 80 66 52 106 33 84 101 39 100 74 10 99 103 64 108 98 15 91 16 12 58 56 102 104 3 13 95 30 41 88 6 60 105 26 47 28 71 49 67 1 38 43 53 50 72 73 76 34 4 89 40 48 62 87 61 55 96 63 86 21 18 97 65 
0 19 23 79 55 31 77 90 107 24 27 29 46 17 92 8 9 54 75 85 59 22 42 11 7 35 20 25 70 37 45 44 93 32 5 81 83 94 109 68 51 2 69 82 36 78 14 57 28 47 26 105 60 6 88 41 30 95 13 3 104 102 56 58 12 16 91 15 98 108 103 99 10 74 100 39 101 84 33 106 52 66 80 71 49 67 1 38 43 53 50 72 73 76 34 4 89 40 48 62 87 61 64 96 63 86 21 18 97 65 
0 19 23 79 55 31 77 90 107 24 27 29 46 17 92 8 9 54 75 85 59 22 42 11 7 20 25 70 37 45 44 93 32 5 81 83 94 109 68 51 2 69 82 36 78 14 57 80 66 52 106 33 84 101 39 100 74 10 99 103 64 108 98 15 91 16 35 12 58 56 102 104 3 13 95 30 41 88 6 60 105 26 47 28 71 49 67 1 38 43 53 50 72 73 76 34 4 89 40 48 62 87 61 96 63 86 21 18 97 65 
0 19 23 79 55 31 77 90 107 24 27 29 46 17 92 8 9 54 75 85 59 22 42 11 7 35 20 25 70 37 45 44 93 32 5 81 83 94 109 68 51 2 69 82 36 78 14 57 80 66 52 106 33 84 101 39 100 74 10 99 103 64 108 98 15 91 16 12 58 56 102 104 3 13 95 30 41 88 6 60 105 26 47 28 71 40 48 62 87 61 96 63 72 73 76 34 4 89 49 67 1 38 43 53 50 86 21 18 97 65 
0 19 23 79 55 31 77 90 107 24 27 29 46 17 92 8 9 54 75 85 59 22 42 11 7 35 20 25 70 37 45 44 93 32 5 81 83 94 109 68 51 2 69 82 36 78 14 57 80 66 52 106 33 84 101 39 100 74 10 99 103 64 108 98 15 91 16 12 58 56 102 104 3 76 95 30 41 88 6 60 105 26 47 28 71 49 67 1 38 43 53 50 72 73 13 34 4 89 40 48 62 87 61 96 63 86 21 18 97 65 
0 19 23 79 31 77 90 107 24 27 29 46 17 92 8 9 54 75 85 59 22 42 11 7 35 20 25 70 37 45 44 93 32 5 81 83 94 109 68 51 2 69 82 36 78 14 57 80 66 52 106 33 84 101 39 100 74 10 99 103 64 108 98 15 91 16 12 58 56 102 104 3 13 95 30 41 88 6 60 105 26 47 28 71 49 67 1 38 43 53 50 72 73 76 34 4 89 40 48 62 87 55 61 96 63 86 21 18 97 65 
0 19 23 79 55 31 77 90 107 24 27 29 78 36 82 69 2 51 68 109 94 83 81 5 32 93 44 45 37 70 25 20 35 7 11 42 22 59 85 75 54 9 8 92 17 46 14 57 80 66 52 106 33 84 101 39 100 74 10 99 103 64 108 98 15 91 16 12 58 56 102 104 3 13 95 30 41 88 6 60 105 26 47 28 71 49 67 1 38 43 53 50 72 73 76 34 4 89 40 48 62 87 61 96 63 86 21 18 97 65 
0 19 23 79 55 31 77 90 107 24 27 29 46 17 92 8 9 54 75 85 59 22 42 11 7 35 20 25 70 37 45 44 93 32 5 81 83 94 109 68 51 2 69 82 36 78 14 57 71 49 67 1 38 43 53 50 72 73 76 34 4 89 40 48 62 87 61 96 86 63 21 18 3 13 95 30 41 88 6 60 105 26 47 28 80 66 52 106 33 84 101 39 100 74 10 99 103 64 108 98 15 91 16 12 58 56 102 104 97 65 
0 19 23 79 55 31 77 90 107 24 27 29 46 17 92 8 9 54 75 85 59 22 42 11 7 35 20 25 70 37 45 44 78 32 5 4 83 94 109 68 51 2 69 82 36 93 14 57 80 66 52 106 33 84 101 39 100 74 10 99 103 64 108 98 15 91 16 12 58 56 102 104 3 13 95 30 41 88 6 60 105 26 47 71 28 49 67 1 38 43 53 50 72 73 76 34 81 89 40 48 62 87 61 96 63 86 21 18 97 65 
0 19 23 79 55 31 77 90 107 24 27 29 46 17 92 8 9 54 75 85 59 22 42 11 7 35 20 25 70 37 45 44 93 32 5 81 83 94 109 68 51 2 69 82 36 78 14 57 80 66 52 106 33 84 101 61 87 62 48 40 89 4 34 76 73 72 50 53 43 38 1 67 49 71 28 47 26 105 60 6 88 41 30 95 13 3 104 102 56 58 12 16 91 15 98 108 64 103 99 10 74 100 39 96 63 86 21 18 97 65 
0 19 23 79 55 31 77 90 107 24 27 29 46 17 92 8 9 54 75 85 59 22 42 11 7 35 20 25 70 37 100 44 93 32 5 81 83 94 109 68 51 2 69 82 36 78 14 57 80 66 52 106 33 84 101 39 45 74 10 99 103 64 108 98 15 91 16 12 58 56 102 104 3 13 95 30 41 88 6 60 105 26 47 28 71 49 67 1 38 43 53 50 72 73 76 34 4 89 40 48 62 87 61 96 63 86 21 18 97 65 
0 19 23 79 55 31 77 90 107 24 27 29 46 17 92 8 9 54 75 85 59 22 42 11 7 35 20 25 70 37 45 44 93 32 5 81 83 57 14 78 36 82 69 2 51 68 109 94 80 66 52 106 33 84 101 39 100 74 10 99 103 64 108 98 15 91 16 12 58 56 102 104 3 13 95 30 41 88 6 60 105 26 47 28 71 49 67 1 38 43 53 50 72 73 76 34 4 89 40 48 62 87 61 96 86 21 18 97 65 63 
0 19 23 79 55 31 77 90 107 24 27 29 46 17 92 8 9 54 75 85 59 22 42 11 7 35 20 25 70 37 45 44 93 32 5 81 83 94 109 68 51 2 69 82 36 78 14 57 80 66 52 106 33 84 101 100 74 10 99 103 64 108 98 15 91 16 12 58 56 102 104 3 13 95 30 41 88 6 60 105 26 47 28 71 49 67 1 38 43 53 50 72 73 76 34 4 89 40 48 62 87 61 39 96 63 86 21 18 97 65 
0 19 23 79 55 31 77 90 107 24 27 29 46 17 92 8 9 54 75 85 103 64 108 98 15 91 16 12 58 56 102 104 3 13 95 30 41 88 6 60 105 26 47 28 71 49 67 1 38 43 53 50 72 73 76 34 4 74 10 99 59 22 11 42 7 35 20 25 70 37 45 44 93 32 5 81 83 94 109 68 51 2 69 82 36 78 14 57 80 66 52 106 33 84 101 39 100 89 40 48 62 87 61 96 63 86 21 18 97 65 
0 19 23 79 55 31 77 90 107 24 27 29 46 17 92 8 9 54 75 85 59 22 42 11 7 35 20 25 70 37 45 44 100 39 101 84 33 106 52 66 28 47 26 105 60 6 88 41 30 68 109 94 83 81 5 32 93 74 10 99 103 64 108 98 15 91 16 12 58 56 102 104 3 13 95 51 2 69 82 36 78 14 57 80 71 49 67 1 38 43 53 50 72 73 76 34 4 89 40 48 62 87 61 96 63 86 21 18 97 65 
0 19 23 79 55 31 77 90 107 24 27 46 17 92 8 9 54 75 85 59 22 42 11 7 35 20 25 70 37 45 44 93 32 5 81 83 94 109 68 51 2 69 82 36 78 14 57 80 66 52 106 33 84 101 39 100 74 10 99 103 64 29 108 98 15 91 16 12 58 56 102 104 3 13 95 30 41 88 6 60 105 26 47 28 71 49 67 1 38 43 53 50 72 73 76 34 4 89 40 48 62 87 61 96 63 86 21 18 97 65 
0 19 23 79 55 31 77 90 107 24 27 29 46 17 92 8 9 54 75 85 59 22 42 11 7 35 20 34 4 89 40 48 62 87 61 81 83 94 109 68 51 2 69 82 36 78 14 57 80 66 52 106 33 84 101 39 100 74 10 99 103 64 108 98 15 91 16 12 58 56 102 104 3 13 95 30 41 88 6 60 105 26 47 28 71 49 67 1 38 43 53 72 50 73 76 25 70 37 45 44 93 32 5 96 63 21 18 86 97 65 
0 19 23 79 55 31 77 90 107 24 27 29 46 17 92 8 9 54 75 85 36 82 69 2 51 68 109 94 83 81 5 32 93 44 45 37 70 25 20 35 7 11 42 22 59 78 14 57 80 66 52 106 33 84 101 39 100 74 10 99 103 64 108 98 15 91 88 12 58 56 102 104 3 13 95 30 41 16 6 60 105 26 47 28 71 49 67 1 38 43 53 50 72 73 76 34 4 89 40 48 62 87 61 96 63 86 21 18 97 65 
0 19 23 79 55 31 77 90 33 106 52 66 80 57 14 78 36 82 69 2 51 68 109 94 83 81 5 32 93 44 45 37 70 25 20 35 7 11 42 22 59 85 75 54 9 8 92 17 46 29 27 24 107 84 101 39 100 74 10 99 103 16 64 108 98 15 91 12 58 56 102 104 3 13 95 30 41 88 6 60 105 26 47 28 71 49 67 1 38 43 53 50 72 73 76 34 4 89 40 48 62 87 61 96 63 86 21 18 97 65 
0 19 23 79 55 31 77 90 107 24 27 29 46 17 92 8 9 54 75 85 59 101 42 11 7 35 20 25 70 37 45 44 93 32 5 81 83 94 109 68 51 2 69 82 36 78 14 57 80 66 52 106 33 84 22 39 100 74 10 99 103 64 108 98 15 91 16 12 58 56 102 104 3 13 95 30 41 88 6 60 105 26 47 28 71 49 67 1 38 43 53 50 72 73 76 34 4 89 40 48 62 87 61 96 63 86 21 18 97 65 
0 19 23 79 55 31 77 90 107 24 27 29 46 17 92 8 9 54 75 85 59 22 42 11 7 35 41 30 95 13 3 104 102 56 58 12 66 91 15 98 108 64 103 99 10 74 100 39 101 84 33 106 52 16 80 57 14 78 36 82 69 2 51 68 109 94 83 81 5 32 93 44 45 37 70 25 20 88 6 60 105 26 47 28 71 49 67 1 38 43 53 50 72 73 76 34 4 89 40 48 62 87 61 96 63 86 21 18 97 65 
0 19 23 79 55 31 77 90 107 24 27 29 46 17 92 8 9 54 75 85 59 22 42 11 34 35 20 25 70 37 45 44 93 32 5 81 83 94 109 68 51 2 69 82 36 78 14 57 80 66 52 106 33 84 101 39 100 74 10 99 103 64 108 98 15 91 16 12 58 56 102 104 3 13 95 30 41 88 6 60 105 26 47 28 71 49 67 1 38 43 53 50 72 73 76 7 4 89 40 48 62 87 61 96 63 86 21 18 97 65 
0 19 23 79 55 31 77 90 107 24 27 29 46 17 83 8 9 54 75 85 59 22 42 11 7 35 20 25 70 37 45 44 93 32 5 81 92 94 109 68 51 2 69 82 36 78 14 57 80 66 52 106 33 84 101 39 100 74 10 99 103 64 108 98 15 91 16 12 58 56 102 104 3 13 95 30 41 88 6 60 105 26 47 28 71 49 67 1 38 43 53 50 72 73 76 34 4 89 40 48 62 87 61 96 63 86 21 18 97 65 
0 19 23 79 55 31 77 90 107 24 29 46 17 92 8 9 54 75 85 59 22 42 11 7 35 20 25 70 37 45 44 93 32 5 81 83 94 109 68 51 2 69 82 36 78 14 57 80 66 52 106 33 84 101 39 100 74 10 99 103 64 108 98 15 91 16 12 58 56 102 104 3 13 95 30 41 88 6 60 105 26 47 28 71 49 67 27 1 38 43 53 50 72 73 76 34 4 89 40 48 62 87 61 96 63 86 21 18 97 65 
0 19 23 79 55 31 77 90 107 24 27 29 46 17 92 8 9 54 75 85 59 22 42 11 7 35 76 25 70 37 45 44 20 93 32 5 81 83 94 109 68 51 2 69 82 36 78 14 57 80 66 52 106 33 84 101 39 100 74 10 99 103 64 108 98 15 91 16 12 58 56 102 104 3 13 95 30 41 88 6 60 105 26 47 28 71 49 67 1 38 43 53 50 72 73 34 4 89 40 48 62 87 61 97 63 86 21 18 96 65 
0 19 23 79 55 17 77 90 107 24 27 29 46 31 92 8 9 54 75 85 59 22 42 11 7 35 20 25 70 37 45 44 93 94 83 81 5 109 32 68 51 2 69 82 36 78 14 57 80 66 52 106 33 84 101 39 100 74 10 99 103 64 108 98 15 91 16 12 58 56 102 104 3 13 95 30 41 88 6 60 105 26 47 28 71 49 67 1 38 43 53 50 72 73 76 34 4 89 40 48 62 87 61 96 63 86 21 18 97 65 
0 19 23 79 55 31 77 90 107 24 27 29 46 17 92 8 9 54 75 85 59 22 42 11 7 35 98 16 12 58 56 102 104 3 13 95 30 41 88 6 60 105 26 47 28 71 49 67 1 38 43 53 50 72 73 76 34 4 89 40 48 62 87 61 96 20 25 70 37 45 44 93 32 5 81 83 94 109 68 51 2 69 82 36 78 14 57 80 66 52 106 33 84 101 39 100 74 10 99 103 64 108 91 15 63 86 21 18 97 65 
0 19 23 79 55 31 77 90 107 24 27 29 46 17 92 8 9 54 75 85 59 22 42 11 7 26 47 28 71 49 67 1 38 43 53 50 72 73 76 34 4 89 69 82 36 78 14 57 80 66 52 106 33 84 101 35 20 25 70 37 45 44 93 32 5 81 83 94 109 68 51 2 39 100 74 10 99 103 64 108 98 15 91 16 12 58 56 102 104 3 13 95 30 41 88 6 60 105 40 48 62 87 61 96 63 86 21 18 97 65 
0 19 23 55 31 77 90 107 24 27 29 46 17 92 8 9 54 75 85 59 22 42 11 7 35 20 25 70 37 45 44 93 32 5 81 83 94 109 68 51 2 69 82 36 78 14 57 80 66 52 106 33 84 101 39 100 74 10 99 103 64 108 98 15 91 16 12 58 56 102 104 3 13 95 30 41 88 6 60 105 26 47 79 28 71 49 67 1 38 43 53 50 72 73 76 34 4 89 40 48 62 87 61 96 63 86 21 18 97 65 
0 19 23 79 55 31 90 107 24 27 29 46 17 92 8 9 54 75 85 59 22 42 11 7 35 20 25 70 37 45 44 93 32 5 81 83 94 109 68 51 2 69 82 77 36 78 14 57 80 66 52 106 33 84 101 39 100 74 10 99 103 64 108 98 15 91 16 12 58 56 102 104 3 13 95 30 41 88 6 60 105 26 47 48 40 89 4 34 76 73 72 50 53 43 38 1 67 49 71 28 62 87 61 96 63 86 21 18 97 65 
0 19 23 79 55 31 77 90 107 24 27 29 46 17 92 8 9 54 75 85 59 22 42 11 7 35 20 25 70 37 45 44 93 96 5 81 83 94 109 68 51 2 69 82 36 78 14 57 80 66 52 106 33 84 101 39 100 74 10 99 103 64 108 98 15 91 16 12 58 56 102 104 3 13 95 30 41 88 6 60 105 26 47 28 71 49 67 1 38 43 53 50 72 73 76 34 4 89 40 48 62 87 61 32 63 86 21 18 97 65 
0 19 23 79 55 31 77 90 107 24 27 29 46 17 92 8 9 54 75 85 59 22 42 11 101 35 20 25 70 37 45 44 93 32 5 81 83 94 109 69 51 2 68 82 36 78 14 57 80 66 52 106 33 84 7 39 100 74 10 99 103 64 108 98 15 91 16 12 58 56 102 104 3 13 95 30 41 88 6 60 105 26 47 28 71 49 67 1 38 43 53 50 72 73 76 34 4 89 40 48 62 87 61 96 63 86 21 18 97 65 
0 19 23 79 55 31 77 90 107 24 27 29 46 17 92 8 9 54 75 85 59 22 42 11 7 35 20 25 70 37 45 44 93 32 5 81 83 94 109 68 51 2 69 82 36 78 14 57 80 66 52 106 33 84 101 39 100 74 10 99 103 64 108 98 15 91 87 12 58 56 102 104 3 13 95 30 41 88 6 60 105 26 47 28 71 49 67 1 38 43 53 50 72 73 76 34 4 89 40 48 62 16 61 96 63 86 21 18 97 65 
0 19 23 79 55 31 77 90 107 24 27 29 46 17 92 8 9 54 75 85 59 22 42 11 7 35 20 25 70 37 45 44 93 32 5 81 83 94 109 68 51 2 69 82 36 14 57 80 66 52 106 33 84 101 39 100 74 10 99 103 64 63 96 61 87 62 48 40 89 4 34 76 73 72 50 53 38 1 3 49 71 28 47 26 105 60 6 88 41 30 95 13 67 104 102 56 58 12 16 91 15 78 98 108 43 86 21 18 97 65 
0 19 23 79 55 31 77 90 107 24 27 29 46 17 92 8 9 54 75 85 59 22 42 11 7 35 20 25 70 37 45 44 93 32 5 81 83 94 109 53 50 72 73 76 34 4 89 40 48 62 87 61 96 63 86 21 18 97 65 99 103 64 108 98 15 91 16 12 58 56 102 104 3 13 95 30 41 88 6 60 105 26 47 28 71 49 67 1 38 43 68 51 2 69 82 36 78 14 57 80 66 52 106 33 84 101 39 100 74 10 
0 19 23 79 55 31 77 90 107 24 27 29 46 17 92 8 9 54 75 85 59 22 42 11 7 35 20 25 70 37 45 44 93 32 5 81 83 94 109 68 51 2 49 67 1 38 43 53 50 72 73 76 34 4 89 40 48 62 87 61 96 63 86 21 15 91 16 12 58 56 102 104 3 13 95 30 41 88 6 60 105 26 47 28 71 69 82 36 78 14 57 80 66 52 106 33 84 101 39 100 74 10 99 103 64 108 98 18 97 65 
0 19 23 79 55 31 77 90 107 24 27 29 46 17 92 8 9 54 75 85 59 22 42 11 7 35 20 25 70 37 45 44 93 32 5 81 83 94 109 68 51 2 69 82 36 78 14 57 80 66 52 106 63 84 101 39 100 74 10 99 103 64 108 98 15 91 16 12 58 56 102 104 3 13 95 30 41 88 6 60 105 26 47 28 71 49 67 1 38 43 53 50 72 73 76 34 4 89 40 48 62 87 61 96 33 86 21 18 97 65 
0 19 23 79 55 31 77 90 107 24 27 29 46 17 92 8 9 93 75 85 59 22 42 11 7 35 20 25 16 91 15 98 108 64 103 99 10 74 100 39 101 84 33 106 52 66 80 57 14 78 36 82 69 2 51 68 109 94 83 81 5 32 54 44 45 37 70 12 58 56 102 104 3 13 95 30 41 88 6 60 105 26 47 28 71 49 67 1 38 43 53 50 72 73 76 34 4 89 40 48 62 87 61 96 63 86 21 18 97 65 
0 19 23 79 55 31 77 90 107 24 27 29 46 17 92 8 9 54 75 85 59 22 42 11 7 35 20 25 70 37 45 44 93 32 5 81 83 94 109 68 51 2 69 82 36 78 14 57 80 66 52 106 33 84 101 39 100 74 10 99 103 64 108 98 15 91 16 96 58 56 102 104 3 13 95 30 41 88 6 60 105 26 47 28 71 49 67 1 38 43 53 50 72 73 76 34 4 89 40 48 62 87 61 12 63 86 21 18 97 65 
0 19 23 79 55 3 104 102 56 58 12 16 91 15 98 108 64 103 99 10 74 100 39 101 84 33 106 52 66 80 57 14 72 78 36 82 69 2 51 68 109 94 83 81 5 32 93 44 45 37 70 25 20 35 7 11 42 22 59 85 75 54 9 8 92 17 46 29 27 24 107 90 77 31 13 95 30 41 88 6 60 105 26 47 28 71 49 67 1 38 43 53 50 73 76 34 4 89 40 48 62 87 61 96 63 86 21 18 97 65 
0 19 23 79 55 31 77 90 107 24 27 29 46 17 92 8 9 54 75 85 59 22 42 11 7 35 20 25 70 37 45 44 93 32 5 81 83 94 109 68 51 2 69 82 36 78 14 57 80 66 52 106 33 84 101 39 100 74 10 99 103 64 108 98 15 91 16 12 58 56 102 104 3 13 95 30 40 48 62 87 61 96 63 86 21 18 97 1 38 43 53 50 72 73 76 34 4 89 41 88 6 60 105 26 47 28 71 49 67 65 
0 19 23 79 55 31 77 90 107 24 27 29 46 17 92 8 9 54 75 85 59 22 42 11 7 35 20 25 70 37 45 44 93 32 5 81 83 94 109 68 51 2 69 82 36 78 14 57 80 66 52 106 97 84 101 39 100 74 10 99 103 64 108 98 15 91 16 12 58 56 102 104 3 13 95 30 41 88 6 60 105 26 47 28 71 49 67 1 38 43 53 50 72 73 76 34 4 89 40 48 62 87 61 96 63 86 21 18 33 65 
0 19 23 79 55 31 77 90 107 24 27 29 46 17 92 8 9 54 75 99 59 22 42 11 7 35 20 25 70 37 45 44 93 32 5 81 83 94 109 68 51 2 69 82 36 78 14 57 80 66 52 106 33 84 101 39 100 74 10 85 103 64 108 98 15 91 16 12 58 56 102 104 3 13 95 30 41 88 6 60 105 26 47 28 71 49 67 1 38 43 53 50 72 73 76 34 4 89 40 48 62 87 61 96 63 86 21 18 97 65 
0 19 23 79 55 31 77 90 107 24 27 29 46 17 92 8 9 54 75 85 59 22 42 11 7 2 69 82 36 78 14 57 80 32 103 81 83 94 109 68 51 35 20 25 70 37 45 44 93 66 52 106 33 84 101 39 100 74 10 99 5 64 108 98 15 91 16 12 58 56 102 104 3 13 95 30 41 88 6 60 105 26 47 28 71 49 67 1 38 43 53 50 72 73 76 34 4 89 40 48 62 87 61 96 63 86 21 18 97 65 
0 19 23 79 55 31 77 90 107 24 27 29 46 17 92 8 9 54 75 85 59 22 91 11 7 35 20 25 70 37 45 44 93 32 5 81 83 94 109 68 51 2 69 82 36 78 14 57 80 66 52 106 33 84 101 39 100 74 10 99 103 64 108 98 15 42 16 12 58 56 102 104 3 13 95 30 41 88 6 60 105 26 47 28 71 49 67 1 38 43 53 50 72 73 76 34 4 89 40 48 62 87 61 96 63 86 21 18 97 65 
0 19 23 79 55 31 77 90 107 24 27 29 46 17 92 8 9 54 75 85 59 72 50 53 43 38 1 22 42 11 7 35 20 25 70 37 45 44 93 32 52 66 80 57 48 40 89 4 34 76 73 67 49 71 28 47 26 105 60 6 88 41 30 95 13 3 104 102 56 58 12 16 91 15 98 108 64 103 99 10 74 100 39 101 84 33 106 5 81 83 94 14 78 36 82 69 2 51 68 109 62 87 61 96 63 86 21 18 97 65 
0 19 23 79 55 31 77 90 107 24 27 29 46 17 92 8 9 54 75 85 59 49 42 11 7 35 20 25 70 37 45 44 93 32 5 81 83 94 109 68 51 2 69 82 36 78 14 57 80 66 52 106 33 84 101 39 100 74 10 99 103 64 108 98 15 91 16 12 58 56 102 104 3 13 95 30 41 88 6 60 105 26 47 28 71 22 67 1 38 43 53 50 72 73 76 34 4 89 40 48 62 87 61 96 63 86 21 18 97 65 
0 19 23 79 55 31 77 90 107 24 27 29 46 17 92 8 9 54 75 85 71 22 42 11 7 35 20 25 70 37 45 44 93 32 5 81 83 94 109 68 51 2 69 82 36 78 14 57 80 66 52 106 33 84 101 39 100 74 10 99 103 64 108 98 15 91 16 12 58 56 102 104 3 13 95 30 41 88 6 60 105 26 47 28 59 49 67 1 38 43 53 50 72 73 76 34 4 89 40 48 62 87 61 96 63 86 21 18 97 65 
0 19 23 79 55 31 77 90 107 24 48 29 46 17 92 8 9 54 75 85 59 22 42 11 7 35 20 25 70 37 45 44 93 32 5 81 83 94 109 68 51 2 69 82 36 78 14 57 80 66 52 106 33 84 101 39 100 74 10 99 103 64 108 98 15 91 16 12 58 56 102 104 3 13 95 30 41 88 6 60 105 26 47 28 71 49 67 1 38 43 53 50 72 73 76 34 4 89 40 27 62 87 61 96 63 86 21 18 97 65 
0 19 23 79 55 31 77 90 107 24 29 46 17 92 8 9 54 75 85 59 22 42 11 7 35 20 25 70 37 45 27 44 93 32 5 81 83 94 109 68 51 2 69 82 36 78 14 57 80 66 52 106 33 84 101 39 100 74 10 99 103 64 108 98 15 91 16 12 58 56 102 104 3 13 95 30 41 88 6 60 65 97 18 21 86 63 96 61 87 62 48 40 89 4 34 76 73 72 50 53 43 38 1 67 49 71 28 47 26 105 
0 19 23 79 55 64 108 98 15 91 16 12 58 56 102 104 3 13 95 30 41 88 6 60 105 26 47 28 71 49 67 48 1 38 43 53 83 94 109 68 51 2 69 82 36 78 14 57 80 66 52 106 33 84 101 39 100 74 10 99 103 31 77 90 107 24 27 29 46 17 92 8 9 54 75 85 59 22 42 11 7 35 20 25 70 37 45 44 93 32 5 81 50 72 73 76 34 4 89 40 62 87 61 96 63 86 21 18 97 65 
0 19 23 79 55 31 77 90 107 24 27 29 46 17 92 8 9 54 75 85 59 22 42 11 7 35 20 25 70 37 45 44 93 32 5 81 83 94 109 68 51 2 69 82 36 78 14 57 80 66 52 106 33 84 101 39 100 60 10 99 103 64 108 98 15 91 16 12 58 56 102 104 3 87 62 48 40 89 4 34 76 73 72 50 53 43 38 1 67 49 71 28 47 26 105 74 6 88 41 30 95 13 61 96 63 86 21 18 97 65 
0 19 23 79 55 31 77 90 107 24 27 29 46 17 92 8 9 54 75 85 59 22 42 11 7 35 25 70 37 45 44 93 91 5 81 83 94 109 68 51 2 69 82 36 78 14 57 80 66 52 106 33 84 101 20 39 100 74 10 99 103 64 108 98 15 32 16 12 58 56 102 104 3 13 95 30 41 88 6 60 105 26 47 28 71 49 67 1 38 43 53 50 72 73 76 34 4 89 40 48 62 87 61 96 63 86 21 18 97 65 
0 19 23 79 55 31 77 90 107 24 27 29 46 17 92 8 9 54 75 85 59 22 42 11 7 38 20 25 70 37 45 44 93 32 5 81 83 94 109 68 51 2 69 82 36 78 14 57 80 66 52 106 33 84 101 39 100 74 10 99 103 64 108 98 15 91 16 12 58 56 102 104 3 13 95 30 41 88 6 60 105 26 47 28 71 49 67 1 35 43 53 50 72 73 76 34 4 89 40 48 62 87 61 96 63 86 21 18 97 65 
0 19 23 79 55 31 77 90 107 24 27 29 46 17 92 8 9 54 75 85 59 22 42 11 7 35 20 25 70 37 45 56 58 12 16 91 15 98 108 64 103 99 10 74 100 39 101 84 33 106 52 66 80 57 14 78 36 82 69 2 51 68 109 94 83 81 5 32 93 44 102 104 3 13 95 30 41 88 6 60 105 26 47 28 71 49 67 1 38 43 53 50 63 73 76 34 4 89 40 48 62 87 61 96 72 86 21 18 97 65 
0 102 39 100 74 10 99 103 64 108 98 15 19 23 79 55 31 77 90 107 24 27 29 46 17 92 8 9 54 75 85 59 22 42 11 7 35 20 25 70 37 45 44 93 32 5 81 83 94 109 68 51 2 69 82 36 78 14 57 80 66 52 106 33 84 101 91 16 12 58 56 104 3 13 95 30 41 88 6 60 105 26 47 28 71 49 67 1 38 43 53 50 72 73 76 34 4 89 40 48 62 87 61 96 63 86 21 18 97 65 
0 19 23 79 55 31 77 90 107 24 27 29 46 17 92 8 9 54 75 85 59 22 42 11 7 35 20 25 70 37 45 62 93 32 5 81 83 94 109 68 51 2 69 82 36 78 14 57 80 66 52 106 33 84 101 39 100 61 87 48 40 89 4 34 76 73 72 50 53 43 38 1 67 49 71 28 47 26 105 60 6 88 41 30 95 13 3 104 102 56 58 12 16 91 15 98 108 64 44 103 99 10 74 96 63 86 21 18 97 65 
0 19 23 79 55 31 77 90 107 24 27 29 46 17 92 8 9 54 75 85 59 22 42 11 7 35 20 25 70 37 45 44 93 32 5 81 53 50 72 2 73 76 34 4 89 40 48 62 87 61 96 63 86 21 39 100 74 10 99 103 64 108 98 15 91 16 12 58 56 102 104 3 13 95 30 41 88 6 60 105 26 47 28 71 49 67 1 38 43 83 94 109 68 51 69 82 36 78 14 57 80 66 52 106 33 84 101 18 97 65 
0 19 23 79 55 31 77 90 107 24 27 29 46 17 92 8 9 22 59 85 75 54 42 11 7 35 20 25 70 37 45 44 93 32 5 81 83 94 109 61 87 62 48 40 89 4 34 76 73 72 50 53 43 38 1 67 49 71 28 47 26 105 60 6 88 41 30 95 13 3 104 102 56 58 12 16 91 68 51 2 69 82 36 78 14 57 80 66 52 106 33 84 101 39 100 74 10 99 103 108 98 15 96 63 86 21 18 64 97 65 
0 19 23 79 55 31 45 90 107 24 27 29 46 17 92 8 9 54 75 85 59 22 42 11 7 35 20 62 48 40 89 4 34 76 73 72 50 53 43 38 1 67 49 71 28 47 26 105 60 6 88 41 30 95 13 3 104 102 56 58 12 16 91 15 98 108 64 103 99 10 74 100 39 101 84 33 106 52 66 80 57 14 78 36 82 69 2 51 68 109 94 83 81 5 32 93 44 77 37 70 25 87 61 96 63 86 21 18 97 65 
0 19 23 79 55 31 77 90 107 24 27 29 46 17 92 8 9 54 75 85 59 22 42 11 7 35 20 25 70 37 45 44 93 32 5 81 83 94 109 68 51 2 69 82 36 78 14 57 80 66 52 106 33 84 101 39 100 74 10 99 103 64 108 98 15 91 16 6 58 56 102 104 3 13 95 30 41 61 87 62 48 40 89 4 34 76 73 72 50 43 38 1 67 49 71 28 47 26 105 60 88 12 96 63 86 21 18 97 53 65 
0 19 23 79 55 31 77 90 107 14 27 29 46 17 92 8 9 54 75 85 59 22 42 11 7 35 20 25 70 37 45 44 93 32 5 81 83 94 109 68 51 2 69 82 36 78 24 57 80 66 52 106 33 84 101 39 100 74 10 99 103 64 108 98 15 91 16 12 58 56 102 104 3 13 95 30 41 88 6 60 105 26 47 28 71 49 67 1 38 43 53 50 72 73 76 34 4 89 40 48 62 87 61 96 63 86 21 18 97 65 
0 19 23 79 55 31 77 90 107 24 27 29 46 17 92 8 9 54 75 85 59 22 42 11 7 35 20 48 70 37 45 44 93 32 5 81 83 94 109 68 51 2 52 82 36 78 14 57 80 66 69 106 33 84 101 39 100 74 10 99 103 64 108 98 15 91 16 12 58 56 102 104 3 13 95 30 41 88 6 60 105 26 47 28 71 49 67 25 1 38 43 53 50 72 73 76 34 4 89 40 62 87 61 96 63 86 21 18 97 65 
0 19 23 79 55 31 77 90 107 24 27 29 46 17 92 8 9 54 75 85 59 22 42 11 7 35 20 25 70 37 45 44 93 32 5 81 83 94 109 68 51 2 69 82 36 78 14 57 80 66 52 106 33 84 101 18 100 74 10 99 103 64 108 98 15 91 16 12 58 56 102 104 3 13 95 30 41 88 6 60 105 26 47 28 71 49 67 1 38 43 53 50 72 73 76 34 4 89 40 48 62 87 61 96 63 86 21 39 97 65 
0 19 23 79 55 31 77 93 44 45 37 70 25 20 35 7 11 42 22 59 85 75 54 9 8 92 17 46 29 27 24 107 90 32 5 81 83 94 109 68 51 2 69 82 36 78 14 57 80 66 52 106 33 84 101 39 100 74 10 99 103 64 108 98 15 91 16 12 58 56 102 104 3 13 95 30 41 88 6 60 105 26 47 28 71 49 67 1 38 43 53 50 72 73 18 34 4 89 40 48 62 87 61 96 63 86 21 76 97 65 
0 19 23 79 55 31 77 90 107 24 108 98 15 91 16 12 58 56 102 104 3 13 95 30 41 88 6 60 105 26 47 28 71 49 67 1 38 43 53 50 72 73 76 34 4 89 40 48 62 87 61 96 63 86 21 18 97 74 10 99 103 64 27 29 46 17 92 8 9 54 75 85 59 22 42 11 7 35 20 25 70 37 45 44 93 32 5 81 83 94 109 68 51 2 69 82 36 78 14 57 80 66 52 106 33 84 101 39 100 65 
0 19 23 79 55 31 77 90 107 24 27 16 12 58 56 102 104 3 13 95 30 41 88 6 60 105 26 47 28 71 49 67 1 38 43 53 50 72 73 76 34 4 89 40 48 62 87 61 96 63 86 21 33 84 101 39 100 74 10 99 103 64 108 98 15 91 29 46 17 92 8 9 54 75 85 59 22 42 11 7 35 20 25 70 37 45 44 93 32 5 81 83 94 109 68 51 2 69 82 36 78 14 57 80 66 52 106 18 97 65 
0 19 23 79 55 36 78 14 57 80 66 52 106 33 84 101 39 100 74 10 99 103 64 108 98 15 91 16 12 37 45 44 93 32 5 81 83 94 109 68 51 2 69 82 31 77 90 107 24 27 29 46 17 92 8 9 54 75 85 59 22 42 11 7 35 20 25 70 58 56 102 104 3 13 95 30 41 88 6 60 105 26 47 28 71 49 67 1 38 43 53 50 72 73 76 34 4 89 40 62 87 61 96 63 86 48 21 18 97 65 
0 19 23 79 55 31 77 90 107 24 27 29 46 17 92 1 67 49 6 71 28 47 26 105 60 88 41 30 95 13 3 104 102 56 58 12 16 91 4 98 108 64 103 99 10 74 100 39 101 84 33 106 52 66 80 57 14 78 36 82 69 2 51 68 109 94 83 81 5 32 93 44 45 37 70 25 20 35 7 11 42 22 59 85 75 54 9 8 38 43 53 50 72 73 76 34 15 89 40 48 62 87 61 96 63 86 21 18 97 65 
0 19 23 79 12 58 56 102 104 3 13 95 30 41 88 6 60 105 26 47 28 71 49 11 7 35 20 25 70 37 45 44 93 32 5 81 83 94 109 68 51 2 69 82 36 78 14 57 80 66 52 106 33 84 101 39 100 74 10 99 103 64 108 98 15 91 16 55 31 77 90 107 24 27 29 46 17 92 8 9 54 75 85 59 22 42 67 1 38 43 53 50 72 73 76 34 4 89 40 48 62 87 61 96 63 86 21 18 97 65 
0 19 23 79 55 31 77 90 107 24 27 29 46 17 92 8 9 54 75 85 59 22 42 21 86 63 96 61 87 62 48 89 4 34 76 12 73 72 50 53 43 38 1 67 49 71 28 47 26 105 60 6 88 41 30 95 13 3 104 102 56 58 40 16 91 15 98 108 64 2 51 68 109 94 83 81 5 32 93 44 45 37 70 25 20 35 7 69 103 99 10 74 100 39 101 84 33 106 52 66 80 57 14 78 36 82 11 18 97 65 
0 19 23 79 55 31 77 90 107 24 27 29 46 36 92 8 9 54 75 85 59 22 42 11 7 35 20 25 70 37 45 44 93 32 5 81 83 94 62 48 40 89 4 34 76 73 72 50 53 43 38 1 67 49 71 28 47 26 105 60 6 88 41 30 95 13 3 104 102 56 58 12 16 91 15 98 108 64 103 99 10 74 100 39 101 84 33 106 52 66 80 57 14 78 17 82 69 2 51 68 109 87 61 96 63 86 21 18 97 65 
0 19 23 79 55 31 77 90 107 24 27 29 46 17 92 8 9 54 75 85 59 22 42 11 7 35 20 25 70 37 45 44 93 32 5 81 83 94 109 68 51 2 69 82 36 78 14 57 80 66 52 106 33 84 101 39 100 74 10 99 103 64 108 98 15 91 86 21 18 97 65 104 3 13 95 30 41 88 6 60 105 26 47 28 71 49 67 1 38 43 53 50 72 73 76 34 4 89 40 48 62 87 61 96 63 16 12 58 56 102 
0 19 23 79 55 31 77 90 107 54 27 29 46 17 92 8 9 24 75 85 59 22 12 58 56 102 104 3 13 95 30 41 88 6 60 105 47 28 71 49 67 1 38 43 53 50 72 73 76 34 35 4 89 40 48 66 80 57 14 78 36 82 69 2 51 68 109 94 83 81 5 32 93 44 45 37 70 25 20 7 11 42 26 52 106 33 84 101 39 100 74 10 99 103 64 108 98 15 91 16 62 87 61 96 63 86 21 18 97 65 
0 19 23 79 55 31 77 90 107 24 27 29 46 17 92 8 9 54 75 85 59 22 42 11 7 35 20 25 70 37 45 44 93 32 5 81 83 94 109 68 51 2 69 82 36 78 14 57 80 66 52 106 33 84 101 21 100 74 10 99 103 64 108 98 15 91 16 12 58 56 102 104 3 13 95 30 41 88 6 60 105 26 47 28 71 49 67 1 38 43 53 50 72 73 76 34 4 89 40 48 62 87 61 96 63 86 39 18 97 65 
0 19 23 79 55 31 77 90 107 24 27 29 46 52 92 8 9 54 75 85 59 22 42 11 7 35 20 25 70 37 45 44 93 32 5 81 83 94 109 68 51 2 69 82 36 78 14 57 80 66 17 106 33 84 101 39 100 74 10 99 103 64 108 98 15 91 16 12 58 56 102 104 3 13 95 30 41 88 6 60 105 26 47 28 71 49 67 1 38 43 53 50 72 73 76 34 4 89 40 48 62 87 61 96 63 86 21 18 97 65 
0 19 23 79 55 31 77 90 107 24 27 29 46 17 92 108 98 15 91 16 12 58 56 102 104 3 13 95 30 41 88 6 60 26 47 28 71 49 67 1 38 43 53 50 72 105 73 76 34 4 89 40 48 62 87 61 100 74 10 99 103 64 8 9 54 75 85 59 22 42 11 7 35 20 25 70 37 45 44 93 32 5 81 83 94 109 68 51 2 69 82 36 78 14 57 80 66 52 106 33 84 101 39 96 63 86 21 18 97 65 
0 19 23 79 55 31 77 90 107 43 27 29 46 17 92 8 9 54 75 85 59 22 42 11 7 35 20 25 70 37 45 44 93 32 5 81 83 94 109 68 51 2 69 82 36 78 14 57 80 66 52 106 33 84 101 39 100 74 10 99 103 64 108 98 15 91 16 12 58 56 102 104 3 13 95 30 41 88 6 60 105 26 47 28 71 49 67 1 38 24 53 50 72 73 76 34 4 89 40 48 62 87 61 96 63 86 21 18 97 65 
0 19 23 79 55 63 96 61 87 62 48 40 89 80 57 31 77 90 107 24 27 29 46 17 92 8 9 54 75 85 59 22 42 11 7 35 20 25 70 37 45 44 93 32 5 81 83 94 109 68 51 2 69 82 36 78 14 43 86 66 4 34 76 73 72 50 53 38 1 67 49 71 28 47 26 105 60 6 88 41 30 95 13 3 104 102 56 58 12 16 91 15 98 108 64 103 99 10 74 100 39 101 84 33 106 52 21 18 97 65 
0 19 23 79 55 31 77 90 107 24 27 29 46 17 92 8 9 54 75 85 59 22 42 11 7 35 20 25 67 37 45 44 93 32 5 81 83 94 109 68 51 2 69 82 36 78 14 57 80 66 52 106 33 84 101 39 100 74 10 103 64 108 98 15 91 16 12 58 102 104 3 13 95 30 99 41 88 6 70 56 60 105 26 47 28 71 49 1 38 43 53 50 72 73 76 34 4 89 40 48 87 61 96 63 62 86 21 18 97 65 
0 19 23 79 55 31 77 90 107 24 27 29 46 101 92 8 9 54 75 85 59 22 42 11 7 35 20 25 70 37 45 93 32 5 44 81 83 94 109 68 51 2 69 82 36 78 14 57 80 66 52 106 33 84 17 39 100 74 28 99 103 64 108 98 15 91 16 12 58 56 102 104 3 13 95 30 41 88 6 60 105 26 47 10 71 49 67 1 38 43 53 50 72 73 76 34 4 89 40 48 62 87 61 96 63 86 21 18 97 65 
0 19 23 79 55 31 77 107 24 27 29 46 17 92 8 9 54 75 85 59 22 42 11 7 35 20 25 70 57 45 44 93 32 5 81 83 94 109 68 51 2 69 82 36 78 14 37 80 66 52 106 33 84 101 39 100 74 10 99 103 64 108 98 15 91 16 12 58 56 102 104 3 13 90 95 30 41 88 6 60 105 26 47 28 71 49 67 1 38 43 53 50 72 73 76 34 4 89 40 48 62 87 61 96 63 86 21 18 97 65 
0 19 23 79 55 31 77 90 107 56 102 104 3 13 95 30 41 88 6 60 105 26 47 28 71 49 67 1 38 43 45 44 93 32 5 81 83 94 109 16 91 15 98 108 64 103 99 10 74 100 39 101 84 33 106 52 66 80 57 14 78 36 82 69 2 51 68 12 58 24 27 29 46 17 92 8 9 54 75 85 59 22 42 11 7 35 20 25 70 37 53 50 72 73 40 76 34 4 89 48 62 87 61 96 63 86 21 18 97 65 
0 19 79 23 55 31 77 90 107 98 15 91 16 12 58 56 102 104 3 13 30 41 88 6 60 105 26 47 28 71 49 67 1 38 43 53 50 72 73 76 34 4 89 40 48 62 87 61 96 63 86 36 78 14 57 80 66 52 106 33 84 101 39 100 74 10 99 103 64 108 95 24 27 29 46 17 92 8 9 54 75 85 59 22 42 11 7 35 20 25 70 37 45 44 93 32 5 81 83 94 109 68 51 2 69 82 21 18 97 65 
0 19 23 79 15 31 77 90 107 24 27 29 46 17 92 8 9 54 75 85 59 22 42 11 7 35 20 25 70 37 45 44 93 32 5 81 83 94 109 68 51 2 69 82 36 78 14 57 80 66 52 106 33 84 101 39 100 74 10 99 103 64 108 98 55 91 16 12 58 56 102 104 3 13 95 30 41 88 6 60 105 26 47 28 71 49 67 1 38 43 53 50 72 73 76 34 4 89 40 48 62 87 61 96 63 86 21 18 97 65 
0 19 23 79 55 31 77 90 107 24 27 29 46 17 92 8 9 54 75 85 59 22 42 11 7 35 20 25 70 37 45 44 93 32 5 81 83 94 109 68 51 2 69 82 36 78 14 57 80 66 52 106 33 84 101 39 100 74 10 99 103 62 64 108 15 1 38 43 53 50 72 73 76 34 4 89 40 48 87 61 96 63 86 21 18 97 65 91 16 12 58 56 102 104 3 13 95 98 30 41 88 6 60 105 26 47 28 71 49 67 
0 19 23 79 55 31 77 90 107 24 27 29 46 17 92 8 9 54 75 85 59 22 42 58 12 16 91 15 98 108 64 103 99 10 84 74 100 39 101 33 106 52 35 80 57 14 78 36 82 69 2 51 68 109 94 83 81 5 32 93 44 45 37 70 25 20 66 7 11 56 102 104 3 13 95 30 41 88 6 60 105 26 47 28 71 49 67 1 38 43 53 50 72 73 76 34 4 89 40 48 62 87 61 96 63 86 21 18 97 65 
0 19 23 100 39 101 84 33 106 52 66 80 57 14 78 56 102 104 3 13 95 30 41 88 6 60 105 26 47 28 71 49 67 1 38 43 53 50 72 73 76 34 4 89 40 48 62 87 61 96 63 86 21 18 97 65 74 79 55 31 77 90 107 24 27 29 46 17 92 8 9 54 75 85 59 22 42 11 7 35 20 25 70 37 45 44 93 32 5 81 83 94 109 68 51 2 69 82 36 58 12 16 91 15 98 108 64 103 99 10 
0 19 23 79 55 31 77 90 107 24 27 29 46 8 92 17 9 54 85 59 22 42 11 7 35 20 25 70 37 45 44 93 32 5 81 83 94 109 68 51 2 69 82 18 78 14 57 80 66 52 106 33 84 101 39 100 74 10 99 103 64 108 98 15 91 16 12 58 75 56 102 104 3 13 95 30 41 88 6 60 105 26 47 28 71 49 67 1 38 43 53 50 72 73 76 34 4 89 40 48 62 87 61 96 63 86 21 36 97 65 
0 19 23 79 55 31 77 90 107 24 27 29 46 17 92 8 9 93 106 52 66 80 57 14 78 36 82 69 2 51 68 109 94 102 81 5 32 54 44 45 37 70 25 20 35 7 11 42 22 59 85 75 33 84 101 39 100 74 10 99 103 64 108 98 15 91 16 12 58 56 83 104 3 13 95 30 41 88 6 60 105 26 47 50 53 43 38 1 67 49 71 28 72 73 76 34 4 89 40 48 62 87 61 96 63 86 21 18 97 65 
0 19 23 79 55 31 77 90 107 24 80 29 46 17 92 8 9 54 75 85 59 22 42 11 7 35 20 25 70 37 45 44 93 32 5 81 83 94 109 68 51 2 69 82 36 78 14 57 27 66 52 106 33 84 101 39 100 74 10 99 103 64 108 98 15 91 16 12 58 56 102 104 3 13 95 30 41 88 6 60 105 26 47 28 48 49 67 1 38 43 53 50 72 73 76 34 4 89 40 71 62 87 61 96 63 86 21 18 97 65 
0 19 23 79 55 31 77 90 107 24 105 29 46 17 92 8 9 54 75 85 59 22 42 11 7 35 20 25 70 37 45 44 93 32 5 81 83 94 109 68 51 2 69 82 36 78 14 57 80 66 52 106 33 84 101 39 100 74 10 99 103 64 108 98 15 91 16 12 58 56 102 104 3 13 95 30 41 88 6 60 27 26 47 28 71 49 67 1 38 43 53 50 72 73 76 34 4 89 40 48 62 87 61 96 63 86 21 18 97 65 
0 19 23 79 55 31 77 90 107 16 27 29 46 17 92 8 9 54 75 85 59 22 42 11 7 35 20 25 70 37 45 44 93 32 5 81 83 94 109 68 51 2 69 82 12 91 15 98 108 64 24 103 99 10 74 100 39 101 84 33 106 52 66 80 57 14 78 36 58 56 102 104 3 13 30 41 88 6 60 95 105 26 47 28 71 49 67 1 38 43 53 50 72 73 76 34 4 89 40 48 62 87 61 96 63 86 21 18 97 65 
0 19 23 79 55 99 103 64 108 98 15 91 16 12 58 56 102 104 3 13 95 30 41 88 6 60 105 26 47 28 71 49 67 1 38 43 53 50 72 73 34 40 89 4 48 62 87 61 96 63 86 76 21 18 101 39 100 74 10 31 77 90 107 24 27 29 46 17 92 8 9 54 75 59 85 22 42 11 7 35 20 25 70 37 45 44 93 32 5 81 83 94 109 68 51 2 69 82 36 78 14 57 80 66 52 106 33 84 97 65 
0 19 23 39 55 31 77 90 107 24 27 29 46 17 92 8 9 54 75 85 59 22 42 11 7 35 20 25 70 37 45 44 93 32 5 81 83 94 109 68 51 2 69 82 36 78 14 57 80 66 52 106 33 84 101 79 100 74 10 99 103 64 72 108 98 43 38 1 67 49 71 28 47 26 105 60 6 88 41 30 95 13 3 104 102 56 58 12 16 91 15 53 50 73 76 34 4 89 40 48 62 87 61 96 63 86 21 18 97 65 
0 19 23 79 55 31 77 90 107 24 27 82 69 2 51 68 109 94 83 81 5 32 93 44 45 37 70 25 95 35 7 11 42 22 59 85 75 54 9 8 92 17 46 29 36 78 14 57 80 66 52 106 33 84 101 39 100 74 10 99 103 64 108 98 15 91 16 12 58 56 102 104 3 13 20 30 41 88 6 60 105 26 47 28 71 49 67 1 38 43 53 50 72 73 76 34 4 89 40 48 62 87 61 96 63 86 21 18 97 65 
0 19 23 79 46 29 27 24 107 90 77 31 55 17 92 8 9 54 75 85 59 22 42 11 7 26 47 28 71 49 67 1 38 43 53 50 72 73 76 34 4 89 69 82 6 60 105 35 20 25 70 37 45 44 93 32 5 81 83 94 109 68 51 2 40 48 62 87 61 96 63 104 3 13 95 30 41 88 36 78 14 57 80 66 52 106 33 84 101 39 100 74 10 99 103 64 108 98 15 91 16 12 58 56 102 86 21 18 97 65 
0 19 23 79 55 31 77 13 107 24 27 29 46 17 92 8 9 54 75 85 59 22 42 11 7 35 20 25 70 37 45 44 93 32 5 81 83 94 109 68 51 2 69 82 36 78 99 10 74 100 39 101 84 33 106 52 66 80 57 14 103 64 108 98 15 91 16 12 58 56 102 104 3 90 95 30 41 88 6 60 105 26 47 28 71 49 67 1 38 43 53 50 72 73 76 34 4 89 40 48 62 87 61 96 63 86 21 18 97 65 
0 19 23 79 55 31 77 90 99 24 27 29 46 17 92 9 54 75 85 59 22 42 11 7 35 20 25 70 37 45 44 93 32 5 81 83 94 109 68 51 2 69 82 36 78 14 57 80 66 52 106 33 84 101 39 100 74 10 107 103 64 108 98 15 91 16 12 58 56 102 104 3 13 95 30 41 88 6 60 105 26 47 28 71 49 1 67 38 43 53 50 72 73 76 8 34 4 89 40 48 62 87 61 96 63 86 21 18 97 65 
0 19 23 79 55 31 77 90 107 24 27 46 17 92 8 9 54 75 85 59 22 42 38 7 35 20 25 70 37 45 44 93 32 5 81 83 94 109 68 51 2 69 82 36 78 14 57 80 66 52 106 33 84 101 39 100 74 10 99 103 64 108 98 15 91 16 12 58 56 102 29 104 3 13 95 30 41 88 6 60 105 26 47 28 71 49 67 1 11 43 53 50 72 73 76 34 4 89 40 48 62 87 61 96 63 86 21 18 97 65 
0 69 82 36 78 14 57 80 66 52 106 33 84 101 39 100 74 10 99 103 64 108 98 15 91 16 12 58 56 102 104 3 13 93 32 5 81 83 94 109 68 51 55 79 23 19 2 31 77 90 107 24 27 29 46 17 92 8 9 54 75 85 72 22 42 11 7 35 20 25 70 37 59 45 44 95 30 41 88 6 60 105 26 47 28 49 67 1 71 38 43 53 50 73 76 34 4 89 40 48 62 87 61 96 63 86 21 18 97 65 
0 19 23 79 55 31 77 90 107 24 27 29 46 17 92 8 9 54 75 85 59 22 42 11 7 35 56 102 104 3 13 95 30 41 88 6 60 105 26 47 28 49 67 1 38 43 53 50 72 73 76 34 4 89 40 48 62 87 61 96 63 86 21 18 97 65 12 58 20 25 70 37 45 101 93 32 5 81 83 94 109 68 51 2 69 82 36 78 14 57 80 66 52 106 33 71 84 44 39 100 74 10 99 103 64 108 98 15 91 16 
0 19 23 79 55 31 77 90 107 24 27 29 46 17 92 8 9 54 75 85 59 22 42 11 7 35 20 25 70 45 44 47 28 71 49 67 1 38 56 102 106 33 84 101 39 100 74 10 99 103 64 3 13 95 30 41 88 6 60 105 26 93 32 5 81 83 94 109 68 51 2 69 82 36 61 14 57 80 66 52 104 108 98 15 91 16 12 58 43 53 50 72 73 76 34 4 89 40 48 62 37 87 78 96 63 86 21 18 97 65 
0 19 23 79 55 31 77 90 107 24 27 29 46 17 8 9 54 75 85 59 22 42 11 7 21 20 25 70 45 44 93 32 5 81 83 94 109 68 51 2 69 82 92 36 78 14 57 80 66 52 106 63 37 33 84 101 39 100 74 10 99 103 64 108 98 15 91 16 12 58 56 102 104 3 13 95 30 41 88 6 60 105 26 47 28 71 49 67 1 38 43 53 50 72 73 76 34 4 89 40 48 62 87 61 96 86 35 18 97 65 
0 19 23 79 55 31 77 16 12 58 56 102 104 3 13 95 41 88 6 60 105 26 42 11 7 30 35 20 25 70 37 45 44 93 32 5 81 83 94 109 68 51 2 69 82 36 73 78 14 57 80 66 52 106 33 84 101 39 100 74 10 99 103 64 108 98 15 91 90 107 24 27 29 46 17 92 8 9 54 75 85 59 22 47 28 71 49 67 1 38 43 53 50 72 76 34 4 89 40 48 62 87 61 96 63 86 21 18 97 65 
0 19 23 79 55 31 33 84 101 39 100 74 10 99 103 64 108 98 15 91 16 12 58 56 102 104 3 13 95 30 41 88 6 60 105 26 9 28 71 49 67 1 38 43 53 50 72 73 34 4 89 40 48 77 90 107 24 27 29 46 17 92 8 47 54 75 85 59 22 42 11 7 35 20 25 70 37 45 44 76 93 32 5 81 83 94 109 68 51 2 69 82 36 78 14 57 80 66 52 106 62 87 61 96 63 86 21 18 97 65 
0 19 23 79 55 31 77 90 107 24 27 29 17 92 8 9 54 75 85 59 22 42 11 7 35 20 25 70 37 45 44 93 62 5 81 83 94 109 68 51 2 69 82 36 78 14 57 80 66 52 106 33 84 101 39 38 1 67 74 100 43 53 50 72 73 76 34 4 89 40 48 32 87 61 96 63 12 16 91 15 98 108 46 64 103 99 10 49 71 28 47 26 105 60 6 88 41 30 95 13 3 104 102 56 58 86 21 18 97 65 
0 19 46 29 27 24 107 90 77 31 60 105 26 47 28 71 49 67 1 38 43 53 50 72 73 76 34 4 89 40 48 62 55 79 23 17 92 8 9 54 75 85 59 22 42 33 84 101 39 100 74 10 99 103 64 108 98 15 91 16 12 58 56 69 104 3 13 95 30 41 88 6 87 52 11 7 35 20 25 70 37 45 44 93 32 5 81 83 94 109 68 51 2 102 82 36 78 14 57 80 66 106 61 96 63 86 21 18 97 65 
0 19 23 79 55 31 77 90 107 24 27 29 102 39 100 74 10 99 103 64 108 98 15 91 16 12 58 56 8 9 54 75 85 59 41 46 17 92 101 104 3 13 95 30 22 42 11 7 35 20 25 70 37 45 44 93 32 5 81 83 94 109 68 51 2 69 82 36 78 14 80 66 52 106 33 84 88 6 60 105 57 26 47 28 71 49 67 1 38 43 53 50 72 73 76 34 4 89 40 48 62 87 61 96 63 86 21 18 97 65 
0 19 56 79 55 31 77 10 99 103 64 108 98 15 91 16 12 58 23 102 104 3 13 95 30 41 88 6 60 105 26 47 28 71 49 67 1 38 43 53 50 72 73 76 34 4 89 40 48 62 87 61 96 63 86 21 18 74 90 107 24 27 29 46 17 92 8 9 54 75 85 59 22 42 11 7 35 20 25 70 37 45 44 93 32 5 81 83 94 109 68 51 2 69 82 36 78 14 57 80 66 52 106 33 84 101 39 100 97 65 
0 98 15 91 16 12 58 7 102 19 23 79 55 31 77 90 107 24 27 29 46 92 8 9 54 75 85 59 22 42 11 56 35 20 25 70 37 45 44 93 32 5 81 83 94 109 68 51 17 2 69 82 36 78 14 57 80 66 52 106 84 101 39 100 74 10 99 103 64 108 104 3 13 95 30 41 88 6 60 105 26 47 28 71 33 49 67 1 63 96 61 87 62 48 40 89 4 34 76 73 72 50 53 43 38 86 21 18 97 65 
0 13 23 79 55 31 77 90 107 24 27 29 46 17 92 8 9 54 75 85 105 22 42 11 7 35 20 25 70 37 95 44 93 32 5 81 83 94 109 68 51 2 69 36 78 14 57 80 66 52 106 33 84 101 39 100 74 10 99 103 64 108 98 15 91 16 12 58 56 102 104 3 19 45 30 41 82 88 6 60 59 26 47 28 71 49 67 1 38 43 53 50 72 73 76 34 4 89 40 48 62 87 61 96 63 86 21 18 97 65 
