0 19 31 77 90 23 79 55 107 24 29 27 54 92 46 17 8 9 75 85 7 35 11 59 22 42 20 25 70 37 45 44 93 32 5 81 83 94 68 51 2 69 82 36 78 84 103 100 39 101 74 10 99 64 33 14 57 52 106 108 98 15 91 16 12 28 71 49 56 58 47 26 102 104 3 95 30 41 88 6 13 105 60 67 1 38 43 53 66 80 50 72 73 76 34 4 89 109 40 48 62 87 61 96 63 86 21 18 97 65 
0 19 31 77 90 23 79 55 107 24 29 27 54 92 46 17 8 9 75 85 7 35 11 59 22 42 20 25 70 37 45 44 93 32 5 81 83 94 68 51 2 69 82 36 78 84 103 100 39 101 74 10 99 64 33 14 57 52 106 108 98 15 91 16 12 28 71 49 56 58 47 26 102 104 3 95 30 41 88 6 13 105 60 67 1 38 43 53 66 80 50 72 73 76 34 4 89 109 40 48 62 87 61 96 63 86 21 18 97 65 
0 19 31 77 90 23 79 55 107 24 29 27 54 92 46 17 8 9 75 85 7 35 11 59 22 42 20 25 70 37 45 44 93 32 5 81 83 94 68 51 2 69 82 36 78 84 103 100 39 101 74 10 99 64 33 14 57 52 106 108 98 15 91 16 12 28 71 49 56 58 47 26 102 104 3 95 30 41 88 6 13 105 60 67 1 38 43 53 66 80 50 72 73 76 34 4 89 109 40 48 62 87 61 96 63 86 21 18 97 65 
0 19 31 77 90 23 79 55 107 24 29 27 54 92 46 17 8 9 75 85 7 35 11 59 22 42 20 25 70 37 45 44 93 32 5 81 83 94 68 51 2 69 82 36 78 84 103 100 39 101 74 10 99 64 33 14 57 52 106 108 98 15 91 16 12 28 71 49 56 58 47 26 102 104 3 95 30 41 88 6 13 105 60 67 1 38 43 53 66 80 50 72 73 76 34 4 89 109 40 48 62 87 61 96 63 86 21 18 97 65 
0 19 31 77 90 23 79 55 107 24 29 27 54 92 46 17 8 9 75 85 7 35 11 59 22 42 20 25 70 37 45 44 93 32 5 81 83 94 68 51 2 69 82 36 78 84 103 100 39 101 74 10 99 64 33 14 57 52 106 108 98 15 91 16 12 28 71 49 56 58 47 26 102 104 3 95 30 41 88 6 13 105 60 67 1 38 43 53 66 80 50 72 73 76 34 4 89 109 40 48 62 87 61 96 63 86 21 18 97 65 
0 19 31 77 90 23 79 55 107 24 29 27 54 92 46 17 8 9 75 85 7 35 11 59 22 42 20 25 70 37 45 44 93 32 5 81 83 94 68 51 2 69 82 36 78 84 103 100 39 101 74 10 99 64 33 14 57 52 106 108 98 15 91 16 12 28 71 49 56 58 47 26 102 104 3 95 30 41 88 6 13 105 60 67 1 38 43 53 66 80 50 72 73 76 34 4 89 109 40 48 62 87 61 96 63 86 21 18 97 65 
0 19 31 77 90 23 79 55 107 24 29 27 54 92 46 17 8 9 75 85 7 35 11 59 22 42 20 25 70 37 45 44 93 32 5 81 83 94 68 51 2 69 82 36 78 84 103 100 39 101 74 10 99 64 33 14 57 52 106 108 98 15 91 16 12 28 71 49 56 58 47 26 102 104 3 95 30 41 88 6 13 105 60 67 1 38 43 53 66 80 50 72 73 76 34 4 89 109 40 48 62 87 61 96 63 86 21 18 97 65 
0 19 31 77 90 23 79 55 107 24 29 27 54 92 46 17 8 9 75 85 7 35 11 59 22 42 20 25 70 37 45 44 93 32 5 81 83 94 68 51 2 69 82 36 78 84 103 100 39 101 74 10 99 64 33 14 57 52 106 108 98 15 91 16 12 28 71 49 56 58 47 26 102 104 3 95 30 41 88 6 13 105 60 67 1 38 43 53 66 80 50 72 73 76 34 4 89 109 40 48 62 87 61 96 63 86 21 18 97 65 
0 19 31 77 90 23 79 55 107 24 29 27 54 92 46 17 8 9 75 85 7 35 11 59 22 42 20 25 70 37 45 44 93 32 5 81 83 94 68 51 2 69 82 36 78 84 103 100 39 101 74 10 99 64 33 14 57 52 106 108 98 15 91 16 12 28 71 49 56 58 47 26 102 104 3 95 30 41 88 6 13 105 60 67 1 38 43 53 66 80 50 72 73 76 34 4 89 109 40 48 62 87 61 96 63 86 21 18 97 65 
0 19 31 77 90 23 79 55 107 24 29 27 54 92 46 17 8 9 75 85 7 35 11 59 22 42 20 25 70 37 45 44 93 32 5 81 83 94 68 51 2 69 82 36 78 84 103 100 39 101 74 10 99 64 33 14 57 52 106 108 98 15 91 16 12 28 71 49 56 58 47 26 102 104 3 95 30 41 88 6 13 105 60 67 1 38 43 53 66 80 50 72 73 76 34 4 89 109 40 48 62 87 61 96 63 86 21 18 97 65 
0 19 31 77 90 23 79 55 107 24 29 27 54 92 46 17 8 9 75 85 7 35 11 59 22 42 20 25 70 37 45 44 93 32 5 81 83 94 68 51 2 69 82 36 78 84 103 100 39 101 74 10 99 64 33 14 57 52 106 108 98 15 91 16 12 28 71 49 56 58 47 26 102 104 3 95 30 41 88 6 13 105 60 67 1 38 43 53 66 80 50 72 73 76 34 4 89 109 40 48 62 87 61 96 63 86 21 18 97 65 
0 19 31 77 90 23 79 55 107 24 29 27 54 92 46 17 8 9 75 85 7 35 11 59 22 42 20 25 70 37 45 44 93 32 5 81 83 94 68 51 2 69 82 36 78 84 103 100 39 101 74 10 99 64 33 14 57 52 106 108 98 15 91 16 12 28 71 49 56 58 47 26 102 104 3 95 30 41 88 6 13 105 60 67 1 38 43 53 66 80 50 72 73 76 34 4 89 109 40 48 62 87 61 96 63 86 21 18 97 65 
0 19 31 77 90 23 79 55 107 24 29 27 54 92 46 17 8 9 75 85 7 35 11 59 22 42 20 25 70 37 45 44 93 32 5 81 83 94 68 51 2 69 82 36 78 84 103 100 39 101 74 10 99 64 33 14 57 52 106 108 98 15 91 16 12 28 71 49 56 58 47 26 102 104 3 95 30 41 88 6 13 105 60 67 1 38 43 53 66 80 50 72 73 76 34 4 89 109 40 48 62 87 61 96 63 86 21 18 97 65 
0 19 31 77 90 23 79 55 107 24 29 27 54 92 46 17 8 9 75 85 7 35 11 59 22 42 20 25 70 37 45 44 93 32 5 81 83 94 68 51 2 69 82 36 78 84 103 100 39 101 74 10 99 64 33 14 57 52 106 108 98 15 91 16 12 28 71 49 56 58 47 26 102 104 3 95 30 41 88 6 13 105 60 67 1 38 43 53 66 80 50 72 73 76 34 4 89 109 40 48 62 87 61 96 63 86 21 18 97 65 
0 19 31 77 90 23 79 55 107 24 29 27 54 92 46 17 8 9 75 85 7 35 11 59 22 42 20 25 70 37 45 44 93 32 5 81 83 94 68 51 2 69 82 36 78 84 103 100 39 101 74 10 99 64 33 14 57 52 106 108 98 15 91 16 12 28 71 49 56 58 47 26 102 104 3 95 30 41 88 6 13 105 60 67 1 38 43 53 66 80 50 72 73 76 34 4 89 109 40 48 62 87 61 96 63 86 21 18 97 65 
0 19 31 77 90 23 79 55 107 24 29 27 54 92 46 17 8 9 75 85 7 35 11 59 22 42 20 25 70 37 45 44 93 32 5 81 83 94 68 51 2 69 82 36 78 84 103 100 39 101 74 10 99 64 33 14 57 52 106 108 98 15 91 16 12 28 71 49 56 58 47 26 102 104 3 95 30 41 88 6 13 105 60 67 1 38 43 53 66 80 50 72 73 76 34 4 89 109 40 48 62 87 61 96 63 86 21 18 97 65 
0 19 31 77 90 23 79 55 107 24 29 27 54 92 46 17 8 9 75 85 7 35 11 59 22 42 20 25 70 37 45 44 93 32 5 81 83 94 68 51 2 69 82 36 78 84 103 100 39 101 74 10 99 64 33 14 57 52 106 108 98 15 91 16 12 28 71 49 56 58 47 26 102 104 3 95 30 41 88 6 13 105 60 67 1 38 43 53 66 80 50 72 73 76 34 4 89 109 40 48 62 87 61 96 63 86 21 18 97 65 
0 19 31 77 90 23 79 55 107 24 29 27 54 92 46 17 8 9 75 85 7 35 11 59 22 42 20 25 70 37 45 44 93 32 5 81 83 94 68 51 2 69 82 36 78 84 103 100 39 101 74 10 99 64 33 14 57 52 106 108 98 15 91 16 12 28 71 49 56 58 47 26 102 104 3 95 30 41 88 6 13 105 60 67 1 38 43 53 66 80 50 72 73 76 34 4 89 109 40 48 62 87 61 96 63 86 21 18 97 65 
0 19 31 77 90 23 79 55 107 24 29 27 54 92 46 17 8 9 75 85 7 35 11 59 22 42 20 25 70 37 45 44 93 32 5 81 83 94 68 51 2 69 82 36 78 84 103 100 39 101 74 10 99 64 33 14 57 52 106 108 98 15 91 16 12 28 71 49 56 58 47 26 102 104 3 95 30 41 88 6 13 105 60 67 1 38 43 53 66 80 50 72 73 76 34 4 89 109 40 48 62 87 61 96 63 86 21 18 97 65 
0 19 31 77 90 23 79 55 107 24 29 27 54 92 46 17 8 9 75 85 7 35 11 59 22 42 20 25 70 37 45 44 93 32 5 81 83 94 68 51 2 69 82 36 78 84 103 100 39 101 74 10 99 64 33 14 57 52 106 108 98 15 91 16 12 28 71 49 56 58 47 26 102 104 3 95 30 41 88 6 13 105 60 67 1 38 43 53 66 80 50 72 73 76 34 4 89 109 40 48 62 87 61 96 63 86 21 18 97 65 
0 19 31 77 90 23 79 55 107 24 29 27 54 92 46 17 8 9 75 85 7 35 11 59 22 42 20 25 70 37 45 44 93 32 5 81 83 94 68 51 2 69 82 36 78 84 103 100 39 101 74 10 99 64 33 14 57 52 106 108 98 15 91 16 12 28 71 49 56 58 47 26 102 104 3 95 30 41 88 6 13 105 60 67 1 38 43 53 66 80 50 72 73 76 34 4 89 109 40 48 62 87 61 96 63 86 21 18 97 65 
0 19 31 77 90 23 79 55 107 24 29 27 54 92 46 17 8 9 75 85 7 35 11 59 22 42 20 25 70 37 45 44 93 32 5 81 83 94 68 51 2 69 82 36 78 84 103 100 39 101 74 10 99 64 33 14 57 52 106 108 98 15 91 16 12 28 71 49 56 58 47 26 102 104 3 95 30 41 88 6 13 105 60 67 1 38 43 53 66 80 50 72 73 76 34 4 89 109 40 48 62 87 61 96 63 86 21 18 97 65 
0 19 31 77 90 23 79 55 107 24 29 27 54 92 46 17 8 9 75 85 7 35 11 59 22 42 20 25 70 37 45 44 93 32 5 81 83 94 68 51 2 69 82 36 78 84 103 100 39 101 74 10 99 64 33 14 57 52 106 108 98 15 91 16 12 28 71 49 56 58 47 26 102 104 3 95 30 41 88 6 13 105 60 67 1 38 43 53 66 80 50 72 73 76 34 4 89 109 40 48 62 87 61 96 63 86 21 18 97 65 
0 19 31 77 90 23 79 55 107 24 29 27 54 92 46 17 8 9 75 85 7 35 11 59 22 42 20 25 70 37 45 44 93 32 5 81 83 94 68 51 2 69 82 36 78 84 103 100 39 101 74 10 99 64 33 14 57 52 106 108 98 15 91 16 12 28 71 49 56 58 47 26 102 104 3 95 30 41 88 6 13 105 60 67 1 38 43 53 66 80 50 72 73 76 34 4 89 109 40 48 62 87 61 96 63 86 21 18 97 65 
0 19 31 77 90 23 79 55 107 24 29 27 54 92 46 17 8 9 75 85 7 35 11 59 22 42 20 25 70 37 45 44 93 32 5 81 83 94 68 51 2 69 82 36 78 84 103 100 39 101 74 10 99 64 33 14 57 52 106 108 98 15 91 16 12 28 71 49 56 58 47 26 102 104 3 95 30 41 88 6 13 105 60 67 1 38 43 53 66 80 50 72 73 76 34 4 89 109 40 48 62 87 61 96 63 86 21 18 97 65 
0 19 31 77 90 23 79 55 107 24 29 27 54 92 46 17 8 9 75 85 7 35 11 59 22 42 20 25 70 37 45 44 93 32 5 81 83 94 68 51 2 69 82 36 78 84 103 100 39 101 74 10 99 64 33 14 57 52 106 108 98 15 91 16 12 28 71 49 56 58 47 26 102 104 3 95 30 41 88 6 13 105 60 67 1 38 43 53 66 80 50 72 73 76 34 4 89 109 40 48 62 87 61 96 63 86 21 18 97 65 
0 19 31 77 90 23 79 55 107 24 29 27 54 92 46 17 8 9 75 85 7 35 11 59 22 42 20 25 70 37 45 44 93 32 5 81 83 94 68 51 2 69 82 36 78 84 103 100 39 101 74 10 99 64 33 14 57 52 106 108 98 15 91 16 12 28 71 49 56 58 47 26 102 104 3 95 30 41 88 6 13 105 60 67 1 38 43 53 66 80 50 72 73 76 34 4 89 109 40 48 62 87 61 96 63 86 21 18 97 65 
0 19 31 77 90 23 79 55 107 24 29 27 54 92 46 17 8 9 75 85 7 35 11 59 22 42 20 25 70 37 45 44 93 32 5 81 83 94 68 51 2 69 82 36 78 84 103 100 39 101 74 10 99 64 33 14 57 52 106 108 98 15 91 16 12 28 71 49 56 58 47 26 102 104 3 95 30 41 88 6 13 105 60 67 1 38 43 53 66 80 50 72 73 76 34 4 89 109 40 48 62 87 61 96 63 86 21 18 97 65 
0 19 31 77 90 23 79 55 107 24 29 27 54 92 46 17 8 9 75 85 7 35 11 59 22 42 20 25 70 37 45 44 93 32 5 81 83 94 68 51 2 69 82 36 78 84 103 100 39 101 74 10 99 64 33 14 57 52 106 108 98 15 91 16 12 28 71 49 56 58 47 26 102 104 3 95 30 41 88 6 13 105 60 67 1 38 43 53 66 80 50 72 73 76 34 4 89 109 40 48 62 87 61 96 63 86 21 18 97 65 
0 19 31 77 90 23 79 55 107 24 29 27 54 92 46 17 8 9 75 85 7 35 11 59 22 42 20 25 70 37 45 44 93 32 5 81 83 94 68 51 2 69 82 36 78 84 103 100 39 101 74 10 99 64 33 14 57 52 106 108 98 15 91 16 12 28 71 49 56 58 47 26 102 104 3 95 30 41 88 6 13 105 60 67 1 38 43 53 66 80 50 72 73 76 34 4 89 109 40 48 62 87 61 96 63 86 21 18 97 65 
0 19 31 77 90 23 79 55 107 24 29 27 54 92 46 17 8 9 75 85 7 35 11 59 22 42 20 25 70 37 45 44 93 32 5 81 83 94 68 51 2 69 82 36 78 84 103 100 39 101 74 10 99 64 33 14 57 52 106 108 98 15 91 16 12 28 71 49 56 58 47 26 102 104 3 95 30 41 88 6 13 105 60 67 1 38 43 53 66 80 50 72 73 76 34 4 89 109 40 48 62 87 61 96 63 86 21 18 97 65 
0 19 31 77 90 23 79 55 107 24 29 27 54 92 46 17 8 9 75 85 7 35 11 59 22 42 20 25 70 37 45 44 93 32 5 81 83 94 68 51 2 69 82 36 78 84 103 100 39 101 74 10 99 64 33 14 57 52 106 108 98 15 91 16 12 28 71 49 56 58 47 26 102 104 3 95 30 41 88 6 13 105 60 67 1 38 43 53 66 80 50 72 73 76 34 4 89 109 40 48 62 87 61 96 63 86 21 18 97 65 
0 19 31 77 90 23 79 55 107 24 29 27 54 92 46 17 8 9 75 85 7 35 11 59 22 42 20 25 70 37 45 44 93 32 5 81 83 94 68 51 2 69 82 36 78 84 103 100 39 101 74 10 99 64 33 14 57 52 106 108 98 15 91 16 12 28 71 49 56 58 47 26 102 104 3 95 30 41 88 6 13 105 60 67 1 38 43 53 66 80 50 72 73 76 34 4 89 109 40 48 62 87 61 96 63 86 21 18 97 65 
0 19 31 77 90 23 79 55 107 24 29 27 54 92 46 17 8 9 75 85 7 35 11 59 22 42 20 25 70 37 45 44 93 32 5 81 83 94 68 51 2 69 82 36 78 84 103 100 39 101 74 10 99 64 33 14 57 52 106 108 98 15 91 16 12 28 71 49 56 58 47 26 102 104 3 95 30 41 88 6 13 105 60 67 1 38 43 53 66 80 50 72 73 76 34 4 89 109 40 48 62 87 61 96 63 86 21 18 97 65 
0 19 31 77 90 23 79 55 107 24 29 27 54 92 46 17 8 9 75 85 7 35 11 59 22 42 20 25 70 37 45 44 93 32 5 81 83 94 68 51 2 69 82 36 78 84 103 100 39 101 74 10 99 64 33 14 57 52 106 108 98 15 91 16 12 28 71 49 56 58 47 26 102 104 3 95 30 41 88 6 13 105 60 67 1 38 43 53 66 80 50 72 73 76 34 4 89 109 40 48 62 87 61 96 63 86 21 18 97 65 
0 19 31 77 90 23 79 55 107 24 29 27 54 92 46 17 8 9 75 85 7 35 11 59 22 42 20 25 70 37 45 44 93 32 5 81 83 94 68 51 2 69 82 36 78 84 103 100 39 101 74 10 99 64 33 14 57 52 106 108 98 15 91 16 12 28 71 49 56 58 47 26 102 104 3 95 30 41 88 6 13 105 60 67 1 38 43 53 66 80 50 72 73 76 34 4 89 109 40 48 62 87 61 96 63 86 21 18 97 65 
0 19 31 77 90 23 79 55 107 24 29 27 54 92 46 17 8 9 75 85 7 35 11 59 22 42 20 25 70 37 45 44 93 32 5 81 83 94 68 51 2 69 82 36 78 84 103 100 39 101 74 10 99 64 33 14 57 52 106 108 98 15 91 16 12 28 71 49 56 58 47 26 102 104 3 95 30 41 88 6 13 105 60 67 1 38 43 53 66 80 50 72 73 76 34 4 89 109 40 48 62 87 61 96 63 86 21 18 97 65 
0 19 31 77 90 23 79 55 107 24 29 27 54 92 46 17 8 9 75 85 7 35 11 59 22 42 20 25 70 37 45 44 93 32 5 81 83 94 68 51 2 69 82 36 78 84 103 100 39 101 74 10 99 64 33 14 57 52 106 108 98 15 91 16 12 28 71 49 56 58 47 26 102 104 3 95 30 41 88 6 13 105 60 67 1 38 43 53 66 80 50 72 73 76 34 4 89 109 40 48 62 87 61 96 63 86 21 18 97 65 
0 19 31 77 90 23 79 55 107 24 29 27 54 92 46 17 8 9 75 85 7 35 11 59 22 42 20 25 70 37 45 44 93 32 5 81 83 94 68 51 2 69 82 36 78 84 103 100 39 101 74 10 99 64 33 14 57 52 106 108 98 15 91 16 12 28 71 49 56 58 47 26 102 104 3 95 30 41 88 6 13 105 60 67 1 38 43 53 66 80 50 72 73 76 34 4 89 109 40 48 62 87 61 96 63 86 21 18 97 65 
0 19 31 77 90 23 79 55 107 24 29 27 54 92 46 17 8 9 75 85 7 35 11 59 22 42 20 25 70 37 45 44 93 32 5 81 83 94 68 51 2 69 82 36 78 84 103 100 39 101 74 10 99 64 33 14 57 52 106 108 98 15 91 16 12 28 71 49 56 58 47 26 102 104 3 95 30 41 88 6 13 105 60 67 1 38 43 53 66 80 50 72 73 76 34 4 89 109 40 48 62 87 61 96 63 86 21 18 97 65 
0 19 31 77 90 23 79 55 107 24 29 27 54 92 46 17 8 9 75 85 7 35 11 59 22 42 20 25 70 37 45 44 93 32 5 81 83 94 68 51 2 69 82 36 78 84 103 100 39 101 74 10 99 64 33 14 57 52 106 108 98 15 91 16 12 28 71 49 56 58 47 26 102 104 3 95 30 41 88 6 13 105 60 67 1 38 43 53 66 80 50 72 73 76 34 4 89 109 40 48 62 87 61 96 63 86 21 18 97 65 
0 19 31 77 90 23 79 55 107 24 29 27 54 92 46 17 8 9 75 85 7 35 11 59 22 42 20 25 70 37 45 44 93 32 5 81 83 94 68 51 2 69 82 36 78 84 103 100 39 101 74 10 99 64 33 14 57 52 106 108 98 15 91 16 12 28 71 49 56 58 47 26 102 104 3 95 30 41 88 6 13 105 60 67 1 38 43 53 66 80 50 72 73 76 34 4 89 109 40 48 62 87 61 96 63 86 21 18 97 65 
0 19 31 77 90 23 79 55 107 24 29 27 54 92 46 17 8 9 75 85 7 35 11 59 22 42 20 25 70 37 45 44 93 32 5 81 83 94 68 51 2 69 82 36 78 84 103 100 39 101 74 10 99 64 33 14 57 52 106 108 98 15 91 16 12 28 71 49 56 58 47 26 102 104 3 95 30 41 88 6 13 105 60 67 1 38 43 53 66 80 50 72 73 76 34 4 89 109 40 48 62 87 61 96 63 86 21 18 97 65 
0 19 31 77 90 23 79 55 107 24 29 27 54 92 46 17 8 9 75 85 7 35 11 59 22 42 20 25 70 37 45 44 93 32 5 81 83 94 68 51 2 69 82 36 78 84 103 100 39 101 74 10 99 64 33 14 57 52 106 108 98 15 91 16 12 28 71 49 56 58 47 26 102 104 3 95 30 41 88 6 13 105 60 67 1 38 43 53 66 80 50 72 73 76 34 4 89 109 40 48 62 87 61 96 63 86 21 18 97 65 
0 19 31 77 90 23 79 55 107 24 29 27 54 92 46 17 8 9 75 85 7 35 11 59 22 42 20 25 70 37 45 44 93 32 5 81 83 94 68 51 2 69 82 36 78 84 103 100 39 101 74 10 99 64 33 14 57 52 106 108 98 15 91 16 12 28 71 49 56 58 47 26 102 104 3 95 30 41 88 6 13 105 60 67 1 38 43 53 66 80 50 72 73 76 34 4 89 109 40 48 62 87 61 96 63 86 21 18 97 65 
0 19 31 77 90 23 79 55 107 24 29 27 54 92 46 17 8 9 75 85 7 35 11 59 22 42 20 25 70 37 45 44 93 32 5 81 83 94 68 51 2 69 82 36 78 84 103 100 39 101 74 10 99 64 33 14 57 52 106 108 98 15 91 16 12 28 71 49 56 58 47 26 102 104 3 95 30 41 88 6 13 105 60 67 1 38 43 53 66 80 50 72 73 76 34 4 89 109 40 48 62 87 61 96 63 86 21 18 97 65 
0 19 31 77 90 23 79 55 107 24 29 27 54 92 46 17 8 9 75 85 7 35 11 59 22 42 20 25 70 37 45 44 93 32 5 81 83 94 68 51 2 69 82 36 78 84 103 100 39 101 74 10 99 64 33 14 57 52 106 108 98 15 91 16 12 28 71 49 56 58 47 26 102 104 3 95 30 41 88 6 13 105 60 67 1 38 43 53 66 80 50 72 73 76 34 4 89 109 40 48 62 87 61 96 63 86 21 18 97 65 
0 19 31 77 90 23 79 55 107 24 29 27 54 92 46 17 8 9 75 85 7 35 11 59 22 42 20 25 70 37 45 44 93 32 5 81 83 94 68 51 2 69 82 36 78 84 103 100 39 101 74 10 99 64 33 14 57 52 106 108 98 15 91 16 12 28 71 49 56 58 47 26 102 104 3 95 30 41 88 6 13 105 60 67 1 38 43 53 66 80 50 72 73 76 34 4 89 109 40 48 62 87 61 96 63 86 21 18 97 65 
0 19 31 77 90 23 79 55 107 24 29 27 54 92 46 17 8 9 75 85 7 35 11 59 22 42 20 25 70 37 45 44 93 32 5 81 83 94 68 51 2 69 82 36 78 84 103 100 39 101 74 10 99 64 33 14 57 52 106 108 98 15 91 16 12 28 71 49 56 58 47 26 102 104 3 95 30 41 88 6 13 105 60 67 1 38 43 53 66 80 50 72 73 76 34 4 89 109 40 48 62 87 61 96 63 86 21 18 97 65 
0 19 31 77 90 23 79 55 107 24 29 27 54 92 46 17 8 9 75 85 7 35 11 59 22 42 20 25 70 37 45 44 93 32 5 81 83 94 68 51 2 69 82 36 78 84 103 100 39 101 74 10 99 64 33 14 57 52 106 108 98 15 91 16 12 28 71 49 56 58 47 26 102 104 3 95 30 41 88 6 13 105 60 67 1 38 43 53 66 80 50 72 73 76 34 4 89 109 40 48 62 87 61 96 63 86 21 18 97 65 
0 19 31 77 90 23 79 55 107 24 29 27 54 92 46 17 8 9 75 85 7 35 11 59 22 42 20 25 70 37 45 44 93 32 5 81 83 94 68 51 2 69 82 36 78 84 103 100 39 101 74 10 99 64 33 14 57 52 106 108 98 15 91 16 12 28 71 49 56 58 47 26 102 104 3 95 30 41 88 6 13 105 60 67 1 38 43 53 66 80 50 72 73 76 34 4 89 109 40 48 62 87 61 96 63 86 21 18 97 65 
0 19 31 77 90 23 79 55 107 24 29 27 54 92 46 17 8 9 75 85 7 35 11 59 22 42 20 25 70 37 45 44 93 32 5 81 83 94 68 51 2 69 82 36 78 84 103 100 39 101 74 10 99 64 33 14 57 52 106 108 98 15 91 16 12 28 71 49 56 58 47 26 102 104 3 95 30 41 88 6 13 105 60 67 1 38 43 53 66 80 50 72 73 76 34 4 89 109 40 48 62 87 61 96 63 86 21 18 97 65 
0 19 31 77 90 23 79 55 107 24 29 27 54 92 46 17 8 9 75 85 7 35 11 59 22 42 20 25 70 37 45 44 93 32 5 81 83 94 68 51 2 69 82 36 78 84 103 100 39 101 74 10 99 64 33 14 57 52 106 108 98 15 91 16 12 28 71 49 56 58 47 26 102 104 3 95 30 41 88 6 13 105 60 67 1 38 43 53 66 80 50 72 73 76 34 4 89 109 40 48 62 87 61 96 63 86 21 18 97 65 
0 19 31 77 90 23 79 55 107 24 29 27 54 92 46 17 8 9 75 85 7 35 11 59 22 42 20 25 70 37 45 44 93 32 5 81 83 94 68 51 2 69 82 36 78 84 103 100 39 101 74 10 99 64 33 14 57 52 106 108 98 15 91 16 12 28 71 49 56 58 47 26 102 104 3 95 30 41 88 6 13 105 60 67 1 38 43 53 66 80 50 72 73 76 34 4 89 109 40 48 62 87 61 96 63 86 21 18 97 65 
0 19 31 77 90 23 79 55 107 24 29 27 54 92 46 17 8 9 75 85 7 35 11 59 22 42 20 25 70 37 45 44 93 32 5 81 83 94 68 51 2 69 82 36 78 84 103 100 39 101 74 10 99 64 33 14 57 52 106 108 98 15 91 16 12 28 71 49 56 58 47 26 102 104 3 95 30 41 88 6 13 105 60 67 1 38 43 53 66 80 50 72 73 76 34 4 89 109 40 48 62 87 61 96 63 86 21 18 97 65 
0 19 31 77 90 23 79 55 107 24 29 27 54 92 46 17 8 9 75 85 7 35 11 59 22 42 20 25 70 37 45 44 93 32 5 81 83 94 68 51 2 69 82 36 78 84 103 100 39 101 74 10 99 64 33 14 57 52 106 108 98 15 91 16 12 28 71 49 56 58 47 26 102 104 3 95 30 41 88 6 13 105 60 67 1 38 43 53 66 80 50 72 73 76 34 4 89 109 40 48 62 87 61 96 63 86 21 18 97 65 
0 19 31 77 90 23 79 55 107 24 29 27 54 92 46 17 8 9 75 85 7 35 11 59 22 42 20 25 70 37 45 44 93 32 5 81 83 94 68 51 2 69 82 36 78 84 103 100 39 101 74 10 99 64 33 14 57 52 106 108 98 15 91 16 12 28 71 49 56 58 47 26 102 104 3 95 30 41 88 6 13 105 60 67 1 38 43 53 66 80 50 72 73 76 34 4 89 109 40 48 62 87 61 96 63 86 21 18 97 65 
0 19 31 77 90 23 79 55 107 24 29 27 54 92 46 17 8 9 75 85 7 35 11 59 22 42 20 25 70 37 45 44 93 32 5 81 83 94 68 51 2 69 82 36 78 84 103 100 39 101 74 10 99 64 33 14 57 52 106 108 98 15 91 16 12 28 71 49 56 58 47 26 102 104 3 95 30 41 88 6 13 105 60 67 1 38 43 53 66 80 50 72 73 76 34 4 89 109 40 48 62 87 61 96 63 86 21 18 97 65 
0 19 31 77 90 23 79 55 107 24 29 27 54 92 46 17 8 9 75 85 7 35 11 59 22 42 20 25 70 37 45 44 93 32 5 81 83 94 68 51 2 69 82 36 78 84 103 100 39 101 74 10 99 64 33 14 57 52 106 108 98 15 91 16 12 28 71 49 56 58 47 26 102 104 3 95 30 41 88 6 13 105 60 67 1 38 43 53 66 80 50 72 73 76 34 4 89 109 40 48 62 87 61 96 63 86 21 18 97 65 
0 19 31 77 90 23 79 55 107 24 29 27 54 92 46 17 8 9 75 85 7 35 11 59 22 42 20 25 70 37 45 44 93 32 5 81 83 94 68 51 2 69 82 36 78 84 103 100 39 101 74 10 99 64 33 14 57 52 106 108 98 15 91 16 12 28 71 49 56 58 47 26 102 104 3 95 30 41 88 6 13 105 60 67 1 38 43 53 66 80 50 72 73 76 34 4 89 109 40 48 62 87 61 96 63 86 21 18 97 65 
0 19 31 77 90 23 79 55 107 24 29 27 54 92 46 17 8 9 75 85 7 35 11 59 22 42 20 25 70 37 45 44 93 32 5 81 83 94 68 51 2 69 82 36 78 84 103 100 39 101 74 10 99 64 33 14 57 52 106 108 98 15 91 16 12 28 71 49 56 58 47 26 102 104 3 95 30 41 88 6 13 105 60 67 1 38 43 53 66 80 50 72 73 76 34 4 89 109 40 48 62 87 61 96 63 86 21 18 97 65 
0 19 31 77 90 23 79 55 107 24 29 27 54 92 46 17 8 9 75 85 7 35 11 59 22 42 20 25 70 37 45 44 93 32 5 81 83 94 68 51 2 69 82 36 78 84 103 100 39 101 74 10 99 64 33 14 57 52 106 108 98 15 91 16 12 28 71 49 56 58 47 26 102 104 3 95 30 41 88 6 13 105 60 67 1 38 43 53 66 80 50 72 73 76 34 4 89 109 40 48 62 87 61 96 63 86 21 18 97 65 
0 19 31 77 90 23 79 55 107 24 29 27 54 92 46 17 8 9 75 85 7 35 11 59 22 42 20 25 70 37 45 44 93 32 5 81 83 94 68 51 2 69 82 36 78 84 103 100 39 101 74 10 99 64 33 14 57 52 106 108 98 15 91 16 12 28 71 49 56 58 47 26 102 104 3 95 30 41 88 6 13 105 60 67 1 38 43 53 66 80 50 72 73 76 34 4 89 109 40 48 62 87 61 96 63 86 21 18 97 65 
0 19 31 77 90 23 79 55 107 24 29 27 54 92 46 17 8 9 75 85 7 35 11 59 22 42 20 25 70 37 45 44 93 32 5 81 83 94 68 51 2 69 82 36 78 84 103 100 39 101 74 10 99 64 33 14 57 52 106 108 98 15 91 16 12 28 71 49 56 58 47 26 102 104 3 95 30 41 88 6 13 105 60 67 1 38 43 53 66 80 50 72 73 76 34 4 89 109 40 48 62 87 61 96 63 86 21 18 97 65 
0 19 31 77 90 23 79 55 107 24 29 27 54 92 46 17 8 9 75 85 7 35 11 59 22 42 20 25 70 37 45 44 93 32 5 81 83 94 68 51 2 69 82 36 78 84 103 100 39 101 74 10 99 64 33 14 57 52 106 108 98 15 91 16 12 28 71 49 56 58 47 26 102 104 3 95 30 41 88 6 13 105 60 67 1 38 43 53 66 80 50 72 73 76 34 4 89 109 40 48 62 87 61 96 63 86 21 18 97 65 
0 19 31 77 90 23 79 55 107 24 29 27 54 92 46 17 8 9 75 85 7 35 11 59 22 42 20 25 70 37 45 44 93 32 5 81 83 94 68 51 2 69 82 36 78 84 103 100 39 101 74 10 99 64 33 14 57 52 106 108 98 15 91 16 12 28 71 49 56 58 47 26 102 104 3 95 30 41 88 6 13 105 60 67 1 38 43 53 66 80 50 72 73 76 34 4 89 109 40 48 62 87 61 96 63 86 21 18 97 65 
0 19 31 77 90 23 79 55 107 24 29 27 54 92 46 17 8 9 75 85 7 35 11 59 22 42 20 25 70 37 45 44 93 32 5 81 83 94 68 51 2 69 82 36 78 84 103 100 39 101 74 10 99 64 33 14 57 52 106 108 98 15 91 16 12 28 71 49 56 58 47 26 102 104 3 95 30 41 88 6 13 105 60 67 1 38 43 53 66 80 50 72 73 76 34 4 89 109 40 48 62 87 61 96 63 86 21 18 97 65 
0 19 31 77 90 23 79 55 107 24 29 27 54 92 46 17 8 9 75 85 7 35 11 59 22 42 20 25 70 37 45 44 93 32 5 81 83 94 68 51 2 69 82 36 78 84 103 100 39 101 74 10 99 64 33 14 57 52 106 108 98 15 91 16 12 28 71 49 56 58 47 26 102 104 3 95 30 41 88 6 13 105 60 67 1 38 43 53 66 80 50 72 73 76 34 4 89 109 40 48 62 87 61 96 63 86 21 18 97 65 
0 19 31 77 90 23 79 55 107 24 29 27 54 92 46 17 8 9 75 85 7 35 11 59 22 42 20 25 70 37 45 44 93 32 5 81 83 94 68 51 2 69 82 36 78 84 103 100 39 101 74 10 99 64 33 14 57 52 106 108 98 15 91 16 12 28 71 49 56 58 47 26 102 104 3 95 30 41 88 6 13 105 60 67 1 38 43 53 66 80 50 72 73 76 34 4 89 109 40 48 62 87 61 96 63 86 21 18 97 65 
0 19 31 77 90 23 79 55 107 24 29 27 54 92 46 17 8 9 75 85 7 35 11 59 22 42 20 25 70 37 45 44 93 32 5 81 83 94 68 51 2 69 82 36 78 84 103 100 39 101 74 10 99 64 33 14 57 52 106 108 98 15 91 16 12 28 71 49 56 58 47 26 102 104 3 95 30 41 88 6 13 105 60 67 1 38 43 53 66 80 50 72 73 76 34 4 89 109 40 48 62 87 61 96 63 86 21 18 97 65 
0 19 31 77 90 23 79 55 107 24 29 27 54 92 46 17 8 9 75 85 7 35 11 59 22 42 20 25 70 37 45 44 93 32 5 81 83 94 68 51 2 69 82 36 78 84 103 100 39 101 74 10 99 64 33 14 57 52 106 108 98 15 91 16 12 28 71 49 56 58 47 26 102 104 3 95 30 41 88 6 13 105 60 67 1 38 43 53 66 80 50 72 73 76 34 4 89 109 40 48 62 87 61 96 63 86 21 18 97 65 
0 19 31 77 90 23 79 55 107 24 29 27 54 92 46 17 8 9 75 85 7 35 11 59 22 42 20 25 70 37 45 44 93 32 5 81 83 94 68 51 2 69 82 36 78 84 103 100 39 101 74 10 99 64 33 14 57 52 106 108 98 15 91 16 12 28 71 49 56 58 47 26 102 104 3 95 30 41 88 6 13 105 60 67 1 38 43 53 66 80 50 72 73 76 34 4 89 109 40 48 62 87 61 96 63 86 21 18 97 65 
0 19 31 77 90 23 79 55 107 24 29 27 54 92 46 17 8 9 75 85 7 35 11 59 22 42 20 25 70 37 45 44 93 32 5 81 83 94 68 51 2 69 82 36 78 84 103 100 39 101 74 10 99 64 33 14 57 52 106 108 98 15 91 16 12 28 71 49 56 58 47 26 102 104 3 95 30 41 88 6 13 105 60 67 1 38 43 53 66 80 50 72 73 76 34 4 89 109 40 48 62 87 61 96 63 86 21 18 97 65 
0 19 31 77 90 23 79 55 107 24 29 27 54 92 46 17 8 9 75 85 7 35 11 59 22 42 20 25 70 37 45 44 93 32 5 81 83 94 68 51 2 69 82 36 78 84 103 100 39 101 74 10 99 64 33 14 57 52 106 108 98 15 91 16 12 28 71 49 56 58 47 26 102 104 3 95 30 41 88 6 13 105 60 67 1 38 43 53 66 80 50 72 73 76 34 4 89 109 40 48 62 87 61 96 63 86 21 18 97 65 
0 19 31 77 90 23 79 55 107 24 29 27 54 92 46 17 8 9 75 85 7 35 11 59 22 42 20 25 70 37 45 44 93 32 5 81 83 94 68 51 2 69 82 36 78 84 103 100 39 101 74 10 99 64 33 14 57 52 106 108 98 15 91 16 12 28 71 49 56 58 47 26 102 104 3 95 30 41 88 6 13 105 60 67 1 38 43 53 66 80 50 72 73 76 34 4 89 109 40 48 62 87 61 96 63 86 21 18 97 65 
0 19 31 77 90 23 79 55 107 24 29 27 54 92 46 17 8 9 75 85 7 35 11 59 22 42 20 25 70 37 45 44 93 32 5 81 83 94 68 51 2 69 82 36 78 84 103 100 39 101 74 10 99 64 33 14 57 52 106 108 98 15 91 16 12 28 71 49 56 58 47 26 102 104 3 95 30 41 88 6 13 105 60 67 1 38 43 53 66 80 50 72 73 76 34 4 89 109 40 48 62 87 61 96 63 86 21 18 97 65 
0 19 31 77 90 23 79 55 107 24 29 27 54 92 46 17 8 9 75 85 7 35 11 59 22 42 20 25 70 37 45 44 93 32 5 81 83 94 68 51 2 69 82 36 78 84 103 100 39 101 74 10 99 64 33 14 57 52 106 108 98 15 91 16 12 28 71 49 56 58 47 26 102 104 3 95 30 41 88 6 13 105 60 67 1 38 43 53 66 80 50 72 73 76 34 4 89 109 40 48 62 87 61 96 63 86 21 18 97 65 
0 19 31 77 90 23 79 55 107 24 29 27 54 92 46 17 8 9 75 85 7 35 11 59 22 42 20 25 70 37 45 44 93 32 5 81 83 94 68 51 2 69 82 36 78 84 103 100 39 101 74 10 99 64 33 14 57 52 106 108 98 15 91 16 12 28 71 49 56 58 47 26 102 104 3 95 30 41 88 6 13 105 60 67 1 38 43 53 66 80 50 72 73 76 34 4 89 109 40 48 62 87 61 96 63 86 21 18 97 65 
0 19 31 77 90 23 79 55 107 24 29 27 54 92 46 17 8 9 75 85 7 35 11 59 22 42 20 25 70 37 45 44 93 32 5 81 83 94 68 51 2 69 82 36 78 84 103 100 39 101 74 10 99 64 33 14 57 52 106 108 98 15 91 16 12 28 71 49 56 58 47 26 102 104 3 95 30 41 88 6 13 105 60 67 1 38 43 53 66 80 50 72 73 76 34 4 89 109 40 48 62 87 61 96 63 86 21 18 97 65 
0 19 31 77 90 23 79 55 107 24 29 27 54 92 46 17 8 9 75 85 7 35 11 59 22 42 20 25 70 37 45 44 93 32 5 81 83 94 68 51 2 69 82 36 78 84 103 100 39 101 74 10 99 64 33 14 57 52 106 108 98 15 91 16 12 28 71 49 56 58 47 26 102 104 3 95 30 41 88 6 13 105 60 67 1 38 43 53 66 80 50 72 73 76 34 4 89 109 40 48 62 87 61 96 63 86 21 18 97 65 
0 19 31 77 90 23 79 55 107 24 29 27 54 92 46 17 8 9 75 85 7 35 11 59 22 42 20 25 70 37 45 44 93 32 5 81 83 94 68 51 2 69 82 36 78 84 103 100 39 101 74 10 99 64 33 14 57 52 106 108 98 15 91 16 12 28 71 49 56 58 47 26 102 104 3 95 30 41 88 6 13 105 60 67 1 38 43 53 66 80 50 72 73 76 34 4 89 109 40 48 62 87 61 96 63 86 21 18 97 65 
0 19 31 77 90 23 79 55 107 24 29 27 54 92 46 17 8 9 75 85 7 35 11 59 22 42 20 25 70 37 45 44 93 32 5 81 83 94 68 51 2 69 82 36 78 84 103 100 39 101 74 10 99 64 33 14 57 52 106 108 98 15 91 16 12 28 71 49 56 58 47 26 102 104 3 95 30 41 88 6 13 105 60 67 1 38 43 53 66 80 50 72 73 76 34 4 89 109 40 48 62 87 61 96 63 86 21 18 97 65 
0 19 31 77 90 23 79 55 107 24 29 27 54 92 46 17 8 9 75 85 7 35 11 59 22 42 20 25 70 37 45 44 93 32 5 81 83 94 68 51 2 69 82 36 78 84 103 100 39 101 74 10 99 64 33 14 57 52 106 108 98 15 91 16 12 28 71 49 56 58 47 26 102 104 3 95 30 41 88 6 13 105 60 67 1 38 43 53 66 80 50 72 73 76 34 4 89 109 40 48 62 87 61 96 63 86 21 18 97 65 
0 19 31 77 90 23 79 55 107 24 29 27 54 92 46 17 8 9 75 85 7 35 11 59 22 42 20 25 70 37 45 44 93 32 5 81 83 94 68 51 2 69 82 36 78 84 103 100 39 101 74 10 99 64 33 14 57 52 106 108 98 15 91 16 12 28 71 49 56 58 47 26 102 104 3 95 30 41 88 6 13 105 60 67 1 38 43 53 66 80 50 72 73 76 34 4 89 109 40 48 62 87 61 96 63 86 21 18 97 65 
0 19 31 77 90 23 79 55 107 24 29 27 54 92 46 17 8 9 75 85 7 35 11 59 22 42 20 25 70 37 45 44 93 32 5 81 83 94 68 51 2 69 82 36 78 84 103 100 39 101 74 10 99 64 33 14 57 52 106 108 98 15 91 16 12 28 71 49 56 58 47 26 102 104 3 95 30 41 88 6 13 105 60 67 1 38 43 53 66 80 50 72 73 76 34 4 89 109 40 48 62 87 61 96 63 86 21 18 97 65 
0 19 31 77 90 23 79 55 107 24 29 27 54 92 46 17 8 9 75 85 7 35 11 59 22 42 20 25 70 37 45 44 93 32 5 81 83 94 68 51 2 69 82 36 78 84 103 100 39 101 74 10 99 64 33 14 57 52 106 108 98 15 91 16 12 28 71 49 56 58 47 26 102 104 3 95 30 41 88 6 13 105 60 67 1 38 43 53 66 80 50 72 73 76 34 4 89 109 40 48 62 87 61 96 63 86 21 18 97 65 
0 19 31 77 90 23 79 55 107 24 29 27 54 92 46 17 8 9 75 85 7 35 11 59 22 42 20 25 70 37 45 44 93 32 5 81 83 94 68 51 2 69 82 36 78 84 103 100 39 101 74 10 99 64 33 14 57 52 106 108 98 15 91 16 12 28 71 49 56 58 47 26 102 104 3 95 30 41 88 6 13 105 60 67 1 38 43 53 66 80 50 72 73 76 34 4 89 109 40 48 62 87 61 96 63 86 21 18 97 65 
0 19 31 77 90 23 79 55 107 24 29 27 54 92 46 17 8 9 75 85 7 35 11 59 22 42 20 25 70 37 45 44 93 32 5 81 83 94 68 51 2 69 82 36 78 84 103 100 39 101 74 10 99 64 33 14 57 52 106 108 98 15 91 16 12 28 71 49 56 58 47 26 102 104 3 95 30 41 88 6 13 105 60 67 1 38 43 53 66 80 50 72 73 76 34 4 89 109 40 48 62 87 61 96 63 86 21 18 97 65 
0 19 31 77 90 23 79 55 107 24 29 27 54 92 46 17 8 9 75 85 7 35 11 59 22 42 20 25 70 37 45 44 93 32 5 81 83 94 68 51 2 69 82 36 78 84 103 100 39 101 74 10 99 64 33 14 57 52 106 108 98 15 91 16 12 28 71 49 56 58 47 26 102 104 3 95 30 41 88 6 13 105 60 67 1 38 43 53 66 80 50 72 73 76 34 4 89 109 40 48 62 87 61 96 63 86 21 18 97 65 
0 19 31 77 90 23 79 55 107 24 29 27 54 92 46 17 8 9 75 85 7 35 11 59 22 42 20 25 70 37 45 44 93 32 5 81 83 94 68 51 2 69 82 36 78 84 103 100 39 101 74 10 99 64 33 14 57 52 106 108 98 15 91 16 12 28 71 49 56 58 47 26 102 104 3 95 30 41 88 6 13 105 60 67 1 38 43 53 66 80 50 72 73 76 34 4 89 109 40 48 62 87 61 96 63 86 21 18 97 65 
0 19 31 77 90 23 79 55 107 24 29 27 54 92 46 17 8 9 75 85 7 35 11 59 22 42 20 25 70 37 45 44 93 32 5 81 83 94 68 51 2 69 82 36 78 84 103 100 39 101 74 10 99 64 33 14 57 52 106 108 98 15 91 16 12 28 71 49 56 58 47 26 102 104 3 95 30 41 88 6 13 105 60 67 1 38 43 53 66 80 50 72 73 76 34 4 89 109 40 48 62 87 61 96 63 86 21 18 97 65 
0 19 31 77 90 23 79 55 107 24 29 27 54 92 46 17 8 9 75 85 7 35 11 59 22 42 20 25 70 37 45 44 93 32 5 81 83 94 68 51 2 69 82 36 78 84 103 100 39 101 74 10 99 64 108 106 52 57 14 33 98 15 91 16 12 28 71 49 56 58 47 26 102 104 3 95 30 41 88 6 13 105 60 67 1 38 43 53 66 80 50 72 73 76 34 4 89 109 40 48 62 87 61 96 63 86 21 18 97 65 
0 19 31 77 90 23 79 55 107 24 29 27 54 92 46 17 8 9 75 85 7 35 11 59 22 42 20 25 70 37 45 44 93 32 5 81 83 94 51 68 2 69 82 36 78 84 103 100 39 101 74 10 99 64 33 14 57 52 106 108 98 15 91 16 12 28 71 49 56 58 47 26 102 104 3 95 30 41 88 6 13 105 60 67 1 38 43 53 66 80 50 72 73 76 34 4 89 109 40 48 62 87 61 96 63 86 21 18 97 65 
0 19 31 77 90 23 79 55 107 24 29 27 54 92 46 17 8 9 75 7 35 85 11 59 22 42 20 25 70 37 45 44 93 32 5 81 83 94 68 51 2 69 82 36 78 84 103 100 39 101 74 10 99 64 33 14 57 52 106 108 98 15 91 16 12 28 71 49 56 58 47 26 102 104 3 95 30 41 88 6 13 105 60 67 1 38 43 53 66 80 50 72 73 76 34 4 89 109 40 48 62 87 61 96 63 86 21 18 97 65 
0 19 31 77 90 23 79 55 107 24 29 27 54 92 46 17 8 9 75 85 7 35 11 59 22 42 20 25 70 37 45 44 93 32 5 81 83 94 68 51 2 69 82 36 78 84 103 100 39 101 74 10 99 64 33 14 57 52 106 108 98 15 91 16 12 28 71 49 56 58 47 26 102 104 3 95 30 41 88 6 13 105 60 67 1 38 43 53 66 80 50 40 109 89 4 34 76 73 72 48 62 87 61 96 63 86 21 18 97 65 
0 19 31 77 90 23 79 55 107 24 29 27 54 92 46 17 8 9 75 85 7 35 11 59 22 42 20 25 70 37 45 44 93 32 5 81 83 94 68 51 2 69 82 36 78 84 103 100 39 101 74 10 99 64 33 14 57 52 108 98 15 91 16 106 12 28 71 49 56 58 47 26 102 104 3 95 30 41 88 6 13 105 60 67 1 38 43 53 66 80 50 72 73 76 34 4 89 109 40 48 62 87 61 96 63 86 21 18 97 65 
0 19 31 77 90 23 79 55 107 24 29 27 54 92 46 17 8 9 75 85 7 35 11 59 22 42 20 25 70 37 45 44 93 32 5 81 83 94 68 51 2 69 82 36 78 84 103 100 39 101 74 10 99 64 33 14 57 52 108 98 15 91 16 106 12 28 71 49 56 58 47 26 102 104 3 95 30 41 88 6 13 105 60 67 1 38 43 53 66 80 50 72 73 76 34 4 89 109 40 48 62 87 61 96 63 86 21 18 97 65 
0 19 31 77 90 23 79 55 107 24 29 27 54 92 46 17 8 9 75 11 7 35 85 59 22 42 20 25 70 37 45 44 93 32 5 81 83 94 68 51 2 69 82 36 78 84 103 100 39 101 74 10 99 64 33 14 57 52 106 108 98 15 91 16 12 28 71 49 56 58 47 26 102 104 3 95 30 41 88 6 13 105 60 67 1 38 43 53 66 80 50 72 73 76 34 4 89 109 40 48 62 87 61 96 63 86 21 18 97 65 
0 19 31 77 90 23 79 55 107 24 29 27 54 92 46 17 8 9 75 85 7 35 11 59 22 42 20 25 70 37 45 44 93 32 5 81 83 94 68 51 2 69 82 36 78 84 103 100 39 101 74 10 99 64 33 14 57 52 106 108 98 15 91 16 12 28 71 49 56 58 47 26 102 104 3 67 60 105 13 6 88 41 30 95 1 38 43 53 66 80 50 72 73 76 34 4 89 109 40 48 62 87 61 96 63 86 21 18 97 65 
0 19 31 77 90 23 79 55 107 24 29 27 54 92 46 17 8 9 75 85 7 35 11 59 22 42 20 25 70 37 45 44 93 32 5 81 83 94 68 51 2 69 82 36 78 84 103 100 39 101 74 10 99 64 33 14 57 52 106 108 98 15 91 16 12 28 71 49 56 58 47 26 102 104 3 95 30 41 88 6 13 105 60 67 1 38 43 53 66 80 50 89 72 73 76 34 4 109 40 48 62 87 61 96 63 86 21 18 97 65 
0 19 31 77 90 23 79 55 107 24 29 27 54 92 46 17 8 9 75 85 7 35 11 59 22 42 20 25 70 37 45 44 93 32 5 81 83 94 68 51 2 69 82 36 78 84 103 100 39 101 74 10 99 106 33 14 57 52 64 108 98 15 91 16 12 28 71 49 56 58 47 26 102 104 3 95 30 41 88 6 13 105 60 67 1 38 43 53 66 80 50 72 73 76 34 4 89 109 40 48 62 87 61 96 63 86 21 18 97 65 
0 19 31 77 90 23 79 55 107 24 29 27 54 92 46 17 8 9 75 85 7 35 11 59 22 42 20 25 70 37 45 44 93 32 5 81 83 94 68 51 2 69 82 36 78 84 103 100 39 101 74 10 99 64 33 14 57 52 106 108 98 15 91 16 12 28 71 49 56 58 47 26 102 104 3 95 30 41 88 6 13 105 60 67 1 38 43 53 66 80 50 72 73 76 34 4 89 109 40 48 62 21 86 63 96 61 87 18 97 65 
0 19 31 77 90 23 79 55 107 24 29 27 54 92 46 17 8 9 75 85 7 35 11 59 22 42 20 25 70 37 45 44 93 32 5 81 83 94 68 51 2 69 82 36 78 84 103 100 39 101 74 99 64 33 14 57 52 106 108 98 15 91 10 16 12 28 71 49 56 58 47 26 102 104 3 95 30 41 88 6 13 105 60 67 1 38 43 53 66 80 50 72 73 76 34 4 89 109 40 48 62 87 61 96 63 86 21 18 97 65 
0 19 31 77 90 23 79 55 107 24 29 27 54 92 46 17 8 9 75 85 7 35 11 59 22 42 20 25 70 37 45 44 93 32 5 81 83 94 68 51 2 69 82 36 78 84 103 100 39 101 74 10 99 64 33 14 57 52 106 108 98 15 91 16 12 28 71 49 56 58 47 26 66 102 104 3 95 30 41 88 6 13 105 60 67 1 38 43 53 80 50 72 73 76 34 4 89 109 40 48 62 87 61 96 63 86 21 18 97 65 
0 19 31 77 90 23 79 55 107 24 29 27 54 92 46 17 8 9 75 85 7 35 11 59 22 42 20 25 70 37 45 44 93 32 5 81 83 94 68 51 2 69 82 36 78 100 103 84 39 101 74 10 99 64 33 14 57 52 106 108 98 15 91 16 12 28 71 49 56 58 47 26 102 104 3 95 30 41 88 6 13 105 60 67 1 38 43 53 66 80 50 72 73 76 34 4 89 109 40 48 62 87 61 96 63 86 21 18 97 65 
0 19 31 77 90 23 79 55 107 24 29 27 54 92 46 17 8 9 75 85 7 35 11 59 22 42 20 25 70 32 45 44 93 37 5 81 83 94 68 51 2 69 82 36 78 84 103 100 39 101 74 10 99 64 33 14 57 52 106 108 98 15 91 16 12 28 71 49 56 58 47 26 102 104 3 95 30 41 88 6 13 105 60 67 1 38 43 53 66 80 50 72 73 76 34 4 89 109 40 48 62 87 61 96 63 86 21 18 97 65 
0 19 31 77 90 23 79 55 107 24 29 27 54 92 46 17 8 9 75 85 7 35 11 59 22 42 20 25 70 37 45 44 93 83 5 81 32 94 68 51 2 69 82 36 78 84 103 100 39 101 74 10 99 64 33 14 57 52 106 108 98 15 91 16 12 28 71 49 56 58 47 26 102 104 3 95 30 41 88 6 13 105 60 67 1 38 43 53 66 80 50 72 73 76 34 4 89 109 40 48 62 87 61 96 63 86 21 18 97 65 
0 19 31 77 90 23 79 55 107 24 29 27 54 92 46 17 8 9 75 85 7 35 11 59 22 42 20 25 70 37 45 44 93 32 5 81 83 94 68 51 2 69 82 36 78 84 103 100 39 101 74 10 99 64 33 14 57 52 106 108 98 15 71 16 12 28 91 49 56 58 47 26 102 104 3 95 30 41 88 6 13 105 60 67 1 38 43 53 66 80 50 72 73 76 34 4 89 109 40 48 62 87 61 96 63 86 21 18 97 65 
0 19 31 77 90 23 79 55 107 24 29 27 54 92 46 17 8 9 75 85 7 35 11 59 22 42 20 25 70 37 45 44 93 32 5 81 83 94 68 51 2 69 82 36 78 84 103 100 39 101 74 10 99 64 33 14 57 52 106 108 98 15 91 16 12 28 71 49 56 58 47 26 102 104 3 95 30 41 88 6 13 105 60 67 1 38 43 109 89 4 34 76 73 72 50 80 66 53 40 48 62 87 61 96 63 86 21 18 97 65 
0 19 31 77 90 23 79 55 107 24 29 27 54 92 46 17 8 9 75 85 7 35 11 59 22 42 20 25 70 37 45 44 93 32 5 81 83 94 68 51 2 69 82 36 78 84 103 100 39 101 74 10 99 64 33 14 57 52 106 108 98 15 91 16 12 28 71 49 56 47 26 102 104 3 95 30 41 88 6 13 105 60 67 1 38 43 53 66 80 50 72 58 73 76 34 4 89 109 40 48 62 87 61 96 63 86 21 18 97 65 
0 19 31 77 90 23 79 55 107 24 29 27 54 92 46 17 8 9 75 85 7 35 11 59 22 42 20 25 70 37 45 44 93 32 5 81 83 94 68 51 2 69 82 36 78 84 103 100 39 101 74 10 99 64 33 14 57 52 106 108 98 15 91 16 60 105 13 6 88 41 30 95 3 104 102 26 47 58 56 49 71 28 12 67 1 38 43 53 66 50 72 73 76 34 4 89 109 40 80 48 62 87 61 96 63 86 21 18 97 65 
0 19 31 77 90 23 79 55 107 24 29 27 54 92 46 17 8 9 75 85 7 35 11 59 22 42 20 25 70 37 45 44 93 32 5 81 83 94 68 51 2 69 82 36 78 84 103 100 39 101 74 10 99 64 33 14 57 52 106 108 98 15 91 53 12 28 71 49 56 58 47 26 102 104 3 95 30 41 88 6 13 105 60 67 1 38 43 16 66 80 50 72 73 76 34 4 89 109 40 48 62 87 61 96 63 86 21 18 97 65 
0 19 31 77 90 23 79 55 24 29 27 54 92 46 17 8 107 9 75 85 7 35 11 59 22 42 20 25 70 37 45 44 93 32 5 81 83 94 68 51 2 69 82 36 78 84 103 100 39 101 74 10 99 64 33 14 57 52 106 108 98 15 91 16 12 28 71 49 56 58 47 26 102 104 3 95 30 41 88 6 13 105 60 67 1 38 43 53 66 80 50 72 73 76 34 4 89 109 40 48 62 87 61 96 63 86 21 18 97 65 
0 19 31 77 90 23 79 55 107 24 29 27 54 92 46 17 8 9 75 85 70 35 11 59 22 42 20 25 7 37 45 44 93 32 5 81 83 94 68 51 2 69 82 36 78 84 103 100 39 101 74 10 99 64 33 14 57 52 106 108 98 15 91 16 12 28 71 49 56 58 47 26 102 104 3 95 30 41 88 6 13 105 60 67 1 38 43 53 66 80 50 72 73 76 34 4 89 109 40 48 62 87 61 96 63 86 21 18 97 65 
0 19 31 77 90 23 79 55 107 24 29 27 54 92 46 17 8 9 75 85 7 35 11 59 22 42 20 25 70 37 45 44 93 32 5 81 83 103 84 78 36 82 69 2 51 68 94 100 39 101 74 10 99 64 33 14 57 52 106 108 98 15 91 16 12 28 71 49 56 58 47 26 102 104 3 95 30 41 88 6 13 105 60 67 1 38 43 53 66 80 50 72 73 76 34 4 89 109 40 48 62 87 61 96 63 86 21 18 97 65 
0 19 31 77 90 23 79 55 107 24 29 27 54 92 46 17 8 9 75 85 7 45 11 59 22 42 20 25 70 37 35 44 93 32 5 81 83 94 68 51 2 69 82 36 78 84 103 100 39 101 74 10 99 64 33 14 57 52 106 108 98 15 91 16 12 28 71 49 56 58 47 26 102 104 3 95 30 41 88 6 13 105 60 67 1 38 43 53 66 80 50 72 73 76 34 4 89 109 40 48 62 87 61 96 63 86 21 18 97 65 
0 19 31 77 90 23 79 55 107 24 29 27 54 92 46 17 8 9 75 85 7 35 11 59 22 42 20 25 70 37 45 44 93 32 5 81 83 94 68 51 2 69 82 36 78 84 103 100 39 101 74 10 99 64 33 14 57 52 106 108 98 15 91 16 12 28 71 49 56 58 43 53 66 80 50 72 73 76 47 26 102 104 3 95 30 41 88 6 13 105 60 67 1 38 34 4 89 109 40 48 62 87 61 96 63 86 21 18 97 65 
0 19 31 77 90 23 79 55 107 24 29 27 54 92 46 17 8 9 75 85 7 35 11 59 22 42 20 25 70 37 45 44 93 32 5 81 83 94 68 51 2 69 82 36 78 84 103 100 39 101 74 10 99 64 33 14 57 52 106 108 98 15 91 16 12 28 71 49 56 58 43 53 66 80 50 72 73 76 47 26 102 104 3 95 30 41 88 6 13 105 60 67 1 38 34 4 89 109 40 48 62 87 61 96 63 86 21 18 97 65 
0 19 31 77 90 23 79 55 107 24 29 27 54 92 46 17 8 9 75 85 7 35 11 59 22 42 20 25 70 37 45 44 93 32 5 81 83 94 68 51 2 69 82 36 78 84 103 100 39 101 74 10 99 64 12 14 57 52 106 108 98 15 91 16 33 28 71 49 56 58 47 26 102 104 3 95 30 41 88 6 13 105 60 67 1 38 43 53 66 80 50 72 73 76 34 4 89 109 40 48 62 87 61 96 63 86 21 18 97 65 
0 19 31 77 90 23 79 55 107 24 29 27 54 92 46 17 8 9 75 85 7 35 11 59 22 42 20 25 70 37 45 44 93 32 5 81 83 94 68 2 69 82 36 78 84 103 100 39 101 74 10 99 64 33 14 57 52 106 51 108 98 15 91 16 12 28 71 49 56 58 47 26 102 104 3 95 30 41 88 6 13 105 60 67 1 38 43 53 66 80 50 72 73 76 34 4 89 109 40 48 62 87 61 96 63 86 21 18 97 65 
0 19 31 77 90 23 79 55 107 24 29 27 54 92 46 17 8 9 75 85 7 35 11 59 22 42 20 25 70 37 45 44 93 32 5 81 83 94 68 51 2 69 82 36 4 34 76 73 72 50 80 66 53 43 38 14 57 52 106 108 98 15 91 16 12 28 71 49 56 58 47 26 102 104 3 95 30 41 88 6 13 105 60 67 1 33 64 99 10 74 101 39 100 103 84 78 89 109 40 48 62 87 61 96 63 86 21 18 97 65 
0 19 31 77 90 23 79 55 107 24 29 27 54 92 46 17 8 9 75 85 7 35 11 59 22 42 20 25 70 37 45 44 93 32 5 81 83 94 68 51 2 69 82 36 78 84 103 100 39 101 74 10 99 64 33 14 57 52 106 66 98 15 91 16 12 28 71 49 56 58 47 26 108 102 104 3 95 30 41 88 6 13 105 60 67 1 38 43 53 80 50 72 73 76 34 4 89 109 40 48 62 87 61 96 63 86 21 18 97 65 
0 19 31 77 90 23 79 55 107 24 29 27 54 92 46 17 8 9 75 85 7 35 11 59 22 42 20 25 70 37 45 44 93 32 5 81 83 94 68 51 2 69 82 36 78 84 103 100 39 101 50 80 66 53 43 38 1 67 60 105 13 6 88 41 30 95 3 104 102 26 47 58 56 49 71 28 12 16 91 15 98 108 106 52 57 14 33 64 99 10 74 72 73 76 34 4 89 109 40 48 62 87 61 96 63 86 21 18 97 65 
0 19 31 77 90 23 79 55 107 24 29 27 54 92 46 17 8 9 75 85 7 35 11 59 22 42 20 25 70 37 45 44 93 32 5 81 83 94 68 38 1 67 60 105 13 6 88 41 30 95 3 104 102 26 47 58 56 49 71 28 12 16 91 15 98 108 106 52 57 14 33 64 99 10 74 101 39 100 103 84 78 36 82 69 2 51 43 53 66 80 50 72 73 76 34 4 89 109 40 48 62 87 61 96 63 86 21 18 97 65 
0 19 31 77 90 23 79 55 107 24 29 27 54 92 46 17 8 9 75 85 7 35 11 59 22 42 20 25 70 37 45 44 93 32 5 81 83 94 14 51 2 69 82 36 78 84 103 100 39 101 74 10 99 64 33 68 57 52 106 108 98 15 91 16 12 28 71 49 56 58 47 26 102 104 3 95 30 41 88 6 13 105 60 67 1 38 43 53 66 80 50 72 73 76 34 4 89 109 40 48 62 87 61 96 63 86 21 18 97 65 
0 19 31 77 90 23 79 55 107 24 29 27 54 92 46 17 8 9 75 85 7 35 11 59 22 42 20 25 70 37 45 44 93 32 5 81 83 94 68 51 2 69 82 36 78 84 103 100 39 101 74 10 108 98 15 91 16 12 28 71 49 56 58 47 26 102 104 3 95 30 41 88 6 13 105 99 64 33 14 57 52 106 60 67 1 38 43 53 66 80 50 72 73 76 34 4 89 109 40 48 62 87 61 96 63 86 21 18 97 65 
0 19 31 77 90 23 79 55 107 24 29 27 54 92 46 17 8 9 75 85 7 35 11 59 22 42 20 25 70 37 45 44 93 32 5 81 83 94 68 51 2 69 82 36 78 84 103 100 39 101 74 10 99 64 33 14 57 52 106 108 98 15 91 16 12 28 71 49 56 58 47 26 102 104 3 95 30 41 88 6 13 105 60 109 89 4 34 76 73 72 50 80 66 53 43 38 1 67 40 48 62 87 61 96 63 86 21 18 97 65 
0 19 31 77 90 23 79 55 107 24 29 27 54 92 46 17 8 9 75 85 7 35 11 59 22 42 20 25 70 37 45 44 93 32 5 81 83 94 68 51 2 69 82 36 78 84 103 100 39 101 74 10 99 64 33 14 57 52 106 108 98 15 91 16 12 28 30 49 56 58 47 26 102 104 3 95 71 41 88 6 13 105 60 67 1 38 43 53 66 80 50 72 73 76 34 4 89 109 40 48 62 87 61 96 63 86 21 18 97 65 
0 19 31 77 90 23 79 55 107 24 29 27 54 92 46 17 8 9 75 85 7 35 11 59 22 42 20 25 70 37 45 44 93 32 5 81 38 1 67 60 105 13 6 88 41 30 95 3 104 102 26 47 58 56 49 71 28 12 16 91 15 98 108 106 52 57 14 33 64 99 10 74 101 39 100 103 84 78 36 82 69 2 51 68 94 83 43 53 66 80 50 72 73 76 34 4 89 109 40 48 62 87 61 96 63 86 21 18 97 65 
0 19 31 77 90 23 79 55 107 24 29 27 54 92 46 17 8 9 75 85 7 35 11 59 22 42 20 25 70 37 45 44 93 32 5 81 83 94 68 51 2 69 82 36 78 84 103 100 39 101 74 10 99 64 33 14 57 52 106 108 98 15 91 16 12 28 71 49 56 58 47 26 102 104 3 95 30 41 88 6 13 105 60 67 1 89 43 53 66 80 50 38 72 73 76 34 4 109 40 48 62 87 61 96 63 86 21 18 97 65 
0 19 31 77 90 23 79 55 107 24 29 27 54 92 46 17 8 9 75 85 7 35 11 59 22 42 20 25 70 37 45 44 93 32 5 81 83 94 68 51 2 69 82 36 78 84 103 100 39 101 74 10 99 104 102 26 47 58 56 49 71 28 12 16 91 15 98 108 106 52 57 14 33 64 3 95 30 41 88 6 13 105 60 67 1 38 43 53 66 80 50 72 73 76 34 4 89 109 40 48 62 87 61 96 63 86 21 18 97 65 
0 19 31 77 90 23 79 55 107 24 29 27 54 92 46 17 8 9 75 85 7 35 11 59 22 42 20 25 70 37 45 44 93 32 5 81 83 94 68 51 2 69 106 108 98 15 91 16 28 71 49 56 58 47 26 102 104 3 95 30 41 88 6 13 105 60 67 82 36 78 84 103 100 39 101 74 10 99 64 33 14 57 52 12 1 38 43 53 66 80 50 72 73 76 34 4 89 109 40 48 62 87 61 96 63 86 21 18 97 65 
0 19 37 70 25 20 42 22 59 11 35 7 85 75 9 8 17 46 92 54 27 29 24 107 55 79 23 90 77 31 45 44 93 32 5 81 83 94 68 51 2 69 82 36 78 84 103 100 39 101 74 10 99 64 33 14 57 52 106 108 98 15 91 16 12 28 71 49 56 58 47 26 102 104 3 95 30 41 88 6 13 105 60 67 1 38 43 53 66 80 50 72 73 76 34 4 89 109 40 48 62 87 61 96 63 86 21 18 97 65 
0 19 31 77 90 23 79 55 107 24 29 27 54 92 46 17 8 9 75 85 7 35 11 59 22 42 20 25 70 37 45 44 93 32 5 81 83 94 68 51 2 69 82 36 78 84 103 100 39 101 74 10 99 64 33 14 57 52 106 108 98 15 91 16 12 28 71 49 56 58 47 26 102 104 3 95 30 41 88 6 13 105 60 67 1 38 43 53 66 80 50 72 73 34 4 89 109 40 48 62 87 61 96 63 86 21 18 76 97 65 
0 19 31 77 90 23 79 55 107 24 29 27 54 92 46 17 8 9 75 85 7 35 11 94 22 42 20 25 70 37 45 44 93 32 5 81 83 59 68 51 2 69 82 36 78 84 103 100 39 101 74 10 99 64 33 14 57 52 106 108 98 15 91 16 12 28 71 49 56 58 47 26 102 104 3 95 30 41 88 6 13 105 60 67 1 38 43 53 66 80 50 72 73 76 34 4 89 109 40 48 62 87 61 96 63 86 21 18 97 65 
0 19 31 77 90 23 79 55 107 24 29 27 54 92 46 17 8 9 75 85 7 35 11 59 22 42 20 25 70 37 45 44 93 32 5 81 83 94 68 51 2 101 82 36 78 84 103 100 39 69 74 10 99 64 33 14 57 52 106 108 98 15 91 16 12 28 71 49 56 58 47 26 102 104 3 95 30 41 88 6 13 105 60 67 1 38 43 53 66 80 50 72 73 76 34 4 89 109 40 48 62 87 61 96 63 86 21 18 97 65 
0 19 31 77 90 23 79 55 107 24 29 27 54 92 46 17 8 9 75 85 7 35 11 59 22 42 20 25 70 37 45 44 93 32 5 81 83 94 68 51 2 69 82 78 84 103 100 39 101 74 10 99 64 33 14 57 52 106 108 98 15 91 16 12 28 71 49 56 58 47 26 102 104 3 95 30 41 88 6 13 105 60 67 1 38 43 53 66 80 50 72 73 76 34 4 89 109 40 48 62 87 61 96 63 86 21 18 36 97 65 
0 19 31 77 90 23 79 55 107 24 29 27 54 92 46 17 8 9 75 85 7 35 11 59 22 42 20 25 70 37 45 44 93 32 5 81 83 94 68 51 2 69 82 36 78 84 103 100 39 101 74 10 99 64 33 14 57 52 106 108 98 15 91 16 12 28 71 49 56 58 47 26 102 104 3 95 30 41 88 6 13 105 60 67 1 38 43 53 66 80 50 72 73 76 34 4 89 109 40 48 62 87 61 96 63 86 18 97 21 65 
0 19 31 77 90 23 79 55 107 24 29 27 54 92 46 17 8 9 75 85 7 35 11 59 22 42 20 25 70 37 45 44 93 32 5 81 83 94 28 71 49 56 58 47 26 102 104 3 95 30 41 88 6 13 105 60 67 1 38 43 53 66 80 50 72 68 51 2 69 82 36 78 84 103 100 39 101 74 10 99 106 33 14 57 52 64 108 98 15 91 16 12 73 76 34 4 89 109 40 48 62 87 61 96 63 86 21 18 97 65 
0 19 31 77 90 23 79 55 107 24 29 27 54 92 46 17 8 9 75 85 7 35 11 72 50 80 66 53 43 38 1 67 60 105 13 6 88 41 30 95 3 104 102 26 47 58 56 49 71 28 12 16 91 15 98 108 106 52 57 14 33 64 99 10 74 101 39 100 103 84 78 36 82 69 2 51 68 94 83 81 5 32 93 44 45 37 70 25 20 42 22 59 73 76 34 4 89 109 40 48 62 87 61 96 63 86 21 18 97 65 
0 19 31 77 90 23 79 55 107 24 29 27 54 92 46 17 8 9 75 85 7 35 11 59 22 42 20 25 70 37 45 44 93 32 5 81 83 94 68 51 2 69 82 36 78 84 103 100 39 101 74 10 99 64 33 14 57 104 106 108 98 15 91 16 12 28 71 49 56 58 47 26 102 52 3 95 30 41 88 6 13 105 60 67 1 38 43 53 66 80 50 72 73 76 34 4 89 109 40 48 62 87 61 96 63 86 21 18 97 65 
0 19 31 77 90 23 79 55 107 24 29 27 54 92 46 17 8 9 75 85 7 35 11 59 22 42 20 25 70 37 45 44 93 32 5 100 103 84 78 36 82 69 2 51 68 94 83 81 39 101 74 10 99 64 14 57 52 106 108 98 15 91 16 33 12 28 71 49 56 58 47 26 102 104 3 95 30 41 88 6 13 105 60 67 1 38 43 53 66 80 50 72 73 76 34 4 89 109 40 48 62 87 61 96 63 86 21 18 97 65 
0 19 31 77 90 23 79 55 107 24 29 27 54 92 46 17 8 9 75 85 7 35 11 59 22 42 20 25 70 37 45 44 93 32 5 81 83 94 68 51 2 69 82 36 78 84 103 100 39 101 74 10 99 64 33 14 57 52 106 108 98 15 91 16 12 28 71 49 56 58 47 26 102 104 3 95 30 41 88 6 13 105 60 67 1 38 43 53 66 80 50 72 73 76 34 4 89 109 40 48 62 87 61 96 63 97 21 18 86 65 
0 19 31 77 90 23 79 55 107 24 29 27 54 92 46 17 8 9 75 85 7 35 11 59 22 42 20 25 70 37 45 44 93 32 5 81 83 94 68 51 2 69 82 36 78 84 103 100 39 101 74 10 99 64 33 14 57 52 106 108 98 15 91 16 12 28 71 49 56 58 47 26 102 104 3 95 30 41 88 6 13 105 60 67 1 38 43 53 66 80 50 72 73 76 34 4 89 109 40 48 62 87 61 96 63 97 21 18 86 65 
0 19 31 77 90 23 79 55 107 24 29 27 54 92 46 17 8 9 75 85 7 35 11 59 22 42 20 25 70 37 45 44 93 32 5 81 83 94 68 51 2 69 82 36 78 84 103 100 39 101 74 10 99 64 33 14 57 52 106 108 98 15 91 16 12 28 71 49 56 58 47 26 102 104 3 95 30 41 88 6 13 105 60 67 1 38 43 53 66 96 80 50 72 73 76 34 4 89 109 40 48 62 87 61 63 86 21 18 97 65 
0 19 31 77 90 23 79 55 107 24 29 27 54 92 46 17 8 9 75 85 7 35 11 59 22 42 20 25 70 37 45 44 93 32 5 81 83 94 68 51 2 69 82 36 78 84 103 100 101 74 99 64 33 14 57 52 106 108 98 15 91 10 16 12 28 71 49 56 58 47 26 102 104 3 95 30 41 88 6 13 105 60 67 1 38 43 53 66 80 39 50 72 73 76 34 4 89 109 40 48 62 87 61 96 63 86 21 18 97 65 
0 19 31 77 90 23 79 55 107 24 29 9 54 92 46 17 8 27 75 85 7 35 11 59 22 42 25 70 37 45 44 93 32 5 81 83 94 68 51 2 69 82 36 78 84 103 100 39 101 74 10 99 64 33 14 57 52 106 108 98 15 91 16 12 28 71 49 56 58 47 26 102 104 3 95 30 41 88 6 13 105 60 67 1 38 43 53 66 80 50 72 73 76 34 4 20 89 109 40 48 62 87 61 96 63 86 21 18 97 65 
0 19 31 77 90 23 79 55 107 24 29 27 54 92 46 17 8 9 75 85 7 35 11 59 22 42 20 25 70 37 45 44 93 32 5 81 83 94 68 51 2 69 82 36 78 84 103 100 26 47 58 56 49 71 28 12 16 91 15 98 108 106 52 57 14 33 64 99 10 74 101 39 102 104 3 95 30 41 88 6 13 105 60 67 1 38 43 53 66 80 50 72 73 76 34 4 89 109 40 48 62 87 61 96 63 86 21 18 97 65 
0 19 31 77 90 23 79 55 107 5 32 93 44 45 37 70 25 20 42 22 59 11 35 7 85 75 9 8 17 46 92 54 27 29 24 81 83 94 68 51 2 69 82 36 78 84 103 100 39 101 74 10 99 64 33 14 57 52 106 108 98 15 91 16 12 28 71 49 56 58 47 26 102 104 3 95 30 41 88 6 13 105 60 67 1 38 43 53 66 80 50 72 73 76 34 4 89 109 40 48 62 87 61 96 63 86 21 18 97 65 
0 19 31 77 90 23 79 55 107 24 29 27 54 92 46 17 8 9 75 85 7 35 11 59 22 42 20 25 70 37 45 44 93 32 5 81 83 94 105 13 6 88 41 30 95 3 104 102 26 47 58 56 49 71 28 12 16 91 15 98 108 106 52 57 14 33 64 99 10 74 101 39 100 103 84 78 36 82 69 2 51 68 60 67 1 38 43 53 66 80 50 72 73 76 34 4 89 109 40 48 62 87 61 96 63 86 21 18 97 65 
0 19 31 77 90 23 79 55 107 24 29 27 54 20 46 17 8 9 75 85 7 35 11 59 22 42 92 25 70 37 45 44 93 32 5 81 83 94 68 51 2 69 82 36 78 84 103 100 39 101 74 10 99 64 33 14 57 52 106 108 98 15 91 16 12 28 71 49 56 58 47 26 102 104 3 95 30 41 88 6 13 105 60 67 1 38 43 53 66 80 50 72 73 76 34 4 89 109 40 48 62 87 61 96 63 86 21 18 97 65 
0 19 31 77 90 23 79 55 107 24 29 27 54 92 46 17 8 9 75 85 7 35 11 59 22 42 20 25 37 45 44 93 32 5 81 83 94 68 51 2 69 82 36 78 84 103 100 39 101 74 10 99 64 33 14 57 52 106 108 98 15 91 16 12 28 71 49 56 58 47 26 102 104 3 95 30 41 88 6 13 105 60 67 1 38 43 53 66 80 50 72 73 76 34 4 89 109 40 48 62 70 87 61 96 63 86 21 18 97 65 
0 19 31 77 90 23 93 44 45 37 70 25 20 42 22 59 11 35 7 85 75 9 8 17 46 92 54 27 29 24 107 55 79 32 5 81 83 94 68 51 2 69 82 36 78 84 103 100 39 101 74 10 99 64 33 14 57 52 106 108 98 15 91 16 12 28 71 49 56 58 47 26 102 104 3 95 30 41 88 6 13 105 60 67 1 38 43 53 66 80 50 72 73 76 34 4 89 109 40 48 62 87 61 96 63 86 21 18 97 65 
0 19 31 77 90 23 79 55 107 24 29 27 54 92 46 17 8 9 75 85 7 35 11 59 22 42 20 25 70 37 45 44 93 32 5 81 83 94 68 51 2 62 48 40 109 89 4 34 76 73 72 50 80 69 82 36 78 84 103 100 39 101 74 10 99 64 33 14 57 52 106 108 98 15 91 16 12 28 71 49 56 58 47 26 102 104 3 95 30 41 88 6 13 105 60 67 1 38 43 53 66 87 61 96 63 86 21 18 97 65 
0 19 31 77 90 23 79 8 107 24 29 27 54 92 46 17 55 9 75 85 7 35 11 59 22 42 20 25 70 37 45 44 93 32 5 81 83 94 68 51 2 69 82 36 78 84 103 100 39 101 74 10 99 64 33 14 57 52 106 108 98 15 91 16 12 28 71 49 56 58 47 26 102 104 3 95 30 41 88 6 13 105 60 67 1 38 43 53 66 80 50 72 73 76 34 4 89 109 40 48 62 87 61 96 63 86 21 18 97 65 
0 19 31 77 90 23 79 55 107 24 29 27 54 92 46 17 8 9 75 85 7 35 11 59 22 42 20 25 70 37 45 44 93 32 5 81 83 94 68 51 2 69 82 36 78 84 103 100 52 101 74 10 99 64 33 14 57 39 106 108 98 15 91 16 12 28 71 49 56 58 47 26 102 104 3 95 30 41 88 6 13 105 60 67 1 38 43 53 66 80 50 72 73 76 34 4 89 109 40 48 62 87 61 96 63 86 21 18 97 65 
0 19 31 77 90 23 79 55 107 24 29 27 54 92 46 17 8 9 75 85 7 35 11 59 22 42 20 25 70 37 45 44 93 32 5 81 83 94 68 51 2 69 82 36 78 84 103 100 39 101 74 10 99 64 33 14 57 52 106 108 98 15 91 16 12 6 13 105 60 67 1 38 43 53 66 80 50 72 73 76 34 4 89 109 40 48 62 87 61 28 71 49 56 58 47 26 102 104 3 95 30 41 88 96 63 86 21 18 97 65 
0 19 31 77 90 23 79 55 107 24 29 27 54 92 46 17 8 9 75 85 7 35 11 59 22 42 20 25 70 37 45 44 93 32 5 81 83 94 68 51 2 69 82 36 78 84 103 100 39 101 74 10 99 64 33 14 57 52 106 108 98 15 91 16 12 28 71 49 61 87 62 48 40 109 89 4 34 76 73 72 50 80 66 53 43 38 1 67 60 105 13 6 88 41 30 95 3 104 102 26 47 58 56 96 63 86 21 18 97 65 
0 19 31 77 90 23 79 55 107 24 29 27 54 92 46 17 8 9 75 85 7 35 11 59 22 42 20 25 70 37 45 44 93 32 5 81 83 94 68 51 2 69 82 36 78 84 103 100 39 101 74 10 99 64 33 14 57 52 106 108 98 15 91 16 12 28 71 49 56 58 47 26 102 104 3 95 30 41 88 6 13 105 60 67 1 38 43 53 66 80 50 72 73 76 34 89 109 40 48 62 87 61 96 63 86 21 18 97 4 65 
0 19 31 77 90 23 79 55 107 24 29 27 54 92 46 17 8 9 75 85 7 35 11 59 22 42 20 25 70 37 45 44 93 32 5 81 83 94 68 51 2 69 82 36 78 84 103 100 39 101 74 10 99 64 33 14 57 52 106 108 98 15 91 16 12 28 71 49 56 58 47 26 102 104 3 95 30 41 88 6 13 105 60 67 40 38 43 53 66 80 50 72 73 76 34 4 89 109 1 48 62 87 61 96 63 86 21 18 97 65 
0 19 31 77 90 23 79 55 107 24 29 27 54 92 46 17 8 9 75 85 7 35 11 59 22 42 20 25 70 37 45 84 93 32 5 81 83 94 68 51 2 69 82 36 78 44 103 100 39 101 74 10 99 64 33 14 57 52 106 108 98 15 91 16 12 28 71 49 56 58 47 26 102 104 3 95 30 41 88 6 13 105 60 67 1 38 43 53 66 80 50 72 73 76 34 4 89 109 40 48 62 87 61 96 63 86 21 18 97 65 
0 19 31 77 90 23 79 55 107 24 29 27 54 92 46 17 8 9 75 85 7 35 11 59 22 42 20 25 70 37 45 44 93 32 5 81 83 94 68 51 2 69 82 36 78 84 103 100 39 101 74 10 99 64 33 28 57 89 4 34 76 73 72 50 80 66 53 43 38 1 67 60 14 52 106 108 98 15 91 16 12 71 49 56 58 47 26 102 104 3 95 30 41 88 6 13 105 109 40 48 62 87 61 96 63 86 21 18 97 65 
0 19 31 77 90 23 79 55 107 24 29 27 54 92 46 17 8 9 75 85 7 35 11 59 22 42 20 25 70 37 45 44 93 32 5 81 83 94 68 51 2 69 82 36 78 84 103 100 39 101 74 10 26 64 33 14 57 52 106 108 98 15 91 16 12 28 71 49 56 58 47 99 102 104 3 95 30 41 88 6 13 105 60 67 1 38 43 53 66 80 50 72 73 76 34 4 89 109 40 48 62 87 61 96 63 86 21 18 97 65 
0 19 31 77 90 23 79 55 107 24 29 27 54 92 46 17 8 39 100 103 84 78 36 82 69 2 51 68 94 83 81 5 32 93 44 45 37 70 25 20 42 22 59 11 35 7 85 75 9 101 74 10 99 64 33 14 57 52 106 108 98 15 91 16 12 28 71 49 56 58 47 26 102 104 3 95 30 41 88 6 13 105 60 67 1 38 43 53 66 80 50 72 73 76 34 4 89 109 40 48 62 87 61 96 63 86 21 18 97 65 
0 19 31 77 90 23 79 55 107 24 29 27 54 92 46 17 8 9 75 85 7 35 11 59 22 42 20 25 70 37 45 44 93 32 5 81 83 94 68 51 38 43 53 66 78 84 103 100 39 101 74 10 99 64 33 14 57 52 106 108 98 15 91 16 12 28 71 49 56 58 47 26 102 104 3 95 30 41 88 6 13 105 60 67 1 2 69 82 36 80 50 72 73 76 34 4 89 109 40 48 62 87 61 96 63 86 21 18 97 65 
0 19 31 77 90 23 79 55 107 24 29 27 54 46 17 8 9 75 85 7 35 11 59 22 42 20 25 70 37 45 44 93 32 5 81 83 94 68 51 2 69 82 36 78 84 103 100 39 101 74 10 99 64 33 14 57 52 106 108 98 15 91 16 12 28 71 49 56 58 47 26 102 104 3 95 30 41 88 6 13 105 60 67 1 38 43 53 66 80 50 72 73 76 34 4 89 109 92 40 48 62 87 61 96 63 86 21 18 97 65 
0 19 31 77 90 23 79 55 107 24 29 27 54 92 46 17 8 9 75 85 7 35 11 59 22 42 20 25 70 37 45 44 93 32 5 81 83 94 68 51 2 69 82 36 78 84 100 39 101 74 10 99 64 33 14 57 52 106 108 98 15 91 16 12 28 71 49 56 58 47 26 102 104 3 95 30 41 88 6 13 105 60 67 1 38 43 53 66 80 50 72 34 76 73 4 89 109 40 48 62 103 87 61 96 63 86 21 18 97 65 
0 19 31 77 90 23 79 55 107 24 29 27 54 92 46 17 8 9 75 85 7 35 11 59 22 42 20 25 70 37 62 44 93 32 5 81 83 94 68 51 2 69 82 36 78 84 103 100 39 101 74 10 99 64 33 14 57 52 106 108 98 15 91 16 12 28 71 49 56 58 47 26 102 104 3 95 30 41 88 6 13 105 60 67 1 38 43 53 66 80 50 72 73 76 34 4 89 109 40 48 45 87 61 96 63 86 21 18 97 65 
0 19 77 90 23 79 55 107 24 29 27 54 92 46 17 8 9 75 85 7 35 11 59 22 42 20 25 70 37 45 44 93 32 5 81 83 94 68 51 2 69 82 36 78 84 103 100 39 101 74 10 99 64 33 14 57 52 106 108 98 15 91 16 12 28 71 49 56 58 47 26 102 104 3 95 30 41 88 6 13 105 60 67 1 38 43 53 66 80 50 72 73 76 34 4 89 109 40 48 62 87 61 96 63 86 31 21 18 97 65 
0 19 31 77 90 23 79 55 107 29 27 54 92 46 17 8 9 75 85 7 35 11 59 22 42 20 25 70 37 45 44 93 32 5 81 83 94 68 51 2 69 82 36 78 84 103 100 39 101 74 10 99 64 33 14 57 52 106 108 98 15 91 16 12 28 71 49 56 58 47 26 102 104 3 95 30 41 88 6 13 105 60 67 1 38 43 53 66 80 50 72 73 76 34 4 89 24 109 40 48 62 87 61 96 63 86 21 18 97 65 
0 19 31 77 90 23 79 55 107 24 29 27 54 92 46 17 8 9 75 85 70 35 11 59 22 42 20 25 7 37 45 44 93 32 5 81 83 94 68 51 2 69 82 36 78 84 103 100 39 101 74 10 99 64 33 14 57 52 106 108 98 15 91 16 12 28 71 49 56 58 47 26 89 4 34 76 73 72 50 80 66 53 43 38 1 67 60 105 13 6 88 41 30 95 3 104 102 109 40 48 62 87 61 96 63 86 21 18 97 65 
0 19 31 77 90 23 79 55 107 24 29 27 54 92 46 17 8 9 75 85 7 35 11 59 22 42 20 25 70 37 45 44 93 32 5 81 83 94 68 51 2 69 82 36 78 84 103 100 39 101 74 10 108 98 15 91 16 12 28 71 49 56 58 47 26 102 104 3 95 30 41 88 6 13 105 60 67 1 38 43 53 66 80 50 72 73 76 34 4 89 109 40 48 62 87 61 96 63 86 21 52 106 99 64 33 14 57 18 97 65 
0 19 31 77 90 23 79 55 107 24 29 27 54 92 46 17 8 9 75 85 7 35 11 59 22 42 20 25 70 37 45 44 1 67 60 105 13 6 88 41 30 95 3 104 102 26 47 58 56 49 71 28 12 16 91 15 98 108 106 52 57 14 33 64 99 10 74 101 39 100 103 84 78 36 82 69 2 51 94 83 81 5 32 93 38 43 53 66 80 50 72 73 76 68 34 4 89 109 40 48 62 87 61 96 63 86 21 18 97 65 
0 19 31 77 90 23 79 55 107 24 29 27 54 92 46 17 8 37 75 85 7 35 11 59 22 42 20 25 70 9 45 44 93 32 5 81 76 73 72 50 80 66 53 43 38 1 67 60 105 13 6 88 41 30 95 3 104 102 26 47 58 56 49 71 28 12 16 91 15 98 108 106 52 57 14 33 64 99 10 74 101 39 100 103 84 78 36 82 69 2 51 68 94 83 34 4 89 109 40 48 62 87 61 96 63 86 21 18 97 65 
0 19 31 77 90 23 79 55 107 24 29 27 54 92 46 17 8 9 75 85 7 35 11 59 22 42 20 25 70 37 45 44 93 32 5 14 33 64 99 10 74 101 39 100 103 84 78 36 82 69 2 51 68 94 81 57 52 106 108 98 15 91 16 12 28 71 49 83 56 58 47 26 102 104 3 95 30 41 88 6 13 105 60 67 1 38 43 53 66 80 50 72 73 76 34 4 89 109 40 48 62 87 61 96 63 86 21 18 97 65 
0 19 31 77 90 23 79 55 107 24 29 27 54 92 46 17 8 9 75 85 7 35 11 59 22 20 25 70 37 45 44 93 32 5 81 83 94 68 51 2 69 82 36 78 84 103 100 39 101 74 10 99 64 33 14 57 52 106 108 98 15 91 16 12 28 71 49 56 58 47 26 102 104 3 95 30 41 88 42 6 13 105 60 67 1 38 43 53 66 80 50 72 73 76 34 4 89 109 40 48 62 87 61 96 63 86 21 18 97 65 
0 19 31 77 90 23 79 55 107 24 29 27 54 92 46 17 8 9 75 85 7 35 11 59 22 42 57 14 33 64 99 10 74 101 39 100 103 84 78 36 82 69 2 51 68 94 83 81 5 32 93 44 45 37 70 25 20 62 52 106 108 98 15 91 16 12 28 71 49 56 58 47 26 102 104 3 95 30 41 88 6 13 105 60 67 1 38 43 53 66 80 50 72 73 76 34 4 89 109 40 48 87 61 96 63 86 21 18 97 65 
0 19 31 77 90 23 79 55 107 24 29 27 54 92 46 17 8 9 75 85 7 35 11 59 89 4 16 76 73 72 50 80 66 53 43 38 1 67 60 105 13 6 88 41 30 95 3 104 102 26 47 58 56 49 71 28 12 34 91 15 98 108 106 52 57 14 33 64 99 10 74 101 39 100 103 84 78 36 82 69 2 51 68 94 83 81 5 32 93 44 45 37 70 25 20 42 22 109 40 48 62 87 61 96 63 86 21 18 97 65 
0 19 31 77 90 23 79 55 107 24 29 27 54 92 46 17 8 9 85 7 35 11 59 22 42 20 25 70 37 45 44 93 32 5 81 83 94 68 51 2 69 82 36 78 84 103 100 39 101 74 10 99 64 33 14 57 52 106 108 98 15 91 16 12 28 71 49 56 58 47 26 102 104 3 95 30 41 88 6 13 105 60 67 1 38 43 53 66 75 80 50 72 73 76 34 4 89 109 40 48 62 87 61 96 63 86 21 18 97 65 
0 19 31 77 90 23 79 55 107 24 29 27 54 57 14 33 64 99 10 74 101 39 100 103 84 78 36 82 69 2 51 68 94 83 81 5 32 93 44 45 37 70 25 20 42 22 59 11 35 7 85 75 9 8 17 46 92 52 106 108 98 15 91 16 12 28 71 49 56 58 47 26 102 104 3 95 30 41 88 6 13 105 60 67 1 38 43 53 66 80 50 72 73 76 34 4 89 109 40 48 62 87 61 96 63 86 21 18 97 65 
0 19 31 77 90 23 79 55 107 24 29 27 106 52 57 14 33 64 99 10 74 101 39 100 103 84 78 36 82 69 2 51 68 94 83 81 5 32 93 44 45 37 70 25 20 42 22 59 11 35 7 85 75 9 8 17 46 92 54 108 98 15 91 16 12 28 71 49 56 58 47 26 102 104 3 95 30 41 88 6 13 105 60 67 1 38 43 53 66 80 50 72 73 76 34 4 89 109 40 48 62 87 61 96 63 86 21 18 97 65 
0 19 31 77 90 23 79 55 107 24 29 27 54 92 46 17 8 9 75 85 7 35 11 59 22 42 20 25 70 37 45 44 93 32 5 81 83 94 68 51 2 69 82 36 78 84 103 100 39 101 74 10 99 64 33 14 57 52 106 108 98 15 91 16 12 28 71 49 56 3 104 102 38 1 67 60 105 13 6 88 41 30 95 43 53 66 80 50 72 73 76 34 4 89 109 40 48 62 87 61 96 58 47 26 63 86 21 18 97 65 
0 19 31 77 90 23 79 55 107 24 27 54 92 46 17 8 9 75 85 7 35 11 59 22 42 20 25 70 37 45 44 93 32 5 81 83 94 68 51 2 69 82 36 78 84 103 100 39 101 74 10 99 64 33 14 57 52 106 108 98 15 91 16 12 28 71 49 56 58 47 26 102 104 3 95 30 41 88 6 13 105 60 67 1 38 43 53 66 80 50 72 73 76 34 4 89 109 40 48 62 87 61 96 29 63 86 21 18 97 65 
0 19 31 77 90 23 79 55 45 24 29 27 54 92 46 17 8 9 75 85 7 35 11 59 22 42 20 25 70 37 107 44 93 32 5 81 83 94 68 51 2 69 82 36 78 84 103 100 39 101 74 10 99 64 33 14 57 52 106 108 98 15 91 16 12 28 71 49 56 58 47 26 102 104 3 95 30 41 88 6 13 105 60 67 1 38 43 53 66 80 50 72 73 76 34 4 89 109 40 48 62 87 61 96 63 86 21 18 97 65 
0 19 31 77 90 23 79 55 107 24 29 27 54 92 46 17 8 9 75 91 15 98 108 106 52 57 14 33 64 99 10 74 101 39 100 103 84 78 36 82 69 2 51 68 94 83 81 5 32 93 44 45 37 70 25 20 42 22 59 11 35 7 85 16 12 28 71 49 56 58 47 26 102 104 3 95 30 41 88 6 13 105 60 67 1 38 43 53 66 80 50 72 73 76 34 4 89 109 40 48 62 87 61 96 63 86 21 18 97 65 
0 19 31 77 90 23 79 55 107 24 29 27 54 92 46 17 8 9 75 85 7 35 11 59 22 42 20 25 70 37 45 44 93 32 81 83 94 68 51 2 69 82 36 78 5 84 103 100 39 101 74 10 99 64 33 14 57 52 106 108 98 15 91 16 12 28 71 49 56 58 47 26 102 104 3 95 30 41 88 6 13 105 60 67 86 63 96 61 87 62 48 40 109 89 4 34 76 73 72 50 80 66 53 43 38 1 21 18 97 65 
0 19 31 77 90 23 79 55 107 24 29 27 54 92 46 17 8 9 75 85 7 35 11 59 22 42 20 25 70 37 45 44 93 32 5 81 83 94 68 51 38 69 82 36 78 84 103 100 39 101 74 10 99 64 33 14 57 52 106 108 98 15 91 16 12 28 71 49 56 58 47 26 102 104 3 95 30 41 88 6 13 105 60 67 1 2 43 53 66 80 50 72 73 76 34 4 89 109 40 48 62 87 61 96 63 86 21 18 97 65 
0 19 31 77 90 23 79 55 107 24 29 27 92 46 17 8 9 75 85 7 35 11 59 22 42 20 25 70 37 45 44 93 32 5 81 83 94 68 51 2 69 82 36 78 84 103 100 39 101 74 10 99 64 33 14 57 52 106 108 98 15 91 16 12 28 71 49 56 58 47 26 80 66 53 43 38 1 67 60 105 13 6 88 41 30 95 3 104 102 50 72 73 76 34 54 4 89 109 40 48 62 87 61 96 63 86 21 18 97 65 
0 19 31 77 90 23 79 55 107 24 29 27 54 92 46 17 8 9 75 85 7 35 11 59 22 42 20 25 70 37 45 44 93 32 5 83 94 68 51 2 69 82 36 78 84 103 100 33 14 57 52 106 108 98 15 91 16 12 28 71 49 56 58 47 26 102 104 3 95 30 41 88 6 13 105 39 101 74 10 99 64 60 67 1 38 43 53 66 80 50 81 72 73 76 34 4 89 109 40 48 62 87 61 96 63 86 21 18 97 65 
0 19 31 77 90 23 79 55 107 24 29 27 54 92 46 17 8 9 75 85 7 35 11 59 22 42 20 25 70 37 45 44 93 32 5 81 83 94 49 68 51 2 69 82 36 78 84 103 100 39 101 74 10 99 64 33 14 58 52 106 108 98 15 91 16 12 28 71 56 57 47 26 102 104 3 95 30 41 88 6 13 105 60 67 1 38 43 53 66 80 50 72 73 76 34 4 89 109 40 48 62 87 96 63 86 61 21 18 97 65 
0 19 31 77 90 23 79 55 107 24 29 27 54 92 46 17 8 9 75 85 7 35 11 59 22 84 20 25 70 37 45 44 93 32 5 81 83 94 68 51 2 69 82 36 78 42 103 100 39 101 74 10 99 64 33 14 57 52 106 108 98 15 91 28 12 16 71 49 56 58 47 26 102 104 3 95 30 41 88 6 13 105 60 67 1 38 43 53 66 80 50 72 73 76 34 4 89 109 40 48 62 87 61 96 63 86 21 18 97 65 
0 19 31 77 90 23 79 55 107 24 29 27 54 92 46 17 8 82 69 2 14 68 94 83 81 5 32 93 44 45 37 70 25 20 42 22 59 11 35 7 85 75 9 36 78 84 103 100 39 101 74 10 99 64 33 51 57 52 106 108 98 15 91 16 12 28 71 49 56 58 47 26 102 104 3 95 30 41 88 6 13 105 60 67 1 38 43 53 66 80 50 72 73 76 34 4 89 109 40 48 62 87 61 96 63 86 21 18 97 65 
0 19 31 77 90 23 79 55 107 24 29 27 54 92 46 17 8 9 75 85 7 35 11 59 22 42 20 25 70 106 52 57 14 33 64 99 10 74 101 39 100 103 84 78 36 82 69 2 51 68 94 83 81 5 32 93 44 45 37 108 98 15 91 16 12 28 71 49 56 58 47 26 102 104 109 95 30 41 88 6 3 13 105 60 67 1 38 43 53 66 80 50 72 73 76 34 4 89 40 48 62 87 61 96 63 86 21 18 97 65 
0 19 31 77 90 23 79 55 107 24 29 27 54 92 46 17 8 9 75 85 7 35 11 59 22 42 20 25 70 37 45 44 93 32 5 81 83 94 68 51 2 69 82 36 78 84 103 100 39 101 74 105 60 67 1 38 43 53 66 80 50 72 73 76 34 4 89 109 40 48 62 87 61 96 63 86 21 18 88 6 13 10 99 64 33 14 57 52 106 108 98 15 91 16 12 28 71 49 56 58 47 26 102 104 3 95 30 41 97 65 
0 19 31 77 90 23 79 55 107 24 29 27 54 92 46 17 8 9 75 85 7 35 11 59 22 42 20 25 70 37 45 44 93 32 5 81 83 94 66 51 2 69 82 36 78 84 103 100 39 101 74 10 99 64 33 14 57 52 106 108 98 15 91 16 12 28 71 49 56 58 47 26 102 104 3 95 30 41 88 6 13 105 60 67 1 38 43 53 68 80 50 72 73 76 34 4 61 87 62 48 40 109 89 96 63 86 21 18 97 65 
0 19 31 77 90 23 79 55 107 24 29 27 54 92 46 17 8 9 75 85 7 35 11 59 22 42 20 25 70 37 45 98 108 106 52 57 14 33 64 99 10 74 101 39 100 103 84 78 36 82 69 2 51 68 94 83 81 5 32 93 44 15 91 16 12 28 71 49 56 58 47 26 102 104 3 95 30 41 88 6 109 13 105 60 67 1 38 43 53 66 80 50 72 73 76 34 4 89 40 48 62 87 61 96 63 86 21 18 97 65 
0 19 31 77 90 23 79 55 107 24 29 27 54 92 46 17 8 9 75 85 7 35 11 59 22 42 20 25 70 37 45 44 93 32 5 81 83 94 68 51 2 69 82 36 78 84 103 100 39 101 74 10 99 64 33 14 57 52 106 108 98 15 91 16 12 28 71 49 56 58 47 26 102 104 3 95 30 41 88 6 13 105 60 67 1 38 43 53 66 96 50 72 73 76 34 4 89 109 40 48 62 87 61 80 63 86 21 18 97 65 
0 19 77 89 4 34 76 73 72 50 80 66 53 43 38 1 67 60 105 13 6 88 41 30 95 3 104 102 26 47 58 56 49 71 28 12 16 91 15 98 108 106 52 57 14 33 64 99 10 74 101 39 100 103 84 78 36 82 69 2 51 68 94 83 81 5 32 93 44 45 37 70 25 20 42 22 59 11 35 7 85 75 9 8 17 46 92 54 27 29 31 24 107 55 79 23 90 109 40 48 62 87 61 96 63 86 21 18 97 65 
0 19 31 77 90 23 79 55 107 24 29 27 54 92 46 17 8 9 75 85 7 35 73 59 22 42 20 25 70 37 45 44 93 32 5 81 83 94 68 51 2 69 82 36 78 84 103 100 39 101 74 10 99 64 33 14 57 52 106 108 98 15 91 16 12 28 71 49 56 58 47 26 102 104 3 95 30 41 88 6 13 105 60 67 1 38 43 53 66 80 50 72 11 76 34 4 89 109 40 48 62 87 61 96 63 86 21 18 97 65 
0 19 77 90 23 79 55 107 24 29 27 54 92 46 17 8 9 75 85 7 35 11 59 22 42 20 25 70 37 45 44 93 32 5 81 83 94 68 51 2 69 82 36 78 84 103 100 39 101 74 10 99 64 33 14 30 95 3 104 102 26 47 58 56 49 71 28 12 16 91 15 98 108 106 52 57 41 88 6 13 105 60 1 38 67 43 53 66 80 50 72 73 76 34 4 89 109 40 48 62 87 61 96 63 86 31 21 18 97 65 
0 19 31 77 90 23 79 55 107 24 29 27 54 2 46 17 8 9 75 85 7 35 11 59 22 42 20 25 70 37 45 44 93 32 5 81 83 94 68 51 92 69 82 36 78 84 103 100 39 101 74 10 99 64 33 14 57 52 106 108 98 15 91 16 12 28 71 49 56 58 47 26 102 104 3 95 30 41 88 6 13 105 60 67 1 38 43 53 66 80 50 72 73 76 34 4 89 109 40 48 62 87 61 96 63 86 21 18 97 65 
0 19 31 77 90 23 79 55 107 24 29 27 54 92 46 17 8 9 85 7 35 11 59 22 42 20 25 70 37 45 44 93 32 5 81 83 94 68 51 2 69 82 43 36 78 84 103 100 39 101 74 10 99 64 33 14 57 52 106 108 98 15 91 16 12 28 71 49 56 58 47 26 102 104 3 95 30 41 88 6 13 105 60 67 1 38 75 53 66 80 50 72 73 76 34 4 89 109 40 48 62 87 61 96 63 86 21 18 97 65 
0 19 31 77 90 23 79 55 107 24 29 27 54 92 46 17 8 9 75 85 7 35 11 59 22 42 20 25 70 37 45 44 93 32 5 81 83 94 68 51 2 69 82 36 78 87 62 48 40 109 38 4 34 76 73 72 50 80 66 53 43 89 1 67 60 105 13 6 88 41 30 95 3 104 102 26 47 58 56 49 71 28 12 16 91 15 98 108 106 52 57 14 33 64 99 10 74 101 39 100 103 84 61 96 63 86 21 18 97 65 
0 19 31 77 71 28 12 16 91 15 98 108 106 52 57 14 33 64 99 10 74 101 39 100 103 84 78 36 82 69 2 51 68 94 83 81 5 32 93 44 45 37 70 25 20 42 22 59 11 35 7 85 75 9 8 17 46 92 54 27 29 24 107 55 79 23 90 49 56 58 47 26 102 104 3 95 30 41 88 6 13 105 60 67 1 38 43 53 66 80 50 72 73 76 34 4 89 109 40 48 62 87 61 96 63 86 21 18 97 65 
0 19 31 77 90 23 79 55 107 24 29 27 54 92 46 17 8 9 75 85 7 35 11 59 22 42 20 25 70 37 45 44 93 32 5 81 83 94 68 51 2 69 82 36 78 87 103 100 39 101 74 10 99 64 33 14 57 52 106 108 98 15 91 16 12 28 71 49 56 58 47 26 102 104 3 95 30 41 88 6 13 105 60 67 1 38 43 53 66 80 50 72 73 76 34 4 89 109 40 48 62 84 61 96 63 86 21 18 97 65 
0 19 31 77 90 23 79 55 107 24 29 27 54 92 46 17 8 9 75 85 7 35 11 59 22 42 20 25 70 37 45 44 82 32 5 81 83 94 68 51 2 69 93 36 78 84 41 30 95 3 104 102 26 47 58 56 49 71 62 103 100 39 101 74 10 99 64 33 14 57 52 106 108 98 15 91 16 12 28 88 6 13 105 60 67 1 38 43 53 66 80 50 72 73 76 34 4 89 109 40 48 87 61 96 63 86 21 18 97 65 
0 19 31 77 90 23 79 55 107 24 29 27 54 92 46 17 8 9 75 85 7 35 11 59 22 42 20 25 70 37 45 44 93 32 5 81 83 94 68 51 2 69 82 36 78 84 103 100 39 104 102 26 47 58 56 49 71 28 12 16 91 15 98 62 108 106 52 57 14 33 64 99 10 74 101 3 95 30 41 88 6 13 105 60 67 1 38 43 53 66 80 50 72 73 76 34 4 89 109 40 48 87 61 96 63 86 21 18 97 65 
0 19 31 77 90 23 79 55 107 24 29 27 54 92 46 17 8 9 75 85 7 35 11 59 22 42 20 25 70 37 45 44 93 32 5 15 83 94 68 51 2 69 82 36 78 84 103 100 39 101 74 10 99 64 33 14 57 52 106 108 98 81 91 16 26 102 104 3 95 30 41 12 28 71 49 56 58 47 88 6 13 105 60 67 1 38 43 53 66 80 50 72 73 76 34 4 89 109 40 48 62 87 61 96 63 86 21 18 97 65 
0 19 31 77 90 23 79 55 107 24 29 27 54 92 46 17 56 49 71 28 12 16 91 15 98 108 106 52 57 14 33 64 99 10 74 101 39 100 103 84 78 36 82 69 2 51 68 94 83 81 5 32 93 44 11 59 22 42 20 25 70 37 45 35 7 85 75 9 8 58 47 26 102 104 3 95 30 41 88 6 13 105 60 67 1 38 43 53 66 80 50 72 73 76 34 4 89 109 40 48 62 87 61 96 63 86 21 18 97 65 
0 19 31 77 90 23 79 55 107 24 29 27 54 92 17 8 9 75 85 7 35 11 59 22 42 20 25 70 37 45 44 93 32 5 81 83 94 68 51 2 69 82 36 78 84 103 100 39 101 74 10 99 46 64 33 14 57 52 106 108 98 15 91 16 12 28 71 49 56 58 43 53 66 80 50 72 73 76 47 26 102 104 3 95 30 41 88 6 13 105 60 67 1 38 34 4 89 109 40 48 62 87 61 96 63 86 21 18 97 65 
0 19 31 77 90 23 79 55 107 24 29 27 54 92 46 17 8 9 75 85 7 35 11 59 22 42 20 25 70 37 45 44 93 32 5 81 83 94 68 51 2 69 82 36 38 43 53 66 80 50 72 73 76 34 4 89 109 40 84 48 62 87 16 12 28 71 49 56 58 47 26 102 104 3 95 30 41 88 6 13 105 60 67 1 78 103 100 39 101 74 10 99 64 33 14 57 52 106 108 98 15 91 61 96 63 86 21 18 97 65 
0 19 31 77 90 23 79 55 107 24 29 27 54 92 17 8 9 75 85 7 35 11 59 22 42 20 25 70 37 45 44 93 32 5 81 83 94 68 51 2 69 82 36 78 84 103 100 39 101 74 10 99 64 33 14 57 52 106 108 98 15 91 16 12 28 71 49 56 58 47 26 102 104 3 95 30 46 41 88 6 13 105 60 67 1 38 43 53 66 80 50 72 73 76 34 4 89 109 40 48 62 87 61 96 63 86 21 18 97 65 
0 19 24 77 90 23 79 55 31 29 27 54 92 46 17 8 9 75 85 7 35 11 59 22 42 20 25 70 37 45 44 93 32 5 81 83 94 68 51 2 69 82 36 78 84 103 107 100 39 101 74 10 99 64 33 14 57 52 106 108 98 15 91 16 12 28 71 49 56 58 47 26 102 104 3 95 30 41 88 6 13 105 60 67 1 38 43 53 66 80 50 72 73 76 34 4 89 109 40 48 62 87 61 96 63 86 21 18 97 65 
0 19 31 77 90 23 79 55 107 24 29 27 54 92 46 17 8 9 75 85 7 35 11 59 22 42 20 25 70 37 45 44 93 32 5 81 83 94 68 51 2 69 82 36 78 84 103 100 39 101 74 10 99 64 33 14 57 52 106 108 98 15 91 16 12 28 71 49 56 58 47 26 102 104 3 95 30 41 88 6 13 105 40 67 1 38 43 53 66 80 50 72 73 76 34 4 89 109 60 48 62 87 61 96 63 97 21 18 86 65 
0 19 31 77 90 23 79 55 107 24 29 27 54 92 46 17 8 9 75 85 7 35 11 59 22 42 20 25 70 37 45 44 93 32 5 81 83 94 68 1 2 69 82 36 56 49 71 28 12 16 91 15 98 108 106 52 57 14 33 64 99 10 74 101 39 100 103 84 78 58 47 26 102 104 3 95 30 41 88 6 13 105 60 67 51 38 43 53 66 80 50 72 73 76 34 4 89 109 40 48 62 87 61 96 63 86 21 18 97 65 
0 19 31 77 90 23 79 55 107 24 29 27 54 92 46 17 8 9 75 85 7 35 11 59 22 42 20 25 70 98 45 44 93 32 5 81 83 94 68 51 2 69 82 36 78 84 103 100 39 101 74 10 99 64 33 14 57 52 106 108 37 15 91 16 12 28 71 49 56 58 73 72 50 80 66 53 43 38 1 67 60 105 13 6 88 41 30 95 3 104 102 26 47 76 34 4 89 109 40 48 62 87 61 96 63 86 21 18 97 65 
0 19 31 77 90 23 79 55 107 24 29 27 54 92 46 17 8 9 75 106 108 98 15 91 16 12 28 71 49 56 58 47 26 102 104 3 95 30 41 88 6 13 105 60 67 1 38 43 53 66 80 50 72 64 33 14 57 52 85 35 11 59 22 42 20 25 70 37 45 44 93 32 5 81 83 94 68 51 2 7 69 82 36 78 84 103 100 39 101 74 10 99 73 76 34 4 89 109 40 48 62 87 61 96 63 86 21 18 97 65 
0 19 31 77 90 23 79 55 107 24 29 27 54 92 46 17 8 9 75 85 7 35 11 59 22 42 20 25 70 37 45 44 93 32 106 108 98 15 91 16 12 28 71 49 56 58 47 26 102 104 3 95 30 100 39 101 74 10 99 73 76 34 43 53 66 80 50 72 64 33 14 57 52 5 81 83 94 68 51 2 69 82 36 78 84 103 41 88 6 13 105 60 67 1 38 4 89 109 40 48 62 87 61 96 63 86 21 18 97 65 
0 19 31 77 90 23 79 55 107 24 29 27 54 92 46 17 8 9 75 7 35 11 59 22 42 20 25 70 37 45 44 93 32 5 81 83 94 68 51 2 69 82 36 78 84 103 100 39 101 74 10 99 64 33 14 57 52 106 108 98 15 91 89 12 28 71 49 56 58 47 26 102 104 3 95 30 41 88 6 13 105 60 67 1 38 43 53 66 80 50 72 73 76 34 4 16 109 40 48 62 87 61 96 63 86 21 85 18 97 65 
0 19 32 77 90 23 79 55 107 24 29 27 54 92 46 17 8 9 75 85 7 35 11 59 22 42 20 25 70 37 45 44 93 31 5 81 83 94 68 51 2 69 82 36 78 84 103 100 39 101 74 10 99 64 33 14 57 52 106 108 98 15 91 16 12 28 71 49 56 58 47 26 102 104 3 95 30 41 88 6 13 105 60 67 1 38 43 53 66 80 50 109 89 4 34 76 73 72 40 48 62 87 61 96 63 86 21 18 97 65 
0 19 31 77 90 23 79 55 107 24 29 27 54 92 46 17 8 9 75 85 7 35 11 59 22 42 20 25 70 37 45 44 13 105 60 67 1 38 43 53 66 80 50 72 73 76 34 4 89 109 40 48 62 87 61 96 63 86 21 108 98 15 91 16 12 28 71 49 56 58 47 26 102 104 3 95 30 41 88 6 93 32 5 81 83 94 68 51 2 69 82 36 78 84 103 100 39 101 74 10 99 64 33 14 57 52 106 18 97 65 
0 19 31 77 90 23 79 49 56 58 47 26 102 104 3 95 30 41 88 6 13 105 60 67 1 38 43 53 66 80 50 44 93 32 5 81 83 94 68 51 2 69 82 36 78 84 103 100 39 101 74 10 99 64 33 14 57 52 106 108 98 15 91 16 12 28 71 55 107 24 29 27 54 92 46 17 8 9 75 85 7 35 11 59 22 42 20 25 70 37 45 72 73 76 34 4 89 109 40 48 62 87 61 96 63 86 21 18 97 65 
0 19 31 35 7 85 75 9 77 90 23 79 55 107 24 29 27 54 92 46 17 8 11 59 22 42 20 25 37 45 44 93 32 5 81 83 94 68 51 2 69 82 36 78 84 103 100 39 101 74 10 99 64 33 14 57 52 106 108 70 98 15 91 16 12 28 71 49 56 58 47 26 102 104 3 95 30 41 88 6 13 105 60 67 1 38 43 53 66 80 50 72 73 76 34 4 89 109 40 48 62 87 61 96 63 86 21 97 18 65 
0 19 31 77 90 23 79 55 107 24 29 27 54 92 46 108 98 15 91 16 12 28 71 49 56 58 47 26 102 104 3 95 30 41 88 6 13 105 60 67 1 38 43 53 66 80 50 72 73 76 34 4 89 109 40 48 57 52 106 17 8 9 75 85 7 35 11 59 22 42 20 25 70 37 45 44 93 32 5 83 94 68 51 2 69 82 36 78 84 103 100 39 101 74 10 99 64 33 81 14 62 87 61 96 63 86 21 18 97 65 
0 19 31 77 90 23 79 55 107 24 29 27 54 92 46 17 8 9 75 85 7 12 11 59 22 42 20 25 70 37 45 44 93 32 5 81 83 94 68 51 2 69 82 36 78 84 103 100 39 101 74 10 99 64 33 14 57 52 106 108 98 15 91 16 35 28 71 49 56 58 47 26 102 104 3 95 30 41 88 6 13 105 60 67 1 38 43 53 66 80 50 72 73 76 34 4 89 109 40 48 62 87 61 96 63 86 21 18 97 65 
0 19 31 77 90 23 79 55 107 24 29 27 54 92 46 17 8 9 75 85 7 35 6 13 105 60 67 1 38 43 53 66 80 50 72 73 76 34 4 89 109 40 48 62 87 61 103 100 39 101 74 10 99 64 33 14 57 52 106 108 98 15 91 16 12 11 59 22 42 20 25 70 37 45 44 93 32 5 81 83 94 68 51 2 69 82 36 78 84 28 71 49 56 58 47 26 102 104 3 95 30 41 88 96 63 86 21 18 97 65 
0 19 31 77 90 23 79 55 107 24 29 27 54 92 46 17 8 9 75 85 7 35 11 59 22 42 20 25 70 37 45 44 93 32 5 81 83 94 95 30 41 88 6 13 105 60 67 1 38 43 26 47 58 86 63 96 61 87 62 48 40 109 89 4 34 76 73 72 50 80 66 53 102 104 3 68 51 2 69 82 36 78 84 103 100 39 101 74 10 99 64 33 14 57 52 106 108 98 15 91 16 12 28 71 49 56 21 18 97 65 
0 19 31 77 90 23 79 55 107 24 29 27 54 92 46 17 8 9 75 85 7 35 11 59 22 42 20 25 70 37 45 44 93 32 5 81 83 94 68 51 2 69 82 41 88 6 13 105 60 67 1 38 43 53 66 80 50 72 73 76 34 4 89 109 40 48 62 87 61 96 63 86 21 18 97 65 30 36 78 84 103 100 39 101 74 10 99 64 33 14 57 52 106 108 98 15 91 16 12 28 71 49 56 58 47 26 102 104 3 95 
0 19 31 77 90 23 79 55 107 24 29 27 54 92 46 17 8 9 75 85 7 35 11 59 22 42 20 25 70 40 45 44 93 32 5 81 83 94 68 51 2 69 82 36 78 84 103 100 39 101 74 10 99 64 33 14 57 52 106 108 98 15 91 16 12 28 71 49 56 58 47 26 102 104 109 95 30 41 88 6 13 105 60 67 1 38 43 53 66 80 50 72 73 76 34 4 89 3 37 48 62 87 61 96 63 86 21 18 97 65 
0 19 31 77 90 23 79 55 107 24 29 27 54 92 46 17 8 86 63 96 61 87 62 48 40 109 89 4 101 76 73 72 50 80 66 53 43 38 1 67 60 105 13 6 88 41 30 95 3 104 102 26 47 58 56 49 71 28 12 16 91 15 98 108 106 52 57 14 33 64 99 10 74 34 39 100 103 84 78 36 82 69 2 51 68 94 83 81 5 32 93 44 45 37 70 25 20 42 22 59 11 35 7 85 75 9 21 18 97 65 
0 19 31 77 90 23 79 55 107 24 29 27 54 92 46 17 8 9 75 85 7 35 11 59 22 42 20 25 70 37 45 44 93 32 5 81 88 6 13 105 60 67 1 38 43 53 66 80 50 72 73 76 34 4 89 109 40 48 62 87 61 96 63 86 21 18 97 65 56 58 47 26 102 104 3 95 30 41 83 94 68 51 2 69 82 36 78 84 103 100 39 101 74 10 99 64 33 14 57 52 106 108 98 15 91 16 12 28 71 49 
0 19 31 77 90 23 79 55 107 24 29 39 54 92 46 17 8 9 75 85 7 35 11 59 22 42 20 25 70 37 45 44 93 32 5 81 83 94 68 51 2 69 82 36 78 84 103 100 27 101 74 10 99 64 33 14 57 52 106 108 98 15 91 16 12 28 71 49 56 58 47 26 102 104 3 95 30 41 88 6 13 105 60 67 1 38 43 53 66 80 50 72 73 76 34 4 89 109 40 48 62 87 61 96 63 86 21 18 97 65 
0 19 31 77 90 23 79 55 107 24 29 27 54 92 46 101 8 9 75 85 7 35 11 59 22 42 20 25 70 37 45 44 93 32 5 81 83 94 68 51 2 69 82 36 78 84 103 100 39 17 74 10 99 64 33 14 57 52 106 108 98 15 91 16 12 28 71 49 56 58 47 26 102 104 3 95 30 41 88 6 13 105 60 67 1 38 43 53 66 80 50 72 73 76 34 4 89 109 40 48 62 87 61 96 63 86 21 18 97 65 
0 19 31 77 90 23 79 55 107 24 29 27 54 92 46 17 8 9 75 85 7 35 99 59 22 42 20 25 70 37 45 44 93 32 5 14 33 64 11 10 74 101 39 100 103 84 78 36 82 69 2 51 68 94 81 57 52 106 108 98 15 91 16 12 28 71 49 56 58 47 26 102 104 3 95 30 41 88 6 13 105 60 67 1 38 43 53 66 80 50 72 73 76 34 4 89 109 40 83 48 62 87 61 96 63 86 21 18 97 65 
0 19 31 77 90 23 79 55 107 24 29 27 54 92 46 17 8 9 75 85 7 35 11 59 22 42 20 25 1 37 45 44 93 32 5 81 83 94 68 51 2 69 82 36 78 84 103 100 39 101 74 10 99 64 33 14 71 52 106 108 98 15 91 16 12 28 57 49 56 58 47 26 102 104 3 95 30 41 88 6 13 105 60 67 70 38 43 53 66 80 50 72 73 76 34 4 89 109 40 48 62 87 61 96 63 86 21 18 65 97 
0 19 31 77 90 23 79 55 107 24 29 27 54 92 46 17 8 9 75 85 7 35 11 59 22 15 91 16 12 28 71 49 56 58 47 26 102 104 3 95 30 41 88 6 13 105 60 67 1 38 43 53 66 80 50 72 57 52 106 108 98 42 20 25 70 37 61 44 93 32 5 81 83 94 68 51 2 69 82 36 78 84 103 100 39 101 74 10 99 64 33 14 73 76 34 4 89 109 40 48 62 87 45 96 63 86 21 18 97 65 
0 19 31 77 90 23 79 55 107 24 29 27 54 92 46 17 8 9 75 85 7 35 11 88 22 42 20 25 70 37 45 44 93 32 5 81 83 94 68 51 2 69 82 36 78 84 103 100 39 101 74 10 99 64 33 14 57 52 106 108 98 15 91 16 12 28 71 49 56 58 47 26 102 104 3 95 30 41 59 6 13 105 60 67 1 38 43 53 66 80 50 72 73 76 34 4 89 109 40 48 62 87 61 96 63 86 21 18 97 65 
0 19 31 77 90 23 79 55 107 24 29 27 54 92 46 17 8 33 75 85 7 35 11 59 22 42 20 25 70 37 45 44 93 32 5 81 83 94 68 51 2 69 82 36 78 84 103 100 39 101 74 10 64 9 14 57 52 106 108 98 15 91 16 12 28 71 99 49 56 58 47 26 102 104 3 95 30 41 88 6 13 105 60 67 1 38 43 53 66 80 50 72 73 76 34 4 89 109 40 48 62 87 61 96 63 86 21 18 97 65 
0 19 31 77 90 23 79 55 107 24 29 27 54 92 46 17 8 9 75 85 7 35 11 59 22 42 20 25 70 37 45 44 93 32 5 81 83 94 68 51 2 69 82 36 78 84 103 100 39 101 74 10 99 64 33 14 57 52 106 108 86 15 91 16 12 71 28 49 56 58 47 26 102 104 3 95 30 41 88 6 13 105 60 67 1 38 43 53 66 80 50 72 73 76 34 4 89 109 40 48 62 87 61 96 63 98 21 18 97 65 
0 19 31 77 90 23 79 55 107 24 29 27 54 92 46 17 8 9 91 16 12 28 71 49 56 58 47 26 102 104 3 95 30 41 88 6 13 105 60 67 1 38 43 53 66 80 50 72 73 76 34 4 89 109 40 48 62 87 61 96 63 15 75 85 7 35 11 59 22 42 20 25 70 37 45 44 93 32 5 81 83 94 68 51 2 69 82 36 78 84 103 100 39 101 74 10 99 64 33 14 57 52 106 108 98 86 21 18 97 65 
0 19 31 77 90 23 79 55 64 33 14 57 52 106 108 98 15 91 16 12 28 71 11 59 22 42 20 25 70 37 45 44 93 32 5 81 83 94 68 51 2 69 82 36 78 84 103 100 39 101 74 10 99 107 24 29 27 54 92 46 17 8 9 75 85 7 35 49 56 58 47 26 102 104 3 95 30 41 88 6 13 105 60 67 1 38 43 53 66 80 50 72 73 76 34 4 89 109 40 48 62 87 61 96 63 86 21 18 97 65 
0 19 31 77 90 23 79 55 107 24 29 15 91 16 12 28 71 49 56 58 47 26 102 104 3 95 30 41 88 6 13 105 60 67 1 38 43 53 66 80 50 72 73 76 34 4 89 109 40 48 62 87 61 96 63 86 57 52 106 108 98 27 54 92 46 17 8 9 75 85 7 35 11 59 22 42 20 25 70 37 45 44 93 32 5 81 83 94 68 51 2 69 82 36 78 84 103 100 39 101 74 10 99 64 33 14 21 18 97 65 
0 19 31 77 90 23 79 55 107 24 29 27 54 92 46 17 8 9 75 85 7 35 11 59 22 47 26 102 104 3 95 30 41 88 6 13 105 60 67 1 38 43 53 66 80 50 72 73 76 34 4 89 109 40 48 62 87 61 96 63 86 21 18 97 12 28 71 49 56 58 42 20 25 70 37 45 44 93 32 5 81 83 94 68 51 2 69 82 36 78 84 103 100 39 101 74 10 99 64 33 14 57 52 106 108 98 15 91 16 65 
0 19 31 77 90 23 79 55 107 24 29 106 108 98 15 91 16 12 28 71 49 56 58 47 26 102 89 4 34 76 73 72 50 80 69 2 51 68 94 83 81 5 32 93 44 45 37 70 25 20 42 22 59 11 35 7 85 75 9 8 17 46 92 54 27 52 57 14 33 64 99 10 74 101 39 100 103 84 78 36 82 66 53 43 38 1 67 60 105 13 6 88 41 30 95 3 104 109 40 48 62 87 61 96 63 86 21 18 97 65 
0 19 31 77 90 23 79 55 107 24 29 27 54 92 46 17 8 56 58 47 26 102 104 3 95 30 41 88 6 13 105 60 67 1 38 43 53 66 80 50 72 73 76 34 4 89 109 40 48 62 87 61 99 64 33 14 57 52 106 108 98 15 91 16 12 28 71 49 9 75 85 7 35 11 59 22 42 20 25 70 37 45 44 93 32 5 81 83 94 68 51 2 69 82 36 78 84 103 100 39 101 74 10 96 63 86 21 18 97 65 
0 19 31 77 90 23 79 55 107 24 29 27 54 92 6 88 41 30 95 3 104 102 26 47 58 56 49 71 28 12 16 91 15 98 108 106 52 57 14 38 43 53 66 80 50 72 73 76 34 4 89 109 40 48 62 87 61 96 63 86 46 17 8 9 75 85 7 35 11 59 22 42 20 25 70 37 45 44 93 32 5 81 83 94 68 51 2 69 82 36 78 84 103 100 39 101 74 10 99 64 33 1 67 60 105 13 21 18 97 65 
0 19 31 77 90 23 79 55 108 98 15 91 16 12 28 71 49 56 58 47 26 102 104 3 95 30 41 88 6 13 105 60 67 1 38 43 53 66 80 50 72 73 76 34 4 89 109 40 48 62 87 61 96 63 86 21 18 97 65 107 24 29 27 54 92 46 17 8 9 75 85 7 35 11 59 22 82 20 25 70 37 45 44 93 32 5 81 83 94 68 51 2 69 42 36 78 84 103 100 39 101 74 10 99 64 33 14 57 52 106 
0 19 31 77 90 23 79 55 107 24 29 27 54 92 46 17 8 9 49 56 58 35 11 59 22 42 20 25 70 37 45 44 93 32 5 81 83 94 68 51 2 69 82 36 78 84 103 100 39 101 74 10 99 64 33 14 57 52 106 108 98 15 91 16 12 28 71 75 85 7 47 26 102 104 3 95 30 41 88 6 13 105 60 67 1 38 43 53 66 80 50 72 73 76 34 4 89 109 40 48 62 87 61 96 63 86 21 18 97 65 
0 43 38 1 67 60 105 13 6 88 41 30 95 3 104 102 26 47 58 56 49 71 28 12 16 91 15 98 108 106 52 57 14 33 64 10 74 101 109 99 73 89 4 34 76 72 50 39 100 103 84 78 36 82 69 2 51 68 94 83 81 5 32 93 44 45 37 70 25 20 42 22 59 11 35 7 85 75 9 8 17 46 92 54 27 29 24 107 55 79 23 90 77 31 19 53 66 80 40 48 62 87 61 96 63 86 21 18 97 65 
0 19 31 77 90 23 79 55 107 24 29 27 54 47 58 56 49 71 28 12 16 91 15 98 108 106 52 57 14 33 64 99 10 74 101 39 100 103 84 78 36 82 69 2 68 94 83 81 5 32 93 44 45 37 70 25 20 42 22 59 11 35 7 85 75 9 8 17 46 92 26 102 104 51 3 95 30 41 88 6 13 105 60 67 1 38 43 53 66 80 50 72 73 76 34 4 89 109 40 48 62 87 61 96 63 86 21 18 97 65 
0 19 31 77 90 23 79 55 107 24 29 27 54 92 46 17 8 9 75 85 7 35 11 59 22 42 20 25 70 37 45 44 93 32 5 81 83 94 68 51 2 69 82 36 78 84 103 100 39 48 74 10 99 64 33 14 30 95 3 18 21 86 63 96 61 87 62 101 40 109 89 4 34 76 73 72 50 80 66 53 43 38 1 67 60 105 13 6 88 41 104 102 26 47 58 56 49 71 28 12 16 91 15 98 108 106 52 57 97 65 
0 19 31 77 90 23 79 55 107 24 29 27 54 92 46 17 8 9 75 85 7 35 11 59 22 42 20 25 70 37 45 44 93 32 5 81 83 94 68 51 2 69 82 36 78 84 103 100 39 101 74 10 99 62 48 40 109 89 4 34 76 73 72 50 80 66 53 43 38 1 67 60 105 13 6 88 41 30 95 3 104 58 47 102 56 49 71 28 12 16 91 15 98 108 106 52 57 14 33 64 87 61 96 63 86 21 18 97 65 26 
0 19 31 77 90 23 79 55 107 24 29 27 54 92 46 17 8 9 75 85 58 35 11 59 22 42 20 25 70 37 45 44 93 32 5 81 83 94 68 51 2 69 82 36 78 84 103 100 39 101 74 10 99 64 33 14 57 52 106 108 98 15 91 16 12 28 71 49 56 7 47 26 102 104 3 95 30 41 88 6 13 105 60 67 1 38 43 53 66 80 50 72 73 76 34 4 89 109 40 48 62 87 61 96 63 86 21 18 97 65 
0 19 31 106 108 98 15 91 16 12 28 71 49 56 58 47 26 102 104 3 95 30 41 88 6 13 105 60 67 1 38 43 53 66 80 50 72 73 76 34 4 89 109 40 48 62 87 61 96 63 86 21 18 97 33 14 57 52 77 90 23 79 55 107 24 29 27 54 92 46 17 8 9 75 85 7 35 11 59 22 42 20 25 70 37 45 44 93 32 5 81 83 94 68 51 2 69 82 36 78 84 103 100 39 101 74 10 99 64 65 
0 19 31 77 106 108 98 15 91 16 12 28 71 49 56 58 47 26 102 104 3 95 30 41 88 6 13 105 60 67 1 38 43 53 66 80 50 72 73 76 34 4 89 109 40 48 62 87 61 96 63 86 21 18 97 14 57 52 90 23 79 55 107 24 29 27 54 92 46 17 8 9 75 85 7 35 11 59 22 42 20 25 70 37 45 44 93 32 5 81 83 94 68 51 2 69 82 36 78 84 103 100 39 101 74 10 99 64 33 65 
0 19 31 77 90 23 79 55 108 98 15 91 16 12 28 71 49 56 58 47 26 102 104 3 95 30 41 88 6 13 105 60 67 1 38 43 53 66 80 50 72 73 76 34 4 89 109 40 48 62 87 61 96 63 86 21 18 97 106 107 24 29 27 54 92 46 17 8 9 75 85 7 35 11 59 22 42 20 25 70 37 45 44 93 32 5 81 83 94 68 51 2 69 82 36 78 84 103 100 39 101 74 10 99 64 33 14 57 52 65 
0 19 31 77 90 23 79 55 107 24 29 27 54 92 91 16 12 28 71 49 56 58 47 26 102 104 3 95 30 41 88 6 13 105 60 34 1 38 43 53 66 80 50 72 73 76 67 4 89 109 40 48 62 87 61 96 63 86 21 18 97 65 46 17 8 9 75 85 7 35 11 59 22 42 20 25 70 37 45 44 93 32 5 81 83 94 68 51 2 69 82 36 78 84 103 100 39 101 74 10 99 64 33 14 57 52 106 108 98 15 
0 19 31 77 90 23 79 55 107 24 29 27 72 73 76 34 4 89 75 85 7 35 11 59 22 42 20 25 70 37 45 44 93 65 97 18 21 86 63 96 61 87 62 48 40 109 9 8 17 46 92 54 50 80 66 53 43 38 1 67 60 105 13 6 88 41 30 95 3 104 102 26 47 58 56 49 71 28 12 16 91 15 98 108 106 52 57 14 33 64 99 10 74 101 39 100 103 84 78 36 82 69 2 51 68 94 83 81 5 32 
0 19 31 77 90 23 79 55 107 24 29 27 54 92 46 73 8 9 75 85 7 35 11 59 22 42 20 25 70 37 45 44 93 32 5 81 83 94 68 51 2 69 82 36 78 84 103 100 39 101 74 10 99 64 33 14 57 52 106 108 98 15 91 16 12 28 71 49 56 58 47 26 102 104 3 95 30 41 88 6 13 105 60 67 1 38 43 53 66 80 50 72 65 97 18 21 86 63 96 61 87 62 48 40 109 89 4 34 76 17 
0 19 31 77 90 23 79 55 107 24 29 27 54 92 46 17 8 9 75 85 7 35 11 59 22 42 20 25 70 37 45 44 93 32 86 81 83 94 68 2 69 82 36 78 84 103 100 39 101 74 10 99 64 33 14 57 52 106 108 98 15 91 16 12 28 71 49 56 58 47 26 102 104 3 95 30 41 88 6 13 105 60 67 1 38 43 53 66 80 50 72 73 76 34 4 89 109 40 48 62 87 61 96 63 5 21 18 97 65 51 
0 19 31 77 90 23 79 55 107 24 29 27 54 92 46 17 8 9 75 85 7 35 11 59 22 42 20 25 70 86 63 61 87 62 48 40 18 89 4 34 76 73 72 50 96 80 66 53 43 38 1 30 41 88 6 13 105 60 67 95 3 104 102 26 47 58 56 49 71 28 12 16 91 15 98 108 106 52 57 14 33 64 99 10 74 101 39 100 103 84 78 36 82 69 2 51 68 94 83 81 5 32 93 44 45 37 21 109 97 65 
0 19 31 77 90 23 79 55 107 24 29 27 54 92 46 17 8 9 75 85 7 35 11 91 16 12 28 71 49 56 58 47 3 104 102 26 95 30 41 88 6 13 105 60 67 1 38 43 53 66 80 50 72 73 76 34 4 89 109 40 48 62 59 87 42 20 25 70 37 45 44 93 32 5 81 83 94 68 51 2 69 82 36 78 84 103 100 39 101 74 10 99 64 33 14 57 52 106 108 98 15 22 61 96 63 86 21 18 97 65 
0 19 14 57 52 106 108 98 15 91 16 12 28 71 49 56 58 47 26 102 104 3 95 30 41 88 6 13 105 60 67 1 40 109 89 4 34 76 73 72 50 80 66 53 43 38 48 62 87 61 96 63 10 64 33 31 77 90 23 79 55 107 24 29 27 54 92 46 17 8 9 75 85 7 35 11 59 22 42 20 25 70 37 45 44 93 32 5 81 83 94 68 51 2 69 82 36 78 84 103 99 100 39 101 74 86 21 18 97 65 
0 19 31 77 90 23 79 55 107 24 29 27 54 4 46 17 8 9 75 85 7 35 11 59 22 42 20 25 70 37 44 93 32 5 81 83 94 68 51 2 69 82 36 78 84 103 100 39 101 74 10 99 64 33 14 57 52 106 108 98 15 91 16 12 28 71 49 45 56 58 47 26 102 104 3 95 30 41 88 6 13 105 60 67 1 38 43 53 66 80 50 72 73 76 34 92 89 109 40 48 62 87 61 96 63 86 21 18 97 65 
0 19 31 77 90 23 79 55 107 57 14 33 64 99 10 74 101 39 100 103 84 78 36 82 69 2 51 68 94 83 81 5 32 93 44 45 37 70 25 20 42 22 59 62 35 7 85 75 9 8 17 46 92 54 27 29 24 52 106 108 98 15 91 16 12 28 71 49 56 58 47 26 102 104 3 95 30 41 88 6 13 105 60 67 1 38 43 53 66 80 50 72 73 76 34 4 89 109 40 48 11 87 61 96 63 86 21 18 97 65 
0 19 31 77 90 23 79 55 107 24 29 100 54 92 46 17 85 75 9 8 7 35 11 59 22 42 20 25 70 37 45 44 93 32 5 14 33 64 99 10 74 101 39 27 103 84 78 36 82 69 2 51 68 94 81 57 52 106 108 98 15 91 16 12 28 71 49 56 58 47 26 102 104 3 95 30 41 88 6 13 105 60 67 1 38 43 53 66 80 50 72 73 76 34 4 89 109 40 83 48 62 87 61 96 63 86 21 18 97 65 
0 19 31 77 90 23 79 55 107 24 29 27 54 92 46 17 8 9 75 106 108 98 15 91 16 12 28 71 49 56 58 47 26 102 85 7 35 11 59 22 42 20 25 70 37 45 44 93 32 5 81 83 94 68 51 2 69 82 36 78 84 103 100 39 101 74 10 99 64 33 14 57 52 104 3 95 72 73 76 34 4 89 109 40 48 38 43 53 66 80 50 30 41 88 6 13 105 60 67 1 62 87 61 96 63 21 18 97 86 65 
0 19 31 77 90 23 79 55 107 24 29 27 54 92 46 17 67 9 75 85 7 35 11 59 22 42 20 25 70 37 45 44 93 32 5 81 83 94 68 51 2 69 82 36 78 84 103 100 39 101 74 10 99 64 33 14 57 52 106 108 98 15 91 16 12 28 71 49 56 58 47 26 102 104 3 95 30 41 88 6 13 105 60 8 1 38 43 53 66 80 50 72 73 76 34 4 89 109 40 48 62 87 61 96 63 86 21 18 97 65 
0 19 31 77 90 23 79 55 107 24 29 27 54 92 46 17 8 9 75 85 7 35 11 59 22 42 20 25 70 37 45 44 93 32 5 81 83 94 68 51 2 69 82 36 78 84 101 100 39 103 74 10 99 64 14 57 52 106 108 98 15 91 16 12 87 61 96 63 86 21 18 97 104 3 95 33 30 41 88 6 13 105 60 67 1 38 43 53 66 80 50 72 73 76 34 4 89 109 40 48 62 28 71 49 56 58 47 26 102 65 
0 19 31 77 90 23 79 55 107 24 29 27 54 92 46 17 8 9 75 85 7 35 11 59 52 42 20 25 70 37 45 44 93 32 5 81 83 94 68 51 2 69 82 36 78 84 103 100 39 101 74 10 99 64 33 14 57 22 106 108 98 15 91 16 12 28 71 49 56 58 47 26 102 104 3 95 30 88 6 105 60 67 1 38 43 66 80 13 50 72 73 76 34 53 4 89 109 40 48 62 87 61 96 63 86 21 18 41 97 65 
0 19 31 77 90 23 79 55 107 24 29 27 54 92 46 17 50 9 75 85 7 35 11 59 22 42 20 25 70 37 45 44 93 32 5 81 83 94 68 51 2 69 82 36 78 84 103 100 39 101 74 10 99 64 33 14 57 52 106 108 98 15 91 16 12 28 71 49 56 58 47 26 102 104 3 95 30 41 88 6 13 105 60 67 1 38 43 53 66 80 8 72 73 76 34 4 89 109 40 48 62 87 61 96 63 86 21 97 65 18 
0 19 31 77 90 23 79 55 107 12 29 27 54 92 46 17 8 9 75 85 7 35 11 59 22 42 20 25 70 37 45 44 93 32 5 81 83 94 68 51 2 69 82 36 78 84 103 100 39 101 74 10 99 64 33 14 57 52 106 108 98 15 91 16 24 28 71 49 56 58 47 26 102 104 3 95 30 41 88 6 13 105 60 67 1 38 43 53 66 80 50 72 73 76 34 4 89 109 40 48 62 87 61 96 63 86 21 18 97 65 
0 19 31 77 90 23 79 55 39 24 29 27 54 92 46 17 8 9 75 85 7 35 11 59 22 42 20 25 70 37 45 44 93 32 5 81 83 94 68 51 2 69 82 36 78 84 103 100 107 101 74 10 99 64 33 14 57 52 106 108 98 15 91 16 12 28 71 49 56 58 47 26 102 104 3 95 30 41 88 6 13 105 60 109 89 4 34 76 73 72 50 80 66 53 43 38 1 67 40 48 62 87 61 96 63 86 21 18 97 65 
0 19 31 77 90 23 79 55 107 57 14 33 64 99 10 74 101 39 100 103 84 78 36 82 69 2 51 68 94 83 81 5 32 93 44 45 37 70 25 20 42 22 59 62 35 7 85 75 9 8 17 46 92 54 27 29 24 52 106 108 11 98 15 91 16 12 28 71 49 56 58 47 26 102 104 3 95 30 41 88 6 13 105 60 67 1 38 43 53 66 80 50 72 73 76 34 4 89 109 40 48 87 61 96 63 86 21 18 97 65 
0 19 31 77 90 23 79 55 107 24 29 27 54 92 46 42 20 25 70 37 45 44 93 32 5 81 83 94 68 51 2 69 82 36 78 84 103 100 39 8 17 22 59 35 7 85 75 9 101 74 10 95 3 104 102 26 47 58 56 49 71 28 12 16 91 15 98 108 106 11 52 57 14 33 64 99 30 41 88 6 13 105 60 67 1 38 43 53 66 80 50 72 73 76 34 4 89 109 40 48 62 87 61 96 63 86 21 18 97 65 
0 19 31 77 90 23 79 55 107 24 29 27 54 92 46 17 8 9 75 106 52 57 14 33 64 99 10 95 74 101 42 100 103 84 78 36 82 69 2 51 68 94 83 81 5 32 93 44 45 37 70 25 20 39 22 59 11 35 7 85 108 98 15 91 16 12 28 71 49 56 58 47 26 102 104 3 30 41 88 6 13 105 60 67 1 38 43 53 66 80 50 72 73 76 34 4 89 109 40 48 62 87 61 96 63 86 21 18 97 65 
0 19 31 77 90 23 79 55 107 24 29 27 54 92 46 17 8 30 75 85 7 35 11 59 22 42 20 25 70 37 45 44 93 32 5 81 83 94 68 51 2 69 82 36 78 84 103 100 39 101 74 10 99 64 33 14 57 52 106 108 98 15 91 12 28 71 49 56 58 47 26 102 104 3 95 9 41 88 6 13 105 60 67 1 38 43 53 66 80 50 72 16 73 76 34 4 89 109 40 48 62 87 61 96 63 86 21 18 97 65 
0 19 31 39 100 103 84 78 36 82 69 2 51 68 94 83 81 5 32 93 44 45 37 70 25 20 42 22 59 11 35 7 85 75 91 15 98 108 106 52 57 62 48 40 109 89 4 34 76 73 72 50 80 66 53 43 38 1 67 60 105 13 6 88 41 30 95 3 104 102 26 47 58 56 49 71 28 12 16 9 8 17 46 92 54 27 29 24 107 55 79 23 90 77 101 74 10 99 64 33 14 87 61 96 63 86 21 18 97 65 
0 19 31 77 90 23 79 55 107 24 29 27 54 92 46 17 8 9 75 71 7 35 11 59 22 42 20 25 70 37 45 44 89 4 34 76 73 72 50 80 66 53 43 38 1 67 60 105 13 6 88 41 30 95 3 104 102 26 47 56 49 85 28 12 16 91 15 98 108 106 58 52 57 14 33 64 99 10 74 101 39 100 103 84 78 36 82 69 2 51 68 94 83 81 5 32 93 109 48 62 87 61 40 96 63 86 21 18 97 65 
0 19 31 77 23 79 52 106 108 98 15 91 16 12 28 71 49 56 58 47 26 102 104 3 95 30 41 88 6 13 105 60 67 1 38 43 53 66 80 50 72 73 76 34 4 89 109 40 48 62 87 61 96 63 86 21 18 55 107 24 11 35 7 85 75 9 8 17 46 92 54 27 29 59 22 42 20 25 70 37 45 44 93 32 5 81 83 94 68 51 2 69 82 36 78 84 103 100 39 101 74 10 99 64 90 33 14 57 97 65 
0 19 31 77 90 23 79 55 107 24 29 27 54 92 46 17 8 9 75 85 7 35 11 14 57 52 106 108 98 15 91 16 12 28 71 49 56 58 47 26 102 104 3 95 30 84 103 100 39 101 74 10 96 64 33 59 22 42 20 25 70 37 45 44 93 32 5 81 83 94 68 51 2 69 82 36 78 41 88 6 13 105 60 67 1 38 43 53 66 80 50 72 73 76 34 4 89 109 40 48 62 87 61 99 63 86 21 18 97 65 
0 15 91 16 12 28 71 49 56 58 47 26 102 104 3 95 30 98 41 88 6 13 105 60 67 1 38 43 53 66 80 50 72 73 76 34 4 89 109 40 48 62 87 61 96 63 86 21 18 97 65 10 99 64 33 14 57 52 106 108 19 31 77 90 23 79 55 107 24 29 27 54 92 46 17 8 9 75 85 7 35 11 59 22 42 20 25 70 37 45 44 93 32 5 81 83 94 68 51 2 69 82 36 78 84 103 100 39 101 74 
0 106 108 98 15 91 16 12 28 71 49 56 33 47 26 102 104 3 95 30 41 88 6 13 105 60 67 1 38 43 53 66 80 50 72 73 76 34 4 89 109 40 48 62 87 61 96 63 86 21 18 97 65 64 58 14 57 52 19 31 77 90 23 79 55 107 24 29 27 54 92 46 17 8 9 75 85 7 35 11 59 22 42 20 25 70 37 45 44 93 32 5 81 83 94 68 51 2 69 82 36 78 84 103 100 39 101 74 10 99 
0 19 31 77 90 23 79 55 107 24 29 27 54 92 46 17 8 9 75 85 7 35 11 59 22 42 20 25 70 37 45 44 63 86 21 18 97 65 95 30 41 88 6 13 105 100 39 101 74 10 38 43 53 66 80 50 72 73 76 34 4 89 109 40 48 62 87 61 96 93 32 5 81 83 94 68 51 2 69 82 36 78 84 103 60 67 1 99 64 33 14 57 52 106 108 98 15 91 16 12 28 71 49 56 58 47 26 102 104 3 
0 19 31 77 90 23 79 55 17 24 29 27 54 92 84 78 36 82 69 2 51 68 94 83 81 5 32 93 44 45 37 70 25 20 42 22 59 11 35 7 85 75 9 8 107 46 103 100 39 101 74 10 99 64 33 14 57 52 106 108 98 15 91 16 12 18 71 49 56 58 47 26 102 104 3 95 30 41 88 6 13 105 60 67 1 38 43 53 66 80 50 72 73 76 34 4 89 109 40 48 62 87 61 96 63 86 21 28 97 65 
0 19 31 77 90 23 79 55 107 89 29 27 54 92 46 17 8 9 75 85 7 35 11 59 22 42 20 25 70 37 45 44 93 32 5 81 83 94 68 51 2 69 82 36 78 84 103 100 39 101 74 10 99 64 58 14 57 52 106 108 98 15 91 16 28 71 49 56 33 47 26 102 104 3 95 30 41 88 6 13 105 60 67 1 38 43 53 66 80 50 72 73 76 34 4 24 109 40 48 62 87 61 96 63 86 12 21 18 97 65 
0 19 31 77 90 23 79 55 107 24 29 27 54 92 91 16 12 28 71 49 56 58 47 26 102 104 3 95 30 41 88 6 13 105 60 67 1 38 43 53 66 96 61 87 62 48 40 109 89 4 34 76 73 72 50 80 63 86 21 18 97 15 46 17 8 9 75 85 7 35 11 59 22 42 20 25 70 37 45 44 93 32 5 81 83 68 51 2 69 82 36 78 84 103 100 39 101 74 10 99 64 94 33 14 57 52 106 108 98 65 
0 19 31 77 90 23 79 55 107 24 29 27 54 92 57 33 64 99 10 74 101 39 100 103 84 78 36 82 69 2 51 68 94 83 6 13 105 60 67 1 38 43 53 66 80 50 72 73 76 34 4 89 109 40 52 62 87 61 96 63 86 21 18 12 28 71 49 56 58 47 26 102 104 14 3 95 30 41 88 81 5 32 93 44 45 37 70 25 20 42 22 59 11 35 7 85 75 9 8 17 46 48 106 108 98 15 91 16 97 65 
0 19 31 77 90 23 79 55 35 7 85 75 9 8 17 46 92 54 27 29 24 107 11 59 22 42 20 25 70 37 45 44 93 32 5 81 83 94 68 51 2 69 36 78 28 84 103 100 39 101 74 10 99 64 33 14 57 52 65 108 98 15 91 16 12 71 49 56 58 47 26 102 104 3 95 30 41 88 6 13 105 82 60 67 1 38 43 53 66 80 50 72 73 76 34 4 89 109 40 48 62 87 61 96 63 86 21 18 97 106 
0 19 31 77 90 23 79 55 107 57 14 33 64 99 10 74 101 39 100 103 84 78 36 82 69 2 24 29 27 54 3 95 30 41 88 6 85 7 35 11 59 22 42 20 25 70 37 45 44 93 32 5 81 83 94 68 51 52 106 108 98 15 91 16 12 28 71 49 56 58 47 26 102 104 92 46 17 8 9 75 13 105 60 67 1 38 43 53 66 80 50 72 73 76 34 4 89 109 40 48 62 87 61 96 63 86 21 18 97 65 
0 19 31 67 90 23 79 55 107 24 29 27 54 92 46 17 8 9 75 85 7 35 11 59 22 42 20 25 70 37 45 44 93 32 71 81 83 94 68 51 2 69 82 36 78 84 103 100 39 101 74 10 99 64 33 14 57 52 106 108 98 15 91 16 12 5 28 49 56 58 47 26 102 104 3 95 30 41 88 6 13 105 60 77 1 38 43 53 66 80 50 72 73 76 34 4 89 109 40 48 62 87 61 96 63 86 21 18 97 65 
0 19 31 77 90 23 79 107 25 70 37 45 44 93 32 5 81 83 94 68 51 2 69 82 39 101 74 10 99 64 60 67 1 38 43 53 66 80 50 72 55 73 76 34 4 89 109 40 48 62 87 61 96 63 86 59 22 42 20 24 29 27 54 92 46 33 14 57 52 106 108 98 15 91 16 12 28 71 49 56 58 47 26 102 104 3 95 30 41 88 6 13 105 36 78 84 103 100 17 8 9 75 85 7 35 11 21 18 97 65 
0 19 31 77 90 43 79 55 107 24 29 27 54 92 46 17 8 9 75 85 7 35 11 59 22 42 20 25 70 37 45 44 93 32 5 81 83 94 68 51 18 21 86 63 96 61 87 62 48 40 109 89 4 34 76 73 72 50 80 2 69 82 36 78 84 103 100 39 101 74 10 99 64 33 14 30 95 3 104 102 26 47 58 56 49 71 28 12 16 91 15 98 108 106 52 41 88 6 13 105 60 1 38 57 67 23 53 66 97 65 
0 19 31 106 108 11 59 22 42 20 25 37 45 44 93 32 5 81 83 94 68 51 2 69 82 36 78 84 103 100 39 101 74 10 99 64 33 14 57 52 46 17 8 9 75 85 7 35 98 15 91 16 70 28 71 49 56 58 47 26 102 104 3 95 30 41 88 6 13 105 60 67 77 90 23 79 55 107 24 29 27 54 92 12 1 38 43 53 66 80 50 72 73 76 34 4 89 109 40 48 62 87 61 96 63 86 21 18 97 65 
0 19 31 77 90 23 79 55 107 42 28 71 49 56 58 47 26 102 104 3 95 87 62 48 40 109 89 4 34 76 73 72 39 100 103 84 78 36 82 69 2 51 68 83 81 5 32 93 44 45 37 70 25 20 24 22 59 11 35 7 85 75 9 8 17 46 92 54 27 29 12 16 91 15 98 108 106 52 57 14 33 64 99 86 63 96 61 30 41 88 6 13 105 60 67 1 38 43 53 66 80 50 101 74 10 21 18 97 65 94 
0 19 31 77 90 50 72 76 34 4 89 73 81 83 94 68 51 2 69 82 36 78 84 103 100 39 99 109 23 79 55 107 24 29 27 54 92 46 17 8 9 75 85 7 95 11 59 22 42 48 40 80 66 53 43 38 1 67 60 105 13 6 88 41 30 35 3 104 102 26 47 58 56 49 71 28 12 16 91 15 98 108 106 52 57 14 33 64 10 74 101 5 32 93 44 45 37 70 25 20 62 87 61 96 63 86 21 18 97 65 
0 19 31 77 90 23 79 55 107 24 27 54 92 46 17 8 9 75 85 33 35 11 59 22 42 20 25 70 37 45 44 93 32 5 81 83 94 68 51 2 69 82 3 78 84 103 100 39 101 74 10 99 64 7 14 57 52 106 108 98 15 91 29 16 12 28 71 49 56 58 47 26 102 104 36 95 30 41 72 73 76 34 4 89 109 40 48 62 87 61 50 88 6 13 105 60 67 1 38 43 53 66 80 96 63 86 21 18 97 65 
0 19 31 77 90 79 55 107 24 29 3 104 102 10 74 101 38 1 67 60 105 13 6 88 41 30 95 27 54 92 46 17 8 9 75 85 7 35 11 59 22 42 20 25 70 37 45 44 93 32 5 81 83 94 68 51 2 69 82 36 78 84 103 100 39 43 53 66 99 64 33 14 57 52 106 108 98 15 91 16 12 28 71 49 56 58 23 47 26 80 50 72 73 76 21 4 89 109 40 48 62 87 61 96 63 86 34 18 97 65 
0 19 31 77 90 23 79 55 107 24 29 27 54 10 99 64 33 14 57 52 106 108 98 15 91 12 28 25 70 102 104 3 95 30 41 16 13 6 18 105 60 67 1 38 43 53 66 80 50 72 73 76 34 4 89 109 40 48 62 87 61 96 63 86 21 88 97 56 58 47 26 37 45 44 93 32 5 81 83 94 68 51 2 69 82 36 78 84 103 100 39 101 74 92 46 17 8 9 75 85 7 35 11 59 22 42 20 71 49 65 
0 19 31 77 90 23 79 55 107 24 27 54 92 46 17 8 106 108 98 16 12 28 71 49 68 58 47 26 102 9 75 85 15 41 35 11 59 22 42 109 89 4 34 76 73 72 91 50 80 66 53 43 38 1 67 60 105 13 6 88 7 30 95 3 104 20 25 70 37 45 29 44 93 32 5 81 83 94 56 51 2 69 82 36 78 84 103 100 39 101 74 10 99 64 33 14 57 52 40 48 62 87 61 96 63 86 21 18 97 65 
