0 65 97 18 21 86 63 96 61 87 62 48 72 53 43 38 88 41 30 95 3 13 105 60 6 1 67 71 49 56 58 104 102 26 47 12 28 52 106 108 64 103 100 39 101 74 99 10 15 98 91 16 66 80 50 40 89 4 34 76 73 57 14 33 84 78 36 82 69 2 51 32 5 93 81 94 68 109 83 45 37 44 70 25 20 35 9 8 17 46 92 54 7 11 42 22 59 85 75 27 29 24 107 55 79 90 23 77 31 19 
0 65 97 18 21 86 63 96 61 87 62 48 72 53 43 38 88 41 30 95 3 13 105 60 6 1 67 71 49 56 58 104 102 26 47 12 28 52 106 108 64 103 100 39 101 74 99 10 15 98 91 16 66 80 50 40 89 4 34 76 73 57 14 33 84 78 36 82 69 2 51 32 5 93 81 94 68 109 83 45 37 44 70 25 20 35 9 8 17 46 92 54 7 11 42 22 59 85 75 27 29 24 107 55 79 90 23 77 31 19 
0 65 97 18 21 86 63 96 61 87 62 48 72 53 43 38 88 41 30 95 3 13 105 60 6 1 67 71 49 56 58 104 102 26 47 12 28 52 106 108 64 103 100 39 101 74 99 10 15 98 91 16 66 80 50 40 89 4 34 76 73 57 14 33 84 78 36 82 69 2 51 32 5 93 81 94 68 109 83 45 37 44 70 25 20 35 9 8 17 46 92 54 7 11 42 22 59 85 75 27 29 24 107 55 79 90 23 77 31 19 
0 65 97 18 21 86 63 96 61 87 62 48 72 53 43 38 88 41 30 95 3 13 105 60 6 1 67 71 49 56 58 104 102 26 47 12 28 52 106 108 64 103 100 39 101 74 99 10 15 98 91 16 66 80 50 40 89 4 34 76 73 57 14 33 84 78 36 82 69 2 51 32 5 93 81 94 68 109 83 45 37 44 70 25 20 35 9 8 17 46 92 54 7 11 42 22 59 85 75 27 29 24 107 55 79 90 23 77 31 19 
0 65 97 18 21 86 63 96 61 87 62 48 72 53 43 38 88 41 30 95 3 13 105 60 6 1 67 71 49 56 58 104 102 26 47 12 28 52 106 108 64 103 100 39 101 74 99 10 15 98 91 16 66 80 50 40 89 4 34 76 73 57 14 33 84 78 36 82 69 2 51 32 5 93 81 94 68 109 83 45 37 44 70 25 20 35 9 8 17 46 92 54 7 11 42 22 59 85 75 27 29 24 107 55 79 90 23 77 31 19 
0 65 97 18 21 86 63 96 61 87 62 48 72 53 43 38 88 41 30 95 3 13 105 60 6 1 67 71 49 56 58 104 102 26 47 12 28 52 106 108 64 103 100 39 101 74 99 10 15 98 91 16 66 80 50 40 89 4 34 76 73 57 14 33 84 78 36 82 69 2 51 32 5 93 81 94 68 109 83 45 37 44 70 25 20 35 9 8 17 46 92 54 7 11 42 22 59 85 75 27 29 24 107 55 79 90 23 77 31 19 
0 65 97 18 21 86 63 96 61 87 62 48 72 53 43 38 88 41 30 95 3 13 105 60 6 1 67 71 49 56 58 104 102 26 47 12 28 52 106 108 64 103 100 39 101 74 99 10 15 98 91 16 66 80 50 40 89 4 34 76 73 57 14 33 84 78 36 82 69 2 51 32 5 93 81 94 68 109 83 45 37 44 70 25 20 35 9 8 17 46 92 54 7 11 42 22 59 85 75 27 29 24 107 55 79 90 23 77 31 19 
0 65 97 18 21 86 63 96 61 87 62 48 72 53 43 38 88 41 30 95 3 13 105 60 6 1 67 71 49 56 58 104 102 26 47 12 28 52 106 108 64 103 100 39 101 74 99 10 15 98 91 16 66 80 50 40 89 4 34 76 73 57 14 33 84 78 36 82 69 2 51 32 5 93 81 94 68 109 83 45 37 44 70 25 20 35 9 8 17 46 92 54 7 11 42 22 59 85 75 27 29 24 107 55 79 90 23 77 31 19 
0 65 97 18 21 86 63 96 61 87 62 48 72 53 43 38 88 41 30 95 3 13 105 60 6 1 67 71 49 56 58 104 102 26 47 12 28 52 106 108 64 103 100 39 101 74 99 10 15 98 91 16 66 80 50 40 89 4 34 76 73 57 14 33 84 78 36 82 69 2 51 32 5 93 81 94 68 109 83 45 37 44 70 25 20 35 9 8 17 46 92 54 7 11 42 22 59 85 75 27 29 24 107 55 79 90 23 77 31 19 
0 65 97 18 21 86 63 96 61 87 62 48 72 53 43 38 88 41 30 95 3 13 105 60 6 1 67 71 49 56 58 104 102 26 47 12 28 52 106 108 64 103 100 39 101 74 99 10 15 98 91 16 66 80 50 40 89 4 34 76 73 57 14 33 84 78 36 82 69 2 51 32 5 93 81 94 68 109 83 45 37 44 70 25 20 35 9 8 17 46 92 54 7 11 42 22 59 85 75 27 29 24 107 55 79 90 23 77 31 19 
0 65 97 18 21 86 63 96 61 87 62 48 72 53 43 38 88 41 30 95 3 13 105 60 6 1 67 71 49 56 58 104 102 26 47 12 28 52 106 108 64 103 100 39 101 74 99 10 15 98 91 16 66 80 50 40 89 4 34 76 73 57 14 33 84 78 36 82 69 2 51 32 5 93 81 94 68 109 83 45 37 44 70 25 20 35 9 8 17 46 92 54 7 11 42 22 59 85 75 27 29 24 107 55 79 90 23 77 31 19 
0 65 97 18 21 86 63 96 61 87 62 48 72 53 43 38 88 41 30 95 3 13 105 60 6 1 67 71 49 56 58 104 102 26 47 12 28 52 106 108 64 103 100 39 101 74 99 10 15 98 91 16 66 80 50 40 89 4 34 76 73 57 14 33 84 78 36 82 69 2 51 32 5 93 81 94 68 109 83 45 37 44 70 25 20 35 9 8 17 46 92 54 7 11 42 22 59 85 75 27 29 24 107 55 79 90 23 77 31 19 
0 65 97 18 21 86 63 96 61 87 62 48 72 53 43 38 88 41 30 95 3 13 105 60 6 1 67 71 49 56 58 104 102 26 47 12 28 52 106 108 64 103 100 39 101 74 99 10 15 98 91 16 66 80 50 40 89 4 34 76 73 57 14 33 84 78 36 82 69 2 51 32 5 93 81 94 68 109 83 45 37 44 70 25 20 35 9 8 17 46 92 54 7 11 42 22 59 85 75 27 29 24 107 55 79 90 23 77 31 19 
0 65 97 18 21 86 63 96 61 87 62 48 72 53 43 38 88 41 30 95 3 13 105 60 6 1 67 71 49 56 58 104 102 26 47 12 28 52 106 108 64 103 100 39 101 74 99 10 15 98 91 16 66 80 50 40 89 4 34 76 73 57 14 33 84 78 36 82 69 2 51 32 5 93 81 94 68 109 83 45 37 44 70 25 20 35 9 8 17 46 92 54 7 11 42 22 59 85 75 27 29 24 107 55 79 90 23 77 31 19 
0 65 97 18 21 86 63 96 61 87 62 48 72 53 43 38 88 41 30 95 3 13 105 60 6 1 67 71 49 56 58 104 102 26 47 12 28 52 106 108 64 103 100 39 101 74 99 10 15 98 91 16 66 80 50 40 89 4 34 76 73 57 14 33 84 78 36 82 69 2 51 32 5 93 81 94 68 109 83 45 37 44 70 25 20 35 9 8 17 46 92 54 7 11 42 22 59 85 75 27 29 24 107 55 79 90 23 77 31 19 
0 65 97 18 21 86 63 96 61 87 62 48 72 53 43 38 88 41 30 95 3 13 105 60 6 1 67 71 49 56 58 104 102 26 47 12 28 52 106 108 64 103 100 39 101 74 99 10 15 98 91 16 66 80 50 40 89 4 34 76 73 57 14 33 84 78 36 82 69 2 51 32 5 93 81 94 68 109 83 45 37 44 70 25 20 35 9 8 17 46 92 54 7 11 42 22 59 85 75 27 29 24 107 55 79 90 23 77 31 19 
0 65 97 18 21 86 63 96 61 87 62 48 72 53 43 38 88 41 30 95 3 13 105 60 6 1 67 71 49 56 58 104 102 26 47 12 28 52 106 108 64 103 100 39 101 74 99 10 15 98 91 16 66 80 50 40 89 4 34 76 73 57 14 33 84 78 36 82 69 2 51 32 5 93 81 94 68 109 83 45 37 44 70 25 20 35 9 8 17 46 92 54 7 11 42 22 59 85 75 27 29 24 107 55 79 90 23 77 31 19 
0 65 97 18 21 86 63 96 61 87 62 48 72 53 43 38 88 41 30 95 3 13 105 60 6 1 67 71 49 56 58 104 102 26 47 12 28 52 106 108 64 103 100 39 101 74 99 10 15 98 91 16 66 80 50 40 89 4 34 76 73 57 14 33 84 78 36 82 69 2 51 32 5 93 81 94 68 109 83 45 37 44 70 25 20 35 9 8 17 46 92 54 7 11 42 22 59 85 75 27 29 24 107 55 79 90 23 77 31 19 
0 65 97 18 21 86 63 96 61 87 62 48 72 53 43 38 88 41 30 95 3 13 105 60 6 1 67 71 49 56 58 104 102 26 47 12 28 52 106 108 64 103 100 39 101 74 99 10 15 98 91 16 66 80 50 40 89 4 34 76 73 57 14 33 84 78 36 82 69 2 51 32 5 93 81 94 68 109 83 45 37 44 70 25 20 35 9 8 17 46 92 54 7 11 42 22 59 85 75 27 29 24 107 55 79 90 23 77 31 19 
0 65 97 18 21 86 63 96 61 87 62 48 72 53 43 38 88 41 30 95 3 13 105 60 6 1 67 71 49 56 58 104 102 26 47 12 28 52 106 108 64 103 100 39 101 74 99 10 15 98 91 16 66 80 50 40 89 4 34 76 73 57 14 33 84 78 36 82 69 2 51 32 5 93 81 94 68 109 83 45 37 44 70 25 20 35 9 8 17 46 92 54 7 11 42 22 59 85 75 27 29 24 107 55 79 90 23 77 31 19 
0 65 97 18 21 86 63 96 61 87 62 48 72 53 43 38 88 41 30 95 3 13 105 60 6 1 67 71 49 56 58 104 102 26 47 12 28 52 106 108 64 103 100 39 101 74 99 10 15 98 91 16 66 80 50 40 89 4 34 76 73 57 14 33 84 78 36 82 69 2 51 32 5 93 81 94 68 109 83 45 37 44 70 25 20 35 9 8 17 46 92 54 7 11 42 22 59 85 75 27 29 24 107 55 79 90 23 77 31 19 
0 65 97 18 21 86 63 96 61 87 62 48 72 53 43 38 88 41 30 95 3 13 105 60 6 1 67 71 49 56 58 104 102 26 47 12 28 52 106 108 64 103 100 39 101 74 99 10 15 98 91 16 66 80 50 40 89 4 34 76 73 57 14 33 84 78 36 82 69 2 51 32 5 93 81 94 68 109 83 45 37 44 70 25 20 35 9 8 17 46 92 54 7 11 42 22 59 85 75 27 29 24 107 55 79 90 23 77 31 19 
0 65 97 18 21 86 63 96 61 87 62 48 72 53 43 38 88 41 30 95 3 13 105 60 6 1 67 71 49 56 58 104 102 26 47 12 28 52 106 108 64 103 100 39 101 74 99 10 15 98 91 16 66 80 50 40 89 4 34 76 73 57 14 33 84 78 36 82 69 2 51 32 5 93 81 94 68 109 83 45 37 44 70 25 20 35 9 8 17 46 92 54 7 11 42 22 59 85 75 27 29 24 107 55 79 90 23 77 31 19 
0 65 97 18 21 86 63 96 61 87 62 48 72 53 43 38 88 41 30 95 3 13 105 60 6 1 67 71 49 56 58 104 102 26 47 12 28 52 106 108 64 103 100 39 101 74 99 10 15 98 91 16 66 80 50 40 89 4 34 76 73 57 14 33 84 78 36 82 69 2 51 32 5 93 81 94 68 109 83 45 37 44 70 25 20 35 9 8 17 46 92 54 7 11 42 22 59 85 75 27 29 24 107 55 79 90 23 77 31 19 
0 65 97 18 21 86 63 96 61 87 62 48 72 53 43 38 88 41 30 95 3 13 105 60 6 1 67 71 49 56 58 104 102 26 47 12 28 52 106 108 64 103 100 39 101 74 99 10 15 98 91 16 66 80 50 40 89 4 34 76 73 57 14 33 84 78 36 82 69 2 51 32 5 93 81 94 68 109 83 45 37 44 70 25 20 35 9 8 17 46 92 54 7 11 42 22 59 85 75 27 29 24 107 55 79 90 23 77 31 19 
0 65 97 18 21 86 63 96 61 87 62 48 72 53 43 38 88 41 30 95 3 13 105 60 6 1 67 71 49 56 58 104 102 26 47 12 28 52 106 108 64 103 100 39 101 74 99 10 15 98 91 16 66 80 50 40 89 4 34 76 73 57 14 33 84 78 36 82 69 2 51 32 5 93 81 94 68 109 83 45 37 44 70 25 20 35 9 8 17 46 92 54 7 11 42 22 59 85 75 27 29 24 107 55 79 90 23 77 31 19 
0 65 97 18 21 86 63 96 61 87 62 48 72 53 43 38 88 41 30 95 3 13 105 60 6 1 67 71 49 56 58 104 102 26 47 12 28 52 106 108 64 103 100 39 101 74 99 10 15 98 91 16 66 80 50 40 89 4 34 76 73 57 14 33 84 78 36 82 69 2 51 32 5 93 81 94 68 109 83 45 37 44 70 25 20 35 9 8 17 46 92 54 7 11 42 22 59 85 75 27 29 24 107 55 79 90 23 77 31 19 
0 65 97 18 21 86 63 96 61 87 62 48 72 53 43 38 88 41 30 95 3 13 105 60 6 1 67 71 49 56 58 104 102 26 47 12 28 52 106 108 64 103 100 39 101 74 99 10 15 98 91 16 66 80 50 40 89 4 34 76 73 57 14 33 84 78 36 82 69 2 51 32 5 93 81 94 68 109 83 45 37 44 70 25 20 35 9 8 17 46 92 54 7 11 42 22 59 85 75 27 29 24 107 55 79 90 23 77 31 19 
0 65 97 18 21 86 63 96 61 87 62 48 72 53 43 38 88 41 30 95 3 13 105 60 6 1 67 71 49 56 58 104 102 26 47 12 28 52 106 108 64 103 100 39 101 74 99 10 15 98 91 16 66 80 50 40 89 4 34 76 73 57 14 33 84 78 36 82 69 2 51 32 5 93 81 94 68 109 83 45 37 44 70 25 20 35 9 8 17 46 92 54 7 11 42 22 59 85 75 27 29 24 107 55 79 90 23 77 31 19 
0 65 97 18 21 86 63 96 61 87 62 48 72 53 43 38 88 41 30 95 3 13 105 60 6 1 67 71 49 56 58 104 102 26 47 12 28 52 106 108 64 103 100 39 101 74 99 10 15 98 91 16 66 80 50 40 89 4 34 76 73 57 14 33 84 78 36 82 69 2 51 32 5 93 81 94 68 109 83 45 37 44 70 25 20 35 9 8 17 46 92 54 7 11 42 22 59 85 75 27 29 24 107 55 79 90 23 77 31 19 
0 65 97 18 21 86 63 96 61 87 62 48 72 53 43 38 88 41 30 95 3 13 105 60 6 1 67 71 49 56 58 104 102 26 47 12 28 52 106 108 64 103 100 39 101 74 99 10 15 98 91 16 66 80 50 40 89 4 34 76 73 57 14 33 84 78 36 82 69 2 51 32 5 93 81 94 68 109 83 45 37 44 70 25 20 35 9 8 17 46 92 54 7 11 42 22 59 85 75 27 29 24 107 55 79 90 23 77 31 19 
0 65 97 18 21 86 63 96 61 87 62 48 72 53 43 38 88 41 30 95 3 13 105 60 6 1 67 71 49 56 58 104 102 26 47 12 28 52 106 108 64 103 100 39 101 74 99 10 15 98 91 16 66 80 50 40 89 4 34 76 73 57 14 33 84 78 36 82 69 2 51 32 5 93 81 94 68 109 83 45 37 44 70 25 20 35 9 8 17 46 92 54 7 11 42 22 59 85 75 27 29 24 107 55 79 90 23 77 31 19 
0 65 97 18 21 86 63 96 61 87 62 48 72 53 43 38 88 41 30 95 3 13 105 60 6 1 67 71 49 56 58 104 102 26 47 12 28 52 106 108 64 103 100 39 101 74 99 10 15 98 91 16 66 80 50 40 89 4 34 76 73 57 14 33 84 78 36 82 69 2 51 32 5 93 81 94 68 109 83 45 37 44 70 25 20 35 9 8 17 46 92 54 7 11 42 22 59 85 75 27 29 24 107 55 79 90 23 77 31 19 
0 65 97 18 21 86 63 96 61 87 62 48 72 53 43 38 88 41 30 95 3 13 105 60 6 1 67 71 49 56 58 104 102 26 47 12 28 52 106 108 64 103 100 39 101 74 99 10 15 98 91 16 66 80 50 40 89 4 34 76 73 57 14 33 84 78 36 82 69 2 51 32 5 93 81 94 68 109 83 45 37 44 70 25 20 35 9 8 17 46 92 54 7 11 42 22 59 85 75 27 29 24 107 55 79 90 23 77 31 19 
0 65 97 18 21 86 63 96 61 87 62 48 72 53 43 38 88 41 30 95 3 13 105 60 6 1 67 71 49 56 58 104 102 26 47 12 28 52 106 108 64 103 100 39 101 74 99 10 15 98 91 16 66 80 50 40 89 4 34 76 73 57 14 33 84 78 36 82 69 2 51 32 5 93 81 94 68 109 83 45 37 44 70 25 20 35 9 8 17 46 92 54 7 11 42 22 59 85 75 27 29 24 107 55 79 90 23 77 31 19 
0 65 97 18 21 86 63 96 61 87 62 48 72 53 43 38 88 41 30 95 3 13 105 60 6 1 67 71 49 56 58 104 102 26 47 12 28 52 106 108 64 103 100 39 101 74 99 10 15 98 91 16 66 80 50 40 89 4 34 76 73 57 14 33 84 78 36 82 69 2 51 32 5 93 81 94 68 109 83 45 37 44 70 25 20 35 9 8 17 46 92 54 7 11 42 22 59 85 75 27 29 24 107 55 79 90 23 77 31 19 
0 65 97 18 21 86 63 96 61 87 62 48 72 53 43 38 88 41 30 95 3 13 105 60 6 1 67 71 49 56 58 104 102 26 47 12 28 52 106 108 64 103 100 39 101 74 99 10 15 98 91 16 66 80 50 40 89 4 34 76 73 57 14 33 84 78 36 82 69 2 51 32 5 93 81 94 68 109 83 45 37 44 70 25 20 35 9 8 17 46 92 54 7 11 42 22 59 85 75 27 29 24 107 55 79 90 23 77 31 19 
0 65 97 18 21 86 63 96 61 87 62 48 72 53 43 38 88 41 30 95 3 13 105 60 6 1 67 71 49 56 58 104 102 26 47 12 28 52 106 108 64 103 100 39 101 74 99 10 15 98 91 16 66 80 50 40 89 4 34 76 73 57 14 33 84 78 36 82 69 2 51 32 5 93 81 94 68 109 83 45 37 44 70 25 20 35 9 8 17 46 92 54 7 11 42 22 59 85 75 27 29 24 107 55 79 90 23 77 31 19 
0 65 97 18 21 86 63 96 61 87 62 48 72 53 43 38 88 41 30 95 3 13 105 60 6 1 67 71 49 56 58 104 102 26 47 12 28 52 106 108 64 103 100 39 101 74 99 10 15 98 91 16 66 80 50 40 89 4 34 76 73 57 14 33 84 78 36 82 69 2 51 32 5 93 81 94 68 109 83 45 37 44 70 25 20 35 9 8 17 46 92 54 7 11 42 22 59 85 75 27 29 24 107 55 79 90 23 77 31 19 
0 65 97 18 21 86 63 96 61 87 62 48 72 53 43 38 88 41 30 95 3 13 105 60 6 1 67 71 49 56 58 104 102 26 47 12 28 52 106 108 64 103 100 39 101 74 99 10 15 98 91 16 66 80 50 40 89 4 34 76 73 57 14 33 84 78 36 82 69 2 51 32 5 93 81 94 68 109 83 45 37 44 70 25 20 35 9 8 17 46 92 54 7 11 42 22 59 85 75 27 29 24 107 55 79 90 23 77 31 19 
0 65 97 18 21 86 63 96 61 87 62 48 72 53 43 38 88 41 30 95 3 13 105 60 6 1 67 71 49 56 58 104 102 26 47 12 28 52 106 108 64 103 100 39 101 74 99 10 15 98 91 16 66 80 50 40 89 4 34 76 73 57 14 33 84 78 36 82 69 2 51 32 5 93 81 94 68 109 83 45 37 44 70 25 20 35 9 8 17 46 92 54 7 11 42 22 59 85 75 27 29 24 107 55 79 90 23 77 31 19 
0 65 97 18 21 86 63 96 61 87 62 48 72 53 43 38 88 41 30 95 3 13 105 60 6 1 67 71 49 56 58 104 102 26 47 12 28 52 106 108 64 103 100 39 101 74 99 10 15 98 91 16 66 80 50 40 89 4 34 76 73 57 14 33 84 78 36 82 69 2 51 32 5 93 81 94 68 109 83 45 37 44 70 25 20 35 9 8 17 46 92 54 7 11 42 22 59 85 75 27 29 24 107 55 79 90 23 77 31 19 
0 65 97 18 21 86 63 96 61 87 62 48 72 53 43 38 88 41 30 95 3 13 105 60 6 1 67 71 49 56 58 104 102 26 47 12 28 52 106 108 64 103 100 39 101 74 99 10 15 98 91 16 66 80 50 40 89 4 34 76 73 57 14 33 84 78 36 82 69 2 51 32 5 93 81 94 68 109 83 45 37 44 70 25 20 35 9 8 17 46 92 54 7 11 42 22 59 85 75 27 29 24 107 55 79 90 23 77 31 19 
0 65 97 18 21 86 63 96 61 87 62 48 72 53 43 38 88 41 30 95 3 13 105 60 6 1 67 71 49 56 58 104 102 26 47 12 28 52 106 108 64 103 100 39 101 74 99 10 15 98 91 16 66 80 50 40 89 4 34 76 73 57 14 33 84 78 36 82 69 2 51 32 5 93 81 94 68 109 83 45 37 44 70 25 20 35 9 8 17 46 92 54 7 11 42 22 59 85 75 27 29 24 107 55 79 90 23 77 31 19 
0 65 97 18 21 86 63 96 61 87 62 48 72 53 43 38 88 41 30 95 3 13 105 60 6 1 67 71 49 56 58 104 102 26 47 12 28 52 106 108 64 103 100 39 101 74 99 10 15 98 91 16 66 80 50 40 89 4 34 76 73 57 14 33 84 78 36 82 69 2 51 32 5 93 81 94 68 109 83 45 37 44 70 25 20 35 9 8 17 46 92 54 7 11 42 22 59 85 75 27 29 24 107 55 79 90 23 77 31 19 
0 65 97 18 21 86 63 96 61 87 62 48 72 53 43 38 88 41 30 95 3 13 105 60 6 1 67 71 49 56 58 104 102 26 47 12 28 52 106 108 64 103 100 39 101 74 99 10 15 98 91 16 66 80 50 40 89 4 34 76 73 57 14 33 84 78 36 82 69 2 51 32 5 93 81 94 68 109 83 45 37 44 70 25 20 35 9 8 17 46 92 54 7 11 42 22 59 85 75 27 29 24 107 55 79 90 23 77 31 19 
0 65 97 18 21 86 63 96 61 87 62 48 72 53 43 38 88 41 30 95 3 13 105 60 6 1 67 71 49 56 58 104 102 26 47 12 28 52 106 108 64 103 100 39 101 74 99 10 15 98 91 16 66 80 50 40 89 4 34 76 73 57 14 33 84 78 36 82 69 2 51 32 5 93 81 94 68 109 83 45 37 44 70 25 20 35 9 8 17 46 92 54 7 11 42 22 59 85 75 27 29 24 107 55 79 90 23 77 31 19 
0 65 97 18 21 86 63 96 61 87 62 48 72 53 43 38 88 41 30 95 3 13 105 60 6 1 67 71 49 56 58 104 102 26 47 12 28 52 106 108 64 103 100 39 101 74 99 10 15 98 91 16 66 80 50 40 89 4 34 76 73 57 14 33 84 78 36 82 69 2 51 32 5 93 81 94 68 109 83 45 37 44 70 25 20 35 9 8 17 46 92 54 7 11 42 22 59 85 75 27 29 24 107 55 79 90 23 77 31 19 
0 65 97 18 21 86 63 96 61 87 62 48 72 53 43 38 88 41 30 95 3 13 105 60 6 1 67 71 49 56 58 104 102 26 47 12 28 52 106 108 64 103 100 39 101 74 99 10 15 98 91 16 66 80 50 40 89 4 34 76 73 57 14 33 84 78 36 82 69 2 51 32 5 93 81 94 68 109 83 45 37 44 70 25 20 35 9 8 17 46 92 54 7 11 42 22 59 85 75 27 29 24 107 55 79 90 23 77 31 19 
0 65 97 18 21 86 63 96 61 87 62 48 72 53 43 38 88 41 30 95 3 13 105 60 6 1 67 71 49 56 58 104 102 26 47 12 28 52 106 108 64 103 100 39 101 74 99 10 15 98 91 16 66 80 50 40 89 4 34 76 73 57 14 33 84 78 36 82 69 2 51 32 5 93 81 94 68 109 83 45 37 44 70 25 20 35 9 8 17 46 92 54 7 11 42 22 59 85 75 27 29 24 107 55 79 90 23 77 31 19 
0 65 97 18 21 86 63 96 61 87 62 48 72 53 43 38 88 41 30 95 3 13 105 60 6 1 67 71 49 56 58 104 102 26 47 12 28 52 106 108 64 103 100 39 101 74 99 10 15 98 91 16 66 80 50 40 89 4 34 76 73 57 14 33 84 78 36 82 69 2 51 32 5 93 81 94 68 109 83 45 37 44 70 25 20 35 9 8 17 46 92 54 7 11 42 22 59 85 75 27 29 24 107 55 79 90 23 77 31 19 
0 65 97 18 21 86 63 96 61 87 62 48 72 53 43 38 88 41 30 95 3 13 105 60 6 1 67 71 49 56 58 104 102 26 47 12 28 52 106 108 64 103 100 39 101 74 99 10 15 98 91 16 66 80 50 40 89 4 34 76 73 57 14 33 84 78 36 82 69 2 51 32 5 93 81 94 68 109 83 45 37 44 70 25 20 35 9 8 17 46 92 54 7 11 42 22 59 85 75 27 29 24 107 55 79 90 23 77 31 19 
0 65 97 18 21 86 63 96 61 87 62 48 72 53 43 38 88 41 30 95 3 13 105 60 6 1 67 71 49 56 58 104 102 26 47 12 28 52 106 108 64 103 100 39 101 74 99 10 15 98 91 16 66 80 50 40 89 4 34 76 73 57 14 33 84 78 36 82 69 2 51 32 5 93 81 94 68 109 83 45 37 44 70 25 20 35 9 8 17 46 92 54 7 11 42 22 59 85 75 27 29 24 107 55 79 90 23 77 31 19 
0 65 97 18 21 86 63 96 61 87 62 48 72 53 43 38 88 41 30 95 3 13 105 60 6 1 67 71 49 56 58 104 102 26 47 12 28 52 106 108 64 103 100 39 101 74 99 10 15 98 91 16 66 80 50 40 89 4 34 76 73 57 14 33 84 78 36 82 69 2 51 32 5 93 81 94 68 109 83 45 37 44 70 25 20 35 9 8 17 46 92 54 7 11 42 22 59 85 75 27 29 24 107 55 79 90 23 77 31 19 
0 65 97 18 21 86 63 96 61 87 62 48 72 53 43 38 88 41 30 95 3 13 105 60 6 1 67 71 49 56 58 104 102 26 47 12 28 52 106 108 64 103 100 39 101 74 99 10 15 98 91 16 66 80 50 40 89 4 34 76 73 57 14 33 84 78 36 82 69 2 51 32 5 93 81 94 68 109 83 45 37 44 70 25 20 35 9 8 17 46 92 54 7 11 42 22 59 85 75 27 29 24 107 55 79 90 23 77 31 19 
0 65 97 18 21 86 63 96 61 87 62 48 72 53 43 38 88 41 30 95 3 13 105 60 6 1 67 71 49 56 58 104 102 26 47 12 28 52 106 108 64 103 100 39 101 74 99 10 15 98 91 16 66 80 50 40 89 4 34 76 73 57 14 33 84 78 36 82 69 2 51 32 5 93 81 94 68 109 83 45 37 44 70 25 20 35 9 8 17 46 92 54 7 11 42 22 59 85 75 27 29 24 107 55 79 90 23 77 31 19 
0 65 97 18 21 86 63 96 61 87 62 48 72 53 43 38 88 41 30 95 3 13 105 60 6 1 67 71 49 56 58 104 102 26 47 12 28 52 106 108 64 103 100 39 101 74 99 10 15 98 91 16 66 80 50 40 89 4 34 76 73 57 14 33 84 78 36 82 69 2 51 32 5 93 81 94 68 109 83 45 37 44 70 25 20 35 9 8 17 46 92 54 7 11 42 22 59 85 75 27 29 24 107 55 79 90 23 77 31 19 
0 65 97 18 21 86 63 96 61 87 62 48 72 53 43 38 88 41 30 95 3 13 105 60 6 1 67 71 49 56 58 104 102 26 47 12 28 52 106 108 64 103 100 39 101 74 99 10 15 98 91 16 66 80 50 40 89 4 34 76 73 57 14 33 84 78 36 82 69 2 51 32 5 93 81 94 68 109 83 45 37 44 70 25 20 35 9 8 17 46 92 54 7 11 42 22 59 85 75 27 29 24 107 55 79 90 23 77 31 19 
0 65 97 18 21 86 63 96 61 87 62 48 72 53 43 38 88 41 30 95 3 13 105 60 6 1 67 71 49 56 58 104 102 26 47 12 28 52 106 108 64 103 100 39 101 74 99 10 15 98 91 16 66 80 50 40 89 4 34 76 73 57 14 33 84 78 36 82 69 2 51 32 5 93 81 94 68 109 83 45 37 44 70 25 20 35 9 8 17 46 92 54 7 11 42 22 59 85 75 27 29 24 107 55 79 90 23 77 31 19 
0 65 97 18 21 86 63 96 61 87 62 48 72 53 43 38 88 41 30 95 3 13 105 60 6 1 67 71 49 56 58 104 102 26 47 12 28 52 106 108 64 103 100 39 101 74 99 10 15 98 91 16 66 80 50 40 89 4 34 76 73 57 14 33 84 78 36 82 69 2 51 32 5 93 81 94 68 109 83 45 37 44 70 25 20 35 9 8 17 46 92 54 7 11 42 22 59 85 75 27 29 24 107 55 79 90 23 77 31 19 
0 65 97 18 21 86 63 96 61 87 62 48 72 53 43 38 88 41 30 95 3 13 105 60 6 1 67 71 49 56 58 104 102 26 47 12 28 52 106 108 64 103 100 39 101 74 99 10 15 98 91 16 66 80 50 40 89 4 34 76 73 57 14 33 84 78 36 82 69 2 51 32 5 93 81 94 68 109 83 45 37 44 70 25 20 35 9 8 17 46 92 54 7 11 42 22 59 85 75 27 29 24 107 55 79 90 23 77 31 19 
0 65 97 18 21 86 63 96 61 87 62 48 72 53 43 38 88 41 30 95 3 13 105 60 6 1 67 71 49 56 58 104 102 26 47 12 28 52 106 108 64 103 100 39 101 74 99 10 15 98 91 16 66 80 50 40 89 4 34 76 73 57 14 33 84 78 36 82 69 2 51 32 5 93 81 94 68 109 83 45 37 44 70 25 20 35 9 8 17 46 92 54 7 11 42 22 59 85 75 27 29 24 107 55 79 90 23 77 31 19 
0 65 97 18 21 86 63 96 61 87 62 48 72 53 43 38 88 41 30 95 3 13 105 60 6 1 67 71 49 56 58 104 102 26 47 12 28 52 106 108 64 103 100 39 101 74 99 10 15 98 91 16 66 80 50 40 89 4 34 76 73 57 14 33 84 78 36 82 69 2 51 32 5 93 81 94 68 109 83 45 37 44 70 25 20 35 9 8 17 46 92 54 7 11 42 22 59 85 75 27 29 24 107 55 79 90 23 77 31 19 
0 65 97 18 21 86 63 96 61 87 62 48 72 53 43 38 88 41 30 95 3 13 105 60 6 1 67 71 49 56 58 104 102 26 47 12 28 52 106 108 64 103 100 39 101 74 99 10 15 98 91 16 66 80 50 40 89 4 34 76 73 57 14 33 84 78 36 82 69 2 51 32 5 93 81 94 68 109 83 45 37 44 70 25 20 35 9 8 17 46 92 54 7 11 42 22 59 85 75 27 29 24 107 55 79 90 23 77 31 19 
0 65 97 18 21 86 63 96 61 87 62 48 72 53 43 38 88 41 30 95 3 13 105 60 6 1 67 71 49 56 58 104 102 26 47 12 28 52 106 108 64 103 100 39 101 74 99 10 15 98 91 16 66 80 50 40 89 4 34 76 73 57 14 33 84 78 36 82 69 2 51 32 5 93 81 94 68 109 83 45 37 44 70 25 20 35 9 8 17 46 92 54 7 11 42 22 59 85 75 27 29 24 107 55 79 90 23 77 31 19 
0 65 97 18 21 86 63 96 61 87 62 48 72 53 43 38 88 41 30 95 3 13 105 60 6 1 67 71 49 56 58 104 102 26 47 12 28 52 106 108 64 103 100 39 101 74 99 10 15 98 91 16 66 80 50 40 89 4 34 76 73 57 14 33 84 78 36 82 69 2 51 32 5 93 81 94 68 109 83 45 37 44 70 25 20 35 9 8 17 46 92 54 7 11 42 22 59 85 75 27 29 24 107 55 79 90 23 77 31 19 
0 65 97 18 21 86 63 96 61 87 62 48 72 53 43 38 88 41 30 95 3 13 105 60 6 1 67 71 49 56 58 104 102 26 47 12 28 52 106 108 64 103 100 39 101 74 99 10 15 98 91 16 66 80 50 40 89 4 34 76 73 57 14 33 84 78 36 82 69 2 51 32 5 93 81 94 68 109 83 45 37 44 70 25 20 35 9 8 17 46 92 54 7 11 42 22 59 85 75 27 29 24 107 55 79 90 23 77 31 19 
0 65 97 18 21 86 63 96 61 87 62 48 72 53 43 38 88 41 30 95 3 13 105 60 6 1 67 71 49 56 58 104 102 26 47 12 28 52 106 108 64 103 100 39 101 74 99 10 15 98 91 16 66 80 50 40 89 4 34 76 73 57 14 33 84 78 36 82 69 2 51 32 5 93 81 94 68 109 83 45 37 44 70 25 20 35 9 8 17 46 92 54 7 11 42 22 59 85 75 27 29 24 107 55 79 90 23 77 31 19 
0 65 97 18 21 86 63 96 61 87 62 48 72 53 43 38 88 41 30 95 3 13 105 60 6 1 67 71 49 56 58 104 102 26 47 12 28 52 106 108 64 103 100 39 101 74 99 10 15 98 91 16 66 80 50 40 89 4 34 76 73 57 14 33 84 78 36 82 69 2 51 32 5 93 81 94 68 109 83 45 37 44 70 25 20 35 9 8 17 46 92 54 7 11 42 22 59 85 75 27 29 24 107 55 79 90 23 77 31 19 
0 65 97 18 21 86 63 96 61 87 62 48 72 53 43 38 88 41 30 95 3 13 105 60 6 1 67 71 49 56 58 104 102 26 47 12 28 52 106 108 64 103 100 39 101 74 99 10 15 98 91 16 66 80 50 40 89 4 34 76 73 57 14 33 84 78 36 82 69 2 51 32 5 93 81 94 68 109 83 45 37 44 70 25 20 35 9 8 17 46 92 54 7 11 42 22 59 85 75 27 29 24 107 55 79 90 23 77 31 19 
0 65 97 18 21 86 63 96 61 87 62 48 72 53 43 38 88 41 30 95 3 13 105 60 6 1 67 71 49 56 58 104 102 26 47 12 28 52 106 108 64 103 100 39 101 74 99 10 15 98 91 16 66 80 50 40 89 4 34 76 73 57 14 33 84 78 36 82 69 2 51 32 5 93 81 94 68 109 83 45 37 44 70 25 20 35 9 8 17 46 92 54 7 11 42 22 59 85 75 27 29 24 107 55 79 90 23 77 31 19 
0 65 97 18 21 86 63 96 61 87 62 48 72 53 43 38 88 41 30 95 3 13 105 60 6 1 67 71 49 56 58 104 102 26 47 12 28 52 106 108 64 103 100 39 101 74 99 10 15 98 91 16 66 80 50 40 89 4 34 76 73 57 14 33 84 78 36 82 69 2 51 32 5 93 81 94 68 109 83 45 37 44 70 25 20 35 9 8 17 46 92 54 7 11 42 22 59 85 75 27 29 24 107 55 79 90 23 77 31 19 
0 65 97 18 21 86 63 96 61 87 62 48 72 53 43 38 88 41 30 95 3 13 105 60 6 1 67 71 49 56 58 104 102 26 47 12 28 52 106 108 64 103 100 39 101 74 99 10 15 98 91 16 66 80 50 40 89 4 34 76 73 57 14 33 84 78 36 82 69 2 51 32 5 93 81 94 68 109 83 45 37 44 70 25 20 35 9 8 17 46 92 54 7 11 42 22 59 85 75 27 29 24 107 55 79 90 23 77 31 19 
0 65 97 18 21 86 63 96 61 87 62 48 72 53 43 38 88 41 30 95 3 13 105 60 6 1 67 71 49 56 58 104 102 26 47 12 28 52 106 108 64 103 100 39 101 74 99 10 15 98 91 16 66 80 50 40 89 4 34 76 73 57 14 33 84 78 36 82 69 2 51 32 5 93 81 94 68 109 83 45 37 44 70 25 20 35 9 8 17 46 92 54 7 11 42 22 59 85 75 27 29 24 107 55 79 90 23 77 31 19 
0 65 97 18 21 86 63 96 61 87 62 48 72 53 43 38 88 41 30 95 3 13 105 60 6 1 67 71 49 56 58 104 102 26 47 12 28 52 106 108 64 103 100 39 101 74 99 10 15 98 91 16 66 80 50 40 89 4 34 76 73 57 14 33 84 78 36 82 69 2 51 32 5 93 81 94 68 109 83 45 37 44 70 25 20 35 9 8 17 46 92 54 7 11 42 22 59 85 75 27 29 24 107 55 79 90 23 77 31 19 
0 65 97 18 21 86 63 96 61 87 62 48 72 53 43 38 88 41 30 95 3 13 105 60 6 1 67 71 49 56 58 104 102 26 47 12 28 52 106 108 64 103 100 39 101 74 99 10 15 98 91 16 66 80 50 40 89 4 34 76 73 57 14 33 84 78 36 82 69 2 51 32 5 93 81 94 68 109 83 45 37 44 70 25 20 35 9 8 17 46 92 54 7 11 42 22 59 85 75 27 29 24 107 55 79 90 23 77 31 19 
0 65 97 18 21 86 63 96 61 87 62 48 72 53 43 38 88 41 30 95 3 13 105 60 6 1 67 71 49 56 58 104 102 26 47 12 28 52 106 108 64 103 100 39 101 74 99 10 15 98 91 16 66 80 50 40 89 4 34 76 73 57 14 33 84 78 36 82 69 2 51 32 5 93 81 94 68 109 83 45 37 44 70 25 20 35 9 8 17 46 92 54 7 11 42 22 59 85 75 27 29 24 107 55 79 90 23 77 31 19 
0 65 97 18 21 86 63 96 61 87 62 48 72 53 43 38 88 41 30 95 3 13 105 60 6 1 67 71 49 56 58 104 102 26 47 12 28 52 106 108 64 103 100 39 101 74 99 10 15 98 91 16 66 80 50 40 89 4 34 76 73 57 14 33 84 78 36 82 69 2 51 32 5 93 81 94 68 109 83 45 37 44 70 25 20 35 9 8 17 46 92 54 7 11 42 22 59 85 75 27 29 24 107 55 79 90 23 77 31 19 
0 65 97 18 21 86 63 96 61 87 62 48 72 53 43 38 88 41 30 95 3 13 105 60 6 1 67 71 49 56 58 104 102 26 47 12 28 52 106 108 64 103 100 39 101 74 99 10 15 98 91 16 66 80 50 40 89 4 34 76 73 57 14 33 84 78 36 82 69 2 51 32 5 93 81 94 68 109 83 45 37 44 70 25 20 35 9 8 17 46 92 54 7 11 42 22 59 85 75 27 29 24 107 55 79 90 23 77 31 19 
0 65 97 18 21 86 63 96 61 87 62 48 72 53 43 38 88 41 30 95 3 13 105 60 6 1 67 71 49 56 58 104 102 26 47 12 28 52 106 108 64 103 100 39 101 74 99 10 15 98 91 16 66 80 50 40 89 4 34 76 73 57 14 33 84 78 36 82 69 2 51 32 5 93 81 94 68 109 83 45 37 44 70 25 20 35 9 8 17 46 92 54 7 11 42 22 59 85 75 27 29 24 107 55 79 90 23 77 31 19 
0 65 97 18 21 86 63 96 61 87 62 48 72 53 43 38 88 41 30 95 3 13 105 60 6 1 67 71 49 56 58 104 102 26 47 12 28 52 106 108 64 103 100 39 101 74 99 10 15 98 91 16 66 80 50 40 89 4 34 76 73 57 14 33 84 78 36 82 69 2 51 32 5 93 81 94 68 109 83 45 37 44 70 25 20 35 9 8 17 46 92 54 7 11 42 22 59 85 75 27 29 24 107 55 79 90 23 77 31 19 
0 65 97 18 21 86 63 96 61 87 62 48 72 53 43 38 88 41 30 95 3 13 105 60 6 1 67 71 49 56 58 104 102 26 47 12 28 52 106 108 64 103 100 39 101 74 99 10 15 98 91 16 66 80 50 40 89 4 34 76 73 57 14 33 84 78 36 82 69 2 51 32 5 93 81 94 68 109 83 45 37 44 70 25 20 35 9 8 17 46 92 54 7 11 42 22 59 85 75 27 29 24 107 55 79 90 23 77 31 19 
0 65 97 18 21 86 63 96 61 87 62 48 72 53 43 38 88 41 30 95 3 13 105 60 6 1 67 71 49 56 58 104 102 26 47 12 28 52 106 108 64 103 100 39 101 74 99 10 15 98 91 16 66 80 50 40 89 4 34 76 73 57 14 33 84 78 36 82 69 2 51 32 5 93 81 94 68 109 83 45 37 44 70 25 20 35 9 8 17 46 92 54 7 11 42 22 59 85 75 27 29 24 107 55 79 90 23 77 31 19 
0 65 97 18 21 86 63 96 61 87 62 48 72 53 43 38 88 41 30 95 3 13 105 60 6 1 67 71 49 56 58 104 102 26 47 12 28 52 106 108 64 103 100 39 101 74 99 10 15 98 91 16 66 80 50 40 89 4 34 76 73 57 14 33 84 78 36 82 69 2 51 32 5 93 81 94 68 109 83 45 37 44 70 25 20 35 9 8 17 46 92 54 7 11 42 22 59 85 75 27 29 24 107 55 79 90 23 77 31 19 
0 65 97 18 21 86 63 96 61 87 62 48 72 53 43 38 88 41 30 95 3 13 105 60 6 1 67 71 49 56 58 104 102 26 47 12 28 52 106 108 64 103 100 39 101 74 99 10 15 98 91 16 66 80 50 40 89 4 34 76 73 57 14 33 84 78 36 82 69 2 51 32 5 93 81 94 68 109 83 45 37 44 70 25 20 35 9 8 17 46 92 54 7 11 42 22 59 85 75 27 29 24 107 55 79 90 23 77 31 19 
0 65 97 18 21 86 63 96 61 87 62 48 72 53 43 38 88 41 30 95 3 13 105 60 6 1 67 71 49 56 58 104 102 26 47 12 28 52 106 108 64 103 100 39 101 74 99 10 15 98 91 16 66 80 50 40 89 4 34 76 73 57 14 33 84 78 36 82 69 2 51 32 5 93 81 94 68 109 83 45 37 44 70 25 20 35 9 8 17 46 92 54 7 11 42 22 59 85 75 27 29 24 107 55 79 90 23 77 31 19 
0 65 97 18 21 86 63 96 61 87 62 48 72 53 43 38 88 41 30 95 3 13 105 60 6 1 67 71 49 56 58 104 102 26 47 12 28 52 106 108 64 103 100 39 101 74 99 10 15 98 91 16 66 80 50 40 89 4 34 76 73 57 14 33 84 78 36 82 69 2 51 32 5 93 81 94 68 109 83 45 37 44 70 25 20 35 9 8 17 46 92 54 7 11 42 22 59 85 75 27 29 24 107 55 79 90 23 77 31 19 
0 65 97 18 21 86 63 96 61 87 62 48 72 53 43 38 88 41 30 95 3 13 105 60 6 1 67 71 49 56 58 104 102 26 47 12 28 52 106 108 64 103 100 39 101 74 99 10 15 98 91 16 66 80 50 40 89 4 34 76 73 57 14 33 84 78 36 82 69 2 51 32 5 93 81 94 68 109 83 45 37 44 70 25 20 35 9 8 17 46 92 54 7 11 42 22 59 85 75 27 29 24 107 55 79 90 23 77 31 19 
0 65 97 18 21 86 63 96 61 87 62 48 72 53 43 38 88 41 30 95 3 13 105 60 6 1 67 71 49 56 58 104 102 26 47 12 28 52 106 108 64 103 100 39 101 74 99 10 15 98 91 16 66 80 50 40 89 4 34 76 73 57 14 33 84 78 36 82 69 2 51 32 5 93 81 94 68 109 83 45 37 44 70 25 20 35 9 8 17 46 92 54 7 11 42 22 59 85 75 27 29 24 107 55 79 90 23 77 31 19 
0 65 97 18 21 86 63 96 61 87 62 48 72 53 43 38 88 41 30 95 3 13 105 60 6 1 67 71 49 56 58 104 102 26 47 12 28 52 106 108 64 103 100 39 101 74 99 10 15 98 91 16 66 80 50 40 89 4 34 76 73 57 14 33 84 78 36 82 69 2 51 32 5 93 81 94 68 109 83 45 37 44 70 25 20 35 9 8 17 46 92 54 7 11 42 22 59 85 75 27 29 24 107 55 79 90 23 77 31 19 
0 65 97 18 21 86 63 96 61 87 62 48 72 53 43 38 88 41 30 95 3 13 105 60 6 1 67 71 49 56 58 104 102 26 47 12 28 52 106 108 64 103 100 39 101 74 99 10 15 98 91 16 66 80 50 40 89 4 34 76 73 57 14 33 84 78 36 82 69 2 51 32 5 93 81 94 68 109 83 45 37 44 70 25 20 35 9 8 17 46 92 54 7 11 42 22 59 85 75 27 29 24 107 55 79 90 23 77 31 19 
0 65 97 18 21 86 63 96 61 87 62 48 72 53 43 38 88 41 30 95 3 13 105 60 6 1 67 71 49 56 58 26 104 102 47 12 28 52 106 108 64 103 100 39 101 74 99 10 15 98 91 16 66 80 50 40 89 4 34 76 73 57 14 33 84 78 36 82 69 2 51 32 5 93 81 94 68 109 83 45 37 44 70 25 20 35 9 8 17 46 92 54 7 11 42 22 59 85 75 27 29 24 107 55 79 90 23 77 31 19 
0 65 97 18 21 86 63 96 61 87 62 48 72 53 43 38 88 41 30 95 3 13 105 60 6 1 67 71 49 56 58 26 104 102 47 12 28 52 106 108 64 103 100 39 101 74 99 10 15 98 91 16 66 80 50 40 89 4 34 76 73 57 14 33 84 78 36 82 69 2 51 32 5 93 81 94 68 109 83 45 37 44 70 25 20 35 9 8 17 46 92 54 7 11 42 22 59 85 75 27 29 24 107 55 79 90 23 77 31 19 
0 65 97 18 21 86 63 96 61 87 62 48 72 53 43 38 88 41 30 95 3 13 105 60 6 1 67 71 49 56 58 26 104 102 47 12 28 52 106 108 64 103 100 39 101 74 99 10 15 98 91 16 66 80 50 40 89 4 34 76 73 57 14 33 84 78 36 82 69 2 51 32 5 93 81 94 68 109 83 45 37 44 70 25 20 35 9 8 17 46 92 54 7 11 42 22 59 85 75 27 29 24 107 55 79 90 23 77 31 19 
0 65 97 18 21 86 63 96 61 87 62 48 72 53 43 38 88 41 30 95 3 13 105 60 6 1 67 71 49 56 58 26 104 102 47 12 28 52 106 108 64 103 100 39 101 74 99 10 15 98 91 16 66 80 50 40 89 4 34 76 73 57 14 33 84 78 36 82 69 2 51 32 5 93 81 94 68 109 83 45 37 44 70 25 20 35 9 8 17 46 92 54 7 11 42 22 59 85 75 27 29 24 107 55 79 90 23 77 31 19 
0 65 97 18 21 86 63 96 61 87 62 48 72 53 43 38 88 41 30 95 3 13 105 60 6 1 67 71 49 56 58 26 104 102 47 12 28 52 106 108 64 103 100 39 101 74 99 10 15 98 91 16 66 80 50 40 89 4 34 76 73 57 14 33 84 78 36 82 69 2 51 32 5 93 81 94 68 109 83 45 37 44 70 25 20 35 9 8 17 46 92 54 7 11 42 22 59 85 75 27 29 24 107 55 79 90 23 77 31 19 
0 65 97 18 21 86 63 96 61 87 62 48 72 53 43 38 88 41 30 95 3 13 105 60 6 1 67 71 49 56 58 26 104 102 47 12 28 52 106 108 64 103 100 39 101 74 99 10 15 98 91 16 66 80 50 40 89 4 34 76 73 57 14 33 84 78 36 82 69 2 51 32 5 93 81 94 68 109 83 45 37 44 70 25 20 35 9 8 17 46 92 54 7 11 42 22 59 85 75 27 29 24 107 55 79 90 23 77 31 19 
0 65 97 18 21 86 63 96 61 87 62 48 72 53 43 38 88 41 30 95 3 13 105 60 6 1 67 71 49 56 58 26 104 102 47 12 28 52 106 108 64 103 100 39 101 74 99 10 15 98 91 16 66 80 50 40 89 4 34 76 73 57 14 33 84 78 36 82 69 2 51 32 5 93 81 94 68 109 83 45 37 44 70 25 20 35 9 8 17 46 92 54 7 11 42 22 59 85 75 27 29 24 107 55 79 90 23 77 31 19 
0 65 97 18 21 86 63 96 61 87 62 48 72 53 43 38 88 41 30 95 3 13 105 60 6 1 67 71 49 56 58 26 104 102 47 12 28 52 106 108 64 103 100 39 101 74 99 10 15 98 91 16 66 80 50 40 89 4 34 76 73 57 14 33 84 78 36 82 69 2 51 32 5 93 81 94 68 109 83 45 37 44 70 25 20 35 9 8 17 46 92 54 7 11 42 22 59 85 75 27 29 24 107 55 79 90 23 77 31 19 
0 65 97 18 21 86 63 96 61 87 62 48 72 53 43 38 88 41 30 95 3 13 105 60 6 1 67 71 49 56 58 26 104 102 47 12 28 52 106 108 64 103 100 39 101 74 99 10 15 98 91 16 66 80 50 40 89 4 34 76 73 57 14 33 84 78 36 82 69 2 51 32 5 93 81 94 68 109 83 45 37 44 70 25 20 35 9 8 17 46 92 54 7 11 42 22 59 85 75 27 29 24 107 55 79 90 23 77 31 19 
0 65 97 18 21 86 63 96 61 87 62 48 72 53 43 38 88 41 30 95 3 13 105 60 6 1 67 71 49 56 58 26 104 102 47 12 28 52 106 108 64 103 100 39 101 74 99 10 15 98 91 16 66 80 50 40 89 4 34 76 73 57 14 33 84 78 36 82 69 2 51 32 5 93 81 94 68 109 83 45 37 44 70 25 20 35 9 8 17 46 92 54 7 11 42 22 59 85 75 27 29 24 107 55 79 90 23 77 31 19 
0 65 97 18 21 86 63 96 61 87 62 48 72 53 43 38 88 41 30 95 3 13 105 60 6 1 67 71 49 56 58 26 104 102 47 12 28 52 106 108 64 103 100 39 101 74 99 10 15 98 91 16 66 80 50 40 89 4 34 76 73 57 14 33 84 78 36 82 69 2 51 32 5 93 81 94 68 109 83 45 37 44 70 25 20 35 9 8 17 46 92 54 7 11 42 22 59 85 75 27 29 24 107 55 79 90 23 77 31 19 
0 65 97 18 21 86 63 96 61 87 62 48 72 53 43 38 88 41 30 95 3 13 105 60 6 1 67 71 49 56 58 26 104 102 47 12 28 52 106 108 64 103 100 39 101 74 99 10 15 98 91 16 66 80 50 40 89 4 34 76 73 57 14 33 84 78 36 82 69 2 51 32 5 93 81 94 68 109 83 45 37 44 70 25 20 35 9 8 17 46 92 54 7 11 42 22 59 85 75 27 29 24 107 55 79 90 23 77 31 19 
0 65 97 18 21 86 63 96 61 87 62 48 72 53 43 38 88 41 30 95 3 13 105 60 6 1 67 71 49 56 58 104 102 26 47 12 28 52 106 108 64 103 100 39 101 74 99 10 15 98 91 16 66 80 50 40 89 4 34 76 73 57 14 33 84 78 36 82 69 2 51 32 5 93 81 94 68 109 83 45 37 44 70 25 20 35 9 8 46 17 92 54 7 11 42 22 59 85 75 27 29 24 107 55 79 90 23 77 31 19 
0 65 97 18 21 86 63 96 61 87 62 48 72 53 43 38 88 41 30 95 3 13 105 60 6 1 67 71 49 56 58 104 102 26 47 12 28 52 106 108 64 103 100 39 101 74 99 10 15 98 91 16 66 80 50 40 89 4 34 76 73 57 14 33 84 78 36 82 69 2 51 32 5 93 81 94 68 109 83 45 37 44 70 25 20 35 9 8 46 17 92 54 7 11 42 22 59 85 75 27 29 24 107 55 79 90 23 77 31 19 
0 65 97 18 21 86 63 96 61 87 62 48 72 53 43 38 88 41 30 95 3 13 105 60 6 1 67 71 49 56 58 104 102 26 47 12 28 52 106 108 64 103 100 39 101 74 99 10 15 98 91 16 66 80 50 40 89 4 34 76 73 57 14 33 84 78 36 82 69 2 51 32 5 93 81 94 68 109 83 45 37 44 70 25 20 35 9 8 46 17 92 54 7 11 42 22 59 85 75 27 29 24 107 55 79 90 23 77 31 19 
0 65 97 18 21 86 63 96 61 87 62 48 72 53 43 38 88 41 30 95 3 13 105 60 6 1 67 71 49 56 58 104 102 26 47 12 28 52 106 108 64 103 100 39 101 74 99 10 15 98 91 16 66 80 50 40 89 4 34 76 73 57 14 33 84 78 36 82 69 2 51 32 5 93 81 94 68 109 83 45 37 44 70 25 20 35 9 8 46 17 92 54 7 11 42 22 59 85 75 27 29 24 107 55 79 90 23 77 31 19 
0 65 97 18 21 86 63 96 61 87 62 48 72 53 43 38 88 41 30 95 3 13 105 60 6 1 67 71 49 56 58 104 102 26 47 12 28 52 106 108 64 103 100 39 101 74 99 10 15 98 91 16 66 80 50 40 89 4 34 76 73 57 14 33 84 78 36 82 69 2 51 32 5 93 81 94 68 109 83 45 37 44 70 25 20 35 9 8 46 17 92 54 7 11 42 22 59 85 75 27 29 24 107 55 79 90 23 77 31 19 
0 65 97 18 21 86 63 96 61 87 62 48 72 53 43 38 88 41 30 95 3 13 105 6 1 67 71 49 56 58 104 102 60 26 47 12 28 52 106 108 64 103 100 39 101 74 99 10 15 98 91 16 66 80 50 40 89 4 34 76 73 57 14 33 84 78 36 82 69 2 51 32 5 93 81 94 68 109 83 45 37 44 70 25 20 35 9 8 17 46 92 54 7 11 42 22 59 85 75 27 29 24 107 55 79 90 23 77 31 19 
0 65 97 18 21 86 63 96 61 87 62 48 72 53 43 38 88 41 30 95 3 13 105 60 6 1 67 71 49 56 58 104 102 26 47 12 28 52 106 108 64 103 100 39 101 74 99 10 15 98 91 16 66 80 50 40 89 4 34 76 73 57 14 33 84 78 36 82 69 2 51 32 5 93 81 94 68 109 83 45 37 44 70 25 20 35 9 8 17 46 92 54 7 42 22 59 11 85 75 27 29 24 107 55 79 90 23 77 31 19 
0 65 97 18 21 86 63 96 61 87 62 48 72 53 43 38 88 41 30 95 3 13 105 60 6 1 67 71 49 56 58 104 102 26 47 12 28 52 106 108 64 103 100 39 101 74 99 10 15 91 98 16 66 80 50 40 89 4 34 76 73 57 14 33 84 78 36 82 69 2 51 32 5 93 81 94 68 109 83 45 37 44 70 25 20 35 9 8 17 46 92 54 7 11 42 22 59 85 75 27 29 24 107 55 79 90 23 77 31 19 
0 65 97 18 21 86 63 96 61 87 62 48 72 53 43 38 88 41 30 95 3 13 105 60 6 1 67 71 49 56 58 26 104 102 47 12 52 106 108 64 103 100 39 101 74 99 10 15 98 91 28 16 66 80 50 40 89 4 34 76 73 57 14 33 84 78 36 82 69 2 51 32 5 93 81 94 68 109 83 45 37 44 70 25 20 35 9 8 17 46 92 54 7 11 42 22 59 85 75 27 29 24 107 55 79 90 23 77 31 19 
0 65 97 18 21 86 63 96 61 87 62 48 72 53 43 38 88 41 30 95 3 13 105 60 6 1 67 71 49 56 58 104 102 26 47 12 28 52 106 108 64 103 100 39 101 74 99 10 15 98 91 16 66 80 50 40 89 4 34 76 73 57 14 33 84 78 36 82 69 2 51 32 5 93 81 94 68 109 83 45 37 44 70 25 20 35 92 46 17 8 9 54 7 11 42 22 59 85 75 27 29 24 107 55 79 90 23 77 31 19 
0 65 97 18 21 86 63 96 61 87 62 48 72 53 43 38 88 41 30 95 3 13 105 60 6 1 67 71 49 56 58 104 102 26 47 12 28 52 106 108 64 103 100 39 101 74 99 10 15 98 91 16 66 80 50 40 89 4 34 76 73 57 14 33 84 78 36 82 69 2 51 32 5 93 81 94 68 109 83 45 37 44 70 25 20 9 8 17 46 92 54 7 11 42 22 59 35 85 75 27 29 24 107 55 79 90 23 77 31 19 
0 65 97 18 21 86 63 96 61 87 62 48 72 53 43 38 88 41 30 95 3 13 105 60 6 1 67 71 49 56 58 104 102 26 47 12 28 52 106 108 64 103 100 39 101 74 99 10 15 98 91 16 66 80 50 40 89 4 34 73 76 57 14 33 84 78 36 82 69 2 51 32 5 81 93 94 68 109 83 45 37 44 70 25 20 35 9 8 17 46 92 54 7 11 42 22 59 85 75 27 29 24 107 55 79 90 23 77 31 19 
0 65 97 18 21 86 63 96 61 87 62 48 72 53 43 38 88 41 30 95 3 13 105 60 6 1 67 71 49 56 58 104 102 26 47 12 28 52 106 108 64 103 100 39 101 74 99 10 15 98 91 16 66 80 50 40 89 34 73 4 76 57 14 33 84 78 36 82 69 2 51 32 5 93 81 94 68 109 83 45 37 44 70 25 20 35 9 8 46 17 92 54 7 11 42 22 59 85 75 27 29 24 107 55 79 90 23 77 31 19 
0 65 97 18 21 86 63 96 61 87 62 48 72 53 43 38 88 41 30 95 3 13 105 60 6 1 67 71 49 56 58 104 102 26 47 12 80 52 106 108 64 103 100 39 101 74 99 10 15 98 91 16 66 28 50 40 89 4 34 76 73 57 14 33 84 78 36 82 69 2 51 32 5 93 81 94 68 109 83 45 37 44 70 25 20 35 9 8 17 46 92 54 7 11 42 22 59 85 75 27 29 24 107 55 79 90 23 77 31 19 
0 65 97 18 21 86 63 96 61 87 62 48 66 16 91 98 15 10 99 74 101 39 100 103 64 108 106 52 28 12 47 26 102 104 58 56 49 71 67 1 6 60 105 13 3 95 30 41 88 38 43 53 72 80 50 40 89 4 34 76 73 57 14 33 84 78 36 82 69 2 51 32 5 93 81 94 68 109 83 45 37 44 70 25 20 35 9 8 17 46 92 54 7 11 42 22 59 85 75 27 29 24 107 55 79 90 23 77 31 19 
0 65 97 18 21 86 63 96 61 87 62 48 72 53 43 38 88 41 30 95 3 13 67 1 6 60 105 71 49 56 58 104 102 26 47 12 28 52 106 108 64 103 100 39 101 74 99 10 15 98 91 16 66 80 50 40 89 4 34 76 73 57 14 33 84 78 36 82 69 2 51 32 5 93 81 94 68 109 83 45 37 44 70 25 20 35 9 8 17 46 92 54 7 11 42 22 59 85 75 27 29 24 107 55 79 90 23 77 31 19 
0 65 97 18 21 86 63 96 61 87 62 48 72 53 43 38 88 41 30 95 3 13 105 60 6 1 67 71 49 56 58 104 102 26 47 12 28 52 106 108 64 103 100 39 101 74 99 10 15 98 91 16 66 80 50 40 89 4 34 76 73 57 14 33 84 78 36 82 69 2 51 32 5 93 81 94 109 83 45 68 37 44 70 25 20 35 9 8 17 46 92 54 7 11 42 22 59 85 75 27 29 24 107 55 79 90 23 77 31 19 
0 65 97 18 21 86 63 96 61 87 62 48 72 53 43 38 88 41 30 95 3 13 105 60 6 1 67 71 49 56 58 104 102 26 47 12 28 52 106 108 64 103 100 39 101 74 99 10 15 98 91 16 66 80 50 40 89 4 34 76 73 57 14 33 84 78 36 82 69 2 51 32 5 93 81 94 68 109 83 45 37 44 70 25 20 35 8 17 46 92 54 7 11 9 42 22 59 85 75 27 29 24 107 55 79 90 23 77 31 19 
0 65 97 18 21 86 63 96 61 87 62 48 72 53 43 38 88 41 30 95 3 13 105 60 6 1 67 71 49 56 58 104 102 26 47 12 28 52 106 108 64 103 100 39 101 74 99 10 15 98 91 16 66 80 50 40 89 4 34 76 73 57 14 33 84 78 36 82 69 2 51 32 5 93 81 94 68 109 83 45 37 44 70 25 35 9 20 8 17 46 92 54 7 11 42 22 59 85 75 27 29 24 107 55 79 90 23 77 31 19 
0 65 97 18 21 86 63 96 61 87 62 48 72 53 43 38 88 41 30 95 3 13 105 60 6 1 67 71 49 56 58 104 102 26 47 12 28 52 106 108 64 103 100 39 101 74 99 10 15 98 91 16 66 80 50 40 89 4 34 76 73 57 14 33 84 78 36 82 69 2 51 32 5 93 81 94 68 109 83 45 37 44 70 25 20 35 9 8 17 46 92 54 7 11 42 22 59 85 75 27 29 24 55 79 90 23 107 77 31 19 
0 65 97 18 21 86 63 96 61 87 62 48 72 53 43 38 88 41 26 102 104 58 56 49 71 67 1 6 60 105 13 3 95 30 47 12 28 52 106 108 64 103 100 39 101 74 99 10 15 98 91 16 66 80 50 40 89 4 34 76 73 57 14 33 84 78 36 82 69 2 51 32 5 93 81 94 68 109 83 45 37 44 70 25 20 35 9 8 17 46 92 54 7 11 42 22 59 85 75 27 29 24 107 55 79 90 23 77 31 19 
0 65 97 18 21 86 63 96 61 87 62 48 72 53 43 38 88 41 30 95 3 13 105 60 6 1 67 71 49 56 58 104 102 26 47 12 28 52 106 108 64 103 100 39 101 74 99 10 15 98 91 16 66 80 50 40 89 4 34 76 73 57 14 33 84 78 36 82 69 2 51 32 109 68 94 81 93 5 83 45 37 44 70 25 20 35 9 8 17 46 92 54 7 11 42 22 59 85 75 27 29 24 107 55 79 23 77 31 19 90 
0 65 97 18 21 86 63 96 61 87 62 48 72 53 43 38 88 41 30 95 3 13 105 60 6 1 67 71 49 14 57 73 76 34 4 89 40 50 80 66 16 91 98 15 10 99 74 101 39 100 103 64 108 106 52 28 12 47 102 104 26 58 56 33 84 78 36 82 69 2 51 32 5 93 81 94 68 109 83 45 37 44 70 25 20 35 9 8 46 17 92 54 7 11 42 22 59 85 75 27 29 24 107 55 79 90 23 77 31 19 
0 65 97 18 21 86 63 96 61 87 62 48 72 53 43 38 88 41 30 95 3 13 105 60 6 1 67 71 49 56 58 104 102 26 47 12 28 52 106 108 64 103 100 39 101 74 99 10 15 98 91 16 66 80 50 40 89 4 34 73 76 57 14 33 84 36 82 69 2 51 32 5 78 93 81 94 68 109 83 45 37 44 70 25 20 35 9 8 17 46 92 54 7 11 42 22 59 85 75 27 29 24 107 55 79 90 23 77 31 19 
0 65 97 18 21 86 63 96 61 87 62 48 72 53 43 38 88 41 1 95 3 13 105 60 6 30 67 71 49 56 58 104 102 26 47 12 28 52 106 108 64 103 100 39 101 74 99 10 15 98 91 16 66 80 50 40 89 4 109 68 94 81 93 5 32 51 2 69 82 36 78 84 33 14 57 73 76 34 83 45 37 44 70 25 20 35 9 8 17 46 92 54 7 11 42 22 59 85 75 27 29 24 107 55 79 90 23 77 31 19 
0 65 97 18 21 86 63 96 61 87 62 48 72 53 43 38 88 41 30 95 3 13 105 60 6 1 67 71 49 56 58 104 102 26 47 12 28 52 106 108 64 100 39 101 74 99 10 15 98 91 16 66 80 50 40 89 4 34 76 73 57 14 33 84 78 36 82 69 2 51 103 32 5 93 81 94 68 109 83 45 37 44 70 25 20 35 9 8 17 46 92 54 7 11 42 22 59 85 75 27 29 24 107 55 79 90 23 77 31 19 
0 65 97 18 21 86 63 96 61 87 62 48 72 53 43 38 88 41 30 95 3 13 105 60 6 1 67 71 49 56 58 104 102 26 47 12 28 52 106 108 64 103 100 39 101 74 99 10 15 98 91 16 66 80 50 40 89 4 34 76 73 57 14 78 84 33 36 82 69 2 51 32 5 93 81 94 68 109 83 45 37 44 70 25 20 35 9 8 17 46 92 85 7 42 22 59 54 75 11 27 29 24 107 55 79 90 23 77 31 19 
0 65 97 18 21 86 63 96 61 87 62 48 72 53 43 38 88 41 30 95 3 13 105 60 6 1 67 71 49 56 58 104 102 26 47 12 28 52 106 108 64 103 100 39 101 74 99 14 15 98 91 16 66 80 50 40 89 4 34 76 73 57 10 33 84 78 36 82 69 2 51 32 5 93 81 94 68 109 83 45 37 44 70 25 20 35 9 8 17 46 92 54 7 11 42 22 59 85 75 27 29 24 107 55 79 90 23 77 31 19 
0 65 97 18 21 86 63 96 61 87 62 48 72 53 43 38 88 41 30 95 3 13 105 60 6 1 67 71 74 101 39 100 103 64 108 106 52 28 12 47 26 102 104 58 56 49 99 10 15 98 91 16 66 80 50 40 89 4 34 76 73 57 14 33 84 78 36 82 69 2 51 32 5 93 81 94 68 109 83 45 37 44 70 25 20 35 9 8 17 46 92 54 7 11 42 22 59 85 75 27 29 24 107 55 79 90 23 77 31 19 
0 65 97 18 21 86 63 96 61 87 62 48 72 53 43 38 88 41 30 95 3 13 105 60 6 1 67 71 49 56 58 104 102 26 47 12 28 52 106 108 64 103 100 39 101 74 99 66 15 98 91 16 10 80 50 40 89 4 34 76 73 57 14 33 84 78 36 82 69 2 51 32 5 93 81 94 68 109 83 45 37 44 70 25 20 35 9 8 17 46 92 54 7 11 42 22 59 85 75 27 29 24 107 55 79 90 23 77 31 19 
0 65 97 18 21 86 63 96 61 87 62 48 72 53 43 38 88 41 30 95 3 13 105 60 6 1 67 71 49 56 58 104 102 26 47 12 28 52 106 108 64 103 100 39 101 93 5 32 51 2 69 82 36 78 84 33 14 57 73 76 34 4 89 40 50 80 66 16 91 98 15 10 99 74 81 94 68 109 83 45 37 44 70 25 20 35 9 8 17 46 92 54 7 11 42 22 59 85 75 27 29 24 107 55 79 90 23 77 31 19 
0 22 42 11 7 54 92 46 17 8 9 35 20 25 70 44 37 45 83 109 68 94 81 93 5 32 51 2 69 82 36 78 84 33 14 57 73 76 34 4 89 40 50 80 66 16 91 98 15 10 99 74 101 39 100 103 64 108 106 52 28 12 47 26 102 104 58 56 49 71 67 1 6 60 105 13 3 95 30 41 88 38 43 53 72 48 62 87 61 96 63 86 21 18 97 65 59 85 75 27 29 24 107 55 79 90 23 77 31 19 
0 65 97 18 21 86 63 96 61 87 62 48 72 53 43 38 88 41 30 95 3 13 105 60 6 1 67 71 49 56 58 104 102 26 47 12 28 52 106 108 64 103 100 39 101 74 99 10 15 98 91 16 66 80 83 109 68 94 81 93 5 32 51 2 69 82 36 78 84 33 14 57 73 76 34 4 89 40 50 45 37 44 70 25 20 35 9 8 17 46 92 54 7 11 42 22 59 85 75 27 29 24 107 55 79 90 23 77 31 19 
0 65 97 18 21 86 63 96 61 87 62 48 109 53 43 38 88 41 30 95 3 13 105 60 6 1 67 71 49 56 58 104 102 26 47 12 28 52 106 108 64 103 100 39 101 74 99 10 15 98 91 16 66 80 50 40 89 4 34 76 73 57 14 33 84 78 36 82 69 2 51 32 5 93 81 94 68 72 83 45 37 44 70 25 20 35 9 8 17 46 92 54 7 11 42 22 59 85 75 27 29 24 107 55 79 90 23 77 31 19 
0 65 97 18 21 86 63 96 61 87 62 48 72 53 43 38 88 41 30 95 3 13 105 60 6 1 67 71 49 56 58 104 102 26 47 12 28 52 106 108 64 103 100 39 74 99 10 15 98 91 16 84 66 80 50 40 89 4 34 76 73 57 14 101 33 78 36 82 69 2 51 32 5 93 81 94 68 109 83 45 37 44 70 25 20 35 9 8 17 46 92 54 7 11 42 22 59 85 75 27 29 24 107 55 79 90 23 77 31 19 
0 65 97 18 21 86 63 96 61 87 62 48 72 53 43 38 88 41 30 95 3 13 105 60 6 1 67 71 49 56 58 104 102 26 47 12 28 52 106 93 5 32 51 2 69 82 36 78 84 33 14 57 73 76 34 4 89 40 50 80 66 16 91 98 15 10 99 74 101 39 100 103 64 108 81 94 68 109 83 45 37 44 70 25 20 35 9 8 17 46 92 54 7 11 42 22 59 85 75 27 29 24 107 55 79 90 23 77 31 19 
0 65 97 18 21 86 63 96 61 87 62 48 72 53 43 38 88 41 30 95 3 13 105 60 6 1 67 71 49 56 58 104 102 26 47 12 28 52 106 108 64 103 100 39 101 74 99 10 15 98 91 16 66 80 50 40 89 4 34 76 73 57 14 33 84 78 36 82 69 2 51 32 93 81 94 68 5 109 83 45 37 44 70 25 20 35 9 8 17 46 54 7 11 42 22 59 85 75 27 29 24 107 92 55 79 90 23 77 31 19 
0 65 97 18 21 86 63 96 61 87 62 48 72 53 43 38 88 41 30 95 3 13 105 60 6 1 67 71 49 56 58 104 102 26 47 12 28 52 106 108 64 103 100 39 101 74 99 10 51 2 69 82 36 78 84 33 14 57 73 76 34 4 89 40 50 80 66 16 91 98 15 32 5 93 81 94 68 109 83 45 37 44 70 25 20 35 9 8 17 46 92 54 7 11 42 22 59 85 75 27 29 24 107 55 79 90 23 77 31 19 
0 65 97 18 21 86 63 96 61 87 62 48 72 53 43 38 88 41 95 3 13 105 60 6 1 67 71 49 56 58 104 102 26 47 12 28 52 106 108 64 103 100 39 101 74 99 10 15 98 30 91 16 66 80 50 40 89 4 34 73 76 57 14 33 84 78 36 82 69 2 51 32 5 93 81 94 68 109 83 45 37 44 70 25 20 35 9 8 46 17 92 54 7 11 42 22 59 85 75 27 29 24 107 55 79 90 23 77 31 19 
0 65 97 18 21 86 63 96 61 4 89 40 50 80 66 16 91 98 15 10 99 74 101 39 100 103 64 108 106 52 28 12 47 26 102 104 58 56 49 71 67 1 6 60 105 13 3 95 30 41 88 38 43 53 72 48 62 87 34 76 73 57 14 33 84 78 36 82 69 2 51 32 5 93 81 94 68 109 83 45 37 44 70 25 20 35 9 8 17 46 92 54 7 11 42 22 59 85 75 27 29 24 107 55 79 90 23 77 31 19 
0 65 109 68 94 81 93 5 32 51 2 69 82 36 78 84 33 14 57 73 76 34 4 89 40 50 80 66 16 91 98 15 10 99 74 101 39 100 103 64 108 106 52 28 12 47 26 102 104 58 56 49 71 67 1 6 60 105 13 3 95 30 41 88 38 43 53 72 48 62 87 61 96 63 86 21 18 97 83 45 37 44 70 25 20 35 9 8 17 46 92 54 7 11 42 22 59 85 75 27 29 24 107 55 79 90 23 77 31 19 
0 65 97 18 21 86 63 96 61 87 62 48 72 53 43 38 88 41 30 95 3 13 105 60 6 1 67 71 49 56 58 104 102 26 47 12 28 52 106 108 64 103 100 39 101 74 99 10 15 98 91 16 66 80 50 40 89 4 34 76 73 57 14 33 84 78 36 82 69 2 51 32 5 93 81 94 68 109 83 45 37 44 70 25 20 35 9 8 17 46 92 54 7 11 22 59 85 75 27 29 24 107 55 42 79 90 23 77 31 19 
0 65 97 18 21 86 63 96 61 87 62 48 72 53 43 38 88 41 30 95 3 13 105 60 6 1 67 71 49 56 58 104 102 26 47 12 28 52 106 108 40 103 100 39 101 74 99 10 15 98 91 16 66 80 50 64 89 4 34 76 73 57 14 33 84 78 36 82 69 2 51 32 5 93 81 94 68 109 83 45 37 44 70 25 20 35 9 8 17 46 92 54 7 11 42 22 59 85 75 27 29 24 107 55 79 90 23 77 31 19 
0 65 97 18 21 86 63 96 61 87 62 48 72 53 43 38 88 41 30 95 3 13 105 60 6 1 67 71 49 56 58 104 102 26 47 12 28 52 106 108 64 103 100 39 101 74 99 10 15 98 91 16 66 80 50 40 89 4 34 76 73 57 14 33 84 78 36 82 69 2 51 32 5 93 81 94 68 109 83 45 37 44 70 25 20 35 9 8 17 90 79 55 107 24 29 27 75 85 59 22 42 11 7 54 92 46 23 77 31 19 
0 65 18 97 21 86 63 96 61 87 62 48 72 53 43 38 88 41 30 95 3 13 105 60 6 1 67 71 49 56 58 26 104 102 47 12 28 52 106 108 64 103 100 39 101 74 99 10 15 98 91 16 66 80 50 40 89 4 34 76 73 57 14 33 84 78 36 82 69 2 51 32 5 93 81 94 68 109 83 45 37 44 70 25 20 35 9 8 17 46 92 54 7 11 42 22 59 85 75 27 29 24 107 55 79 90 23 77 31 19 
0 65 97 18 21 86 63 96 61 87 62 48 72 53 43 38 88 41 30 95 3 13 105 60 6 1 67 71 56 58 104 102 26 47 12 28 52 106 108 64 103 100 39 49 101 74 99 10 15 98 91 16 66 80 50 40 89 4 34 76 73 57 14 33 84 78 36 82 69 2 51 32 5 93 81 94 68 109 83 45 37 44 70 25 20 35 9 8 17 46 92 54 7 11 42 22 59 85 75 27 29 24 107 55 79 90 23 77 31 19 
0 65 97 18 21 86 63 96 61 87 62 48 72 53 43 38 88 41 30 95 3 105 60 6 1 67 71 49 56 58 104 102 26 47 12 28 52 106 108 64 103 100 39 101 74 99 13 10 15 98 91 16 66 80 50 40 89 4 34 76 73 57 14 33 84 78 36 82 69 2 51 32 5 93 81 94 68 109 83 45 37 44 70 25 20 35 9 8 17 46 92 54 7 11 42 22 59 85 75 27 29 24 107 55 79 90 23 77 31 19 
0 65 97 18 21 86 63 96 61 87 62 48 72 53 43 38 88 41 30 95 3 13 105 60 6 1 67 71 49 56 58 104 102 26 84 12 28 52 106 108 64 103 100 39 101 74 99 10 15 98 91 16 47 66 80 50 40 89 4 34 76 73 57 14 33 78 36 82 69 2 51 32 5 93 81 94 68 109 83 44 70 45 37 25 20 35 9 8 17 46 92 54 7 11 42 22 59 85 75 27 29 24 107 55 79 90 23 77 31 19 
0 65 97 18 21 86 63 96 61 87 62 48 72 53 43 38 88 49 30 95 3 13 105 60 6 1 67 71 41 56 58 104 102 26 47 12 28 52 106 108 64 103 100 39 101 74 99 10 84 33 14 57 73 76 34 4 89 40 50 80 66 16 91 98 15 78 36 82 69 2 51 32 5 93 81 94 68 109 83 45 37 44 70 25 20 35 9 8 17 46 92 54 7 11 42 22 59 85 75 27 29 24 107 55 79 90 23 77 31 19 
0 65 97 18 21 86 63 96 61 87 62 48 72 53 43 38 88 41 30 95 3 13 105 60 6 1 67 71 49 56 58 104 102 26 47 12 28 52 106 108 64 103 100 39 101 74 99 10 15 98 91 16 66 80 50 40 89 4 34 76 73 51 14 33 84 78 36 82 69 2 57 32 5 93 81 94 68 109 83 45 37 44 70 25 20 35 9 8 17 46 92 54 7 11 42 22 59 85 75 27 29 24 107 55 79 90 23 77 31 19 
0 65 97 18 21 86 63 96 61 87 62 48 72 53 43 38 88 41 30 95 3 13 105 60 6 1 67 71 49 56 58 104 102 26 47 12 28 52 106 108 64 103 100 39 101 74 99 10 15 98 91 16 66 80 50 40 89 4 34 76 73 51 14 33 84 78 36 82 69 2 57 32 5 93 81 94 68 109 83 45 37 44 70 25 20 35 9 8 17 46 92 54 7 11 42 22 59 85 75 27 29 24 107 55 79 90 23 77 31 19 
0 65 97 18 21 86 63 96 61 87 62 48 72 53 43 38 88 41 30 95 3 13 105 60 6 1 67 71 49 56 58 104 102 26 47 12 28 52 106 108 64 103 100 39 101 74 99 10 15 98 91 16 66 80 50 40 89 4 34 76 73 14 33 84 78 36 82 69 2 51 32 5 93 81 94 68 109 83 45 37 44 70 25 20 35 9 8 17 46 92 54 7 11 57 42 22 59 85 75 27 29 24 107 55 79 90 23 77 31 19 
0 65 97 18 21 86 63 96 61 87 62 48 72 53 43 38 88 41 30 95 3 13 105 60 6 1 67 71 49 56 58 104 102 26 47 12 28 52 106 108 64 103 100 39 101 74 99 10 15 98 91 16 66 80 50 40 89 4 34 76 73 57 14 33 84 78 36 82 69 2 51 32 5 93 81 94 68 109 83 45 37 44 70 25 20 35 9 8 17 92 54 7 11 42 22 59 85 75 27 29 24 107 55 79 90 23 77 31 19 46 
0 65 97 18 21 86 63 96 61 87 62 48 72 53 43 38 88 41 30 95 3 13 105 60 6 1 67 71 49 56 58 104 102 26 47 12 28 52 106 108 64 103 100 66 16 91 98 15 10 99 74 101 39 80 50 40 89 4 34 76 73 57 14 33 84 78 36 82 2 51 32 5 93 81 94 68 109 69 83 45 37 44 70 25 20 35 9 8 17 46 92 54 7 11 42 22 59 85 75 27 29 24 107 55 79 90 23 77 31 19 
0 65 97 18 21 86 63 96 61 87 62 48 72 53 43 38 88 41 30 95 3 13 101 39 100 103 64 108 106 52 28 12 47 26 102 104 58 56 49 71 67 1 6 60 105 74 99 10 15 98 91 16 66 80 50 40 89 4 34 76 73 57 14 33 84 78 36 82 69 2 51 32 5 93 81 94 68 109 83 45 37 44 70 25 20 35 9 8 17 46 92 54 7 11 42 22 59 85 75 27 29 24 107 55 79 90 23 77 31 19 
0 65 97 18 21 86 63 96 61 87 62 48 72 53 43 38 88 41 30 95 3 13 105 60 6 1 67 71 49 56 58 104 102 26 47 12 28 52 106 108 64 103 100 39 101 74 99 10 15 98 91 16 66 80 50 40 89 4 34 76 73 57 14 33 84 78 36 82 69 2 51 32 5 93 81 94 68 109 83 45 37 44 70 25 20 35 9 8 17 46 92 54 7 11 42 59 85 22 27 29 24 107 55 79 90 75 23 77 31 19 
0 65 97 18 21 86 63 96 61 87 62 48 72 53 43 38 88 41 30 95 3 13 105 60 6 1 67 71 49 56 58 104 102 26 47 12 28 52 106 108 64 103 100 39 101 74 99 10 15 98 91 16 66 80 50 40 89 4 34 76 73 57 14 33 84 78 36 82 69 2 51 32 5 93 81 94 68 109 83 45 37 44 70 25 8 17 46 92 54 7 11 42 22 59 85 75 27 29 24 107 55 79 20 35 9 31 90 23 77 19 
0 65 97 18 21 86 63 96 61 87 62 48 72 53 43 38 88 41 30 95 3 13 105 60 6 1 67 71 49 40 58 104 102 26 47 12 28 52 106 108 64 103 100 39 101 74 99 10 15 98 91 16 66 80 50 56 89 4 34 76 73 57 14 33 84 78 36 82 69 2 51 32 5 93 81 94 68 109 83 45 37 44 70 25 20 35 9 8 17 46 92 54 7 11 42 22 59 85 75 27 29 24 107 55 79 90 23 77 31 19 
0 65 97 18 21 86 63 96 61 87 62 48 72 53 43 38 88 41 30 95 3 13 105 60 6 1 67 71 49 56 58 104 102 26 47 12 28 52 106 108 64 103 100 39 101 74 99 10 15 98 91 16 66 80 50 40 89 4 34 76 73 57 14 33 84 78 82 69 2 51 32 5 93 81 94 68 109 83 45 37 44 70 25 20 35 9 36 8 17 46 92 54 7 11 42 22 59 85 75 27 29 24 107 55 79 90 23 77 31 19 
0 65 97 18 21 86 63 96 61 87 62 48 72 53 43 38 88 41 30 95 3 13 105 60 6 1 67 71 49 56 58 104 102 26 47 12 28 52 64 108 106 103 100 39 101 74 99 10 15 98 91 16 66 80 50 40 89 4 34 73 76 57 14 33 84 78 36 82 69 2 51 32 5 93 81 94 68 109 83 45 37 44 70 25 92 35 9 8 17 46 20 54 7 11 42 22 59 85 75 27 29 24 107 55 79 90 23 77 31 19 
0 65 97 21 86 63 96 61 87 62 48 72 53 43 38 88 41 30 95 3 13 105 60 6 1 67 71 49 56 58 104 102 26 47 12 28 52 106 108 64 103 100 39 101 74 99 10 15 98 91 16 66 80 50 40 89 4 34 76 73 57 14 33 84 78 36 82 69 2 51 32 5 93 81 94 68 109 83 45 37 18 44 70 25 20 35 9 8 17 46 92 54 7 11 42 22 59 85 75 27 29 24 107 55 79 90 23 77 31 19 
0 65 97 18 21 86 63 96 61 87 62 48 72 53 43 38 88 41 30 95 3 13 105 60 6 1 67 71 49 56 58 104 102 26 47 12 28 52 106 108 64 103 100 39 101 74 99 10 15 98 91 16 66 80 50 40 89 4 34 76 57 14 33 84 78 36 82 69 2 51 32 5 93 81 73 94 68 109 83 45 37 44 70 25 20 35 8 17 46 92 54 7 11 42 22 59 85 75 27 29 24 107 55 9 79 90 23 77 31 19 
0 65 97 18 21 86 63 96 61 87 62 48 72 53 43 38 88 41 30 95 3 13 105 60 6 1 67 71 49 56 58 104 102 26 47 12 28 52 106 108 64 103 100 39 101 74 99 10 15 98 91 16 66 80 50 40 89 4 34 76 73 57 14 33 84 78 36 82 69 2 51 32 5 93 81 94 68 109 83 45 37 44 70 25 20 9 8 17 46 92 54 7 11 85 42 22 59 75 27 29 24 107 55 79 90 23 35 77 31 19 
0 65 97 18 21 86 63 96 61 87 62 48 72 53 43 38 88 41 30 73 57 14 33 84 95 3 13 105 60 6 1 67 71 49 56 58 26 104 102 47 12 28 52 106 108 64 103 100 39 101 74 99 10 15 98 91 16 66 80 50 40 89 4 34 76 78 36 82 69 2 51 32 5 93 81 94 68 109 83 45 37 44 70 25 20 35 9 8 17 46 92 54 7 11 22 59 85 42 75 27 29 24 107 55 79 90 23 77 31 19 
0 65 97 18 21 86 63 96 61 87 62 48 72 53 43 38 88 41 30 95 3 13 105 60 6 1 67 71 49 56 58 104 102 26 47 12 28 52 106 108 64 103 100 39 101 74 99 10 15 98 91 16 66 80 50 40 89 4 34 76 73 57 14 33 84 78 36 82 69 2 51 32 93 81 94 68 5 109 83 45 37 44 70 25 35 9 8 17 46 92 54 7 11 42 22 59 85 75 27 29 24 107 55 79 90 23 77 31 20 19 
0 65 97 18 21 86 63 96 61 87 62 48 72 53 43 38 88 41 95 3 13 105 60 6 1 67 30 71 49 56 58 104 102 26 47 12 28 52 106 108 64 103 100 39 101 74 99 10 15 98 91 16 66 80 50 40 89 4 34 76 73 57 14 33 84 78 36 82 69 2 51 32 5 93 81 94 68 109 83 45 37 44 70 25 20 35 9 8 17 46 92 29 27 75 85 59 24 54 7 11 42 22 107 55 79 90 23 77 31 19 
0 65 97 18 21 86 63 96 61 87 62 103 72 53 43 38 88 41 30 95 3 13 105 60 6 1 67 71 49 56 58 104 102 26 47 12 28 52 106 108 64 48 100 39 101 74 99 10 15 98 91 16 66 80 50 40 89 4 34 76 73 57 14 33 84 78 36 82 69 2 51 32 5 93 81 94 68 109 83 45 37 44 70 25 20 35 9 8 17 46 92 54 7 11 42 22 59 85 75 27 29 24 107 55 79 90 23 77 31 19 
0 65 97 18 21 86 63 96 61 87 62 48 72 53 43 38 88 41 30 95 3 13 105 60 6 1 67 71 12 56 58 104 102 26 47 49 28 52 106 108 64 103 100 39 101 74 99 10 15 98 91 16 66 80 50 40 89 4 34 54 92 46 17 8 9 35 20 25 70 44 37 45 83 109 68 94 81 93 5 32 51 2 69 82 76 73 57 14 33 84 78 36 7 11 42 22 59 85 75 27 29 24 107 55 79 90 23 77 31 19 
0 65 97 18 21 86 63 96 61 87 62 48 72 53 43 38 88 41 30 95 3 13 105 60 6 1 67 71 49 56 58 104 102 26 47 12 28 52 106 108 64 103 100 39 101 74 99 10 15 98 91 16 59 22 42 11 7 54 92 46 17 8 9 35 20 25 70 44 37 45 83 109 68 94 81 93 5 32 51 2 69 82 36 78 84 33 14 57 73 76 34 4 89 40 50 80 66 85 75 27 29 24 107 55 79 90 23 77 31 19 
0 65 97 18 21 86 63 96 87 62 48 72 53 43 38 88 41 30 95 3 13 105 60 6 1 67 71 49 56 58 104 102 26 47 12 28 52 106 108 64 103 100 39 101 74 99 10 15 98 91 16 66 80 50 40 89 4 34 76 73 57 14 33 84 78 36 82 69 2 51 32 5 93 81 94 68 109 83 45 37 44 70 25 20 61 35 9 8 17 46 92 54 7 11 42 22 59 85 75 27 29 24 107 55 79 90 23 77 31 19 
0 65 97 18 21 86 63 96 61 87 62 48 72 53 43 38 88 41 30 95 3 13 105 60 6 1 67 71 49 56 58 104 102 26 47 12 28 52 106 108 64 103 100 39 101 74 99 10 15 98 91 16 66 80 50 40 89 4 34 76 73 57 14 33 84 78 36 82 69 2 51 32 5 93 81 94 68 83 45 37 44 70 25 20 35 9 8 17 46 92 54 7 11 42 22 59 85 75 27 29 24 107 55 79 90 109 23 77 31 19 
0 65 97 18 21 86 63 96 61 87 62 48 72 53 43 38 88 41 30 95 3 13 105 60 6 1 67 71 49 56 58 104 102 26 47 12 28 52 106 108 64 103 100 39 101 74 99 10 15 98 91 16 66 80 50 40 89 4 34 76 73 57 14 33 84 78 36 82 69 2 51 32 5 93 81 94 68 109 83 45 37 44 70 25 20 35 22 8 17 46 92 54 7 11 42 9 59 75 27 29 24 107 55 79 90 23 85 77 31 19 
0 65 97 18 21 86 63 96 61 87 62 48 72 53 43 38 88 41 30 95 3 13 105 60 6 1 67 71 49 56 58 104 102 26 47 12 20 25 70 44 37 45 83 109 68 94 81 93 5 32 51 2 69 82 36 78 84 33 14 57 73 76 34 4 89 40 50 80 66 16 91 98 15 10 99 74 101 39 100 103 64 108 106 52 28 35 9 8 17 46 92 54 7 11 42 22 59 85 75 27 29 24 107 55 79 90 23 77 31 19 
0 65 97 18 21 86 63 96 61 87 62 48 72 53 43 38 88 41 30 95 3 13 105 60 6 1 67 71 49 56 58 104 102 26 47 12 28 52 106 108 64 103 100 80 101 74 99 10 15 98 91 16 66 39 50 40 89 4 34 76 73 57 14 33 84 78 36 82 69 2 51 32 5 93 81 94 68 109 83 45 37 44 70 25 20 35 9 8 17 46 92 54 7 11 42 22 59 85 75 27 29 24 107 55 79 90 23 77 31 19 
0 65 97 18 21 86 63 96 61 87 48 72 53 43 38 78 84 33 14 57 76 73 34 4 89 62 40 50 80 66 16 91 98 15 10 99 74 101 39 100 103 64 108 106 52 28 12 47 102 104 26 58 56 49 71 67 60 6 1 105 13 3 95 30 41 88 36 82 69 2 51 32 5 93 81 94 68 109 83 45 37 44 70 25 20 35 9 8 46 17 92 54 7 11 42 22 59 85 75 27 29 24 107 55 79 90 23 77 31 19 
0 65 97 18 21 86 63 96 61 87 62 48 72 53 43 38 88 41 30 95 3 13 105 60 6 1 67 71 49 56 58 104 102 26 47 12 28 52 106 108 64 103 100 39 101 74 99 10 15 98 91 16 66 80 50 40 89 4 34 76 73 57 14 33 84 78 36 82 2 51 32 5 93 81 94 68 109 83 45 37 44 70 25 20 35 9 8 17 46 92 54 7 11 42 22 59 85 75 27 29 24 107 55 79 69 90 23 77 31 19 
0 65 97 18 21 86 63 96 61 87 62 99 72 53 43 38 88 41 30 95 3 13 105 60 6 1 67 71 49 56 58 26 104 102 47 12 28 52 106 108 64 103 100 39 101 74 48 10 15 98 91 16 66 80 50 40 89 4 34 76 73 57 14 33 84 78 36 82 69 2 51 32 5 93 81 94 68 109 83 45 37 44 70 25 20 35 9 8 17 46 92 54 7 11 42 22 59 85 75 27 29 24 107 55 79 90 23 77 31 19 
0 65 97 18 21 86 63 96 61 87 62 48 72 53 43 38 88 41 30 95 3 13 105 60 6 1 67 71 49 56 58 26 104 102 47 12 28 52 106 108 64 103 100 39 101 74 99 10 15 98 91 16 66 50 40 89 4 34 76 73 57 14 33 84 78 36 82 69 2 51 32 5 93 81 94 68 109 83 45 37 44 70 25 20 35 9 8 17 46 92 54 7 11 42 22 59 85 80 75 27 29 24 107 55 79 90 23 77 31 19 
0 65 97 18 21 86 96 61 87 62 48 72 53 43 38 88 41 30 95 3 13 105 60 6 1 67 71 49 56 58 104 102 26 47 12 28 52 106 108 64 103 100 39 101 74 99 10 15 98 91 16 66 80 50 40 89 4 34 76 73 57 14 33 84 78 36 82 69 2 51 32 5 93 81 94 68 109 83 45 37 44 70 25 20 35 9 8 17 46 92 54 7 11 42 22 59 85 75 27 29 24 107 55 79 90 23 63 77 31 19 
0 65 97 18 21 86 63 96 61 87 62 48 72 53 43 38 88 41 30 95 3 13 105 60 6 1 67 71 49 56 58 104 102 26 47 12 28 52 106 108 64 103 100 39 101 74 99 10 15 98 91 16 66 80 50 40 89 4 34 76 73 57 14 33 84 78 36 82 69 2 51 32 5 93 81 94 68 109 83 45 37 44 70 25 20 35 9 90 17 46 92 54 7 11 42 22 59 85 75 27 29 24 107 55 79 8 23 77 31 19 
0 65 97 18 21 86 63 96 61 87 62 48 44 53 43 38 88 41 30 95 3 13 105 60 6 1 67 71 49 56 58 104 102 26 47 12 28 52 106 108 64 103 100 39 101 74 99 10 15 98 91 16 66 80 50 40 89 4 34 76 73 57 14 33 84 78 36 82 69 2 51 32 5 93 81 94 68 109 83 45 37 72 70 25 20 35 9 8 17 46 92 54 7 11 42 22 59 85 75 27 29 24 107 55 79 90 23 77 31 19 
0 65 97 18 21 86 63 96 61 87 62 48 72 53 43 38 88 41 30 95 3 13 105 60 6 1 67 71 49 56 58 104 102 26 47 12 28 52 106 108 64 103 100 39 101 74 99 10 15 98 91 16 66 80 50 40 89 4 34 76 73 57 14 33 84 78 36 82 69 2 45 32 5 93 81 94 68 109 83 51 37 44 70 25 20 9 8 17 46 92 54 7 11 42 22 59 85 75 27 29 24 107 55 79 90 23 35 77 31 19 
0 65 97 18 21 86 63 96 61 87 62 48 72 53 43 38 88 41 30 95 3 13 105 60 6 1 67 71 49 56 33 84 78 36 82 69 2 51 32 5 93 81 94 68 109 83 45 37 44 25 20 35 9 8 17 46 92 54 34 76 73 57 14 58 104 102 26 47 12 28 52 106 108 64 103 100 39 101 74 99 10 15 98 91 16 66 80 50 40 89 4 70 7 11 42 22 59 85 75 27 29 24 107 55 79 90 23 77 31 19 
0 65 97 18 21 86 63 96 61 87 62 48 72 53 43 38 88 41 30 95 3 13 105 60 6 1 67 71 49 56 58 26 104 102 47 12 28 52 106 108 64 103 100 39 81 93 5 32 51 2 69 82 36 78 84 33 14 57 73 76 34 4 89 40 50 80 66 16 91 98 15 10 99 74 101 94 68 109 83 45 37 44 70 25 20 35 9 8 17 46 92 7 11 42 22 59 85 75 27 29 24 107 55 79 90 23 54 77 31 19 
0 65 97 18 21 86 63 96 61 87 62 48 72 53 43 88 41 30 95 3 13 105 60 6 1 67 71 49 56 58 104 102 26 47 12 28 52 106 108 64 103 100 39 101 74 99 10 15 98 91 16 66 80 50 40 89 4 34 76 73 57 14 33 84 78 36 82 69 2 51 32 5 93 81 94 68 109 83 45 37 44 70 25 20 35 9 8 17 46 92 54 7 11 42 22 59 38 85 75 27 29 24 107 55 79 90 23 77 31 19 
0 65 97 18 21 86 63 96 61 87 62 48 72 53 43 38 88 41 30 95 3 13 105 60 6 1 67 71 49 56 73 104 102 99 74 101 39 100 103 64 108 106 52 28 12 47 26 10 15 98 91 16 66 80 50 40 89 4 34 76 58 57 14 33 84 78 36 82 69 2 51 32 5 93 81 94 68 109 83 45 37 44 70 25 20 35 9 8 17 46 92 54 7 11 42 22 59 85 75 27 29 24 107 55 79 90 23 77 31 19 
0 65 97 18 21 86 63 96 61 87 62 53 72 48 43 38 88 41 95 3 13 105 60 6 1 67 71 49 56 58 104 102 26 47 12 28 52 106 108 64 103 100 39 101 74 99 10 15 98 91 16 66 80 50 40 89 4 34 76 73 57 14 33 84 78 36 82 69 2 30 51 32 5 93 81 94 68 109 83 45 37 44 70 25 20 35 9 8 17 46 92 54 7 11 42 22 59 85 75 27 29 24 107 55 79 90 23 77 31 19 
0 65 97 18 21 86 63 96 61 87 62 48 72 53 43 38 88 41 30 95 3 13 105 60 6 1 67 71 49 56 58 104 102 26 47 12 28 52 106 108 64 103 100 39 101 74 99 10 15 98 91 16 66 80 50 40 89 4 34 76 73 57 14 33 84 78 36 82 69 2 51 32 5 93 81 94 68 109 83 45 37 44 29 25 20 35 9 8 17 46 92 54 7 11 42 22 59 85 75 27 70 24 107 55 79 90 23 77 31 19 
0 65 97 18 21 86 63 96 61 87 62 48 72 53 43 38 88 41 30 95 3 13 105 60 6 1 67 69 82 36 78 84 33 14 57 73 76 34 4 89 40 50 80 66 16 91 98 15 10 99 74 101 39 100 103 64 108 106 52 28 12 47 26 102 104 58 56 49 71 2 51 32 5 93 81 94 68 109 83 11 20 25 70 44 37 9 8 17 46 92 35 54 7 42 22 45 59 85 75 27 29 24 107 55 79 90 23 77 31 19 
0 65 97 18 21 86 63 96 61 87 62 48 72 53 43 38 88 41 30 95 3 13 105 60 6 1 7 54 92 46 17 8 9 35 20 25 70 44 37 45 83 109 68 94 81 93 5 32 51 2 69 82 36 78 84 33 14 57 73 76 34 4 89 40 50 80 66 16 91 98 15 10 99 74 101 39 100 103 64 108 106 52 28 12 67 71 49 56 58 104 102 26 47 11 42 22 59 85 75 27 29 24 107 55 79 90 23 77 31 19 
0 65 97 18 21 86 63 96 61 87 62 48 72 53 43 38 88 41 89 95 3 13 105 60 6 1 67 71 49 56 58 104 102 26 47 12 28 52 106 108 64 103 100 39 101 74 99 10 15 98 91 16 66 80 50 40 30 4 34 76 73 57 14 33 84 78 36 82 69 2 51 32 5 93 81 94 68 109 83 45 37 44 70 25 20 35 9 8 17 46 92 54 7 11 42 22 59 85 75 27 29 24 107 55 79 90 23 77 31 19 
0 65 97 18 21 86 24 29 27 75 85 59 22 42 11 7 54 92 46 17 8 9 35 20 25 70 44 37 45 83 109 68 94 81 93 5 32 51 2 69 82 36 78 84 33 14 57 73 76 34 4 89 40 50 80 66 16 91 98 15 10 99 74 101 39 100 103 64 108 106 52 28 12 47 26 102 104 58 56 49 71 67 1 6 60 105 13 3 95 30 41 88 38 43 53 72 48 62 87 61 96 63 107 55 79 90 23 77 31 19 
0 65 97 18 21 86 63 96 61 87 62 48 72 53 43 38 88 41 30 95 3 13 105 60 6 81 93 5 32 51 2 69 82 36 78 84 33 14 57 73 76 34 4 89 40 50 80 66 16 91 98 15 10 99 74 101 39 100 103 64 108 106 52 28 12 47 26 102 104 58 56 49 71 67 1 68 109 83 45 37 44 70 25 20 35 94 9 8 17 46 92 54 7 11 42 22 59 85 75 27 29 24 107 79 55 90 23 77 31 19 
0 79 97 18 21 86 63 96 61 87 62 48 72 53 43 38 88 41 30 95 3 13 105 60 6 1 67 71 49 56 58 104 102 26 47 12 28 52 106 108 64 103 100 39 101 74 99 10 15 98 91 16 66 80 50 40 89 4 34 76 73 57 14 33 84 78 36 82 69 2 51 32 5 93 81 94 68 109 83 45 29 37 44 70 25 20 35 9 8 17 46 92 54 7 11 42 22 59 85 75 27 24 107 55 65 90 23 77 31 19 
0 65 97 18 21 86 63 96 61 81 93 5 32 51 2 69 82 36 78 84 33 14 57 73 76 34 4 89 40 50 80 66 16 104 58 56 49 71 67 1 6 60 105 13 3 95 30 41 88 38 43 53 72 48 62 87 99 10 15 98 91 102 26 47 12 28 52 106 108 64 103 100 39 101 74 94 68 109 83 45 37 44 70 25 20 35 9 8 17 46 92 54 7 11 42 22 59 85 75 27 29 24 107 55 79 90 23 77 31 19 
0 65 97 18 21 86 63 96 61 87 62 48 72 53 43 38 80 50 40 89 4 34 76 73 57 14 88 41 30 102 3 13 105 60 6 1 67 71 49 56 58 104 95 26 47 12 28 52 106 108 64 103 100 39 101 74 99 10 15 98 91 16 66 33 84 78 36 82 69 2 51 32 5 93 81 94 68 109 83 45 37 44 70 25 20 35 9 8 17 46 92 54 7 11 42 59 85 75 27 29 24 107 22 55 79 90 23 77 31 19 
0 65 97 18 21 86 63 96 61 87 62 48 72 53 43 38 88 41 30 95 3 13 105 60 6 1 67 71 49 56 58 104 102 26 47 12 28 52 106 108 64 103 100 39 101 74 99 10 15 98 16 66 80 50 40 89 4 34 76 73 57 14 33 84 78 36 82 69 2 51 32 5 93 81 94 68 109 83 45 37 44 70 25 20 35 9 8 17 46 92 54 7 11 42 22 59 85 91 75 27 29 24 107 55 79 90 23 77 31 19 
0 65 97 18 21 86 63 96 61 87 62 48 72 53 43 38 88 41 30 95 3 13 89 60 6 1 67 71 49 56 58 104 102 26 47 12 28 52 106 108 64 103 100 39 101 74 99 10 15 98 91 16 66 80 50 40 105 4 34 76 73 57 14 33 84 78 36 82 69 2 51 32 5 93 81 94 68 109 83 45 37 44 70 25 20 35 9 8 17 46 92 54 7 11 42 22 59 85 75 27 29 24 107 55 79 90 23 77 31 19 
0 65 97 18 21 86 63 96 61 87 62 48 72 53 43 38 88 41 30 95 98 13 105 60 6 1 67 71 49 56 58 104 102 26 47 12 28 52 106 108 64 103 100 39 101 74 99 10 15 3 91 16 66 68 80 50 40 89 4 34 76 73 57 14 33 84 78 36 82 69 2 51 32 5 93 81 94 109 83 45 37 44 70 25 20 35 9 8 17 46 92 54 7 11 42 22 59 85 75 27 29 24 107 55 79 90 23 77 31 19 
0 65 97 18 21 86 63 96 61 87 62 48 72 53 43 38 88 41 30 95 3 13 105 20 25 70 44 37 45 83 109 68 94 81 93 5 32 51 2 69 82 36 78 84 33 14 57 73 76 34 4 89 40 50 80 66 16 91 98 15 10 99 74 101 39 100 103 64 108 106 52 28 12 47 26 102 104 58 56 49 71 67 1 6 60 35 9 8 17 46 92 54 7 11 42 22 59 85 75 27 29 24 107 55 79 90 23 77 31 19 
0 65 97 18 21 86 63 96 61 87 62 48 72 53 43 38 88 41 30 95 3 13 105 60 6 1 67 71 49 56 58 104 102 26 47 12 91 50 80 66 16 28 52 106 108 64 103 100 39 101 74 99 68 15 98 40 89 4 34 76 73 57 14 33 84 78 36 82 69 2 51 32 5 93 81 94 10 109 83 45 37 44 70 25 20 35 9 8 17 46 92 54 7 11 42 22 59 85 75 27 29 24 107 55 79 90 23 77 31 19 
0 65 97 18 21 86 63 96 61 87 62 48 72 53 43 38 88 41 30 95 3 13 105 60 6 1 67 71 49 56 58 104 102 26 47 12 28 52 106 108 64 103 100 39 101 74 99 10 15 98 91 16 8 9 35 20 25 70 44 37 45 83 109 68 94 81 93 5 32 51 2 69 82 36 78 84 33 14 57 76 73 34 4 89 40 50 80 66 17 46 92 54 7 11 42 22 59 85 75 27 29 24 107 55 79 90 23 77 31 19 
0 65 97 18 21 86 63 96 61 87 62 48 72 53 43 4 88 41 30 95 3 13 105 60 6 1 67 71 49 56 58 104 102 26 47 12 28 52 106 108 64 103 100 39 101 74 99 10 15 98 91 16 66 80 50 40 89 38 34 76 73 57 14 33 84 78 36 82 69 2 51 32 5 93 81 94 68 109 83 45 37 44 70 25 20 35 9 8 17 46 92 54 7 11 42 22 59 55 79 90 23 77 31 85 75 27 29 24 107 19 
0 65 97 18 21 86 63 96 61 87 62 48 72 53 43 38 88 41 30 95 3 13 105 60 6 1 67 71 49 56 58 104 102 26 47 12 28 52 106 108 64 103 100 39 101 74 99 10 15 98 91 16 66 80 50 40 89 4 34 22 73 57 14 33 84 78 36 82 69 2 51 32 5 93 81 94 68 109 83 45 37 44 70 25 20 35 9 8 46 17 92 54 7 11 42 76 59 85 75 27 29 24 107 55 79 90 23 77 31 19 
0 65 97 18 21 86 63 96 61 87 62 48 72 53 43 38 88 41 30 95 3 13 105 60 6 1 67 71 49 56 58 104 26 102 47 12 28 52 106 108 64 103 100 39 101 74 99 10 15 98 91 16 66 80 50 40 89 4 34 76 73 57 14 42 84 78 36 82 69 2 51 32 5 93 81 94 68 109 83 45 37 44 70 25 20 35 9 8 17 46 92 54 7 11 33 22 59 85 75 27 29 24 107 55 79 90 23 77 31 19 
0 65 97 18 21 86 63 96 61 87 62 48 72 53 43 38 88 41 30 95 3 13 105 60 6 1 67 71 49 56 58 104 102 26 47 12 28 52 106 108 64 91 50 80 66 16 98 15 103 99 74 101 39 100 10 40 89 4 34 73 76 57 14 33 84 78 36 82 69 2 51 32 5 93 81 94 68 109 45 37 44 70 25 20 35 9 8 46 17 92 54 7 11 42 22 59 85 75 27 83 29 24 107 55 79 90 23 77 31 19 
0 65 97 18 21 86 63 96 61 87 62 48 72 53 43 38 88 41 30 95 3 13 105 60 6 1 67 71 49 56 58 104 102 26 47 12 28 52 106 108 64 103 100 39 101 74 99 107 24 29 27 75 85 59 22 42 11 7 54 92 46 17 8 9 35 20 25 70 44 37 45 83 109 68 94 81 93 5 32 51 2 69 82 36 78 84 33 14 57 73 76 34 4 89 40 50 80 66 16 91 98 15 10 55 79 90 23 77 31 19 
0 65 97 18 21 86 63 96 61 87 62 48 72 53 43 38 88 41 30 95 3 13 105 60 6 1 67 71 49 56 58 104 102 26 47 12 28 52 106 107 24 29 27 75 85 59 22 42 11 7 54 92 46 17 8 9 35 20 25 70 44 37 45 83 109 68 94 81 93 5 32 51 2 69 82 36 78 84 33 14 57 73 76 34 4 89 40 50 80 66 16 91 98 15 10 99 74 101 39 100 103 64 108 55 79 90 23 77 31 19 
0 65 97 18 21 86 63 96 61 87 62 48 72 53 43 38 88 41 30 95 3 13 105 60 6 1 67 71 56 58 26 104 102 47 12 28 52 106 108 64 103 100 39 101 74 94 10 15 98 49 91 16 66 80 50 40 89 4 34 76 73 57 14 33 84 78 36 82 69 2 51 44 5 93 81 99 68 109 83 45 37 32 70 25 20 35 9 8 17 46 92 54 7 11 42 22 59 85 75 27 29 24 107 55 79 90 23 77 31 19 
0 65 97 18 21 86 63 96 61 87 62 48 72 53 43 38 69 41 30 95 3 13 105 60 6 1 67 71 49 56 58 26 104 102 47 12 28 52 106 108 64 103 100 39 101 74 99 10 15 98 91 16 66 80 50 40 89 4 34 76 73 57 14 33 84 78 36 82 88 2 51 32 5 93 81 94 68 109 83 45 37 44 70 25 20 35 9 8 17 46 92 54 7 11 42 22 59 85 75 27 29 24 107 55 79 90 23 77 31 19 
0 65 97 18 21 86 63 96 61 87 62 48 72 53 43 38 88 41 30 95 3 13 105 60 6 1 67 71 49 56 58 104 102 26 47 12 28 52 106 108 64 103 100 39 101 74 99 10 15 98 91 11 35 20 25 70 44 37 83 109 68 94 81 93 5 32 51 2 69 82 36 78 84 33 14 57 73 76 34 16 66 80 50 40 89 4 45 9 8 7 54 92 46 17 42 22 59 85 75 27 29 24 107 55 79 90 23 77 31 19 
0 94 81 93 5 32 51 2 69 82 36 78 84 33 14 57 73 76 34 4 89 40 50 80 12 66 16 91 98 15 10 99 74 101 39 100 103 64 108 106 52 28 68 47 26 102 104 58 56 49 71 67 1 6 60 105 13 3 95 30 41 88 38 43 53 72 48 62 87 61 96 63 86 21 18 97 65 109 83 45 37 44 70 25 20 35 9 8 17 46 92 54 7 11 42 22 59 85 75 27 29 24 107 55 79 90 23 77 31 19 
0 65 97 18 21 86 63 96 61 52 106 108 64 103 100 38 88 41 30 95 3 13 105 60 6 1 67 71 49 56 58 104 102 26 47 12 28 87 62 48 72 53 43 39 101 74 99 10 15 98 91 16 66 80 50 40 89 4 34 76 73 57 14 33 84 78 36 82 69 2 51 32 5 93 81 94 68 109 83 45 37 44 70 25 20 35 9 8 17 46 92 54 7 11 42 22 59 85 75 27 29 24 107 55 79 90 23 77 31 19 
0 65 97 18 21 86 63 96 61 87 62 48 72 53 99 38 88 41 30 95 3 13 105 60 6 1 67 71 49 56 104 102 26 47 12 28 52 106 108 64 103 58 100 39 101 74 43 10 15 98 91 16 66 80 50 40 89 4 34 76 73 57 14 33 84 78 36 82 69 2 51 32 5 93 81 94 68 109 83 45 37 44 70 25 20 35 9 8 17 46 92 54 7 11 42 22 59 85 75 27 29 24 107 55 79 90 23 77 31 19 
0 65 97 18 21 86 63 96 61 87 62 48 72 53 43 38 88 41 30 95 3 13 105 60 33 84 78 36 82 69 2 51 32 5 93 81 94 68 109 83 45 37 44 70 25 20 99 10 15 98 91 16 66 80 50 12 47 102 104 26 58 56 49 71 67 1 6 14 57 73 76 34 4 89 40 28 52 106 108 64 103 100 39 101 74 35 9 8 17 46 92 54 7 11 42 22 59 85 75 27 29 24 107 55 79 90 23 77 31 19 
0 65 97 18 21 86 63 96 61 87 62 48 72 53 43 38 88 41 30 95 3 13 105 60 6 1 67 71 49 56 58 104 102 26 47 12 28 52 106 108 64 103 100 39 101 74 99 10 15 98 91 16 66 80 50 8 17 46 92 54 7 11 42 22 59 85 75 27 29 24 107 55 79 93 81 94 68 109 83 45 37 44 70 25 40 89 4 34 76 73 57 14 33 84 78 36 82 69 2 51 32 5 20 35 9 90 23 77 31 19 
0 65 97 18 21 86 63 96 61 87 62 48 72 53 43 38 88 41 30 95 3 13 105 60 6 1 67 71 49 56 58 104 102 26 47 12 28 52 106 108 64 103 100 39 101 74 99 10 15 98 91 16 66 80 50 40 89 4 34 76 25 20 35 9 84 78 36 82 69 2 51 32 5 93 81 94 68 109 83 45 37 44 70 73 57 14 33 8 17 46 92 54 7 11 42 22 59 85 75 27 29 24 107 55 79 90 23 77 31 19 
0 65 97 18 21 86 63 96 61 87 62 48 72 53 43 38 88 41 30 95 3 13 105 60 6 1 67 71 49 56 58 104 102 26 47 12 28 52 106 108 64 103 7 39 101 74 99 10 15 98 91 16 66 80 50 40 89 4 34 76 73 57 14 33 84 78 36 82 69 2 51 32 5 93 81 94 68 109 83 45 37 44 70 25 20 35 9 8 17 46 92 54 100 11 42 22 59 85 75 27 29 24 107 55 79 90 23 77 31 19 
0 65 97 18 21 86 63 96 95 30 41 88 38 43 53 72 48 62 87 61 3 13 105 60 6 1 67 71 49 56 58 104 102 26 47 12 28 52 106 108 64 103 100 39 101 74 99 10 15 98 91 16 66 80 50 40 89 4 76 73 57 14 33 84 78 36 82 69 2 51 32 5 93 81 94 68 109 83 45 37 44 70 25 20 35 9 8 17 46 92 54 7 11 42 34 22 59 85 75 27 29 24 107 55 79 90 23 77 31 19 
0 65 97 18 21 86 63 96 61 87 62 48 72 53 43 38 88 41 30 95 3 13 105 60 6 1 67 71 49 58 104 102 26 47 12 28 52 106 108 64 103 100 39 101 74 99 10 15 98 91 16 66 80 50 40 89 4 34 76 73 57 14 33 84 78 36 82 69 2 51 32 5 93 81 94 68 109 83 45 37 44 70 25 20 35 9 8 17 46 92 56 54 7 11 42 22 59 85 75 27 29 24 107 55 79 90 23 77 31 19 
0 65 97 18 21 86 63 96 61 87 62 48 72 53 43 38 88 41 30 95 3 13 105 60 73 57 14 33 84 78 36 82 69 2 51 32 5 93 81 94 68 109 83 45 37 44 70 25 20 35 9 8 17 46 92 54 7 11 42 22 59 85 75 27 76 6 1 67 71 49 56 58 104 102 26 47 12 28 52 106 108 64 103 100 39 101 74 99 10 15 98 91 16 66 80 50 40 89 4 34 29 24 107 55 79 90 23 77 31 19 
0 65 97 18 21 86 63 96 61 87 62 48 72 53 43 38 88 41 30 95 3 13 105 60 6 1 67 71 49 56 58 104 102 26 47 12 28 52 5 93 81 94 68 109 83 45 37 44 70 25 20 35 9 8 17 46 92 54 7 11 42 22 14 33 84 78 36 82 69 2 51 32 106 108 64 34 4 89 40 50 80 66 16 91 98 15 10 99 74 101 39 100 103 76 73 57 59 85 75 27 29 24 107 55 79 90 23 77 31 19 
0 65 97 18 21 73 63 96 61 87 62 48 72 53 43 38 88 41 30 95 3 13 105 60 6 1 67 71 49 56 58 104 102 26 47 12 28 52 106 108 64 103 100 39 101 74 99 10 15 98 91 16 66 80 50 40 89 4 34 76 86 57 14 33 84 78 36 82 69 2 51 32 5 93 81 94 68 109 83 45 37 44 70 25 20 35 9 8 17 46 92 54 7 11 42 22 59 85 75 27 29 24 107 55 79 90 23 77 31 19 
0 65 97 18 21 86 63 96 61 87 62 48 72 53 43 38 88 41 30 95 3 13 105 60 6 1 67 71 49 56 58 26 104 102 47 12 28 52 106 108 64 103 100 39 101 74 99 10 15 98 91 16 66 80 50 40 89 4 34 76 73 57 14 33 84 78 36 82 69 2 51 32 5 93 81 94 68 109 46 45 37 44 70 25 20 35 9 8 17 83 92 54 7 11 42 22 59 85 75 27 29 24 107 55 79 90 23 77 31 19 
0 65 97 18 21 86 63 61 96 87 62 48 72 53 43 38 88 8 9 35 20 25 70 44 37 45 83 109 68 94 81 93 5 32 51 2 69 82 36 78 84 33 14 57 76 73 34 4 89 40 50 80 41 30 95 3 13 105 60 6 1 67 71 49 56 58 104 102 26 47 12 28 52 106 108 64 103 100 39 101 74 99 10 15 98 91 16 66 17 46 92 54 7 11 42 22 59 85 75 27 29 24 107 55 79 90 23 77 31 19 
0 65 97 18 21 86 63 96 61 26 62 48 72 53 43 38 88 41 30 95 3 13 105 60 6 1 67 71 49 56 58 104 102 87 47 12 28 52 106 108 64 103 100 39 101 74 99 10 15 98 91 16 66 80 50 40 89 4 34 76 73 57 14 33 84 78 36 82 69 2 51 32 5 93 81 94 68 109 83 45 37 44 70 25 20 35 9 8 17 46 92 54 7 11 42 22 59 85 75 27 29 24 107 55 79 90 23 77 31 19 
0 65 97 18 21 86 63 96 61 87 62 48 72 53 43 38 88 41 30 95 3 13 105 60 6 1 67 71 49 56 50 40 89 4 34 99 73 57 106 108 64 103 100 39 101 74 76 10 15 98 91 16 66 80 58 104 102 26 47 12 28 52 14 33 84 78 36 82 69 2 51 32 5 93 81 94 109 83 45 37 44 70 25 20 35 9 8 17 46 92 54 7 11 42 22 59 85 68 75 27 29 24 107 55 79 90 23 77 31 19 
0 65 97 18 21 86 63 96 61 87 62 66 72 53 43 38 88 48 16 91 98 15 10 99 74 101 39 100 103 64 108 106 52 28 12 47 26 102 104 58 56 49 71 67 1 6 60 105 13 3 95 30 41 80 50 40 89 4 34 76 73 57 14 33 84 78 36 82 69 2 51 32 93 81 94 68 109 83 45 37 44 70 25 20 35 9 8 17 46 92 54 7 11 42 22 59 85 75 27 29 24 107 55 79 90 23 77 31 5 19 
0 65 97 18 21 86 63 96 61 87 89 40 50 80 66 16 91 98 15 10 99 74 101 39 100 1 67 71 49 56 58 104 34 4 62 48 72 53 43 38 88 41 30 95 3 13 105 60 6 103 64 108 106 52 28 12 47 26 102 76 73 57 14 33 84 78 36 82 69 2 51 32 5 93 81 94 68 109 83 45 37 44 70 25 20 35 9 8 17 46 92 54 7 11 42 22 59 85 75 27 29 24 107 55 79 90 23 77 31 19 
0 65 97 81 93 5 32 51 2 59 82 36 78 84 33 14 57 73 76 34 4 89 40 50 80 18 21 86 63 96 61 87 62 48 72 53 43 38 88 41 30 95 3 13 105 60 6 1 67 71 49 56 58 104 102 26 47 12 28 52 106 108 64 103 100 39 101 74 99 10 15 98 91 16 66 94 68 109 83 45 37 44 70 25 20 35 9 8 17 46 92 54 7 11 42 22 69 85 75 27 29 24 107 55 79 90 23 77 31 19 
0 65 97 18 21 86 63 96 61 87 62 48 72 53 43 38 88 41 30 95 3 13 105 60 6 1 67 71 49 56 58 104 102 26 47 12 28 52 106 108 64 103 100 39 101 74 99 10 15 98 91 16 66 80 50 40 89 4 34 76 73 57 14 33 84 78 36 82 69 2 51 32 5 93 81 94 68 109 83 45 37 44 25 20 35 9 8 17 46 92 54 7 11 42 22 79 85 75 27 29 24 107 55 59 90 70 23 77 31 19 
0 65 97 18 21 86 63 96 61 87 62 48 72 53 43 38 88 41 30 95 3 13 105 6 1 67 71 49 56 58 104 102 26 47 12 28 52 106 108 64 103 100 39 101 74 99 10 15 98 91 16 66 80 50 40 89 4 34 76 73 57 14 33 84 78 36 82 69 2 51 32 5 93 81 94 68 109 83 45 37 44 70 25 20 35 9 8 17 46 92 54 7 11 42 22 59 85 75 27 29 60 24 107 55 79 90 23 77 31 19 
0 65 97 18 21 86 63 96 61 87 62 48 72 53 43 38 88 41 30 95 3 13 105 60 6 1 67 71 49 56 58 26 102 47 12 28 52 106 108 64 103 100 39 101 74 99 10 15 98 91 16 66 80 50 40 89 4 34 73 76 57 14 33 84 78 36 82 69 2 51 32 5 93 81 94 68 109 83 45 37 44 70 25 20 35 9 8 17 46 92 54 7 11 42 22 59 85 75 27 29 24 107 104 55 79 90 23 77 31 19 
0 65 97 18 21 86 63 96 61 108 62 87 48 72 53 43 38 88 41 30 95 3 13 105 60 6 1 67 71 49 56 58 104 102 26 47 12 28 52 106 64 103 100 39 101 74 99 10 15 98 91 16 66 80 50 40 89 4 34 76 73 109 14 33 78 36 82 69 2 51 32 84 5 93 81 94 68 57 83 45 37 44 70 25 20 35 9 8 46 17 92 54 7 11 42 22 59 85 75 27 29 24 107 55 79 90 23 77 31 19 
0 65 97 18 21 34 76 73 57 14 33 84 78 36 82 69 2 51 32 5 93 81 94 68 109 83 45 37 44 70 25 20 35 9 8 17 46 92 54 7 11 42 22 59 85 75 27 29 24 107 55 79 90 23 77 31 19 4 86 63 96 61 87 62 48 72 53 43 38 88 41 30 95 3 13 105 60 6 1 67 71 49 56 58 104 102 26 47 12 28 52 106 108 64 103 100 39 101 74 99 10 15 98 91 16 66 80 50 40 89 
0 65 97 18 21 34 76 73 57 14 33 84 78 36 82 69 2 51 32 5 93 81 94 68 109 83 45 37 44 70 25 20 35 9 8 17 46 92 54 7 11 42 22 59 85 75 27 29 24 107 55 79 90 23 77 31 19 4 86 63 96 61 87 62 48 72 53 43 38 88 41 30 95 3 13 105 60 6 1 67 71 49 56 58 104 102 26 47 12 28 52 106 108 64 103 100 39 101 74 99 10 15 98 91 16 66 80 50 40 89 
0 108 106 52 28 12 47 26 102 104 58 56 49 71 67 1 6 60 105 13 3 95 30 41 88 38 43 53 72 48 62 87 61 96 63 86 21 18 97 65 64 103 100 39 101 74 99 10 15 98 91 16 66 80 50 40 89 4 68 109 83 37 44 70 25 20 35 9 8 17 46 92 54 7 11 94 34 76 73 57 14 33 84 78 36 82 69 2 51 32 5 93 81 42 22 45 59 85 75 27 29 24 107 55 79 90 23 77 31 19 
0 65 97 18 21 16 91 98 15 10 99 74 101 39 100 103 64 108 106 52 28 12 47 26 102 104 58 56 49 71 67 1 6 60 105 13 3 95 30 41 88 38 43 53 72 48 87 61 96 63 86 66 80 50 40 89 4 34 76 73 57 14 33 84 78 36 82 69 2 51 32 5 93 81 94 68 109 83 45 37 44 70 25 20 35 9 8 17 46 92 54 7 62 11 42 22 59 85 75 27 29 24 107 55 79 90 23 77 31 19 
0 65 97 18 21 86 63 96 61 87 62 48 72 53 43 38 88 41 30 95 3 13 7 54 92 46 105 60 6 1 67 71 49 56 58 26 104 102 47 12 28 52 106 108 64 103 100 39 101 74 99 10 15 98 91 16 66 80 50 40 89 4 34 76 73 57 14 33 84 78 36 82 69 2 51 32 5 93 81 94 68 109 83 45 37 44 70 25 20 35 9 8 17 11 42 22 59 85 75 27 29 24 107 55 79 90 23 77 31 19 
0 65 97 50 21 86 63 96 61 87 62 48 72 53 43 38 88 41 30 95 3 13 105 60 6 1 67 71 49 56 58 26 104 102 47 12 28 52 106 108 64 103 100 39 101 74 99 10 15 98 91 16 66 80 18 40 89 4 34 76 73 57 14 33 84 78 36 82 69 2 51 32 5 93 81 94 68 109 83 45 37 44 70 25 20 35 9 8 17 46 92 54 7 11 42 22 85 75 27 29 24 107 55 79 90 23 77 59 31 19 
0 65 97 18 21 86 63 96 61 87 62 48 72 53 43 38 88 41 30 95 93 5 32 51 2 69 82 36 78 84 33 14 57 73 34 4 89 40 50 80 66 16 91 98 15 10 99 74 101 39 100 103 64 108 106 52 28 12 47 26 102 104 58 56 49 71 67 1 6 60 105 13 3 81 94 68 109 83 45 37 44 70 25 20 35 76 9 8 17 46 92 54 7 11 42 22 59 85 75 27 29 24 107 55 79 90 23 77 31 19 
0 65 97 18 21 86 63 96 61 87 62 48 72 53 43 38 88 41 30 95 3 13 105 60 6 1 67 71 49 56 58 26 104 102 47 12 28 52 106 108 64 103 100 39 101 74 99 10 15 98 91 16 66 80 50 40 89 4 34 76 73 57 14 46 33 84 78 36 82 69 2 51 32 5 93 81 94 68 109 83 45 37 44 70 25 27 35 9 8 17 92 54 7 11 42 22 59 85 75 20 29 24 107 55 79 90 23 77 31 19 
0 65 97 18 21 86 63 96 61 87 62 48 72 53 43 38 88 41 30 95 3 13 105 60 6 1 67 71 49 56 58 104 102 26 47 12 28 52 106 108 64 103 100 39 101 74 99 10 15 98 91 16 66 80 50 40 89 4 34 76 73 57 14 33 84 78 36 82 69 2 51 55 107 24 29 27 75 85 59 22 42 11 68 54 92 46 17 8 9 35 20 25 70 44 37 45 83 109 7 94 81 93 5 32 79 90 23 77 31 19 
0 65 97 18 21 86 63 96 61 87 62 48 72 53 43 38 88 41 30 95 3 13 105 60 6 1 67 71 49 56 58 104 102 26 47 12 28 52 106 108 64 103 100 39 101 74 99 10 15 98 91 16 66 80 50 40 89 4 34 76 73 57 14 33 84 78 36 82 69 2 51 77 5 93 81 94 68 109 83 45 37 44 70 25 20 35 9 8 17 46 92 54 7 11 42 22 59 85 75 27 29 24 107 55 79 90 23 32 31 19 
0 65 97 18 21 86 59 96 61 87 62 48 72 53 43 38 88 41 30 95 3 13 105 60 6 1 67 71 49 56 58 104 102 26 47 12 28 52 106 108 64 103 100 39 101 74 99 10 15 98 91 16 66 80 50 40 89 4 34 76 73 57 14 33 84 78 36 82 69 2 51 32 5 93 81 94 68 109 83 45 37 44 70 25 20 35 8 17 46 92 54 7 11 9 42 22 63 85 75 27 29 24 107 55 79 90 23 77 31 19 
0 65 97 18 15 98 91 16 66 80 50 40 89 4 34 76 73 57 14 33 84 78 36 82 69 2 51 32 5 93 81 94 68 109 47 12 28 52 106 108 64 103 100 39 101 74 99 10 21 86 63 96 61 87 62 48 72 53 43 38 88 41 30 95 3 13 105 60 6 1 67 71 49 56 58 104 102 26 83 45 37 44 70 25 20 35 9 8 17 46 92 54 7 11 42 22 59 85 75 27 29 24 107 55 79 90 23 77 31 19 
0 65 97 18 21 86 63 96 61 87 62 48 72 53 43 38 88 41 30 95 3 13 105 60 6 1 67 71 49 56 58 26 104 102 47 12 28 52 106 108 64 103 100 39 101 74 99 10 15 98 91 16 66 80 40 89 4 34 76 73 57 14 33 84 78 36 50 82 69 2 51 32 5 90 81 94 68 109 83 45 37 44 70 25 20 35 9 8 17 46 92 54 7 11 42 22 59 85 75 27 29 24 107 55 79 93 23 77 31 19 
0 65 97 18 21 86 63 96 61 87 62 48 72 53 43 38 88 41 30 95 3 13 7 54 92 46 105 60 6 1 67 71 49 56 58 26 104 102 47 12 28 52 106 108 64 103 100 39 101 74 99 10 15 98 91 16 66 80 50 40 89 4 34 76 73 57 14 33 84 78 36 82 69 51 32 5 93 81 94 68 2 109 83 45 37 44 70 25 20 35 9 8 17 11 42 22 59 85 75 27 29 24 107 55 79 90 23 77 31 19 
0 65 97 18 21 86 63 96 61 87 62 48 72 53 43 38 82 69 2 51 32 5 93 94 68 109 83 45 37 44 70 88 41 30 95 3 13 105 60 6 1 67 71 49 56 58 104 102 26 47 12 39 52 106 108 64 103 100 28 101 74 99 10 15 98 91 16 66 80 50 40 89 4 34 76 73 57 14 33 84 78 36 81 25 20 35 9 8 17 46 92 54 7 11 42 22 59 85 75 27 29 24 107 55 79 90 23 77 31 19 
0 65 97 18 94 86 63 96 61 87 62 48 72 53 43 38 88 41 30 95 3 13 105 60 6 1 67 71 49 56 58 104 102 26 47 12 28 52 106 108 64 103 100 39 101 74 99 10 15 98 91 16 66 80 50 40 89 4 34 76 73 57 14 33 84 78 36 82 69 2 51 32 5 93 81 21 68 109 83 35 20 25 70 44 37 45 9 8 17 46 92 54 7 11 42 22 59 85 75 27 29 24 107 55 79 90 23 77 31 19 
0 65 97 18 21 86 63 96 61 87 62 48 72 53 43 38 88 41 30 95 3 13 105 60 6 1 67 71 49 56 58 104 102 26 12 28 52 106 108 64 103 100 39 101 74 99 10 47 15 98 91 16 44 70 25 20 35 9 8 17 46 92 54 7 11 42 22 59 85 75 27 29 24 107 81 94 68 109 83 45 37 66 80 50 93 5 32 51 2 69 82 36 78 84 33 14 57 73 76 34 4 89 40 55 79 90 23 77 31 19 
0 65 97 18 21 104 63 96 61 87 62 48 72 53 43 38 88 41 30 95 3 13 105 60 6 1 67 71 49 56 58 26 86 102 47 12 28 52 106 108 64 103 100 39 101 74 99 10 15 98 91 16 66 80 50 40 89 4 34 76 73 57 14 33 84 78 36 82 69 2 51 32 5 93 81 94 68 109 83 45 37 44 70 25 20 35 9 8 17 46 92 54 7 11 42 22 59 85 75 27 29 24 107 55 79 90 23 77 31 19 
0 65 97 18 21 14 33 84 78 36 82 69 2 51 32 5 93 81 94 68 109 83 45 37 44 70 25 20 35 9 8 17 46 92 54 7 11 42 22 59 85 75 27 39 101 74 99 10 15 98 91 16 66 80 50 40 89 4 34 76 73 57 86 63 96 61 87 62 48 72 53 43 38 88 41 30 95 3 13 105 60 6 1 67 71 49 56 58 104 102 26 47 12 28 52 106 108 64 103 100 29 24 107 55 79 90 23 77 31 19 
0 65 97 18 21 86 63 96 61 42 62 48 72 53 43 38 88 41 30 95 3 13 105 60 6 1 67 71 49 56 58 104 102 26 47 12 28 52 106 108 64 103 100 39 101 74 99 10 15 98 91 16 66 80 50 40 89 4 34 76 73 57 14 33 84 78 36 82 20 25 70 44 37 45 83 109 68 94 81 93 5 32 51 2 69 35 9 8 17 46 92 54 7 11 87 22 59 85 75 27 29 24 107 55 79 90 23 77 31 19 
0 65 97 18 21 86 98 96 61 87 62 48 72 53 43 38 88 41 30 95 3 13 105 60 6 1 67 71 49 56 58 26 104 102 47 12 28 52 106 108 64 103 100 39 101 74 99 10 15 63 91 16 66 80 50 40 89 4 34 73 76 57 14 33 84 78 36 82 69 2 51 32 5 93 81 94 68 109 83 45 37 44 70 25 20 35 9 8 17 46 92 54 7 11 42 22 59 85 75 27 29 24 107 55 79 90 23 77 31 19 
0 65 97 57 76 73 34 4 89 40 50 80 66 16 91 98 62 87 61 96 63 86 21 18 14 33 84 78 36 82 69 2 51 32 5 12 28 52 106 108 64 103 100 39 101 74 99 10 15 48 72 53 43 38 88 41 30 95 3 13 105 60 6 1 67 71 49 56 58 104 102 26 47 93 81 94 68 109 83 45 37 44 70 25 20 35 9 8 17 46 92 54 7 11 42 22 59 85 75 27 29 24 107 55 79 90 23 77 31 19 
0 65 97 18 21 86 34 76 73 57 14 33 84 78 36 82 69 2 51 32 5 93 81 94 68 109 83 45 37 44 70 25 20 35 9 8 17 46 92 54 7 11 42 22 59 85 75 27 29 24 107 55 66 80 50 40 89 4 87 96 61 63 62 48 72 53 43 38 88 41 30 95 3 13 105 60 6 1 67 71 49 56 58 104 102 26 47 12 28 52 106 108 64 103 100 39 101 74 99 10 15 98 91 16 79 90 23 77 31 19 
0 65 97 18 21 86 63 96 61 87 62 48 72 53 43 38 88 41 30 95 3 13 105 32 5 93 81 94 68 109 83 45 37 44 70 25 20 35 9 8 17 46 92 54 7 11 42 22 59 85 75 27 29 24 107 55 79 90 23 76 73 57 14 33 84 78 36 82 69 2 51 60 6 1 67 71 12 47 26 102 104 58 56 49 28 52 106 108 64 103 100 39 101 74 99 10 15 98 91 16 66 80 50 40 89 4 34 77 31 19 
0 65 97 76 73 57 14 33 84 78 36 82 69 2 51 32 5 93 81 94 68 109 83 45 37 44 70 25 20 35 9 8 17 46 92 54 7 11 42 22 59 85 75 27 29 24 107 55 79 98 91 16 66 80 50 40 89 4 34 18 21 86 63 96 61 87 62 48 72 53 43 38 88 41 30 95 3 13 105 60 6 1 67 71 49 56 58 104 102 26 47 12 28 52 106 108 64 103 100 39 101 74 99 10 15 90 23 77 31 19 
0 65 97 18 21 86 63 96 61 87 62 48 72 53 43 38 88 41 30 95 3 13 105 60 6 1 67 71 49 56 58 104 102 26 47 12 28 52 106 108 64 103 100 39 101 74 99 10 15 98 91 16 66 80 50 46 89 4 34 76 73 57 14 33 84 78 36 82 69 2 51 32 5 93 81 94 68 109 83 45 37 44 70 25 20 35 9 8 17 40 92 54 7 11 42 22 59 85 75 27 29 24 107 55 79 90 23 77 31 19 
0 65 104 26 58 56 49 71 94 81 93 5 32 51 2 69 82 36 78 84 33 14 57 73 76 34 4 89 40 50 80 66 16 91 98 15 10 99 74 101 39 100 103 64 108 106 52 28 12 47 102 97 18 21 86 63 96 61 87 62 48 72 53 43 38 88 30 95 3 13 105 60 6 1 41 67 68 109 83 45 37 44 70 25 20 35 9 8 17 46 92 54 7 11 42 22 59 85 75 27 29 24 107 55 79 90 23 77 31 19 
0 65 97 18 21 86 63 96 61 87 62 48 72 53 43 38 88 41 30 95 3 13 105 60 6 1 67 71 49 56 58 104 102 26 12 28 52 106 108 64 103 100 39 101 74 99 10 47 15 98 91 16 44 70 25 20 35 9 8 17 46 92 54 7 11 42 22 59 85 75 27 29 24 107 81 94 68 109 83 45 37 66 80 93 5 32 51 2 69 82 36 78 84 33 14 57 73 76 34 4 89 40 50 55 79 90 23 77 31 19 
0 65 97 18 21 86 63 96 61 87 62 48 72 53 43 38 88 41 30 52 28 12 47 26 102 95 27 75 85 59 22 42 11 7 54 92 46 17 8 9 35 20 25 70 44 37 45 83 109 68 94 81 93 5 32 51 2 69 82 36 78 84 33 14 57 73 76 34 4 89 40 50 80 66 16 91 98 15 10 99 74 101 39 100 103 64 108 106 104 58 56 49 71 67 1 6 60 105 13 3 29 24 107 55 79 90 23 77 31 19 
0 65 97 18 21 105 63 96 61 87 62 48 72 53 43 38 88 41 30 95 3 13 86 60 6 1 67 71 49 56 58 104 102 26 47 12 28 52 106 108 64 103 100 39 101 74 99 10 15 98 91 16 66 80 50 40 89 4 109 68 94 81 93 5 32 51 2 69 82 36 78 84 34 76 73 57 14 33 83 45 37 44 70 25 20 35 9 8 17 46 92 54 7 11 42 22 59 85 75 27 29 24 107 55 79 90 23 77 31 19 
0 65 97 18 21 86 63 96 61 87 62 48 72 53 43 38 88 41 30 95 3 13 105 60 6 69 2 51 32 5 93 81 94 68 109 83 45 37 44 70 25 20 35 9 8 17 46 92 54 7 11 42 22 59 50 80 66 16 91 98 15 10 99 74 101 39 100 103 64 108 106 52 28 12 47 26 102 104 58 56 49 71 67 1 82 36 78 77 23 90 79 55 107 24 29 27 75 85 40 89 4 34 76 73 57 14 33 84 31 19 
0 65 97 18 21 86 63 96 61 87 62 48 72 53 43 38 88 41 30 95 3 13 105 60 6 1 67 100 103 64 108 106 52 28 12 47 26 102 104 58 56 49 71 39 101 74 99 10 15 7 54 92 46 98 91 66 80 50 40 89 4 34 16 76 73 57 14 33 84 78 36 82 69 2 51 32 5 93 81 94 68 109 83 45 37 44 70 25 20 35 9 8 17 11 42 22 59 85 75 27 29 24 107 55 79 90 23 77 31 19 
0 65 97 18 21 86 63 96 61 87 62 48 72 53 43 38 88 41 30 95 3 13 105 60 6 1 67 71 49 56 58 82 69 2 51 32 5 93 94 68 109 83 45 37 44 70 25 20 35 9 8 17 46 92 54 7 11 42 22 59 85 75 27 29 24 107 55 80 50 40 89 4 34 76 73 57 14 33 84 78 36 26 104 102 47 12 28 52 106 108 64 103 100 39 101 74 99 81 10 15 98 91 16 66 79 90 23 77 31 19 
0 65 97 18 21 42 11 68 54 92 46 17 8 9 35 20 25 70 44 37 45 83 109 7 94 81 93 5 32 51 2 69 82 36 78 84 33 14 57 73 76 34 4 89 40 50 80 66 16 91 98 15 10 99 74 101 39 100 103 64 108 106 52 28 12 47 102 104 26 58 56 49 71 67 6 60 105 13 3 95 30 1 41 86 63 96 61 87 62 48 72 53 43 38 88 22 59 85 75 27 29 24 107 55 79 90 23 77 31 19 
0 65 97 18 21 86 63 96 61 87 62 48 72 53 43 38 88 30 95 3 13 105 60 6 1 67 71 49 56 58 26 104 102 47 12 28 52 106 108 64 103 100 39 34 74 99 10 15 98 91 16 66 80 50 40 89 4 101 76 73 57 14 33 84 78 36 82 69 2 51 32 5 93 29 94 68 109 83 45 81 41 37 44 70 25 20 35 9 8 17 46 92 54 7 11 42 22 59 85 75 27 24 107 55 79 90 23 77 31 19 
0 65 97 18 21 86 63 96 61 87 62 48 72 53 43 38 88 23 90 79 55 107 24 29 27 75 85 59 22 42 7 54 92 46 17 8 9 35 20 25 70 44 37 45 83 109 68 94 81 93 5 32 51 2 69 82 36 78 84 33 14 57 73 76 34 4 89 40 50 80 66 16 11 91 98 15 10 99 74 101 39 100 103 64 108 106 52 28 12 47 26 102 104 58 56 49 71 67 1 6 60 105 13 3 95 30 41 77 31 19 
0 65 97 18 21 86 63 96 61 87 62 48 72 53 43 38 88 41 30 95 3 13 105 60 6 1 67 71 49 56 58 104 102 26 47 12 28 52 106 108 64 103 77 39 101 74 99 10 15 98 91 16 66 80 50 40 89 4 34 76 73 57 14 33 84 78 36 82 69 2 51 32 5 93 81 94 68 109 83 45 37 44 70 25 20 35 9 8 17 46 92 54 7 11 42 22 59 85 75 27 29 24 107 55 79 90 23 100 31 19 
0 65 97 18 21 86 63 96 61 87 62 48 72 53 43 38 88 41 30 95 3 4 89 40 50 80 66 16 91 98 15 10 99 74 101 39 100 103 64 108 106 52 28 12 47 26 102 104 58 56 49 71 67 1 6 60 105 13 34 76 73 57 14 33 84 78 36 82 19 2 51 32 5 93 81 94 68 109 83 45 37 44 70 25 20 35 9 8 17 46 92 54 7 11 42 22 59 85 75 27 29 24 107 55 79 90 23 77 31 69 
0 65 97 18 21 86 63 96 61 87 62 48 72 53 43 38 88 41 30 95 3 13 105 60 6 1 67 71 49 56 58 104 102 26 47 8 28 52 106 108 64 103 100 39 101 74 99 10 15 98 91 16 66 80 50 40 89 4 34 76 73 57 14 33 84 78 36 82 69 2 51 32 5 93 81 94 68 109 83 45 37 44 70 25 20 35 9 12 17 46 92 54 7 11 42 22 59 85 75 27 29 24 107 55 79 90 23 77 31 19 
0 65 97 18 21 86 45 96 61 87 62 48 72 53 43 38 88 41 30 95 3 13 105 60 6 1 67 71 49 56 58 104 102 26 47 12 28 52 106 108 64 103 100 39 101 99 10 15 98 91 16 66 80 50 40 89 4 34 76 73 57 14 33 84 78 36 82 69 2 51 32 5 93 81 94 68 109 83 63 37 44 70 25 20 35 9 8 17 46 92 54 7 11 42 22 59 85 75 27 29 24 107 55 74 79 90 23 77 31 19 
0 65 97 18 21 32 5 93 81 94 68 109 83 45 37 44 70 25 20 35 9 8 17 46 92 54 7 11 49 56 58 104 102 26 47 12 28 52 106 108 64 103 100 39 101 74 99 10 15 98 91 16 66 80 50 40 89 86 63 96 61 87 62 48 53 43 38 88 41 30 95 3 13 105 60 6 1 67 71 72 27 75 85 59 22 42 51 2 69 82 36 78 84 33 14 57 73 76 34 4 29 24 107 55 79 90 23 77 31 19 
0 66 80 50 40 89 4 34 76 73 57 14 33 84 78 36 82 69 2 51 32 5 93 81 94 68 109 83 45 37 44 70 25 20 35 9 8 17 46 92 54 7 11 42 22 59 85 75 27 29 91 16 65 97 18 21 86 63 96 61 87 62 48 72 53 43 38 88 41 30 95 3 13 105 60 6 1 67 71 49 56 58 104 102 26 47 12 28 52 106 108 64 103 100 39 101 74 99 10 15 98 24 107 55 79 90 23 77 31 19 
0 65 97 18 21 86 63 96 61 87 62 48 72 53 43 38 88 41 30 95 3 13 105 60 6 1 67 71 49 56 58 104 102 26 47 28 52 106 108 64 103 100 39 101 74 99 10 15 98 91 16 66 80 50 40 89 4 34 76 73 57 14 33 84 78 36 82 69 2 51 32 5 93 29 94 68 109 83 45 37 44 70 25 20 35 9 8 17 46 92 54 7 11 42 22 59 85 12 75 27 81 24 107 55 79 90 23 77 31 19 
0 65 97 18 21 86 63 96 61 87 62 48 72 53 43 31 88 41 30 95 3 13 105 60 6 1 67 71 49 56 58 104 102 26 47 12 28 52 106 108 64 103 100 39 101 74 99 10 15 98 91 16 66 80 50 40 89 4 34 76 73 57 14 33 84 78 36 82 69 2 51 32 5 93 81 94 68 109 83 45 37 44 70 25 20 35 9 8 17 46 92 54 7 11 42 22 59 85 75 27 29 24 107 55 79 90 23 77 38 19 
0 65 97 18 21 86 63 96 61 87 62 48 72 53 43 38 88 41 30 95 3 13 105 60 85 59 22 42 11 7 54 92 46 17 8 9 35 20 25 70 44 37 45 83 109 68 94 81 93 5 32 51 2 69 82 36 78 49 71 67 1 6 75 33 84 56 58 104 102 26 47 12 28 52 106 108 57 73 76 34 4 89 40 50 80 66 16 91 98 15 10 99 74 101 39 100 103 64 14 27 29 24 107 55 79 90 23 77 31 19 
0 65 97 18 21 86 63 96 61 87 62 48 72 53 43 38 54 92 46 17 8 9 35 20 25 70 44 37 45 83 109 4 12 68 94 81 93 5 32 51 2 69 82 36 78 33 14 57 76 73 34 89 40 50 80 66 16 91 98 15 10 99 74 101 39 100 103 64 108 106 52 28 47 26 102 104 58 56 49 71 67 1 6 60 105 13 3 95 30 41 88 7 11 42 22 59 85 75 27 84 29 24 107 55 79 90 23 77 31 19 
0 65 97 18 21 86 63 96 61 87 62 48 9 53 43 38 88 41 30 95 3 13 105 60 6 1 67 71 49 56 58 26 104 102 47 12 28 52 106 108 64 103 100 39 101 74 99 10 15 98 91 72 16 27 75 85 59 32 5 93 81 94 68 109 83 45 37 44 70 25 20 35 8 17 46 92 54 7 11 66 80 50 40 89 4 34 76 73 57 14 33 84 78 36 82 69 2 51 42 22 29 24 107 55 79 90 23 77 31 19 
0 65 97 18 21 86 63 96 62 87 61 48 72 53 43 38 88 41 30 95 3 13 105 60 6 1 80 50 40 89 4 34 76 73 57 14 33 84 78 36 82 69 2 51 32 5 93 81 94 68 109 83 45 37 44 70 25 20 35 9 8 17 66 67 71 56 58 104 102 26 47 12 28 52 106 108 64 103 100 39 101 74 99 10 15 98 91 16 46 92 54 7 11 42 22 59 85 49 75 27 29 24 107 55 79 90 23 77 31 19 
0 65 97 18 21 86 63 96 61 87 62 48 72 53 43 38 88 41 30 95 3 13 105 60 6 1 67 71 49 56 58 104 102 26 47 19 28 52 106 108 64 103 100 39 101 74 99 10 15 98 91 16 66 80 50 40 89 4 34 76 73 57 14 33 84 78 36 82 69 2 51 32 5 93 81 94 68 109 83 45 37 44 70 25 20 35 9 8 17 46 92 54 7 11 42 22 59 85 75 27 29 24 107 55 79 90 23 77 31 12 
0 65 97 18 21 86 63 96 61 87 62 48 72 53 43 38 88 41 30 95 3 13 105 6 2 51 32 5 92 46 17 8 9 35 20 25 70 44 37 45 83 50 109 68 94 81 93 54 7 11 42 22 59 85 75 27 29 24 107 55 79 90 23 77 31 19 69 1 67 71 49 56 58 26 104 102 47 12 28 52 106 108 64 103 100 39 101 74 99 10 15 98 91 16 66 80 40 89 4 34 76 73 57 14 60 33 84 78 36 82 
0 65 97 18 21 86 63 96 61 87 62 48 72 53 43 38 88 23 30 95 3 13 105 60 6 1 67 71 49 56 58 104 102 26 47 12 28 52 106 108 64 103 100 39 101 74 99 10 15 98 91 16 66 80 50 40 89 4 34 76 73 57 14 33 84 78 36 82 69 2 51 32 5 93 81 94 68 109 83 45 37 44 70 25 20 35 9 8 17 46 92 54 7 11 42 22 59 85 75 27 29 24 107 55 79 90 41 77 31 19 
0 65 97 18 21 86 63 96 61 87 62 48 72 53 43 38 88 30 95 3 13 105 60 77 1 41 67 71 49 56 58 104 102 26 47 12 28 52 106 108 64 103 100 39 101 74 99 10 15 98 91 16 66 80 50 40 89 4 34 76 73 57 14 33 84 78 36 82 69 2 51 32 5 93 81 94 68 109 83 45 37 44 70 25 20 35 9 8 17 46 92 54 7 11 42 22 59 85 75 27 29 24 107 55 79 90 23 6 31 19 
0 65 97 18 21 86 63 96 61 87 62 48 72 53 43 38 88 41 30 95 3 13 105 60 6 1 67 71 49 56 58 104 90 26 47 12 28 52 106 108 64 103 100 39 101 74 99 10 15 98 91 16 66 80 50 40 89 4 34 76 73 57 14 33 84 78 36 82 69 2 51 32 5 93 81 94 68 109 83 45 37 44 70 25 20 35 9 8 17 46 92 54 7 11 42 22 59 85 75 27 29 24 107 55 79 102 23 77 31 19 
0 65 97 18 21 86 63 96 61 87 62 48 72 53 43 38 88 41 30 95 3 13 105 60 6 5 93 81 94 68 109 83 45 37 44 70 25 20 35 9 8 46 17 54 7 11 42 22 59 85 75 27 29 92 24 107 55 79 90 23 33 31 19 77 84 78 36 82 69 2 51 32 1 67 71 49 56 58 104 102 26 47 12 28 52 106 108 64 103 100 39 101 74 99 10 15 98 91 16 66 80 50 40 89 4 34 76 73 57 14 
0 65 97 18 21 86 63 96 61 87 62 48 72 53 43 38 95 41 30 88 3 13 105 60 6 1 67 71 49 56 58 104 102 26 47 12 28 52 106 108 64 103 100 39 101 74 99 10 15 98 91 16 11 35 20 25 70 44 37 83 109 68 94 81 93 5 32 51 2 69 82 36 78 84 79 14 57 73 76 34 4 89 40 50 80 66 9 8 17 46 92 54 7 42 22 45 59 85 75 27 29 24 107 55 33 90 23 77 31 19 
0 65 97 18 21 86 63 96 61 87 62 48 72 53 43 38 88 30 95 3 13 105 60 6 1 67 71 8 56 58 104 102 26 47 12 28 52 106 108 64 103 100 39 101 74 99 10 15 98 91 16 66 80 50 40 89 4 34 76 73 57 14 33 84 78 36 82 69 2 51 32 5 93 81 94 68 109 83 45 37 44 70 25 20 41 35 9 49 17 46 92 54 7 11 42 22 59 85 75 27 29 24 107 55 79 90 23 77 31 19 
0 65 97 18 21 86 63 96 61 87 62 48 72 53 43 38 35 41 30 95 3 13 105 60 6 1 67 71 49 56 58 104 102 26 47 12 28 52 106 108 51 32 5 93 81 94 68 109 83 45 37 44 70 25 20 88 9 8 17 46 73 57 14 33 84 78 36 82 69 2 64 103 100 39 101 74 99 10 15 98 91 16 66 80 50 40 89 4 34 76 92 54 7 11 42 22 59 85 75 27 29 24 107 55 79 90 23 77 31 19 
0 65 97 18 21 86 63 96 61 87 47 48 72 53 43 38 88 41 30 95 3 13 105 60 6 1 67 71 49 56 58 104 93 81 94 68 109 83 45 37 44 70 25 20 35 9 8 17 46 92 54 7 11 42 22 59 85 99 75 27 29 24 107 55 79 90 23 77 31 19 32 5 102 26 62 12 28 52 106 108 64 103 100 39 101 74 10 15 98 91 16 66 80 50 40 89 4 34 76 73 57 14 33 84 78 36 82 69 2 51 
0 65 97 18 21 86 63 96 61 87 62 48 57 14 33 84 78 36 82 69 2 51 32 5 93 81 94 68 109 83 45 37 44 70 25 20 35 9 8 17 46 12 54 7 11 42 22 59 85 75 27 29 24 107 55 79 90 23 77 31 73 72 53 43 38 88 41 30 95 3 13 105 60 6 1 67 71 49 56 58 104 102 26 47 92 28 52 106 108 64 103 100 39 101 74 99 10 15 98 91 16 66 80 50 40 89 4 34 76 19 
0 65 50 40 89 4 34 76 73 57 14 33 84 78 36 86 69 2 51 32 5 93 81 94 68 109 83 45 37 44 70 25 20 35 9 8 17 46 92 54 7 11 42 22 59 85 75 27 29 24 107 55 66 80 97 18 21 82 63 96 61 87 62 48 72 53 43 38 88 41 30 95 3 13 105 60 6 1 67 71 49 56 58 104 102 26 47 12 28 52 106 108 64 103 100 39 101 74 99 10 15 98 91 16 79 90 23 77 31 19 
0 65 97 18 21 86 63 96 61 87 62 48 72 53 43 38 88 41 30 95 3 13 105 60 6 1 67 71 49 56 58 26 104 102 47 12 28 52 5 93 81 94 68 109 83 45 37 44 70 25 20 35 9 8 17 46 92 54 7 11 42 22 14 33 84 78 36 82 69 2 51 32 106 108 64 34 4 89 40 50 90 23 77 31 19 15 10 99 74 101 39 100 103 76 73 57 59 85 75 27 29 24 107 55 79 80 66 16 91 98 
0 65 57 14 33 84 78 36 82 69 2 51 32 5 93 81 94 68 109 83 45 37 44 70 25 20 35 9 8 46 92 54 7 11 42 22 59 85 75 27 29 24 107 101 74 99 10 15 98 91 16 66 80 50 40 89 4 34 76 73 97 18 21 86 63 96 61 87 62 48 72 53 43 38 88 41 30 95 3 13 105 60 6 1 67 71 49 56 17 58 26 102 47 12 28 52 106 108 64 103 100 39 104 55 79 90 23 77 31 19 
0 65 97 18 88 86 50 40 89 4 34 76 73 57 14 33 84 78 36 82 69 2 51 32 5 93 81 94 68 109 83 45 37 44 70 25 20 35 9 8 53 17 46 92 54 7 11 42 22 59 16 66 80 63 96 61 87 62 48 72 43 38 21 41 30 95 3 13 105 60 6 1 67 71 49 56 58 26 104 102 47 12 28 52 106 108 64 103 100 39 101 74 99 10 15 98 91 85 75 27 29 24 107 55 79 90 23 77 31 19 
