0 17 30 11 14 33 23 27 10 9 25 7 8 13 2 15 12 24 16 5 4 26 28 18 32 1 20 22 3 31 6 29 21 19 
0 17 30 11 14 33 23 10 27 9 25 7 8 13 2 15 12 24 16 5 4 26 28 18 32 1 20 22 3 31 6 29 21 19 
0 17 30 11 14 33 23 27 10 9 25 7 8 13 2 15 18 28 26 4 5 12 24 16 32 1 20 22 31 3 6 29 21 19 
0 17 30 11 14 33 23 27 10 9 25 7 8 13 2 15 18 28 26 4 5 12 24 16 32 1 20 22 31 3 6 29 21 19 
0 17 30 11 14 33 23 27 10 9 25 7 8 13 2 15 18 28 26 4 5 12 24 16 32 1 20 22 31 3 6 29 21 19 
0 17 30 11 14 33 23 27 10 9 25 7 8 13 2 15 18 28 26 4 5 12 24 16 32 1 20 22 31 3 6 29 21 19 
0 17 30 11 14 33 23 27 10 9 25 7 8 13 2 15 18 28 26 4 5 12 24 16 32 1 20 22 3 6 29 21 31 19 
0 17 30 11 14 33 23 27 10 9 25 7 8 13 2 15 12 24 16 5 4 26 28 18 20 1 32 31 3 22 6 29 21 19 
0 17 30 11 14 33 23 27 10 9 25 7 8 13 2 15 12 24 16 5 4 26 28 18 20 1 32 31 3 22 6 29 21 19 
0 17 30 11 14 33 23 27 10 9 25 7 8 13 2 15 12 24 16 5 4 26 28 18 20 1 32 31 3 22 6 29 21 19 
0 17 30 11 14 33 23 27 10 9 25 7 8 13 2 15 12 24 16 5 4 26 28 18 20 1 32 31 3 22 29 6 21 19 
0 17 30 11 14 33 8 13 2 15 18 28 26 4 7 23 25 9 10 27 5 12 24 16 32 1 20 22 31 3 6 29 21 19 
0 17 30 11 14 33 8 13 2 15 18 28 26 4 7 23 25 9 10 27 5 12 24 16 32 1 20 22 31 3 6 29 21 19 
0 17 30 11 14 33 8 13 2 15 18 28 26 4 7 23 25 9 10 27 5 12 24 16 32 1 20 22 3 31 6 29 21 19 
0 17 30 11 14 33 23 27 10 9 25 7 8 13 2 15 12 24 16 5 4 26 28 18 20 1 32 31 21 22 6 29 3 19 
0 17 30 11 14 33 8 13 2 15 18 28 26 24 12 5 27 10 23 9 25 7 4 16 32 1 20 22 31 3 6 29 21 19 
0 17 30 11 14 33 8 13 2 15 18 28 26 4 7 23 25 9 10 27 5 12 24 16 32 1 20 22 3 6 29 21 31 19 
0 17 30 11 14 33 8 13 2 15 18 28 26 4 7 23 25 9 10 27 5 12 24 16 32 1 20 22 3 6 29 21 31 19 
0 17 30 11 14 33 23 27 10 9 25 7 8 13 2 15 18 28 26 4 5 12 24 16 32 1 20 22 31 3 6 29 19 21 
0 17 30 11 14 33 8 13 2 15 18 28 26 4 7 23 25 9 10 27 5 12 24 16 1 22 31 3 29 6 32 20 21 19 
0 17 30 11 14 33 8 13 2 15 18 28 26 24 12 5 27 10 9 25 7 23 16 4 32 1 20 22 31 3 6 29 21 19 
0 17 30 11 14 33 8 13 2 15 18 28 26 24 12 5 27 10 9 25 23 7 16 4 32 1 20 22 31 3 21 29 6 19 
0 17 30 11 14 33 23 27 10 9 25 7 8 13 2 15 18 28 26 24 12 5 16 4 32 1 20 22 31 3 6 29 21 19 
0 17 30 11 14 33 8 13 2 15 18 28 26 4 7 23 25 9 10 27 5 12 24 16 32 1 20 21 29 3 31 22 19 6 
0 17 30 11 14 33 8 13 2 15 18 28 26 4 7 23 25 9 10 27 5 12 24 32 1 16 20 31 3 22 6 29 21 19 
0 17 30 11 14 33 8 13 2 15 18 28 26 4 7 23 25 9 27 10 5 12 24 16 32 1 20 22 31 3 6 29 21 19 
0 17 30 11 14 33 23 10 27 9 25 7 8 20 13 2 15 12 24 16 5 4 26 28 18 1 32 31 3 22 6 29 21 19 
0 30 11 14 33 17 23 27 10 9 25 7 8 13 2 15 12 16 5 4 26 24 28 18 20 1 32 31 3 22 6 29 21 19 
0 17 9 10 27 23 33 14 11 30 25 7 8 13 2 15 18 28 26 4 5 12 24 16 32 1 20 22 31 3 6 29 21 19 
0 17 30 11 14 33 15 9 23 10 27 25 7 8 13 2 12 24 16 5 4 26 28 18 20 1 32 31 3 22 6 29 21 19 
0 17 30 11 14 33 12 8 13 2 15 18 28 26 4 7 23 25 9 10 27 5 24 16 32 1 20 22 6 29 21 31 3 19 
0 17 30 11 14 33 23 27 10 9 25 7 8 5 12 24 18 28 26 4 22 3 31 20 15 2 13 16 32 1 21 29 6 19 
0 17 30 11 14 33 32 16 23 27 10 9 25 7 8 13 2 15 5 12 24 18 28 26 4 1 20 3 31 22 6 29 21 19 
0 17 30 14 33 23 10 27 9 11 25 7 8 13 2 15 12 24 16 5 4 26 28 18 20 1 32 31 3 22 6 29 21 19 
0 17 30 11 14 33 12 8 13 2 15 18 28 26 4 7 23 25 9 10 27 5 24 16 32 1 20 22 6 3 31 29 21 19 
0 17 9 25 23 7 4 26 28 18 15 2 13 8 33 14 11 30 10 27 5 12 24 16 32 1 20 22 3 31 6 29 21 19 
0 17 30 11 14 33 23 27 5 12 24 16 32 1 20 15 18 28 26 4 10 9 25 7 8 13 2 22 31 3 6 29 19 21 
0 17 30 11 14 22 3 31 32 1 20 18 28 26 4 5 16 24 12 15 2 13 8 7 25 9 27 10 23 33 6 29 21 19 
0 17 30 11 14 22 3 31 32 1 20 18 28 26 4 5 16 24 12 15 2 13 8 7 25 9 27 10 23 33 6 29 21 19 
0 17 30 11 14 33 8 13 2 15 18 28 26 4 7 23 25 9 10 27 5 12 24 32 1 20 22 16 3 31 6 29 21 19 
0 17 30 11 14 33 8 13 2 15 18 28 26 4 7 23 25 9 10 27 5 12 24 32 1 20 22 16 3 31 6 29 21 19 
0 17 30 11 14 33 23 27 10 9 25 7 19 13 2 15 18 28 26 4 5 12 24 16 32 1 20 22 31 3 6 29 21 8 
0 17 30 11 14 33 8 13 2 15 18 28 26 23 27 10 9 25 7 4 5 12 24 16 32 1 20 22 31 3 6 29 19 21 
0 17 30 11 14 33 23 10 27 9 25 7 8 20 5 12 24 26 4 13 16 2 15 18 28 32 1 22 3 31 6 29 21 19 
0 17 30 11 27 5 12 24 16 32 1 20 22 3 31 6 29 21 19 14 33 23 10 8 13 2 15 18 28 26 4 7 25 9 
0 17 30 11 14 33 8 13 2 19 31 3 22 20 21 6 29 1 32 16 24 12 5 27 10 9 23 25 7 4 26 28 18 15 
0 17 30 11 14 33 8 13 2 12 24 16 32 1 20 22 31 3 6 29 21 15 18 28 26 4 7 23 25 9 10 27 5 19 
0 17 30 11 14 33 8 13 2 15 18 28 26 4 7 23 25 9 10 27 5 20 1 32 16 24 12 22 3 31 6 21 29 19 
0 17 30 11 14 33 8 13 2 15 18 28 26 4 7 23 25 9 10 27 5 12 16 20 24 1 32 31 22 6 29 21 19 3 
0 17 21 20 1 32 16 24 12 5 27 10 9 25 23 4 26 28 18 15 2 13 33 7 8 14 11 30 22 31 3 29 6 19 
0 17 11 30 14 33 12 24 8 13 2 15 18 28 26 5 27 10 9 25 23 7 16 4 32 1 20 22 31 3 6 29 21 19 
0 17 30 11 14 33 8 13 2 15 18 28 26 4 7 23 25 9 10 27 5 12 24 32 1 20 22 16 3 31 6 21 29 19 
0 17 30 11 14 33 23 10 27 9 25 7 8 12 24 15 2 5 4 26 28 18 20 1 16 21 29 6 13 32 22 31 3 19 
0 17 30 11 14 33 8 13 2 3 32 1 20 16 24 12 5 27 10 9 25 23 7 4 26 28 18 15 29 22 31 6 21 19 
0 17 30 11 14 33 23 10 27 9 25 7 8 13 2 15 18 28 26 4 29 22 21 20 32 5 12 24 16 1 31 3 6 19 
0 17 30 11 14 33 23 27 10 9 25 7 8 13 20 5 12 24 16 26 4 2 15 18 28 32 1 22 29 21 31 3 6 19 
0 17 30 11 14 33 23 27 32 16 24 12 5 10 9 25 7 4 26 28 18 15 2 13 8 1 20 22 31 3 6 29 21 19 
0 17 30 8 7 25 33 11 14 12 24 15 2 13 16 32 18 26 28 4 23 9 10 27 5 1 22 31 3 6 29 20 21 19 
0 17 30 8 7 25 33 11 14 12 24 15 2 13 16 32 18 26 28 4 23 9 10 27 5 1 22 31 3 6 29 20 21 19 
0 17 30 8 7 25 33 11 14 12 24 15 2 13 16 32 18 26 28 4 23 9 10 27 5 1 22 31 3 6 29 20 21 19 
0 17 30 11 14 33 8 13 12 15 2 6 29 21 3 18 28 26 4 7 23 25 9 10 5 27 24 16 32 1 20 22 31 19 
0 30 11 14 33 8 13 2 15 18 28 26 4 7 23 25 9 10 27 5 12 24 16 1 22 31 17 3 29 6 32 20 21 19 
0 17 30 11 14 12 23 27 10 9 25 7 8 13 2 15 18 28 26 4 5 33 24 16 32 1 20 22 31 3 6 29 21 19 
0 17 30 8 7 25 33 11 14 12 24 15 2 13 16 32 18 26 28 4 23 9 10 27 5 1 22 31 3 6 29 21 20 19 
0 17 30 11 14 33 8 13 2 26 28 18 15 4 7 23 25 9 10 27 5 12 24 16 6 31 3 22 32 1 20 29 21 19 
0 17 30 11 14 33 8 13 12 15 3 6 29 21 2 18 28 26 4 7 23 25 9 10 5 27 24 16 32 1 20 22 31 19 
0 17 30 11 14 33 8 16 32 10 9 25 7 13 2 15 12 24 26 18 28 4 5 23 27 1 20 22 31 3 6 29 21 19 
0 17 30 11 14 33 23 27 9 25 7 8 13 2 15 12 24 5 4 26 28 18 20 16 32 1 10 22 3 31 29 6 21 19 
0 17 30 11 14 33 23 10 27 9 25 7 8 20 5 12 24 16 26 4 13 2 15 18 28 32 1 22 29 21 31 3 6 19 
0 17 30 11 8 7 25 9 27 14 33 23 10 21 20 1 32 16 24 12 5 4 26 28 18 15 2 13 22 31 3 29 6 19 
0 9 10 17 30 11 14 33 8 13 2 15 1 32 16 24 12 5 27 25 23 7 4 26 28 18 20 22 31 21 6 29 3 19 
0 17 30 11 14 33 8 13 24 16 1 22 31 3 6 29 32 20 21 12 2 15 18 28 26 4 7 23 25 9 10 27 5 19 
0 17 30 11 14 33 27 8 7 25 22 13 2 15 18 28 26 4 23 9 10 5 12 24 16 32 1 20 3 31 29 6 21 19 
0 17 30 11 14 33 12 24 8 13 2 26 18 28 15 4 7 25 23 9 10 27 5 16 32 1 20 22 31 3 6 29 21 19 
0 17 30 8 7 25 33 11 14 12 24 15 2 13 16 32 18 26 28 4 23 9 10 27 5 1 22 31 3 20 29 6 21 19 
0 17 30 11 14 33 8 13 2 26 28 18 15 4 7 23 25 9 10 27 5 12 24 16 6 20 29 21 32 1 31 3 22 19 
0 17 30 11 14 20 33 23 5 10 9 25 7 13 2 15 12 24 16 27 4 26 28 18 1 32 31 3 22 6 29 21 19 8 
0 17 30 11 14 8 33 13 2 15 18 28 26 4 7 23 25 9 10 27 24 16 1 22 31 3 6 29 32 20 21 12 5 19 
0 17 30 11 14 33 23 27 10 9 25 7 8 13 2 15 18 28 26 4 5 24 20 21 29 19 12 16 1 22 31 3 32 6 
0 17 30 11 14 33 8 13 2 15 20 5 24 4 26 28 18 7 23 25 9 27 10 12 16 31 29 22 3 32 6 21 1 19 
0 17 30 11 14 33 23 27 5 4 26 28 18 15 2 13 8 7 25 9 10 24 16 29 20 12 32 21 6 31 3 22 1 19 
0 17 30 11 14 33 23 8 13 2 15 18 28 26 4 7 25 10 27 21 20 1 32 16 24 12 5 9 22 31 3 29 6 19 
0 17 30 11 14 33 12 15 2 29 21 3 20 1 32 16 24 5 27 10 9 25 23 4 26 28 18 13 7 8 22 31 6 19 
0 17 30 11 14 33 24 13 2 15 18 28 26 4 7 23 25 9 10 27 5 12 8 20 19 32 29 6 3 31 22 1 16 21 
0 17 30 11 14 33 23 26 28 18 15 2 13 8 7 25 9 10 27 4 5 24 20 21 29 22 3 31 6 12 16 32 1 19 
0 17 30 11 14 33 23 10 27 9 25 7 8 12 24 15 2 5 4 26 28 20 1 18 6 22 31 32 16 13 3 29 21 19 
0 17 30 11 14 33 27 32 3 8 13 2 15 18 28 26 4 7 23 25 9 10 5 12 24 16 1 20 22 31 6 29 21 19 
0 17 30 11 14 33 23 27 10 9 25 7 8 13 2 15 18 28 4 5 12 24 16 32 29 22 21 20 1 3 31 26 6 19 
0 17 30 11 14 33 23 10 27 9 25 7 8 13 2 22 12 15 16 5 4 26 28 18 20 1 32 24 3 31 6 29 21 19 
0 17 30 11 14 33 23 10 27 9 25 7 8 13 2 22 12 15 16 5 4 26 28 18 20 1 32 24 3 31 6 29 21 19 
0 17 30 11 14 33 12 24 8 13 2 15 18 28 26 4 7 23 25 9 10 27 5 19 20 16 32 29 31 1 22 3 6 21 
0 17 30 11 14 33 23 10 27 21 20 1 32 16 24 12 5 8 13 2 15 18 28 26 4 7 25 9 22 3 31 6 19 29 
0 17 30 11 14 33 12 24 2 13 16 32 8 7 18 28 26 4 23 25 9 10 27 15 5 1 20 29 6 31 3 22 21 19 
0 17 30 11 14 33 23 27 10 9 20 7 8 13 2 15 18 28 26 4 5 12 24 16 32 1 25 22 31 3 6 29 21 19 
0 17 30 11 10 27 23 33 14 9 25 7 8 12 24 15 13 2 18 28 26 4 5 20 21 29 22 3 31 6 16 32 1 19 
0 17 30 33 8 13 11 2 15 23 27 10 9 25 7 18 28 26 4 5 12 24 16 32 1 20 22 31 3 14 6 29 21 19 
0 17 30 11 14 33 8 2 15 18 28 26 13 4 7 23 5 27 10 9 25 12 24 16 1 22 3 6 29 21 31 19 20 32 
0 17 30 11 14 33 8 13 2 15 18 28 26 4 7 23 25 9 1 24 16 32 12 5 27 10 20 22 31 3 6 29 21 19 
0 17 30 11 14 33 8 13 2 15 5 12 24 16 32 9 25 23 18 28 26 4 7 10 27 1 20 31 22 3 6 29 19 21 
0 17 30 11 14 33 8 13 2 15 18 28 22 31 3 23 27 10 9 25 7 12 24 16 5 4 26 20 1 32 6 29 21 19 
0 17 30 11 14 33 8 23 27 10 18 20 1 32 31 3 22 13 2 15 28 26 4 7 25 9 5 12 24 16 6 29 21 19 
0 17 30 11 14 33 23 27 10 9 25 8 7 13 2 15 12 24 16 5 4 18 28 26 22 3 19 20 6 21 1 29 32 31 
0 30 11 17 25 23 9 14 8 7 27 10 33 12 24 15 2 13 16 32 18 26 28 4 5 1 22 31 3 6 29 20 21 19 
0 17 30 11 14 33 8 13 2 15 31 28 26 4 7 23 25 9 10 27 5 12 24 16 32 1 20 22 3 6 29 21 19 18 
0 17 30 11 14 33 23 27 10 9 25 7 8 13 2 15 12 20 5 18 28 26 4 1 22 31 3 6 21 29 19 32 24 16 
0 17 21 20 1 32 16 3 31 22 30 11 14 8 7 33 13 2 15 18 28 26 4 23 25 9 10 27 5 12 24 6 29 19 
0 17 30 11 14 33 8 13 22 31 2 15 18 28 26 4 7 23 25 9 10 27 12 24 16 32 1 20 3 6 29 21 5 19 
0 17 30 11 14 33 8 13 2 15 18 28 26 4 7 23 25 9 10 27 21 20 1 32 16 3 31 22 5 12 24 29 6 19 
0 17 30 11 27 5 12 24 16 32 1 20 22 3 31 6 29 21 19 14 33 8 13 2 15 28 26 4 7 23 25 9 10 18 
0 17 30 11 14 33 8 12 24 2 16 13 32 7 18 28 26 4 23 25 9 10 27 15 5 1 20 29 6 31 3 22 21 19 
0 17 30 12 24 16 20 1 32 31 3 22 6 29 7 23 25 9 10 27 5 11 14 8 33 13 2 15 18 28 26 4 21 19 
0 17 30 11 14 33 8 13 2 15 18 23 25 9 10 27 21 20 1 32 16 24 5 12 7 4 26 28 31 3 22 6 29 19 
0 17 30 11 14 33 8 23 27 10 9 25 7 13 2 15 12 24 6 5 4 26 28 18 20 1 32 31 3 22 16 29 19 21 
0 17 30 11 14 33 8 13 2 15 28 18 26 4 7 23 25 9 24 12 1 10 27 5 16 22 31 3 32 20 6 29 21 19 
0 17 30 11 14 33 8 13 2 15 28 18 26 4 7 23 25 9 24 12 1 10 27 5 16 22 31 3 32 20 6 29 21 19 
0 17 30 11 14 33 8 13 2 15 18 28 26 4 7 23 25 27 10 20 1 32 31 3 22 6 29 5 9 12 24 16 21 19 
0 17 30 11 14 25 33 8 7 27 10 23 5 4 26 28 18 29 6 22 31 32 16 12 15 2 13 1 24 9 20 3 21 19 
0 17 30 11 14 33 8 13 2 15 18 28 26 4 7 23 25 9 10 27 1 21 6 3 31 22 16 24 12 5 29 19 20 32 
0 17 30 11 14 12 24 16 32 1 20 22 3 6 29 21 31 19 10 5 33 8 13 2 15 18 28 26 4 7 23 25 9 27 
0 17 30 11 14 33 8 13 2 15 18 28 26 4 7 23 25 9 5 12 24 16 32 20 22 31 3 6 27 10 19 21 1 29 
0 17 30 11 14 33 8 13 2 15 18 28 26 4 7 23 16 3 31 6 29 12 24 32 1 20 22 25 9 10 27 5 21 19 
0 17 30 11 14 33 8 13 2 16 1 22 31 3 6 29 32 20 24 26 4 5 18 15 28 23 10 27 9 25 7 12 21 19 
0 33 14 8 13 2 15 18 28 26 4 25 23 32 16 17 30 11 24 12 5 27 10 9 7 1 20 22 31 3 6 29 21 19 
0 17 30 11 14 22 3 31 32 1 20 18 28 33 8 13 2 15 26 4 7 23 25 9 24 12 5 27 10 16 6 29 21 19 
0 17 30 11 14 33 8 13 22 31 3 32 20 6 29 21 19 9 24 12 1 10 27 5 16 2 15 18 28 26 4 7 23 25 
0 2 4 26 28 17 30 11 14 33 23 27 10 9 25 7 8 13 15 12 24 16 18 20 1 5 32 31 3 22 6 29 21 19 
0 17 30 11 14 33 8 13 2 15 18 28 26 24 12 5 27 4 25 23 32 16 1 7 9 10 22 3 20 6 29 31 21 19 
0 17 30 8 7 9 25 27 10 23 5 4 13 2 15 12 24 16 21 29 6 22 3 31 14 11 1 20 18 28 26 33 32 19 
0 17 30 11 14 33 8 13 2 15 5 12 24 9 22 20 1 32 16 27 10 18 28 26 4 7 23 25 6 3 31 29 21 19 
0 17 30 11 14 33 8 13 22 20 1 32 24 12 5 27 10 9 25 18 7 4 26 28 23 15 2 16 3 31 6 29 21 19 
0 17 30 11 14 29 33 2 13 8 15 18 28 4 7 23 25 9 10 27 5 26 1 32 16 24 12 20 31 22 3 6 19 21 
0 17 30 11 14 33 23 27 10 9 8 13 2 15 18 28 1 20 22 25 5 12 24 16 32 26 4 7 3 31 6 29 21 19 
0 30 1 20 11 14 17 13 2 15 18 28 26 4 8 33 32 16 25 9 10 27 5 12 24 23 7 22 3 31 6 29 21 19 
0 17 30 11 14 25 33 8 7 27 10 23 5 4 26 28 18 29 6 22 31 32 16 12 15 2 13 1 24 20 21 9 3 19 
0 17 30 11 14 33 8 13 2 9 25 23 7 4 18 29 6 31 3 22 20 1 32 16 26 28 10 15 27 12 24 5 21 19 
0 17 30 11 14 33 8 13 2 15 18 28 26 4 7 23 25 32 27 10 12 24 16 5 9 31 20 1 3 22 6 29 21 19 
0 17 30 11 14 33 8 12 15 2 29 21 3 13 18 28 26 4 6 9 10 7 23 25 27 5 24 16 32 1 20 22 31 19 
0 17 30 11 14 33 23 4 26 28 20 1 32 31 3 18 22 19 16 27 5 10 9 25 7 8 13 2 15 12 24 6 29 21 
0 17 30 11 14 29 33 8 13 12 20 5 2 15 18 28 26 4 7 23 25 9 10 27 24 1 16 32 22 3 31 6 21 19 
0 17 30 11 14 33 8 13 2 15 18 28 26 10 12 20 5 4 7 23 25 9 27 24 16 1 22 31 19 32 21 29 6 3 
0 17 25 32 30 11 14 33 8 13 2 15 28 18 26 12 27 9 7 10 4 23 5 24 16 1 20 22 31 3 6 29 21 19 
0 17 30 11 14 33 8 13 2 15 18 29 20 24 27 10 23 5 9 7 25 4 26 28 21 12 16 32 1 22 31 3 6 19 
0 17 30 11 14 33 8 13 2 15 18 29 20 24 27 10 23 5 9 7 25 4 26 28 21 12 16 32 1 22 31 3 6 19 
0 17 30 11 14 33 8 13 2 15 18 28 26 4 7 23 3 19 21 20 24 1 12 16 32 31 22 6 29 5 10 27 9 25 
0 9 25 23 7 4 26 28 18 15 2 13 8 33 14 11 30 17 10 27 1 32 16 24 12 20 5 31 22 3 6 29 19 21 
0 20 14 11 30 17 16 21 1 32 24 12 5 27 10 9 25 23 4 26 28 18 15 2 13 22 7 8 33 31 3 6 29 19 
0 9 10 17 30 11 14 33 8 13 2 15 18 28 26 4 7 23 25 12 29 21 3 6 27 5 24 16 32 1 20 31 22 19 
0 17 30 11 14 33 8 13 2 15 18 28 26 4 7 23 25 9 10 27 22 3 19 20 12 24 16 5 6 21 1 29 32 31 
0 23 25 9 10 27 5 19 20 16 32 29 31 1 22 3 7 17 30 11 14 33 8 13 2 15 12 24 18 28 26 4 6 21 
0 17 30 11 14 24 16 13 2 20 1 32 31 22 3 6 29 19 7 12 33 8 5 4 15 18 28 26 27 10 9 25 23 21 
0 17 30 11 20 14 16 21 1 32 24 12 5 27 10 9 25 23 4 26 28 18 15 2 13 22 8 33 7 31 6 29 3 19 
0 17 30 11 14 33 23 29 10 9 25 7 8 13 2 15 12 24 16 5 4 26 28 18 20 1 32 31 3 22 6 27 21 19 
0 17 30 11 14 33 8 13 2 23 10 27 9 16 32 1 22 3 31 29 4 26 28 18 15 6 7 25 5 12 24 20 21 19 
0 17 30 11 14 25 8 7 27 10 16 5 4 26 28 18 20 24 1 13 12 33 2 15 23 9 32 22 31 3 6 29 21 19 
0 17 30 8 7 25 33 11 14 12 24 15 23 9 19 3 16 5 4 26 28 18 20 1 13 2 32 31 22 6 29 21 27 10 
0 17 30 11 14 33 8 13 2 15 18 28 26 4 7 23 25 32 16 12 24 1 31 29 6 20 3 22 5 10 9 27 21 19 
0 17 30 11 19 1 32 16 31 24 14 33 12 8 13 2 15 18 28 26 4 7 23 25 9 10 27 5 20 29 22 3 6 21 
0 17 30 8 7 25 33 11 14 12 24 15 2 9 16 32 18 26 28 4 23 13 10 27 5 1 22 31 19 21 29 6 3 20 
0 17 30 11 14 20 18 28 33 8 12 13 2 15 26 4 7 23 25 9 10 27 5 1 16 32 24 22 3 31 6 29 21 19 
0 17 30 11 14 20 18 28 33 8 12 13 2 15 26 4 7 23 25 9 10 27 5 1 16 32 24 22 3 31 6 29 21 19 
0 17 8 7 25 9 10 27 23 33 14 11 30 13 2 15 18 26 19 4 28 5 12 24 16 1 22 31 3 32 20 6 29 21 
0 17 30 11 14 33 23 10 27 8 7 25 9 12 5 4 26 15 29 22 3 31 21 13 18 16 32 1 20 24 2 28 6 19 
0 17 30 11 14 33 8 13 2 15 18 24 16 1 22 31 3 12 20 32 6 28 26 4 7 23 25 9 10 27 5 19 21 29 
0 33 14 8 13 2 15 23 29 6 3 22 20 1 24 12 5 27 10 9 7 11 30 17 16 32 21 25 4 26 28 18 31 19 
0 17 30 11 14 33 8 13 24 4 18 28 26 23 25 9 10 27 1 32 20 22 3 5 31 6 29 21 19 7 16 12 2 15 
0 17 30 11 9 33 23 27 10 14 20 7 8 13 2 15 12 24 16 18 28 26 25 5 4 32 1 22 29 21 31 3 6 19 
0 17 1 32 16 24 12 5 27 10 9 25 23 7 19 26 28 18 15 2 13 8 33 14 11 30 20 22 31 3 6 29 4 21 
0 17 11 14 33 8 13 2 15 28 12 24 9 30 25 23 7 4 26 18 1 10 27 5 16 22 31 3 32 20 6 29 21 19 
0 17 30 11 14 33 23 25 9 10 27 13 8 24 12 16 7 19 21 29 6 31 5 3 22 20 1 32 2 15 18 28 26 4 
0 17 30 11 14 33 23 32 27 10 25 7 8 13 2 15 12 24 16 5 4 26 28 9 18 31 20 1 3 22 6 29 21 19 
0 17 30 11 14 33 8 13 2 15 18 28 26 25 9 23 4 7 10 27 1 32 16 24 12 20 5 31 22 3 6 29 19 21 
0 17 30 11 14 25 33 29 18 28 26 4 5 23 10 27 7 8 13 2 15 9 20 1 32 16 12 22 3 31 6 21 24 19 
0 17 11 14 30 33 8 13 2 12 24 6 25 7 27 10 23 5 4 26 28 18 20 1 15 16 32 9 19 22 29 31 3 21 
0 8 33 14 11 30 17 13 2 15 18 28 26 4 7 9 27 21 10 25 23 5 12 24 32 1 20 22 16 3 31 6 29 19 
0 17 30 11 14 33 8 13 20 19 12 32 29 6 25 23 7 4 26 28 18 24 15 2 16 1 22 31 3 9 10 27 5 21 
0 17 30 11 14 33 2 15 24 3 32 20 6 29 21 13 5 4 26 28 12 16 1 22 31 8 7 9 25 27 10 23 18 19 
0 17 30 11 14 5 8 4 23 10 27 9 25 7 26 28 18 20 33 13 2 15 12 16 32 1 22 3 24 31 6 29 21 19 
0 30 14 33 17 8 13 2 23 10 27 9 16 32 1 22 31 19 6 29 5 4 26 28 18 20 24 12 15 11 25 7 21 3 
0 17 8 7 25 9 27 10 23 5 4 33 14 30 11 15 26 28 32 21 20 18 16 13 24 12 1 2 22 31 19 3 6 29 
0 17 30 11 14 25 8 7 27 10 2 4 26 28 18 20 23 5 24 1 15 12 16 32 13 33 31 22 6 29 21 19 3 9 
0 17 30 11 14 33 23 25 9 10 27 13 8 24 12 16 7 19 21 29 6 31 5 3 22 20 1 32 15 2 18 26 28 4 
0 17 30 11 14 33 12 24 29 13 2 15 18 28 26 4 7 23 25 9 10 27 5 19 20 16 32 8 31 1 22 6 3 21 
0 17 7 8 13 2 15 5 4 26 28 18 20 3 22 6 29 21 30 11 19 1 32 16 31 24 14 12 33 23 27 10 9 25 
0 17 30 4 19 21 29 6 31 3 22 1 32 20 18 28 27 23 33 14 11 26 10 9 25 7 8 13 2 15 12 24 16 5 
0 17 30 11 13 2 15 12 32 1 22 3 16 24 31 6 29 21 19 5 4 8 14 23 10 27 9 25 7 26 28 18 20 33 
0 17 19 11 10 9 25 23 7 4 26 28 18 15 2 13 8 24 12 33 14 27 5 30 20 16 32 29 31 1 22 3 6 21 
0 10 30 11 14 33 23 32 27 17 25 7 8 13 2 15 12 18 28 26 4 9 5 24 16 1 20 22 31 3 6 29 21 19 
0 17 8 7 25 9 30 11 14 33 31 22 20 1 16 24 32 5 10 23 4 26 28 18 15 2 13 3 12 27 29 6 21 19 
0 17 30 11 14 5 16 24 12 7 25 9 27 10 23 6 29 21 19 4 33 8 13 2 15 18 28 26 22 3 31 32 1 20 
0 30 11 14 33 8 13 17 22 31 3 23 2 15 18 28 26 4 7 10 27 9 25 29 21 20 32 5 12 24 16 1 6 19 
0 17 30 11 14 29 33 8 13 2 15 18 28 4 23 25 9 10 27 5 26 12 24 16 1 22 31 3 7 6 21 19 20 32 
0 17 30 11 5 14 33 23 27 10 21 25 7 8 2 15 18 28 26 4 12 24 16 32 13 1 20 22 31 3 6 29 9 19 
0 21 17 30 11 14 33 8 13 2 15 18 28 26 27 10 9 4 7 25 23 5 20 24 1 12 16 32 31 29 3 6 22 19 
0 17 30 11 14 33 22 3 31 6 29 32 20 21 12 2 15 18 28 23 8 13 24 16 1 25 26 4 7 10 9 27 5 19 
0 23 5 4 26 28 18 20 32 1 16 13 31 17 8 7 25 9 24 15 2 21 30 11 14 33 27 10 12 3 22 6 29 19 
0 17 6 11 14 25 33 8 7 23 9 5 16 1 22 31 3 32 28 26 4 27 10 30 13 2 12 24 15 18 20 29 21 19 
0 17 21 20 1 32 16 24 12 5 27 10 30 11 14 33 15 2 29 3 8 13 18 28 26 4 6 7 23 25 9 31 22 19 
0 17 30 11 14 33 12 8 13 22 24 5 16 2 15 18 28 26 4 1 10 27 31 3 32 20 6 29 21 19 9 7 23 25 
0 17 30 11 14 2 4 26 28 18 9 3 19 21 29 6 32 22 31 33 8 13 16 12 15 1 24 5 23 10 27 7 25 20 
0 17 30 11 10 14 33 23 27 9 7 8 13 2 15 18 25 28 26 4 5 24 20 21 29 22 3 31 6 12 16 32 1 19 
0 17 30 11 14 33 12 24 2 13 16 32 8 7 15 18 9 10 27 5 1 6 31 3 22 25 23 4 26 28 21 20 29 19 
0 17 30 11 14 25 9 26 12 24 2 13 29 8 27 10 23 5 4 18 28 33 7 15 16 1 22 31 3 6 21 19 20 32 
0 17 30 11 14 33 8 13 2 15 26 28 18 23 25 9 10 27 32 1 20 22 3 5 31 6 29 21 19 4 7 12 24 16 
0 20 22 31 3 6 21 29 19 32 18 28 26 4 7 23 1 17 30 11 14 33 8 13 2 15 25 12 24 16 10 5 9 27 
0 13 2 15 18 9 10 27 5 12 16 32 1 25 23 4 26 28 7 8 24 33 14 11 30 17 6 20 29 31 3 22 21 19 
0 17 30 11 8 7 25 9 27 10 12 5 4 26 15 33 29 22 3 14 13 2 18 28 23 32 16 24 1 20 6 31 21 19 
0 6 17 30 8 7 25 33 11 14 12 24 15 2 13 18 28 26 4 23 9 10 27 1 32 16 20 5 31 22 3 29 19 21 
0 17 30 11 14 33 8 13 2 15 18 28 26 4 7 23 25 9 10 27 6 12 24 32 1 20 22 16 3 31 5 29 21 19 
0 17 30 11 14 33 8 13 2 15 18 28 26 4 7 23 25 9 10 27 6 12 24 32 1 20 22 16 3 31 5 29 21 19 
0 17 30 11 14 33 8 13 27 32 7 25 2 12 24 15 18 28 26 4 23 9 10 21 16 1 22 31 6 29 3 20 5 19 
0 17 30 21 14 33 9 25 12 10 27 7 13 2 24 16 5 23 15 8 6 31 3 22 29 11 18 28 26 4 20 1 32 19 
0 17 30 33 11 14 8 13 15 18 28 32 5 12 24 16 20 22 31 3 6 27 1 2 26 4 7 23 25 9 10 29 21 19 
0 30 14 33 17 8 13 2 23 10 27 9 16 32 1 22 3 31 29 6 21 19 20 25 7 12 24 15 5 4 26 28 11 18 
0 17 4 11 14 33 8 13 2 15 18 28 26 30 7 25 23 9 10 27 5 12 16 3 1 32 31 24 20 22 6 29 21 19 
0 17 16 11 14 33 8 13 2 15 4 30 12 5 24 23 10 27 26 28 18 20 29 21 32 1 9 25 7 22 31 3 6 19 
0 17 30 11 33 26 28 18 6 31 3 22 5 2 4 14 23 15 7 8 13 25 9 10 27 12 24 32 16 1 29 20 21 19 
0 17 30 11 3 14 33 12 15 2 29 21 8 13 18 28 26 4 6 7 23 19 31 20 1 32 22 16 24 5 27 10 9 25 
0 17 33 29 11 24 1 30 14 8 13 2 15 18 28 26 4 7 23 25 9 10 27 12 16 32 20 22 3 31 6 21 5 19 
0 17 30 11 14 33 8 13 2 15 18 28 26 4 7 25 9 19 23 10 27 22 3 31 12 24 16 32 1 20 6 5 29 21 
0 17 30 11 14 33 12 24 8 13 19 1 32 16 31 20 26 28 18 15 2 7 25 10 9 29 6 22 23 27 5 4 21 3 
0 23 25 9 10 27 17 21 20 1 32 30 11 14 33 8 3 2 15 18 28 26 4 7 5 12 24 16 22 31 13 6 29 19 
0 17 30 11 14 33 23 27 10 9 25 7 19 1 32 16 31 24 12 20 26 28 18 15 2 13 8 29 6 22 5 4 21 3 
0 17 30 28 18 20 14 11 26 10 8 13 2 24 33 15 7 9 25 27 23 5 4 12 16 32 1 31 22 3 6 29 21 19 
0 17 30 33 14 8 5 12 24 9 18 10 28 11 23 27 25 7 13 2 15 26 4 16 32 1 20 22 31 3 6 29 21 19 
0 17 30 11 14 33 8 2 4 15 18 28 26 23 10 27 9 25 7 12 24 6 29 13 32 16 1 22 31 20 21 19 5 3 
0 31 32 12 33 15 2 13 1 24 20 18 28 26 4 5 16 10 27 7 8 14 9 23 25 17 11 30 22 6 29 21 19 3 
0 17 30 11 14 33 8 13 2 15 5 12 24 16 32 23 25 9 20 22 31 3 6 28 18 21 1 7 26 4 10 27 29 19 
0 17 30 11 14 25 20 15 1 24 33 18 28 26 6 22 31 32 16 12 13 23 10 27 9 7 8 2 5 4 21 29 3 19 
0 17 30 11 14 33 23 10 27 21 20 4 26 18 1 2 32 29 6 3 31 28 22 16 5 8 13 15 7 25 9 24 12 19 
0 17 30 11 14 33 2 15 24 8 7 9 25 27 20 18 28 26 10 13 21 16 32 1 19 29 31 3 22 12 5 4 23 6 
0 17 9 14 33 23 10 27 30 25 7 8 13 15 18 26 19 11 4 28 5 12 24 16 20 21 29 22 3 31 6 32 2 1 
0 17 22 9 23 4 26 28 18 15 24 12 2 25 7 32 27 13 8 33 14 11 30 5 10 16 1 21 20 29 6 3 31 19 
0 17 30 11 14 20 18 28 26 25 8 13 2 24 33 21 16 32 1 19 29 31 3 22 12 5 27 7 15 4 23 10 9 6 
0 17 30 11 14 33 8 13 2 15 22 31 7 32 20 6 29 21 19 9 24 12 1 10 27 5 16 18 28 26 4 3 23 25 
0 4 26 18 1 2 20 32 29 6 3 17 30 11 14 33 23 10 27 21 16 24 12 5 9 28 15 13 25 7 8 22 31 19 
0 30 14 33 17 8 13 21 19 20 25 7 12 32 1 22 3 31 29 6 2 23 10 27 9 16 24 11 5 15 18 28 26 4 
0 17 33 14 11 30 12 13 5 24 15 16 8 2 4 29 6 1 32 20 18 28 26 22 3 21 19 9 10 7 23 25 27 31 
0 17 30 11 14 8 13 2 15 18 28 26 4 7 23 33 25 9 6 31 3 22 20 12 24 16 5 1 32 27 29 21 19 10 
0 10 30 11 14 33 12 20 5 2 8 13 15 17 18 28 26 23 27 9 25 7 24 16 4 1 32 31 3 22 6 29 21 19 
0 17 30 5 12 11 24 16 32 1 20 25 10 9 27 23 7 4 28 18 15 2 13 8 33 14 22 3 31 26 6 21 29 19 
0 17 30 22 5 10 9 25 23 16 7 4 26 28 18 27 1 15 8 14 33 11 13 2 6 12 24 20 32 31 3 29 21 19 
0 17 21 30 11 14 8 33 13 2 26 28 18 15 4 7 1 20 32 29 3 31 22 16 5 19 6 23 25 9 10 27 12 24 
0 17 30 11 14 13 5 24 15 23 10 27 26 28 18 20 29 8 33 2 21 12 16 32 4 1 9 25 7 22 6 31 19 3 
0 17 30 9 10 11 14 33 23 27 25 7 8 13 2 15 29 28 26 4 18 22 21 1 32 12 24 3 31 16 20 6 19 5 
0 17 30 11 14 33 12 24 15 2 13 16 32 1 20 28 26 4 31 29 10 8 7 25 22 3 6 18 23 21 19 9 27 5 
0 17 30 21 14 33 23 10 27 9 25 7 8 13 2 6 12 24 16 5 4 22 26 28 18 1 15 11 20 29 3 31 32 19 
0 20 1 30 11 14 33 8 13 17 22 31 3 32 6 29 21 19 9 24 10 27 5 2 15 18 23 25 7 12 16 4 26 28 
0 17 30 11 14 33 8 2 15 18 13 28 26 29 6 22 3 32 1 20 5 16 9 12 24 27 10 25 31 23 7 4 21 19 
0 17 30 11 14 20 33 8 27 13 22 2 31 24 5 18 28 26 4 7 23 25 9 10 16 32 15 12 3 6 29 21 19 1 
0 30 14 33 17 8 13 2 23 10 4 9 16 32 1 22 3 31 29 6 21 19 20 25 7 12 24 15 5 27 26 28 11 18 
0 6 29 23 21 19 15 12 1 5 16 2 24 18 28 26 4 17 30 11 14 33 27 10 9 25 8 13 22 31 3 32 20 7 
0 31 3 22 17 33 14 11 30 8 13 2 15 18 28 26 4 7 23 25 12 24 1 9 5 16 32 20 29 27 10 21 6 19 
0 32 16 24 8 33 14 11 30 17 5 12 13 2 15 18 28 26 4 7 23 25 20 9 10 1 22 29 27 21 31 3 6 19 
0 17 30 11 14 33 8 29 24 1 26 4 5 28 20 16 32 31 22 6 12 13 2 15 18 27 9 25 7 10 23 21 19 3 
0 17 30 11 14 1 32 31 3 22 18 28 15 4 6 26 2 13 8 33 20 5 16 24 12 10 27 9 23 25 7 29 21 19 
0 17 3 16 32 1 20 21 31 22 30 11 14 8 7 33 13 2 15 18 28 26 4 23 25 5 12 24 9 6 27 10 19 29 
0 20 14 11 17 30 33 8 13 2 15 18 28 26 4 7 25 9 19 23 10 27 22 3 31 12 24 16 32 1 6 5 29 21 
0 17 30 11 33 14 8 13 10 27 21 20 1 9 31 6 29 22 2 3 32 19 15 12 24 16 23 18 28 26 4 7 25 5 
0 17 21 20 1 32 16 24 12 5 27 10 29 25 23 4 26 28 18 15 2 30 11 14 33 8 13 31 7 3 6 22 9 19 
0 17 30 11 14 9 16 24 15 29 7 25 8 20 13 12 23 10 27 32 21 33 26 28 2 18 4 5 1 22 31 3 6 19 
0 17 16 11 14 33 8 13 2 15 4 29 6 1 32 20 18 26 28 22 30 21 19 9 10 12 5 7 23 25 27 24 3 31 
0 17 8 7 25 9 16 24 4 26 28 18 30 11 5 33 13 2 15 23 10 19 31 32 20 1 3 12 14 27 22 6 29 21 
0 2 13 8 33 14 11 22 17 15 30 27 7 25 9 18 28 26 4 23 10 5 12 24 3 21 29 19 20 31 6 32 16 1 
0 17 23 25 9 10 13 5 1 16 32 24 22 3 31 6 29 11 30 14 20 18 28 33 8 12 27 2 15 26 4 7 21 19 
0 17 30 11 2 4 5 32 1 20 18 28 26 22 3 7 16 12 24 8 13 10 9 25 23 33 14 15 6 29 27 31 21 19 
0 2 4 26 28 18 20 25 7 27 17 30 11 14 8 10 16 5 24 1 13 12 33 15 23 32 31 22 6 29 21 19 3 9 
0 17 30 11 14 33 8 13 27 32 26 25 2 12 24 15 18 28 7 4 23 9 10 21 16 1 22 31 6 29 3 20 5 19 
0 17 8 7 3 1 20 32 31 19 10 23 15 2 13 33 5 11 30 18 28 26 4 24 16 9 25 12 14 27 22 6 29 21 
0 17 30 11 14 33 8 13 7 25 9 21 28 24 1 6 16 32 29 3 12 18 2 19 15 26 4 5 23 10 27 31 20 22 
0 17 30 11 14 33 8 12 24 15 2 13 16 32 1 20 28 26 4 31 29 10 7 25 22 3 6 23 19 5 18 21 9 27 
0 17 30 11 14 33 12 24 15 2 13 16 32 1 20 28 26 4 31 29 10 8 7 25 22 3 6 23 19 9 27 18 21 5 
0 4 26 18 1 2 20 32 29 6 3 31 28 22 16 5 21 30 11 14 17 8 33 13 15 7 23 25 9 12 24 10 27 19 
0 33 14 8 13 2 15 18 28 26 4 25 3 32 16 17 30 11 12 7 9 27 10 5 29 22 23 31 21 1 20 24 6 19 
0 30 17 11 26 25 23 9 8 7 27 10 33 12 32 31 22 6 29 1 24 20 18 28 14 4 5 16 15 2 3 19 21 13 
0 17 21 20 1 32 16 30 11 14 28 26 24 31 33 2 13 15 18 23 27 5 4 8 7 25 9 3 6 29 10 12 22 19 
0 17 30 8 7 25 33 11 14 12 24 15 2 16 13 32 22 3 31 6 23 4 19 5 21 29 10 9 18 28 26 27 1 20 
0 17 30 11 14 33 20 8 13 23 15 10 9 25 1 12 24 29 6 16 26 18 7 27 2 5 4 32 22 28 31 3 19 21 
0 17 21 30 11 14 8 33 13 2 26 28 18 15 4 7 1 20 32 29 3 31 22 16 5 19 27 10 24 23 6 12 9 25 
0 17 30 11 14 10 29 26 21 20 1 32 16 24 5 27 3 31 6 12 19 9 33 8 13 2 15 18 28 4 7 23 25 22 
0 17 30 11 10 29 26 21 20 1 32 16 24 5 27 3 31 6 12 19 9 14 33 8 13 2 15 18 28 4 7 23 25 22 
0 17 11 14 30 33 8 13 2 12 24 25 18 28 26 4 7 23 22 9 10 27 29 21 1 16 32 31 15 6 5 20 19 3 
0 17 30 11 14 33 12 24 15 8 10 29 31 4 26 20 1 32 16 13 2 7 25 22 3 6 23 19 5 18 28 21 9 27 
0 17 30 11 14 27 8 13 20 33 23 15 10 9 25 1 12 24 29 6 16 26 18 7 2 5 4 32 22 28 31 3 19 21 
0 17 30 11 14 29 33 5 13 2 15 18 28 21 8 12 23 10 27 26 20 9 25 1 24 6 16 7 4 32 22 31 3 19 
0 17 33 14 31 3 22 25 23 7 4 26 28 8 21 5 12 16 32 1 6 29 15 18 9 27 20 24 30 11 10 13 2 19 
0 17 30 22 5 10 9 25 23 16 7 4 26 18 27 1 15 8 14 33 24 11 13 32 2 12 21 31 6 29 3 28 20 19 
0 17 30 11 14 29 33 5 13 2 15 18 28 8 12 23 10 27 26 20 9 25 16 4 31 22 24 3 32 6 1 19 21 7 
0 17 30 11 22 6 31 3 23 7 4 19 24 12 5 21 29 8 25 33 14 26 2 13 16 32 18 15 28 9 10 27 1 20 
0 17 30 11 14 25 20 15 12 21 29 4 23 10 27 9 7 3 8 2 13 1 24 33 18 28 26 6 22 32 31 16 5 19 
0 17 11 22 6 31 3 23 7 4 19 24 12 5 21 29 30 8 25 33 13 2 15 18 9 10 27 16 32 1 14 26 28 20 
0 17 30 11 14 20 33 8 13 23 15 10 9 25 1 12 24 29 6 16 32 3 22 31 4 27 21 28 2 5 7 18 26 19 
0 13 2 15 18 9 10 27 5 12 16 32 1 6 24 30 11 14 33 8 25 26 28 20 7 4 19 21 29 31 17 22 3 23 
0 30 11 31 33 12 20 5 2 17 29 8 13 15 18 28 4 23 10 27 7 25 9 19 21 6 3 14 22 16 26 1 32 24 
0 17 30 11 10 29 26 21 20 1 32 16 24 5 27 3 31 6 12 19 9 14 33 8 23 25 15 28 4 7 13 2 18 22 
0 4 26 18 1 2 20 23 29 6 3 31 28 22 16 5 21 30 11 14 17 8 33 13 15 7 32 25 9 10 27 12 24 19 
0 17 30 11 14 29 33 5 13 2 15 18 28 21 8 12 23 10 27 26 20 9 25 16 4 31 22 24 3 32 6 7 1 19 
0 17 22 5 27 32 16 24 30 11 14 33 12 15 2 13 1 8 18 26 4 9 25 10 28 31 20 21 23 3 6 29 7 19 
0 30 11 17 25 18 15 2 8 12 33 5 13 14 27 9 7 10 23 24 1 26 32 16 22 28 31 3 4 6 29 20 21 19 
0 17 30 5 12 11 10 9 27 23 3 4 28 18 15 2 13 8 33 14 25 20 24 22 7 1 32 16 31 26 6 21 29 19 
0 17 26 14 33 25 8 30 29 21 5 12 24 19 4 7 23 3 31 6 22 11 2 13 16 32 18 15 28 9 10 27 20 1 
