0 17 30 11 14 33 8 7 25 9 27 10 23 5 24 12 2 15 13 16 4 26 28 18 32 1 20 21 6 29 31 3 22 19 
0 17 30 11 14 33 8 7 25 9 27 10 23 5 24 12 2 15 13 16 4 26 28 18 32 1 20 22 3 6 29 31 21 19 
0 17 30 11 14 33 8 7 25 9 27 10 23 5 24 12 2 15 13 16 4 26 28 18 32 1 20 22 3 6 29 31 21 19 
0 17 30 11 14 33 8 7 25 9 27 10 23 5 24 12 2 15 13 16 4 26 28 18 32 1 20 22 3 6 29 31 21 19 
0 17 30 11 14 33 8 7 25 9 27 10 23 5 24 12 2 15 13 16 4 26 28 18 32 1 20 22 3 6 29 31 21 19 
0 17 30 11 14 33 8 7 25 9 27 10 23 5 24 12 2 15 13 16 4 26 28 18 32 1 20 22 3 6 29 31 21 19 
0 17 30 11 14 33 8 7 25 9 27 10 23 5 24 12 2 15 13 16 4 26 28 18 32 1 20 22 3 6 29 31 21 19 
0 17 30 11 14 33 8 7 25 9 27 10 23 5 24 12 2 15 13 16 4 26 28 18 32 1 20 22 3 6 29 31 21 19 
0 17 30 11 14 33 8 7 25 9 27 10 23 5 24 12 2 15 13 16 4 26 28 18 32 1 20 22 3 6 29 31 21 19 
0 17 30 11 14 33 8 7 25 9 27 10 23 5 24 12 2 15 13 16 4 26 28 18 32 1 20 22 3 6 29 31 21 19 
0 17 30 11 14 33 8 7 25 9 27 10 23 5 24 12 2 15 13 16 4 26 28 18 32 1 20 22 3 6 29 31 21 19 
0 17 30 11 14 33 8 7 25 9 27 10 23 5 24 12 2 15 13 16 4 26 28 18 32 1 20 22 3 6 29 31 21 19 
0 17 30 11 14 33 8 7 25 9 27 10 23 5 24 12 2 15 13 16 4 26 28 18 32 1 20 22 3 31 6 29 21 19 
0 17 30 11 14 33 8 7 25 9 27 10 23 5 24 12 13 2 15 16 4 26 28 18 32 1 20 22 3 31 6 29 21 19 
0 17 30 11 14 33 8 7 25 9 27 10 23 5 24 12 13 2 15 16 4 26 28 18 32 1 20 22 3 31 6 29 21 19 
0 17 30 11 14 33 8 7 25 9 27 10 23 5 24 12 2 15 13 16 4 26 28 18 32 21 20 1 22 31 3 6 29 19 
0 17 30 11 14 33 23 27 10 9 25 7 8 13 2 15 12 16 5 24 4 26 28 18 32 1 20 22 3 31 6 29 21 19 
0 17 30 11 14 33 8 7 25 9 27 10 23 5 24 12 2 15 13 16 4 26 28 18 32 1 20 22 3 6 29 21 31 19 
0 17 30 11 14 33 8 7 25 9 27 10 23 5 13 2 15 12 24 4 26 28 18 16 32 1 20 22 3 6 29 31 21 19 
0 17 30 11 14 33 8 7 25 9 27 10 23 5 24 12 2 15 13 16 4 26 28 18 32 1 20 22 31 3 6 29 19 21 
0 17 30 11 14 33 8 7 25 9 27 10 23 5 24 12 2 15 13 16 4 26 28 18 32 1 20 22 31 3 6 29 19 21 
0 17 30 11 14 33 8 7 25 9 27 10 23 5 24 12 2 15 13 16 4 26 28 18 32 22 1 20 21 31 3 6 29 19 
0 17 30 11 14 33 8 7 25 9 27 10 23 5 24 12 2 15 13 16 4 26 28 18 32 22 1 20 21 31 3 6 29 19 
0 17 30 11 14 33 23 27 10 9 25 8 7 5 24 12 2 15 13 16 4 26 28 18 32 1 20 22 3 6 29 31 21 19 
0 17 30 11 14 33 8 7 25 9 27 10 23 5 24 12 2 15 13 16 4 26 18 28 32 1 20 22 21 31 3 6 29 19 
0 17 30 11 14 33 8 7 25 9 27 10 23 5 24 13 2 12 15 16 4 26 28 18 32 1 20 22 3 6 29 31 21 19 
0 17 30 11 14 33 8 7 25 9 27 10 23 5 24 12 2 15 13 4 26 28 18 16 32 1 20 22 3 6 29 31 21 19 
0 17 30 11 14 33 8 7 25 9 27 10 23 5 24 12 13 2 15 16 4 26 28 18 32 1 20 22 3 31 21 19 29 6 
0 17 30 11 14 33 8 27 23 10 9 25 7 13 2 15 24 5 16 12 4 26 28 18 32 1 20 22 3 31 6 29 21 19 
0 17 30 11 14 33 8 7 25 9 27 10 23 5 12 13 2 15 24 16 4 26 28 18 32 1 20 22 3 31 6 29 19 21 
0 17 30 11 14 33 8 7 25 9 27 10 23 5 24 12 2 15 13 16 4 26 28 18 32 21 31 19 29 6 3 22 20 1 
0 17 30 11 14 33 8 24 5 23 10 27 9 25 7 12 2 15 13 16 4 26 28 18 32 1 20 22 3 6 29 31 21 19 
0 17 30 11 14 33 8 7 25 9 27 10 23 5 24 12 2 15 13 16 4 26 28 32 18 1 20 22 3 6 29 31 21 19 
0 17 30 11 14 33 23 27 24 12 15 2 13 7 8 25 9 10 5 4 26 28 18 16 32 1 20 22 3 31 6 29 21 19 
0 17 30 11 14 33 8 7 25 9 27 10 23 5 24 12 2 15 13 16 4 26 28 18 32 1 31 21 6 20 22 3 29 19 
0 17 30 11 14 33 23 27 16 8 7 25 9 10 5 24 12 2 15 13 4 26 28 18 32 1 20 22 3 6 29 31 21 19 
0 17 30 11 14 33 8 23 27 24 12 15 2 13 7 25 9 10 5 4 26 28 18 16 32 1 20 29 21 3 31 22 6 19 
0 17 30 11 14 33 8 7 25 9 27 10 23 5 12 13 24 2 15 16 4 26 28 18 32 20 3 31 22 1 21 29 6 19 
0 17 30 11 14 33 8 7 25 9 27 10 23 5 13 2 15 4 16 24 12 26 28 18 32 22 1 20 21 31 3 6 29 19 
0 17 30 11 14 33 23 27 10 9 25 7 8 13 2 16 12 24 5 4 26 15 28 18 32 1 20 22 3 6 29 31 21 19 
0 17 30 11 14 33 23 27 24 12 15 2 13 7 8 25 9 10 5 4 26 28 18 16 32 1 20 29 21 6 3 31 22 19 
0 17 30 11 14 33 8 7 25 9 27 10 15 2 13 23 12 24 5 16 4 26 28 18 32 1 20 21 29 22 31 3 6 19 
0 17 30 11 14 33 8 7 25 9 27 10 15 2 13 23 12 24 5 16 4 26 28 18 32 1 20 21 29 22 31 3 6 19 
0 17 30 11 14 33 8 7 25 9 27 10 23 5 24 12 2 15 13 16 4 26 28 18 32 1 19 29 31 22 3 20 6 21 
0 17 30 11 14 23 27 10 9 25 7 8 13 2 33 15 5 24 12 16 4 26 28 18 32 21 20 1 22 31 3 6 29 19 
0 17 30 11 14 33 23 27 10 9 25 5 8 7 24 12 13 2 15 16 4 26 28 18 32 1 20 22 31 6 3 29 21 19 
0 17 30 11 14 33 8 7 25 9 27 10 23 5 24 2 15 13 16 4 26 28 18 32 1 20 22 3 6 29 31 21 12 19 
0 17 30 11 14 33 8 7 25 9 27 10 23 5 24 12 2 15 13 6 3 31 22 1 20 21 32 18 28 26 4 16 29 19 
0 17 30 11 14 33 8 7 25 9 27 10 23 5 12 13 24 2 15 16 4 26 28 18 32 1 20 22 21 3 31 6 19 29 
0 17 30 11 14 33 23 27 24 12 15 2 13 7 8 25 9 10 5 4 26 28 18 16 32 1 20 6 31 3 22 19 29 21 
0 17 30 11 14 23 8 7 25 9 27 10 33 5 24 12 2 15 13 16 4 26 28 18 32 1 20 22 3 6 29 31 21 19 
0 17 30 11 14 21 19 16 32 1 20 22 3 31 6 29 18 28 26 4 5 24 12 15 2 13 8 7 25 9 27 10 23 33 
0 17 30 11 14 33 8 7 25 9 27 10 23 5 24 12 2 15 13 16 3 22 20 1 32 18 28 4 26 31 6 29 21 19 
0 17 30 11 14 8 7 25 9 27 10 23 33 13 2 15 5 24 12 16 4 26 28 18 32 1 20 22 3 31 6 21 19 29 
0 17 30 11 14 2 13 23 10 27 9 25 7 8 33 15 12 16 18 28 26 4 5 24 32 1 20 21 22 31 3 6 29 19 
0 17 30 11 14 9 33 8 7 25 27 10 23 5 24 12 2 15 13 16 1 32 18 28 26 4 20 22 3 6 29 31 21 19 
0 17 30 11 14 33 23 27 10 9 25 7 8 13 2 15 24 5 4 26 12 18 28 32 16 1 20 22 31 3 6 29 19 21 
0 17 30 11 14 33 8 7 25 9 27 10 1 32 18 28 26 4 16 13 15 2 12 24 5 23 20 22 3 6 29 31 21 19 
0 17 30 11 14 33 5 24 12 2 25 23 27 10 9 7 8 13 15 4 26 16 28 18 32 1 20 22 3 6 29 31 21 19 
0 17 30 11 2 15 8 7 25 9 27 10 23 5 24 12 14 33 13 16 4 26 28 18 32 1 20 6 29 19 21 22 3 31 
0 17 30 11 14 33 10 23 5 24 12 8 7 25 9 27 2 15 13 16 4 26 28 18 32 19 21 20 1 22 31 6 3 29 
0 17 30 11 14 33 23 27 10 9 25 7 8 13 16 15 21 6 29 31 3 22 20 1 32 2 5 24 12 4 26 28 18 19 
0 17 30 11 14 33 7 25 9 27 10 23 5 13 2 15 32 18 28 8 12 24 4 26 16 1 20 22 3 6 29 31 21 19 
0 17 30 11 14 33 23 27 10 9 25 7 8 13 5 12 2 15 24 16 4 26 28 20 18 32 1 22 31 21 3 6 29 19 
0 17 30 11 14 33 8 7 25 18 28 26 4 16 13 15 2 12 24 5 23 10 27 9 32 1 20 22 3 6 29 31 21 19 
0 17 16 24 12 15 2 13 10 27 23 9 25 7 8 33 30 11 14 5 4 26 28 18 32 21 20 1 22 31 3 6 29 19 
0 17 16 24 12 15 2 13 10 27 23 9 25 7 8 33 30 11 14 5 4 26 28 18 32 21 20 1 22 31 3 6 29 19 
0 17 30 11 14 33 8 7 25 9 27 10 23 5 24 12 13 2 15 20 4 26 18 28 16 32 1 21 29 22 3 31 19 6 
0 17 30 11 14 33 23 10 27 9 25 7 8 13 2 21 19 29 6 31 3 5 24 12 15 16 4 26 28 18 32 1 20 22 
0 17 30 11 14 33 23 10 27 9 25 7 8 13 2 5 24 12 15 16 4 26 32 28 18 21 22 20 1 3 31 6 29 19 
0 17 30 11 14 33 8 7 25 9 27 10 23 20 1 21 32 29 6 19 22 31 3 18 28 4 26 5 16 24 12 15 2 13 
0 17 8 19 30 11 14 33 23 27 10 9 25 7 13 2 15 12 24 16 5 4 26 28 18 32 1 21 20 6 29 22 3 31 
0 17 30 11 14 33 8 23 10 9 25 12 5 27 7 13 2 3 22 1 32 18 28 26 4 24 15 16 21 20 19 31 29 6 
0 17 30 11 14 33 8 7 25 9 27 10 23 5 31 12 13 2 15 16 4 26 24 28 18 32 1 20 22 3 6 29 21 19 
0 17 13 30 11 14 33 8 7 25 9 27 10 23 5 24 12 2 15 16 4 26 28 18 32 31 20 22 3 1 6 29 21 19 
0 8 13 2 15 12 24 17 30 11 14 33 7 25 9 27 10 23 5 16 4 26 28 18 32 1 20 22 3 6 29 19 21 31 
0 17 30 11 2 15 8 7 25 9 27 10 23 5 24 12 14 33 13 16 4 26 28 18 32 31 21 6 29 19 1 20 22 3 
0 17 30 11 14 33 8 23 12 10 9 25 7 13 5 24 27 2 15 16 4 26 28 18 32 20 6 29 19 21 1 22 3 31 
0 17 30 11 14 33 23 27 10 9 25 7 8 13 2 15 24 5 4 26 12 18 28 32 16 1 22 3 6 31 29 21 19 20 
0 17 30 11 14 33 8 7 25 9 10 27 23 5 24 12 13 2 15 4 26 28 18 3 31 6 29 21 19 1 16 22 32 20 
0 17 16 24 12 30 11 14 33 23 27 15 2 13 7 8 25 9 10 5 4 26 28 18 32 1 20 22 3 31 6 29 21 19 
0 8 13 17 30 11 14 23 33 7 25 9 27 10 5 12 24 2 15 16 4 26 28 18 32 20 1 22 3 31 6 29 21 19 
0 17 30 11 14 33 8 7 23 27 24 12 19 2 13 25 9 10 5 4 26 28 18 16 32 1 20 22 3 6 29 31 21 15 
0 17 30 11 14 33 8 7 25 31 20 1 22 3 32 18 28 26 4 16 13 15 2 12 24 5 23 10 27 9 6 29 21 19 
0 17 30 11 14 33 8 7 25 9 27 10 23 12 13 2 15 24 16 4 26 28 18 32 1 20 22 3 31 6 21 5 29 19 
0 17 30 11 14 33 8 7 25 9 27 23 10 13 2 15 24 5 4 26 12 18 28 32 16 1 22 31 3 6 20 29 21 19 
0 17 30 11 14 33 8 7 13 23 27 10 9 25 2 15 12 5 24 32 6 29 20 16 4 26 28 18 3 31 1 21 22 19 
0 17 30 11 14 33 23 27 10 9 25 7 8 13 2 15 1 20 22 3 6 29 31 18 32 12 24 16 5 4 26 28 21 19 
0 17 30 11 14 33 8 7 25 9 27 10 5 24 12 2 15 23 13 16 4 26 28 18 3 31 22 29 19 6 20 21 1 32 
0 17 30 11 14 33 23 27 10 9 25 7 8 18 32 31 13 2 15 5 24 12 16 4 26 28 1 20 22 3 6 21 29 19 
0 17 30 11 14 33 8 23 10 9 25 12 5 27 7 13 2 3 22 1 32 18 28 26 4 16 20 24 15 31 6 29 21 19 
0 17 30 11 14 33 23 8 7 25 9 27 10 5 24 12 13 2 15 16 4 1 3 29 6 26 28 18 32 21 20 22 31 19 
0 17 30 11 14 33 8 7 25 9 27 10 23 5 24 12 2 15 16 32 1 6 31 18 28 26 4 21 3 22 20 13 29 19 
0 17 30 11 14 33 23 27 10 18 28 26 4 16 24 15 2 13 5 12 8 7 25 9 32 1 20 22 3 31 6 29 19 21 
0 17 30 11 14 33 8 7 25 9 27 10 23 5 12 2 15 13 16 4 26 28 18 32 1 22 3 24 6 31 29 21 19 20 
0 17 30 11 14 33 8 7 25 9 27 4 26 16 28 18 32 1 20 22 31 3 6 21 29 19 10 23 5 24 13 2 15 12 
0 17 30 11 14 33 8 7 25 9 27 10 23 12 13 2 15 4 16 24 26 28 18 32 1 20 22 3 31 6 21 5 29 19 
0 17 30 11 14 33 8 7 25 27 10 23 5 24 12 2 15 13 9 32 4 26 28 18 16 1 31 21 29 6 20 3 22 19 
0 17 30 11 14 33 8 23 10 25 9 12 5 27 7 13 2 3 22 1 32 18 28 26 4 16 20 24 15 31 6 29 21 19 
0 17 30 11 14 33 23 10 27 9 25 7 8 13 2 15 12 18 28 32 21 20 1 22 31 3 6 16 26 4 5 24 29 19 
0 17 30 11 14 33 23 8 7 25 27 10 5 9 24 12 2 4 26 28 18 16 32 22 31 3 6 29 21 19 20 1 13 15 
0 17 30 11 14 23 10 2 33 24 13 7 27 5 12 8 25 9 15 16 4 26 28 18 32 1 20 22 3 31 6 29 21 19 
0 17 30 11 16 33 8 7 25 9 27 10 23 21 5 13 2 15 12 24 4 26 28 18 32 1 20 22 3 6 29 31 14 19 
0 7 8 13 33 2 15 12 4 5 17 30 11 14 23 10 27 9 25 16 24 26 28 18 32 1 20 22 3 6 29 31 21 19 
0 17 30 11 14 33 8 13 2 15 12 24 16 5 26 23 10 27 9 25 7 4 28 18 3 31 22 19 6 29 32 21 1 20 
0 17 30 11 14 33 8 27 23 10 9 25 12 5 7 13 2 3 22 1 32 18 28 26 4 16 20 24 15 31 6 29 21 19 
0 13 16 4 26 28 18 32 15 21 19 6 29 1 22 31 3 20 17 30 11 14 33 8 7 25 9 27 10 23 5 24 12 2 
0 17 30 11 4 26 28 18 32 27 10 2 15 8 7 25 9 23 5 24 12 14 33 13 16 1 20 22 3 31 6 21 29 19 
0 17 30 11 4 26 16 28 18 32 1 14 33 8 7 25 9 27 10 23 5 12 13 2 15 24 20 22 3 31 6 29 19 21 
0 17 30 10 14 33 8 11 23 9 25 12 5 27 7 13 24 2 15 16 4 26 28 18 32 1 20 22 3 31 6 29 21 19 
0 17 30 11 14 23 33 27 10 9 25 7 8 13 2 18 32 15 5 24 12 16 4 26 28 21 20 1 22 31 3 6 29 19 
0 8 13 2 15 12 24 16 5 26 17 30 11 14 33 7 25 9 27 10 23 4 28 18 32 1 20 22 6 3 29 31 21 19 
0 17 30 11 14 33 8 7 25 9 27 10 23 24 12 15 2 13 5 26 28 18 16 32 1 22 3 31 20 29 6 4 21 19 
0 17 30 14 22 20 1 32 18 28 26 4 21 15 2 13 12 24 5 23 10 27 9 25 7 8 33 11 3 31 6 29 16 19 
0 17 30 11 14 33 8 7 25 9 27 10 12 5 24 23 2 15 13 16 4 26 3 31 22 20 1 32 18 28 6 29 21 19 
0 17 30 11 14 33 8 26 28 23 27 24 12 15 2 13 7 25 9 10 5 4 18 16 32 1 20 22 3 6 31 19 21 29 
0 17 16 24 15 2 13 10 27 23 9 25 7 8 33 30 11 14 5 4 26 28 18 32 21 20 1 12 22 31 3 6 29 19 
0 17 30 11 14 33 8 7 25 9 27 10 23 16 5 24 12 2 15 13 4 26 18 32 1 20 22 28 31 3 6 29 19 21 
0 17 30 11 14 33 8 4 6 3 31 22 19 29 20 1 21 32 18 28 26 7 25 9 23 27 10 13 2 15 12 5 24 16 
0 17 30 11 14 33 23 10 27 9 4 28 5 16 12 15 2 13 8 7 25 26 24 18 32 1 20 22 3 31 6 29 19 21 
0 17 30 11 12 23 10 9 25 8 14 5 27 7 13 24 33 2 15 16 4 26 28 18 32 1 20 22 3 31 6 29 21 19 
0 17 30 11 14 4 26 28 18 32 1 20 22 3 31 6 29 19 21 16 33 23 10 9 25 7 8 12 5 13 27 2 15 24 
0 17 30 11 14 33 23 10 27 9 25 7 8 13 2 21 19 29 6 31 3 22 12 4 5 15 20 1 26 28 18 24 16 32 
0 17 30 11 14 33 8 27 23 10 9 25 7 13 2 12 5 24 4 26 18 28 1 22 19 21 29 15 16 31 3 32 20 6 
0 30 17 19 14 25 10 27 11 33 23 24 12 15 2 13 7 8 9 5 4 26 28 18 16 32 1 20 22 3 31 29 6 21 
0 17 30 11 14 33 8 7 25 9 27 10 23 5 24 20 32 29 6 3 12 16 1 31 22 21 19 2 15 13 4 18 28 26 
0 17 30 11 14 16 4 26 28 13 18 32 21 1 20 22 31 3 33 8 7 25 9 27 10 23 5 2 15 12 24 29 6 19 
0 17 30 11 14 33 9 8 7 23 12 5 10 25 13 27 2 15 24 4 26 28 29 6 31 3 22 20 1 32 18 16 19 21 
0 17 30 11 2 15 8 7 25 9 27 4 26 28 18 32 10 23 5 24 12 19 13 16 14 33 21 20 1 22 31 3 6 29 
0 17 30 11 14 33 8 20 23 27 10 9 25 7 5 24 12 13 2 15 16 4 32 6 29 19 21 26 28 18 1 22 3 31 
0 17 30 11 14 33 23 10 27 9 25 7 8 13 2 15 12 24 5 16 4 26 20 18 32 1 22 28 3 31 6 29 21 19 
0 4 28 5 16 12 15 2 13 8 7 25 9 10 27 23 33 14 11 30 17 26 24 18 32 1 20 22 3 31 6 29 21 19 
0 17 30 11 14 33 8 23 10 9 25 27 7 13 2 12 5 24 4 26 18 28 1 22 19 21 29 15 6 31 3 32 20 16 
0 17 30 14 32 18 28 11 33 8 7 25 9 27 10 23 5 13 2 15 24 4 26 16 1 20 12 31 22 3 6 29 21 19 
0 17 30 11 14 33 23 27 10 9 25 7 8 5 24 20 2 15 13 16 4 6 31 3 22 32 1 12 26 28 18 29 21 19 
0 17 23 11 30 14 32 18 28 33 8 7 25 9 27 10 5 13 2 15 12 24 4 26 16 1 20 22 3 6 29 31 21 19 
0 17 30 11 14 33 8 7 25 9 27 10 23 5 12 13 24 2 15 16 4 26 32 22 28 18 21 1 20 29 19 31 3 6 
0 17 30 11 14 33 1 21 5 28 26 4 16 15 2 13 12 24 7 25 9 10 27 23 20 8 18 32 22 31 3 6 29 19 
0 17 30 11 14 33 23 8 7 25 9 27 10 5 24 12 13 2 15 16 1 3 29 6 26 28 18 32 21 20 22 31 19 4 
0 17 30 11 14 33 23 10 27 9 7 8 13 2 15 12 25 18 28 32 21 20 1 22 31 3 6 29 19 26 4 16 24 5 
0 17 30 11 14 33 8 4 6 3 31 22 19 29 20 1 21 32 18 28 26 7 25 9 23 27 10 13 2 24 12 15 5 16 
0 17 5 4 26 28 18 16 32 22 31 3 6 29 21 19 20 30 11 14 33 23 8 7 25 27 10 9 24 12 2 15 13 1 
0 17 30 11 14 33 23 27 10 9 25 7 8 13 2 15 12 24 5 4 26 16 22 28 31 1 32 18 20 21 19 6 29 3 
0 17 30 11 33 8 7 25 9 14 31 10 23 5 24 12 2 15 13 16 4 26 28 18 32 1 20 22 3 6 29 27 21 19 
0 17 16 30 11 14 33 8 23 27 10 9 25 5 7 24 12 13 15 4 26 28 2 18 32 1 20 22 3 31 6 29 21 19 
0 17 23 11 30 14 33 10 27 9 25 7 8 13 2 15 12 18 28 32 21 20 1 22 31 3 6 29 19 26 4 5 24 16 
0 17 14 11 33 8 7 25 9 30 23 27 24 32 1 20 22 3 6 10 5 4 26 28 18 16 12 15 2 13 31 29 21 19 
0 17 30 11 14 33 23 10 21 20 1 22 31 3 6 29 19 26 4 16 27 9 25 7 8 13 2 15 12 18 28 32 24 5 
0 17 30 11 14 33 8 7 25 9 27 10 23 5 24 12 2 15 6 16 26 28 18 32 1 20 4 22 3 13 29 31 21 19 
0 17 26 4 16 15 2 13 12 24 5 9 10 27 23 33 14 11 30 20 25 7 8 28 18 32 1 22 3 31 6 29 21 19 
0 17 30 11 14 33 23 27 10 9 25 7 8 13 2 15 12 24 16 5 26 28 3 32 1 20 22 6 4 18 31 21 29 19 
0 17 30 11 14 33 8 20 23 27 10 9 25 7 5 24 12 13 2 15 16 4 32 6 29 19 21 1 22 3 31 26 18 28 
0 17 30 11 14 33 8 2 25 9 27 10 23 5 24 12 7 15 13 16 4 29 6 20 3 22 32 1 26 28 18 31 21 19 
0 17 10 11 14 33 8 7 25 9 27 30 23 28 26 4 16 15 2 13 12 24 5 18 32 1 20 22 3 31 6 29 21 19 
0 17 30 11 4 26 28 18 32 27 10 23 5 24 15 12 2 19 13 16 14 33 8 7 25 9 1 20 22 31 3 6 29 21 
0 17 30 11 14 33 8 10 23 27 20 9 25 7 5 24 12 13 2 15 16 4 32 6 29 19 21 1 22 3 31 26 28 18 
0 17 30 11 14 33 8 23 12 5 10 9 25 7 13 27 2 15 24 4 26 28 29 18 32 1 20 22 3 6 19 16 21 31 
0 4 28 5 16 12 15 2 13 8 17 30 11 14 33 23 10 27 9 25 7 24 26 20 18 32 1 22 31 21 3 6 29 19 
0 17 30 11 14 33 8 7 25 9 27 23 10 13 2 12 24 16 5 18 26 22 20 1 32 28 4 15 21 29 3 31 19 6 
0 17 30 11 14 23 10 9 25 8 12 5 27 7 13 24 33 2 15 16 4 26 28 31 18 32 1 20 22 19 21 3 6 29 
0 17 30 11 4 26 24 18 28 32 1 19 22 20 21 12 13 2 15 16 14 33 8 7 25 9 27 10 23 5 31 3 6 29 
0 17 11 30 14 33 23 27 10 9 25 7 8 18 32 1 20 22 31 3 6 29 21 19 28 5 12 13 4 15 2 16 26 24 
0 17 30 11 14 33 8 7 25 9 27 10 23 5 29 12 2 15 13 16 4 26 28 18 32 1 21 20 6 19 24 22 3 31 
0 17 30 11 14 33 8 20 25 9 10 23 5 24 12 2 29 6 1 22 31 3 7 13 15 27 16 4 26 28 18 32 19 21 
0 17 30 11 14 33 8 7 25 9 27 10 23 28 18 22 20 1 21 19 29 6 3 13 31 2 15 12 5 24 16 4 26 32 
0 17 10 11 14 33 8 7 25 9 27 30 23 5 24 12 2 15 13 16 4 18 28 26 32 21 1 20 29 22 3 31 19 6 
0 17 11 14 33 8 7 25 9 27 10 5 13 2 15 12 24 4 26 30 23 28 18 16 1 22 19 21 29 6 31 32 20 3 
0 17 30 11 14 33 8 7 25 9 27 10 23 5 24 12 2 15 13 16 4 32 18 20 28 21 1 22 31 3 6 29 19 26 
0 17 30 11 14 33 23 27 5 2 13 8 7 25 9 10 15 20 31 3 4 22 12 24 16 26 28 18 32 1 29 6 19 21 
0 17 30 11 14 33 23 27 20 1 32 18 8 7 25 9 10 22 31 3 6 29 21 5 16 24 12 15 2 13 4 26 28 19 
0 17 30 11 14 33 8 20 23 19 21 31 3 22 1 18 28 26 29 6 32 4 16 15 2 13 12 24 5 7 25 9 10 27 
0 17 16 24 12 15 31 13 10 27 23 9 25 7 8 33 30 11 14 5 4 26 28 18 32 21 20 1 22 2 3 6 29 19 
0 17 30 11 14 33 23 27 10 9 25 7 8 5 24 20 2 15 13 32 18 28 26 4 21 31 16 1 19 22 6 29 12 3 
0 17 30 11 14 33 8 7 24 12 1 2 13 21 29 6 3 31 22 20 15 32 18 5 23 10 27 9 25 28 4 26 16 19 
0 17 30 14 23 33 27 11 10 9 25 7 8 13 2 18 32 15 5 24 12 16 4 26 28 21 20 1 22 31 3 6 29 19 
0 17 30 11 14 33 8 7 25 9 27 10 23 5 18 32 15 2 4 26 13 28 22 20 1 16 12 24 31 29 3 21 6 19 
0 17 30 11 1 33 8 7 25 9 6 31 3 22 20 14 32 18 28 26 4 16 15 2 13 12 24 5 23 10 27 29 21 19 
0 17 30 26 18 32 20 22 3 1 6 29 31 21 19 24 12 2 15 13 16 4 28 11 14 33 8 7 25 9 5 23 27 10 
0 17 30 11 23 14 33 27 10 9 25 7 8 13 2 15 12 24 16 5 4 26 28 31 3 6 21 18 29 19 1 20 32 22 
0 17 30 11 24 20 2 13 8 7 25 9 10 27 23 33 14 5 4 26 12 18 28 32 1 22 31 3 6 29 21 16 19 15 
0 26 30 17 11 14 33 23 27 10 8 7 25 9 5 24 12 16 13 15 4 28 18 32 1 20 21 3 6 31 22 2 29 19 
0 17 30 11 14 33 9 5 2 13 8 22 31 3 23 10 25 7 4 20 27 24 12 15 16 26 28 18 32 1 6 29 19 21 
0 17 5 4 26 28 18 16 32 1 15 2 12 10 13 20 9 24 27 23 25 19 22 31 3 6 29 21 30 11 14 33 8 7 
0 17 30 11 14 33 23 27 24 16 26 28 18 32 1 29 6 19 21 3 4 22 12 5 2 13 8 7 25 9 10 15 20 31 
0 17 30 11 14 33 8 7 25 9 27 10 23 5 24 12 2 1 26 4 22 32 16 28 13 15 18 31 20 3 6 29 21 19 
0 17 30 11 14 33 23 8 7 25 9 27 10 18 5 4 2 15 28 13 16 12 32 24 26 1 21 20 22 31 3 6 29 19 
0 17 16 5 22 3 31 30 11 14 33 8 7 15 2 12 24 23 10 27 9 25 28 26 4 18 13 32 1 20 6 29 21 19 
0 17 23 14 33 11 30 27 5 12 24 16 32 1 6 31 15 2 18 28 26 4 21 3 22 20 13 8 7 25 9 10 29 19 
0 17 30 11 14 33 8 7 23 21 15 29 6 3 22 20 1 32 16 18 28 26 4 5 10 9 25 13 2 19 12 24 27 31 
0 17 30 9 25 3 16 24 12 15 11 14 33 8 7 27 10 23 4 5 31 22 29 19 6 20 21 1 32 18 28 26 2 13 
0 17 30 11 14 8 7 25 9 27 10 23 5 24 12 2 15 13 29 4 26 28 33 18 32 1 20 22 3 6 16 31 19 21 
0 17 30 11 14 16 24 12 15 2 3 22 20 1 32 18 28 23 4 5 8 33 7 25 9 26 27 10 13 21 31 6 29 19 
0 17 30 11 14 33 8 7 25 9 27 10 5 19 29 6 3 31 4 1 20 21 32 18 28 26 22 16 13 15 23 2 12 24 
0 17 30 11 14 25 23 27 10 9 33 31 8 13 2 7 18 32 1 20 22 3 6 29 21 5 16 24 12 15 4 26 28 19 
0 17 11 30 8 14 5 25 20 27 10 23 33 7 9 13 2 15 12 24 16 4 26 28 18 32 31 29 22 3 1 6 19 21 
0 17 30 11 14 33 8 26 28 32 21 1 20 29 19 22 31 3 6 4 7 27 9 23 25 10 13 2 18 15 12 5 24 16 
0 17 30 11 14 33 8 26 2 32 21 1 20 29 19 22 31 3 6 4 7 25 9 23 27 10 13 28 18 15 12 5 24 16 
0 17 30 11 14 33 23 27 10 9 25 7 8 31 6 29 21 19 13 4 15 12 24 5 18 16 3 1 20 32 2 26 28 22 
0 17 30 11 14 33 23 8 28 16 32 1 22 3 31 21 13 6 29 4 26 18 7 25 9 27 10 5 24 12 20 2 15 19 
0 24 12 2 16 4 8 7 13 9 25 5 17 30 11 14 33 23 27 10 26 15 28 18 32 1 20 22 3 31 6 29 21 19 
0 8 13 17 30 11 14 23 27 10 9 25 7 15 4 26 28 5 2 12 24 16 31 18 33 19 21 29 6 3 22 20 1 32 
0 17 30 18 32 1 20 22 31 3 6 29 21 13 2 15 12 24 33 28 27 10 9 25 7 8 4 26 16 19 11 14 5 23 
0 17 30 11 14 33 32 7 25 9 27 10 23 5 24 12 15 13 2 4 26 31 20 16 28 8 29 6 3 22 18 1 21 19 
0 17 30 11 14 16 24 12 15 2 3 22 20 1 32 18 28 23 4 5 33 8 7 25 9 27 10 13 26 21 19 31 29 6 
0 17 30 11 14 33 23 2 13 10 9 25 7 4 6 3 31 22 19 29 20 1 21 32 28 26 8 24 27 18 15 12 5 16 
0 17 30 11 14 33 23 27 10 9 25 7 8 5 24 20 2 15 13 16 4 6 31 3 22 32 1 18 28 12 19 29 26 21 
0 17 30 11 14 33 23 27 10 9 25 7 8 5 24 20 2 15 13 16 4 6 31 3 22 32 1 18 28 12 19 29 26 21 
0 17 30 11 14 33 8 7 25 1 12 24 23 27 10 9 32 22 3 6 29 31 19 2 5 4 26 28 15 21 16 13 20 18 
0 17 8 19 24 31 21 20 25 30 11 14 33 7 9 27 23 10 13 2 15 5 4 26 12 18 28 32 16 1 22 3 6 29 
0 17 30 11 33 8 7 25 9 27 23 10 13 32 16 1 14 22 26 12 18 28 2 15 24 5 4 31 3 6 29 21 19 20 
0 17 30 9 27 20 4 11 24 5 26 18 28 16 32 1 2 15 12 14 33 8 7 25 10 23 13 21 22 6 31 3 29 19 
0 17 30 11 28 18 32 15 2 19 13 16 21 20 1 22 31 26 14 33 8 7 25 9 27 10 23 5 24 12 4 3 6 29 
0 17 30 29 4 26 28 18 32 27 10 23 5 24 15 12 14 33 8 7 25 9 2 13 21 1 20 11 22 3 16 31 19 6 
0 17 6 31 29 21 3 22 1 32 16 28 33 14 11 30 12 24 5 4 20 26 18 27 10 9 25 7 8 13 23 2 15 19 
0 17 2 11 30 15 13 16 4 21 7 25 9 5 24 12 14 33 23 27 10 8 19 29 6 31 3 22 20 1 26 28 18 32 
0 17 30 11 14 33 23 27 10 7 25 9 5 24 32 15 18 20 2 28 8 13 12 21 1 22 31 3 29 6 16 26 4 19 
0 17 30 16 31 24 15 2 13 5 12 7 9 10 27 23 33 14 11 8 25 29 6 28 26 4 21 18 32 1 20 22 3 19 
0 17 30 11 14 33 8 26 28 18 32 1 20 22 3 24 21 29 19 6 4 7 25 9 27 10 23 5 31 12 13 2 15 16 
0 17 30 11 14 33 8 26 28 18 32 1 20 22 3 24 21 29 19 6 4 7 25 9 27 10 23 5 31 12 13 2 15 16 
0 17 30 11 23 14 18 6 32 1 20 31 21 22 3 16 24 12 33 27 15 2 13 7 8 25 9 10 5 4 26 28 29 19 
0 17 11 30 8 33 23 10 27 20 5 14 7 9 13 2 15 12 24 16 25 4 26 28 18 6 31 3 22 32 29 19 21 1 
0 32 15 18 20 33 2 28 17 30 11 14 23 10 27 9 25 7 8 13 12 5 24 16 4 26 1 22 3 6 29 31 21 19 
0 17 30 11 33 7 25 9 26 27 10 13 31 6 29 21 19 14 5 8 16 24 12 15 2 3 22 20 1 32 18 28 23 4 
0 17 30 11 14 33 8 4 25 9 10 27 19 21 3 31 6 2 13 28 7 23 12 5 24 15 16 18 26 32 1 29 20 22 
0 17 30 11 14 33 23 27 32 9 25 7 8 13 2 12 5 24 4 26 18 28 1 22 19 21 29 15 6 31 3 10 20 16 
0 17 30 11 14 33 23 27 10 9 25 5 8 7 24 12 20 2 15 13 16 4 6 31 3 22 32 1 18 28 19 29 26 21 
0 17 23 11 14 1 22 31 3 30 33 27 10 9 25 7 8 13 2 20 5 24 12 29 6 16 15 19 21 32 4 26 28 18 
0 17 30 9 27 20 4 11 24 5 26 18 28 16 32 1 2 15 12 7 25 10 14 33 23 8 13 22 3 31 29 6 21 19 
0 17 30 11 14 33 9 32 22 1 12 24 23 27 10 8 7 25 3 6 29 31 19 2 5 4 26 28 15 21 16 13 20 18 
0 17 14 23 27 10 9 25 7 8 13 2 15 16 31 21 4 26 28 6 30 29 5 11 33 24 12 18 32 1 20 22 3 19 
0 17 30 11 14 9 8 7 33 23 12 5 10 25 13 27 2 15 24 4 26 3 29 6 31 28 22 20 1 32 18 16 19 21 
0 17 11 6 31 3 23 14 33 30 25 9 10 27 7 8 22 32 20 4 5 2 15 12 29 13 24 16 26 28 18 1 21 19 
0 17 30 11 14 33 8 7 25 1 26 6 3 22 20 31 21 19 15 16 4 32 29 28 18 9 27 10 23 5 24 12 13 2 
0 17 30 11 14 33 8 7 25 1 26 6 3 22 20 31 21 19 15 16 4 32 29 28 18 9 27 10 23 5 24 12 13 2 
0 17 30 14 23 27 10 9 25 7 8 13 2 15 16 31 21 4 26 28 6 29 5 11 33 19 18 1 20 32 22 3 24 12 
0 17 11 6 31 3 23 14 33 30 25 9 10 27 7 8 22 32 19 28 26 4 13 2 15 12 24 16 5 18 20 21 1 29 
0 17 30 5 16 11 14 33 18 27 24 12 15 2 10 9 7 8 13 25 4 26 28 23 32 1 20 22 3 31 6 21 19 29 
0 17 30 11 14 33 8 24 5 23 10 27 9 25 21 32 20 13 15 2 12 7 16 26 28 19 31 29 6 3 18 22 4 1 
0 17 14 11 33 8 7 25 9 30 23 27 24 32 1 20 22 3 6 10 5 15 2 12 16 31 29 21 19 28 4 26 13 18 
0 17 4 11 25 9 10 30 14 8 7 27 23 5 24 13 2 15 12 18 28 32 21 20 1 33 22 31 3 6 29 19 26 16 
0 17 30 11 14 33 23 27 10 7 25 9 5 24 32 15 18 20 2 28 8 13 12 21 1 22 31 3 6 29 19 26 16 4 
0 17 30 11 14 23 10 33 8 7 25 4 26 28 18 16 31 21 6 29 19 5 24 9 12 13 2 1 3 32 15 27 20 22 
0 17 32 6 29 19 21 20 16 24 12 25 33 23 27 10 9 14 31 30 11 7 8 13 2 15 5 1 22 4 26 28 18 3 
0 17 23 14 33 11 30 3 5 12 24 16 32 1 6 31 15 2 8 7 25 9 10 13 4 26 28 18 20 22 27 29 19 21 
0 17 32 6 29 19 21 20 16 24 12 25 33 10 27 23 9 14 31 30 11 7 8 13 2 15 5 1 22 4 26 28 18 3 
0 17 30 16 31 21 4 26 28 6 29 25 8 5 14 23 27 10 9 7 12 15 2 13 24 11 33 18 32 1 20 22 3 19 
0 17 30 11 14 33 23 27 19 25 10 5 32 29 28 18 1 13 2 15 12 24 4 8 7 9 16 26 31 22 3 20 6 21 
0 17 30 11 14 27 23 20 8 33 5 21 12 15 32 9 10 2 16 24 25 7 13 4 26 28 18 1 22 3 6 29 31 19 
0 17 30 9 27 20 4 11 24 5 26 18 28 16 32 1 2 15 12 7 14 33 10 25 8 13 23 22 3 31 6 29 21 19 
0 17 16 24 12 30 11 14 33 23 27 15 2 13 7 18 6 32 1 20 31 21 22 3 29 19 26 28 10 9 25 8 4 5 
0 17 11 6 31 3 23 14 33 30 25 9 10 27 7 8 22 32 19 28 26 4 13 2 15 12 24 16 5 21 29 1 18 20 
0 18 10 27 23 33 32 15 2 9 4 26 25 7 17 30 11 14 8 5 24 12 13 16 28 1 20 22 3 6 29 31 21 19 
0 30 17 33 14 25 10 27 5 32 29 28 18 1 13 2 15 23 12 24 4 19 8 7 9 16 11 26 20 22 31 3 6 21 
0 17 8 31 3 18 16 20 29 6 32 33 25 9 10 27 23 14 30 13 24 12 2 5 28 26 4 11 15 7 1 21 22 19 
0 2 30 11 14 33 4 26 28 18 32 1 20 24 7 22 12 16 13 15 21 5 17 8 25 9 27 10 23 3 31 6 29 19 
0 17 30 1 26 4 22 8 7 25 27 10 32 16 28 13 15 11 14 33 9 23 5 24 12 2 18 31 20 3 6 29 21 19 
0 32 15 18 20 33 2 28 17 30 11 14 23 10 27 9 25 7 8 13 12 21 1 22 31 3 6 29 19 26 4 24 16 5 
0 30 17 19 14 25 10 27 5 32 29 28 18 1 13 2 15 23 12 24 4 33 8 7 9 16 26 31 22 3 20 11 21 6 
0 33 30 11 17 14 8 7 25 1 26 6 3 22 20 31 21 19 15 16 4 32 29 28 18 9 27 10 23 5 24 13 2 12 
0 30 17 19 14 25 10 27 5 32 29 28 18 1 13 2 15 23 12 24 4 33 8 7 9 16 26 31 22 3 20 11 6 21 
0 17 30 11 14 23 27 10 9 25 7 8 13 2 15 12 24 20 22 16 3 6 26 1 33 21 31 19 4 32 29 28 18 5 
0 17 30 11 14 33 8 7 25 20 15 23 24 2 12 16 5 32 3 31 6 9 27 1 22 10 4 26 28 18 13 29 21 19 
0 17 30 26 14 33 8 7 25 9 23 27 2 13 10 15 12 3 31 6 29 21 19 22 1 28 18 11 4 24 5 20 32 16 
0 17 30 11 32 24 7 15 12 22 13 1 16 14 33 4 26 5 23 27 10 9 25 8 21 28 18 20 3 2 31 6 29 19 
0 11 30 28 14 18 10 8 17 1 20 22 33 23 27 7 25 9 5 24 12 2 15 13 16 4 26 32 31 21 6 3 29 19 
0 17 30 18 3 26 28 15 7 8 33 14 11 31 22 20 1 32 29 6 21 12 19 2 4 5 16 24 9 10 27 23 25 13 
0 17 30 23 10 27 9 25 3 31 19 29 20 1 21 18 28 8 33 14 15 12 24 7 22 32 11 5 13 2 16 4 26 6 
0 17 30 4 5 16 24 11 14 33 23 27 10 9 25 22 8 7 20 26 3 31 28 18 32 1 29 6 15 12 13 2 21 19 
0 17 30 11 14 33 23 5 13 2 15 12 24 18 32 1 20 10 3 19 29 27 22 9 25 7 8 16 31 21 4 26 28 6 
0 17 30 11 14 33 20 26 3 31 10 9 25 8 7 13 2 15 12 21 24 23 27 22 4 28 18 32 1 29 6 5 16 19 
0 17 30 11 14 1 20 21 22 28 3 6 23 5 24 12 2 16 7 25 27 10 9 13 15 8 31 4 26 33 18 32 29 19 
0 17 30 11 14 33 10 27 8 25 9 32 24 20 7 18 23 15 2 4 26 13 28 22 1 16 5 12 31 29 3 21 6 19 
0 32 15 18 20 33 2 28 9 30 11 14 23 10 27 17 25 7 8 13 12 21 1 22 31 3 6 29 19 26 4 16 24 5 
0 17 30 11 14 1 20 21 22 28 3 6 23 5 24 12 2 15 31 13 18 16 4 26 32 33 8 7 25 29 19 27 9 10 
0 17 30 11 33 3 15 29 19 25 12 23 16 1 20 21 4 8 5 26 28 18 32 2 10 13 9 27 24 22 31 6 14 7 
0 17 30 8 9 14 22 3 33 11 23 27 5 12 21 29 6 31 20 18 32 16 7 1 24 10 25 28 15 2 13 19 26 4 
0 17 8 7 15 11 4 26 28 5 2 12 24 16 30 13 31 18 14 33 23 10 27 25 19 21 9 32 20 1 22 3 6 29 
0 32 15 20 33 2 28 17 30 11 14 23 10 27 9 25 7 8 13 12 21 1 22 31 3 5 24 16 4 26 19 29 6 18 
0 17 30 11 14 16 7 25 27 10 33 23 9 13 2 15 12 1 20 21 22 28 3 6 5 24 31 18 4 26 32 8 29 19 
0 17 30 11 14 23 27 21 9 19 29 6 31 28 18 10 33 22 20 1 25 5 7 8 32 3 16 24 12 15 2 13 4 26 
0 17 30 11 14 33 8 32 18 28 4 21 31 16 1 20 19 22 23 27 10 9 3 7 26 5 24 2 15 13 6 25 12 29 
0 17 30 14 32 11 33 8 7 5 31 15 2 12 18 4 10 28 13 16 1 20 22 26 9 24 27 23 25 3 6 29 21 19 
0 17 30 11 14 25 23 27 10 1 33 31 13 2 8 15 5 24 3 29 19 12 16 9 20 21 4 32 6 18 28 26 7 22 
0 17 26 12 18 8 6 29 19 20 1 4 32 16 3 31 22 21 30 11 14 33 28 25 2 13 7 24 9 10 27 23 15 5 
0 17 30 11 14 23 27 10 9 25 20 8 24 12 15 2 13 7 21 28 22 31 3 6 18 33 5 16 32 1 4 19 29 26 
0 17 5 4 26 28 18 16 32 1 15 2 12 10 13 20 9 24 30 25 11 33 3 19 29 21 8 14 23 27 31 22 7 6 
0 28 18 32 14 1 6 2 13 8 22 31 3 23 10 25 7 4 20 27 24 12 15 16 26 17 30 11 33 9 5 29 21 19 
0 17 11 33 30 24 18 12 14 15 25 13 8 7 2 16 5 4 26 20 27 32 9 28 10 23 22 3 31 1 6 19 29 21 
0 17 30 11 14 33 8 7 25 19 24 31 21 20 5 32 23 10 27 22 6 18 1 9 12 2 29 3 28 26 13 15 4 16 
0 32 15 18 20 33 2 28 17 30 11 14 23 10 27 7 25 5 24 12 13 8 4 6 22 19 29 3 21 26 9 16 31 1 
0 17 30 11 29 19 24 31 21 20 25 5 32 14 23 10 27 22 6 18 1 7 9 12 2 33 8 3 28 26 4 16 13 15 
0 17 30 11 14 27 23 20 8 33 10 9 32 15 12 21 5 2 16 26 28 19 31 29 25 7 13 24 6 3 4 18 1 22 
0 17 14 7 2 26 28 18 6 32 23 5 13 8 4 21 1 16 24 12 19 29 15 3 33 11 25 30 22 31 9 27 20 10 
0 17 30 11 14 27 23 20 8 33 10 9 32 15 12 21 5 2 16 26 28 19 31 1 3 18 4 6 24 13 7 25 29 22 
0 17 30 25 11 33 3 15 29 19 12 24 16 1 20 21 4 8 5 7 14 27 9 10 22 26 13 2 23 32 6 18 28 31 
0 17 8 19 24 31 21 20 25 5 32 14 23 10 27 22 6 30 18 1 11 7 9 12 2 33 29 3 28 26 4 16 15 13 
0 28 17 6 29 21 31 19 32 4 20 12 26 8 7 1 11 24 9 10 27 23 33 14 30 18 25 16 3 22 13 2 15 5 
0 17 30 25 11 28 3 15 29 19 12 24 6 32 23 2 13 8 4 21 20 1 16 18 33 26 5 7 14 27 9 10 31 22 
0 18 10 20 12 8 7 25 26 3 28 16 13 1 22 17 30 11 14 24 27 23 33 32 15 2 9 4 31 6 29 21 5 19 
0 2 23 32 6 18 33 26 5 7 14 27 10 1 20 21 4 8 13 17 30 25 11 28 3 15 29 19 12 24 16 9 31 22 
