0 33 32 31 30 29 28 27 26 25 24 23 22 21 20 19 18 17 16 15 14 13 12 11 10 9 8 7 6 5 4 3 2 1 
0 33 32 31 30 29 28 27 26 25 24 23 22 21 20 19 18 17 16 15 14 13 12 11 10 9 8 7 6 5 4 3 2 1 
0 33 32 31 30 29 28 27 26 25 24 23 22 21 20 19 18 17 16 15 14 13 12 11 10 9 8 7 6 5 4 3 2 1 
0 33 32 31 30 29 28 27 26 25 24 23 22 21 20 19 18 17 16 15 14 13 12 11 10 9 8 7 6 5 4 3 2 1 
0 33 32 31 30 29 28 27 26 25 24 23 22 21 20 19 18 17 16 15 14 13 12 11 10 9 8 7 6 5 4 3 2 1 
0 33 32 31 30 29 28 27 26 25 24 23 22 21 20 19 18 17 16 15 14 13 12 11 10 9 8 7 6 5 4 3 2 1 
0 33 32 31 30 29 28 27 26 25 24 23 22 21 20 19 18 17 16 15 14 13 12 11 10 9 8 7 6 5 4 3 2 1 
0 33 32 31 30 29 28 27 26 25 24 23 22 21 20 19 18 17 16 15 14 13 12 11 10 9 8 7 6 5 4 3 2 1 
0 33 32 31 30 29 28 27 26 25 24 23 22 21 20 19 18 17 16 15 14 13 12 11 10 9 8 7 6 5 4 3 2 1 
0 33 32 31 30 29 28 27 26 25 24 23 22 21 20 19 18 17 16 15 14 13 12 11 10 9 8 7 6 5 4 3 2 1 
0 33 32 31 30 29 28 27 26 25 24 23 22 21 20 19 18 17 16 15 14 13 12 11 10 9 8 7 6 5 4 3 2 1 
0 33 32 31 30 29 28 27 26 25 24 23 22 21 20 19 18 17 16 15 14 13 12 11 10 9 8 7 6 5 4 3 2 1 
0 33 32 31 30 29 28 27 26 25 24 23 22 21 20 19 18 17 16 15 14 13 12 11 10 9 8 7 6 5 4 3 2 1 
0 33 32 31 30 29 28 27 26 25 24 23 22 21 20 19 18 17 16 15 14 13 12 11 10 9 8 7 6 5 4 3 2 1 
0 33 32 31 30 29 28 27 26 25 24 23 22 21 20 19 18 17 16 15 14 13 12 11 10 9 8 7 6 5 4 3 2 1 
0 33 32 31 30 29 28 27 26 25 24 23 22 21 20 19 18 17 16 15 14 13 12 11 10 9 8 7 6 5 4 3 2 1 
0 33 32 31 30 29 28 27 26 25 24 23 22 21 20 19 18 17 16 15 14 13 12 11 10 9 8 7 6 5 4 3 2 1 
0 33 32 31 30 29 28 27 26 25 24 23 22 21 20 19 18 17 16 15 14 13 12 11 10 9 8 7 6 5 4 3 2 1 
0 33 32 31 30 29 28 27 26 25 24 23 22 21 20 19 18 17 16 15 14 13 12 11 10 9 8 7 6 5 4 3 2 1 
0 33 32 31 30 29 28 27 26 25 24 23 22 21 20 19 18 17 16 15 14 13 12 11 10 9 8 7 6 5 4 3 2 1 
0 33 32 31 30 29 28 27 26 25 24 23 22 21 20 19 18 17 16 15 14 13 12 11 10 9 8 7 6 5 4 3 2 1 
0 33 32 31 30 29 28 27 26 25 24 23 22 21 20 19 18 17 16 15 14 13 12 11 10 9 8 7 6 5 4 3 2 1 
0 33 32 31 30 29 28 27 26 25 24 23 22 21 20 19 18 17 16 15 14 13 12 11 10 9 8 7 6 5 4 3 2 1 
0 33 32 31 30 29 28 27 26 25 24 23 22 21 20 19 18 17 16 15 14 13 12 11 10 9 8 7 6 5 4 3 2 1 
0 33 32 31 30 29 28 27 26 25 24 23 22 21 20 19 18 17 16 15 14 13 12 11 10 9 8 7 6 5 4 3 2 1 
0 33 32 31 30 29 28 27 26 25 24 23 22 21 20 19 18 17 16 15 14 13 12 11 10 9 8 7 6 5 4 3 2 1 
0 33 32 31 30 29 28 27 26 25 24 23 22 21 20 19 18 17 16 15 14 13 12 11 10 9 8 7 6 5 4 3 2 1 
0 33 32 31 30 29 28 27 26 25 24 23 22 21 20 19 18 17 16 15 14 13 12 11 10 9 8 7 6 5 4 3 2 1 
0 33 32 31 30 29 28 27 26 25 24 23 22 21 20 19 18 17 16 15 14 13 12 11 10 9 8 7 6 5 4 3 2 1 
0 33 32 31 30 29 28 27 26 25 24 23 22 21 20 19 18 17 16 15 14 13 12 11 10 9 8 7 6 5 4 3 2 1 
0 33 32 31 30 29 28 27 26 25 24 23 22 21 20 19 18 17 16 15 14 13 12 11 10 9 8 7 6 5 4 3 2 1 
0 33 32 31 30 29 28 27 26 25 24 23 22 21 20 19 18 17 16 15 14 13 12 11 10 9 8 7 6 5 4 3 2 1 
0 33 32 31 30 29 28 27 26 25 24 23 22 21 20 19 18 17 16 15 14 13 12 11 10 9 8 7 6 5 4 3 2 1 
0 33 32 31 30 29 28 27 26 25 24 23 22 21 20 19 18 17 16 15 14 13 12 11 10 9 8 7 6 5 4 3 2 1 
0 33 32 31 30 29 28 27 26 25 24 23 22 21 20 19 18 17 16 15 14 13 12 11 10 9 8 7 6 5 4 3 2 1 
0 33 32 31 30 29 28 27 26 25 24 23 22 21 20 19 18 17 16 15 14 13 12 11 10 9 8 7 6 5 4 3 2 1 
0 33 32 31 30 29 28 27 26 25 24 23 22 21 20 19 18 17 16 15 14 13 12 11 10 9 8 7 6 5 4 3 2 1 
0 33 32 31 30 29 28 27 26 25 24 23 22 21 20 19 18 17 16 15 14 13 12 11 10 9 8 7 6 5 4 3 2 1 
0 33 32 31 30 29 28 27 26 25 24 23 22 21 20 19 18 17 16 15 14 13 12 11 10 9 8 7 6 5 4 3 2 1 
0 33 32 31 30 29 28 27 26 25 24 23 22 21 20 19 18 17 16 15 14 13 12 11 10 9 8 7 6 5 4 3 2 1 
0 33 32 31 30 29 28 27 26 25 24 23 22 21 20 19 18 17 16 15 14 13 12 11 10 9 8 7 6 5 4 3 2 1 
0 33 32 31 30 29 28 27 26 25 24 23 22 21 20 19 18 17 16 15 14 13 12 11 10 9 8 7 6 5 4 3 2 1 
0 33 32 31 30 29 28 27 26 25 24 23 22 21 20 19 18 17 16 15 14 13 12 11 10 9 8 7 6 5 4 3 2 1 
0 33 32 31 30 29 28 27 26 25 24 23 22 21 20 19 18 17 16 15 14 13 12 11 10 9 8 7 6 5 4 3 2 1 
0 33 32 31 30 29 28 27 26 25 24 23 22 21 20 19 18 17 16 15 14 13 12 11 10 9 8 7 6 5 4 3 2 1 
0 33 32 31 30 29 28 27 26 25 24 23 22 21 20 19 18 17 16 15 14 13 12 11 10 9 8 7 6 5 4 3 2 1 
0 33 32 31 30 29 28 27 26 25 24 23 22 21 20 19 18 17 16 15 14 13 12 11 10 9 8 7 6 5 4 3 2 1 
0 33 32 31 30 29 28 27 26 25 24 23 22 21 20 19 18 17 16 15 14 13 12 11 10 9 8 7 6 5 4 3 2 1 
0 33 32 31 30 29 28 27 26 25 24 23 22 21 20 19 18 17 16 15 14 13 12 11 10 9 8 7 6 5 4 3 2 1 
0 33 32 31 30 29 28 27 26 25 24 23 22 21 20 19 18 17 16 15 14 13 12 11 10 9 8 7 6 5 4 3 2 1 
0 33 32 31 30 29 28 27 26 25 24 23 22 21 20 19 18 17 16 15 14 13 12 11 10 9 8 7 6 5 4 3 2 1 
0 33 32 31 30 29 28 27 26 25 24 23 22 21 20 19 18 17 16 15 14 13 12 11 10 9 8 7 6 5 4 3 2 1 
0 33 32 31 30 29 28 27 26 25 24 23 22 21 20 19 18 17 16 15 14 13 12 11 10 9 8 7 6 5 4 3 2 1 
0 33 32 31 30 29 28 27 26 25 24 23 22 21 20 19 18 17 16 15 14 13 12 11 10 9 8 7 6 5 4 3 2 1 
0 33 32 31 30 29 28 27 26 25 24 23 22 21 20 19 18 17 16 15 14 13 12 11 10 9 8 7 6 5 4 3 2 1 
0 33 32 31 30 29 28 27 26 25 24 23 22 21 20 19 18 17 16 15 14 13 12 11 10 9 8 7 6 5 4 3 2 1 
0 33 32 31 30 29 28 27 26 25 24 23 22 21 20 19 18 17 16 15 14 13 12 11 10 9 8 7 6 5 4 3 2 1 
0 33 32 31 30 29 28 27 26 25 24 23 22 21 20 19 18 17 16 15 14 13 12 11 10 9 8 7 6 5 4 3 2 1 
0 33 32 31 30 29 28 27 26 25 24 23 22 21 20 19 18 17 16 15 14 13 12 11 10 9 8 7 6 5 4 3 2 1 
0 33 32 31 30 29 28 27 26 25 24 23 22 21 20 19 18 17 16 15 14 13 12 11 10 9 8 7 6 5 4 3 2 1 
0 33 32 31 30 29 28 27 26 25 24 23 22 21 20 19 18 17 16 15 14 13 12 11 10 9 8 7 6 5 4 3 2 1 
0 33 32 31 30 29 28 27 26 25 24 23 22 21 20 19 18 17 16 15 14 13 12 11 10 9 8 7 6 5 4 3 2 1 
0 33 32 31 30 29 28 27 26 25 24 23 22 21 20 19 18 17 16 15 14 13 12 11 10 9 8 7 6 5 4 3 2 1 
0 33 32 31 30 29 28 27 26 25 24 23 22 21 20 19 18 17 16 15 14 13 12 11 10 9 8 7 6 5 4 3 2 1 
0 33 32 31 30 29 28 27 26 25 24 23 22 21 20 19 18 17 16 15 14 13 12 11 10 9 8 7 6 5 4 3 2 1 
0 33 32 31 30 29 28 27 26 25 24 23 22 21 20 19 18 17 16 15 14 13 12 11 10 9 8 7 6 5 4 3 2 1 
0 33 32 31 30 29 28 27 26 25 24 23 22 21 20 19 18 17 16 15 14 13 12 11 10 9 8 7 6 5 4 3 2 1 
0 33 32 31 30 29 28 27 26 25 24 23 22 21 20 19 18 17 16 15 14 13 12 11 10 9 8 7 6 5 4 3 2 1 
0 33 32 31 30 29 28 27 26 25 24 23 22 21 20 19 18 17 16 15 14 13 12 11 10 9 8 7 6 5 4 3 2 1 
0 33 32 31 30 29 28 27 26 25 24 23 22 21 20 19 18 17 16 15 14 13 12 11 10 9 8 7 6 5 4 3 2 1 
0 33 32 31 30 29 28 27 26 25 24 23 22 21 20 19 18 17 16 15 14 13 12 11 10 9 8 7 6 5 4 3 2 1 
0 33 32 31 30 29 28 27 26 25 24 23 22 21 20 19 18 17 16 15 14 13 12 11 10 9 8 7 6 5 4 3 2 1 
0 33 32 31 30 29 28 27 26 25 24 23 22 21 20 19 18 17 16 15 14 13 12 11 10 9 8 7 6 5 4 3 2 1 
0 33 32 31 30 29 28 27 26 25 24 23 22 21 20 19 18 17 16 15 14 13 12 11 10 9 8 7 6 5 4 3 2 1 
0 33 32 31 30 29 28 27 26 25 24 23 22 21 20 19 18 17 16 15 14 13 12 11 10 9 8 7 6 5 4 3 2 1 
0 33 32 31 30 29 28 27 26 25 24 23 22 21 20 19 18 17 16 15 14 13 12 11 10 9 8 7 6 5 4 3 2 1 
0 33 32 31 30 29 28 27 26 25 24 23 22 21 20 19 18 17 16 15 14 13 12 11 10 9 8 7 6 5 4 3 2 1 
0 33 32 31 30 29 28 27 26 25 24 23 22 21 20 19 18 17 16 15 14 13 12 11 10 9 8 7 6 5 4 3 2 1 
0 33 32 31 30 29 28 27 26 25 24 23 22 21 20 19 18 17 16 15 14 13 12 11 10 9 8 7 6 5 4 3 2 1 
0 33 32 31 30 29 28 27 26 25 24 23 22 21 20 19 18 17 16 15 14 13 12 11 10 9 8 7 6 5 4 3 2 1 
0 33 32 31 30 29 28 27 26 25 24 23 22 21 20 19 18 17 16 15 14 13 12 11 10 9 8 7 6 5 4 3 2 1 
0 33 32 31 30 29 28 27 26 25 24 23 22 21 20 19 18 17 16 15 14 13 12 11 10 9 8 7 6 5 4 3 2 1 
0 33 32 31 30 29 28 27 26 25 24 23 22 21 20 19 18 17 16 15 14 13 12 11 10 9 8 7 6 5 4 3 2 1 
0 33 32 31 30 29 28 27 26 25 24 23 22 21 20 19 18 17 16 15 14 13 12 11 10 9 8 7 6 5 4 3 2 1 
0 33 32 31 30 29 28 27 26 25 24 23 22 21 20 19 18 17 16 15 14 13 12 11 10 9 8 7 6 5 4 3 2 1 
0 33 32 31 30 29 28 27 26 25 24 23 22 20 21 19 18 17 16 15 14 13 12 11 10 9 8 7 6 5 4 3 2 1 
0 33 32 31 30 29 28 27 26 25 24 23 21 22 20 19 18 17 16 15 14 13 12 11 10 9 8 7 6 5 4 3 2 1 
0 33 32 31 30 29 28 27 26 25 24 23 21 22 20 19 18 17 16 15 14 13 12 11 10 9 8 7 6 5 4 3 2 1 
0 33 32 31 30 29 28 27 26 25 24 23 19 21 20 22 18 17 16 15 14 13 12 11 10 9 8 7 6 5 4 3 2 1 
0 33 32 31 30 29 28 27 26 25 24 23 19 21 20 22 18 17 16 15 14 13 12 11 10 9 8 7 6 5 4 3 2 1 
0 33 32 31 30 29 28 27 26 25 24 23 22 21 20 19 18 17 16 15 14 13 12 11 10 9 8 7 6 5 3 4 2 1 
0 33 32 31 30 29 28 27 26 25 24 23 22 21 20 19 14 17 16 15 18 13 12 11 10 9 8 7 6 5 4 3 2 1 
0 33 32 31 30 29 28 27 26 25 24 23 22 21 20 19 18 17 16 15 14 13 12 11 10 9 7 8 6 5 4 3 2 1 
0 33 32 31 30 29 28 27 26 25 24 23 22 21 20 19 18 17 16 15 14 13 12 11 9 10 8 5 6 7 4 3 2 1 
0 33 32 31 30 29 28 27 26 25 24 23 22 21 20 19 18 17 16 15 14 13 12 11 9 10 8 5 6 7 4 3 2 1 
0 33 32 31 30 29 28 27 26 25 24 23 22 21 20 19 18 17 16 15 14 13 12 11 10 9 8 7 6 5 4 3 1 2 
0 33 32 31 30 29 28 27 26 25 24 19 22 21 20 23 18 17 16 15 14 13 12 11 10 9 8 7 6 5 4 3 2 1 
0 33 32 31 30 29 28 27 26 25 24 23 22 21 20 19 18 17 16 15 14 13 12 11 10 9 5 8 7 6 4 3 2 1 
0 33 32 31 30 29 28 27 24 26 25 23 22 20 21 19 18 17 16 15 14 13 12 11 10 9 8 7 6 5 4 3 2 1 
0 33 32 31 30 29 28 27 26 25 24 23 22 21 20 19 18 17 16 15 14 13 12 11 10 9 8 7 5 4 3 6 2 1 
0 33 32 31 30 29 28 27 26 25 24 23 22 21 20 19 18 17 16 15 14 13 12 11 10 9 8 7 5 4 3 6 2 1 
0 33 32 31 30 29 28 27 26 25 24 23 22 21 20 19 18 17 16 15 14 13 12 11 10 9 8 7 5 4 3 6 2 1 
0 33 32 31 30 29 28 27 26 25 24 23 22 21 20 19 18 17 16 15 14 13 8 12 11 10 9 7 6 5 4 3 2 1 
0 33 32 31 30 29 28 27 26 25 24 23 22 21 20 19 18 17 16 15 14 13 12 11 10 9 8 7 6 5 2 1 4 3 
0 33 32 31 30 29 28 27 26 25 24 23 22 21 20 19 18 17 16 15 14 13 12 11 10 9 8 7 5 4 3 2 6 1 
0 33 32 31 30 29 28 27 26 25 24 23 22 21 20 19 18 17 16 15 14 12 11 10 9 13 8 7 6 5 4 3 2 1 
0 33 32 31 30 29 28 27 26 25 24 23 22 21 20 19 18 17 16 15 14 13 12 11 10 9 4 7 6 5 8 3 2 1 
0 33 32 31 30 29 28 27 26 21 24 23 22 25 20 19 18 17 16 15 14 11 12 13 10 9 8 7 6 5 4 3 2 1 
0 33 32 31 30 29 28 27 26 25 24 23 22 21 20 19 18 17 16 12 13 14 15 11 10 9 8 7 6 5 4 3 2 1 
0 33 32 31 26 29 28 27 30 25 24 23 22 21 20 19 18 17 16 15 14 13 12 11 10 9 8 7 6 5 4 3 2 1 
0 33 32 31 30 29 28 27 26 25 24 23 22 21 20 19 18 17 16 15 14 13 12 11 10 9 8 3 6 4 5 7 2 1 
0 33 32 31 30 29 28 27 26 25 24 23 22 21 20 19 18 16 17 15 14 13 12 10 9 8 7 6 5 4 11 3 2 1 
0 33 32 31 30 29 28 27 26 25 24 23 22 21 20 19 18 17 16 15 14 13 12 11 10 9 4 8 7 6 5 2 1 3 
0 33 32 31 30 29 28 27 25 26 24 23 22 21 20 19 18 17 16 15 14 13 12 11 10 8 7 6 5 4 3 9 2 1 
0 33 32 31 30 29 28 23 26 25 24 27 22 21 20 19 18 17 16 15 14 13 12 11 10 9 8 7 6 5 4 3 2 1 
0 33 32 31 30 29 28 25 23 27 24 26 22 21 20 19 18 17 16 15 14 13 12 11 10 9 8 7 6 5 4 3 2 1 
0 33 32 31 30 29 28 27 26 25 24 23 21 20 19 18 17 16 15 14 13 22 12 11 10 9 8 7 6 5 4 3 2 1 
0 33 32 31 30 29 28 27 26 25 24 23 14 21 20 19 18 17 16 15 22 13 12 11 10 9 8 7 6 5 4 3 2 1 
0 33 32 31 30 29 28 27 26 25 24 23 22 21 20 19 18 17 16 15 14 13 12 11 10 1 5 6 7 8 9 4 3 2 
0 33 32 31 30 29 28 27 26 25 24 23 22 21 20 19 18 17 16 15 14 13 12 11 10 8 4 3 1 9 7 6 5 2 
0 33 32 24 23 22 21 20 19 25 31 30 29 28 27 26 18 17 16 15 14 13 12 11 10 9 8 7 6 5 4 3 2 1 
0 33 32 31 30 29 28 27 26 25 24 23 22 21 20 19 18 17 16 15 11 13 12 14 10 9 8 7 6 5 4 3 2 1 
0 33 32 31 30 29 28 27 26 25 24 23 22 21 20 19 18 17 16 15 11 13 12 14 10 9 8 7 6 5 4 3 2 1 
0 33 32 31 30 29 28 27 26 25 24 23 22 21 20 19 18 17 16 15 11 13 12 14 10 9 8 7 6 5 4 3 2 1 
0 33 32 31 30 29 28 27 26 25 24 23 22 21 20 19 18 17 16 15 11 13 12 14 10 9 8 7 6 5 4 3 2 1 
0 33 32 31 30 29 28 27 26 25 24 23 22 21 20 19 18 17 16 15 11 13 12 14 10 9 8 7 6 5 4 3 2 1 
0 33 32 31 30 29 28 27 26 25 24 23 22 21 20 19 18 17 15 14 13 12 11 10 9 16 8 7 6 5 4 3 2 1 
0 33 7 8 9 10 11 12 13 14 15 16 17 18 19 20 21 22 23 24 25 26 27 28 29 30 31 32 6 5 4 3 2 1 
0 33 32 31 30 29 28 27 26 25 24 23 22 21 20 19 18 17 16 15 10 9 8 11 14 13 12 7 6 5 4 3 2 1 
0 33 24 23 22 21 32 31 30 29 28 27 26 25 20 19 18 17 16 15 14 13 12 11 10 9 8 7 6 5 4 3 2 1 
0 33 32 31 30 29 28 27 26 25 24 23 22 21 20 19 18 17 16 15 14 13 7 6 5 4 3 12 11 10 9 8 2 1 
0 9 32 33 31 30 29 28 27 26 25 24 23 22 21 20 19 18 17 16 15 14 13 12 11 10 8 7 6 5 4 3 2 1 
0 33 32 31 30 29 28 27 26 15 24 23 22 21 20 19 18 17 16 25 14 13 12 11 10 9 8 7 6 5 4 3 2 1 
0 33 32 31 30 29 28 27 26 25 24 23 22 21 20 19 18 17 16 7 8 9 10 11 12 13 14 15 6 5 4 3 2 1 
0 33 32 31 30 29 28 27 26 25 24 23 22 21 20 19 18 17 16 15 14 13 12 5 4 3 2 1 6 11 10 9 8 7 
0 33 32 31 30 29 28 18 17 16 24 23 22 21 20 19 27 26 25 15 14 13 12 11 10 9 8 7 6 5 4 3 2 1 
0 33 32 31 30 29 28 27 25 24 23 22 21 20 19 18 17 16 15 14 13 12 26 11 10 9 8 7 6 5 4 3 2 1 
0 33 32 31 30 29 28 27 26 15 24 23 22 21 20 19 18 17 16 25 14 13 12 11 10 9 8 6 7 5 4 3 2 1 
0 33 32 31 30 29 28 27 26 25 24 23 22 21 20 19 18 17 16 15 14 11 2 3 4 5 6 7 8 9 10 13 12 1 
0 33 32 31 30 29 28 27 26 25 24 23 22 21 16 20 13 18 17 15 14 19 12 11 10 9 8 7 6 5 4 3 2 1 
0 33 32 31 30 29 28 27 26 25 24 23 22 21 16 20 13 18 17 15 14 19 12 11 10 9 8 7 6 5 4 3 2 1 
0 33 32 31 30 29 28 27 26 25 24 23 22 21 20 18 17 19 16 15 10 9 8 11 14 13 12 7 6 5 4 3 2 1 
0 33 32 31 30 29 28 27 26 25 24 23 22 15 14 13 12 11 10 21 20 19 18 17 16 9 8 7 6 5 4 3 2 1 
0 3 32 31 30 29 28 27 25 24 23 22 21 26 20 19 18 17 16 15 14 13 12 11 10 9 8 7 6 5 4 33 2 1 
0 33 32 31 30 29 28 27 26 25 24 23 22 21 20 19 2 18 17 16 15 14 13 12 11 10 9 8 7 6 5 4 3 1 
0 33 32 31 30 29 7 8 9 10 11 12 13 14 15 16 17 18 19 20 21 22 23 24 25 26 27 28 6 5 4 3 2 1 
0 33 32 31 30 29 28 27 26 25 22 13 15 16 17 18 19 24 23 14 21 20 12 11 10 9 8 7 6 5 4 3 2 1 
0 33 32 31 30 29 28 27 26 25 24 23 22 20 19 18 17 21 15 14 13 12 11 10 9 8 16 7 6 5 4 3 2 1 
0 33 32 31 30 29 28 10 11 12 13 14 15 16 17 18 19 20 21 22 23 24 25 26 27 9 8 7 6 5 4 3 2 1 
0 33 32 31 30 29 28 27 15 25 24 23 22 21 20 19 18 17 16 26 14 13 12 11 10 9 8 7 6 5 4 3 2 1 
0 33 32 31 30 29 28 27 26 25 24 23 22 20 19 21 18 6 7 8 9 10 11 12 13 14 15 16 17 5 4 3 2 1 
0 33 32 31 30 29 28 27 26 25 24 15 14 13 12 11 10 9 8 23 22 21 20 19 18 17 16 7 6 5 4 3 2 1 
0 33 32 31 30 29 28 27 26 25 24 15 14 13 12 11 10 9 8 23 22 21 20 19 18 17 16 7 6 5 4 3 2 1 
0 33 32 31 30 29 28 27 26 25 24 23 22 21 20 19 18 17 16 14 15 13 12 4 10 9 8 7 6 5 11 2 1 3 
0 33 32 31 29 28 27 26 25 24 23 22 21 20 19 18 17 16 30 15 14 13 12 10 9 11 8 7 6 5 4 2 3 1 
0 33 32 31 30 29 28 7 27 26 25 24 23 22 21 20 19 18 17 16 15 14 13 12 11 10 9 8 6 5 4 3 2 1 
0 33 32 31 30 29 28 27 26 17 16 15 14 13 12 11 18 25 24 23 22 21 20 19 10 9 8 7 6 5 4 3 2 1 
0 33 32 31 30 29 28 27 26 25 14 13 12 11 10 9 24 23 20 21 22 19 18 17 16 15 8 7 6 5 4 3 2 1 
0 9 32 31 30 29 33 28 27 26 25 24 23 22 21 20 19 18 17 16 15 14 13 12 11 10 8 7 6 5 4 3 2 1 
0 33 32 31 30 29 28 27 18 17 16 15 14 13 12 11 26 25 24 23 22 21 20 19 10 9 8 7 6 5 4 3 2 1 
0 33 32 31 30 29 28 27 26 25 24 22 21 20 19 18 17 16 15 14 13 12 11 10 9 8 7 6 5 4 3 2 1 23 
0 33 32 31 30 29 28 27 25 24 23 22 21 20 19 18 17 16 15 26 14 13 12 11 10 9 5 4 3 8 7 6 2 1 
0 33 32 31 30 29 28 27 26 25 24 23 22 21 20 19 18 17 16 14 13 12 11 10 9 8 7 6 5 4 3 2 1 15 
0 33 32 31 30 29 28 27 26 25 24 23 22 21 20 19 18 17 16 15 14 5 4 11 10 9 8 7 6 13 12 3 2 1 
0 33 32 31 30 29 28 27 26 25 24 23 22 21 20 19 18 17 16 15 14 13 12 11 10 9 1 7 6 5 4 3 2 8 
0 33 32 31 30 29 28 27 26 25 24 23 22 21 20 19 18 17 16 15 14 13 12 11 10 9 1 7 6 5 4 3 2 8 
0 33 32 31 30 29 28 27 26 25 24 23 22 21 20 19 18 17 16 15 14 13 12 11 10 9 1 7 6 5 4 3 2 8 
0 33 32 31 30 29 28 27 26 25 24 23 13 12 11 10 9 8 7 6 5 22 21 20 19 18 17 16 15 14 4 3 2 1 
0 33 32 31 30 29 28 27 18 25 24 22 21 20 19 26 17 16 23 15 14 13 12 11 10 9 8 7 6 5 4 3 2 1 
0 33 32 31 30 29 28 27 25 24 23 22 21 20 19 18 17 16 15 14 13 12 11 10 26 7 8 9 6 5 4 3 2 1 
0 33 32 31 30 29 28 27 26 25 24 23 22 13 12 11 10 9 8 7 6 21 20 19 18 17 16 15 14 5 4 3 2 1 
0 33 32 31 30 29 28 27 26 25 24 23 22 21 20 19 18 17 16 15 8 13 12 11 10 9 14 7 6 5 4 3 2 1 
0 33 32 31 30 29 28 27 26 25 24 23 22 21 20 19 16 15 18 17 14 13 12 5 4 10 3 6 11 9 8 7 2 1 
0 33 32 23 30 29 28 27 26 25 24 31 22 21 20 19 18 17 16 15 14 13 12 11 10 9 8 7 6 5 4 3 2 1 
0 33 32 23 30 29 28 27 26 25 24 31 22 21 20 19 18 17 16 15 14 13 12 11 10 9 8 7 6 5 4 3 2 1 
0 33 32 31 30 29 26 27 28 25 24 13 12 11 23 22 21 20 19 18 17 16 15 14 10 9 8 7 6 5 4 3 2 1 
0 33 32 31 30 29 28 27 26 25 24 23 22 21 20 19 18 17 16 14 15 13 12 4 10 9 5 3 7 6 11 8 2 1 
0 33 32 31 20 29 28 27 26 25 24 23 22 21 30 19 18 17 16 15 14 13 12 11 10 9 8 7 6 5 4 3 2 1 
0 33 32 21 20 19 18 17 16 15 14 13 12 31 30 29 28 27 26 25 24 23 22 11 10 9 8 7 6 5 4 3 2 1 
0 33 32 31 30 29 28 27 26 25 24 23 22 21 20 19 18 17 16 15 14 13 12 11 9 2 8 7 10 3 5 4 6 1 
0 33 32 31 19 29 28 27 26 25 24 23 22 21 20 30 18 17 16 15 14 13 12 11 10 9 8 7 6 5 4 3 2 1 
0 33 32 31 30 29 28 27 26 18 24 23 22 21 20 19 25 9 17 16 15 14 13 12 11 10 8 7 6 5 4 3 2 1 
0 7 32 31 30 29 28 27 26 25 24 23 22 21 20 19 18 17 16 15 14 13 12 11 10 9 8 33 6 5 4 3 2 1 
0 33 32 31 30 29 28 27 26 25 24 23 22 21 20 19 18 17 16 15 14 13 12 11 10 9 1 7 6 4 5 3 2 8 
0 33 32 31 30 29 28 27 26 25 24 23 22 21 20 19 18 17 11 15 14 13 12 16 10 9 8 7 6 5 4 3 1 2 
0 33 32 31 30 29 28 27 26 25 24 13 12 11 10 9 8 7 6 15 14 23 22 21 20 19 18 17 16 5 4 3 2 1 
0 33 32 31 30 29 28 27 26 25 24 16 22 21 20 13 18 17 23 15 14 19 12 11 10 9 8 7 6 5 4 3 2 1 
0 33 32 7 30 29 28 27 26 31 25 24 23 22 21 20 19 18 17 16 15 14 13 12 11 10 9 8 6 5 4 3 2 1 
0 33 32 17 13 12 11 10 31 30 29 28 27 26 25 24 23 22 21 20 19 18 15 16 14 9 8 7 6 5 4 3 2 1 
0 33 32 31 30 13 12 11 10 9 8 7 6 29 28 27 26 25 24 23 22 21 20 19 18 17 16 15 14 5 4 3 2 1 
0 33 32 31 30 29 28 23 26 25 24 27 22 21 20 19 18 17 16 15 14 13 12 11 10 9 4 3 1 8 7 6 5 2 
0 33 32 31 30 29 15 14 13 12 11 10 9 8 7 6 5 4 3 28 27 26 25 24 23 22 21 20 19 18 17 16 2 1 
0 6 32 31 30 29 28 27 26 25 24 23 22 21 20 19 18 17 16 15 14 13 12 10 9 8 11 7 33 5 4 3 2 1 
0 33 32 31 30 29 28 27 26 25 24 23 22 21 20 10 9 8 7 6 5 4 3 11 19 18 17 16 15 14 13 12 2 1 
0 33 32 31 30 29 28 27 26 25 24 12 22 21 20 19 18 17 16 15 14 13 23 11 10 9 8 7 6 5 4 3 2 1 
0 33 22 21 20 19 18 27 26 25 24 23 32 31 30 29 28 17 16 15 14 13 12 11 10 9 8 7 6 5 4 3 2 1 
0 33 32 31 30 29 28 27 26 25 24 23 22 21 20 19 18 17 16 9 14 13 12 11 10 15 8 7 6 5 4 3 2 1 
0 33 32 31 30 29 28 27 26 25 24 23 22 21 20 19 18 8 7 6 5 4 3 2 1 9 17 16 15 14 13 12 11 10 
0 33 32 31 30 29 28 27 25 26 24 23 22 21 20 10 9 8 7 6 5 4 3 11 19 18 17 16 15 14 13 12 2 1 
0 33 32 31 30 18 17 16 15 14 13 12 11 10 9 19 29 28 27 26 25 24 23 22 21 20 8 7 6 5 4 3 2 1 
0 33 32 31 30 29 28 27 26 25 23 22 21 20 19 18 17 16 15 14 13 12 11 10 9 5 4 24 3 8 7 6 2 1 
0 33 32 31 1 29 28 27 26 25 24 23 22 21 20 19 18 17 16 15 14 13 12 11 10 9 8 7 6 5 4 3 2 30 
0 33 32 3 30 29 28 27 26 25 24 23 22 21 20 19 18 17 16 15 14 13 12 11 10 9 8 7 6 5 4 31 2 1 
0 23 32 31 30 29 28 27 26 25 24 33 22 21 20 19 18 17 16 15 14 13 12 11 10 9 8 7 6 5 4 3 2 1 
0 20 32 31 30 29 28 27 26 25 24 23 22 21 33 19 18 17 16 15 14 13 12 11 10 9 8 7 6 5 4 3 2 1 
0 33 32 31 30 29 28 27 26 25 24 23 22 20 21 19 15 17 16 10 14 18 9 8 7 6 5 4 13 12 11 3 2 1 
0 33 32 31 14 29 28 27 26 25 24 23 22 21 20 19 18 17 16 15 30 13 12 11 10 9 8 7 6 5 4 3 2 1 
0 33 32 31 30 15 28 27 26 25 24 23 22 21 20 19 18 17 16 29 14 13 12 11 10 9 8 7 6 5 4 3 2 1 
0 33 32 31 30 29 28 27 26 25 24 23 22 10 9 8 7 6 5 4 3 13 12 11 21 20 19 18 17 16 15 14 2 1 
0 33 32 4 5 6 7 31 30 29 28 27 26 25 24 23 22 21 20 19 18 17 15 14 13 12 11 10 9 8 16 3 2 1 
0 33 32 31 30 29 28 27 26 25 24 23 22 21 20 8 7 6 5 4 3 2 1 11 10 9 19 18 17 16 15 14 13 12 
0 33 32 31 30 29 28 17 26 25 24 23 22 21 20 19 18 27 16 15 14 13 12 11 10 5 8 7 6 9 4 3 2 1 
0 33 32 31 30 29 28 27 17 13 12 11 10 9 8 7 6 5 4 3 2 1 14 16 15 26 25 24 23 22 21 20 19 18 
0 33 32 31 30 29 13 12 11 10 9 8 7 6 5 4 3 2 16 15 14 28 27 26 25 24 23 22 21 20 19 18 17 1 
0 33 32 31 30 29 28 27 26 25 24 23 22 21 20 19 18 6 5 15 14 13 12 11 10 9 8 7 17 16 4 3 2 1 
0 33 32 31 30 29 28 27 12 25 24 23 22 21 20 19 18 17 16 15 14 13 26 7 11 10 9 8 6 5 4 3 2 1 
0 33 32 31 3 29 28 27 26 25 24 23 22 21 20 19 18 17 16 15 14 13 12 11 10 9 8 7 6 5 4 30 2 1 
0 11 32 31 30 29 28 27 26 25 24 23 22 21 20 19 18 17 16 15 14 13 12 33 10 9 6 7 8 5 4 3 2 1 
0 33 32 31 30 29 28 27 26 25 24 23 22 21 20 19 18 17 8 15 14 10 16 12 11 13 9 7 6 5 4 3 2 1 
0 33 32 31 30 27 28 29 26 25 24 23 22 21 20 19 7 17 16 15 14 13 12 11 10 9 8 18 6 5 4 3 2 1 
0 33 16 15 14 13 12 11 26 25 24 23 22 21 20 19 18 17 32 31 30 29 28 27 10 9 8 7 6 5 4 3 2 1 
0 33 9 31 30 29 28 27 26 25 24 23 22 21 20 19 18 17 16 15 14 13 12 11 10 32 8 7 6 5 4 3 2 1 
0 33 32 31 30 29 12 27 26 25 24 23 22 21 20 19 18 17 16 15 14 13 28 11 10 9 8 7 6 5 4 3 2 1 
0 33 32 12 30 29 28 27 26 25 24 23 22 21 20 19 18 17 16 15 14 13 31 11 10 9 8 7 6 5 4 3 2 1 
0 33 32 17 16 15 14 13 12 11 9 10 22 21 20 19 18 31 30 29 28 27 26 25 24 23 8 5 6 7 4 3 2 1 
0 33 32 31 2 16 15 14 13 12 11 10 9 8 7 6 5 4 30 29 28 27 26 25 24 23 22 21 20 19 18 17 3 1 
0 33 32 31 30 29 28 27 26 25 24 23 22 21 20 19 18 17 16 15 14 13 4 11 10 9 8 1 6 5 12 3 2 7 
0 33 32 31 30 29 28 27 26 1 24 23 22 21 20 19 18 17 16 15 14 13 12 11 10 9 8 7 6 5 4 3 2 25 
0 33 32 31 30 29 28 27 26 25 24 23 22 9 16 15 18 17 20 19 14 13 12 11 10 21 8 7 6 5 4 3 2 1 
0 33 32 31 30 13 12 11 8 9 10 7 6 5 4 3 2 1 16 15 14 29 28 27 26 25 24 23 22 21 20 19 18 17 
0 33 32 31 30 29 28 27 26 9 8 7 6 5 20 19 18 17 16 15 14 13 12 11 10 25 24 23 22 21 4 3 2 1 
0 33 32 31 30 29 28 27 26 25 24 7 22 21 20 19 18 17 16 15 14 13 12 11 10 9 8 23 6 5 4 3 2 1 
0 33 10 31 30 29 28 27 26 25 24 23 22 21 20 19 18 17 16 15 14 13 12 11 9 32 8 5 6 7 4 3 2 1 
0 33 32 31 30 29 28 27 26 25 24 23 11 21 20 19 18 17 16 15 14 13 12 5 6 7 8 9 10 22 4 3 2 1 
0 16 15 14 13 12 11 10 9 8 7 6 5 4 3 2 1 17 33 32 31 30 29 28 27 26 25 24 23 22 21 20 19 18 
0 33 32 31 30 29 28 27 5 25 24 23 22 21 20 19 18 17 16 15 14 13 12 11 10 9 8 7 6 26 4 3 2 1 
0 33 16 15 14 13 12 11 10 9 8 7 6 5 4 32 1 2 3 31 30 29 28 27 26 25 24 23 22 21 20 19 18 17 
0 33 32 10 30 29 28 27 26 25 24 23 22 21 20 19 18 17 16 15 14 13 12 11 31 9 8 7 6 5 4 3 2 1 
0 33 32 31 15 14 19 12 11 10 9 8 7 6 5 4 3 2 1 30 29 28 27 26 25 24 23 22 21 20 13 18 17 16 
0 33 32 31 30 29 28 11 10 9 8 7 6 5 4 3 2 1 16 15 14 13 12 27 26 25 24 23 22 21 20 19 18 17 
0 33 32 31 30 15 14 13 12 11 10 9 8 7 4 5 6 3 16 29 28 27 26 25 24 23 22 21 20 19 18 17 2 1 
0 33 32 31 30 11 28 27 26 25 24 23 22 21 20 19 18 17 16 15 14 13 12 29 10 9 8 7 6 5 4 3 2 1 
0 33 32 31 30 29 28 27 26 25 24 23 22 21 10 9 5 4 3 15 14 13 12 11 20 19 18 17 16 8 7 6 2 1 
0 33 32 31 30 29 28 27 26 25 24 23 5 21 20 19 18 17 16 15 14 13 12 11 10 9 8 7 6 22 4 3 2 1 
0 33 32 31 30 29 28 27 26 25 24 23 22 21 20 19 18 17 7 14 13 12 15 11 10 9 8 16 6 5 4 3 2 1 
0 33 32 31 10 9 8 7 6 25 24 23 22 21 20 19 18 17 16 15 14 13 12 11 30 29 28 27 26 5 4 3 2 1 
0 33 32 31 30 29 9 27 26 25 24 23 22 21 20 19 18 17 16 15 14 13 12 11 10 28 8 7 6 5 4 3 2 1 
0 33 32 30 26 28 27 31 29 25 24 23 22 21 20 9 18 17 16 15 14 13 12 11 10 19 8 7 6 5 4 3 2 1 
0 33 10 9 30 29 28 27 26 32 31 25 24 23 22 21 20 19 18 17 16 15 14 13 12 4 3 2 6 5 11 8 7 1 
0 33 32 20 15 14 13 12 11 10 9 8 7 6 5 4 3 17 31 30 29 28 27 26 25 24 23 22 21 16 19 18 2 1 
0 33 32 31 30 29 28 27 26 25 24 23 22 16 21 8 19 18 17 15 14 13 12 11 10 9 20 7 6 5 4 3 2 1 
0 33 32 25 30 1 2 3 4 5 6 7 8 9 10 11 12 13 14 15 16 17 18 19 20 22 21 27 26 31 24 23 29 28 
0 33 15 14 13 12 10 9 11 8 7 6 5 4 2 3 1 17 16 32 31 30 29 28 27 26 25 24 23 22 21 20 19 18 
0 33 32 31 30 29 28 27 26 25 24 23 22 21 20 19 10 15 18 17 14 13 12 5 4 16 3 6 11 9 8 7 2 1 
0 33 32 31 30 29 15 10 13 12 11 14 9 8 7 6 5 4 3 28 27 26 25 24 23 22 21 20 19 18 17 16 2 1 
0 33 32 31 30 29 28 27 26 10 9 25 24 23 22 20 19 18 17 16 15 14 13 12 11 8 21 1 4 3 5 7 6 2 
0 17 16 15 14 13 20 11 10 9 8 7 6 5 4 3 2 33 32 31 30 29 28 27 26 25 24 23 22 21 12 19 18 1 
0 33 32 31 30 29 1 8 7 6 5 4 3 21 24 19 18 17 16 15 14 13 12 11 10 9 28 27 26 25 20 23 22 2 
0 33 32 9 31 30 29 28 27 26 25 24 23 22 20 18 16 15 14 13 12 11 10 7 8 6 5 4 3 1 2 21 19 17 
0 32 31 30 28 27 33 29 26 25 24 23 22 21 7 6 18 17 16 15 14 13 12 11 10 9 8 20 19 5 4 3 2 1 
0 33 32 31 30 29 28 27 26 25 24 23 6 22 21 20 19 9 17 16 15 14 13 12 11 10 18 8 7 5 4 3 2 1 
0 33 32 31 30 29 28 5 26 25 24 23 22 21 20 19 18 17 16 15 14 13 12 3 11 10 9 8 7 6 27 4 2 1 
0 33 32 31 30 29 28 27 26 25 24 23 4 21 20 19 18 17 16 15 14 13 12 11 10 9 5 22 3 2 8 7 6 1 
0 10 22 21 20 19 18 27 26 25 24 23 32 31 30 29 28 17 16 15 14 13 12 11 33 1 2 3 4 5 6 7 8 9 
0 33 32 20 30 29 24 23 22 21 31 19 18 25 28 27 26 17 16 15 14 13 7 11 10 9 8 12 6 5 4 3 2 1 
0 33 32 31 30 29 28 20 19 10 24 23 22 21 27 26 18 17 16 15 14 13 12 11 25 9 8 7 3 4 5 6 2 1 
0 33 32 31 30 29 24 25 26 27 11 3 4 5 6 7 8 9 10 2 12 13 14 15 16 17 28 23 22 21 20 19 18 1 
0 33 32 31 3 29 28 27 26 25 24 23 22 20 19 21 18 6 7 8 9 10 11 12 13 14 15 17 16 5 4 30 2 1 
0 23 32 31 30 29 28 27 26 25 24 33 22 21 20 19 17 16 15 14 13 12 11 10 9 8 7 6 3 18 4 5 2 1 
0 33 32 21 25 24 23 22 11 10 8 4 3 1 9 7 6 5 2 20 19 18 17 16 15 14 13 12 31 30 29 28 27 26 
0 33 32 31 30 29 28 27 26 25 24 23 22 21 20 1 5 6 17 8 9 10 11 12 13 19 18 7 16 15 14 4 3 2 
0 33 32 25 30 29 9 27 26 31 24 23 22 21 20 19 18 17 16 15 14 13 12 11 10 28 8 7 6 5 4 3 2 1 
0 33 32 31 30 28 27 26 25 24 23 22 18 17 21 4 5 7 8 9 13 12 11 10 3 2 15 16 29 20 19 14 6 1 
0 33 32 31 27 28 17 16 18 15 14 23 22 21 9 19 29 30 26 25 24 13 12 11 10 20 8 7 6 5 4 3 2 1 
0 33 32 31 30 29 28 27 26 25 2 23 22 20 19 18 17 21 15 14 13 12 11 10 9 8 16 7 6 5 4 3 24 1 
0 33 32 31 30 29 28 27 24 25 14 13 12 23 11 10 9 8 6 5 26 7 22 21 20 19 18 17 16 15 4 3 2 1 
0 33 24 12 11 10 9 8 7 6 5 4 3 20 19 18 17 16 15 14 21 13 31 30 29 28 27 26 25 32 23 22 2 1 
0 33 32 31 30 29 7 27 26 13 12 11 10 9 8 28 6 5 4 3 2 25 24 23 22 21 20 19 18 17 16 15 14 1 
0 17 16 15 14 13 12 11 10 9 27 7 6 5 3 4 2 33 32 31 30 29 28 8 26 25 24 23 22 21 20 19 18 1 
0 33 32 31 30 29 28 27 26 25 24 23 22 21 20 13 18 17 16 15 3 6 5 4 14 2 1 7 19 12 10 9 8 11 
0 16 32 22 30 29 28 27 26 25 24 23 31 21 20 19 18 17 33 15 14 13 12 11 10 9 8 7 4 3 6 5 2 1 
0 33 32 31 30 29 28 7 26 25 24 21 22 20 23 18 17 16 15 14 13 12 11 10 9 8 27 5 4 3 2 19 6 1 
0 33 32 31 30 7 28 27 26 25 24 23 22 21 20 19 18 17 16 15 14 3 13 11 10 9 8 29 6 12 5 4 2 1 
0 23 32 3 30 29 28 27 26 25 24 33 22 21 20 19 15 18 17 16 14 13 12 31 11 10 9 8 7 6 5 4 2 1 
0 33 32 31 30 9 13 12 11 29 20 19 16 15 14 10 6 3 2 28 27 26 25 24 23 22 18 17 21 4 5 7 8 1 
0 33 32 17 30 29 28 27 26 25 13 23 22 21 20 19 18 31 16 15 14 24 12 4 5 7 8 9 11 10 3 2 6 1 
0 33 32 31 30 29 28 27 16 22 21 20 9 8 7 6 5 23 4 3 2 15 14 13 12 11 10 19 18 17 26 25 24 1 
0 33 22 17 20 19 18 27 26 25 24 9 8 7 6 5 4 3 2 1 14 13 12 11 10 23 32 31 30 29 28 21 16 15 
0 33 32 31 29 28 27 26 25 24 3 22 13 12 11 10 9 8 7 6 5 4 23 2 30 17 16 15 14 21 20 19 18 1 
0 33 32 31 15 14 13 12 11 10 9 8 7 27 5 4 18 17 16 30 29 28 6 26 25 24 23 22 21 20 19 3 2 1 
0 33 32 31 30 15 28 27 26 25 24 23 22 21 20 19 18 17 7 29 14 13 12 11 10 9 8 4 3 16 6 2 1 5 
0 15 32 31 30 5 28 27 26 25 24 23 22 21 20 19 18 17 16 33 14 13 12 11 10 9 8 7 6 29 4 3 2 1 
0 33 32 31 30 29 28 27 16 22 21 20 9 8 7 6 5 23 4 3 2 15 14 13 12 11 10 19 18 26 17 25 24 1 
0 33 32 31 30 29 9 18 14 15 16 17 10 19 11 20 22 23 24 25 26 27 28 8 7 6 5 4 13 12 21 3 2 1 
0 33 32 30 29 28 27 26 25 24 23 22 21 20 19 3 17 16 9 8 31 7 6 10 15 14 13 12 11 5 4 18 2 1 
0 33 32 31 17 16 13 27 26 25 24 23 22 21 20 19 18 30 5 15 14 28 12 11 10 9 8 7 6 29 4 3 2 1 
0 33 32 31 17 29 27 26 25 23 10 9 16 8 7 6 5 4 3 2 13 12 11 24 22 21 20 19 18 28 30 15 14 1 
0 33 32 31 30 2 28 1 26 25 16 15 14 13 12 11 10 18 17 24 23 22 21 20 19 29 9 8 7 6 5 4 3 27 
0 33 32 31 30 29 9 28 27 26 25 24 23 22 20 18 16 15 14 13 12 11 10 7 19 6 5 4 3 1 2 21 8 17 
0 33 32 5 6 7 27 8 9 10 11 12 28 29 20 17 31 19 30 21 22 23 24 25 26 1 13 14 15 16 18 4 3 2 
