0 19 31 77 90 23 79 55 107 24 29 27 54 92 46 17 8 9 75 85 7 35 20 11 59 22 42 25 37 45 44 70 93 32 5 81 83 109 94 68 51 2 69 82 36 78 84 103 100 39 101 74 10 99 64 33 14 57 80 66 52 106 108 98 15 91 16 28 71 49 67 56 58 12 47 26 102 104 60 105 13 3 95 30 41 88 6 1 38 43 53 50 72 73 76 34 4 89 40 48 62 87 63 86 21 18 61 96 97 65 
0 19 31 77 90 23 79 55 107 24 29 27 54 92 46 17 8 9 75 85 7 35 20 11 59 22 42 25 37 45 44 70 93 32 5 81 83 109 94 68 51 2 69 82 36 78 84 103 100 39 101 74 10 99 64 33 14 57 80 66 52 106 108 98 15 91 16 28 71 49 67 56 58 12 47 26 102 104 60 105 13 3 95 30 41 88 6 1 38 43 53 50 72 73 76 34 4 89 40 48 62 87 63 86 21 18 61 96 97 65 
0 19 31 77 90 23 79 55 107 24 29 27 54 92 46 17 8 9 75 85 7 35 20 11 59 22 42 25 37 45 44 70 93 32 5 81 83 109 94 68 51 2 69 82 36 78 84 103 100 39 101 74 10 99 64 33 14 57 80 66 52 106 108 98 15 91 16 28 71 49 67 56 58 12 47 26 102 104 60 105 13 3 95 30 41 88 6 1 38 43 53 50 72 73 76 34 4 89 40 48 62 87 63 86 21 18 61 96 97 65 
0 19 31 77 90 23 79 55 107 24 29 27 54 92 46 17 8 9 75 85 7 35 20 11 59 22 42 25 37 45 44 70 93 32 5 81 83 109 94 68 51 2 69 82 36 78 84 103 100 39 101 74 10 99 64 33 14 57 80 66 52 106 108 98 15 91 16 28 71 49 67 56 58 12 47 26 102 104 60 105 13 3 95 30 41 88 6 1 38 43 53 50 72 73 76 34 4 89 40 48 62 87 63 86 21 18 61 96 97 65 
0 19 31 77 90 23 79 55 107 24 29 27 54 92 46 17 8 9 75 85 7 35 20 11 59 22 42 25 37 45 44 70 93 32 5 81 83 109 94 68 51 2 69 82 36 78 84 103 100 39 101 74 10 99 64 33 14 57 80 66 52 106 108 98 15 91 16 28 71 49 67 56 58 12 47 26 102 104 60 105 13 3 95 30 41 88 6 1 38 43 53 50 72 73 76 34 4 89 40 48 62 87 63 86 21 18 61 96 97 65 
0 19 31 77 90 23 79 55 107 24 29 27 54 92 46 17 8 9 75 85 7 35 20 11 59 22 42 25 37 45 44 70 93 32 5 81 83 109 94 68 51 2 69 82 36 78 84 103 100 39 101 74 10 99 64 33 14 57 80 66 52 106 108 98 15 91 16 28 71 49 67 56 58 12 47 26 102 104 60 105 13 3 95 30 41 88 6 1 38 43 53 50 72 73 76 34 4 89 40 48 62 87 63 86 21 18 61 96 97 65 
0 19 31 77 90 23 79 55 107 24 29 27 54 92 46 17 8 9 75 85 7 35 20 11 59 22 42 25 37 45 44 70 93 32 5 81 83 109 94 68 51 2 69 82 36 78 84 103 100 39 101 74 10 99 64 33 14 57 80 66 52 106 108 98 15 91 16 28 71 49 67 56 58 12 47 26 102 104 60 105 13 3 95 30 41 88 6 1 38 43 53 50 72 73 76 34 4 89 40 48 62 87 63 86 21 18 61 96 97 65 
0 19 31 77 90 23 79 55 107 24 29 27 54 92 46 17 8 9 75 85 7 35 20 11 59 22 42 25 37 45 44 70 93 32 5 81 83 109 94 68 51 2 69 82 36 78 84 103 100 39 101 74 10 99 64 33 14 57 80 66 52 106 108 98 15 91 16 28 71 49 67 56 58 12 47 26 102 104 60 105 13 3 95 30 41 88 6 1 38 43 53 50 72 73 76 34 4 89 40 48 62 87 63 86 21 18 61 96 97 65 
0 19 31 77 90 23 79 55 107 24 29 27 54 92 46 17 8 9 75 85 7 35 20 11 59 22 42 25 37 45 44 70 93 32 5 81 83 109 94 68 51 2 69 82 36 78 84 103 100 39 101 74 10 99 64 33 14 57 80 66 52 106 108 98 15 91 16 28 71 49 67 56 58 12 47 26 102 104 60 105 13 3 95 30 41 88 6 1 38 43 53 50 72 73 76 34 4 89 40 48 62 87 63 86 21 18 61 96 97 65 
0 19 31 77 90 23 79 55 107 24 29 27 54 92 46 17 8 9 75 85 7 35 20 11 59 22 42 25 37 45 44 70 93 32 5 81 83 109 94 68 51 2 69 82 36 78 84 103 100 39 101 74 10 99 64 33 14 57 80 66 52 106 108 98 15 91 16 28 71 49 67 56 58 12 47 26 102 104 60 105 13 3 95 30 41 88 6 1 38 43 53 50 72 73 76 34 4 89 40 48 62 87 63 86 21 18 61 96 97 65 
0 19 31 77 90 23 79 55 107 24 29 27 54 92 46 17 8 9 75 85 7 35 20 11 59 22 42 25 37 45 44 70 93 32 5 81 83 109 94 68 51 2 69 82 36 78 84 103 100 39 101 74 10 99 64 33 14 57 80 66 52 106 108 98 15 91 16 28 71 49 67 56 58 12 47 26 102 104 60 105 13 3 95 30 41 88 6 1 38 43 53 50 72 73 76 34 4 89 40 48 62 87 63 86 21 18 61 96 97 65 
0 19 31 77 90 23 79 55 107 24 29 27 54 92 46 17 8 9 75 85 7 35 20 11 59 22 42 25 37 45 44 70 93 32 5 81 83 109 94 68 51 2 69 82 36 78 84 103 100 39 101 74 10 99 64 33 14 57 80 66 52 106 108 98 15 91 16 28 71 49 67 56 58 12 47 26 102 104 60 105 13 3 95 30 41 88 6 1 38 43 53 50 72 73 76 34 4 89 40 48 62 87 63 86 21 18 61 96 97 65 
0 19 31 77 90 23 79 55 107 24 29 27 54 92 46 17 8 9 75 85 7 35 20 11 59 22 42 25 37 45 44 70 93 32 5 81 83 109 94 68 51 2 69 82 36 78 84 103 100 39 101 74 10 99 64 33 14 57 80 66 52 106 108 98 15 91 16 28 71 49 67 56 58 12 47 26 102 104 60 105 13 3 95 30 41 88 6 1 38 43 53 50 72 73 76 34 4 89 40 48 62 87 63 86 21 18 61 96 97 65 
0 19 31 77 90 23 79 55 107 24 29 27 54 92 46 17 8 9 75 85 7 35 20 11 59 22 42 25 37 45 44 70 93 32 5 81 83 109 94 68 51 2 69 82 36 78 84 103 100 39 101 74 10 99 64 33 14 57 80 66 52 106 108 98 15 91 16 28 71 49 67 56 58 12 47 26 102 104 60 105 13 3 95 30 41 88 6 1 38 43 53 50 72 73 76 34 4 89 40 48 62 87 63 86 21 18 61 96 97 65 
0 19 31 77 90 23 79 55 107 24 29 27 54 92 46 17 8 9 75 85 7 35 20 11 59 22 42 25 37 45 44 70 93 32 5 81 83 109 94 68 51 2 69 82 36 78 84 103 100 39 101 74 10 99 64 33 14 57 80 66 52 106 108 98 15 91 16 28 71 49 67 56 58 12 47 26 102 104 60 105 13 3 95 30 41 88 6 1 38 43 53 50 72 73 76 34 4 89 40 48 62 87 63 86 21 18 61 96 97 65 
0 19 31 77 90 23 79 55 107 24 29 27 54 92 46 17 8 9 75 85 7 35 20 11 59 22 42 25 37 45 44 70 93 32 5 81 83 109 94 68 51 2 69 82 36 78 84 103 100 39 101 74 10 99 64 33 14 57 80 66 52 106 108 98 15 91 16 28 71 49 67 56 58 12 47 26 102 104 60 105 13 3 95 30 41 88 6 1 38 43 53 50 72 73 76 34 4 89 40 48 62 87 63 86 21 18 61 96 97 65 
0 19 31 77 90 23 79 55 107 24 29 27 54 92 46 17 8 9 75 85 7 35 20 11 59 22 42 25 37 45 44 70 93 32 5 81 83 109 94 68 51 2 69 82 36 78 84 103 100 39 101 74 10 99 64 33 14 57 80 66 52 106 108 98 15 91 16 28 71 49 67 56 58 12 47 26 102 104 60 105 13 3 95 30 41 88 6 1 38 43 53 50 72 73 76 34 4 89 40 48 62 87 63 86 21 18 61 96 97 65 
0 19 31 77 90 23 79 55 107 24 29 27 54 92 46 17 8 9 75 85 7 35 20 11 59 22 42 25 37 45 44 70 93 32 5 81 83 109 94 68 51 2 69 82 36 78 84 103 100 39 101 74 10 99 64 33 14 57 80 66 52 106 108 98 15 91 16 28 71 49 67 56 58 12 47 26 102 104 60 105 13 3 95 30 41 88 6 1 38 43 53 50 72 73 76 34 4 89 40 48 62 87 63 86 21 18 61 96 97 65 
0 19 31 77 90 23 79 55 107 24 29 27 54 92 46 17 8 9 75 85 7 35 20 11 59 22 42 25 37 45 44 70 93 32 5 81 83 109 94 68 51 2 69 82 36 78 84 103 100 39 101 74 10 99 64 33 14 57 80 66 52 106 108 98 15 91 16 28 71 49 67 56 58 12 47 26 102 104 60 105 13 3 95 30 41 88 6 1 38 43 53 50 72 73 76 34 4 89 40 48 62 87 63 86 21 18 61 96 97 65 
0 19 31 77 90 23 79 55 107 24 29 27 54 92 46 17 8 9 75 85 7 35 20 11 59 22 42 25 37 45 44 70 93 32 5 81 83 109 94 68 51 2 69 82 36 78 84 103 100 39 101 74 10 99 64 33 14 57 80 66 52 106 108 98 15 91 16 28 71 49 67 56 58 12 47 26 102 104 60 105 13 3 95 30 41 88 6 1 38 43 53 50 72 73 76 34 4 89 40 48 62 87 63 86 21 18 61 96 97 65 
0 19 31 77 90 23 79 55 107 24 29 27 54 92 46 17 8 9 75 85 7 35 20 11 59 22 42 25 37 45 44 70 93 32 5 81 83 109 94 68 51 2 69 82 36 78 84 103 100 39 101 74 10 99 64 33 14 57 80 66 52 106 108 98 15 91 16 28 71 49 67 56 58 12 47 26 102 104 60 105 13 3 95 30 41 88 6 1 38 43 53 50 72 73 76 34 4 89 40 48 62 87 63 86 21 18 61 96 97 65 
0 19 31 77 90 23 79 55 107 24 29 27 54 92 46 17 8 9 75 85 7 35 20 11 59 22 42 25 37 45 44 70 93 32 5 81 83 109 94 68 51 2 69 82 36 78 84 103 100 39 101 74 10 99 64 33 14 57 80 66 52 106 108 98 15 91 16 28 71 49 67 56 58 12 47 26 102 104 60 105 13 3 95 30 41 88 6 1 38 43 53 50 72 73 76 34 4 89 40 48 62 87 63 86 21 18 61 96 97 65 
0 19 31 77 90 23 79 55 107 24 29 27 54 92 46 17 8 9 75 85 7 35 20 11 59 22 42 25 37 45 44 70 93 32 5 81 83 109 94 68 51 2 69 82 36 78 84 103 100 39 101 74 10 99 64 33 14 57 80 66 52 106 108 98 15 91 16 28 71 49 67 56 58 12 47 26 102 104 60 105 13 3 95 30 41 88 6 1 38 43 53 50 72 73 76 34 4 89 40 48 62 87 63 86 21 18 61 96 97 65 
0 19 31 77 90 23 79 55 107 24 29 27 54 92 46 17 8 9 75 85 7 35 20 11 59 22 42 25 37 45 44 70 93 32 5 81 83 109 94 68 51 2 69 82 36 78 84 103 100 39 101 74 10 99 64 33 14 57 80 66 52 106 108 98 15 91 16 28 71 49 67 56 58 12 47 26 102 104 60 105 13 3 95 30 41 88 6 1 38 43 53 50 72 73 76 34 4 89 40 48 62 87 63 86 21 18 61 96 97 65 
0 19 31 77 90 23 79 55 107 24 29 27 54 92 46 17 8 9 75 85 7 35 20 11 59 22 42 25 37 45 44 70 93 32 5 81 83 109 94 68 51 2 69 82 36 78 84 103 100 39 101 74 10 99 64 33 14 57 80 66 52 106 108 98 15 91 16 28 71 49 67 56 58 12 47 26 102 104 60 105 13 3 95 30 41 88 6 1 38 43 53 50 72 73 76 34 4 89 40 48 62 87 63 86 21 18 61 96 97 65 
0 19 31 77 90 23 79 55 107 24 29 27 54 92 46 17 8 9 75 85 7 35 20 11 59 22 42 25 37 45 44 70 93 32 5 81 83 109 94 68 51 2 69 82 36 78 84 103 100 39 101 74 10 99 64 33 14 57 80 66 52 106 108 98 15 91 16 28 71 49 67 56 58 12 47 26 102 104 60 105 13 3 95 30 41 88 6 1 38 43 53 50 72 73 76 34 4 89 40 48 62 87 63 86 21 18 61 96 97 65 
0 19 31 77 90 23 79 55 107 24 29 27 54 92 46 17 8 9 75 85 7 35 20 11 59 22 42 25 37 45 44 70 93 32 5 81 83 109 94 68 51 2 69 82 36 78 84 103 100 39 101 74 10 99 64 33 14 57 80 66 52 106 108 98 15 91 16 28 71 49 67 56 58 12 47 26 102 104 60 105 13 3 95 30 41 88 6 1 38 43 53 50 72 73 76 34 4 89 40 48 62 87 63 86 21 18 61 96 97 65 
0 19 31 77 90 23 79 55 107 24 29 27 54 92 46 17 8 9 75 85 7 35 20 11 59 22 42 25 37 45 44 70 93 32 5 81 83 109 94 68 51 2 69 82 36 78 84 103 100 39 101 74 10 99 64 33 14 57 80 66 52 106 108 98 15 91 16 28 71 49 67 56 58 12 47 26 102 104 60 105 13 3 95 30 41 88 6 1 38 43 53 50 72 73 76 34 4 89 40 48 62 87 63 86 21 18 61 96 97 65 
0 19 31 77 90 23 79 55 107 24 29 27 54 92 46 17 8 9 75 85 7 35 20 11 59 22 42 25 37 45 44 70 93 32 5 81 83 109 94 68 51 2 69 82 36 78 84 103 100 39 101 74 10 99 64 33 14 57 80 66 52 106 108 98 15 91 16 28 71 49 67 56 58 12 47 26 102 104 60 105 13 3 95 30 41 88 6 1 38 43 53 50 72 73 76 34 4 89 40 48 62 87 63 86 21 18 61 96 97 65 
0 19 31 77 90 23 79 55 107 24 29 27 54 92 46 17 8 9 75 85 7 35 20 11 59 22 42 25 37 45 44 70 93 32 5 81 83 109 94 68 51 2 69 82 36 78 84 103 100 39 101 74 10 99 64 33 14 57 80 66 52 106 108 98 15 91 16 28 71 49 67 56 58 12 47 26 102 104 60 105 13 3 95 30 41 88 6 1 38 43 53 50 72 73 76 34 4 89 40 48 62 87 63 86 21 18 61 96 97 65 
0 19 31 77 90 23 79 55 107 24 29 27 54 92 46 17 8 9 75 85 7 35 20 11 59 22 42 25 37 45 44 70 93 32 5 81 83 109 94 68 51 2 69 82 36 78 84 103 100 39 101 74 10 99 64 33 14 57 80 66 52 106 108 98 15 91 16 28 71 49 67 56 58 12 47 26 102 104 60 105 13 3 95 30 41 88 6 1 38 43 53 50 72 73 76 34 4 89 40 48 62 87 63 86 21 18 61 96 97 65 
0 19 31 77 90 23 79 55 107 24 29 27 54 92 46 17 8 9 75 85 7 35 20 11 59 22 42 25 37 45 44 70 93 32 5 81 83 109 94 68 51 2 69 82 36 78 84 103 100 39 101 74 10 99 64 33 14 57 80 66 52 106 108 98 15 91 16 28 71 49 67 56 58 12 47 26 102 104 60 105 13 3 95 30 41 88 6 1 38 43 53 50 72 73 76 34 4 89 40 48 62 87 63 86 21 18 61 96 97 65 
0 19 31 77 90 23 79 55 107 24 29 27 54 92 46 17 8 9 75 85 7 35 20 11 59 22 42 25 37 45 44 70 93 32 5 81 83 109 94 68 51 2 69 82 36 78 84 103 100 39 101 74 10 99 64 33 14 57 80 66 52 106 108 98 15 91 16 28 71 49 67 56 58 12 47 26 102 104 60 105 13 3 95 30 41 88 6 1 38 43 53 50 72 73 76 34 4 89 40 48 62 87 63 86 21 18 61 96 97 65 
0 19 31 77 90 23 79 55 107 24 29 27 54 92 46 17 8 9 75 85 7 35 20 11 59 22 42 25 37 45 44 70 93 32 5 81 83 109 94 68 51 2 69 82 36 78 84 103 100 39 101 74 10 99 64 33 14 57 80 66 52 106 108 98 15 91 16 28 71 49 67 56 58 12 47 26 102 104 60 105 13 3 95 30 41 88 6 1 38 43 53 50 72 73 76 34 4 89 40 48 62 87 63 86 21 18 61 96 97 65 
0 19 31 77 90 23 79 55 107 24 29 27 54 92 46 17 8 9 75 85 7 35 20 11 59 22 42 25 37 45 44 70 93 32 5 81 83 109 94 68 51 2 69 82 36 78 84 103 100 39 101 74 10 99 64 33 14 57 80 66 52 106 108 98 15 91 16 28 71 49 67 56 58 12 47 26 102 104 60 105 13 3 95 30 41 88 6 1 38 43 53 50 72 73 76 34 4 89 40 48 62 87 63 86 21 18 61 96 97 65 
0 19 31 77 90 23 79 55 107 24 29 27 54 92 46 17 8 9 75 85 7 35 20 11 59 22 42 25 37 45 44 70 93 32 5 81 83 109 94 68 51 2 69 82 36 78 84 103 100 39 101 74 10 99 64 33 14 57 80 66 52 106 108 98 15 91 16 28 71 49 67 56 58 12 47 26 102 104 60 105 13 3 95 30 41 88 6 1 38 43 53 50 72 73 76 34 4 89 40 48 62 87 63 86 21 18 61 96 97 65 
0 19 31 77 90 23 79 55 107 24 29 27 54 92 46 17 8 9 75 85 7 35 20 11 59 22 42 25 37 45 44 70 93 32 5 81 83 109 94 68 51 2 69 82 36 78 84 103 100 39 101 74 10 99 64 33 14 57 80 66 52 106 108 98 15 91 16 28 71 49 67 56 58 12 47 26 102 104 60 105 13 3 95 30 41 88 6 1 38 43 53 50 72 73 76 34 4 89 40 48 62 87 63 86 21 18 61 96 97 65 
0 19 31 77 90 23 79 55 107 24 29 27 54 92 46 17 8 9 75 85 7 35 20 11 59 22 42 25 37 45 44 70 93 32 5 81 83 109 94 68 51 2 69 82 36 78 84 103 100 39 101 74 10 99 64 33 14 57 80 66 52 106 108 98 15 91 16 28 71 49 67 56 58 12 47 26 102 104 60 105 13 3 95 30 41 88 6 1 38 43 53 50 72 73 76 34 4 89 40 48 62 87 63 86 21 18 61 96 97 65 
0 19 31 77 90 23 79 55 107 24 29 27 54 92 46 17 8 9 75 85 7 35 20 11 59 22 42 25 37 45 44 70 93 32 5 81 83 109 94 68 51 2 69 82 36 78 84 103 100 39 101 74 10 99 64 33 14 57 80 66 52 106 108 98 15 91 16 28 71 49 67 56 58 12 47 26 102 104 60 105 13 3 95 30 41 88 6 1 38 43 53 50 72 73 76 34 4 89 40 48 62 87 63 86 21 18 61 96 97 65 
0 19 31 77 90 23 79 55 107 24 29 27 54 92 46 17 8 9 75 85 7 35 20 11 59 22 42 25 37 45 44 70 93 32 5 81 83 109 94 68 51 2 69 82 36 78 84 103 100 39 101 74 10 99 64 33 14 57 80 66 52 106 108 98 15 91 16 28 71 49 67 56 58 12 47 26 102 104 60 105 13 3 95 30 41 88 6 1 38 43 53 50 72 73 76 34 4 89 40 48 62 87 63 86 21 18 61 96 97 65 
0 19 31 77 90 23 79 55 107 24 29 27 54 92 46 17 8 9 75 85 7 35 20 11 59 22 42 25 37 45 44 70 93 32 5 81 83 109 94 68 51 2 69 82 36 78 84 103 100 39 101 74 10 99 64 33 14 57 80 66 52 106 108 98 15 91 16 28 71 49 67 56 58 12 47 26 102 104 60 105 13 3 95 30 41 88 6 1 38 43 53 50 72 73 76 34 4 89 40 48 62 87 63 86 21 18 61 96 97 65 
0 19 31 77 90 23 79 55 107 24 29 27 54 92 46 17 8 9 75 85 7 35 20 11 59 22 42 25 37 45 44 70 93 32 5 81 83 109 94 68 51 2 69 82 36 78 84 103 100 39 101 74 10 99 64 33 14 57 80 66 52 106 108 98 15 91 16 28 71 49 67 56 58 12 47 26 102 104 60 105 13 3 95 30 41 88 6 1 38 43 53 50 72 73 76 34 4 89 40 48 62 87 63 86 21 18 61 96 97 65 
0 19 31 77 90 23 79 55 107 24 29 27 54 92 46 17 8 9 75 85 7 35 20 11 59 22 42 25 37 45 44 70 93 32 5 81 83 109 94 68 51 2 69 82 36 78 84 103 100 39 101 74 10 99 64 33 14 57 80 66 52 106 108 98 15 91 16 28 71 49 67 56 58 12 47 26 102 104 60 105 13 3 95 30 41 88 6 1 38 43 53 50 72 73 76 34 4 89 40 48 62 87 63 86 21 18 61 96 97 65 
0 19 31 77 90 23 79 55 107 24 29 27 54 92 46 17 8 9 75 85 7 35 20 11 59 22 42 25 37 45 44 70 93 32 5 81 83 109 94 68 51 2 69 82 36 78 84 103 100 39 101 74 10 99 64 33 14 57 80 66 52 106 108 98 15 91 16 28 71 49 67 56 58 12 47 26 102 104 60 105 13 3 95 30 41 88 6 1 38 43 53 50 72 73 76 34 4 89 40 48 62 87 63 86 21 18 61 96 97 65 
0 19 31 77 90 23 79 55 107 24 29 27 54 92 46 17 8 9 75 85 7 35 20 11 59 22 42 25 37 45 44 70 93 32 5 81 83 109 94 68 51 2 69 82 36 78 84 103 100 39 101 74 10 99 64 33 14 57 80 66 52 106 108 98 15 91 16 28 71 49 67 56 58 12 47 26 102 104 60 105 13 3 95 30 41 88 6 1 38 43 53 50 72 73 76 34 4 89 40 48 62 87 63 86 21 18 61 96 97 65 
0 19 31 77 90 23 79 55 107 24 29 27 54 92 46 17 8 9 75 85 7 35 20 11 59 22 42 25 37 45 44 70 93 32 5 81 83 109 94 68 51 2 69 82 36 78 84 103 100 39 101 74 10 99 64 33 14 57 80 66 52 106 108 98 15 91 16 28 71 49 67 56 58 12 47 26 102 104 60 105 13 3 95 30 41 88 6 1 38 43 53 50 72 73 76 34 4 89 40 48 62 87 63 86 21 18 61 96 97 65 
0 19 31 77 90 23 79 55 107 24 29 27 54 92 46 17 8 9 75 85 7 35 20 11 59 22 42 25 37 45 44 70 93 32 5 81 83 109 94 68 51 2 69 82 36 78 84 103 100 39 101 74 10 99 64 33 14 57 80 66 52 106 108 98 15 91 16 28 71 49 67 56 58 12 47 26 102 104 60 105 13 3 95 30 41 88 6 1 38 43 53 50 72 73 76 34 4 89 40 48 62 87 63 86 21 18 61 96 97 65 
0 19 31 77 90 23 79 55 107 24 29 27 54 92 46 17 8 9 75 85 7 35 20 11 59 22 42 25 37 45 44 70 93 32 5 81 83 109 94 68 51 2 69 82 36 78 84 103 100 39 101 74 10 99 64 33 14 57 80 66 52 106 108 98 15 91 16 28 71 49 67 56 58 12 47 26 102 104 60 105 13 3 95 30 41 88 6 1 38 43 53 50 72 73 76 34 4 89 40 48 62 87 63 86 21 18 61 96 97 65 
0 19 31 77 90 23 79 55 107 24 29 27 54 92 46 17 8 9 75 85 7 35 20 11 59 22 42 25 37 45 44 70 93 32 5 81 83 109 94 68 51 2 69 82 36 78 84 103 100 39 101 74 10 99 64 33 14 57 80 66 52 106 108 98 15 91 16 28 71 49 67 56 58 12 47 26 102 104 60 105 13 3 95 30 41 88 6 1 38 43 53 50 72 73 76 34 4 89 40 48 62 87 63 86 21 18 61 96 97 65 
0 19 31 77 90 23 79 55 107 24 29 27 54 92 46 17 8 9 75 85 7 35 20 11 59 22 42 25 37 45 44 70 93 32 5 81 83 109 94 68 51 2 69 82 36 78 84 103 100 39 101 74 10 99 64 33 14 57 80 66 52 106 108 98 15 91 16 28 71 49 67 56 58 12 47 26 102 104 60 105 13 3 95 30 41 88 6 1 38 43 53 50 72 73 76 34 4 89 40 48 62 87 63 86 21 18 61 96 97 65 
0 19 31 77 90 23 79 55 107 24 29 27 54 92 46 17 8 9 75 85 7 35 20 11 59 22 42 25 37 45 44 70 93 32 5 81 83 109 94 68 51 2 69 82 36 78 84 103 100 39 101 74 10 99 64 33 14 57 80 66 52 106 108 98 15 91 16 28 71 49 67 56 58 12 47 26 102 104 60 105 13 3 95 30 41 88 6 1 38 43 53 50 72 73 76 34 4 89 40 48 62 87 63 86 21 18 61 96 97 65 
0 19 31 77 90 23 79 55 107 24 29 27 54 92 46 17 8 9 75 85 7 35 20 11 59 22 42 25 37 45 44 70 93 32 5 81 83 109 94 68 51 2 69 82 36 78 84 103 100 39 101 74 10 99 64 33 14 57 80 66 52 106 108 98 15 91 16 28 71 49 67 56 58 12 47 26 102 104 60 105 13 3 95 30 41 88 6 1 38 43 53 50 72 73 76 34 4 89 40 48 62 87 63 86 21 18 61 96 97 65 
0 19 31 77 90 23 79 55 107 24 29 27 54 92 46 17 8 9 75 85 7 35 20 11 59 22 42 25 37 45 44 70 93 32 5 81 83 109 94 68 51 2 69 82 36 78 84 103 100 39 101 74 10 99 64 33 14 57 80 66 52 106 108 98 15 91 16 28 71 49 67 56 58 12 47 26 102 104 60 105 13 3 95 30 41 88 6 1 38 43 53 50 72 73 76 34 4 89 40 48 62 87 63 86 21 18 61 96 97 65 
0 19 31 77 90 23 79 55 107 24 29 27 54 92 46 17 8 9 75 85 7 35 20 11 59 22 42 25 37 45 44 70 93 32 5 81 83 109 94 68 51 2 69 82 36 78 84 103 100 39 101 74 10 99 64 33 14 57 80 66 52 106 108 98 15 91 16 28 71 49 67 56 58 12 47 26 102 104 60 105 13 3 95 30 41 88 6 1 38 43 53 50 72 73 76 34 4 89 40 48 62 87 63 86 21 18 61 96 97 65 
0 19 31 77 90 23 79 55 107 24 29 27 54 92 46 17 8 9 75 85 7 35 20 11 59 22 42 25 37 45 44 70 93 32 5 81 83 109 94 68 51 2 69 82 36 78 84 103 100 39 101 74 10 99 64 33 14 57 80 66 52 106 108 98 15 91 16 28 71 49 67 56 58 12 47 26 102 104 60 105 13 3 95 30 41 88 6 1 38 43 53 50 72 73 76 34 4 89 40 48 62 87 63 86 21 18 61 96 97 65 
0 19 31 77 90 23 79 55 107 24 29 27 54 92 46 17 8 9 75 85 7 35 20 11 59 22 42 25 37 45 44 70 93 32 5 81 83 109 94 68 51 2 69 82 36 78 84 103 100 39 101 74 10 99 64 33 14 57 80 66 52 106 108 98 15 91 16 28 71 49 67 56 58 12 47 26 102 104 60 105 13 3 95 30 41 88 6 1 38 43 53 50 72 73 76 34 4 89 40 48 62 87 63 86 21 18 61 96 97 65 
0 19 31 77 90 23 79 55 107 24 29 27 54 92 46 17 8 9 75 85 7 35 20 11 59 22 42 25 37 45 44 70 93 32 5 81 83 109 94 68 51 2 69 82 36 78 84 103 100 39 101 74 10 99 64 33 14 57 80 66 52 106 108 98 15 91 16 28 71 49 67 56 58 12 47 26 102 104 60 105 13 3 95 30 41 88 6 1 38 43 53 50 72 73 76 34 4 89 40 48 62 87 63 86 21 18 61 96 97 65 
0 19 31 77 90 23 79 55 107 24 29 27 54 92 46 17 8 9 75 85 7 35 20 11 59 22 42 25 37 45 44 70 93 32 5 81 83 109 94 68 51 2 69 82 36 78 84 103 100 39 101 74 10 99 64 33 14 57 80 66 52 106 108 98 15 91 16 28 71 49 67 56 58 12 47 26 102 104 60 105 13 3 95 30 41 88 6 1 38 43 53 50 72 73 76 34 4 89 40 48 62 87 63 86 21 18 61 96 97 65 
0 19 31 77 90 23 79 55 107 24 29 27 54 92 46 17 8 9 75 85 7 35 20 11 59 22 42 25 37 45 44 70 93 32 5 81 83 109 94 68 51 2 69 82 36 78 84 103 100 39 101 74 10 99 64 33 14 57 80 66 52 106 108 98 15 91 16 28 71 49 67 56 58 12 47 26 102 104 60 105 13 3 95 30 41 88 6 1 38 43 53 50 72 73 76 34 4 89 40 48 62 87 63 86 21 18 61 96 97 65 
0 19 31 77 90 23 79 55 107 24 29 27 54 92 46 17 8 9 75 85 7 35 20 11 59 22 42 25 37 45 44 70 93 32 5 81 83 109 94 68 51 2 69 82 36 78 84 103 100 39 101 74 10 99 64 33 14 57 80 66 52 106 108 98 15 91 16 28 71 49 67 56 58 12 47 26 102 104 60 105 13 3 95 30 41 88 6 1 38 43 53 50 72 73 76 34 4 89 40 48 62 87 63 86 21 18 61 96 97 65 
0 19 31 77 90 23 79 55 107 24 29 27 54 92 46 17 8 9 75 85 7 35 20 11 59 22 42 25 37 45 44 70 93 32 5 81 83 109 94 68 51 2 69 82 36 78 84 103 100 39 101 74 10 99 64 33 14 57 80 66 52 106 108 98 15 91 16 28 71 49 67 56 58 12 47 26 102 104 60 105 13 3 95 30 41 88 6 1 38 43 53 50 72 73 76 34 4 89 40 48 62 87 63 86 21 18 61 96 97 65 
0 19 31 77 90 23 79 55 107 24 29 27 54 92 46 17 8 9 75 85 7 35 20 11 59 22 42 25 37 45 44 70 93 32 5 81 83 109 94 68 51 2 69 82 36 78 84 103 100 39 101 74 10 99 64 33 14 57 80 66 52 106 108 98 15 91 16 28 71 49 67 56 58 12 47 26 102 104 60 105 13 3 95 30 41 88 6 1 38 43 53 50 72 73 76 34 4 89 40 48 62 87 63 86 21 18 61 96 97 65 
0 19 31 77 90 23 79 55 107 24 29 27 54 92 46 17 8 9 75 85 7 35 20 11 59 22 42 25 37 45 44 70 93 32 5 81 83 109 94 68 51 2 69 82 36 78 84 103 100 39 101 74 10 99 64 33 14 57 80 66 52 106 108 98 15 91 16 28 71 49 67 56 58 12 47 26 102 104 60 105 13 3 95 30 41 88 6 1 38 43 53 50 72 73 76 34 4 89 40 48 62 87 63 86 21 18 61 96 97 65 
0 19 31 77 90 23 79 55 107 24 29 27 54 92 46 17 8 9 75 85 7 35 20 11 59 22 42 25 37 45 44 70 93 32 5 81 83 109 94 68 51 2 69 82 36 78 84 103 100 39 101 74 10 99 64 33 14 57 80 66 52 106 108 98 15 91 16 28 71 49 67 56 58 12 47 26 102 104 60 105 13 3 95 30 41 88 6 1 38 43 53 50 72 73 76 34 4 89 40 48 62 87 63 86 21 18 61 96 97 65 
0 19 31 77 90 23 79 55 107 24 29 27 54 92 46 17 8 9 75 85 7 35 20 11 59 22 42 25 37 45 44 70 93 32 5 81 83 109 94 68 51 2 69 82 36 78 84 103 100 39 101 74 10 99 64 33 14 57 80 66 52 106 108 98 15 91 16 28 71 49 67 56 58 12 47 26 102 104 60 105 13 3 95 30 41 88 6 1 38 43 53 50 72 73 76 34 4 89 40 48 62 87 63 86 21 18 61 96 97 65 
0 19 31 77 90 23 79 55 107 24 29 27 54 92 46 17 8 9 75 85 7 35 20 11 59 22 42 25 37 45 44 70 93 32 5 81 83 109 94 68 51 2 69 82 36 78 84 103 100 39 101 74 10 99 64 33 14 57 80 66 52 106 108 98 15 91 16 28 71 49 67 56 58 12 47 26 102 104 60 105 13 3 95 30 41 88 6 1 38 43 53 50 72 73 76 34 4 89 40 48 62 87 63 86 21 18 61 96 97 65 
0 19 31 77 90 23 79 55 107 24 29 27 54 92 46 17 8 9 75 85 7 35 20 11 59 22 42 25 37 45 44 70 93 32 5 81 83 109 94 68 51 2 69 82 36 78 84 103 100 39 101 74 10 99 64 33 14 57 80 66 52 106 108 98 15 91 16 28 71 49 67 56 58 12 47 26 102 104 60 105 13 3 95 30 41 88 6 1 38 43 53 50 72 73 76 34 4 89 40 48 62 87 63 86 21 18 61 96 97 65 
0 19 31 77 90 23 79 55 107 24 29 27 54 92 46 17 8 9 75 85 7 35 20 11 59 22 42 25 37 45 44 70 93 32 5 81 83 109 94 68 51 2 69 82 36 78 84 103 100 39 101 74 10 99 64 33 14 57 80 66 52 106 108 98 15 91 16 28 71 49 67 56 58 12 47 26 102 104 60 105 13 3 95 30 41 88 6 1 38 43 53 50 72 73 76 34 4 89 40 48 62 87 63 86 21 18 61 96 97 65 
0 19 31 77 90 23 79 55 107 24 29 27 54 92 46 17 8 9 75 85 7 35 20 11 59 22 42 25 37 45 44 70 93 32 5 81 83 109 94 68 51 2 69 82 36 78 84 103 100 39 101 74 10 99 64 33 14 57 80 66 52 106 108 98 15 91 16 28 71 49 67 56 58 12 47 26 102 104 60 105 13 3 95 30 41 88 6 1 38 43 53 50 72 73 76 34 4 89 40 48 62 87 63 86 21 18 61 96 97 65 
0 19 31 77 90 23 79 55 107 24 29 27 54 92 46 17 8 9 75 85 7 35 20 11 59 22 42 25 37 45 44 70 93 32 5 81 83 109 94 68 51 2 69 82 36 78 84 103 100 39 101 74 10 99 64 33 14 57 80 66 52 106 108 98 15 91 16 28 71 49 67 56 58 12 47 26 102 104 60 105 13 3 95 30 41 88 6 1 38 43 53 50 72 73 76 34 4 89 40 48 62 87 63 86 21 18 61 96 97 65 
0 19 31 77 90 23 79 55 107 24 29 27 54 92 46 17 8 9 75 85 7 35 20 11 59 22 42 25 37 45 44 70 93 32 5 81 83 109 94 68 51 2 69 82 36 78 84 103 100 39 101 74 10 99 64 33 14 57 80 66 52 106 108 98 15 91 16 28 71 49 67 56 58 12 47 26 102 104 60 105 13 3 95 30 41 88 6 1 38 43 53 50 72 73 76 34 4 89 40 48 62 87 63 86 21 18 61 96 97 65 
0 19 31 77 90 23 79 55 107 24 29 27 54 92 46 17 8 9 75 85 7 35 20 11 59 22 42 25 37 45 44 70 93 32 5 81 83 109 94 68 51 2 69 82 36 78 84 103 100 39 101 74 10 99 64 33 14 57 80 66 52 106 108 98 15 91 16 28 71 49 67 56 58 12 47 26 102 104 60 105 13 3 95 30 41 88 6 1 38 43 53 50 72 73 76 34 4 89 40 48 62 87 63 86 21 18 61 96 97 65 
0 19 31 77 90 23 79 55 107 24 29 27 54 92 46 17 8 9 75 85 7 35 20 11 59 22 42 25 37 45 44 70 93 32 5 81 83 109 94 68 51 2 69 82 36 78 84 103 100 39 101 74 10 99 64 33 14 57 80 66 52 106 108 98 15 91 16 28 71 49 67 56 58 12 47 26 102 104 60 105 13 3 95 30 41 88 6 1 38 43 53 50 72 73 76 34 4 89 40 48 62 87 63 86 21 18 61 96 97 65 
0 19 31 77 90 23 79 55 107 24 29 27 54 92 46 17 8 9 75 85 7 35 20 11 59 22 42 25 37 45 44 70 93 32 5 81 83 109 94 68 51 2 69 82 36 78 84 103 100 39 101 74 10 99 64 33 14 57 80 66 52 106 108 98 15 91 16 28 71 49 67 56 58 12 47 26 102 104 60 105 13 3 95 30 41 88 6 1 38 43 53 50 72 73 76 34 4 89 40 48 62 87 63 86 21 18 61 96 97 65 
0 19 31 77 90 23 79 55 107 24 29 27 54 92 46 17 8 9 75 85 7 35 20 11 59 22 42 25 37 45 44 70 93 32 5 81 83 109 94 68 51 2 69 82 36 78 84 103 100 39 101 74 10 99 64 33 14 57 80 66 52 106 108 98 15 91 16 28 71 49 67 56 58 12 47 26 102 104 60 105 13 3 95 30 41 88 6 1 38 43 53 50 72 73 76 34 4 89 40 48 62 87 63 86 21 18 61 96 97 65 
0 19 31 77 90 23 79 55 107 24 29 27 54 92 46 17 8 9 75 85 7 35 20 11 59 22 42 25 37 45 44 70 93 32 5 81 83 109 94 68 51 2 69 82 36 78 84 103 100 39 101 74 10 99 64 33 14 57 80 66 52 106 108 98 15 91 16 28 71 49 67 56 58 12 47 26 102 104 60 105 13 3 95 30 41 88 6 1 38 43 53 50 72 73 76 34 4 89 40 48 62 87 63 86 21 18 61 96 97 65 
0 19 31 77 90 23 79 55 107 24 29 27 54 92 46 17 8 9 75 85 7 35 20 11 59 22 42 25 37 45 44 70 93 32 5 81 83 109 94 68 51 2 69 82 36 78 84 103 100 39 101 74 10 99 64 33 14 57 80 66 52 106 108 98 15 91 16 28 71 49 67 56 58 12 47 26 102 104 60 105 13 3 95 30 41 88 6 1 38 43 53 50 72 73 76 34 4 89 40 48 62 87 63 86 21 18 61 96 97 65 
0 19 31 77 90 23 79 55 107 24 29 27 54 92 46 17 8 9 75 85 7 35 20 11 59 22 42 25 37 45 44 70 93 32 5 81 83 109 94 68 51 2 69 82 36 78 84 103 100 39 101 74 10 99 64 33 14 57 80 66 52 106 108 98 15 91 16 28 71 49 67 56 58 12 47 26 102 104 60 105 13 3 95 30 41 88 6 1 38 43 53 50 72 73 76 34 4 89 40 48 62 87 63 86 21 18 61 96 97 65 
0 19 31 77 90 23 79 55 107 24 29 27 54 92 46 17 8 9 75 85 7 35 20 11 59 22 42 25 37 45 44 70 93 32 5 81 83 109 94 68 51 2 69 82 36 78 84 103 100 39 101 74 10 99 64 33 14 57 80 66 52 106 108 98 15 91 16 28 71 49 67 56 58 12 47 26 102 104 60 105 13 3 95 30 41 88 6 1 38 43 53 50 72 73 76 34 4 89 40 48 62 87 63 86 21 18 61 96 97 65 
0 19 31 77 90 23 79 55 107 24 29 27 54 92 46 17 8 9 75 85 7 35 20 11 59 22 42 25 37 45 44 70 93 32 5 81 83 109 94 68 51 2 69 82 36 78 84 103 100 39 101 74 10 99 64 33 14 57 80 66 52 106 108 98 15 91 16 28 71 49 67 56 58 12 47 26 102 104 60 105 13 3 95 30 41 88 6 1 38 43 53 50 72 73 76 34 4 89 40 48 62 87 63 86 21 18 61 96 97 65 
0 19 31 77 90 23 79 55 107 24 29 27 54 92 46 17 8 9 75 85 7 35 20 11 59 22 42 25 37 45 44 70 93 32 5 81 83 109 94 68 51 2 69 82 36 78 84 103 100 39 101 74 10 99 64 33 14 57 80 66 52 106 108 98 15 91 16 28 71 49 67 56 58 12 47 26 102 104 60 105 13 3 95 30 41 88 6 1 38 43 53 50 72 73 76 34 4 89 40 48 62 87 63 86 21 18 61 96 97 65 
0 19 31 77 90 23 79 55 107 24 29 27 54 92 46 17 8 9 75 85 7 35 20 11 59 22 42 25 37 45 44 70 93 32 5 81 83 109 94 68 51 2 69 82 36 78 84 103 100 39 101 74 10 99 64 33 14 57 80 66 52 106 108 98 15 91 16 28 71 49 67 56 58 12 47 26 102 104 60 105 13 3 95 30 41 88 6 1 38 43 53 50 72 73 76 34 4 89 40 48 62 87 63 86 21 18 61 96 97 65 
0 19 31 77 90 23 79 55 107 24 29 27 54 92 46 17 8 9 75 85 7 35 20 11 59 22 42 25 37 45 44 70 93 32 5 81 83 109 94 68 51 2 69 82 36 78 84 103 100 39 101 74 10 99 64 33 14 57 80 66 52 106 108 98 15 91 16 28 71 67 49 56 58 12 47 26 102 104 60 105 13 3 95 30 41 88 6 1 38 43 53 50 72 73 76 34 4 89 40 48 62 87 63 86 21 18 61 96 97 65 
0 19 31 77 90 23 79 55 107 24 29 27 54 92 46 17 8 9 75 85 7 35 20 11 59 22 42 25 37 45 44 70 93 32 5 81 83 109 94 68 51 2 69 82 36 78 84 103 100 39 101 74 10 99 64 33 14 57 80 66 52 106 108 98 15 91 16 28 71 49 67 56 58 12 47 26 102 104 60 105 13 3 95 30 41 88 6 1 38 43 53 50 72 73 76 34 4 89 40 48 62 87 61 96 63 86 21 18 97 65 
0 19 31 77 90 23 79 55 107 24 29 27 54 92 46 17 8 9 75 85 7 35 20 11 59 22 42 25 37 45 44 70 93 32 5 81 83 109 94 68 51 2 69 82 36 78 84 103 100 39 101 74 10 99 64 33 14 57 80 66 52 106 108 98 15 91 16 28 71 49 67 56 58 12 47 26 102 104 60 105 13 3 95 30 41 88 6 1 38 43 53 50 72 73 76 34 4 89 40 48 62 87 61 96 63 86 21 18 97 65 
0 19 31 77 90 23 79 55 107 24 29 27 54 92 46 17 8 9 75 85 7 35 20 11 59 22 42 25 37 45 44 70 93 32 5 81 83 109 94 68 51 2 69 82 36 78 84 103 100 39 101 74 10 99 64 33 14 57 80 66 52 106 108 98 15 91 16 28 71 49 67 56 58 12 47 26 102 104 60 105 13 3 95 30 41 88 6 1 38 43 53 50 72 73 76 34 4 89 40 48 62 87 61 96 63 86 21 18 97 65 
0 19 31 77 90 23 79 55 107 24 29 27 54 92 46 17 8 9 75 85 7 35 20 11 59 22 42 25 37 45 44 70 93 32 5 81 83 109 94 68 51 2 69 82 36 78 84 103 100 39 101 74 10 99 64 33 14 57 80 66 52 106 108 98 15 91 16 28 71 49 67 56 58 12 47 26 102 104 60 105 13 3 95 30 41 88 6 1 38 43 53 50 72 73 76 34 4 89 40 48 62 87 61 96 63 86 21 18 97 65 
0 19 31 77 90 23 79 55 107 24 29 27 54 92 46 17 8 9 75 85 7 35 20 11 59 22 42 25 37 45 44 70 93 32 5 81 83 109 94 68 51 2 69 82 36 78 84 103 100 39 101 74 10 99 64 33 14 57 80 66 52 106 108 98 15 91 16 28 71 49 67 56 58 12 47 26 102 104 60 105 13 3 95 30 41 88 6 1 38 43 53 50 72 73 76 34 4 89 40 48 62 87 61 96 63 86 21 18 97 65 
0 19 31 77 90 23 79 55 107 24 29 27 54 92 46 17 8 9 75 85 7 35 20 11 59 22 42 25 37 45 44 70 93 32 5 81 83 109 94 68 51 2 69 82 36 78 84 103 100 39 101 74 10 99 64 33 14 57 80 66 52 106 108 98 15 91 16 28 71 49 67 56 58 12 47 26 102 104 60 105 13 3 95 30 41 88 6 1 38 43 53 50 72 73 76 34 4 89 40 48 62 87 61 96 63 86 21 18 97 65 
0 19 31 77 90 23 79 55 107 24 29 27 54 92 46 17 8 9 75 85 7 35 20 11 59 22 42 25 37 45 44 70 93 32 5 81 83 109 94 68 51 2 69 82 36 78 84 103 100 39 101 74 10 99 64 33 14 57 80 66 52 106 108 98 15 91 16 28 71 49 67 56 58 12 47 26 102 104 60 105 13 3 95 30 41 88 6 1 38 43 53 50 72 73 76 34 4 89 40 48 62 87 61 96 63 86 21 18 97 65 
0 19 31 77 90 23 79 55 107 24 29 27 54 92 46 17 8 9 75 85 7 35 20 11 59 22 42 25 37 45 44 70 93 32 5 81 83 109 94 68 51 2 69 82 36 78 84 103 100 39 101 74 10 99 64 33 14 57 80 66 52 106 108 98 15 91 16 28 71 49 67 56 58 12 47 26 102 104 60 105 13 3 95 30 41 88 6 1 38 43 53 50 72 73 76 34 4 89 40 48 62 87 63 21 18 86 61 96 97 65 
0 19 31 77 90 23 79 55 107 24 29 27 54 92 46 17 8 9 75 85 7 35 20 11 59 22 42 25 37 45 44 70 93 32 5 81 83 94 68 51 2 69 82 36 78 84 103 100 39 101 74 10 99 64 33 14 57 80 66 52 106 108 98 15 91 16 28 71 49 67 56 58 12 47 26 102 104 60 105 13 3 95 30 41 88 6 1 38 43 53 50 72 73 76 34 4 89 109 40 48 62 87 63 86 21 18 61 96 97 65 
0 19 31 77 90 23 79 55 107 24 29 27 54 92 46 17 8 9 75 85 7 35 20 11 59 22 42 25 37 45 44 70 93 32 5 81 83 94 68 51 2 69 82 36 78 84 103 100 39 101 74 10 99 64 33 14 57 80 66 52 106 108 98 15 91 16 28 71 49 67 56 58 12 47 26 102 104 60 105 13 3 95 30 41 88 6 1 38 43 53 50 72 73 76 34 4 89 109 40 48 62 87 63 86 21 18 61 96 97 65 
0 19 31 77 90 23 79 55 107 24 29 27 54 92 46 17 8 9 75 85 7 35 20 11 59 22 42 25 37 45 44 70 93 32 5 81 83 94 68 51 2 69 82 36 78 84 103 100 39 101 74 10 99 64 33 14 57 80 66 52 106 108 98 15 91 16 28 71 49 67 56 58 12 47 26 102 104 60 105 13 3 95 30 41 88 6 1 38 43 53 50 72 73 76 34 4 89 109 40 48 62 87 63 86 21 18 61 96 97 65 
0 19 31 77 90 23 79 55 107 24 29 27 54 92 46 17 8 9 75 85 7 35 20 11 59 22 42 25 37 45 44 70 93 32 68 94 109 83 81 5 51 2 69 82 36 78 84 103 100 39 101 74 10 99 64 33 14 57 80 66 52 106 108 98 15 91 16 28 71 49 67 56 58 12 47 26 102 104 60 105 13 3 95 30 41 88 6 1 38 43 53 50 72 73 76 34 4 89 40 48 62 87 63 86 21 18 61 96 97 65 
0 19 31 77 90 23 79 55 107 24 29 27 54 92 46 17 8 9 75 85 7 35 42 22 59 11 20 25 37 45 44 70 93 32 5 81 83 109 94 68 51 2 69 82 36 78 84 103 100 39 101 74 10 99 64 33 14 57 80 66 52 106 108 98 15 91 16 28 71 49 67 56 58 12 47 26 102 104 60 105 13 3 95 30 41 88 6 1 38 43 53 50 72 73 76 34 4 89 40 48 62 87 61 96 63 86 21 18 97 65 
0 19 31 77 90 23 79 55 107 24 29 27 54 92 46 17 8 9 75 85 7 35 20 11 59 22 42 25 37 45 44 70 93 32 5 81 83 109 94 68 51 2 69 82 36 78 84 103 100 39 101 74 10 99 64 33 14 57 80 66 52 106 108 98 15 91 16 28 71 49 104 102 26 47 12 58 56 67 60 105 13 3 95 30 41 88 6 1 38 43 53 50 72 73 76 34 4 89 40 48 62 87 63 86 21 18 61 96 97 65 
0 19 31 77 90 23 79 55 107 24 29 27 54 92 46 17 8 9 75 85 7 35 20 11 59 22 42 25 37 45 44 70 93 32 5 81 83 109 94 68 51 2 69 82 36 78 84 103 100 39 101 74 10 99 64 33 14 57 80 66 52 106 108 98 15 91 16 28 71 49 67 58 12 47 26 102 104 60 56 105 13 3 95 30 41 88 6 1 38 43 53 50 72 73 76 34 4 89 40 48 62 87 63 86 21 18 61 96 97 65 
0 19 31 77 90 23 79 55 107 24 29 27 54 92 46 17 8 9 75 85 7 35 20 11 59 22 42 25 37 45 44 70 93 32 5 81 83 109 94 68 51 2 69 82 36 78 84 103 100 39 101 74 10 99 64 33 14 57 80 66 106 108 52 98 15 91 16 28 71 49 67 56 58 12 47 26 102 104 60 105 13 3 95 30 41 88 6 1 38 43 53 50 72 73 76 34 4 89 40 48 62 87 63 86 21 18 61 96 97 65 
0 19 31 77 90 23 79 55 107 24 29 27 54 92 46 17 8 9 75 85 7 35 20 11 59 22 42 25 37 45 44 70 93 32 5 82 69 2 51 68 94 109 83 81 36 78 84 103 100 39 101 74 10 99 64 33 14 57 80 66 52 106 108 98 15 91 16 28 71 49 67 56 58 12 47 26 102 104 60 105 13 3 95 30 41 88 6 1 38 43 53 50 72 73 76 34 4 89 40 48 62 87 63 86 21 18 61 96 97 65 
0 19 31 77 90 23 79 55 107 24 29 27 54 92 46 17 8 9 85 7 35 20 11 75 59 22 42 25 37 45 44 70 93 32 5 81 83 109 94 68 51 2 69 82 36 78 84 103 100 39 101 74 10 99 64 33 14 57 80 66 52 106 108 98 15 91 16 28 71 49 67 56 58 12 47 26 102 104 60 105 13 3 95 30 41 88 6 1 38 43 53 50 72 73 76 34 4 89 40 48 62 87 63 86 21 18 61 96 97 65 
0 19 31 77 90 23 79 55 107 24 29 27 54 92 46 17 8 9 75 85 7 35 20 11 59 22 42 25 37 45 44 70 93 32 5 81 83 94 68 51 2 69 82 36 78 84 103 100 39 101 74 10 99 64 33 14 57 80 76 73 72 50 53 43 38 1 6 88 41 30 95 3 13 105 60 104 102 26 47 12 58 56 67 49 71 28 16 91 15 98 108 106 52 66 34 4 89 109 40 48 62 87 63 86 21 18 61 96 97 65 
0 19 31 77 90 23 79 55 107 24 29 27 54 92 46 17 8 9 75 85 7 35 20 11 59 22 42 25 37 45 44 70 93 32 5 81 83 109 94 68 51 2 69 82 36 78 84 103 100 39 101 74 10 99 64 33 14 57 80 66 52 106 108 98 15 91 16 28 73 72 50 53 43 38 1 6 88 41 30 95 3 13 105 60 104 102 26 47 12 58 56 67 49 71 76 34 4 89 40 48 62 87 63 86 21 18 61 96 97 65 
0 19 31 77 90 23 79 55 107 24 29 27 54 92 46 17 8 9 75 85 7 35 20 11 59 22 42 25 37 45 44 70 93 32 5 81 83 94 68 51 2 69 82 36 109 78 84 103 100 39 101 74 10 99 64 33 14 57 80 66 52 106 108 98 15 91 16 28 71 49 67 56 58 12 47 26 102 104 60 105 13 3 95 30 41 88 6 1 38 43 53 50 72 73 76 34 4 89 40 48 62 87 63 86 21 18 61 96 97 65 
0 19 31 77 90 23 79 55 107 24 29 27 54 92 46 17 8 9 75 85 7 35 20 93 70 44 45 37 25 42 22 59 11 32 5 81 83 109 94 68 51 2 69 82 36 78 84 103 100 39 101 74 10 99 64 33 14 57 80 66 52 106 108 98 15 91 16 28 71 49 67 56 58 12 47 26 102 104 60 105 13 3 95 30 41 88 6 1 38 43 53 50 72 73 76 34 4 89 40 48 62 87 63 86 21 18 61 96 97 65 
0 19 31 77 90 23 79 55 107 24 29 27 54 92 46 17 8 9 75 85 7 35 20 11 59 22 42 25 2 37 45 44 70 93 32 5 81 83 109 94 68 51 69 82 36 78 84 103 100 39 101 74 10 99 64 33 14 57 80 66 52 106 108 98 15 91 16 28 71 49 67 56 58 12 47 26 102 104 60 105 13 3 95 30 41 88 6 1 38 43 53 50 72 73 76 34 4 89 40 48 62 87 61 96 63 86 21 18 97 65 
0 19 31 77 90 23 79 55 107 24 29 27 54 92 46 17 8 9 75 85 7 35 20 11 59 22 42 25 37 45 44 70 93 32 5 81 83 109 94 68 51 2 69 82 36 78 84 103 100 39 74 10 99 64 101 33 14 57 80 66 52 106 108 98 15 91 16 28 71 49 67 56 58 12 47 26 102 104 60 105 13 3 95 30 41 88 6 1 38 43 53 50 72 73 76 34 4 89 40 48 62 87 63 86 21 18 61 96 97 65 
0 19 31 77 90 23 79 55 107 24 29 27 54 92 46 17 8 9 75 85 7 35 20 11 59 22 42 25 37 45 44 70 93 32 5 81 83 109 94 68 51 2 69 82 36 78 84 103 100 39 101 74 10 99 64 33 14 57 80 66 52 106 108 98 15 91 16 28 71 49 67 56 58 12 47 102 104 60 105 13 3 95 30 41 88 26 6 1 38 43 53 50 72 73 76 34 4 89 40 48 62 87 63 86 21 18 61 96 97 65 
0 19 31 77 90 23 79 55 107 24 29 27 54 92 46 17 8 9 75 85 7 35 20 11 59 22 42 25 37 45 44 70 93 32 5 81 83 109 94 68 51 2 69 82 36 78 84 103 100 39 101 74 10 99 64 33 14 57 80 66 52 106 108 98 15 91 16 28 71 49 67 56 95 58 12 47 26 102 104 60 105 13 3 30 41 88 6 1 38 43 53 50 72 73 76 34 4 89 40 48 62 87 63 86 21 18 61 96 97 65 
0 19 31 77 90 23 79 55 107 24 29 27 54 92 46 17 8 9 75 85 7 35 20 11 59 22 42 25 37 45 44 70 93 32 5 81 83 109 94 68 51 2 69 99 10 74 101 39 100 103 84 78 36 82 64 33 14 57 80 66 52 106 108 98 15 91 16 28 71 49 67 56 58 12 47 26 102 104 60 105 13 3 95 30 41 88 6 1 38 43 53 50 72 73 76 34 4 89 40 48 62 87 63 86 21 18 61 96 97 65 
0 19 31 77 90 23 79 55 107 24 29 27 54 92 46 17 8 9 75 85 7 35 20 11 59 22 42 25 37 45 44 70 93 32 5 81 83 109 94 68 51 2 69 82 36 78 84 103 100 39 101 74 10 99 64 33 14 57 80 66 52 106 108 98 15 91 16 28 71 49 67 72 50 53 43 38 1 6 88 41 30 95 3 13 105 60 104 102 26 47 12 58 56 73 76 34 4 89 40 48 62 87 63 86 21 18 61 96 97 65 
0 19 31 77 90 23 79 55 107 24 29 27 54 92 46 17 8 9 75 85 7 35 20 44 59 22 42 25 37 45 11 70 93 32 5 81 83 109 94 68 51 2 69 82 36 78 84 103 100 39 101 74 10 99 64 33 14 57 80 66 52 106 108 98 15 91 16 28 71 49 67 56 58 12 47 26 102 104 60 105 13 3 95 30 41 88 6 1 38 43 53 50 72 73 76 34 4 89 40 48 62 87 63 86 21 18 61 96 97 65 
0 19 31 77 90 23 79 55 107 24 29 27 54 92 46 17 8 9 75 85 7 35 20 11 59 22 42 25 37 45 44 70 93 32 5 81 83 109 94 68 51 2 69 82 36 84 103 100 39 101 74 10 99 78 64 33 14 57 80 66 52 106 108 98 15 91 16 28 71 49 67 56 58 12 104 102 26 47 60 105 13 3 95 30 41 88 6 1 38 43 53 50 72 73 76 34 4 89 40 48 62 87 63 86 21 18 61 96 97 65 
0 19 31 77 90 23 79 55 107 24 29 27 54 92 46 17 8 9 75 85 7 35 20 11 59 22 42 25 37 45 44 70 93 32 5 81 83 109 94 68 51 2 69 82 36 78 84 103 100 39 101 74 10 99 64 33 14 57 80 66 52 106 108 98 15 53 43 38 1 6 88 41 30 95 3 13 105 60 104 102 26 47 12 58 56 67 49 71 28 16 91 50 72 73 76 34 4 89 40 48 62 87 63 86 21 18 61 96 97 65 
0 19 31 77 90 23 79 55 107 24 29 27 54 11 20 35 7 85 75 9 8 17 46 92 59 22 42 25 37 45 44 70 93 32 5 81 83 109 94 68 51 2 69 82 36 78 84 103 100 39 101 74 10 99 64 33 14 57 80 66 52 106 108 98 15 91 16 28 71 49 67 56 58 12 47 26 102 104 60 105 13 3 95 30 41 88 6 1 38 43 53 50 72 73 76 34 4 89 40 48 62 87 63 86 21 18 61 96 97 65 
0 19 31 77 90 23 79 55 107 24 29 27 54 92 46 17 8 9 75 85 7 20 35 11 59 22 42 25 37 45 44 70 93 32 5 81 83 94 68 51 2 69 82 36 78 84 103 100 39 101 74 10 99 64 33 14 57 80 1 6 88 41 30 95 3 13 105 60 104 102 26 47 12 58 56 67 49 71 28 16 91 15 98 108 106 52 66 38 43 53 50 72 73 76 34 4 89 109 40 48 62 87 63 86 21 18 61 96 97 65 
0 19 31 77 90 29 24 107 55 79 23 27 54 92 46 17 8 9 75 85 7 35 20 11 59 22 42 25 37 45 44 70 93 32 5 81 83 109 94 68 51 2 69 82 36 78 84 103 100 39 101 74 10 99 64 33 14 57 80 66 52 106 108 98 15 91 16 28 71 49 67 56 58 12 47 26 102 104 60 105 13 3 95 30 41 88 6 1 38 43 53 50 72 73 76 34 4 89 40 48 62 87 63 86 21 18 61 96 97 65 
0 19 31 77 90 23 79 55 107 24 29 27 54 92 46 17 8 9 75 85 7 35 20 11 59 22 42 25 37 45 44 70 93 32 5 81 83 109 94 68 51 2 69 82 36 78 84 103 100 39 101 74 10 99 64 33 14 57 80 66 106 108 98 15 91 16 28 71 49 67 56 58 12 47 26 102 104 60 105 13 3 95 30 41 88 6 1 38 43 53 50 72 73 76 34 4 89 40 52 48 62 87 63 86 21 18 61 96 97 65 
0 19 31 77 90 23 79 55 107 24 29 27 54 92 46 17 8 9 75 85 7 35 20 11 59 22 42 25 37 45 44 70 93 32 5 81 83 109 94 68 51 2 69 82 36 78 84 103 100 39 101 74 4 34 76 73 72 50 53 43 38 1 6 88 41 30 95 3 13 105 60 104 102 26 47 12 58 56 67 49 71 28 16 91 15 98 108 106 52 66 80 57 14 33 64 99 10 89 40 48 62 87 63 86 21 18 61 96 97 65 
0 19 31 77 90 23 79 55 107 24 29 27 54 92 46 17 8 9 75 85 7 35 20 11 59 22 42 25 37 45 44 70 93 32 5 81 83 109 94 68 51 2 69 82 36 78 84 103 100 39 101 74 10 99 64 33 14 57 80 66 52 106 108 98 15 91 16 28 71 49 67 56 76 58 12 47 26 102 104 60 105 13 3 95 30 41 88 6 1 38 43 53 50 72 73 34 4 89 40 48 62 87 63 86 21 18 61 96 97 65 
0 19 31 77 90 23 79 55 107 24 29 27 54 92 46 17 8 9 75 85 7 35 20 11 59 22 42 25 37 45 44 70 93 32 5 81 83 109 94 68 51 2 69 82 38 1 6 88 41 30 95 3 13 105 60 104 102 26 47 12 58 56 67 49 71 28 16 91 15 98 108 106 52 66 80 57 14 33 64 99 10 74 101 39 100 103 84 78 36 43 53 50 72 73 76 34 4 89 40 48 62 87 61 96 63 86 21 18 97 65 
0 19 31 77 90 23 79 55 107 24 29 27 54 92 46 17 8 9 75 85 7 35 20 11 59 22 42 25 37 45 44 70 93 32 5 81 83 94 68 51 2 69 82 36 78 84 103 100 39 101 74 10 99 64 33 14 57 66 52 50 72 73 76 34 4 89 109 40 48 80 106 108 98 15 91 16 28 71 49 67 56 58 12 47 26 102 104 60 105 13 3 95 30 41 88 6 1 38 43 53 62 87 63 86 21 18 61 96 97 65 
0 19 31 77 90 23 79 55 107 24 29 27 54 92 46 17 8 9 75 85 7 35 20 11 59 22 42 25 37 45 44 70 93 32 5 81 83 109 94 68 51 2 69 82 36 78 84 103 100 39 101 74 10 99 64 33 14 57 80 66 52 106 108 98 15 91 16 28 71 49 67 43 53 50 72 26 102 104 60 105 13 3 95 30 41 88 6 1 38 56 58 12 47 73 76 34 4 89 40 48 62 87 63 86 21 18 61 96 97 65 
0 19 31 77 90 23 79 55 107 24 29 27 54 92 46 17 8 9 75 85 7 35 20 11 59 22 42 25 37 45 44 70 93 32 5 81 83 109 36 68 51 2 69 82 94 78 84 103 100 39 101 74 10 99 64 33 14 57 80 66 52 106 108 98 15 91 16 28 71 49 67 56 58 12 47 26 102 104 60 105 13 3 95 30 41 88 6 1 38 43 53 50 72 73 76 34 4 89 40 48 87 63 86 21 18 62 61 96 97 65 
0 19 31 77 90 23 79 55 107 24 29 27 54 92 46 17 8 9 75 85 7 35 20 11 59 22 42 25 37 45 44 70 93 32 5 81 83 109 94 68 51 2 69 82 36 78 84 103 100 39 101 74 10 99 64 33 14 57 80 66 52 106 108 98 15 91 16 28 49 76 56 58 71 67 12 47 26 102 104 60 105 13 3 95 30 41 88 6 1 38 43 53 50 72 73 34 4 89 40 48 62 87 63 86 21 18 61 96 97 65 
0 19 31 77 90 23 79 55 107 24 29 27 54 92 46 17 8 9 75 85 7 35 20 11 59 22 42 25 37 45 44 70 93 32 5 81 83 109 94 68 51 2 69 82 36 78 84 103 100 39 101 74 10 99 64 33 14 57 80 66 52 106 108 98 15 16 28 71 49 67 56 58 12 91 47 26 102 104 60 105 13 3 95 30 41 88 6 1 38 76 53 50 72 73 43 34 4 89 40 48 62 87 63 86 21 18 61 96 97 65 
0 19 31 77 90 23 79 55 107 24 29 27 54 92 46 17 8 9 75 85 7 35 20 11 59 22 42 25 37 45 44 70 93 32 5 81 83 109 94 68 51 2 69 82 36 78 84 103 100 39 101 74 10 99 64 33 14 57 80 66 52 106 108 98 15 91 16 28 71 49 67 56 58 12 47 26 104 60 105 13 3 95 30 41 88 6 1 38 43 53 50 72 73 102 76 34 4 89 40 48 62 87 63 86 21 18 61 96 97 65 
0 19 31 77 90 23 79 55 107 24 29 27 54 92 46 17 8 9 75 85 7 35 20 11 59 22 42 25 37 45 44 70 93 32 5 81 83 109 94 68 51 2 69 82 36 78 84 103 100 39 101 74 10 99 64 33 14 38 80 66 52 106 108 98 15 91 16 28 71 49 67 56 58 12 47 26 102 104 60 105 13 3 95 30 41 88 6 1 57 43 53 50 72 73 76 34 4 89 40 48 62 87 63 86 21 18 61 96 97 65 
0 19 31 77 90 23 79 55 107 24 29 27 54 92 46 17 8 9 75 85 7 35 20 11 59 22 42 25 37 45 44 70 93 32 5 81 83 109 94 68 51 2 69 82 36 78 84 103 100 39 101 74 10 99 64 33 102 26 47 12 58 56 67 49 71 28 16 91 15 98 108 106 52 66 80 57 14 104 60 105 13 3 95 30 41 88 6 1 38 43 53 50 72 73 76 34 4 89 40 48 62 87 63 86 21 18 61 96 97 65 
0 19 31 77 90 23 79 55 107 24 29 27 54 92 46 17 8 9 75 85 7 35 20 11 59 22 42 25 37 45 44 70 93 32 5 81 83 109 94 68 51 2 16 91 15 98 108 106 52 66 80 57 14 33 64 99 10 74 101 39 100 103 84 78 36 82 69 28 71 49 67 56 58 12 47 26 102 104 60 105 13 3 95 30 41 88 6 1 38 43 53 50 72 73 76 34 4 89 40 48 62 87 61 96 63 86 21 18 97 65 
0 19 31 77 90 23 79 55 107 24 29 27 54 92 46 17 8 9 75 85 7 35 20 11 59 22 42 25 37 45 44 70 93 32 5 81 83 109 94 78 51 2 69 82 36 40 89 4 34 76 73 72 50 53 43 38 1 6 88 41 30 95 3 13 105 60 104 102 26 47 12 58 56 67 49 71 28 16 91 15 98 108 106 52 66 80 57 14 33 64 99 10 74 101 39 100 103 84 68 48 62 87 63 86 21 18 61 96 97 65 
0 19 31 77 90 23 79 55 107 24 29 27 54 92 46 17 8 9 75 85 7 35 20 11 59 22 42 25 37 45 44 70 93 32 5 81 83 94 68 51 2 69 82 36 78 84 103 100 39 101 74 10 99 64 33 14 57 80 66 52 106 108 98 15 91 16 109 28 71 49 67 56 58 12 47 26 102 104 60 105 13 3 95 30 41 88 6 1 38 43 53 50 72 73 76 34 4 89 40 48 62 87 63 86 21 18 61 96 97 65 
0 19 31 77 90 23 79 55 107 24 29 27 54 92 46 17 8 9 75 85 7 35 20 11 59 22 42 25 37 45 44 70 93 32 5 81 83 109 94 68 2 69 82 36 78 84 103 100 39 101 74 10 99 64 33 14 57 80 66 51 52 106 108 98 15 91 16 28 71 49 67 56 58 12 47 26 102 104 60 105 13 3 95 30 41 88 6 1 38 43 53 50 72 73 76 34 4 89 40 48 62 87 63 86 21 18 61 96 97 65 
0 19 31 77 90 23 79 55 107 24 29 27 54 92 46 17 8 9 75 85 7 35 20 11 59 22 42 25 37 45 44 70 93 32 5 81 83 109 94 68 51 2 69 82 36 78 84 103 100 39 101 74 10 99 64 33 14 57 80 66 52 106 108 98 15 91 16 28 71 49 67 56 58 12 47 26 102 104 60 105 13 3 95 30 41 88 6 1 38 62 43 53 50 72 73 76 34 4 89 40 48 87 63 86 21 18 61 96 97 65 
0 19 31 77 90 23 79 55 107 24 29 27 54 92 46 17 8 9 75 85 7 35 20 11 59 22 42 25 37 45 44 70 93 32 5 81 83 109 94 68 51 2 69 82 36 78 84 103 100 39 101 74 10 99 64 33 14 57 80 66 52 106 108 98 15 91 16 28 71 49 67 56 58 12 47 26 102 104 60 105 13 3 95 30 41 88 6 1 38 43 53 50 72 73 76 34 62 4 89 40 48 87 63 86 21 18 61 96 97 65 
0 19 31 77 90 23 79 55 107 24 29 27 54 92 46 17 8 9 75 85 7 35 20 11 59 22 42 25 37 45 44 70 93 32 5 81 83 109 94 68 51 2 69 82 36 78 84 103 100 39 101 74 10 99 64 33 14 57 80 66 52 106 108 15 91 16 28 71 49 67 56 58 12 47 26 102 104 60 105 13 98 3 95 30 41 88 6 1 38 43 53 50 72 73 76 34 4 89 40 48 62 87 63 86 21 18 61 96 97 65 
0 19 31 77 90 23 79 55 107 24 29 27 54 92 46 17 8 9 75 85 7 35 20 11 59 22 42 25 37 45 44 70 93 32 5 81 83 109 94 68 51 2 69 82 36 78 84 103 100 39 101 74 10 99 64 33 14 57 80 66 52 106 108 98 15 91 16 28 71 49 67 56 58 12 47 102 104 60 105 13 3 95 30 41 88 6 1 38 43 53 50 72 73 76 34 4 89 40 48 26 62 87 63 86 21 18 61 96 97 65 
0 19 31 77 90 23 79 55 107 24 29 27 54 92 46 17 8 9 75 85 7 35 20 11 59 22 42 25 37 45 44 70 93 32 5 81 83 109 94 68 51 2 69 82 36 78 84 103 100 39 101 74 10 99 64 33 57 80 66 52 106 108 98 15 91 16 28 71 49 67 56 58 12 47 26 102 104 60 105 13 3 95 30 41 88 6 1 4 14 34 76 73 72 50 53 43 38 89 40 48 62 87 63 86 21 18 61 96 97 65 
0 19 31 77 90 23 79 55 107 24 29 27 54 92 46 17 8 9 75 51 68 94 109 83 81 5 32 93 70 44 85 7 35 20 11 59 22 42 25 37 45 2 69 82 36 78 84 103 100 39 101 74 10 99 64 33 14 57 80 66 52 106 108 98 15 91 16 28 71 49 67 56 58 12 47 26 102 104 60 105 13 3 95 30 41 88 6 1 38 43 53 50 72 73 76 34 4 89 40 48 62 87 63 86 21 18 61 96 97 65 
0 19 31 77 90 23 79 55 107 24 29 27 54 92 46 17 8 9 75 7 35 20 11 59 22 42 25 37 45 44 70 93 32 5 81 83 109 94 68 51 85 2 69 82 36 78 84 103 100 39 101 74 10 99 64 33 14 57 80 66 52 106 108 98 15 91 16 28 71 49 67 56 58 12 47 26 102 104 60 105 13 3 95 30 41 88 6 1 38 43 53 50 72 73 76 34 4 89 40 48 62 87 63 86 21 18 61 96 97 65 
0 19 31 77 90 23 79 55 107 24 29 27 54 92 46 17 8 9 75 85 7 35 20 11 59 22 42 25 37 45 44 70 93 32 5 81 83 94 68 51 2 69 82 36 78 84 103 100 109 39 101 74 10 99 64 33 14 57 80 66 52 106 108 98 15 91 16 28 71 49 67 56 58 12 47 26 102 104 60 105 13 3 95 30 41 88 6 1 38 43 53 50 72 73 76 34 4 89 40 48 62 87 63 86 21 18 61 96 97 65 
0 19 31 77 90 23 79 55 107 24 29 27 54 92 46 17 8 9 75 85 7 35 20 11 59 22 42 33 64 99 10 74 101 39 100 103 84 78 36 82 69 2 51 68 94 109 83 81 5 32 93 70 44 45 37 25 14 57 80 66 52 106 108 98 15 91 16 28 71 49 67 56 58 12 47 26 102 104 60 105 13 3 95 30 41 88 6 1 38 43 53 50 72 73 76 34 4 89 40 48 62 87 63 86 21 18 61 96 97 65 
0 19 31 77 90 23 65 55 107 24 29 27 54 92 46 17 8 9 75 85 7 35 20 11 59 22 42 25 37 45 44 70 93 32 5 81 83 109 94 68 51 2 69 82 36 78 84 103 100 39 101 74 10 99 64 33 14 57 80 66 52 106 108 98 15 91 16 28 71 49 67 56 58 12 47 26 102 104 60 105 13 3 95 30 41 88 6 1 38 43 53 50 72 73 76 34 4 89 40 48 62 87 63 86 21 18 61 96 97 79 
0 19 31 77 90 23 79 55 107 24 29 27 54 92 46 17 8 9 75 85 7 35 20 11 59 22 42 25 37 45 44 70 93 32 5 81 83 109 94 68 51 2 69 82 36 78 84 103 100 39 101 74 10 99 64 33 14 49 80 66 52 106 108 98 15 91 16 28 71 57 67 56 58 12 47 26 102 104 60 105 13 3 95 30 41 88 6 1 38 43 53 48 50 72 73 76 34 4 89 40 62 87 61 96 63 86 21 18 97 65 
0 19 31 77 90 23 79 55 107 24 29 27 92 46 17 8 9 75 85 7 35 20 11 59 22 42 25 37 45 44 70 93 54 32 5 81 83 109 94 68 51 2 69 82 36 78 84 103 100 39 101 74 10 99 64 33 14 57 80 66 52 106 108 98 15 91 16 28 71 49 67 56 58 12 47 26 102 104 60 105 13 3 95 30 41 88 6 1 38 43 53 50 72 73 76 34 4 89 40 48 62 87 61 96 63 86 21 18 97 65 
0 19 31 77 90 23 79 55 107 24 29 27 54 92 46 17 8 9 75 85 7 35 20 11 59 22 42 25 37 45 44 70 93 32 5 28 16 91 15 98 108 106 52 66 80 57 14 33 64 99 10 74 101 39 100 103 84 78 36 82 69 2 51 68 94 109 83 81 71 49 67 56 58 12 47 26 102 104 60 105 13 3 95 30 41 88 6 1 38 43 53 50 72 73 76 34 4 89 40 48 62 87 63 86 21 18 61 96 97 65 
0 19 31 77 90 23 79 55 107 24 29 27 54 92 46 17 8 9 75 85 7 35 20 11 59 22 42 25 37 45 44 70 93 32 5 81 83 109 94 68 51 2 69 82 36 78 84 103 100 39 40 89 4 34 76 73 72 50 53 43 38 1 6 88 41 30 95 3 13 105 60 104 102 26 47 12 58 56 67 49 71 28 16 91 15 98 108 106 52 66 80 57 14 33 64 99 10 74 101 48 62 87 63 86 21 18 61 96 97 65 
0 19 31 77 90 23 79 55 107 24 29 27 54 92 46 17 8 9 75 85 7 35 20 11 59 22 42 25 37 45 44 70 93 32 5 81 83 94 68 51 2 69 82 36 78 84 103 100 39 101 74 10 99 64 33 14 57 80 66 52 106 108 98 15 91 16 28 71 49 67 56 58 12 47 26 102 104 60 105 13 3 95 30 41 109 88 6 1 38 43 53 50 72 73 76 34 4 89 40 48 62 87 63 86 21 18 61 96 97 65 
0 19 31 77 90 23 79 55 107 24 29 27 54 92 46 17 8 9 75 85 7 35 20 11 59 22 42 25 37 45 44 70 93 32 5 81 83 94 68 51 2 69 82 36 78 84 103 100 39 101 74 10 99 64 33 14 57 80 66 52 106 108 98 15 91 16 28 71 49 67 56 58 12 47 26 102 104 60 105 13 3 95 30 41 109 88 6 1 38 43 53 50 72 73 76 34 4 89 40 48 62 87 63 86 21 18 61 96 97 65 
0 19 31 77 90 23 79 55 107 24 29 27 54 92 46 17 8 9 75 85 7 35 20 11 59 22 42 25 37 45 44 70 93 32 5 83 109 94 68 51 2 69 82 36 78 84 103 100 39 101 74 10 99 64 33 14 57 80 66 52 106 108 98 15 91 16 81 28 71 49 67 56 58 12 47 26 102 104 60 105 13 3 95 30 41 88 6 1 38 43 53 50 72 73 76 34 4 89 40 48 62 87 63 86 21 18 61 96 97 65 
0 19 31 77 90 23 79 55 107 24 29 27 54 92 46 17 8 9 75 85 7 35 20 11 59 22 42 25 37 45 44 70 93 32 5 81 83 109 94 68 51 2 69 82 36 78 84 103 100 39 101 74 10 99 41 30 95 3 13 105 60 104 102 26 47 12 58 56 67 49 71 28 16 91 15 98 108 106 52 66 80 57 14 33 64 88 6 1 38 43 53 50 72 73 76 34 4 89 40 48 62 87 63 86 21 18 61 96 97 65 
0 19 31 77 90 23 79 55 107 24 29 27 54 92 46 17 8 9 75 85 7 35 20 11 59 22 42 25 37 45 44 70 93 32 5 81 83 109 94 68 51 2 69 82 36 78 84 103 100 39 101 74 10 99 64 33 14 57 80 66 52 106 108 98 15 91 16 28 71 49 67 56 58 12 47 26 102 104 60 105 13 3 95 30 41 88 6 1 38 43 53 50 73 76 34 4 89 40 48 62 87 63 72 86 21 18 61 96 97 65 
0 19 31 77 90 23 79 55 107 24 29 27 54 92 46 17 8 9 75 85 7 35 20 11 59 22 42 25 37 45 44 70 93 32 5 81 83 109 94 68 51 2 69 82 36 84 103 100 39 78 101 74 10 99 64 33 14 57 80 66 52 106 108 98 15 91 28 71 49 67 56 58 12 47 26 102 104 60 105 13 3 95 30 41 88 6 1 38 43 53 50 72 73 76 16 34 4 89 40 48 62 87 63 86 21 18 61 96 97 65 
0 19 31 77 90 23 79 55 107 24 29 27 54 92 46 17 8 9 75 85 7 35 20 11 59 22 42 25 37 45 44 70 93 32 5 81 83 94 68 51 2 69 82 36 78 84 103 100 39 101 74 10 99 64 33 14 57 80 66 52 106 108 98 15 91 16 28 71 49 67 56 58 12 47 26 102 104 60 105 13 3 95 30 41 88 6 1 38 43 53 50 72 76 34 4 89 109 40 48 62 87 73 63 86 21 18 61 96 97 65 
0 19 31 77 90 23 79 55 107 24 29 27 54 92 46 17 8 9 75 85 7 35 20 11 59 22 42 25 37 45 44 70 93 32 5 81 83 94 68 51 2 69 82 36 78 84 103 100 39 101 74 10 99 64 33 14 57 80 66 52 106 108 98 15 91 16 28 71 49 67 56 58 12 47 26 109 102 104 60 105 13 3 95 30 41 88 6 1 38 43 53 50 72 73 76 34 4 89 40 48 62 87 63 86 21 18 61 96 97 65 
0 19 31 77 90 23 79 55 107 24 29 27 54 92 46 17 8 9 75 85 7 35 20 11 59 22 42 25 37 45 44 70 93 32 5 81 83 109 94 68 51 2 69 82 36 78 84 103 100 39 101 74 10 99 64 33 14 57 80 66 52 106 108 98 15 91 16 28 71 49 67 56 58 12 47 26 102 104 60 105 13 3 95 30 41 6 1 38 43 53 50 72 73 76 34 4 89 40 48 62 87 63 86 21 18 88 61 96 97 65 
0 19 31 77 90 23 79 55 107 24 29 27 54 92 46 17 8 9 75 85 7 35 20 11 59 22 42 25 37 45 44 70 93 34 5 81 83 109 94 68 51 2 69 82 36 78 84 103 100 39 101 74 10 99 64 33 14 57 80 66 52 106 108 98 15 91 16 28 71 49 67 56 58 12 47 26 102 104 60 105 13 3 95 30 41 88 6 1 38 43 53 50 72 73 76 32 4 89 40 48 62 87 63 86 21 18 61 96 97 65 
0 19 31 77 90 23 79 55 107 24 29 27 54 92 46 17 8 9 75 85 7 35 20 11 59 22 42 25 37 45 44 70 93 32 5 81 83 94 68 51 2 69 82 36 78 84 103 100 39 101 74 10 99 64 33 14 57 80 66 52 106 108 98 15 91 16 28 71 49 67 56 58 12 47 26 102 104 60 105 13 3 95 30 41 88 6 1 38 43 53 50 72 73 76 34 4 89 109 40 48 62 87 63 86 18 61 96 97 21 65 
0 19 31 77 90 23 79 55 107 24 29 27 54 92 46 17 8 9 75 85 7 35 20 11 59 22 42 25 37 45 44 70 93 32 33 81 83 109 94 68 51 2 69 82 36 78 84 103 100 39 101 74 10 99 64 5 14 57 80 66 52 106 108 98 15 91 16 28 71 49 67 56 58 12 47 26 102 104 60 105 13 3 95 30 41 88 6 1 38 43 53 50 72 73 76 34 4 89 40 48 62 87 63 86 21 18 61 96 97 65 
0 19 31 77 90 23 79 55 107 24 29 27 54 92 46 17 8 9 75 85 7 35 20 39 100 103 84 78 36 82 69 2 51 68 94 109 83 81 5 32 93 70 44 45 37 25 42 22 59 11 101 74 10 99 64 33 14 57 80 66 52 106 108 98 15 91 16 28 71 49 67 56 58 12 47 26 102 104 60 105 13 3 95 30 41 88 6 1 38 43 53 50 72 73 76 34 4 89 40 48 62 87 61 96 63 86 21 18 97 65 
0 19 31 77 90 23 79 55 107 24 29 27 54 92 46 17 8 9 75 85 7 35 20 11 59 50 53 43 38 1 6 88 41 30 95 3 13 105 60 104 102 26 47 12 58 56 67 49 71 28 16 91 15 98 108 106 52 66 80 57 14 33 64 99 10 74 101 39 100 103 84 78 36 82 69 2 51 68 94 109 83 81 5 32 93 70 44 45 37 25 42 22 72 73 76 34 4 89 40 48 62 87 63 86 21 18 61 96 97 65 
0 19 31 77 90 23 79 55 107 24 29 27 54 92 46 17 8 9 75 85 7 35 20 11 59 22 42 25 37 45 44 70 93 32 5 81 83 109 94 68 51 2 69 82 36 78 84 103 100 39 101 74 10 99 64 40 14 57 80 66 52 106 108 98 15 91 16 28 71 49 67 56 58 12 47 26 102 104 60 105 13 3 95 30 41 88 6 1 33 38 43 53 50 72 73 76 34 4 89 48 62 87 61 96 63 86 21 18 97 65 
0 19 31 77 90 23 79 55 107 24 29 27 54 92 46 17 8 9 75 85 7 35 20 11 59 22 42 25 37 45 44 70 93 32 5 81 83 109 104 102 26 47 12 58 56 67 49 71 28 16 91 15 98 108 106 52 66 80 57 14 33 64 99 10 74 101 39 100 103 84 78 36 82 69 2 51 68 94 60 105 13 3 95 30 41 88 6 1 38 43 53 50 72 73 76 34 4 89 40 48 62 87 63 86 21 18 61 96 97 65 
0 19 31 77 90 23 79 55 107 24 29 27 54 92 46 17 8 9 75 85 7 35 20 11 59 22 42 25 37 45 44 70 93 32 5 81 83 109 94 68 51 2 69 104 102 26 47 12 58 56 67 49 71 28 16 91 15 98 108 106 52 66 80 57 14 33 64 99 10 74 101 39 100 103 82 36 78 84 60 105 13 3 95 30 41 88 6 1 38 43 53 50 72 73 76 34 4 89 40 48 62 87 63 86 21 18 61 96 97 65 
0 19 31 77 90 23 79 55 107 24 29 27 54 92 46 17 8 9 75 85 7 35 20 11 59 22 42 25 37 45 44 70 93 32 5 81 83 109 94 68 51 2 69 82 36 78 84 103 100 39 101 74 10 99 64 33 14 57 80 66 52 106 108 98 15 91 16 28 71 49 67 56 58 12 47 26 102 104 60 105 13 3 95 30 41 88 6 38 43 53 50 72 73 76 34 4 89 40 48 62 87 63 86 21 18 61 1 96 97 65 
0 19 31 77 90 23 79 55 107 24 29 27 54 92 46 17 8 9 75 85 7 35 20 11 59 22 42 25 37 45 44 70 93 32 5 81 83 94 68 51 2 69 82 36 78 84 103 100 39 101 74 10 99 64 33 14 57 80 66 52 106 95 108 98 15 91 16 28 71 49 67 56 58 12 47 26 102 104 60 105 13 3 30 41 88 6 1 38 43 53 50 72 109 73 76 34 4 89 40 48 62 87 63 86 21 18 61 96 97 65 
0 19 31 77 90 23 79 55 107 24 29 27 54 92 46 17 8 9 75 85 7 25 20 11 59 22 42 35 37 45 44 70 93 32 5 81 83 109 94 68 51 2 69 82 36 78 84 103 100 39 101 74 10 99 64 33 14 57 80 66 52 106 108 98 15 91 16 28 71 49 67 56 58 12 47 26 102 104 60 105 13 3 95 30 41 88 6 1 38 43 53 50 72 73 76 34 4 40 48 62 87 63 86 21 18 61 89 96 97 65 
0 19 31 77 90 23 79 55 107 24 29 27 54 92 46 17 8 9 75 85 7 35 20 11 59 22 42 25 37 45 44 70 93 32 5 81 83 94 68 51 2 69 82 36 78 84 103 100 39 101 74 10 99 64 33 14 57 80 66 52 106 108 98 15 91 16 28 71 49 67 56 58 12 47 26 102 104 60 105 13 3 109 95 30 41 88 6 1 38 43 53 50 72 73 76 34 4 89 40 48 62 87 63 86 21 18 61 96 97 65 
0 19 31 77 90 23 79 55 107 24 29 27 54 92 46 17 8 9 75 85 7 35 20 11 59 42 25 37 45 44 70 93 32 5 22 81 83 94 68 51 2 69 82 36 78 84 103 100 39 109 101 74 10 99 64 33 14 57 80 66 52 106 108 98 15 91 16 28 71 49 67 56 58 12 47 26 102 104 60 105 13 3 95 30 41 88 6 1 38 43 53 50 72 73 76 34 4 89 40 48 62 87 63 86 21 18 61 96 97 65 
0 19 31 77 90 23 79 55 107 24 29 27 54 92 46 17 8 9 75 85 7 35 20 11 59 22 42 25 37 45 44 70 93 32 5 81 83 109 94 68 51 2 69 82 36 78 84 103 100 39 101 74 10 99 64 33 14 57 80 66 52 106 108 98 15 91 16 28 71 49 67 56 58 12 47 26 102 104 60 105 41 3 95 30 13 88 6 1 40 38 43 53 50 72 73 76 34 4 89 48 62 87 63 86 21 18 61 96 97 65 
0 19 31 77 90 23 79 55 107 24 29 27 69 2 51 68 94 109 83 81 5 32 93 70 44 45 37 25 42 22 59 11 20 35 7 85 75 9 8 17 46 92 54 82 36 78 84 103 100 39 101 74 10 99 64 33 14 57 80 66 52 106 108 98 15 91 16 28 71 49 67 56 58 12 47 26 102 104 60 105 13 3 95 30 41 88 6 1 38 43 53 50 72 73 76 34 4 89 40 48 62 87 63 86 21 18 61 96 97 65 
0 19 31 77 90 23 79 55 107 24 29 27 54 92 46 17 8 9 75 85 7 35 20 11 59 22 42 25 37 45 44 70 93 87 62 48 40 89 4 34 76 73 72 50 53 43 38 1 6 88 41 30 95 3 13 105 60 104 102 26 47 12 58 56 67 49 71 28 16 91 15 98 108 106 52 66 80 57 14 33 64 99 10 74 101 39 100 103 84 78 36 82 69 2 51 68 94 109 83 81 5 32 63 86 21 18 61 96 97 65 
0 19 31 77 90 23 79 55 107 24 29 27 54 92 46 17 8 9 75 85 7 35 20 11 59 22 42 25 37 45 44 70 93 32 5 81 83 109 94 68 51 2 69 82 36 78 84 103 100 39 101 74 49 99 64 33 14 57 80 66 52 106 108 98 15 91 16 28 71 10 67 56 58 12 47 26 102 104 60 105 13 3 95 30 41 88 6 1 38 43 53 50 72 73 76 34 4 89 40 48 62 87 63 86 21 18 61 96 97 65 
0 19 31 77 90 23 79 55 107 24 29 27 54 92 46 17 8 9 75 85 7 35 20 11 22 42 25 37 45 44 70 93 32 5 81 59 83 94 68 51 2 69 82 36 78 84 103 100 39 101 74 10 99 64 33 14 57 80 66 52 106 95 108 98 15 91 16 28 71 49 67 56 58 12 47 26 102 104 60 105 13 3 30 41 88 6 1 38 43 53 50 72 73 76 34 4 89 109 40 48 62 87 63 86 21 18 61 96 97 65 
0 19 31 77 90 23 79 55 107 24 29 27 54 92 46 75 8 9 17 85 7 35 20 11 59 22 42 25 37 45 44 70 93 32 5 81 83 109 94 68 51 2 69 82 36 78 84 103 100 39 101 74 10 26 47 12 58 56 67 49 71 28 16 91 15 98 108 106 52 66 80 57 14 33 64 99 102 104 60 105 13 3 95 30 41 88 6 1 38 43 53 50 72 73 76 34 4 89 40 48 62 87 63 86 21 18 61 96 97 65 
0 19 31 77 90 23 79 55 107 24 29 27 54 92 46 17 8 9 75 85 7 35 20 11 59 22 42 25 37 45 44 70 93 32 5 81 83 109 94 68 51 2 69 82 36 78 84 103 100 39 101 74 10 99 64 33 14 57 80 66 52 106 108 98 15 91 16 28 71 49 67 56 58 12 47 26 102 104 60 105 13 3 95 30 41 88 6 1 38 43 53 72 73 76 4 50 89 40 48 62 87 63 86 21 18 34 61 96 97 65 
0 19 31 77 90 23 79 55 107 24 29 27 54 92 46 17 8 9 75 85 7 35 11 59 22 42 25 37 45 44 70 93 32 5 81 83 109 94 68 51 2 69 82 36 78 84 103 100 39 101 74 10 99 64 33 14 57 80 66 52 106 108 98 15 91 16 28 20 71 49 67 56 58 12 47 26 102 104 60 105 13 3 95 30 41 88 6 1 38 43 53 50 72 73 76 34 4 89 40 48 62 87 63 86 21 18 61 96 97 65 
0 19 31 77 90 23 79 55 107 24 29 27 54 92 46 17 8 9 75 85 7 35 20 11 59 22 42 25 37 45 44 70 32 5 81 83 109 36 68 51 2 69 82 94 78 84 103 100 39 101 74 10 99 64 33 14 57 80 66 52 106 108 93 98 15 91 16 28 71 49 67 56 58 12 47 26 102 104 60 105 13 3 95 30 41 88 6 1 38 43 53 50 72 73 76 34 4 89 40 48 62 87 63 86 21 18 61 96 97 65 
0 19 31 77 90 23 79 55 107 24 29 27 54 92 46 17 8 9 75 85 7 35 20 11 59 22 42 25 37 45 44 70 93 32 5 81 83 109 94 68 51 2 69 82 36 78 84 103 100 39 101 74 10 99 64 33 14 57 80 66 52 106 108 98 15 91 16 28 71 49 67 56 72 50 53 43 38 1 6 88 41 30 3 13 105 60 104 102 26 47 12 58 73 76 34 95 4 89 40 48 62 87 63 86 21 18 61 96 97 65 
0 19 31 77 90 23 79 55 107 24 29 27 54 92 46 17 8 9 75 85 7 35 20 11 59 22 42 25 37 45 44 70 93 32 5 81 83 109 94 68 51 2 69 82 36 78 84 103 100 39 101 74 10 99 64 33 14 57 80 66 52 106 108 98 15 91 16 28 71 49 67 56 58 12 47 26 102 104 60 105 13 3 95 30 41 88 6 1 38 43 53 50 72 76 34 4 89 40 48 62 87 63 86 21 18 61 96 97 73 65 
0 19 31 77 90 23 79 55 107 24 29 27 54 92 46 17 8 9 75 85 7 35 20 11 59 22 42 25 37 45 44 70 93 32 5 81 83 109 94 68 51 2 69 82 38 1 6 88 41 30 95 3 13 105 60 104 102 26 47 12 58 56 67 49 71 4 16 91 15 98 108 106 52 66 80 57 14 33 64 99 10 74 101 39 100 103 84 78 36 43 53 50 72 73 76 34 28 89 40 48 62 87 63 86 21 18 61 96 97 65 
0 19 31 77 90 23 79 55 107 24 29 27 54 92 46 17 8 9 75 85 7 35 42 11 59 22 20 25 37 45 44 70 93 32 5 81 83 109 94 68 51 2 69 82 36 78 84 103 100 39 101 74 10 99 64 33 14 57 80 66 52 106 108 98 15 91 16 28 71 49 67 56 58 12 50 72 73 76 34 4 89 3 95 30 41 88 6 1 38 43 53 47 26 102 104 60 105 13 40 48 62 87 63 86 21 18 61 96 97 65 
0 19 31 77 90 23 79 55 107 24 29 27 54 92 46 17 8 9 75 85 7 35 20 11 59 22 42 25 37 45 44 70 93 32 5 81 83 109 94 68 51 28 69 82 36 78 84 103 100 39 101 74 10 99 64 33 14 57 80 66 52 106 108 98 15 91 16 2 71 49 67 56 58 12 47 26 102 104 60 105 13 3 95 30 41 88 6 1 38 43 53 50 72 73 76 34 4 89 40 48 62 87 63 86 21 18 61 96 97 65 
0 19 31 77 90 23 79 40 89 4 34 76 73 72 50 53 43 38 1 6 88 41 30 95 3 13 105 60 104 102 26 47 12 58 56 67 49 71 28 16 91 15 98 108 106 52 66 80 57 14 33 64 99 10 74 101 39 100 103 84 78 36 82 69 2 51 68 94 109 83 81 5 32 93 70 44 45 37 25 42 22 59 11 20 35 7 85 75 9 8 17 46 92 54 27 29 24 107 55 48 62 87 63 86 21 18 61 96 97 65 
0 19 31 77 90 23 79 55 107 24 29 27 54 92 46 17 8 9 75 85 7 35 20 11 59 22 42 25 37 45 44 70 93 32 5 81 83 109 94 68 51 2 69 82 36 78 84 103 100 39 101 74 10 99 64 33 14 57 80 66 52 106 108 98 15 91 16 28 71 49 67 56 58 12 47 26 102 104 60 105 13 3 95 30 4 88 6 1 38 43 53 50 72 73 76 34 41 89 40 48 62 87 63 86 21 18 61 96 97 65 
0 19 31 77 90 23 79 55 107 24 29 27 54 92 46 17 8 9 75 85 7 35 43 38 1 6 88 41 30 95 3 13 105 60 104 102 26 47 12 58 56 67 49 71 28 16 91 15 98 108 106 52 66 80 57 14 33 64 99 10 74 20 11 59 22 42 25 37 45 44 70 93 32 5 81 83 109 94 68 51 2 69 82 36 78 84 103 100 39 101 53 50 72 73 76 34 4 89 40 48 62 87 63 86 21 18 61 96 97 65 
0 19 31 77 90 23 79 55 107 24 29 27 54 92 46 17 8 9 75 85 7 35 20 11 59 22 42 25 37 45 44 70 93 32 5 41 30 102 3 13 105 60 104 95 26 47 12 58 56 67 49 71 28 16 91 15 98 108 106 52 66 80 57 14 33 64 99 10 74 101 39 100 103 84 78 36 82 69 2 51 68 94 109 83 81 88 6 1 38 43 53 50 72 73 76 34 4 89 40 48 62 87 63 86 21 18 61 96 97 65 
0 19 31 77 90 23 79 55 107 24 29 27 54 92 46 17 8 9 75 85 7 35 20 11 59 22 42 25 37 45 44 3 13 105 60 104 102 26 47 12 58 56 67 49 71 28 16 91 15 98 108 106 52 66 80 57 14 33 64 99 10 74 101 39 100 103 84 78 36 82 69 2 51 68 94 83 81 5 32 93 70 95 30 41 88 6 1 38 43 53 50 72 73 76 34 4 89 109 40 48 62 87 63 86 21 18 61 96 97 65 
0 19 31 77 90 23 79 55 107 24 29 27 54 92 46 17 8 9 75 85 7 35 11 59 22 42 25 37 45 44 70 20 93 32 5 81 83 94 68 51 2 69 82 36 78 84 103 100 39 101 74 10 99 64 33 14 30 80 66 52 106 108 98 15 91 16 28 71 49 67 56 58 12 47 26 102 104 60 105 13 3 95 57 41 88 6 1 38 43 53 50 72 73 76 34 4 89 109 40 48 62 87 63 86 21 18 61 96 97 65 
0 19 31 77 90 23 79 55 107 24 29 27 54 92 46 17 8 9 75 85 7 35 20 11 59 22 42 25 37 45 44 70 93 32 5 81 83 109 94 68 51 2 69 82 36 78 84 103 100 39 101 28 71 49 67 56 58 12 47 26 102 106 60 105 13 3 95 30 41 88 6 1 38 43 52 66 80 57 14 33 64 99 10 74 16 91 15 98 108 104 53 50 72 73 76 34 4 89 40 48 62 87 63 86 21 18 61 96 97 65 
0 19 31 77 90 23 79 55 107 24 29 27 54 92 46 17 8 9 75 85 7 35 20 11 59 22 42 25 37 45 44 70 93 32 5 68 83 109 94 81 51 2 69 82 36 78 84 103 100 39 101 74 10 99 64 33 14 57 80 66 52 106 108 98 15 91 16 28 71 49 67 56 58 12 26 102 104 60 105 13 3 95 30 41 88 6 1 38 43 53 50 72 73 76 34 4 89 40 48 62 87 63 86 21 47 18 61 96 97 65 
0 19 31 77 90 23 79 55 107 24 29 27 54 92 46 17 8 9 75 85 7 35 20 11 59 22 42 25 37 45 44 70 93 32 5 81 83 109 94 68 51 2 69 82 36 78 84 103 100 39 101 74 10 99 64 33 14 57 80 66 52 106 108 98 15 91 16 28 71 49 67 56 58 12 47 26 102 104 60 105 13 3 95 30 73 72 50 53 43 38 1 6 88 41 76 34 4 89 48 62 87 63 86 40 21 18 61 96 97 65 
0 19 31 77 90 23 79 55 107 24 29 27 54 92 46 17 8 9 75 85 35 20 11 59 22 42 25 37 45 44 70 93 32 5 81 83 109 94 68 51 2 69 82 36 78 84 103 100 39 101 74 10 99 64 33 14 57 80 66 52 106 108 98 15 91 16 28 71 49 67 56 58 12 7 47 26 102 104 60 105 13 3 95 30 41 88 6 1 38 43 53 50 72 73 76 34 4 89 40 48 62 87 63 86 21 18 61 96 97 65 
0 19 31 77 90 23 79 55 107 24 29 27 54 92 46 17 8 9 85 7 35 20 11 59 22 42 25 37 45 44 70 93 32 5 81 83 109 94 68 51 2 69 82 36 78 84 103 100 39 101 74 10 99 64 33 14 57 80 66 52 106 108 98 15 91 16 28 71 49 67 56 58 12 47 26 102 104 60 105 13 3 95 30 41 88 6 1 38 53 43 50 72 73 76 34 4 89 40 48 62 87 63 75 86 21 18 61 96 97 65 
0 19 31 77 90 23 79 55 107 24 29 27 54 92 46 17 8 9 75 85 7 35 20 11 59 22 42 25 37 45 44 93 66 80 57 14 33 64 99 10 74 101 39 100 103 84 78 36 82 69 2 51 68 94 109 83 81 5 32 52 106 108 98 15 91 16 28 71 49 67 56 58 12 47 26 102 104 60 105 13 3 95 30 41 88 6 1 38 43 53 70 50 72 73 76 34 4 89 40 48 62 87 61 96 63 86 21 18 97 65 
0 19 31 77 90 23 79 55 107 24 29 27 54 92 46 17 8 9 75 85 7 35 20 11 59 22 42 25 37 45 36 82 69 2 10 68 94 83 81 5 32 93 70 44 78 84 103 100 39 101 74 51 99 64 33 14 57 80 66 52 106 108 98 15 91 16 28 71 49 67 56 58 12 47 26 102 104 60 105 13 3 95 30 41 88 6 1 38 43 53 50 72 73 76 34 4 89 109 40 48 62 87 63 86 21 18 61 96 97 65 
0 19 31 77 90 23 79 55 107 24 29 27 54 92 46 17 8 9 75 85 7 35 20 11 59 22 42 25 37 45 44 70 93 32 5 81 83 109 94 68 51 2 69 82 36 78 84 103 100 39 101 74 10 99 64 33 14 57 80 66 52 106 108 98 15 91 16 28 71 49 67 56 58 12 47 26 102 104 60 105 13 3 95 30 41 6 1 38 43 53 50 72 73 76 34 4 89 40 48 62 87 63 86 21 18 61 96 97 88 65 
0 19 14 57 80 66 52 106 108 98 15 91 16 28 71 49 67 56 58 12 47 26 102 104 60 105 13 3 95 30 41 88 6 1 38 43 53 50 72 73 76 34 4 89 40 48 62 87 63 86 21 18 61 96 97 65 31 77 90 23 79 55 107 24 29 27 54 92 46 17 8 9 75 85 7 35 20 11 59 22 42 25 37 45 44 70 93 32 5 81 83 109 94 68 51 2 69 82 36 78 84 103 100 39 101 74 10 99 64 33 
0 19 31 77 8 23 79 55 107 24 29 27 54 92 46 17 90 9 75 85 7 35 20 11 59 22 42 25 37 45 44 70 93 32 5 81 83 109 94 68 51 2 69 82 36 78 84 103 100 39 101 74 10 99 64 33 14 57 80 66 52 106 108 98 15 91 16 28 71 49 67 56 58 12 47 26 102 104 60 105 13 3 95 30 41 88 6 1 38 43 53 50 72 73 76 34 4 89 40 48 62 87 61 96 63 86 21 18 97 65 
0 19 31 77 90 23 79 55 107 24 29 27 54 92 46 17 8 9 75 85 7 35 89 11 59 22 42 25 37 45 44 70 93 32 5 81 83 109 94 68 51 2 69 82 36 78 84 103 100 39 101 74 10 99 64 33 14 57 80 66 106 108 52 98 15 91 16 28 71 49 67 56 58 12 47 26 102 104 60 105 13 3 95 30 41 88 6 1 38 43 53 50 72 73 76 34 4 20 40 48 62 87 61 96 63 86 21 18 97 65 
0 19 31 77 90 23 79 55 107 24 29 27 54 92 46 17 8 9 75 85 7 35 20 11 59 22 42 25 37 45 44 70 93 32 5 81 83 109 94 68 51 2 69 82 36 78 84 103 100 39 101 74 10 99 64 33 14 57 80 66 52 108 98 15 91 16 28 71 49 67 56 58 47 26 102 104 60 105 13 3 95 30 41 88 6 1 38 43 53 50 106 72 73 76 34 4 89 40 48 62 87 63 86 12 21 18 61 96 97 65 
0 19 31 77 90 23 79 55 107 24 29 27 54 92 46 17 8 9 75 85 7 35 20 11 59 22 42 25 37 45 44 70 96 32 5 81 83 109 94 68 51 2 69 82 36 78 84 103 100 39 101 74 10 99 64 33 14 57 80 66 52 106 108 98 15 91 16 28 71 49 67 56 58 12 47 26 102 104 60 105 13 3 95 30 41 88 6 1 38 43 53 50 72 73 76 34 4 89 40 48 62 87 63 86 21 18 61 93 97 65 
0 19 31 77 90 23 79 55 107 24 29 27 54 92 46 17 8 9 75 85 7 35 20 11 59 22 42 25 37 45 44 70 93 32 5 81 83 94 68 51 2 69 82 36 78 84 103 100 39 101 74 10 99 64 33 14 57 80 66 52 106 108 98 15 91 16 62 71 49 67 56 58 12 47 105 26 102 104 60 13 3 95 30 41 88 6 1 38 43 53 50 72 73 76 34 4 109 28 89 40 48 87 63 86 21 18 61 96 97 65 
0 19 77 90 23 79 55 107 24 29 27 54 92 46 17 8 9 75 85 7 35 20 11 59 22 42 31 25 37 45 44 70 93 32 5 81 83 94 68 51 2 69 82 36 78 84 103 100 39 101 74 10 99 64 33 14 57 80 66 52 106 95 108 98 15 91 16 28 71 49 67 56 58 12 47 26 102 104 60 105 13 3 30 41 88 6 1 38 43 53 50 72 73 76 34 4 89 109 40 48 62 87 63 86 21 18 61 96 97 65 
0 19 31 77 90 23 79 55 107 24 29 27 54 92 17 8 9 75 85 7 35 20 11 59 22 42 25 37 45 44 70 93 32 5 81 83 109 94 68 51 2 69 82 36 78 84 103 100 39 46 101 74 10 99 64 33 14 57 80 66 52 106 108 98 15 91 16 28 71 49 67 56 58 12 47 26 102 104 60 105 6 3 95 30 41 88 13 1 38 43 53 50 72 73 76 34 4 89 40 48 62 87 63 86 21 18 61 96 97 65 
0 19 31 77 90 23 79 55 107 24 29 27 54 92 46 17 8 9 75 85 37 25 42 22 59 11 20 35 7 45 44 70 93 32 5 81 83 109 94 68 51 2 69 82 36 78 84 103 100 39 101 74 10 99 64 33 14 57 80 66 52 106 108 98 15 91 16 28 71 49 67 56 58 12 47 26 102 104 60 105 13 3 95 30 41 88 6 1 38 43 87 50 72 73 76 34 4 89 40 48 62 53 63 86 21 18 61 96 97 65 
0 19 31 77 90 23 79 55 107 24 29 27 54 92 46 17 8 9 75 85 7 35 20 11 59 22 42 25 37 45 44 70 93 32 5 81 83 56 68 51 2 69 82 36 78 84 103 100 39 101 74 10 99 64 33 14 57 80 66 52 106 108 98 15 91 16 28 71 49 67 94 58 12 47 26 102 104 60 105 13 3 95 30 41 88 6 1 38 43 53 50 72 73 76 34 4 89 109 40 48 62 87 63 86 21 18 61 96 97 65 
0 19 31 77 90 23 79 24 107 55 29 27 54 92 7 85 75 9 8 17 46 35 20 11 59 22 42 25 37 45 44 70 93 32 5 81 83 94 68 51 2 69 82 36 78 84 103 100 39 101 74 10 99 64 33 106 57 80 66 52 14 108 98 15 91 16 28 71 49 67 56 58 12 47 26 102 104 60 105 13 109 3 95 30 41 88 6 1 38 43 53 50 72 73 76 34 4 89 40 48 62 87 63 86 21 18 61 96 97 65 
0 19 31 77 90 23 79 55 107 24 29 27 54 92 46 17 8 9 75 85 7 35 20 11 59 22 42 25 37 45 44 70 93 32 5 1 83 109 94 68 51 2 69 82 36 78 84 103 100 39 101 74 10 99 64 33 14 57 80 66 52 106 108 98 15 91 16 28 71 49 67 56 58 12 47 26 102 104 60 105 13 3 95 30 41 88 6 81 38 43 53 50 72 73 76 34 4 89 40 48 62 87 61 96 63 86 21 18 97 65 
0 19 31 77 90 23 79 55 107 24 29 27 54 92 46 17 8 9 75 85 7 35 20 11 59 22 42 25 37 45 44 16 91 15 98 108 106 52 66 80 57 14 33 70 93 32 5 81 83 94 68 51 2 69 82 36 78 84 103 100 39 101 74 10 99 64 28 71 49 67 56 58 12 47 109 26 102 104 60 105 13 3 95 30 41 88 6 1 38 43 53 50 72 73 76 89 4 34 40 48 62 87 61 96 63 86 21 18 97 65 
0 19 31 77 90 23 79 55 107 24 29 27 54 92 46 17 8 9 75 85 7 35 20 11 59 22 42 25 37 45 44 70 93 32 5 81 12 47 26 102 104 60 105 13 3 95 30 41 88 6 1 38 43 53 50 72 73 76 34 4 99 108 98 15 91 16 28 71 49 67 56 58 83 94 68 51 2 69 82 36 78 84 103 100 39 101 74 10 89 64 33 14 57 80 66 52 106 109 40 48 62 87 63 86 21 18 61 96 97 65 
0 82 69 2 51 68 109 94 83 81 5 32 93 70 44 45 37 25 42 22 59 11 20 35 7 85 75 9 8 17 46 92 54 27 29 24 107 55 79 23 90 77 31 19 36 78 84 103 100 39 101 74 10 99 64 33 14 57 80 66 52 106 105 60 104 102 26 47 12 58 56 67 49 71 28 16 91 15 98 108 13 3 95 30 41 88 6 1 38 43 53 50 72 73 76 34 4 89 40 48 62 87 63 86 21 18 61 96 97 65 
0 19 31 77 90 23 79 55 107 24 29 27 54 26 47 12 58 56 67 49 71 28 16 91 15 98 108 106 52 66 80 57 14 33 64 99 10 74 101 39 100 103 84 78 36 82 69 2 51 68 94 109 83 81 5 32 93 70 44 45 37 25 42 22 59 11 20 35 7 85 75 9 8 17 46 92 102 104 60 105 13 3 95 30 41 88 6 1 38 43 53 50 72 73 76 34 4 89 40 48 62 87 63 86 21 18 61 96 97 65 
0 9 8 17 46 92 54 27 29 24 107 55 79 23 90 77 31 19 75 85 7 35 20 11 59 22 42 25 37 45 44 70 93 32 5 81 83 109 94 68 51 2 69 82 36 78 84 103 100 39 101 74 10 99 64 33 14 57 80 66 52 106 108 98 15 91 16 28 71 49 67 56 58 12 47 26 102 104 60 105 3 95 30 41 88 6 1 38 43 53 50 72 73 76 34 4 89 40 48 62 87 63 13 86 21 18 61 96 97 65 
0 19 31 77 90 23 79 55 107 24 29 27 54 92 46 17 8 9 75 85 7 35 20 11 59 22 42 25 37 45 44 70 93 32 5 81 83 109 94 68 51 102 69 82 36 78 84 103 100 39 101 74 10 99 64 33 14 57 80 66 52 106 108 98 15 91 16 28 71 49 67 56 58 12 47 26 2 104 60 105 13 3 95 30 41 88 6 1 38 43 53 50 72 73 76 34 4 89 40 48 62 87 63 86 21 18 61 96 97 65 
0 19 31 77 90 23 79 55 107 24 29 27 54 92 46 17 8 9 75 85 7 35 20 11 59 22 42 25 37 45 44 70 93 32 5 81 83 109 94 68 51 2 69 82 36 78 84 103 100 52 106 108 98 15 91 16 28 71 49 67 56 58 12 47 26 102 104 53 43 38 1 6 88 41 30 95 3 13 105 60 50 72 73 76 34 4 89 40 48 62 87 61 96 66 39 101 74 10 99 64 33 14 57 80 63 86 21 18 97 65 
0 19 31 77 90 23 79 55 107 24 29 27 54 92 46 17 8 9 75 85 7 35 20 11 59 22 42 25 37 45 44 70 93 32 5 81 83 109 94 68 51 2 69 82 36 78 84 103 100 39 101 74 10 99 64 33 14 57 80 66 52 106 108 98 15 91 16 28 71 49 65 56 58 12 47 26 102 104 60 105 13 3 95 30 41 88 6 1 38 43 53 50 67 72 73 76 34 4 89 40 48 62 87 63 86 21 18 61 96 97 
0 19 31 77 90 23 79 55 107 24 29 27 54 92 46 17 8 9 75 85 7 35 20 11 59 22 42 25 37 45 44 70 93 32 5 81 83 109 94 68 51 2 69 82 36 78 84 103 100 39 101 74 10 99 64 33 14 57 80 66 52 106 108 98 15 91 16 28 71 49 67 56 58 12 47 26 102 60 105 13 3 95 30 41 104 40 48 62 87 63 86 21 18 61 96 97 65 89 88 6 1 38 43 53 50 72 73 76 34 4 
0 19 31 77 90 23 79 55 24 29 27 54 92 46 17 8 9 75 85 7 35 20 11 59 22 42 25 37 45 44 70 93 32 5 81 83 109 94 68 51 2 69 82 36 78 84 103 100 39 101 74 10 99 64 33 14 57 80 66 52 106 108 98 15 91 16 28 71 49 67 56 58 12 47 26 102 104 60 105 13 3 95 30 41 88 6 107 1 38 43 53 50 72 73 76 34 4 89 40 48 62 87 63 86 21 18 61 96 97 65 
0 19 31 77 90 23 79 55 107 24 29 27 54 92 46 17 8 9 75 85 7 35 20 11 59 22 42 25 37 45 44 70 93 32 5 81 83 109 94 68 66 52 106 108 98 15 91 16 28 71 49 67 56 58 12 47 26 102 104 60 105 13 3 95 30 41 88 6 1 38 43 53 50 72 73 76 34 4 89 48 62 63 86 21 18 87 61 96 97 33 14 57 80 40 51 2 69 82 36 78 84 103 100 39 101 74 10 99 64 65 
0 19 31 77 90 23 79 55 107 24 29 27 54 92 46 17 8 9 75 85 7 35 20 11 59 22 42 25 37 21 44 70 93 32 5 81 83 109 94 68 51 2 69 82 36 78 84 103 100 39 101 74 10 99 64 33 14 57 80 66 52 106 108 98 15 91 16 28 71 49 67 56 58 12 47 26 102 104 60 105 13 3 95 30 41 88 6 1 38 43 53 72 73 76 50 34 4 89 40 48 62 87 63 86 45 18 61 96 97 65 
0 19 31 77 90 23 79 55 107 24 29 27 54 92 46 17 8 84 75 85 7 35 20 11 59 22 42 25 37 45 44 70 93 32 5 81 83 109 94 68 51 2 69 82 36 78 9 103 100 39 101 74 10 99 64 33 14 57 80 66 52 106 108 98 15 91 16 28 71 49 67 56 58 12 47 26 102 104 60 105 13 3 95 30 41 88 6 1 38 43 53 50 72 73 76 34 4 89 40 48 62 87 63 86 21 18 61 96 97 65 
0 19 31 77 90 23 79 55 107 24 29 27 54 92 46 17 8 9 75 85 7 35 20 11 59 22 42 25 37 45 101 39 100 103 84 78 36 82 69 2 51 68 94 109 83 81 5 32 93 70 44 74 13 3 95 30 41 88 6 1 38 43 53 50 72 73 76 34 4 89 40 48 58 12 47 26 102 104 60 105 10 99 64 33 14 57 80 66 52 106 108 98 15 91 16 28 71 49 67 56 62 87 61 96 63 86 21 18 97 65 
0 19 31 77 90 23 79 55 107 24 29 27 54 92 46 17 8 9 75 85 7 35 20 11 59 22 42 25 37 45 44 70 93 32 5 81 83 109 94 68 51 2 69 82 36 78 84 103 100 39 101 74 10 99 64 33 14 57 80 66 52 106 108 98 15 91 16 28 71 49 67 56 63 12 47 26 102 104 60 105 13 3 95 30 41 88 6 1 38 43 53 50 72 73 76 34 4 89 40 48 62 87 58 86 21 18 61 96 97 65 
0 19 31 77 90 23 79 24 107 55 29 27 54 92 46 17 8 9 75 85 7 30 95 3 13 105 60 104 102 26 47 12 58 56 67 49 71 28 16 91 15 98 108 106 52 66 34 57 14 33 64 99 10 74 101 39 100 103 84 78 36 82 69 2 51 68 94 109 83 81 5 32 93 70 44 45 37 25 42 22 59 11 20 35 41 88 6 1 38 43 53 50 72 73 76 80 4 89 40 48 62 87 63 86 21 18 61 96 97 65 
0 19 31 77 90 23 79 55 107 24 29 27 54 92 46 17 8 9 75 85 7 35 20 11 59 22 42 25 37 45 44 70 93 32 5 81 83 109 94 68 51 2 69 82 36 78 84 103 100 39 101 74 10 99 64 33 14 57 80 66 52 106 108 98 15 91 16 28 71 49 67 56 58 12 47 26 18 21 86 63 62 48 40 89 4 34 76 73 72 50 53 43 38 1 6 88 41 30 95 3 13 87 105 60 104 102 61 96 97 65 
0 19 31 77 90 23 79 55 107 24 29 27 54 92 46 17 8 9 75 85 7 35 20 34 59 22 42 25 37 45 44 70 93 32 5 81 83 94 68 51 2 69 82 16 91 15 98 108 106 52 66 80 57 14 33 64 99 10 74 101 39 100 103 84 78 36 109 28 71 49 67 56 58 12 47 26 102 104 60 105 13 3 95 30 41 88 6 1 38 43 53 50 72 73 76 11 4 89 40 48 62 87 61 96 63 86 21 18 97 65 
0 19 31 77 99 64 33 14 57 80 66 52 106 108 98 15 91 16 28 71 49 67 90 23 79 55 107 24 29 27 54 92 46 17 8 9 75 85 7 35 20 11 59 22 42 25 37 45 44 70 93 32 5 81 83 109 94 68 51 2 69 82 36 78 84 103 100 39 101 74 10 56 58 12 47 26 102 104 60 105 13 3 95 30 41 88 6 1 38 43 53 50 72 73 76 34 4 89 40 48 62 87 63 86 21 18 61 96 97 65 
0 19 31 57 80 66 52 106 108 98 15 91 16 28 71 49 67 56 58 12 47 26 102 104 60 105 13 3 95 30 41 88 6 1 38 43 53 50 72 73 76 34 4 89 109 40 48 62 87 63 86 21 18 61 96 97 77 90 23 79 55 107 24 29 27 54 92 46 17 8 42 75 85 7 35 20 11 59 22 9 25 37 45 44 70 93 32 5 81 83 94 68 51 2 69 82 36 78 84 103 100 39 101 74 10 99 64 33 14 65 
0 19 31 77 90 23 79 55 107 24 29 27 54 87 62 48 40 89 4 34 76 73 72 50 53 43 38 1 6 88 41 30 95 92 46 17 8 9 75 85 7 35 20 11 59 22 42 25 37 45 44 70 93 32 5 81 83 109 94 68 51 2 69 82 36 78 84 103 100 39 101 74 10 99 64 33 14 57 80 66 52 106 108 98 15 91 16 28 71 49 67 56 58 12 47 26 102 104 60 105 13 3 63 86 21 18 61 96 97 65 
0 19 31 77 90 23 79 55 107 24 29 27 54 92 46 17 84 9 75 85 7 35 20 11 59 22 42 25 37 45 44 70 93 32 5 81 83 94 68 51 2 69 82 36 78 8 103 100 39 101 74 10 99 64 33 14 57 80 66 52 106 108 98 15 91 16 28 71 49 67 56 58 12 47 26 102 104 60 105 13 3 95 30 41 88 6 1 38 43 53 50 72 73 76 34 4 89 109 40 48 62 87 63 86 21 18 61 96 97 65 
0 19 31 77 90 23 79 55 107 24 29 27 54 92 46 17 8 9 75 85 7 35 20 11 59 22 42 25 37 45 44 18 93 32 5 81 83 109 94 68 51 2 69 82 36 78 84 103 100 39 101 74 10 99 64 33 14 57 80 66 52 106 108 98 15 91 16 28 71 49 67 56 58 12 47 26 102 104 60 105 13 3 95 30 41 88 6 1 38 43 50 72 73 76 34 53 4 89 40 48 62 87 63 86 21 70 61 96 97 65 
0 19 31 66 52 106 108 98 15 91 16 28 71 49 67 56 58 12 47 26 102 104 60 105 13 3 95 30 41 88 6 1 38 43 53 50 72 73 76 34 77 90 23 79 55 107 24 29 27 54 92 46 17 8 9 75 85 7 35 20 59 22 42 25 37 45 44 70 93 32 5 81 83 109 94 68 51 2 69 82 36 78 84 103 100 39 101 74 10 99 64 33 14 57 80 11 4 89 40 48 62 87 63 86 21 18 61 96 97 65 
0 19 31 77 90 23 79 55 107 24 29 27 54 92 46 17 8 9 75 85 7 35 20 11 59 22 42 25 37 45 44 70 93 32 5 81 83 94 68 51 2 18 21 86 63 87 62 48 40 71 4 34 76 73 72 50 53 43 38 1 6 88 41 30 95 3 13 105 60 104 102 26 47 12 58 56 67 49 89 28 16 91 15 98 109 108 106 52 66 80 57 14 33 64 99 10 74 101 39 100 103 84 78 36 82 69 61 96 97 65 
0 19 31 77 90 23 79 55 107 24 29 27 54 78 46 17 8 9 75 85 7 35 20 11 59 22 42 25 37 45 44 70 93 32 5 81 83 94 68 51 2 69 82 36 92 84 103 100 39 101 74 10 99 64 33 14 57 80 66 52 106 108 98 15 91 16 28 71 49 67 56 58 12 47 26 102 104 60 105 13 3 95 30 41 88 6 1 38 43 53 50 72 73 76 34 4 89 109 40 48 62 87 63 86 21 18 61 96 97 65 
0 19 31 77 90 23 79 55 107 24 29 27 54 92 46 17 8 9 75 15 91 16 28 71 49 67 56 58 12 47 26 102 104 60 105 13 3 95 30 41 88 6 1 38 43 53 50 72 73 76 34 4 89 40 48 62 87 63 86 21 18 106 108 98 85 7 35 20 11 59 22 42 25 37 45 44 70 93 32 5 81 83 109 94 68 51 2 69 82 36 78 84 103 100 39 101 74 10 99 64 33 14 57 80 66 52 61 96 97 65 
0 19 31 77 90 23 79 55 66 52 106 108 98 15 91 16 28 71 49 67 56 58 12 47 26 102 104 60 105 13 3 95 30 41 88 6 1 38 70 44 45 37 25 42 22 59 11 20 35 7 85 75 9 8 17 46 92 54 27 29 24 107 80 57 14 33 64 99 10 74 101 39 100 103 84 78 36 82 69 2 51 68 94 109 83 81 5 32 93 43 53 50 72 73 76 34 4 89 40 48 62 87 63 86 21 18 61 96 97 65 
0 19 31 77 90 23 79 55 107 24 4 27 54 92 46 17 8 9 75 85 7 35 20 11 59 22 42 25 37 45 44 70 93 32 5 81 83 109 94 68 51 2 69 82 36 78 84 103 100 39 101 74 10 99 64 33 14 57 80 66 52 106 108 98 15 91 16 28 71 49 67 56 58 12 47 26 102 104 60 105 13 3 95 30 41 88 6 1 38 43 53 50 72 73 76 34 29 89 40 48 62 87 63 86 21 18 61 96 97 65 
0 19 31 77 90 23 79 55 107 24 29 27 54 92 46 17 8 9 75 85 7 35 20 11 59 22 42 25 37 45 44 70 93 105 47 12 58 56 67 49 71 62 16 91 15 98 108 106 52 66 80 57 14 33 64 99 10 74 101 39 100 103 84 78 36 82 69 2 51 68 94 83 81 5 32 26 102 104 60 13 3 95 30 41 88 6 1 38 43 53 50 72 73 76 34 4 89 109 40 48 28 87 63 86 21 18 61 96 97 65 
0 19 31 95 108 98 15 91 16 28 71 49 67 56 58 12 47 26 102 104 60 105 13 3 30 41 88 6 1 38 43 53 50 72 73 76 34 4 89 109 2 69 82 36 78 84 103 100 39 101 74 10 99 64 33 14 57 80 66 52 106 77 90 23 79 55 107 24 29 27 54 92 46 17 8 9 75 85 7 35 20 11 59 22 42 25 37 45 44 70 93 32 5 81 83 94 68 51 40 48 62 87 63 86 21 18 61 96 97 65 
0 19 31 77 90 23 79 55 107 24 29 27 54 92 46 17 8 9 75 85 7 35 99 64 33 14 57 80 66 52 106 108 98 15 91 16 28 71 49 67 56 58 12 47 26 102 104 60 105 13 3 95 30 41 88 6 1 38 2 69 82 36 78 84 103 100 39 101 74 10 20 11 59 22 42 109 37 45 44 70 93 32 5 81 83 94 68 51 43 53 50 73 76 72 34 4 89 25 40 48 62 87 63 86 21 18 61 96 97 65 
0 19 31 77 90 23 79 55 107 24 29 27 54 92 46 17 8 9 75 85 7 35 20 11 59 22 42 25 37 45 44 70 93 18 5 81 83 109 94 68 51 2 69 82 36 78 84 103 100 39 101 74 10 99 64 33 14 57 80 66 52 106 108 98 15 91 16 28 71 49 67 56 58 12 47 26 102 104 60 105 13 3 95 41 88 6 1 38 43 53 50 72 73 76 34 4 89 30 40 48 62 87 61 96 63 86 21 32 97 65 
0 19 31 77 90 83 79 55 107 24 29 27 54 92 46 23 17 8 9 75 85 7 35 20 11 59 22 42 25 37 45 44 70 93 32 5 81 94 68 51 2 69 82 36 78 84 103 100 39 101 74 99 64 33 14 57 80 66 52 106 108 98 15 91 16 28 71 49 109 67 56 58 12 47 26 102 104 60 105 13 3 95 30 41 88 6 1 38 43 53 50 72 73 10 76 34 4 89 40 48 62 87 63 86 21 18 61 96 97 65 
0 19 31 77 90 23 79 55 107 24 29 27 54 92 46 17 8 9 75 85 7 35 20 11 59 22 42 25 37 45 44 70 93 32 5 81 83 109 94 68 51 2 69 82 36 78 84 103 100 39 101 74 10 99 64 33 14 96 80 66 52 106 108 98 15 91 16 28 71 49 67 56 58 12 47 26 102 104 60 105 13 3 95 30 41 88 6 1 38 43 53 72 73 76 34 4 89 40 48 62 87 61 57 63 86 50 21 18 97 65 
0 31 77 90 23 79 55 107 24 29 19 27 54 92 46 17 8 9 75 85 7 35 20 11 59 22 42 25 86 63 87 62 48 40 109 89 4 34 76 73 72 50 53 43 38 1 6 88 41 30 95 3 13 105 60 104 102 26 47 12 58 56 67 49 71 28 16 91 15 98 108 106 52 66 80 57 14 33 64 99 10 74 101 5 100 103 84 78 36 82 69 2 51 68 94 83 81 39 32 93 70 44 45 37 21 18 61 96 97 65 
0 19 31 77 90 23 79 55 107 24 29 27 86 63 87 62 48 40 89 4 34 76 73 72 50 53 43 38 1 6 88 100 41 30 95 3 13 105 60 104 102 26 47 12 58 56 67 49 71 28 16 91 15 98 108 106 52 66 80 57 14 33 99 10 74 101 39 103 84 64 78 36 82 69 2 51 68 94 109 83 81 5 32 93 54 92 46 17 8 9 75 85 7 35 20 11 59 22 42 37 45 44 70 25 21 18 61 96 97 65 
0 19 31 77 90 23 79 55 107 24 29 27 89 40 48 62 87 61 96 63 86 21 18 97 65 22 17 25 37 45 44 70 93 32 5 81 83 109 94 68 51 2 69 82 36 78 84 103 100 39 101 74 10 99 64 33 14 57 80 66 52 106 108 98 15 91 16 28 71 49 67 56 58 12 47 26 102 104 60 105 13 3 95 30 41 88 6 1 38 43 53 50 72 73 76 34 4 54 92 46 42 8 9 75 85 7 35 20 11 59 
0 19 31 77 90 23 79 55 89 24 29 27 54 92 46 17 8 9 75 85 7 35 20 11 59 22 42 25 37 45 36 82 69 2 51 68 94 83 81 5 32 93 70 44 78 84 103 100 39 101 74 10 99 64 33 14 57 80 66 52 106 108 98 15 91 16 28 71 49 67 56 58 12 47 26 102 104 60 105 13 3 95 30 41 88 6 1 38 43 53 50 72 73 76 34 4 107 109 40 48 62 87 63 86 21 18 61 96 97 65 
0 19 31 77 90 23 79 10 74 101 39 100 103 84 78 36 82 69 2 51 68 94 109 83 81 5 32 93 70 44 45 37 25 42 22 59 11 20 35 7 85 75 9 8 17 46 92 54 27 29 24 107 55 99 64 33 14 57 80 66 52 106 108 98 15 91 102 28 71 49 67 56 58 12 47 26 16 104 53 43 1 6 88 41 30 95 3 38 13 105 60 50 72 73 76 34 4 89 40 48 62 87 61 96 63 86 21 18 97 65 
0 19 31 77 90 23 79 55 107 24 68 94 83 81 5 32 93 70 35 20 11 59 22 42 25 37 45 44 7 85 75 9 8 17 46 54 27 29 51 2 69 82 36 78 84 103 100 39 101 74 10 99 64 33 14 57 80 66 52 106 108 98 15 91 16 28 71 49 67 56 58 12 47 26 102 104 60 105 13 3 95 30 41 88 6 1 38 43 92 109 53 50 72 73 76 34 4 89 40 48 62 87 63 86 21 18 61 96 97 65 
0 19 31 77 56 67 49 71 28 16 91 15 98 108 106 52 66 80 57 14 33 64 99 10 74 101 39 100 84 78 36 82 69 2 51 68 94 83 81 5 32 93 70 44 45 37 25 42 22 59 11 20 35 7 85 75 9 8 17 46 92 54 27 29 24 107 55 79 23 90 58 12 47 26 102 104 60 105 13 3 95 30 41 88 6 1 38 43 53 109 50 72 73 76 34 4 89 103 40 48 62 87 63 86 21 18 61 96 97 65 
0 19 31 77 90 23 79 99 10 74 101 39 100 103 84 78 36 82 69 2 51 68 94 109 83 81 5 32 93 70 44 45 37 25 42 22 59 11 20 7 85 75 9 8 17 46 92 54 27 29 24 107 55 64 33 35 14 57 80 66 52 106 108 98 15 91 16 28 71 49 67 56 58 12 47 26 102 104 60 105 13 3 95 30 41 6 1 38 43 53 88 50 72 73 76 34 4 89 40 48 62 87 63 86 21 18 61 96 97 65 
0 19 31 77 90 23 79 55 107 24 29 27 54 92 39 17 8 9 75 85 37 25 42 22 59 11 20 35 7 45 44 70 93 32 5 81 83 109 94 68 51 2 69 82 36 78 84 103 100 46 101 74 10 99 64 33 14 57 80 66 52 106 108 98 15 91 16 28 71 49 67 56 58 12 47 26 102 104 60 105 13 3 95 30 41 88 6 1 38 43 53 50 72 73 76 34 4 89 40 48 62 87 63 86 21 18 61 96 97 65 
0 19 31 77 90 23 79 55 94 109 83 81 5 32 93 70 14 57 66 52 106 108 98 15 91 16 44 45 37 25 42 22 59 11 20 35 7 85 75 9 8 17 46 92 54 27 29 24 107 68 51 2 69 82 36 78 84 103 100 39 101 74 10 99 64 33 28 71 49 67 56 58 12 47 26 102 104 60 105 13 3 95 30 41 88 6 1 38 43 53 50 72 73 76 34 4 89 40 48 62 87 63 80 86 21 18 61 96 97 65 
0 19 31 77 90 23 79 55 107 24 65 97 96 61 14 33 64 99 10 74 101 39 100 103 84 78 36 82 69 2 51 68 94 109 83 81 5 32 93 70 44 45 37 25 42 22 59 11 20 35 7 85 75 9 8 17 46 92 106 52 66 80 57 18 21 86 63 87 62 48 40 89 4 34 76 73 72 50 53 43 38 1 6 88 41 30 95 3 13 105 60 104 102 26 47 12 58 56 67 49 71 28 16 91 15 98 108 54 27 29 
0 19 31 77 90 23 79 55 107 24 29 27 54 92 46 17 8 9 75 85 7 35 20 11 59 22 42 25 37 45 44 70 38 1 6 88 41 30 95 3 83 105 60 104 102 26 47 12 58 56 67 49 71 28 16 91 15 98 108 106 52 66 80 57 14 33 64 99 10 74 101 39 100 103 84 78 36 82 69 2 51 68 94 109 13 81 5 32 93 43 53 50 72 73 76 34 4 89 40 48 62 87 63 86 21 18 61 96 97 65 
0 19 31 77 90 23 79 55 107 89 29 27 54 92 46 17 8 9 75 85 7 35 20 11 59 22 42 25 37 45 44 70 93 32 5 81 83 109 94 68 51 2 69 82 36 78 84 103 100 39 101 74 10 99 64 33 14 57 80 66 52 106 108 98 15 91 16 28 71 49 67 56 58 12 47 26 102 104 60 105 13 3 95 30 41 88 6 1 38 43 53 50 72 73 76 34 4 24 40 62 87 48 63 86 21 18 61 96 97 65 
0 19 31 77 90 23 79 55 107 24 29 27 54 92 46 52 106 108 98 15 91 16 28 71 49 67 56 58 12 47 26 102 104 53 43 38 1 6 88 41 30 95 3 13 105 60 50 72 73 76 34 4 89 40 48 62 87 61 96 66 17 8 9 75 85 7 35 20 11 59 22 42 25 37 45 44 70 93 32 5 81 83 109 94 68 51 2 69 82 36 78 84 103 100 39 101 74 10 99 64 33 14 57 80 63 86 21 18 97 65 
0 19 31 77 90 23 79 55 107 24 29 66 54 92 46 17 8 9 75 85 7 35 20 11 59 22 42 25 37 45 44 70 93 32 5 81 83 109 94 68 51 2 69 82 36 78 84 103 100 39 101 74 10 99 64 33 14 57 80 27 52 106 108 98 15 91 16 28 71 49 67 56 58 12 47 26 102 104 60 105 13 3 95 30 41 88 6 1 38 43 53 50 72 73 76 34 4 89 40 48 62 87 63 86 21 18 61 96 97 65 
0 19 31 77 90 23 79 55 107 24 29 27 54 92 46 17 8 9 91 16 28 71 49 67 56 58 12 47 26 102 104 60 105 13 3 95 30 41 88 6 1 38 43 53 50 72 73 76 34 4 89 40 48 62 87 61 96 63 86 21 18 97 65 98 15 75 85 7 35 20 11 59 22 42 25 37 45 44 70 93 32 5 81 83 109 94 68 51 2 69 82 36 78 84 103 100 39 101 74 10 99 64 33 14 57 80 66 52 106 108 
0 83 31 77 90 23 79 55 107 24 29 27 54 92 46 17 8 9 75 85 7 35 20 11 59 22 42 37 45 44 70 93 32 5 81 19 109 94 68 51 2 69 82 36 78 84 103 100 39 101 74 10 99 64 33 14 57 80 66 52 106 108 98 15 91 16 28 71 49 67 56 58 12 47 26 25 102 104 60 105 13 3 95 30 41 88 6 1 38 43 53 50 72 73 76 34 4 89 40 48 62 87 63 86 21 18 61 96 97 65 
0 19 31 77 80 66 52 106 108 98 15 91 16 28 71 49 67 56 58 12 47 26 102 104 60 105 13 3 95 30 41 88 6 1 38 43 53 50 72 73 76 34 69 82 36 78 84 103 100 39 101 74 10 99 64 33 14 57 90 23 79 55 61 18 21 86 63 87 62 48 40 89 4 2 51 68 94 109 83 81 5 32 93 70 44 45 37 25 42 22 59 11 20 35 7 85 75 9 8 17 46 92 54 27 29 24 107 96 97 65 
0 19 31 77 90 23 79 55 107 24 29 27 54 92 46 17 8 9 75 85 7 35 20 11 59 22 42 25 16 45 44 70 102 104 60 105 13 3 95 30 41 88 6 1 38 43 53 50 100 39 101 74 10 99 64 33 14 57 80 66 52 106 108 98 15 91 37 28 71 49 67 56 58 12 47 26 93 32 5 81 83 109 94 68 51 2 69 82 36 78 84 103 72 73 76 34 4 89 40 48 62 87 63 86 21 18 61 96 97 65 
0 19 31 77 90 23 79 55 107 24 29 27 54 92 46 17 8 9 108 85 7 35 20 11 59 22 42 25 37 45 44 70 93 32 5 81 83 109 94 68 51 2 69 82 36 78 84 103 100 39 101 74 10 99 64 33 14 57 80 66 52 106 75 98 15 91 16 28 71 49 67 56 58 12 47 26 102 104 60 105 13 3 95 30 41 88 6 1 38 43 53 50 72 73 76 34 4 89 48 62 87 61 96 63 86 21 18 97 40 65 
0 19 31 77 90 23 79 55 99 24 29 27 54 92 46 17 8 9 75 85 7 35 20 11 59 22 42 2 25 37 45 44 70 93 32 5 81 83 109 94 68 51 69 82 36 78 84 103 100 39 101 74 10 107 64 33 14 57 80 66 52 106 108 98 15 91 16 28 71 49 67 56 58 12 47 26 102 104 60 105 13 3 95 30 41 88 6 1 38 43 53 50 72 73 76 34 4 89 40 48 62 87 63 86 21 18 61 96 97 65 
0 19 31 77 90 23 79 55 107 24 29 27 54 92 46 17 8 30 75 85 7 35 20 11 59 22 42 25 37 45 44 70 93 32 5 81 83 109 94 68 51 2 69 82 36 78 84 103 100 39 101 74 10 99 64 33 14 57 80 66 52 106 108 98 15 91 16 28 71 49 67 56 58 12 47 26 102 104 60 105 13 3 95 9 41 88 6 1 38 43 53 50 72 73 76 34 4 89 40 48 62 87 63 86 21 18 61 96 97 65 
0 19 31 77 90 23 79 55 107 24 29 27 54 92 46 17 8 9 75 100 7 35 20 11 59 22 42 25 37 45 44 70 93 32 5 81 83 94 68 51 2 69 82 36 78 84 103 85 39 101 74 10 99 64 33 14 57 80 66 52 106 108 98 15 91 16 62 71 49 67 56 58 12 47 105 26 102 104 60 13 3 95 30 41 88 6 1 38 43 109 28 53 50 72 73 76 34 4 89 40 48 87 63 86 21 18 61 96 97 65 
0 19 31 77 90 23 79 55 107 24 29 27 94 51 2 69 82 36 78 84 103 100 39 101 74 10 99 64 33 14 57 80 93 32 5 81 83 109 54 68 92 46 17 8 9 75 85 7 35 20 11 59 22 42 25 37 45 44 70 66 52 108 98 15 91 16 28 71 49 67 56 58 12 47 26 102 104 60 105 13 3 95 30 41 88 6 1 106 38 43 53 50 72 73 76 34 89 40 48 62 87 63 86 21 18 61 96 4 97 65 
0 19 31 77 90 23 79 55 107 24 29 27 102 92 46 17 8 9 75 85 7 35 20 11 59 22 42 25 37 45 44 70 93 32 5 81 83 109 94 68 51 2 69 82 36 78 84 103 100 39 101 74 10 99 64 33 14 57 80 66 52 106 108 98 15 91 16 28 71 49 67 56 58 12 47 26 54 104 60 105 13 3 95 30 41 88 6 1 38 43 53 50 72 73 76 34 4 89 40 48 62 87 63 86 21 18 61 96 97 65 
0 19 31 84 103 100 39 101 74 10 99 64 33 14 57 80 66 52 106 108 98 15 91 16 28 71 49 67 56 58 12 70 93 32 5 4 89 40 48 62 41 88 6 1 81 83 109 94 68 51 2 69 82 36 78 77 90 23 79 55 107 24 29 27 54 92 46 17 8 9 75 85 7 35 20 11 59 22 42 25 37 45 44 47 26 102 104 60 105 13 3 95 30 38 43 53 50 72 73 76 34 87 63 86 21 18 61 96 97 65 
0 19 31 77 90 23 102 26 47 12 58 56 67 49 71 16 91 15 98 4 34 76 73 72 50 53 43 38 1 6 88 41 30 95 3 13 105 60 104 79 55 107 24 29 27 54 92 46 17 8 9 75 85 7 35 20 11 59 22 42 25 37 28 45 44 70 93 32 5 81 83 94 68 51 2 69 82 36 78 84 103 100 39 101 74 10 99 64 33 14 109 57 80 66 52 106 108 89 40 48 62 87 63 86 21 18 61 96 97 65 
0 19 31 77 90 88 79 55 107 24 29 27 54 92 46 17 8 9 75 85 7 35 20 11 59 22 42 25 37 45 44 70 93 32 5 81 83 109 94 68 51 2 69 82 36 78 84 103 100 39 101 74 10 99 64 33 14 57 80 66 52 106 108 98 15 91 16 28 71 49 67 56 58 12 47 26 102 104 60 105 13 3 95 30 41 23 6 1 38 43 53 50 72 73 76 34 4 89 40 48 62 87 63 86 21 18 61 96 97 65 
0 19 31 77 90 23 79 55 107 24 29 27 54 92 46 17 8 9 75 85 7 35 20 11 59 22 42 25 37 45 44 70 93 32 5 81 83 94 68 51 2 104 82 36 78 84 103 100 39 65 97 18 21 86 63 96 61 87 62 48 40 89 4 34 76 73 72 50 53 43 38 1 6 88 41 30 95 3 13 105 60 69 102 26 47 12 58 56 67 49 71 28 16 91 15 98 108 106 52 66 80 57 14 33 109 64 99 10 74 101 
0 19 31 77 90 23 79 55 107 24 29 27 54 92 46 17 8 9 75 85 7 35 20 11 59 22 42 25 37 45 44 70 93 32 81 83 109 94 68 51 2 69 82 36 78 84 103 100 39 101 74 10 99 64 33 14 57 80 66 52 106 108 98 15 91 16 28 71 49 67 56 87 12 47 26 102 104 60 105 58 13 3 95 30 41 88 6 1 38 43 53 50 72 73 76 34 4 21 40 48 62 63 86 89 18 61 96 97 65 5 
0 19 31 77 90 23 79 55 107 24 29 27 54 92 46 17 86 9 75 85 7 35 20 11 59 22 42 25 37 45 44 70 93 32 5 81 83 109 94 68 51 2 69 82 36 78 84 103 100 39 101 74 10 99 64 33 14 57 80 66 52 106 108 98 95 15 91 16 28 71 49 67 56 58 12 47 26 102 104 60 105 13 3 30 41 88 6 1 38 43 53 50 72 73 76 34 4 89 40 48 62 87 63 8 21 18 61 96 97 65 
0 102 104 60 105 13 3 95 30 41 88 6 1 38 43 53 50 72 73 76 34 4 89 40 48 62 87 63 86 18 70 93 32 5 21 81 83 109 94 68 51 2 69 82 36 78 84 103 100 39 101 74 10 99 64 33 14 57 80 66 52 106 108 98 15 91 16 28 71 49 67 56 58 12 47 26 19 31 77 90 23 79 55 107 24 29 27 54 92 46 17 8 9 75 85 7 35 20 11 59 22 42 25 37 45 44 61 96 97 65 
0 19 31 77 90 23 79 26 107 24 29 27 54 92 46 17 8 9 75 85 7 35 20 11 59 22 42 25 37 45 44 70 93 32 5 81 83 109 94 68 51 2 69 82 36 78 84 103 100 39 101 74 10 99 64 33 14 57 80 66 52 106 108 98 15 91 16 28 71 49 67 56 58 12 47 55 102 104 60 105 13 3 95 30 41 88 6 1 38 43 53 50 72 73 76 34 4 89 40 48 62 87 63 86 21 18 61 96 97 65 
0 19 31 77 90 23 79 58 107 24 29 27 54 92 46 17 8 9 75 20 35 7 85 11 59 22 42 25 37 45 44 70 93 32 5 81 83 109 94 68 51 2 69 82 36 78 84 103 100 39 101 74 10 99 64 33 14 57 80 66 52 106 108 98 15 91 16 28 71 49 67 56 55 12 47 26 102 104 60 105 13 3 95 30 41 88 6 1 38 43 53 50 72 73 76 34 4 89 40 48 62 87 63 86 21 18 61 96 97 65 
0 19 31 77 90 23 79 55 107 24 29 27 54 92 46 17 8 9 75 85 7 35 20 11 59 22 95 3 13 105 60 104 102 26 47 12 58 56 67 49 71 28 16 91 15 98 108 106 52 66 80 65 14 33 64 99 10 74 101 39 100 103 84 78 36 82 69 2 51 68 94 109 83 81 5 32 93 70 44 45 37 25 42 30 41 88 6 1 38 43 53 50 72 73 76 34 4 89 40 48 62 87 63 86 21 18 61 96 97 57 
0 19 31 77 90 23 102 55 107 24 29 27 54 92 46 17 8 9 75 85 7 35 20 11 59 22 42 25 37 45 44 70 93 32 5 81 83 109 94 68 51 2 69 82 36 78 84 103 100 39 101 74 10 99 64 33 14 57 80 66 52 106 108 98 15 91 16 28 71 49 67 56 58 12 47 26 79 104 60 105 13 3 95 30 41 88 6 1 38 43 53 50 72 73 76 34 4 89 40 48 62 87 63 86 21 18 61 96 97 65 
0 19 31 77 90 23 79 55 107 24 29 27 54 92 46 52 106 108 98 15 91 16 28 71 49 44 70 93 32 5 81 83 109 94 68 51 2 69 82 36 78 84 103 100 39 101 74 10 99 64 33 14 57 80 66 35 20 11 59 22 42 25 37 45 67 56 58 12 47 26 102 104 53 43 38 1 6 88 41 30 95 3 13 105 60 50 72 73 17 8 9 75 85 7 76 34 4 89 40 48 62 87 63 86 21 18 61 96 65 97 
0 19 31 77 90 23 79 55 107 24 29 27 54 92 46 17 8 9 75 85 7 35 20 11 59 22 42 78 45 44 70 93 32 5 81 83 109 94 68 51 2 69 82 36 37 84 103 100 39 101 74 10 99 64 33 14 57 80 66 52 106 108 98 15 91 16 28 71 49 67 56 58 12 89 4 34 76 73 72 50 53 43 38 1 6 88 41 21 48 40 47 26 25 102 104 60 105 13 3 95 30 86 63 87 62 18 61 96 97 65 
0 19 31 77 90 23 79 55 107 24 29 27 54 92 46 17 8 9 75 85 7 35 20 11 59 22 42 25 37 45 51 68 94 109 83 81 5 97 14 33 95 99 10 74 101 39 100 103 84 78 36 82 69 2 44 70 93 57 80 66 52 106 108 98 15 91 16 28 49 67 56 58 12 47 26 102 104 60 105 13 3 64 30 41 88 6 1 38 43 53 50 72 73 76 34 71 4 89 40 48 62 87 61 96 63 86 21 18 32 65 
0 19 31 77 90 23 79 55 107 29 27 54 92 46 17 8 9 75 6 88 41 30 95 3 13 105 60 104 102 26 47 12 58 56 67 49 71 28 16 91 15 98 108 106 52 66 80 57 14 33 64 99 10 74 101 39 83 103 84 78 36 82 69 2 51 68 94 109 100 81 5 32 93 70 44 45 37 25 42 22 59 11 20 35 7 85 1 38 43 53 50 72 73 76 34 4 89 40 48 62 24 87 63 86 21 18 61 96 97 65 
0 19 31 82 90 23 94 68 51 2 69 77 36 78 84 103 100 39 101 74 10 99 64 33 14 57 80 25 37 45 44 70 93 32 5 81 83 109 79 55 107 24 29 27 54 92 46 17 8 9 75 85 7 35 20 11 59 22 42 66 52 106 108 98 15 91 16 28 71 49 67 56 58 12 47 26 102 104 60 105 13 3 95 30 41 88 6 1 38 43 53 50 72 73 76 34 4 89 40 48 62 87 63 86 21 18 61 96 97 65 
0 19 31 77 90 23 79 55 107 47 29 27 54 92 46 17 8 9 75 85 7 35 20 11 59 22 42 25 37 45 44 70 93 32 5 81 83 109 94 68 51 2 69 82 36 78 84 103 100 39 101 74 10 99 64 33 14 57 80 66 52 106 108 98 15 91 16 28 71 49 67 56 58 12 24 26 102 104 60 105 13 3 95 18 21 86 63 87 62 48 40 89 4 34 76 73 72 50 53 43 38 1 6 88 41 30 61 96 97 65 
0 19 31 77 90 23 1 55 107 24 29 27 54 92 46 17 8 9 75 85 7 35 20 11 59 22 42 25 37 45 44 70 93 32 5 81 83 109 94 68 51 2 69 82 36 78 84 103 100 39 101 74 10 99 64 33 14 57 80 66 52 106 108 98 15 91 16 28 71 49 67 56 58 12 47 26 102 104 60 105 13 3 95 30 41 88 6 79 38 43 53 50 65 72 73 76 34 4 89 40 48 62 87 63 86 21 18 61 96 97 
0 19 31 77 90 23 79 55 107 24 29 27 54 92 46 17 8 9 75 85 7 35 20 11 59 22 42 25 37 45 44 70 93 32 5 81 83 109 94 68 51 101 69 82 4 89 40 48 62 41 88 6 1 38 43 53 47 26 102 104 60 105 13 3 95 96 61 87 30 63 86 21 18 97 65 16 28 71 49 67 56 58 12 50 72 73 76 74 2 39 100 103 84 78 36 64 34 10 99 33 14 57 80 66 52 106 108 98 15 91 
0 19 31 77 90 23 79 55 107 24 29 27 54 92 46 104 8 9 75 85 7 35 20 11 59 22 42 25 37 45 44 70 93 32 5 81 83 109 94 68 51 2 69 82 36 78 84 103 100 39 101 74 10 99 64 33 14 57 80 66 52 106 108 98 15 91 16 28 71 49 67 56 58 12 47 26 102 17 60 105 13 3 95 30 41 88 6 1 38 43 53 50 72 73 76 97 96 61 18 21 86 63 87 62 48 40 89 4 34 65 
0 19 31 77 90 23 79 55 107 24 29 27 54 16 46 17 8 9 75 85 7 35 20 11 59 22 42 25 37 45 44 70 93 47 5 81 83 109 94 68 51 2 69 82 36 78 84 103 100 39 101 74 10 99 64 33 14 57 80 66 52 106 108 98 15 92 91 28 71 49 67 56 58 12 32 26 102 104 60 105 13 3 95 30 41 88 6 1 38 43 53 50 72 73 76 34 4 89 40 48 62 87 63 86 21 18 61 96 97 65 
0 19 31 77 90 23 79 39 107 24 73 72 50 53 43 38 1 6 88 41 30 3 13 105 60 104 102 26 47 12 58 56 67 49 71 28 16 91 15 98 108 95 106 52 66 80 57 14 33 64 99 10 74 101 55 100 103 84 78 36 82 69 2 51 68 94 83 81 5 32 93 70 44 45 37 25 42 22 59 11 20 35 7 85 75 9 8 17 46 92 54 27 29 76 34 4 89 109 40 48 62 87 63 86 21 18 61 96 97 65 
0 19 31 77 90 23 79 55 107 24 29 27 54 92 46 17 8 9 75 85 7 35 47 26 102 6 60 105 13 41 44 67 56 58 12 20 11 59 22 42 25 37 3 95 30 45 88 104 1 38 43 53 50 72 64 33 14 57 80 66 52 106 108 98 15 91 16 28 71 49 70 93 32 5 81 83 109 94 68 51 2 69 82 36 78 84 103 100 39 101 74 10 99 73 76 34 4 89 40 48 62 87 63 86 21 18 61 96 97 65 
0 19 31 77 105 13 3 95 30 41 88 6 1 38 43 53 50 72 73 76 34 4 89 40 48 62 85 63 86 21 18 61 93 32 5 81 83 109 94 68 51 2 69 82 36 78 84 103 100 39 101 74 10 99 64 33 14 57 80 66 52 106 108 98 15 91 16 28 71 49 67 56 58 12 47 26 102 104 60 90 23 79 55 107 24 29 27 54 92 46 17 8 9 75 87 7 35 20 11 59 22 42 25 37 45 44 70 96 97 65 
0 19 31 77 90 23 79 14 107 24 29 27 54 92 46 17 8 9 75 85 7 35 20 11 59 56 42 25 37 45 44 70 93 32 5 81 83 109 94 68 51 2 69 82 36 78 84 103 100 39 101 74 10 99 64 33 55 57 80 66 52 106 108 98 15 91 16 28 71 49 67 22 58 12 47 26 102 104 60 105 13 3 95 30 41 88 6 1 38 43 53 50 72 73 76 34 4 89 40 48 62 87 61 96 63 86 21 18 97 65 
0 19 31 77 90 23 79 55 107 24 29 54 92 46 17 8 9 75 85 7 91 16 28 71 49 67 56 58 12 47 44 39 93 32 5 81 83 94 68 51 2 69 82 36 78 84 103 100 70 101 74 10 99 64 33 14 57 80 66 52 106 95 108 98 109 15 35 20 11 59 22 27 42 25 37 45 26 102 104 60 105 13 3 30 41 88 6 1 38 43 53 50 72 73 76 34 4 89 40 48 62 87 63 86 21 18 61 96 97 65 
0 19 31 77 23 79 55 107 24 29 27 54 92 84 103 100 39 101 74 10 99 64 33 14 57 80 66 52 106 108 98 15 91 16 28 71 49 67 56 58 12 47 26 36 78 46 17 8 9 75 85 7 35 50 11 59 22 42 25 37 45 44 70 93 32 5 81 83 109 94 68 51 2 69 82 102 104 60 105 13 3 95 30 41 88 6 1 38 43 90 53 20 72 73 76 34 4 89 40 48 62 87 63 86 21 18 61 96 97 65 
0 19 31 77 90 23 66 52 106 95 108 98 15 91 16 28 71 49 67 56 109 58 12 47 26 102 104 60 105 13 3 30 41 88 6 1 38 43 53 50 72 73 76 34 4 89 40 48 62 87 63 86 21 18 61 96 97 65 79 55 107 24 78 27 54 92 46 17 8 9 75 85 7 35 20 11 59 22 42 25 37 45 44 70 93 32 5 81 83 94 68 51 2 69 82 36 29 84 103 100 39 101 74 10 99 64 33 14 57 80 
0 19 31 77 90 23 79 50 107 24 29 27 94 51 2 69 82 89 4 34 76 73 72 55 53 43 38 1 6 88 41 30 95 3 13 105 60 104 102 26 47 12 58 56 67 49 71 28 16 91 15 98 108 106 52 66 70 44 45 37 25 42 22 59 11 20 35 7 85 75 9 8 17 46 92 68 54 109 83 81 5 32 93 80 57 14 33 64 99 10 74 101 39 100 103 84 78 36 40 48 62 87 63 86 21 18 61 96 97 65 
0 30 31 73 72 50 16 53 43 38 1 6 88 41 19 95 3 13 105 60 104 102 26 47 12 58 56 67 49 71 28 48 91 15 98 108 106 52 66 80 57 14 33 64 99 10 74 101 39 100 103 84 78 36 82 69 2 51 68 94 109 83 81 5 32 93 70 44 45 37 25 42 22 59 11 20 35 7 85 75 9 8 17 46 92 54 27 29 24 107 55 79 23 90 77 76 34 4 89 40 62 87 63 86 21 18 61 96 97 65 
0 10 31 77 90 23 79 55 107 24 29 27 54 92 46 17 8 9 75 85 7 35 20 11 59 22 42 25 37 45 44 70 93 32 5 3 95 30 41 88 6 1 87 61 96 63 86 21 18 97 4 89 40 48 62 38 43 53 50 72 73 76 108 98 15 91 16 28 71 49 67 56 58 12 47 26 102 104 60 105 13 81 83 109 94 68 51 2 69 82 36 78 84 103 100 39 101 74 19 99 64 33 14 57 80 66 52 106 34 65 
