0 19 31 77 90 23 79 55 107 24 29 27 54 92 46 17 8 9 75 85 7 35 20 11 59 22 42 25 70 37 45 44 93 5 32 81 83 94 68 51 2 69 82 36 78 84 103 100 39 101 74 99 10 64 33 14 57 80 66 52 106 108 98 15 91 16 12 28 71 49 67 56 58 47 26 102 104 60 105 13 3 95 30 41 88 6 1 38 43 53 50 72 73 76 34 4 89 109 40 48 62 87 61 96 63 86 21 18 97 65 
0 19 31 77 90 23 79 55 107 24 29 27 54 92 46 17 8 9 75 85 7 35 20 11 59 22 42 25 70 37 45 44 93 5 32 81 83 94 68 51 2 69 82 36 78 84 103 100 39 101 74 99 10 64 33 14 57 80 66 52 106 108 98 15 91 16 12 28 71 49 67 56 58 47 26 102 104 60 105 13 3 95 30 41 88 6 1 38 43 53 50 72 73 76 34 4 89 109 40 48 62 87 61 96 63 86 21 18 97 65 
0 19 31 77 90 23 79 55 107 24 29 27 54 92 46 17 8 9 75 85 7 35 20 11 59 22 42 25 70 37 45 44 93 5 32 81 83 94 68 51 2 69 82 36 78 84 103 100 39 101 74 99 10 64 33 14 57 80 66 52 106 108 98 15 91 16 12 28 71 49 67 56 58 47 26 102 104 60 105 13 3 95 30 41 88 6 1 38 43 53 50 72 73 76 34 4 89 109 40 48 62 87 61 96 63 86 21 18 97 65 
0 19 31 77 90 23 79 55 107 24 29 27 54 92 46 17 8 9 75 85 7 35 20 11 59 22 42 25 70 37 45 44 93 5 32 81 83 94 68 51 2 69 82 36 78 84 103 100 39 101 74 99 10 64 33 14 57 80 66 52 106 108 98 15 91 16 12 28 71 49 67 56 58 47 26 102 104 60 105 13 3 95 30 41 88 6 1 38 43 53 50 72 73 76 34 4 89 109 40 48 62 87 61 96 63 86 21 18 97 65 
0 19 31 77 90 23 79 55 107 24 29 27 54 92 46 17 8 9 75 85 7 35 20 11 59 22 42 25 70 37 45 44 93 5 32 81 83 94 68 51 2 69 82 36 78 84 103 100 39 101 74 99 10 64 33 14 57 80 66 52 106 108 98 15 91 16 12 28 71 49 67 56 58 47 26 102 104 60 105 13 3 95 30 41 88 6 1 38 43 53 50 72 73 76 34 4 89 109 40 48 62 87 61 96 63 86 21 18 97 65 
0 19 31 77 90 23 79 55 107 24 29 27 54 92 46 17 8 9 75 85 7 35 20 11 59 22 42 25 70 37 45 44 93 5 32 81 83 94 68 51 2 69 82 36 78 84 103 100 39 101 74 99 10 64 33 14 57 80 66 52 106 108 98 15 91 16 12 28 71 49 67 56 58 47 26 102 104 60 105 13 3 95 30 41 88 6 1 38 43 53 50 72 73 76 34 4 89 109 40 48 62 87 61 96 63 86 21 18 97 65 
0 19 31 77 90 23 79 55 107 24 29 27 54 92 46 17 8 9 75 85 7 35 20 11 59 22 42 25 70 37 45 44 93 5 32 81 83 94 68 51 2 69 82 36 78 84 103 100 39 101 74 99 10 64 33 14 57 80 66 52 106 108 98 15 91 16 12 28 71 49 67 56 58 47 26 102 104 60 105 13 3 95 30 41 88 6 1 38 43 53 50 72 73 76 34 4 89 109 40 48 62 87 61 96 63 86 21 18 97 65 
0 19 31 77 90 23 79 55 107 24 29 27 54 92 46 17 8 9 75 85 7 35 20 11 59 22 42 25 70 37 45 44 93 5 32 81 83 94 68 51 2 69 82 36 78 84 103 100 39 101 74 99 10 64 33 14 57 80 66 52 106 108 98 15 91 16 12 28 71 49 67 56 58 47 26 102 104 60 105 13 3 95 30 41 88 6 1 38 43 53 50 72 73 76 34 4 89 109 40 48 62 87 61 96 63 86 21 18 97 65 
0 19 31 77 90 23 79 55 107 24 29 27 54 92 46 17 8 9 75 85 7 35 20 11 59 22 42 25 70 37 45 44 93 5 32 81 83 94 68 51 2 69 82 36 78 84 103 100 39 101 74 99 10 64 33 14 57 80 66 52 106 108 98 15 91 16 12 28 71 49 67 56 58 47 26 102 104 60 105 13 3 95 30 41 88 6 1 38 43 53 50 72 73 76 34 4 89 109 40 48 62 87 61 96 63 86 21 18 97 65 
0 19 31 77 90 23 79 55 107 24 29 27 54 92 46 17 8 9 75 85 7 35 20 11 59 22 42 25 70 37 45 44 93 5 32 81 83 94 68 51 2 69 82 36 78 84 103 100 39 101 74 99 10 64 33 14 57 80 66 52 106 108 98 15 91 16 12 28 71 49 67 56 58 47 26 102 104 60 105 13 3 95 30 41 88 6 1 38 43 53 50 72 73 76 34 4 89 109 40 48 62 87 61 96 63 86 21 18 97 65 
0 19 31 77 90 23 79 55 107 24 29 27 54 92 46 17 8 9 75 85 7 35 20 11 59 22 42 25 70 37 45 44 93 5 32 81 83 94 68 51 2 69 82 36 78 84 103 100 39 101 74 99 10 64 33 14 57 80 66 52 106 108 98 15 91 16 12 28 71 49 67 56 58 47 26 102 104 60 105 13 3 95 30 41 88 6 1 38 43 53 50 72 73 76 34 4 89 109 40 48 62 87 61 96 63 86 21 18 97 65 
0 19 31 77 90 23 79 55 107 24 29 27 54 92 46 17 8 9 75 85 7 35 20 11 59 22 42 25 70 37 45 44 93 5 32 81 83 94 68 51 2 69 82 36 78 84 103 100 39 101 74 99 10 64 33 14 57 80 66 52 106 108 98 15 91 16 12 28 71 49 67 56 58 47 26 102 104 60 105 13 3 95 30 41 88 6 1 38 43 53 50 72 73 76 34 4 89 109 40 48 62 87 61 96 63 86 21 18 97 65 
0 19 31 77 90 23 79 55 107 24 29 27 54 92 46 17 8 9 75 85 7 35 20 11 59 22 42 25 70 37 45 44 93 5 32 81 83 94 68 51 2 69 82 36 78 84 103 100 39 101 74 99 10 64 33 14 57 80 66 52 106 108 98 15 91 16 12 28 71 49 67 56 58 47 26 102 104 60 105 13 3 95 30 41 88 6 1 38 43 53 50 72 73 76 34 4 89 109 40 48 62 87 61 96 63 86 21 18 97 65 
0 19 31 77 90 23 79 55 107 24 29 27 54 92 46 17 8 9 75 85 7 35 20 11 59 22 42 25 70 37 45 44 93 5 32 81 83 94 68 51 2 69 82 36 78 84 103 100 39 101 74 99 10 64 33 14 57 80 66 52 106 108 98 15 91 16 12 28 71 49 67 56 58 47 26 102 104 60 105 13 3 95 30 41 88 6 1 38 43 53 50 72 73 76 34 4 89 109 40 48 62 87 61 96 63 86 21 18 97 65 
0 19 31 77 90 23 79 55 107 24 29 27 54 92 46 17 8 9 75 85 7 35 20 11 59 22 42 25 70 37 45 44 93 5 32 81 83 94 68 51 2 69 82 36 78 84 103 100 39 101 74 99 10 64 33 14 57 80 66 52 106 108 98 15 91 16 12 28 71 49 67 56 58 47 26 102 104 60 105 13 3 95 30 41 88 6 1 38 43 53 50 72 73 76 34 4 89 109 40 48 62 87 61 96 63 86 21 18 97 65 
0 19 31 77 90 23 79 55 107 24 29 27 54 92 46 17 8 9 75 85 7 35 20 11 59 22 42 25 70 37 45 44 93 5 32 81 83 94 68 51 2 69 82 36 78 84 103 100 39 101 74 99 10 64 33 14 57 80 66 52 106 108 98 15 91 16 12 28 71 49 67 56 58 47 26 102 104 60 105 13 3 95 30 41 88 6 1 38 43 53 50 72 73 76 34 4 89 109 40 48 62 87 61 96 63 86 21 18 97 65 
0 19 31 77 90 23 79 55 107 24 29 27 54 92 46 17 8 9 75 85 7 35 20 11 59 22 42 25 70 37 45 44 93 5 32 81 83 94 68 51 2 69 82 36 78 84 103 100 39 101 74 99 10 64 33 14 57 80 66 52 106 108 98 15 91 16 12 28 71 49 67 56 58 47 26 102 104 60 105 13 3 95 30 41 88 6 1 38 43 53 50 72 73 76 34 4 89 109 40 48 62 87 61 96 63 86 21 18 97 65 
0 19 31 77 90 23 79 55 107 24 29 27 54 92 46 17 8 9 75 85 7 35 20 11 59 22 42 25 70 37 45 44 93 5 32 81 83 94 68 51 2 69 82 36 78 84 103 100 39 101 74 99 10 64 33 14 57 80 66 52 106 108 98 15 91 16 12 28 71 49 67 56 58 47 26 102 104 60 105 13 3 95 30 41 88 6 1 38 43 53 50 72 73 76 34 4 89 109 40 48 62 87 61 96 63 86 21 18 97 65 
0 19 31 77 90 23 79 55 107 24 29 27 54 92 46 17 8 9 75 85 7 35 20 11 59 22 42 25 70 37 45 44 93 5 32 81 83 94 68 51 2 69 82 36 78 84 103 100 39 101 74 99 10 64 33 14 57 80 66 52 106 108 98 15 91 16 12 28 71 49 67 56 58 47 26 102 104 60 105 13 3 95 30 41 88 6 1 38 43 53 50 72 73 76 34 4 89 109 40 48 62 87 61 96 63 86 21 18 97 65 
0 19 31 77 90 23 79 55 107 24 29 27 54 92 46 17 8 9 75 85 7 35 20 11 59 22 42 25 70 37 45 44 93 5 32 81 83 94 68 51 2 69 82 36 78 84 103 100 39 101 74 99 10 64 33 14 57 80 66 52 106 108 98 15 91 16 12 28 71 49 67 56 58 47 26 102 104 60 105 13 3 95 30 41 88 6 1 38 43 53 50 72 73 76 34 4 89 109 40 48 62 87 61 96 63 86 21 18 97 65 
0 19 31 77 90 23 79 55 107 24 29 27 54 92 46 17 8 9 75 85 7 35 20 11 59 22 42 25 70 37 45 44 93 5 32 81 83 94 68 51 2 69 82 36 78 84 103 100 39 101 74 99 10 64 33 14 57 80 66 52 106 108 98 15 91 16 12 28 71 49 67 56 58 47 26 102 104 60 105 13 3 95 30 41 88 6 1 38 43 53 50 72 73 76 34 4 89 109 40 48 62 87 61 96 63 86 21 18 97 65 
0 19 31 77 90 23 79 55 107 24 29 27 54 92 46 17 8 9 75 85 7 35 20 11 59 22 42 25 70 37 45 44 93 5 32 81 83 94 68 51 2 69 82 36 78 84 103 100 39 101 74 99 10 64 33 14 57 80 66 52 106 108 98 15 91 16 12 28 71 49 67 56 58 47 26 102 104 60 105 13 3 95 30 41 88 6 1 38 43 53 50 72 73 76 34 4 89 109 40 48 62 87 61 96 63 86 21 18 97 65 
0 19 31 77 90 23 79 55 107 24 29 27 54 92 46 17 8 9 75 85 7 35 20 11 59 22 42 25 70 37 45 44 93 5 32 81 83 94 68 51 2 69 82 36 78 84 103 100 39 101 74 99 10 64 33 14 57 80 66 52 106 108 98 15 91 16 12 28 71 49 67 56 58 47 26 102 104 60 105 13 3 95 30 41 88 6 1 38 43 53 50 72 73 76 34 4 89 109 40 48 62 87 61 96 63 86 21 18 97 65 
0 19 31 77 90 23 79 55 107 24 29 27 54 92 46 17 8 9 75 85 7 35 20 11 59 22 42 25 70 37 45 44 93 5 32 81 83 94 68 51 2 69 82 36 78 84 103 100 39 101 74 99 10 64 33 14 57 80 66 52 106 108 98 15 91 16 12 28 71 49 67 56 58 47 26 102 104 60 105 13 3 95 30 41 88 6 1 38 43 53 50 72 73 76 34 4 89 109 40 48 62 87 61 96 63 86 21 18 97 65 
0 19 31 77 90 23 79 55 107 24 29 27 54 92 46 17 8 9 75 85 7 35 20 11 59 22 42 25 70 37 45 44 93 5 32 81 83 94 68 51 2 69 82 36 78 84 103 100 39 101 74 99 10 64 33 14 57 80 66 52 106 108 98 15 91 16 12 28 71 49 67 56 58 47 26 102 104 60 105 13 3 95 30 41 88 6 1 38 43 53 50 72 73 76 34 4 89 109 40 48 62 87 61 96 63 86 21 18 97 65 
0 19 31 77 90 23 79 55 107 24 29 27 54 92 46 17 8 9 75 85 7 35 20 11 59 22 42 25 70 37 45 44 93 5 32 81 83 94 68 51 2 69 82 36 78 84 103 100 39 101 74 99 10 64 33 14 57 80 66 52 106 108 98 15 91 16 12 28 71 49 67 56 58 47 26 102 104 60 105 13 3 95 30 41 88 6 1 38 43 53 50 72 73 76 34 4 89 109 40 48 62 87 61 96 63 86 21 18 97 65 
0 19 31 77 90 23 79 55 107 24 29 27 54 92 46 17 8 9 75 85 7 35 20 11 59 22 42 25 70 37 45 44 93 5 32 81 83 94 68 51 2 69 82 36 78 84 103 100 39 101 74 99 10 64 33 14 57 80 66 52 106 108 98 15 91 16 12 28 71 49 67 56 58 47 26 102 104 60 105 13 3 95 30 41 88 6 1 38 43 53 50 72 73 76 34 4 89 109 40 48 62 87 61 96 63 86 21 18 97 65 
0 19 31 77 90 23 79 55 107 24 29 27 54 92 46 17 8 9 75 85 7 35 20 11 59 22 42 25 70 37 45 44 93 5 32 81 83 94 68 51 2 69 82 36 78 84 103 100 39 101 74 99 10 64 33 14 57 80 66 52 106 108 98 15 91 16 12 28 71 49 67 56 58 47 26 102 104 60 105 13 3 95 30 41 88 6 1 38 43 53 50 72 73 76 34 4 89 109 40 48 62 87 61 96 63 86 21 18 97 65 
0 19 31 77 90 23 79 55 107 24 29 27 54 92 46 17 8 9 75 85 7 35 20 11 59 22 42 25 70 37 45 44 93 5 32 81 83 94 68 51 2 69 82 36 78 84 103 100 39 101 74 99 10 64 33 14 57 80 66 52 106 108 98 15 91 16 12 28 71 49 67 56 58 47 26 102 104 60 105 13 3 95 30 41 88 6 1 38 43 53 50 72 73 76 34 4 89 109 40 48 62 87 61 96 63 86 21 18 97 65 
0 19 31 77 90 23 79 55 107 24 29 27 54 92 46 17 8 9 75 85 7 35 20 11 59 22 42 25 70 37 45 44 93 5 32 81 83 94 68 51 2 69 82 36 78 84 103 100 39 101 74 99 10 64 33 14 57 80 66 52 106 108 98 15 91 16 12 28 71 49 67 56 58 47 26 102 104 60 105 13 3 95 30 41 88 6 1 38 43 53 50 72 73 76 34 4 89 109 40 48 62 87 61 96 63 86 21 18 97 65 
0 19 31 77 90 23 79 55 107 24 29 27 54 92 46 17 8 9 75 85 7 35 20 11 59 22 42 25 70 37 45 44 93 5 32 81 83 94 68 51 2 69 82 36 78 84 103 100 39 101 74 99 10 64 33 14 57 80 66 52 106 108 98 15 91 16 12 28 71 49 67 56 58 47 26 102 104 60 105 13 3 95 30 41 88 6 1 38 43 53 50 72 73 76 34 4 89 109 40 48 62 87 61 96 63 86 21 18 97 65 
0 19 31 77 90 23 79 55 107 24 29 27 54 92 46 17 8 9 75 85 7 35 20 11 59 22 42 25 70 37 45 44 93 5 32 81 83 94 68 51 2 69 82 36 78 84 103 100 39 101 74 99 10 64 33 14 57 80 66 52 106 108 98 15 91 16 12 28 71 49 67 56 58 47 26 102 104 60 105 13 3 95 30 41 88 6 1 38 43 53 50 72 73 76 34 4 89 109 40 48 62 87 61 96 63 86 21 18 97 65 
0 19 31 77 90 23 79 55 107 24 29 27 54 92 46 17 8 9 75 85 7 35 20 11 59 22 42 25 70 37 45 44 93 5 32 81 83 94 68 51 2 69 82 36 78 84 103 100 39 101 74 99 10 64 33 14 57 80 66 52 106 108 98 15 91 16 12 28 71 49 67 56 58 47 26 102 104 60 105 13 3 95 30 41 88 6 1 38 43 53 50 72 73 76 34 4 89 109 40 48 62 87 61 96 63 86 21 18 97 65 
0 19 31 77 90 23 79 55 107 24 29 27 54 92 46 17 8 9 75 85 7 35 20 11 59 22 42 25 70 37 45 44 93 5 32 81 83 94 68 51 2 69 82 36 78 84 103 100 39 101 74 99 10 64 33 14 57 80 66 52 106 108 98 15 91 16 12 28 71 49 67 56 58 47 26 102 104 60 105 13 3 95 30 41 88 6 1 38 43 53 50 72 73 76 34 4 89 109 40 48 62 87 61 96 63 86 21 18 97 65 
0 19 31 77 90 23 79 55 107 24 29 27 54 92 46 17 8 9 75 85 7 35 20 11 59 22 42 25 70 37 45 44 93 5 32 81 83 94 68 51 2 69 82 36 78 84 103 100 39 101 74 99 10 64 33 14 57 80 66 52 106 108 98 15 91 16 12 28 71 49 67 56 58 47 26 102 104 60 105 13 3 95 30 41 88 6 1 38 43 53 50 72 73 76 34 4 89 109 40 48 62 87 61 96 63 86 21 18 97 65 
0 19 31 77 90 23 79 55 107 24 29 27 54 92 46 17 8 9 75 85 7 35 20 11 59 22 42 25 70 37 45 44 93 5 32 81 83 94 68 51 2 69 82 36 78 84 103 100 39 101 74 99 10 64 33 14 57 80 66 52 106 108 98 15 91 16 12 28 71 49 67 56 58 47 26 102 104 60 105 13 3 95 30 41 88 6 1 38 43 53 50 72 73 76 34 4 89 109 40 48 62 87 61 96 63 86 21 18 97 65 
0 19 31 77 90 23 79 55 107 24 29 27 54 92 46 17 8 9 75 85 7 35 20 11 59 22 42 25 70 37 45 44 93 5 32 81 83 94 68 51 2 69 82 36 78 84 103 100 39 101 74 99 10 64 33 14 57 80 66 52 106 108 98 15 91 16 12 28 71 49 67 56 58 47 26 102 104 60 105 13 3 95 30 41 88 6 1 38 43 53 50 72 73 76 34 4 89 109 40 48 62 87 61 96 63 86 21 18 97 65 
0 19 31 77 90 23 79 55 107 24 29 27 54 92 46 17 8 9 75 85 7 35 20 11 59 22 42 25 70 37 45 44 93 5 32 81 83 94 68 51 2 69 82 36 78 84 103 100 39 101 74 99 10 64 33 14 57 80 66 52 106 108 98 15 91 16 12 28 71 49 67 56 58 47 26 102 104 60 105 13 3 95 30 41 88 6 1 38 43 53 50 72 73 76 34 4 89 109 40 48 62 87 61 96 63 86 21 18 97 65 
0 19 31 77 90 23 79 55 107 24 29 27 54 92 46 17 8 9 75 85 7 35 20 11 59 22 42 25 70 37 45 44 93 5 32 81 83 94 68 51 2 69 82 36 78 84 103 100 39 101 74 99 10 64 33 14 57 80 66 52 106 108 98 15 91 16 12 28 71 49 67 56 58 47 26 102 104 60 105 13 3 95 30 41 88 6 1 38 43 53 50 72 73 76 34 4 89 109 40 48 62 87 61 96 63 86 21 18 97 65 
0 19 31 77 90 23 79 55 107 24 29 27 54 92 46 17 8 9 75 85 7 35 20 11 59 22 42 25 70 37 45 44 93 5 32 81 83 94 68 51 2 69 82 36 78 84 103 100 39 101 74 99 10 64 33 14 57 80 66 52 106 108 98 15 91 16 12 28 71 49 67 56 58 47 26 102 104 60 105 13 3 95 30 41 88 6 1 38 43 53 50 72 73 76 34 4 89 109 40 48 62 87 61 96 63 86 21 18 97 65 
0 19 31 77 90 23 79 55 107 24 29 27 54 92 46 17 8 9 75 85 7 35 20 11 59 22 42 25 70 37 45 44 93 5 32 81 83 94 68 51 2 69 82 36 78 84 103 100 39 101 74 99 10 64 33 14 57 80 66 52 106 108 98 15 91 16 12 28 71 49 67 56 58 47 26 102 104 60 105 13 3 95 30 41 88 6 1 38 43 53 50 72 73 76 34 4 89 109 40 48 62 87 61 96 63 86 21 18 97 65 
0 19 31 77 90 23 79 55 107 24 29 27 54 92 46 17 8 9 75 85 7 35 20 11 59 22 42 25 70 37 45 44 93 5 32 81 83 94 68 51 2 69 82 36 78 84 103 100 39 101 74 99 10 64 33 14 57 80 66 52 106 108 98 15 91 16 12 28 71 49 67 56 58 47 26 102 104 60 105 13 3 95 30 41 88 6 1 38 43 53 50 72 73 76 34 4 89 109 40 48 62 87 61 96 63 86 21 18 97 65 
0 19 31 77 90 23 79 55 107 24 29 27 54 92 46 17 8 9 75 85 7 35 20 11 59 22 42 25 70 37 45 44 93 5 32 81 83 94 68 51 2 69 82 36 78 84 103 100 39 101 74 99 10 64 33 14 57 80 66 52 106 108 98 15 91 16 12 28 71 49 67 56 58 47 26 102 104 60 105 13 3 95 30 41 88 6 1 38 43 53 50 72 73 76 34 4 89 109 40 48 62 87 61 96 63 86 21 18 97 65 
0 19 31 77 90 23 79 55 107 24 29 27 54 92 46 17 8 9 75 85 7 35 20 11 59 22 42 25 70 37 45 44 93 5 32 81 83 94 68 51 2 69 82 36 78 84 103 100 39 101 74 99 10 64 33 14 57 80 66 52 106 108 98 15 91 16 12 28 71 49 67 56 58 47 26 102 104 60 105 13 3 95 30 41 88 6 1 38 43 53 50 72 73 76 34 4 89 109 40 48 62 87 61 96 63 86 21 18 97 65 
0 19 31 77 90 23 79 55 107 24 29 27 54 92 46 17 8 9 75 85 7 35 20 11 59 22 42 25 70 37 45 44 93 5 32 81 83 94 68 51 2 69 82 36 78 84 103 100 39 101 74 99 10 64 33 14 57 80 66 52 106 108 98 15 91 16 12 28 71 49 67 56 58 47 26 102 104 60 105 13 3 95 30 41 88 6 1 38 43 53 50 72 73 76 34 4 89 109 40 48 62 87 61 96 63 86 21 18 97 65 
0 19 31 77 90 23 79 55 107 24 29 27 54 92 46 17 8 9 75 85 7 35 20 11 59 22 42 25 70 37 45 44 93 5 32 81 83 94 68 51 2 69 82 36 78 84 103 100 39 101 74 99 10 64 33 14 57 80 66 52 106 108 98 15 91 16 12 28 71 49 67 56 58 47 26 102 104 60 105 13 3 95 30 41 88 6 1 38 43 53 50 72 73 76 34 4 89 109 40 48 62 87 61 96 63 86 21 18 97 65 
0 19 31 77 90 23 79 55 107 24 29 27 54 92 46 17 8 9 75 85 7 35 20 11 59 22 42 25 70 37 45 44 93 5 32 81 83 94 68 51 2 69 82 36 78 84 103 100 39 101 74 99 10 64 33 14 57 80 66 52 106 108 98 15 91 16 12 28 71 49 67 56 58 47 26 102 104 60 105 13 3 95 30 41 88 6 1 38 43 53 50 72 73 76 34 4 89 109 40 48 62 87 61 96 63 86 21 18 97 65 
0 19 31 77 90 23 79 55 107 24 29 27 54 92 46 17 8 9 75 85 7 35 20 11 59 22 42 25 70 37 45 44 93 5 32 81 83 94 68 51 2 69 82 36 78 84 103 100 39 101 74 99 10 64 33 14 57 80 66 52 106 108 98 15 91 16 12 28 71 49 67 56 58 47 26 102 104 60 105 13 3 95 30 41 88 6 1 38 43 53 50 72 73 76 34 4 89 109 40 48 62 87 61 96 63 86 21 18 97 65 
0 19 31 77 90 23 79 55 107 24 29 27 54 92 46 17 8 9 75 85 7 35 20 11 59 22 42 25 70 37 45 44 93 5 32 81 83 94 68 51 2 69 82 36 78 84 103 100 39 101 74 99 10 64 33 14 57 80 66 52 106 108 98 15 91 16 12 28 71 49 67 56 58 47 26 102 104 60 105 13 3 95 30 41 88 6 1 38 43 53 50 72 73 76 34 4 89 109 40 48 62 87 61 96 63 86 21 18 97 65 
0 19 31 77 90 23 79 55 107 24 29 27 54 92 46 17 8 9 75 85 7 35 20 11 59 22 42 25 70 37 45 44 93 5 32 81 83 94 68 51 2 69 82 36 78 84 103 100 39 101 74 99 10 64 33 14 57 80 66 52 106 108 98 15 91 16 12 28 71 49 67 56 58 47 26 102 104 60 105 13 3 95 30 41 88 6 1 38 43 53 50 72 73 76 34 4 89 109 40 48 62 87 61 96 63 86 21 18 97 65 
0 19 31 77 90 23 79 55 107 24 29 27 54 92 46 17 8 9 75 85 7 35 20 11 59 22 42 25 70 37 45 44 93 5 32 81 83 94 68 51 2 69 82 36 78 84 103 100 39 101 74 99 10 64 33 14 57 80 66 52 106 108 98 15 91 16 12 28 71 49 67 56 58 47 26 102 104 60 105 13 3 95 30 41 88 6 1 38 43 53 50 72 73 76 34 4 89 109 40 48 62 87 61 96 63 86 21 18 97 65 
0 19 31 77 90 23 79 55 107 24 29 27 54 92 46 17 8 9 75 85 7 35 20 11 59 22 42 25 70 37 45 44 93 5 32 81 83 94 68 51 2 69 82 36 78 84 103 100 39 101 74 99 10 64 33 14 57 80 66 52 106 108 98 15 91 16 12 28 71 49 67 56 58 47 26 102 104 60 105 13 3 95 30 41 88 6 1 38 43 53 50 72 73 76 34 4 89 109 40 48 62 87 61 96 63 86 21 18 97 65 
0 19 31 77 90 23 79 55 107 24 29 27 54 92 46 17 8 9 75 85 7 35 20 11 59 22 42 25 70 37 45 44 93 5 32 81 83 94 68 51 2 69 82 36 78 84 103 100 39 101 74 99 10 64 33 14 57 80 66 52 106 108 98 15 91 16 12 28 71 49 67 56 58 47 26 102 104 60 105 13 3 95 30 41 88 6 1 38 43 53 50 72 73 76 34 4 89 109 40 48 62 87 61 96 63 86 21 18 97 65 
0 19 31 77 90 23 79 55 107 24 29 27 54 92 46 17 8 9 75 85 7 35 20 11 59 22 42 25 70 37 45 44 93 5 32 81 83 94 68 51 2 69 82 36 78 84 103 100 39 101 74 99 10 64 33 14 57 80 66 52 106 108 98 15 91 16 12 28 71 49 67 56 58 47 26 102 104 60 105 13 3 95 30 41 88 6 1 38 43 53 50 72 73 76 34 4 89 109 40 48 62 87 61 96 63 86 21 18 97 65 
0 19 31 77 90 23 79 55 107 24 29 27 54 92 46 17 8 9 75 85 7 35 20 11 59 22 42 25 70 37 45 44 93 5 32 81 83 94 68 51 2 69 82 36 78 84 103 100 39 101 74 99 10 64 33 14 57 80 66 52 106 108 98 15 91 16 12 28 71 49 67 56 58 47 26 102 104 60 105 13 3 95 30 41 88 6 1 38 43 53 50 72 73 76 34 4 89 109 40 48 62 87 61 96 63 86 21 18 97 65 
0 19 31 77 90 23 79 55 107 24 29 27 54 92 46 17 8 9 75 85 7 35 20 11 59 22 42 25 70 37 45 44 93 5 32 81 83 94 68 51 2 69 82 36 78 84 103 100 39 101 74 99 10 64 33 14 57 80 66 52 106 108 98 15 91 16 12 28 71 49 67 56 58 47 26 102 104 60 105 13 3 95 30 41 88 6 1 38 43 53 50 72 73 76 34 4 89 109 40 48 62 87 61 96 63 86 21 18 97 65 
0 19 31 77 90 23 79 55 107 24 29 27 54 92 46 17 8 9 75 85 7 35 20 11 59 22 42 25 70 37 45 44 93 5 32 81 83 94 68 51 2 69 82 36 78 84 103 100 39 101 74 99 10 64 33 14 57 80 66 52 106 108 98 15 91 16 12 28 71 49 67 56 58 47 26 102 104 60 105 13 3 95 30 41 88 6 1 38 43 53 50 72 73 76 34 4 89 109 40 48 62 87 61 96 63 86 21 18 97 65 
0 19 31 77 90 23 79 55 107 24 29 27 54 92 46 17 8 9 75 85 7 35 20 11 59 22 42 25 70 37 45 44 93 5 32 81 83 94 68 51 2 69 82 36 78 84 103 100 39 101 74 99 10 64 33 14 57 80 66 52 106 108 98 15 91 16 12 28 71 49 67 56 58 47 26 102 104 60 105 13 3 95 30 41 88 6 1 38 43 53 50 72 73 76 34 4 89 109 40 48 62 87 61 96 63 86 21 18 97 65 
0 19 31 77 90 23 79 55 107 24 29 27 54 92 46 17 8 9 75 85 7 35 20 11 59 22 42 25 70 37 45 44 93 5 32 81 83 94 68 51 2 69 82 36 78 84 103 100 39 101 74 99 10 64 33 14 57 80 66 52 106 108 98 15 91 16 12 28 71 49 67 56 58 47 26 102 104 60 105 13 3 95 30 41 88 6 1 38 43 53 50 72 73 76 34 4 89 109 40 48 62 87 61 96 63 86 21 18 97 65 
0 19 31 77 90 23 79 55 107 24 29 27 54 92 46 17 8 9 75 85 7 35 20 11 59 22 42 25 70 37 45 44 93 5 32 81 83 94 68 51 2 69 82 36 78 84 103 100 39 101 74 99 10 64 33 14 57 80 66 52 106 108 98 15 91 16 12 28 71 49 67 56 58 47 26 102 104 60 105 13 3 95 30 41 88 6 1 38 43 53 50 72 73 76 34 4 89 109 40 48 62 87 61 96 63 86 21 18 97 65 
0 19 31 77 90 23 79 55 107 24 29 27 54 92 46 17 8 9 75 85 7 35 20 11 59 22 42 25 70 37 45 44 93 5 32 81 83 94 68 51 2 69 82 36 78 84 103 100 39 101 74 99 10 64 33 14 57 80 66 52 106 108 98 15 91 16 12 28 71 49 67 56 58 47 26 102 104 60 105 13 3 95 30 41 88 6 1 38 43 53 50 72 73 76 34 4 89 109 40 48 62 87 61 96 63 86 21 18 97 65 
0 19 31 77 90 23 79 55 107 24 29 27 54 92 46 17 8 9 75 85 7 35 20 11 59 22 42 25 70 37 45 44 93 5 32 81 83 94 68 51 2 69 82 36 78 84 103 100 39 101 74 99 10 64 33 14 57 80 66 52 106 108 98 15 91 16 12 28 71 49 67 56 58 47 26 102 104 60 105 13 3 95 30 41 88 6 1 38 43 53 50 72 73 76 34 4 89 109 40 48 62 87 61 96 63 86 21 18 97 65 
0 19 31 77 90 23 79 55 107 24 29 27 54 92 46 17 8 9 75 85 7 35 20 11 59 22 42 25 70 37 45 44 93 5 32 81 83 94 68 51 2 69 82 36 78 84 103 100 39 101 74 99 10 64 33 14 57 80 66 52 106 108 98 15 91 16 12 28 71 49 67 56 58 47 26 102 104 60 105 13 3 95 30 41 88 6 1 38 43 53 50 72 73 76 34 4 89 109 40 48 62 87 61 96 63 86 21 18 97 65 
0 19 31 77 90 23 79 55 107 24 29 27 54 92 46 17 8 9 75 85 7 35 20 11 59 22 42 25 70 37 45 44 93 5 32 81 83 94 68 51 2 69 82 36 78 84 103 100 39 101 74 99 10 64 33 14 57 80 66 52 106 108 98 15 91 16 12 28 71 49 67 56 58 47 26 102 104 60 105 13 3 95 30 41 88 6 1 38 43 53 50 72 73 76 34 4 89 109 40 48 62 87 61 96 63 86 21 18 97 65 
0 19 31 77 90 23 79 55 107 24 29 27 54 92 46 17 8 9 75 85 7 35 20 11 59 22 42 25 70 37 45 44 93 5 32 81 83 94 68 51 2 69 82 36 78 84 103 100 39 101 74 99 10 64 33 14 57 80 66 52 106 108 98 15 91 16 12 28 71 49 67 56 58 47 26 102 104 60 105 13 3 95 30 41 88 6 1 38 43 53 50 72 73 76 34 4 89 109 40 48 62 87 61 96 63 86 21 18 97 65 
0 19 31 77 90 23 79 55 107 24 29 27 54 92 46 17 8 9 75 85 7 35 20 11 59 22 42 25 70 37 45 44 93 5 32 81 83 94 68 51 2 69 82 36 78 84 103 100 39 101 74 99 10 64 33 14 57 80 66 52 106 108 98 15 91 16 12 28 71 49 67 56 58 47 26 102 104 60 105 13 3 95 30 41 88 6 1 38 43 53 50 72 73 76 34 4 89 109 40 48 62 87 61 96 63 86 21 18 97 65 
0 19 31 77 90 23 79 55 107 24 29 27 54 92 46 17 8 9 75 85 7 35 20 11 59 22 42 25 70 37 45 44 93 5 32 81 83 94 68 51 2 69 82 36 78 84 103 100 39 101 74 99 10 64 33 14 57 80 66 52 106 108 98 15 91 16 12 28 71 49 67 56 58 47 26 102 104 60 105 13 3 95 30 41 88 6 1 38 43 53 50 72 73 76 34 4 89 109 40 48 62 87 61 96 63 86 21 18 97 65 
0 19 31 77 90 23 79 55 107 24 29 27 54 92 46 17 8 9 75 85 7 35 20 11 59 22 42 25 70 37 45 44 93 5 32 81 83 94 68 51 2 69 82 36 78 84 103 100 39 101 74 99 10 64 33 14 57 80 66 52 106 108 98 15 91 16 12 28 71 49 67 56 58 47 26 102 104 60 105 13 3 95 30 41 88 6 1 38 43 53 50 72 73 76 34 4 89 109 40 48 62 87 61 96 63 86 21 18 97 65 
0 19 31 77 90 23 79 55 107 24 29 27 54 92 46 17 8 9 75 85 7 35 20 11 59 22 42 25 70 37 45 44 93 5 32 81 83 94 68 51 2 69 82 36 78 84 103 100 39 101 74 99 10 64 33 14 57 80 66 52 106 108 98 15 91 16 12 28 71 49 67 56 58 47 26 102 104 60 105 13 3 95 30 41 88 6 1 38 43 53 50 72 73 76 34 4 89 109 40 48 62 87 61 96 63 86 21 18 97 65 
0 19 31 77 90 23 79 55 107 24 29 27 54 92 46 17 8 9 75 85 7 35 20 11 59 22 42 25 70 37 45 44 93 5 32 81 83 94 68 51 2 69 82 36 78 84 103 100 39 101 74 99 10 64 33 14 57 80 66 52 106 108 98 15 91 16 12 28 71 49 67 56 58 47 26 102 104 60 105 13 3 95 30 41 88 6 1 38 43 53 50 72 73 76 34 4 89 109 40 48 62 87 61 96 63 86 21 18 97 65 
0 19 31 77 90 23 79 55 107 24 29 27 54 92 46 17 8 9 75 85 7 35 20 11 59 22 42 25 70 37 45 44 93 5 32 81 83 94 68 51 2 69 82 36 78 84 103 100 39 101 74 99 10 64 33 14 57 80 66 52 106 108 98 15 91 16 12 28 71 49 67 56 58 47 26 102 104 60 105 13 3 95 30 41 88 6 1 38 43 53 50 72 73 76 34 4 89 109 40 48 62 87 61 96 63 86 21 18 97 65 
0 19 31 77 90 23 79 55 107 24 29 27 54 92 46 17 8 9 75 85 7 35 20 11 59 22 42 25 70 37 45 44 93 5 32 81 83 94 68 51 2 69 82 36 78 84 103 100 39 101 74 99 10 64 33 14 57 80 66 52 106 108 98 15 91 16 12 28 71 49 67 56 58 47 26 102 104 60 105 13 3 95 30 41 88 6 1 38 43 53 50 72 73 76 34 4 89 109 40 48 62 87 61 96 63 86 21 18 97 65 
0 19 31 77 90 23 79 55 107 24 29 27 54 92 46 17 8 9 75 85 7 35 20 11 59 22 42 25 70 37 45 44 93 5 32 81 83 94 68 51 2 69 82 36 78 84 103 100 39 101 74 99 10 64 33 14 57 80 66 52 106 108 98 15 91 16 12 28 71 49 67 56 58 47 26 102 104 60 105 13 3 95 30 41 88 6 1 38 43 53 50 72 73 76 34 4 89 109 40 48 62 87 61 96 63 86 21 18 97 65 
0 19 31 77 90 23 79 55 107 24 29 27 54 92 46 17 8 9 75 85 7 35 20 11 59 22 42 25 70 37 45 44 93 5 32 81 83 94 68 51 2 69 82 36 78 84 103 100 39 101 74 99 10 64 33 14 57 80 66 52 106 108 98 15 91 16 12 28 71 49 67 56 58 47 26 102 104 60 105 13 3 95 30 41 88 6 1 38 43 53 50 72 73 76 34 4 89 109 40 48 62 87 61 96 63 86 21 18 97 65 
0 19 31 77 90 23 79 55 107 24 29 27 54 92 46 17 8 9 75 85 7 35 20 11 59 22 42 25 70 37 45 44 93 5 32 81 83 94 68 51 2 69 82 36 78 84 103 100 39 101 74 99 10 64 33 14 57 80 66 52 106 108 98 15 91 16 12 28 71 49 67 56 58 47 26 102 104 60 105 13 3 95 30 41 88 6 1 38 43 53 50 72 73 76 34 4 89 109 40 48 62 87 61 96 63 86 21 18 97 65 
0 19 31 77 90 23 79 55 107 24 29 27 54 92 46 17 8 9 75 85 7 35 20 11 59 22 42 25 70 37 45 44 93 5 32 81 83 94 68 51 2 69 82 36 78 84 103 100 39 101 74 99 10 64 33 14 57 80 66 52 106 108 98 15 91 16 12 28 71 49 67 56 58 47 26 102 104 60 105 13 3 95 30 41 88 6 1 38 43 53 50 72 73 76 34 4 89 109 40 48 62 87 61 96 63 86 21 18 97 65 
0 19 31 77 90 23 79 55 107 24 29 27 54 92 46 17 8 9 75 85 7 35 20 11 59 22 42 25 70 37 45 44 93 5 32 81 83 94 68 51 2 69 82 36 78 84 103 100 39 101 74 99 10 64 33 14 57 80 66 52 106 108 98 15 91 16 12 28 71 49 67 56 58 47 26 102 104 60 105 13 3 95 30 41 88 6 1 38 43 53 50 72 73 76 34 4 89 109 40 48 62 87 61 96 63 86 21 18 97 65 
0 19 31 77 90 23 79 55 107 24 29 27 54 92 46 17 8 9 75 85 7 35 20 11 59 22 42 25 70 37 45 44 93 5 32 81 83 94 68 51 2 69 82 36 78 84 103 100 39 101 74 99 10 64 33 14 57 80 66 52 106 108 98 15 91 16 12 28 71 49 67 56 58 47 26 102 104 60 105 13 3 95 30 41 88 6 1 38 43 53 50 72 73 76 34 4 89 109 40 48 62 87 61 96 63 86 21 18 97 65 
0 19 31 77 90 23 79 55 107 24 29 27 54 92 46 17 8 9 75 85 7 35 20 11 59 22 42 25 70 37 45 44 93 5 32 81 83 94 68 51 2 69 82 36 78 84 103 100 39 101 74 99 10 64 33 14 57 80 66 52 106 108 98 15 91 16 12 28 71 49 67 56 58 47 26 102 104 60 105 13 3 95 30 41 88 6 1 38 43 53 50 72 73 76 34 4 89 109 40 48 62 87 61 96 63 86 21 18 97 65 
0 19 31 77 90 23 79 55 107 24 29 27 54 92 46 17 8 9 75 85 7 35 20 11 59 22 42 25 70 37 45 44 93 5 32 81 83 94 68 51 2 69 82 36 78 84 103 100 39 101 74 99 10 64 33 14 57 80 66 52 106 108 98 15 91 16 12 28 71 49 67 56 58 47 26 102 104 60 105 13 3 95 30 41 88 6 1 38 43 53 50 72 73 76 34 4 89 109 40 48 62 87 61 96 63 86 21 18 97 65 
0 19 31 77 90 23 79 55 107 24 29 27 54 92 46 17 8 9 75 85 7 35 20 11 59 22 42 25 70 37 45 44 93 5 32 81 83 94 68 51 2 69 82 36 78 84 103 100 39 101 74 99 10 64 33 14 57 80 66 52 106 108 98 15 91 16 12 28 71 49 67 56 58 47 26 102 104 60 105 13 3 95 30 41 88 6 1 38 43 53 50 72 73 76 34 4 89 109 40 48 62 87 61 96 63 86 21 18 97 65 
0 19 31 77 90 23 79 55 107 24 29 27 54 92 46 17 8 9 75 85 7 35 20 11 59 22 42 25 70 37 45 44 93 5 32 81 83 94 68 51 2 69 82 36 78 84 103 100 39 101 74 99 10 64 33 14 57 80 66 52 106 108 98 15 91 16 12 28 71 49 67 56 58 47 26 102 104 60 105 13 3 95 30 41 88 6 1 38 43 53 50 72 73 76 34 4 89 109 40 48 62 87 61 96 63 86 21 18 97 65 
0 19 31 77 90 23 79 55 107 24 29 27 54 92 46 17 8 9 75 85 7 35 20 11 59 22 42 25 70 37 45 44 93 5 32 81 83 94 68 51 2 69 82 36 78 84 103 100 39 101 74 99 10 64 33 14 57 80 66 52 106 108 98 15 91 16 12 28 71 49 67 56 58 47 26 102 104 60 105 13 3 95 30 41 88 6 1 38 43 53 50 72 73 76 34 4 89 109 40 48 62 87 61 96 63 86 21 18 97 65 
0 19 31 77 90 23 79 55 107 24 29 27 54 92 46 17 8 9 75 85 7 35 20 11 59 22 42 25 70 37 45 44 93 5 32 81 83 94 68 51 2 69 82 36 78 84 103 100 39 101 74 99 10 64 33 14 57 80 66 52 106 108 98 15 91 16 12 28 71 49 67 56 58 47 26 102 104 60 105 13 3 95 30 41 88 6 1 38 43 53 50 72 73 76 34 4 89 109 40 48 62 87 61 96 63 86 21 18 97 65 
0 19 31 77 90 23 79 55 107 24 29 27 54 92 46 17 8 9 75 85 7 35 20 11 59 22 42 25 70 37 45 44 93 5 32 81 83 94 68 51 2 69 82 36 78 84 103 100 39 101 74 99 10 64 33 14 57 80 66 52 106 108 98 15 91 16 12 28 71 49 67 56 58 47 26 102 104 60 105 13 3 95 30 41 88 6 1 38 43 53 50 72 73 76 34 4 89 109 40 48 62 87 61 96 63 86 21 18 97 65 
0 19 31 77 90 23 79 55 107 24 29 27 54 92 46 17 8 9 75 85 7 35 20 11 59 22 42 25 70 37 45 44 93 5 32 81 83 94 68 51 2 69 82 36 78 84 103 100 39 101 74 99 10 64 33 14 57 80 66 52 106 108 98 15 91 16 12 28 71 49 67 56 58 47 26 102 104 60 105 13 3 95 30 41 88 6 1 38 43 53 50 72 73 76 34 4 89 109 40 48 62 87 61 96 63 86 21 18 97 65 
0 19 31 77 90 23 79 55 107 24 29 27 54 92 46 17 8 9 75 85 7 35 20 11 59 22 42 25 70 37 45 44 93 5 32 81 83 94 68 51 2 69 82 36 78 84 103 100 39 101 74 99 10 64 33 14 57 80 66 52 106 108 98 15 91 16 12 28 71 49 67 56 58 47 26 102 104 60 105 13 3 95 30 41 88 6 1 38 43 53 50 72 73 76 34 4 89 109 40 48 62 87 61 96 63 86 21 18 97 65 
0 19 31 77 90 23 79 55 107 24 29 27 54 92 46 17 8 9 75 85 7 35 20 11 59 22 42 25 70 37 45 44 93 5 32 81 83 94 68 51 2 69 82 36 78 84 103 100 39 101 74 99 10 64 33 14 57 80 66 52 106 108 98 15 91 16 12 28 71 49 67 56 58 47 26 102 104 60 105 13 3 95 30 41 88 6 1 38 43 53 50 72 73 76 34 4 89 109 40 48 62 87 61 96 63 86 21 18 97 65 
0 19 31 77 90 23 79 55 107 24 29 27 54 92 46 17 8 9 75 85 7 35 20 11 59 22 42 25 70 37 45 44 93 5 32 81 83 94 68 51 2 69 82 36 78 84 103 100 39 101 74 99 10 64 33 14 57 80 66 52 106 108 98 15 91 16 12 28 71 49 67 56 58 47 26 102 104 60 105 13 3 95 30 41 88 6 1 38 43 53 50 72 73 76 34 4 89 109 40 48 62 87 61 96 63 86 21 18 97 65 
0 19 31 77 90 23 79 55 107 24 29 27 54 92 46 17 8 9 75 85 7 35 20 11 59 22 42 25 70 37 45 44 93 5 32 81 83 94 68 51 2 69 82 36 78 84 103 100 39 101 74 99 10 64 33 14 57 80 66 52 106 108 98 15 91 16 12 28 71 49 67 56 58 47 26 102 104 60 105 13 3 95 30 41 88 6 1 38 43 53 50 72 73 76 34 4 89 109 40 48 62 87 61 96 63 86 21 18 97 65 
0 19 31 77 90 23 79 55 107 24 29 27 54 92 46 17 8 9 75 85 7 35 20 11 59 22 42 25 70 37 45 44 93 5 32 81 83 94 68 51 2 69 82 36 78 84 103 100 39 101 74 99 10 64 33 14 57 80 66 52 106 108 98 15 91 16 12 28 71 49 67 56 58 47 26 102 104 60 105 13 3 95 30 41 88 6 1 38 43 53 50 72 73 76 34 4 89 109 40 48 62 87 61 96 63 86 21 18 97 65 
0 19 31 77 90 23 79 55 107 24 29 27 54 92 46 17 8 9 75 85 7 35 20 11 59 22 42 25 70 37 45 44 93 5 32 81 83 94 68 51 2 69 82 36 78 84 103 100 39 101 74 99 10 64 33 14 57 80 66 52 106 108 98 15 91 16 12 28 71 49 67 56 58 47 26 102 104 60 105 13 3 95 30 41 88 6 1 38 43 53 50 72 73 76 34 4 89 109 40 48 62 87 61 96 63 86 21 18 97 65 
0 19 31 77 90 23 79 55 107 24 29 27 54 92 46 17 8 9 75 85 7 35 20 11 59 22 42 25 70 37 45 44 93 5 32 81 83 94 68 51 2 69 82 36 78 84 103 100 39 101 74 99 10 64 33 14 57 80 66 52 106 108 98 15 91 16 12 28 71 49 67 56 58 47 26 102 104 60 105 13 3 95 30 41 88 6 1 38 43 53 50 72 73 76 34 4 89 109 40 48 62 87 61 96 63 86 21 18 97 65 
0 19 31 77 90 23 79 55 107 24 29 27 54 92 46 17 8 9 75 85 7 35 20 11 59 22 42 25 70 37 45 44 93 5 32 81 83 94 68 51 2 69 82 36 78 84 103 100 39 101 74 99 10 64 33 14 57 80 66 52 106 108 98 15 91 16 12 28 71 49 67 56 58 47 26 102 104 60 105 13 3 95 30 41 88 6 1 38 43 53 50 72 73 76 34 4 89 109 40 48 62 87 61 96 63 86 21 18 97 65 
0 19 31 77 90 23 79 55 107 24 29 27 54 92 46 17 8 9 75 85 7 35 20 11 59 22 42 25 70 37 45 44 93 5 32 81 83 94 68 51 2 69 82 36 78 84 103 100 39 101 74 99 10 64 33 14 57 80 66 52 106 108 98 15 91 16 12 28 71 49 67 56 58 47 26 102 104 60 105 13 3 95 30 41 88 6 1 38 43 53 50 72 73 76 34 4 89 109 40 48 62 87 61 96 63 86 21 18 97 65 
0 19 31 77 90 23 79 55 107 24 29 27 54 92 46 17 8 9 75 85 7 35 20 11 59 22 42 25 70 37 45 44 93 5 32 81 83 94 68 51 2 69 82 36 78 84 103 100 39 101 74 99 10 64 33 14 57 80 66 52 106 108 98 15 91 16 12 28 71 49 67 56 58 47 26 102 104 60 105 13 3 95 30 41 88 6 1 38 43 53 50 72 73 76 34 4 89 109 40 48 62 87 61 96 63 86 21 18 97 65 
0 19 31 77 90 23 79 55 107 24 29 27 54 92 46 17 8 9 75 85 7 35 20 11 59 22 42 25 70 37 45 44 93 5 32 81 83 94 68 51 2 69 82 36 78 84 103 100 39 101 74 99 10 64 33 14 57 80 66 52 106 108 98 15 91 16 12 28 71 49 67 56 58 47 26 102 104 60 105 13 3 95 30 41 88 6 1 38 43 53 50 72 73 76 34 4 89 109 40 48 62 87 61 96 63 86 21 18 97 65 
0 19 31 77 90 23 79 55 107 24 29 27 54 92 46 17 8 9 75 85 7 35 20 11 59 22 42 25 70 37 45 44 93 5 32 81 83 94 68 51 2 69 82 36 78 84 103 100 39 101 74 99 10 64 33 14 57 80 66 52 106 108 98 15 91 16 12 28 71 49 67 56 58 47 26 102 104 60 105 13 3 95 30 41 88 6 1 38 43 53 50 72 73 76 34 4 89 109 40 48 62 87 61 96 63 86 21 18 97 65 
0 19 31 77 90 23 79 55 107 24 29 27 54 92 46 17 8 9 75 85 7 35 20 11 59 22 42 25 70 37 45 44 93 5 32 81 83 94 68 51 2 69 82 36 78 84 103 100 39 101 74 99 10 64 33 14 57 80 66 52 106 108 98 15 91 16 12 28 71 49 67 56 58 47 26 102 104 60 105 13 3 95 30 41 88 6 1 38 43 53 50 72 73 76 34 4 89 109 40 48 62 87 61 96 63 86 21 18 97 65 
0 19 31 77 90 23 79 55 107 24 29 27 54 92 46 17 8 9 75 85 7 35 20 11 59 22 42 25 70 37 45 44 93 5 32 81 83 94 68 51 2 69 82 36 78 84 103 100 39 101 74 99 10 64 33 14 57 80 66 52 106 108 98 15 91 16 12 28 71 49 67 56 58 47 26 102 104 60 105 13 3 95 30 41 88 6 1 38 43 53 50 72 73 76 34 4 89 109 40 48 62 87 61 96 63 86 21 18 97 65 
0 19 31 77 90 23 79 55 107 24 29 27 54 92 46 17 8 9 75 85 7 35 20 11 59 22 42 25 70 37 45 44 93 5 32 81 83 94 68 51 2 69 82 36 78 84 103 100 39 101 74 99 10 64 33 14 57 80 66 52 106 108 98 15 91 16 12 28 71 49 67 56 58 47 26 102 104 60 105 13 3 95 30 41 88 6 1 38 43 53 50 72 73 76 34 4 89 109 40 48 62 87 61 96 63 86 21 18 97 65 
0 19 31 77 90 23 79 55 107 24 29 27 54 92 46 17 8 9 75 85 7 35 20 11 59 22 42 70 25 37 45 44 93 5 32 81 83 94 68 51 2 69 82 36 78 84 103 100 39 101 74 99 10 64 33 14 57 80 66 52 106 108 98 15 91 16 12 28 71 49 67 56 58 47 26 102 104 60 105 13 3 95 30 41 88 6 1 38 43 53 50 72 73 76 34 4 89 109 40 48 62 87 61 96 63 86 21 18 97 65 
0 19 31 77 90 23 79 55 107 24 29 27 54 92 46 17 8 9 75 85 7 35 20 11 59 22 42 25 70 37 45 44 93 5 32 81 83 94 68 51 2 69 82 36 78 84 103 100 39 101 99 74 10 64 33 14 57 80 66 52 106 108 98 15 91 16 12 28 71 49 67 56 58 47 26 102 104 60 105 13 3 95 30 41 88 6 1 38 43 53 50 72 73 76 34 4 89 109 40 48 62 87 61 96 63 86 21 18 97 65 
0 19 31 77 90 23 79 55 107 24 29 27 54 92 46 17 8 9 75 85 7 35 20 11 59 22 42 25 70 37 45 44 93 5 32 81 83 94 68 51 2 69 82 36 78 84 103 100 39 101 74 99 10 64 33 14 57 80 66 52 106 108 98 15 91 16 12 28 71 49 67 58 47 56 26 102 104 60 105 13 3 95 30 41 88 6 1 38 43 53 50 72 73 76 34 4 89 109 40 48 62 87 61 96 63 86 21 18 97 65 
0 19 31 77 90 23 79 55 107 24 29 27 54 92 46 17 8 9 75 85 7 35 20 11 59 22 42 25 70 37 45 44 93 5 32 81 83 94 68 51 2 69 82 36 78 84 103 100 39 101 74 99 10 64 33 14 57 80 66 52 106 108 98 15 91 16 12 28 71 58 56 67 49 47 26 102 104 60 105 13 3 95 30 41 88 6 1 38 43 53 50 72 73 76 34 4 89 109 40 48 62 87 61 96 63 86 21 18 97 65 
0 19 31 77 90 23 79 55 107 24 29 27 54 92 46 17 8 9 75 85 7 35 20 11 59 22 42 25 70 37 45 44 93 5 32 81 83 94 68 51 2 69 82 36 78 84 103 100 39 101 74 99 10 64 33 14 57 80 66 52 106 108 98 15 91 16 12 28 71 58 56 67 49 47 26 102 104 60 105 13 3 95 30 41 88 6 1 38 43 53 50 72 73 76 34 4 89 109 40 48 62 87 61 96 63 86 21 18 97 65 
0 19 31 77 90 23 79 55 107 24 29 27 54 92 46 17 8 9 75 85 7 35 20 11 59 22 42 25 70 37 45 44 93 5 32 81 83 94 68 51 2 69 82 36 78 84 103 100 39 101 74 99 10 64 33 14 57 80 66 52 106 108 98 15 91 16 12 28 71 49 67 56 58 47 26 102 104 60 105 13 3 95 30 41 88 6 1 38 43 53 73 72 50 76 34 4 89 109 40 48 62 87 61 96 63 86 21 18 97 65 
0 19 31 77 90 23 79 55 107 24 29 27 54 92 46 17 8 9 75 85 7 35 20 11 59 22 42 25 70 37 45 44 93 5 32 81 83 94 68 51 2 69 82 36 78 84 103 100 39 101 74 99 10 64 33 14 57 80 66 52 106 108 98 15 91 16 12 28 71 49 67 56 58 47 26 102 104 60 105 13 3 30 41 88 95 6 1 38 43 53 50 72 73 76 34 4 89 109 40 48 62 87 61 96 63 86 21 18 97 65 
0 19 31 77 90 23 79 55 107 24 29 27 54 92 46 17 8 9 75 85 7 35 20 11 59 22 42 25 70 37 45 44 93 5 32 81 83 94 68 51 2 69 82 36 78 84 103 100 39 101 74 99 10 64 33 14 57 80 66 52 106 108 98 15 91 16 12 28 71 49 67 56 58 47 26 102 104 60 105 13 3 30 41 88 95 6 1 38 43 53 50 72 73 76 34 4 89 109 40 48 62 87 61 96 63 86 21 18 97 65 
0 19 31 77 90 23 79 55 107 24 29 27 54 92 46 17 8 9 75 85 7 35 20 11 59 22 42 25 70 37 45 44 93 5 32 81 83 94 68 51 2 69 82 36 78 84 103 100 39 101 74 99 10 64 33 14 57 80 66 52 98 108 106 15 91 16 12 28 71 49 67 56 58 47 26 102 104 60 105 13 3 95 30 41 88 6 1 38 43 53 50 72 73 76 34 4 89 109 40 48 62 87 61 96 63 86 21 18 97 65 
0 19 31 77 90 23 79 55 107 24 29 27 54 92 46 17 8 9 75 85 7 35 20 11 59 22 42 25 70 37 45 44 93 5 32 81 83 94 68 51 2 69 82 36 78 84 103 100 39 101 74 99 10 64 33 14 57 80 66 52 106 108 98 15 91 16 12 28 71 49 67 56 58 47 26 102 104 60 105 13 3 95 30 41 88 6 1 38 43 53 76 73 72 50 34 4 89 109 40 48 62 87 61 96 63 86 21 18 97 65 
0 19 31 77 90 23 79 55 107 24 29 27 54 92 46 17 8 9 75 85 7 35 20 11 59 22 42 25 70 37 45 44 93 5 32 81 83 94 68 51 2 69 82 36 78 84 103 100 39 101 74 99 10 64 33 14 57 80 66 52 106 108 98 15 91 16 12 28 71 49 67 56 58 47 26 102 104 60 105 13 3 95 30 41 88 6 1 38 43 53 50 72 73 76 89 4 34 109 40 48 62 87 61 96 63 86 21 18 97 65 
0 19 31 77 90 23 79 55 107 24 29 27 54 92 46 17 8 9 75 85 7 35 20 11 59 22 42 25 70 37 45 44 93 5 32 81 83 94 68 51 2 69 82 36 78 84 103 100 39 101 74 99 10 64 33 14 57 80 66 52 106 108 98 15 91 16 12 28 71 67 56 58 47 26 102 104 60 105 13 3 95 30 41 88 6 1 38 43 49 53 50 72 73 76 34 4 89 109 40 48 62 87 61 96 63 86 21 18 97 65 
0 19 31 77 90 23 79 55 107 24 29 27 54 92 46 17 8 9 75 85 7 35 20 11 59 22 42 25 70 37 45 44 93 5 32 81 83 94 68 51 2 69 82 36 78 84 103 100 39 101 74 99 10 64 33 14 57 80 66 52 106 108 98 15 91 16 12 28 71 49 67 56 58 47 26 102 104 60 105 13 3 95 30 41 88 6 1 38 43 53 50 73 76 34 4 72 89 109 40 48 62 87 61 96 63 86 21 18 97 65 
0 19 31 77 90 23 79 55 107 24 29 27 54 92 46 17 8 9 75 85 7 35 20 11 59 22 42 25 70 37 45 44 93 5 32 81 83 94 68 51 2 69 82 36 78 84 103 100 39 101 74 99 10 64 33 14 57 80 66 52 106 108 98 15 91 12 28 71 49 67 56 16 58 47 26 102 104 60 105 13 3 95 30 41 88 6 1 38 43 53 50 72 73 76 34 4 89 109 40 48 62 87 61 96 63 86 21 18 97 65 
0 19 31 77 90 23 79 55 107 24 29 27 54 92 46 17 8 9 75 85 7 35 20 11 59 22 42 25 70 37 45 44 93 5 32 81 83 94 68 51 2 69 82 36 78 84 103 100 39 101 74 99 10 33 14 57 80 66 52 106 108 98 64 15 91 16 12 28 71 49 67 56 58 47 26 102 104 60 105 13 3 95 30 41 88 6 1 38 43 53 50 72 73 76 34 4 89 109 40 48 62 87 61 96 63 86 21 18 97 65 
0 19 31 77 90 23 79 55 107 24 29 27 54 92 46 17 8 9 75 85 7 35 20 11 59 22 42 25 70 37 45 44 93 5 32 81 83 94 68 51 2 69 82 36 78 84 103 100 39 101 74 99 10 64 33 14 57 66 52 106 108 98 15 91 16 12 28 71 49 67 56 58 47 26 102 104 60 105 13 3 95 30 41 88 6 1 38 80 43 53 50 72 73 76 34 4 89 109 40 48 62 87 61 96 63 86 21 18 97 65 
0 19 31 77 90 23 79 55 107 24 29 27 54 92 46 17 8 9 75 85 7 35 20 11 59 22 42 25 70 37 45 44 93 5 32 81 94 68 51 83 2 69 82 36 78 84 103 100 39 101 74 99 10 64 33 14 57 80 66 52 106 108 98 15 91 16 12 28 71 49 67 56 58 47 26 102 104 60 105 13 3 95 30 41 88 6 1 38 43 53 50 72 73 76 34 4 89 109 40 48 62 87 61 96 63 86 21 18 97 65 
0 19 31 77 90 23 79 55 107 24 29 27 54 92 46 17 8 9 75 85 7 35 20 11 59 22 42 25 70 37 45 44 93 5 32 81 83 94 68 51 2 69 82 36 78 84 103 100 39 101 74 99 10 64 33 14 57 80 66 52 106 108 98 15 91 16 12 28 71 49 67 56 47 26 102 104 60 105 13 3 95 30 41 88 6 1 38 58 43 53 50 72 73 76 34 4 89 109 40 48 62 87 61 96 63 86 21 18 97 65 
0 19 31 77 90 23 79 55 107 24 29 27 54 92 46 17 8 9 75 85 7 35 20 11 59 22 42 25 70 37 45 44 93 5 32 81 83 94 68 51 2 69 82 36 78 84 103 100 39 101 74 99 10 64 33 14 57 80 66 52 106 108 98 15 91 16 12 28 71 49 56 58 47 26 102 104 60 105 13 3 95 67 30 41 88 6 1 38 43 53 50 72 73 76 34 4 89 109 40 48 62 87 61 96 63 86 21 18 97 65 
0 19 31 77 90 23 79 55 107 24 29 27 54 92 46 17 8 9 75 85 7 35 20 11 59 22 42 25 70 37 45 44 93 5 32 81 83 94 68 51 2 69 82 57 14 33 64 10 99 74 101 39 100 103 84 78 36 80 66 52 106 108 98 15 91 16 12 28 71 49 67 56 58 47 26 102 104 60 105 13 3 95 30 41 88 6 1 38 43 53 50 72 73 76 34 4 89 109 40 48 62 87 61 96 63 86 21 18 97 65 
0 19 31 77 90 23 79 55 107 24 29 27 54 92 46 17 8 9 75 85 7 35 20 11 59 22 42 25 70 37 45 44 93 5 32 81 83 94 68 51 2 69 82 36 78 84 103 100 39 101 74 99 10 64 33 14 57 80 66 52 106 108 98 15 91 16 12 28 71 49 67 56 58 47 26 102 104 60 105 13 3 95 30 41 88 6 1 38 43 53 50 72 73 76 40 4 89 109 34 48 62 87 61 96 63 86 21 18 97 65 
0 19 31 77 90 23 79 55 107 24 29 27 54 92 46 17 8 9 75 85 7 35 20 11 59 22 42 25 70 37 45 44 93 5 32 81 83 94 68 51 2 69 82 36 78 84 103 100 39 101 74 99 10 64 33 14 57 80 66 52 106 108 98 15 91 16 12 28 71 49 67 56 58 47 26 102 104 60 13 3 95 30 41 88 6 1 38 105 43 53 50 72 73 76 34 4 89 109 40 48 62 87 61 96 63 86 21 18 97 65 
0 19 31 77 90 23 79 55 107 24 29 27 54 92 46 17 8 9 75 85 7 35 20 11 59 22 42 25 70 37 45 44 93 5 32 81 83 68 51 94 2 69 82 36 78 84 103 100 39 101 74 99 10 64 33 14 57 80 66 52 106 108 98 15 91 16 12 28 71 49 67 56 58 47 26 102 104 60 105 13 3 95 30 41 88 6 1 38 43 53 50 72 73 76 34 4 89 109 40 48 62 87 96 63 61 86 21 18 97 65 
0 19 31 77 90 23 79 55 107 54 27 29 24 92 46 17 8 9 75 85 7 35 20 11 59 22 42 25 70 37 45 44 93 5 32 81 83 94 68 51 2 69 82 36 78 84 103 100 39 101 74 99 10 64 33 14 57 80 66 52 106 108 98 15 91 16 12 28 71 49 67 56 58 47 26 102 104 60 105 13 3 95 30 41 88 6 1 38 43 53 50 72 73 76 34 4 89 109 40 48 62 87 61 96 63 86 21 18 97 65 
0 19 31 77 90 23 79 55 107 24 29 27 54 92 46 17 8 9 75 85 7 35 20 11 59 22 42 25 70 37 45 44 93 5 32 81 83 94 68 51 2 69 82 36 78 84 103 100 39 101 74 99 10 64 33 14 57 80 66 52 106 108 98 15 91 16 12 28 71 49 67 56 58 26 102 104 60 105 13 3 95 30 41 88 6 1 38 43 47 53 50 72 73 76 34 4 89 109 40 48 62 87 61 96 63 86 21 18 97 65 
0 19 31 77 90 23 79 55 107 24 29 27 54 92 46 17 8 9 75 85 7 35 20 11 59 22 42 25 70 37 45 44 93 5 32 81 83 94 68 51 2 69 82 36 78 84 103 100 39 101 74 99 10 64 66 14 57 80 33 52 106 108 98 15 91 16 12 28 71 49 67 56 58 47 26 102 104 60 105 13 3 95 30 41 88 6 1 38 43 53 50 72 73 76 34 4 89 109 40 48 62 87 61 96 63 86 21 18 97 65 
0 19 31 77 90 23 79 55 107 24 29 27 54 92 46 17 8 9 75 85 7 35 20 11 59 22 42 25 70 37 45 44 93 5 32 81 83 94 68 51 2 69 82 36 78 84 103 100 39 101 74 99 10 33 14 57 80 66 52 106 108 98 15 91 16 12 28 71 49 67 56 58 47 26 102 104 60 105 13 3 95 30 41 88 6 1 38 43 53 50 72 73 76 34 4 64 89 109 40 48 62 87 61 96 63 86 21 18 97 65 
0 19 31 77 90 23 79 55 107 24 29 27 54 92 46 17 8 9 75 85 7 35 20 11 59 22 42 25 70 37 45 44 93 5 32 81 83 94 68 51 2 69 82 36 78 43 38 1 6 88 41 30 95 3 13 105 60 104 102 26 47 58 56 67 49 71 28 12 16 91 15 98 108 106 52 66 80 57 14 33 64 10 99 74 101 39 100 103 84 53 50 72 73 76 34 4 89 109 40 48 62 87 61 96 63 86 21 18 97 65 
0 19 31 77 90 23 79 55 107 24 29 27 54 46 17 8 9 75 85 7 35 92 20 11 59 22 42 25 70 37 45 44 93 5 32 81 83 94 68 51 2 69 82 36 78 84 103 100 39 101 74 99 10 64 33 14 57 80 66 52 106 108 98 15 91 16 12 28 71 49 67 56 58 47 26 102 104 60 105 13 3 95 30 41 88 6 1 38 43 53 50 72 73 76 34 4 89 109 40 48 62 87 61 96 63 86 21 18 97 65 
0 19 31 77 90 23 79 55 107 24 29 27 54 92 46 17 8 9 75 85 7 25 42 22 59 11 20 35 70 37 45 44 93 5 32 81 94 68 51 83 2 69 82 36 78 84 103 100 39 101 74 99 10 64 33 14 57 80 66 52 106 108 98 15 91 16 12 28 71 49 67 56 58 47 26 102 104 60 105 13 3 95 30 41 88 6 1 38 43 53 50 72 73 76 34 4 89 109 40 48 62 87 61 96 63 86 21 18 97 65 
0 19 31 77 90 23 79 55 107 24 29 27 54 92 46 17 8 9 75 85 7 35 20 11 59 22 42 25 70 37 45 44 93 5 32 81 83 94 68 51 2 69 82 36 78 84 103 100 39 101 74 99 10 64 33 14 57 80 66 52 106 108 98 15 91 16 12 28 71 67 56 58 47 26 102 104 60 105 13 3 95 30 41 88 6 1 38 43 53 50 72 73 76 49 34 4 89 109 40 48 62 87 61 96 63 86 21 18 97 65 
0 19 31 77 90 23 79 55 107 24 29 27 54 92 46 17 8 9 75 85 7 35 20 11 59 22 42 25 70 37 45 44 93 5 32 81 83 94 68 51 2 69 82 36 78 84 106 100 39 101 74 99 10 64 33 14 57 80 66 52 103 108 98 15 91 16 12 28 71 49 67 56 58 47 26 102 104 60 105 13 3 95 30 41 88 6 1 38 43 53 50 72 73 76 34 4 89 109 40 48 62 87 61 96 63 86 21 18 97 65 
0 19 31 77 90 23 79 55 107 24 29 27 54 92 46 17 8 9 75 85 7 35 20 11 59 22 42 25 70 37 45 44 93 5 32 81 83 94 68 51 2 69 82 36 78 84 103 100 39 101 74 99 10 64 33 14 57 80 66 52 106 108 98 12 28 71 49 67 56 58 47 26 102 104 60 105 13 3 95 30 41 88 6 1 38 43 53 15 91 16 50 72 73 76 34 4 89 109 40 48 62 87 61 96 63 86 21 18 97 65 
0 19 31 77 90 23 79 55 107 24 29 27 54 92 46 17 8 9 75 85 7 35 20 11 59 22 42 25 70 37 45 44 93 5 32 81 83 94 68 51 2 69 82 36 78 84 100 39 101 74 99 10 64 33 14 57 80 66 52 106 108 98 15 91 16 12 28 71 49 67 56 58 47 26 102 104 60 105 13 3 95 30 41 88 6 1 38 43 53 50 103 72 73 76 34 4 89 109 40 48 62 87 61 96 63 86 21 18 97 65 
0 19 31 77 90 23 79 55 107 24 29 27 54 92 46 17 8 9 75 85 7 35 20 11 59 22 42 25 70 37 45 44 93 5 32 81 83 48 68 51 2 69 82 36 78 84 103 100 39 101 74 99 10 64 33 14 57 80 66 52 106 108 98 15 91 16 12 28 71 49 67 56 58 47 26 102 104 60 105 13 3 95 30 41 88 6 1 38 43 53 50 72 73 76 34 4 89 109 40 94 62 87 61 96 63 86 21 18 97 65 
0 19 31 90 23 79 55 107 24 77 29 27 54 92 46 17 8 9 75 85 7 35 20 11 59 22 42 25 70 37 45 44 93 5 32 81 83 94 68 51 2 69 82 36 78 84 103 100 39 101 74 99 10 64 33 14 57 80 66 52 106 108 98 15 91 16 12 28 71 49 67 56 58 47 26 102 104 60 105 13 3 95 30 41 88 6 1 38 43 53 50 72 73 76 34 4 89 109 40 48 62 87 61 96 63 86 21 18 97 65 
0 19 31 77 90 23 79 55 107 24 29 27 54 92 46 17 8 9 75 85 7 35 20 11 59 22 42 25 70 37 45 44 93 5 32 81 83 78 36 82 69 2 51 68 94 84 103 100 39 101 74 99 10 64 33 14 57 80 66 52 106 108 98 15 91 16 12 28 71 49 67 56 58 47 26 6 88 41 30 95 3 13 105 60 104 102 1 38 43 53 50 72 73 76 34 4 89 109 40 48 62 87 61 96 63 86 21 18 97 65 
0 19 31 77 90 23 79 55 107 24 29 27 54 92 46 17 8 9 75 85 7 35 20 11 59 22 42 25 70 45 44 93 5 32 81 83 94 68 51 2 69 82 36 78 84 103 100 39 101 74 99 10 64 33 14 57 80 66 52 106 108 98 15 91 16 12 28 71 49 67 56 58 47 26 102 104 60 105 13 3 95 30 41 88 6 1 38 43 53 50 72 73 76 34 4 89 109 40 37 48 62 87 61 96 63 86 21 18 97 65 
0 19 31 77 90 23 79 55 107 24 29 27 54 92 46 17 8 9 75 85 7 35 20 11 59 22 42 25 70 37 45 44 93 5 32 81 83 94 68 51 2 69 82 36 78 84 103 100 39 101 74 99 10 64 33 14 57 80 66 52 106 108 98 15 91 16 12 28 71 49 67 56 58 47 26 102 104 60 105 13 3 95 30 41 73 88 6 1 38 43 53 50 72 76 34 4 89 109 40 48 62 87 61 96 63 86 21 18 97 65 
0 19 31 77 90 23 79 55 107 24 29 27 54 92 46 17 20 9 75 85 7 35 8 11 59 22 42 25 70 37 45 44 93 5 32 81 83 94 68 51 2 69 82 36 78 84 103 100 39 101 74 99 10 64 33 14 57 80 66 52 106 108 98 15 91 16 12 28 71 49 67 56 58 47 26 102 104 60 105 13 3 95 30 41 88 6 1 38 43 53 50 72 73 76 34 4 89 109 40 48 62 87 61 96 63 86 21 18 97 65 
0 19 31 77 90 23 79 55 107 24 29 27 54 92 46 17 8 9 75 85 7 35 20 11 59 22 42 25 70 37 45 44 93 5 32 81 83 94 68 51 2 69 82 36 78 84 103 100 39 33 74 99 10 64 101 14 57 80 66 52 106 108 98 15 91 16 12 28 71 49 67 56 58 47 26 102 104 60 105 13 3 95 30 41 88 6 1 38 43 53 50 72 73 76 34 4 89 109 40 48 62 87 61 96 63 86 21 18 97 65 
0 19 31 77 90 23 79 55 107 24 29 27 54 92 46 17 8 9 75 85 7 35 20 11 59 22 42 25 70 37 45 44 93 5 32 81 83 94 68 51 2 69 100 36 78 84 103 82 39 101 74 99 10 64 33 14 57 80 66 52 106 108 98 15 91 16 12 28 71 49 67 56 58 47 26 102 104 60 105 13 3 95 30 41 88 6 1 38 43 53 50 72 73 76 34 4 89 109 40 48 62 87 61 96 63 86 21 18 97 65 
0 19 31 77 90 23 79 55 107 24 29 27 54 92 46 17 8 9 75 85 7 35 20 11 59 22 42 25 70 37 45 44 93 5 32 81 83 94 68 51 2 69 82 78 84 103 100 39 101 74 99 10 64 33 14 57 80 66 52 106 108 98 15 91 16 12 28 71 49 67 56 58 36 47 26 102 104 60 105 13 3 95 30 41 88 6 1 38 43 53 50 72 73 76 34 4 89 109 40 48 62 87 61 96 63 86 21 18 97 65 
0 19 31 77 90 23 79 55 107 24 29 27 54 92 46 17 8 9 75 85 7 35 20 11 59 22 42 25 70 37 45 44 93 5 32 81 83 94 68 51 2 69 82 36 78 84 103 100 39 101 74 99 10 64 33 14 57 80 66 52 106 108 98 15 91 16 12 28 71 49 67 56 58 47 26 102 104 60 105 73 13 3 95 30 41 88 6 1 38 43 53 50 72 76 34 4 89 109 40 48 62 87 61 96 63 86 21 18 97 65 
0 19 31 77 90 23 79 55 107 24 29 27 54 92 46 17 8 9 75 85 7 35 20 11 59 22 42 25 70 37 45 44 93 5 32 81 83 94 68 51 2 69 82 36 78 84 103 100 39 101 74 99 10 64 33 47 26 102 104 60 105 13 3 95 30 41 88 6 71 49 67 56 58 14 57 80 66 52 106 108 98 15 91 16 12 28 1 38 43 53 50 72 73 76 34 4 89 109 40 48 62 87 61 96 63 86 21 18 97 65 
0 19 31 77 90 23 79 55 107 24 29 27 54 92 46 17 8 9 75 85 7 35 20 11 59 22 42 25 70 37 45 44 93 5 32 81 83 94 51 2 69 82 36 78 84 103 100 39 101 74 99 10 64 33 14 57 80 66 52 106 108 98 15 91 16 12 68 28 71 49 67 56 58 47 26 102 104 60 105 13 3 95 30 41 88 6 1 38 43 53 50 72 73 76 34 4 89 109 40 48 62 87 61 96 63 86 21 18 97 65 
0 19 31 77 90 23 79 55 107 24 29 27 54 92 46 17 8 9 75 85 7 35 20 11 59 22 42 25 70 37 45 44 93 5 32 81 83 94 68 51 2 69 82 36 78 84 103 100 39 101 74 99 10 64 33 14 57 80 66 52 106 108 98 15 91 16 12 28 71 49 67 56 58 26 102 104 60 105 13 3 95 30 41 88 6 1 38 43 53 50 72 73 76 34 4 47 89 109 40 48 62 87 61 96 63 86 21 18 97 65 
0 19 31 77 90 23 79 55 107 24 29 27 54 92 46 17 8 9 75 85 7 35 20 11 59 22 42 25 70 37 45 44 93 5 32 81 83 100 103 84 78 36 82 69 2 51 68 94 39 101 74 99 10 64 33 14 57 80 66 52 106 108 98 15 91 16 12 28 71 49 67 56 58 47 26 102 104 60 105 13 3 95 30 41 88 6 1 38 43 53 50 72 73 76 34 4 89 109 40 48 62 87 61 96 63 86 21 18 97 65 
0 19 31 77 90 23 79 55 107 24 29 27 54 92 46 17 8 9 75 85 7 35 20 11 59 22 42 25 70 37 45 44 93 5 32 81 83 94 68 51 2 69 82 36 78 84 103 100 39 101 74 99 10 64 33 14 57 80 66 52 106 108 98 15 91 16 12 28 71 49 67 56 58 47 26 102 104 60 105 13 3 95 30 41 88 6 72 38 43 53 50 1 73 76 34 4 89 109 40 48 62 87 61 96 63 86 21 18 97 65 
0 19 31 77 90 23 79 55 107 24 29 54 92 46 17 8 9 75 85 7 35 20 11 59 22 42 25 70 37 27 45 44 93 5 32 81 83 94 68 51 2 69 82 36 78 84 103 100 39 101 74 99 10 64 33 14 57 80 66 52 106 108 98 15 91 16 12 28 71 49 67 56 58 47 26 102 104 60 105 13 3 95 30 41 88 6 1 38 43 53 50 72 73 76 34 4 89 109 40 48 62 87 61 96 63 86 21 18 97 65 
0 19 31 77 90 23 79 55 107 8 29 27 54 92 46 17 24 9 75 85 7 35 20 11 59 22 42 25 70 37 45 44 93 5 32 81 83 94 68 51 2 69 82 36 78 84 103 100 39 101 74 99 10 64 33 14 57 80 66 52 106 108 98 15 91 16 12 28 71 49 67 56 58 47 26 102 104 60 105 13 3 95 30 41 88 6 1 38 43 53 50 72 73 76 34 4 89 109 40 48 62 87 61 96 63 86 21 18 97 65 
0 19 31 77 90 23 79 55 107 8 29 27 54 92 46 17 24 9 75 85 7 35 20 11 59 22 42 25 70 37 45 44 93 5 32 81 83 94 68 51 2 69 82 36 78 84 103 100 39 101 74 99 10 64 33 14 57 80 66 52 106 108 98 15 91 16 12 28 71 49 67 56 58 47 26 102 104 60 105 13 3 95 30 41 88 6 1 38 43 53 50 72 73 76 34 4 89 109 40 48 62 87 61 96 63 86 21 18 97 65 
0 19 31 77 90 23 79 55 107 24 29 27 54 92 46 17 8 9 75 85 7 35 20 11 59 22 42 25 70 37 45 44 93 5 32 81 83 94 68 34 2 69 82 36 78 84 103 100 39 101 74 99 10 64 33 14 57 80 66 52 106 108 98 15 91 16 12 28 71 49 67 56 58 47 26 102 104 60 105 13 3 95 30 41 88 6 1 38 43 53 50 72 73 51 76 4 89 109 40 48 62 87 61 96 63 86 21 18 97 65 
0 19 31 77 90 23 79 55 107 24 29 27 54 92 46 17 8 9 75 85 7 35 20 11 59 22 42 25 70 37 45 44 93 5 32 81 83 94 68 51 2 69 82 36 78 84 103 100 39 101 74 99 10 64 33 14 57 80 66 52 106 108 98 15 91 16 12 28 71 49 67 56 58 109 89 4 34 76 73 72 50 53 43 38 1 6 88 41 30 95 3 13 105 60 104 102 26 47 40 48 62 87 61 96 63 86 21 18 97 65 
0 19 31 77 90 23 79 55 107 24 29 27 54 92 46 17 8 9 75 85 7 35 20 11 59 22 42 25 70 37 45 44 93 5 32 81 83 94 68 51 2 69 82 36 78 84 103 100 101 74 99 10 64 33 14 57 80 66 52 106 108 98 15 91 16 12 28 71 49 67 56 58 47 26 102 104 60 105 13 3 95 30 41 88 6 1 38 43 53 50 39 72 73 76 34 4 89 109 40 48 62 87 61 96 63 86 21 18 97 65 
0 19 31 77 59 11 20 35 7 85 75 9 8 17 46 92 54 27 29 24 107 55 79 23 90 22 42 25 70 37 45 44 93 5 32 81 83 94 68 51 2 69 82 36 78 84 103 100 39 101 74 99 10 64 33 14 57 80 66 52 106 108 98 15 91 16 12 28 71 49 67 56 58 47 26 102 104 60 105 13 3 95 30 41 88 6 1 38 43 53 50 72 73 76 34 4 89 109 40 48 62 87 61 96 63 86 21 18 97 65 
0 19 31 77 90 23 79 55 107 24 29 27 54 92 46 17 8 9 75 85 35 20 11 59 22 42 25 70 37 45 44 93 5 32 81 83 94 68 51 2 69 82 7 36 78 84 103 100 39 101 74 99 10 64 33 14 57 80 66 52 106 108 98 15 91 16 12 28 71 49 67 56 58 47 26 102 104 60 105 13 3 95 30 41 88 6 1 38 43 53 50 72 73 76 34 4 89 109 40 48 62 87 61 96 63 86 21 18 97 65 
0 19 31 77 90 23 79 55 107 24 29 27 54 92 46 17 8 9 75 85 7 35 20 11 59 22 42 25 70 37 45 44 93 5 32 81 83 94 68 51 2 69 82 36 78 84 103 100 39 101 74 99 10 64 33 14 57 80 66 52 106 108 98 15 91 16 12 28 71 49 67 56 58 47 26 102 104 60 105 13 3 95 30 41 88 6 1 38 43 53 50 72 73 76 34 4 89 109 40 48 62 97 18 21 86 63 96 61 87 65 
0 19 31 77 90 23 79 55 107 24 29 27 54 92 46 17 8 9 75 85 7 35 20 11 59 22 42 25 70 37 45 44 93 5 32 81 83 94 68 51 2 69 82 36 78 84 103 100 39 101 74 99 10 64 33 14 57 80 66 52 106 108 43 38 1 6 88 41 95 3 13 105 60 104 102 26 47 58 56 67 49 71 28 30 12 16 91 15 98 53 50 72 73 76 34 4 89 109 40 48 62 87 61 96 63 86 21 18 97 65 
0 19 31 77 90 23 79 55 107 24 29 27 54 92 46 17 8 9 75 85 7 35 20 11 59 22 42 25 70 37 45 44 93 5 32 81 83 94 68 51 2 69 82 36 78 84 103 100 39 101 74 99 10 64 33 14 57 80 66 52 106 108 98 15 91 16 30 28 71 49 67 56 58 47 26 102 104 60 105 13 3 95 12 41 88 6 1 38 43 53 50 72 73 76 34 4 89 109 40 48 62 87 61 96 63 86 21 18 97 65 
0 19 31 77 90 23 79 55 107 24 29 27 54 92 46 17 8 9 75 85 7 35 20 11 59 22 42 25 70 37 45 44 93 5 32 81 83 94 68 51 2 69 82 36 78 84 103 39 101 74 99 10 64 33 14 57 80 66 52 106 108 98 15 91 16 12 28 71 49 67 56 58 100 47 26 102 104 60 105 13 3 95 30 41 88 6 1 38 43 53 50 72 73 76 34 4 89 109 40 48 62 87 61 96 63 86 21 18 97 65 
0 19 31 77 90 23 79 55 107 24 29 27 54 92 46 17 65 97 18 21 86 63 96 61 87 62 48 40 109 89 4 34 76 73 72 50 53 43 38 1 6 88 41 30 95 3 13 105 60 104 102 26 47 58 56 67 49 71 28 12 16 91 15 98 108 106 52 66 80 57 14 33 64 10 99 74 101 39 100 103 84 78 36 82 69 2 51 68 94 83 81 32 5 93 44 45 37 70 25 42 22 59 11 20 35 7 85 75 9 8 
0 19 31 77 90 23 79 55 107 24 29 27 54 92 46 17 8 9 75 85 7 35 20 11 59 22 42 25 70 37 45 44 93 5 32 81 83 94 68 51 2 69 82 36 78 84 103 100 39 101 74 99 10 64 33 14 57 80 66 52 106 108 98 15 91 16 12 71 49 67 56 58 47 26 102 104 60 105 13 3 95 30 41 88 6 1 38 28 43 53 50 72 73 76 34 4 89 109 40 62 87 61 96 63 86 48 21 18 97 65 
0 19 31 77 90 23 79 55 107 24 29 27 54 92 46 17 8 9 75 85 7 35 20 11 59 22 42 25 70 37 45 44 93 5 32 81 83 94 68 51 2 69 82 36 78 84 103 100 39 101 74 99 10 64 33 14 57 80 66 52 106 108 98 15 91 16 4 28 71 49 67 56 58 47 26 102 104 60 105 13 3 95 30 41 88 6 1 38 43 53 50 72 73 76 34 12 89 109 40 48 62 87 61 96 63 86 21 18 97 65 
0 19 31 77 90 23 79 55 107 24 29 27 54 92 46 17 8 9 75 85 7 35 20 11 59 22 42 25 70 37 45 44 93 103 32 81 83 94 68 51 2 69 82 36 78 84 5 100 39 101 74 99 10 64 33 14 57 80 66 52 106 108 98 15 91 16 12 28 71 49 67 56 58 47 26 102 104 60 105 13 3 95 30 41 88 6 1 38 43 53 50 72 73 76 34 4 89 109 40 48 62 87 61 96 63 86 21 18 97 65 
0 19 31 77 90 23 79 55 107 24 29 27 54 92 46 17 8 9 75 85 7 35 20 11 59 22 42 25 70 37 45 44 93 5 32 81 83 94 68 51 2 69 82 36 78 84 103 100 39 101 74 99 10 64 33 14 57 80 66 52 106 108 98 15 91 16 12 28 71 49 67 56 58 47 26 102 104 60 105 13 3 95 30 41 88 6 1 38 53 50 72 73 76 34 4 89 109 40 48 62 61 96 43 63 87 86 21 18 97 65 
0 19 31 77 90 23 79 55 107 24 29 27 54 92 46 17 8 9 75 85 7 35 20 11 59 22 42 25 70 37 45 44 93 5 32 81 83 94 68 51 2 69 82 36 78 84 103 100 39 101 74 99 10 64 33 14 57 80 66 52 106 108 98 15 91 16 12 28 71 49 67 56 58 47 26 102 104 60 105 13 3 95 30 41 88 6 1 43 53 50 72 73 76 34 4 89 109 40 48 62 87 61 96 63 38 86 21 18 97 65 
0 19 31 77 90 23 79 55 107 24 29 27 54 92 46 17 8 9 75 7 35 20 11 59 22 42 25 70 37 45 44 93 5 32 81 83 94 68 51 2 69 82 36 78 84 103 100 39 101 74 99 10 64 33 14 57 80 66 52 106 108 98 15 91 16 12 28 71 49 67 56 58 47 26 102 104 60 105 13 3 95 30 41 88 6 1 38 43 53 50 72 73 76 34 4 89 109 40 48 85 62 87 61 96 63 86 21 18 97 65 
0 19 31 77 90 23 79 55 107 24 29 27 54 92 46 17 8 9 75 85 7 35 20 11 59 22 42 25 70 37 45 44 93 5 81 83 94 68 2 32 69 82 36 78 84 103 100 39 101 74 99 10 64 33 14 57 80 66 52 106 108 98 15 91 16 12 28 71 49 67 51 56 58 47 26 102 104 60 105 13 3 95 30 41 88 6 1 38 43 53 50 72 73 76 34 4 89 109 40 48 62 87 61 96 63 86 21 18 97 65 
0 19 31 77 90 23 79 55 107 24 29 27 54 92 46 17 8 9 75 85 7 35 20 11 59 22 42 25 70 37 45 44 93 5 32 81 83 94 68 51 2 69 82 36 78 84 103 100 39 101 74 99 10 64 33 14 57 80 66 52 106 108 98 15 3 16 12 28 71 49 67 56 58 47 26 102 104 60 105 13 91 95 30 41 88 6 1 38 43 53 50 72 73 76 34 4 89 109 40 48 62 87 61 96 63 86 21 18 97 65 
0 19 31 77 90 23 79 55 5 93 44 45 37 70 25 42 22 59 11 20 35 7 85 75 9 8 17 46 92 54 27 29 24 107 32 81 83 94 68 51 2 69 82 36 78 84 103 100 39 101 74 99 10 64 33 14 57 80 66 52 106 108 98 15 91 16 12 28 71 49 67 56 58 47 26 102 104 60 105 13 3 95 30 41 88 6 1 38 43 53 50 72 73 76 34 4 89 109 40 48 62 87 61 96 63 86 21 18 97 65 
0 19 31 77 90 23 79 55 107 24 29 27 54 92 46 17 8 9 75 85 7 35 50 53 43 38 1 6 88 41 30 95 3 13 105 60 104 102 26 47 58 56 67 49 71 28 12 16 91 15 98 108 106 52 66 80 57 14 33 64 10 99 74 101 39 100 103 84 78 36 82 69 2 51 68 94 83 81 32 5 93 44 45 37 70 25 42 22 59 11 20 72 73 76 34 4 89 109 40 48 62 87 61 96 63 86 21 18 97 65 
0 19 31 77 90 23 79 55 107 24 29 27 54 92 46 17 8 9 75 85 7 35 20 11 59 22 42 25 70 37 45 44 93 5 32 81 83 94 68 51 2 69 82 36 78 84 103 100 39 101 74 99 10 64 33 14 57 80 66 52 106 108 98 15 91 16 12 71 49 67 56 58 47 26 102 104 60 105 13 3 95 30 41 88 6 1 38 43 53 50 72 73 76 34 4 89 109 40 48 62 87 61 96 63 86 21 18 28 97 65 
0 19 31 77 90 23 9 55 107 24 29 27 54 92 46 17 8 79 75 85 7 35 20 11 59 22 42 25 70 37 45 44 93 5 32 81 83 94 68 51 2 69 82 36 78 84 103 100 39 101 74 99 10 64 33 14 57 80 66 52 106 108 98 15 91 16 12 28 71 49 67 56 58 47 26 102 104 60 105 13 3 95 30 41 88 6 1 38 43 53 50 72 73 76 34 4 89 109 40 48 62 87 61 96 63 86 21 18 97 65 
0 19 31 77 90 23 79 55 107 24 29 27 54 92 46 17 8 9 75 85 7 35 20 11 59 22 42 25 70 37 45 44 93 5 32 81 83 94 68 51 2 69 82 36 78 84 103 100 39 101 74 99 10 64 33 14 13 66 52 106 108 98 15 91 16 12 28 71 49 67 56 58 47 26 102 104 60 105 57 80 3 95 30 41 88 6 1 38 43 53 50 72 73 76 34 4 89 109 40 48 62 87 61 96 63 86 21 18 97 65 
0 19 31 77 90 23 79 55 107 24 29 27 54 92 46 17 8 9 75 85 7 35 20 59 22 42 25 70 37 45 44 93 5 32 81 83 94 68 51 2 69 82 36 78 84 103 100 39 101 74 99 10 64 33 14 57 80 11 66 52 106 108 98 15 91 16 12 28 71 49 67 56 58 47 26 102 104 60 105 13 3 95 30 41 88 6 1 38 43 53 50 72 73 76 34 4 89 109 40 48 62 87 61 96 63 86 21 18 97 65 
0 29 31 77 90 23 79 55 107 24 19 27 54 92 46 17 8 9 75 85 7 35 20 11 59 22 42 25 70 37 45 44 93 5 32 81 83 94 68 51 2 69 82 36 78 84 103 100 39 101 74 99 10 64 33 14 57 80 66 52 106 108 98 15 91 16 12 28 71 49 67 56 58 47 26 102 104 60 105 13 3 95 30 41 88 6 1 38 43 53 50 72 73 76 34 4 89 109 40 48 62 87 61 96 63 86 21 18 97 65 
0 19 31 77 90 23 79 55 107 24 29 27 54 92 46 17 8 9 75 85 7 35 20 11 59 22 42 25 70 37 45 44 93 5 32 81 83 94 68 51 2 69 82 36 78 84 103 100 39 101 74 99 10 64 33 14 57 80 66 52 106 108 98 15 91 16 12 28 71 49 67 56 58 47 26 102 104 60 105 13 3 95 30 41 88 6 1 38 43 53 50 72 76 34 4 89 109 40 48 96 62 87 61 63 86 73 21 18 97 65 
0 19 31 77 90 23 79 55 107 24 29 27 54 92 46 17 8 9 75 85 7 35 20 11 59 22 42 25 70 37 45 44 93 5 32 81 83 94 68 51 2 69 82 36 78 84 103 100 39 101 74 99 10 64 33 14 57 80 66 52 106 108 98 15 91 16 12 28 71 49 67 56 58 47 26 76 104 60 105 13 3 95 30 41 88 6 1 38 43 53 50 72 73 102 34 4 89 109 40 48 62 87 61 96 63 86 21 18 97 65 
0 19 31 77 90 23 79 55 107 24 29 27 54 92 46 17 8 9 75 85 7 35 20 11 59 22 42 25 70 43 38 1 6 88 41 30 95 3 13 105 60 104 102 26 47 58 56 67 49 71 28 12 16 91 15 98 108 106 52 66 40 109 89 4 34 76 73 72 50 53 14 33 64 10 99 74 101 39 100 103 84 78 36 82 69 2 51 68 94 83 81 32 5 93 44 45 37 57 80 48 62 87 61 96 63 86 21 18 97 65 
0 19 31 77 90 23 79 55 107 24 29 92 54 27 46 17 8 9 75 85 7 35 20 11 59 22 42 25 70 37 44 93 5 32 81 83 94 68 51 2 69 82 36 78 84 103 100 39 101 74 99 10 64 33 14 57 80 66 52 106 108 98 15 91 16 12 28 71 49 67 56 58 47 26 102 104 60 105 13 3 95 30 41 88 45 6 1 38 43 53 50 72 73 76 34 4 89 109 40 48 62 87 61 96 63 86 21 18 97 65 
0 19 31 77 90 23 79 55 107 24 29 27 54 92 46 17 8 9 75 85 7 35 20 11 59 22 42 25 70 37 44 93 5 32 81 83 94 68 51 2 69 82 73 36 78 84 103 100 39 101 74 99 10 64 33 14 57 80 66 52 106 108 98 15 91 16 12 28 71 49 45 67 56 58 47 26 102 104 60 105 13 3 95 30 41 88 6 1 38 43 53 50 72 76 34 4 89 109 40 48 62 87 61 96 63 86 21 18 97 65 
0 19 31 77 90 23 79 55 107 24 29 27 54 92 46 17 8 9 75 85 7 35 20 11 59 22 42 25 70 37 45 44 93 5 32 81 83 94 68 51 48 69 73 82 36 78 84 103 100 39 101 74 99 10 64 33 14 57 80 66 52 106 108 98 15 91 16 12 28 71 49 67 56 58 47 26 102 104 60 105 13 3 95 30 41 88 6 1 38 43 53 50 72 76 34 4 89 109 40 2 62 87 61 96 63 86 21 18 97 65 
0 19 31 77 90 23 79 55 107 24 29 27 54 92 46 17 8 9 75 85 7 35 20 11 59 22 42 25 70 37 45 44 93 5 32 81 83 94 68 51 2 69 82 36 78 84 103 100 39 101 74 99 10 64 33 14 57 80 66 52 106 108 98 15 91 16 12 28 71 49 67 56 58 76 34 4 104 60 105 13 3 95 30 41 88 6 1 38 43 53 50 72 73 47 26 102 89 109 40 48 62 87 61 96 63 86 21 18 97 65 
0 19 31 77 90 23 79 55 107 24 29 27 54 92 46 17 8 9 75 85 7 35 20 11 59 15 98 108 106 52 66 80 57 14 33 64 10 99 74 101 39 100 103 84 78 36 82 69 2 51 68 94 83 81 32 5 93 44 45 37 70 25 42 22 91 16 12 28 71 49 67 56 58 47 26 102 104 60 105 13 3 95 30 41 88 6 1 38 43 53 50 72 73 76 34 4 89 109 40 48 62 87 61 96 63 86 21 18 97 65 
0 19 31 77 90 23 79 55 107 24 29 27 54 92 46 42 8 9 75 85 7 35 20 11 59 22 17 25 70 37 45 44 93 5 32 81 83 94 68 51 2 69 82 36 78 84 103 100 39 101 74 99 10 64 33 14 57 80 66 52 106 108 98 15 91 16 12 28 71 49 67 56 58 47 26 102 104 60 105 13 3 95 30 41 88 6 1 38 43 53 50 72 73 76 34 4 89 109 40 48 62 87 61 96 63 86 21 18 97 65 
0 19 31 77 90 23 79 55 107 24 29 4 34 76 73 72 50 53 43 38 1 6 88 41 30 95 3 13 105 60 104 102 26 47 58 56 67 49 71 28 12 16 91 15 98 108 106 52 66 80 57 14 33 64 10 99 74 101 39 100 103 84 78 36 82 69 2 51 68 94 83 81 32 5 93 44 45 37 70 25 42 22 59 11 20 35 7 85 75 9 8 17 46 92 54 27 89 109 40 48 62 87 61 96 63 86 21 18 97 65 
0 19 31 77 90 23 79 55 107 24 29 27 54 92 46 17 8 9 75 85 7 35 20 11 59 22 42 25 70 37 45 44 93 5 32 81 83 94 68 51 2 69 82 36 78 84 103 100 39 101 74 99 10 64 33 14 57 80 66 52 106 108 98 15 91 16 12 28 71 49 67 56 58 47 26 102 104 72 50 53 43 38 1 6 88 41 30 95 3 13 105 60 63 73 76 34 4 89 109 40 48 62 87 61 96 86 21 18 97 65 
0 19 31 77 90 23 79 55 107 24 29 27 54 92 46 17 8 9 75 85 7 35 20 11 59 22 42 25 70 37 45 44 93 5 32 81 83 94 68 51 2 69 82 36 78 84 103 100 39 57 14 33 64 10 99 101 80 66 52 106 108 98 15 91 16 12 28 71 49 67 56 58 47 74 26 102 104 60 105 13 3 95 30 41 88 6 1 38 43 53 50 72 73 76 34 4 89 109 40 48 62 87 61 96 63 86 21 18 97 65 
0 19 31 77 90 23 79 55 107 24 29 27 54 92 46 17 8 9 75 85 7 35 20 11 59 22 42 25 70 37 45 44 93 5 32 81 83 94 68 51 2 69 82 36 78 84 103 100 39 101 74 99 10 64 33 14 57 80 66 52 106 108 98 15 91 16 12 28 71 49 67 56 58 47 26 102 104 60 105 13 3 95 30 40 88 6 1 38 43 53 50 72 73 76 34 4 89 109 41 48 62 87 61 96 63 86 21 18 97 65 
0 19 31 77 90 23 79 55 107 24 29 27 54 92 46 17 8 9 75 85 7 35 20 11 59 22 25 70 37 45 44 93 5 32 81 83 94 68 51 2 69 82 36 78 84 103 100 39 101 74 99 10 64 33 14 57 80 66 52 106 108 98 15 91 16 12 28 71 49 67 42 56 58 47 26 102 104 60 105 13 3 95 30 41 88 6 1 38 43 53 50 72 73 76 34 4 89 109 40 48 62 87 61 96 63 86 21 18 97 65 
0 19 31 77 90 23 79 55 107 24 29 27 54 92 46 17 8 9 96 61 87 62 48 40 109 89 4 34 76 73 72 50 53 43 38 1 6 88 41 30 95 3 13 105 60 104 102 26 47 58 56 67 49 71 28 12 16 91 15 98 108 106 52 66 80 57 14 33 64 10 99 74 101 39 100 103 84 78 36 82 69 2 51 68 94 83 81 32 5 93 44 45 37 70 25 42 22 59 11 20 35 7 85 75 63 86 21 18 97 65 
0 19 31 77 90 23 79 55 107 24 29 27 54 92 46 17 8 9 75 85 7 35 20 11 59 22 42 25 70 37 45 44 93 5 32 81 83 94 68 51 2 69 82 36 78 84 103 100 39 101 74 99 10 6 33 14 57 80 66 52 106 108 98 15 91 16 12 28 71 49 67 56 58 47 26 102 104 60 105 13 3 95 30 41 88 64 1 38 43 53 50 72 73 76 34 4 89 109 40 48 62 87 61 96 63 86 21 18 97 65 
0 19 31 77 90 23 79 55 107 24 29 27 54 92 46 17 8 9 75 85 7 35 20 11 59 22 78 25 70 37 45 44 93 5 32 81 83 94 68 51 2 69 82 36 42 84 103 100 39 101 74 99 10 64 33 14 57 80 66 52 106 108 98 15 91 16 12 28 71 49 67 56 58 47 26 102 104 60 105 13 3 95 30 41 88 6 1 38 43 53 50 72 73 76 34 4 89 109 40 48 62 87 61 96 63 86 21 18 97 65 
0 19 31 77 90 23 79 55 107 24 29 27 54 92 46 17 8 9 75 85 7 35 20 11 59 22 42 25 70 37 45 44 93 5 32 81 83 94 68 51 2 69 82 36 78 84 103 100 39 101 74 99 10 64 33 14 57 80 66 52 106 108 98 15 91 16 12 28 71 49 62 56 58 47 26 102 104 60 105 13 3 95 30 41 88 6 1 38 43 53 50 72 73 76 34 4 89 109 40 48 67 87 61 96 63 86 21 18 97 65 
0 19 31 77 90 23 79 55 107 24 29 27 54 92 46 17 8 9 75 85 7 35 20 11 59 22 42 25 70 37 45 44 93 5 32 81 83 94 68 51 2 69 82 36 78 84 103 88 6 1 38 43 53 50 72 73 76 34 4 89 106 108 98 15 91 16 12 28 71 49 67 56 58 47 26 102 104 60 105 13 3 95 30 41 100 39 101 74 99 10 64 33 14 57 80 66 52 109 40 48 62 87 61 96 63 86 21 18 97 65 
0 19 31 77 2 51 68 94 83 81 32 5 93 44 45 37 70 25 42 22 59 11 20 35 7 85 75 9 8 17 46 92 54 27 29 24 107 55 79 23 90 69 82 36 78 84 103 100 39 101 74 99 10 64 33 14 57 80 66 52 106 108 98 15 91 16 12 28 71 49 67 56 58 47 26 102 104 60 105 13 3 95 30 41 88 6 1 38 43 53 50 72 73 76 34 4 89 109 40 48 62 87 61 96 63 86 21 18 97 65 
0 19 31 77 90 23 79 55 107 24 29 27 54 92 46 17 8 9 75 85 7 35 20 11 59 22 42 25 70 37 45 44 93 5 32 81 83 94 68 51 2 69 82 36 78 84 103 100 39 101 99 10 64 33 14 57 80 66 52 106 108 98 15 91 16 12 28 71 49 67 56 58 47 26 102 104 60 105 13 3 95 30 41 88 6 1 38 43 53 50 72 73 76 34 4 89 109 40 48 62 87 61 96 74 63 86 21 18 97 65 
0 19 31 77 90 23 79 55 107 24 29 27 93 92 46 17 8 9 75 85 7 35 20 11 59 22 42 25 70 37 45 44 54 5 32 81 83 94 68 51 2 69 82 36 78 84 103 100 39 101 74 99 10 64 33 14 57 80 66 52 106 108 98 15 91 16 12 28 71 49 67 56 58 47 26 102 104 60 105 13 3 95 30 41 88 6 1 38 43 53 50 72 73 76 34 4 89 109 40 48 62 87 61 96 63 86 21 18 97 65 
0 19 31 77 90 23 79 55 107 24 29 27 54 92 46 17 8 9 75 85 7 35 20 11 59 22 25 70 37 45 44 93 5 32 81 83 94 68 51 2 69 82 36 78 84 103 100 39 101 74 99 10 64 33 14 57 80 66 52 106 108 98 15 91 16 12 28 71 49 67 56 58 47 26 102 104 60 105 13 3 95 30 42 41 88 6 1 38 43 53 50 72 73 76 34 4 89 109 40 48 62 87 61 96 63 86 21 18 97 65 
0 19 31 77 90 23 79 55 107 24 29 27 54 92 46 17 8 9 75 85 7 35 20 11 59 22 42 25 70 37 45 44 93 5 32 81 83 94 68 51 2 69 47 36 78 84 103 100 39 101 74 99 10 64 33 14 57 80 66 52 106 108 98 15 91 16 12 28 71 49 67 56 58 82 26 102 104 60 105 13 3 95 30 41 88 6 1 38 43 53 50 72 73 76 34 4 89 109 40 48 62 87 61 96 63 86 21 18 97 65 
0 19 31 77 90 23 79 55 107 24 29 27 54 92 46 17 8 9 75 85 7 35 20 11 59 22 42 25 70 37 45 44 93 5 32 81 83 94 68 51 2 69 82 36 78 84 103 100 39 101 74 99 10 64 33 14 57 80 66 52 106 108 98 15 91 16 12 28 71 49 67 56 58 47 26 102 104 60 105 13 3 95 30 109 88 6 1 38 43 53 50 72 73 76 34 4 89 41 40 48 62 87 61 96 63 86 21 18 97 65 
0 19 31 77 90 23 79 55 107 24 29 27 54 92 46 17 8 9 75 85 7 35 20 11 59 22 42 25 70 37 45 44 93 5 32 81 83 94 68 51 2 69 82 36 78 84 103 100 39 101 74 99 10 64 33 14 57 80 3 13 105 60 98 102 26 47 58 56 67 49 71 28 12 16 91 15 104 108 106 52 66 95 30 41 88 6 1 38 43 53 50 72 73 76 34 4 89 109 40 48 62 87 61 96 63 86 21 18 97 65 
0 19 31 77 90 23 79 55 107 24 29 27 54 92 46 17 8 9 75 85 7 35 20 11 59 22 42 25 70 37 45 44 93 5 32 81 83 94 68 51 2 69 82 36 78 84 103 100 39 43 74 99 10 64 33 14 57 80 66 52 106 108 98 15 91 16 12 28 71 49 67 56 58 47 26 102 104 60 105 13 3 95 30 41 88 6 1 38 101 53 50 72 73 76 34 4 89 109 40 48 62 87 61 96 63 86 21 18 97 65 
0 19 57 80 66 52 106 108 98 15 91 16 12 28 71 49 67 56 58 47 26 102 104 60 105 13 3 95 30 41 88 6 1 38 43 53 50 72 73 76 34 4 89 109 40 48 62 87 61 96 63 86 21 18 97 65 31 77 90 23 79 55 107 24 29 27 54 92 46 17 8 9 75 85 7 35 20 11 59 22 42 25 70 37 45 44 93 5 32 81 83 94 68 51 2 69 82 36 78 84 103 100 39 101 74 99 10 64 33 14 
0 19 31 77 90 23 79 55 107 24 29 27 54 92 46 17 8 9 75 85 7 35 20 11 59 22 42 25 70 37 45 44 93 5 32 81 83 94 68 51 2 69 82 36 78 84 105 100 39 101 74 99 10 64 33 14 57 80 66 52 106 108 98 15 91 16 12 28 71 49 67 56 58 47 26 102 104 60 103 13 3 95 30 41 88 6 1 38 43 53 50 72 73 76 34 4 89 109 40 48 62 87 61 96 63 86 21 18 97 65 
0 19 31 77 90 23 79 55 107 24 29 64 33 14 57 80 66 52 106 108 98 15 91 16 12 28 71 49 67 56 58 47 26 102 104 60 105 13 3 95 30 41 88 6 1 38 43 53 50 72 73 76 34 27 54 92 46 17 8 9 75 85 7 35 20 11 59 22 42 25 70 37 45 44 93 5 32 81 83 94 68 51 2 69 82 36 78 84 103 100 39 101 74 99 10 4 89 109 40 48 62 87 61 96 63 86 21 18 97 65 
0 19 31 77 90 23 79 55 107 24 29 27 54 92 46 17 8 9 75 85 7 35 20 11 59 22 42 25 70 37 45 44 93 5 32 81 83 94 68 51 2 69 82 36 84 103 100 39 101 74 99 10 64 33 14 57 80 66 52 106 108 98 15 91 16 12 28 71 49 67 56 58 47 26 102 6 78 104 60 105 13 3 95 30 41 88 1 38 43 53 50 72 73 76 34 89 109 40 48 62 87 4 61 96 63 86 21 18 97 65 
0 19 31 77 90 23 79 55 107 24 29 27 54 92 46 17 8 9 75 85 7 35 20 11 59 22 42 25 70 57 14 33 64 10 99 74 101 39 100 103 84 78 36 82 2 69 51 68 94 83 81 32 5 93 45 37 80 66 52 106 108 98 15 91 16 12 28 71 49 67 56 58 47 26 102 104 60 105 13 3 95 30 41 88 6 1 38 43 53 50 72 73 76 34 4 89 109 40 48 62 87 61 96 63 86 21 18 97 65 44 
0 19 31 77 90 23 79 55 107 24 29 27 54 92 46 17 8 9 75 85 7 35 20 11 59 22 42 25 70 37 45 44 93 5 32 81 83 94 68 51 2 69 82 36 78 84 103 100 67 101 74 99 10 64 33 14 57 80 66 52 106 108 98 15 91 16 12 28 71 49 39 56 58 47 26 102 104 60 105 13 3 95 30 41 88 6 1 38 43 53 50 72 73 76 34 4 89 109 40 48 62 87 61 96 63 86 21 18 97 65 
0 19 31 77 90 23 79 55 107 24 29 27 54 92 46 17 8 9 75 85 7 35 20 11 59 22 42 25 70 37 45 44 93 5 32 81 83 94 68 51 2 69 82 36 78 84 103 100 39 101 74 99 10 64 33 14 57 80 66 52 106 108 98 15 91 16 12 28 71 49 34 4 89 109 40 48 62 87 61 96 63 86 21 18 97 65 73 76 67 56 58 47 26 102 104 60 105 13 3 95 30 41 88 6 1 38 43 53 50 72 
0 19 31 77 90 23 79 55 107 24 29 27 94 92 46 17 8 9 75 85 7 35 20 11 59 22 42 25 70 37 45 44 93 5 32 81 83 54 68 51 2 69 82 36 78 84 103 100 39 101 74 99 10 64 33 14 57 80 66 52 106 108 98 15 91 16 12 28 71 49 67 56 58 47 26 102 104 60 105 13 3 95 30 41 88 6 1 38 43 53 50 72 73 76 34 4 89 109 40 48 62 87 61 96 63 86 21 18 97 65 
0 19 31 52 66 80 57 14 33 64 10 99 74 101 39 100 103 84 78 36 82 69 2 51 68 94 83 81 32 5 93 44 45 37 70 25 42 22 59 11 20 35 7 85 75 9 8 17 46 92 54 27 29 24 107 55 79 23 90 77 106 108 98 15 91 16 12 28 71 49 67 56 58 47 26 102 104 60 105 13 3 95 30 41 88 6 1 38 43 53 50 72 73 76 34 4 89 109 40 48 62 87 61 96 63 86 21 18 97 65 
0 19 31 77 90 23 79 55 107 24 29 54 92 46 17 8 9 75 85 7 35 20 11 59 22 42 25 70 37 45 44 93 5 32 81 83 94 68 51 2 69 82 36 78 84 103 100 39 101 74 99 10 64 33 14 57 80 66 52 106 108 98 15 27 91 16 12 28 71 49 67 56 58 47 26 102 104 60 105 13 3 95 30 41 88 6 1 38 43 53 50 72 73 76 34 4 89 109 40 48 62 87 61 96 63 86 21 18 97 65 
0 19 31 77 90 23 79 55 107 24 29 54 92 46 17 8 9 75 85 27 7 35 20 11 59 22 42 25 70 37 45 44 93 5 32 81 63 94 68 51 2 69 82 36 78 84 103 100 39 101 74 99 10 64 33 14 57 80 66 52 106 108 98 15 91 16 12 28 71 49 67 56 58 47 26 102 104 60 105 13 3 95 30 41 88 6 1 38 43 53 50 72 73 76 34 4 89 109 40 48 62 87 61 96 83 86 21 18 97 65 
0 19 31 77 90 23 79 55 107 24 29 27 54 92 46 17 8 9 75 85 7 35 20 11 59 22 42 25 70 37 45 44 93 5 32 81 83 94 68 51 2 69 57 80 66 52 106 108 72 15 91 99 10 64 33 14 82 36 78 84 103 100 39 101 74 16 12 28 71 49 67 56 58 1 26 102 104 60 105 13 3 95 30 41 88 6 47 38 43 53 50 98 73 76 34 4 89 109 40 48 62 87 61 96 63 86 21 18 97 65 
0 19 31 77 90 23 79 55 107 24 29 27 54 92 46 17 8 83 81 32 5 93 44 45 37 70 25 42 22 59 11 35 7 85 75 9 94 68 51 2 69 82 36 78 84 103 100 39 101 74 99 10 64 33 14 57 80 66 52 106 108 98 15 91 16 12 28 71 49 67 56 58 47 26 102 104 60 105 13 3 95 30 41 88 6 1 38 43 53 50 72 73 76 34 4 89 109 40 48 62 87 61 96 20 63 86 21 18 97 65 
0 19 31 77 90 23 79 55 107 24 29 27 54 92 46 17 8 9 75 85 7 35 20 11 59 22 42 25 70 37 45 44 93 5 32 81 83 94 68 51 2 69 82 36 78 84 103 100 39 101 74 99 10 64 33 14 57 80 66 52 106 108 98 15 91 16 12 28 71 49 67 56 58 47 26 102 104 60 87 13 3 95 30 41 88 6 1 38 43 53 50 72 73 76 34 4 89 109 40 48 62 105 61 96 63 86 21 18 97 65 
0 19 31 77 90 1 6 88 41 30 95 3 13 105 60 104 102 26 47 58 56 67 49 71 28 12 16 91 15 98 108 106 52 66 80 57 14 33 64 10 99 74 101 39 100 103 84 78 36 82 69 2 51 68 94 83 81 32 5 93 44 45 37 70 25 42 22 59 11 20 35 7 85 75 9 8 17 46 92 54 27 29 24 107 55 79 23 38 43 53 50 72 73 76 34 4 89 109 40 48 62 87 61 96 63 86 21 18 97 65 
0 19 31 77 90 23 79 55 107 24 29 27 54 92 46 17 8 16 12 28 71 49 67 56 58 47 26 102 104 60 105 13 3 95 30 41 88 6 1 38 43 53 82 36 78 84 103 100 39 101 74 99 10 64 33 14 57 80 66 52 106 108 98 15 91 9 75 85 7 35 20 11 59 22 42 25 70 37 45 44 93 5 32 81 83 94 68 51 2 69 50 72 73 76 34 4 89 109 40 48 62 87 61 96 63 86 21 18 97 65 
0 19 31 77 90 23 79 55 107 24 29 27 54 92 46 17 8 9 75 85 39 35 20 11 59 22 42 25 70 37 45 44 93 5 32 81 83 94 68 51 2 69 82 36 78 84 103 100 7 101 74 99 10 64 33 14 57 80 66 52 106 108 98 15 91 16 12 28 71 49 67 56 58 47 26 102 104 60 105 13 3 95 30 41 88 6 1 38 43 53 50 72 73 76 34 4 89 109 40 48 62 87 61 96 63 86 21 18 97 65 
0 19 31 77 90 23 79 55 107 24 29 27 54 92 46 17 8 9 80 66 52 106 108 98 15 91 16 12 28 71 49 67 56 58 47 26 102 104 60 105 13 3 95 30 41 88 6 100 39 101 74 99 10 64 33 14 57 75 85 7 35 20 11 59 22 42 25 70 37 45 44 93 5 32 81 83 94 68 51 2 69 82 36 78 84 103 1 38 43 53 50 72 73 76 34 4 89 109 40 48 62 87 61 96 63 86 21 18 97 65 
0 19 31 77 90 23 79 55 107 24 29 27 54 92 46 17 8 9 75 85 35 20 11 59 36 42 25 70 37 45 44 93 5 32 81 7 83 94 68 51 2 69 82 22 78 84 103 100 39 101 74 99 10 64 33 14 57 80 66 52 106 108 98 15 91 16 12 28 60 71 49 67 56 58 47 26 102 104 105 13 3 95 30 41 88 6 1 38 43 53 50 72 73 76 34 4 89 109 40 48 62 87 61 96 63 86 21 18 97 65 
0 19 31 77 90 23 79 55 107 24 29 27 54 92 46 5 8 9 75 85 35 17 93 44 45 37 70 25 42 22 59 11 20 32 7 81 83 94 68 51 2 69 82 36 78 84 103 100 39 101 74 99 10 64 33 14 57 80 66 52 106 108 98 15 91 16 12 28 71 49 67 56 58 47 26 102 104 60 105 13 3 95 30 41 88 6 1 38 43 53 50 72 73 76 34 4 89 109 40 48 62 87 61 96 63 86 21 18 97 65 
0 19 31 77 90 23 79 55 107 24 29 27 54 92 46 17 8 9 75 85 7 35 20 11 59 22 42 25 70 37 45 44 93 5 32 81 83 94 13 3 95 30 41 88 6 1 38 43 53 50 72 73 76 34 4 89 109 40 48 62 87 61 96 63 86 21 18 28 71 49 67 56 58 47 26 102 104 60 105 68 51 2 69 82 36 78 84 103 100 39 101 74 99 10 64 33 14 57 80 66 52 106 108 98 15 91 16 12 97 65 
0 19 31 77 90 23 79 55 66 52 106 108 98 15 91 16 12 28 71 49 67 56 58 47 26 102 104 60 105 13 3 95 30 41 88 6 1 38 43 53 50 72 73 76 34 4 89 100 39 101 74 99 10 64 33 14 57 80 107 24 29 27 54 92 46 17 8 9 75 85 7 35 20 11 59 22 42 25 70 37 45 44 93 5 32 81 83 94 68 51 2 69 82 36 78 84 103 109 40 48 62 87 61 96 63 86 21 18 97 65 
0 19 31 77 90 23 79 55 107 24 29 27 54 92 46 17 8 9 75 85 7 35 20 11 59 22 42 25 97 37 45 44 5 32 81 83 94 68 51 69 2 82 36 78 84 103 100 39 101 74 99 10 64 33 14 57 93 80 66 52 106 108 98 15 91 16 12 28 71 49 67 56 58 47 26 102 104 60 105 13 3 95 30 41 88 6 1 38 43 53 50 72 73 76 34 4 89 109 40 48 62 87 61 96 63 86 21 18 70 65 
0 19 31 13 105 60 104 102 26 47 58 56 67 49 71 28 12 16 91 15 98 108 106 52 66 80 57 14 33 64 10 99 74 101 39 100 103 84 78 36 82 69 2 51 68 94 83 81 32 5 93 44 45 37 70 25 42 22 59 11 20 35 7 85 75 9 8 17 46 92 54 27 29 24 107 55 79 23 90 77 3 95 30 41 88 6 1 38 43 53 50 72 73 76 34 4 89 109 40 48 62 87 61 96 63 86 21 18 97 65 
0 19 31 77 90 23 79 55 107 24 29 27 54 92 46 17 8 9 75 85 7 35 20 11 59 22 42 25 70 37 45 44 93 5 32 81 83 94 68 51 2 69 82 36 78 84 103 100 39 101 74 99 10 64 33 14 57 80 66 52 106 108 98 15 91 16 12 28 71 86 67 56 58 47 26 102 104 60 105 13 3 95 30 41 88 6 1 38 43 53 50 72 73 76 34 4 89 109 40 48 62 87 61 96 63 49 21 18 97 65 
0 19 31 77 90 6 88 41 30 95 3 13 105 60 104 102 26 47 58 56 67 49 71 28 12 16 91 15 98 108 106 52 66 80 57 14 33 64 10 99 74 101 39 100 103 84 78 36 82 34 76 73 72 50 53 43 38 1 23 79 55 107 24 29 27 54 92 46 17 8 9 75 85 7 35 20 11 59 22 42 25 70 37 45 44 93 5 32 81 83 94 68 51 2 69 4 89 109 40 48 62 87 61 96 63 86 21 18 97 65 
0 19 31 77 90 23 79 55 107 24 29 27 54 92 46 17 8 9 75 85 7 35 20 11 59 22 42 25 70 37 45 44 93 5 32 81 83 94 68 51 2 69 82 36 78 84 103 100 39 101 74 99 10 64 33 14 57 80 66 52 106 60 98 15 3 16 12 28 71 49 67 56 58 47 26 102 104 108 105 13 91 95 30 41 88 6 1 38 43 53 50 72 73 76 34 4 89 109 40 48 63 96 61 87 62 86 21 18 97 65 
0 19 31 77 90 23 79 55 107 24 29 27 54 92 46 17 8 9 75 85 7 35 20 11 59 22 42 25 70 37 45 44 93 5 56 81 83 94 68 51 2 69 82 36 78 84 103 100 39 101 74 99 10 64 33 14 57 80 66 52 106 108 76 73 72 50 53 43 38 1 6 88 41 30 95 3 13 105 60 104 102 26 47 58 32 67 49 71 28 12 16 91 15 98 34 4 89 109 40 48 62 87 61 96 63 86 21 18 97 65 
0 19 31 77 90 23 10 64 33 14 57 80 66 52 106 108 98 15 91 16 12 28 71 49 67 56 58 47 26 102 104 60 105 13 3 95 30 41 88 6 1 38 43 53 50 72 73 76 34 4 74 99 79 55 107 24 29 27 54 92 46 17 8 9 75 85 7 35 20 11 59 22 42 25 70 37 45 44 93 5 32 81 83 94 68 51 2 69 82 36 78 84 103 100 39 101 89 109 40 48 62 87 61 96 63 86 21 18 97 65 
0 19 31 77 90 23 55 107 75 9 8 17 46 92 54 27 29 24 85 108 106 52 66 80 57 14 33 64 10 99 74 101 39 100 103 84 78 36 82 69 2 51 68 94 83 81 32 5 93 44 45 37 70 25 42 79 22 59 11 20 35 7 98 15 91 16 12 28 71 49 67 56 58 47 26 102 104 60 105 13 3 95 30 41 88 6 1 38 43 53 50 72 73 76 34 4 89 109 40 48 62 87 61 96 63 86 21 18 97 65 
0 19 31 77 90 23 79 55 107 24 29 27 54 92 46 3 13 105 60 104 102 26 47 58 56 67 49 71 28 12 16 91 15 98 108 106 52 66 80 57 14 33 64 10 99 74 101 39 100 103 84 78 36 82 69 2 51 68 94 83 81 32 5 93 44 45 37 70 25 42 22 59 11 20 35 7 85 75 9 8 17 95 30 41 88 6 1 38 43 53 50 72 73 76 34 4 89 109 40 48 62 87 61 96 63 86 21 18 97 65 
0 19 31 77 90 23 79 55 107 24 29 27 54 92 46 17 8 9 75 85 7 35 20 11 59 22 42 25 70 37 45 98 15 91 16 12 28 71 49 67 56 58 47 26 102 104 60 105 13 3 95 30 41 88 6 1 38 43 53 50 72 73 76 34 4 89 109 40 48 62 87 61 96 63 86 21 18 97 65 66 52 106 108 44 93 5 32 81 83 94 68 51 2 69 82 36 78 84 103 100 39 101 74 99 10 64 33 14 57 80 
0 19 31 77 90 23 79 55 107 24 98 15 91 16 12 28 71 49 67 56 58 47 26 102 104 60 105 13 3 95 30 29 27 54 92 46 17 8 9 75 85 7 35 20 11 59 22 42 25 70 37 45 44 93 5 32 81 83 94 68 51 2 69 82 36 78 84 103 100 39 101 74 99 10 64 33 14 57 80 66 52 106 108 41 88 6 1 38 43 53 50 72 73 76 34 4 89 109 40 48 62 87 61 96 63 86 21 18 97 65 
0 19 31 77 90 23 79 55 107 24 29 27 54 92 46 17 8 9 75 85 7 35 20 11 59 22 42 25 70 98 15 91 16 12 28 71 49 67 56 58 47 26 102 104 60 105 13 3 95 30 41 88 6 1 38 43 53 50 72 73 76 34 4 89 109 40 48 62 87 61 96 63 86 21 18 97 65 66 52 106 108 37 45 44 93 5 32 81 83 94 68 51 2 69 82 36 78 84 103 100 39 101 74 99 10 64 33 14 57 80 
0 19 31 77 90 23 79 55 107 24 29 27 4 34 76 73 72 50 16 91 15 33 64 10 99 74 101 39 100 103 84 78 36 82 69 2 51 68 94 83 81 32 5 93 44 98 108 106 52 66 80 57 14 53 43 38 1 6 88 41 30 95 3 13 105 60 104 102 26 47 58 56 67 49 71 28 12 45 37 70 25 42 22 59 11 20 35 7 85 75 9 8 17 46 92 54 89 109 40 48 62 87 61 96 63 86 21 18 97 65 
0 19 31 77 44 23 79 55 107 24 29 27 54 92 46 17 8 9 75 85 7 35 20 11 59 22 42 25 70 37 45 90 93 5 32 81 83 94 68 51 2 69 82 36 78 84 103 100 39 101 74 99 10 64 33 14 57 80 66 52 106 108 98 15 34 76 73 72 50 53 43 38 1 6 88 41 30 95 3 13 105 60 104 102 26 47 58 56 67 49 71 28 12 16 91 4 89 109 40 48 62 87 61 96 63 86 21 18 97 65 
0 19 31 77 90 23 79 55 107 24 29 27 54 92 46 17 8 9 75 85 7 35 20 11 59 99 42 25 70 37 45 44 93 5 32 81 83 94 68 51 2 69 82 36 78 84 103 100 39 101 74 22 10 64 33 14 57 80 66 52 106 108 98 15 91 16 12 28 71 49 67 56 58 47 26 102 104 60 105 13 3 95 30 41 88 6 48 40 109 89 4 34 76 73 72 50 53 43 38 1 62 87 61 96 63 86 21 18 97 65 
0 19 31 57 80 66 52 106 108 98 15 91 16 12 28 71 49 67 56 58 47 26 102 104 60 105 13 3 95 30 41 88 6 1 38 43 53 50 72 73 76 34 4 89 109 14 18 21 86 63 96 61 87 62 48 40 77 90 23 79 55 107 24 29 27 54 92 46 17 8 9 75 85 7 35 20 11 59 22 42 25 70 37 45 44 93 5 32 81 83 94 68 51 2 69 82 36 78 84 103 100 39 101 74 99 10 64 33 97 65 
0 19 31 77 90 59 79 55 107 24 29 27 54 92 46 17 8 9 75 85 7 106 52 66 80 57 14 33 64 10 99 74 101 39 100 103 84 78 36 82 69 2 51 68 94 83 81 32 5 93 44 45 37 70 25 42 22 23 11 20 35 108 98 15 91 16 12 28 71 49 67 56 58 47 26 102 104 60 105 13 3 95 30 41 88 6 1 38 43 53 50 72 73 76 34 4 89 109 40 48 62 87 61 96 63 86 21 18 97 65 
0 19 31 77 90 23 79 55 107 24 29 27 54 92 46 17 8 9 75 85 7 35 20 11 59 22 42 25 70 37 45 44 93 5 32 81 83 94 68 51 2 69 82 36 78 84 103 100 39 101 74 99 10 64 33 14 57 80 66 106 108 98 15 91 16 12 28 71 49 67 56 58 47 26 102 104 60 105 13 3 95 30 87 61 96 63 86 21 18 97 53 50 72 73 76 34 4 89 109 52 40 48 62 41 88 6 1 38 43 65 
0 19 31 77 90 23 79 55 107 24 29 27 54 92 46 50 72 73 76 34 7 35 20 11 59 22 42 25 70 37 45 44 93 5 32 81 83 94 68 51 2 69 82 36 78 84 103 100 39 101 74 99 10 64 33 14 57 80 66 52 106 108 98 15 91 16 12 28 71 49 67 56 58 47 26 102 104 60 105 13 3 95 30 41 88 6 1 38 43 53 17 8 9 75 85 4 89 109 40 48 62 87 61 96 63 86 21 18 97 65 
0 31 77 90 23 79 55 107 24 29 27 54 92 46 17 8 9 75 85 7 35 20 11 59 22 42 25 70 37 45 44 93 5 32 26 102 104 60 105 13 3 95 30 41 88 6 1 38 43 53 50 72 73 76 34 4 89 109 40 19 108 98 15 91 16 12 28 71 49 67 56 58 47 81 83 94 68 51 2 69 82 36 78 84 103 100 39 101 74 99 10 64 33 14 57 80 66 52 106 48 62 87 61 96 63 86 21 18 97 65 
0 19 31 77 90 23 14 57 80 66 52 106 108 98 15 91 16 12 28 71 49 67 56 58 47 26 102 104 60 105 13 3 95 30 41 88 6 1 38 43 53 50 72 73 76 34 4 89 109 40 48 62 10 64 33 79 55 107 24 29 27 54 92 46 17 8 9 75 85 7 35 20 11 59 22 42 25 70 37 45 44 93 5 32 81 83 94 68 51 2 69 82 36 78 84 103 100 39 101 74 99 87 61 96 63 86 21 18 97 65 
0 19 31 77 90 23 79 55 107 24 29 27 54 92 46 17 8 9 52 85 7 35 20 11 59 22 42 25 70 37 45 44 93 5 32 81 83 94 68 51 2 69 82 36 78 84 103 100 39 101 74 99 10 64 33 14 57 80 66 75 106 108 98 15 91 16 12 28 71 49 67 56 58 47 26 102 104 60 105 13 3 95 30 41 88 6 1 38 43 53 50 72 73 76 34 4 89 109 40 48 62 87 61 96 63 86 21 18 97 65 
0 19 31 77 90 23 79 55 107 24 29 27 54 92 46 17 8 108 75 85 7 35 20 11 59 22 42 25 70 37 45 44 93 5 32 81 83 94 68 51 2 69 82 36 78 84 103 100 39 101 74 99 10 64 33 14 57 80 66 52 106 9 98 15 91 16 12 28 71 49 67 56 58 47 26 102 104 60 105 13 3 95 30 41 88 6 1 38 43 53 50 72 73 76 34 4 89 109 40 48 62 87 61 96 63 86 21 18 97 65 
0 19 31 77 90 23 79 55 107 24 29 27 54 33 46 17 8 9 75 85 7 35 20 11 59 22 42 25 70 37 45 44 93 5 32 81 83 94 68 51 2 69 82 36 78 84 103 100 39 101 74 99 10 64 92 14 57 80 66 52 106 108 98 15 91 16 12 28 71 49 67 56 58 47 26 102 104 60 105 13 3 95 30 41 88 6 1 38 43 53 50 72 73 76 34 4 89 109 40 48 62 87 61 96 63 86 21 18 97 65 
0 19 31 77 90 23 79 55 107 24 29 27 54 92 46 34 8 9 75 85 7 35 20 11 59 22 42 25 70 37 45 44 93 5 32 81 83 94 68 51 2 69 82 36 78 84 103 100 39 101 74 99 10 64 33 14 57 80 66 52 106 108 98 15 91 16 12 28 71 49 67 56 58 47 26 102 104 60 105 13 3 95 30 41 88 6 1 38 43 53 50 72 73 76 17 4 89 109 40 48 62 87 61 96 63 86 21 18 97 65 
0 19 31 77 90 23 79 55 107 24 29 27 54 92 46 17 8 9 75 85 7 35 20 11 59 22 42 25 70 37 45 44 93 5 32 81 83 94 68 51 67 69 82 36 78 84 103 100 39 101 74 99 10 64 14 57 80 66 52 106 108 98 15 91 16 12 28 71 49 2 56 58 47 26 102 104 60 105 13 3 95 30 41 88 6 1 38 43 53 50 72 73 76 34 4 89 109 40 48 62 87 61 96 63 86 33 21 18 97 65 
0 19 31 90 23 79 55 107 24 29 27 54 92 46 17 8 9 75 85 7 35 20 11 59 42 25 70 37 45 44 93 5 32 81 83 94 68 51 2 69 82 36 78 84 103 100 39 101 74 99 10 64 33 14 57 80 66 52 106 108 98 15 91 16 12 28 71 49 67 56 58 47 26 102 22 104 60 105 13 3 95 30 41 88 6 1 38 43 53 50 72 73 76 34 4 77 89 109 40 48 62 87 61 96 63 86 21 18 97 65 
0 19 31 77 90 23 79 55 107 24 29 27 54 92 46 17 8 9 75 85 7 35 20 11 59 50 42 25 70 37 45 44 93 5 32 81 83 94 68 51 2 69 82 36 78 84 103 100 39 101 74 99 10 64 33 14 57 80 66 52 106 108 98 15 91 16 12 28 71 49 67 56 58 47 26 102 104 60 105 3 95 30 41 88 6 1 38 43 53 22 72 73 76 34 4 89 109 40 48 62 87 61 96 13 63 86 21 18 97 65 
0 19 31 77 90 23 79 55 107 24 29 27 54 92 46 8 9 75 85 7 35 20 11 59 22 42 25 70 37 45 44 93 5 32 81 83 94 68 51 2 69 82 36 78 84 103 100 39 101 17 74 99 10 64 33 14 57 80 66 52 106 108 98 15 91 16 12 28 71 49 67 56 58 47 26 102 104 4 89 109 40 48 62 87 61 96 63 86 21 18 50 72 73 76 34 60 105 13 3 95 30 41 88 6 1 38 43 53 97 65 
0 19 31 77 90 23 79 55 107 75 9 8 17 46 92 54 27 29 24 85 7 35 20 11 59 6 42 25 70 37 45 44 93 5 32 81 83 94 68 51 2 69 82 36 78 84 103 100 39 101 74 99 10 64 33 14 57 80 66 52 106 108 98 15 91 16 12 28 71 49 67 56 58 47 26 102 104 60 105 13 3 95 30 41 88 22 1 38 43 53 50 72 73 76 34 4 89 109 40 48 62 87 61 96 63 86 21 18 97 65 
0 52 106 108 98 15 91 16 12 28 71 49 67 56 58 47 26 102 104 60 105 13 3 95 30 41 88 6 1 38 43 53 50 72 73 76 34 4 89 109 40 48 62 87 61 96 63 100 39 101 74 99 10 64 33 14 57 80 66 19 31 77 90 23 79 55 107 24 29 27 54 92 46 17 8 9 75 85 7 35 20 11 59 22 42 25 70 37 45 44 93 5 32 81 83 94 68 51 2 69 82 36 78 84 103 86 21 18 97 65 
0 19 31 77 90 23 79 55 107 24 63 27 54 92 46 17 8 9 75 85 7 35 20 11 59 22 42 25 70 37 45 44 93 5 32 81 83 94 68 51 2 69 82 36 78 84 103 100 39 101 74 99 10 64 33 14 57 80 66 52 106 108 98 15 91 16 12 28 71 49 67 56 58 47 26 102 104 60 105 13 3 95 30 41 88 6 1 38 43 53 50 72 73 76 34 4 89 109 40 48 62 87 61 96 29 86 21 18 97 65 
0 19 31 77 90 23 79 55 107 24 29 27 54 92 3 95 30 41 88 6 1 38 43 53 50 72 73 76 34 4 89 109 40 48 62 87 61 96 63 86 21 18 82 36 78 84 103 100 39 101 74 99 10 64 33 14 57 80 66 52 106 108 98 15 91 16 12 28 71 49 67 56 58 47 26 102 104 60 105 13 46 17 8 9 75 85 7 35 20 11 59 22 42 25 70 37 45 44 93 5 32 81 83 94 68 51 2 69 97 65 
0 19 31 77 90 23 79 55 107 24 29 27 54 92 46 103 8 9 75 85 35 20 11 59 22 42 25 70 37 45 44 93 5 32 81 7 83 94 68 51 2 69 82 36 78 84 17 100 39 101 74 99 10 64 33 14 57 80 66 52 106 108 98 15 91 16 12 28 71 49 67 56 58 47 26 102 104 60 105 13 3 95 30 41 88 6 1 38 43 53 50 72 73 76 34 4 89 109 40 48 62 87 61 96 63 86 21 18 97 65 
0 19 31 77 90 23 79 55 11 20 35 7 85 75 9 8 17 46 92 54 27 29 24 107 59 22 42 25 70 37 45 44 93 5 32 81 83 94 68 51 2 69 82 36 78 84 103 100 39 101 74 99 10 64 33 14 57 80 66 52 106 108 98 15 91 16 12 28 71 49 67 56 58 47 26 102 104 21 105 13 3 95 30 41 88 6 1 38 43 53 50 72 73 76 34 4 89 109 40 48 62 87 61 96 63 86 60 18 97 65 
0 19 31 77 90 23 79 55 107 24 29 27 54 92 46 17 8 9 75 85 7 35 58 56 67 49 71 28 12 16 91 15 98 108 106 52 66 80 57 14 33 64 10 99 74 101 39 100 103 30 78 36 82 69 2 51 68 94 83 81 32 5 93 44 45 37 70 25 42 22 59 11 20 47 26 102 104 60 105 13 3 95 84 41 88 6 1 38 43 53 50 72 73 76 34 4 89 109 40 48 62 87 61 96 63 86 21 18 97 65 
0 19 31 77 90 23 79 55 107 24 29 27 54 92 46 17 8 9 1 85 7 35 20 11 59 22 42 25 70 37 45 44 93 5 32 81 83 94 68 51 2 69 82 36 78 84 103 100 39 101 74 99 10 64 33 14 57 80 66 52 106 108 98 15 91 16 12 28 71 49 67 56 58 47 26 102 104 60 105 13 3 95 30 41 88 6 75 38 43 53 50 72 73 76 34 4 89 109 40 48 62 87 61 96 63 86 21 18 97 65 
0 19 31 77 90 23 79 98 15 91 16 12 28 71 49 67 56 58 47 26 102 104 60 105 13 3 95 30 41 88 6 1 38 43 53 50 72 73 76 34 4 89 109 40 48 62 87 61 96 63 86 99 10 64 33 14 57 80 66 52 106 108 55 107 24 29 27 54 92 46 17 8 9 75 85 7 35 20 11 59 22 42 25 70 37 45 44 93 5 32 81 83 94 68 51 2 69 82 36 78 84 103 100 39 101 74 21 18 97 65 
0 66 80 57 42 22 59 11 20 35 7 85 75 9 8 17 46 92 54 27 29 24 107 55 79 23 90 77 31 19 52 106 108 98 15 91 16 12 28 71 49 67 56 58 47 26 103 100 39 101 74 99 10 64 33 72 25 70 37 45 44 93 5 32 81 83 94 68 51 2 69 82 36 78 84 102 104 60 105 13 3 95 30 41 88 6 1 38 43 53 50 14 73 76 34 4 89 109 40 48 62 87 61 96 63 86 21 18 97 65 
0 19 31 77 90 23 79 55 107 24 29 27 54 92 46 17 8 9 75 85 7 35 20 11 59 22 42 25 70 56 45 44 93 5 104 102 26 47 58 37 67 49 71 28 12 16 91 15 98 108 106 52 66 80 57 14 33 64 10 99 74 101 39 100 103 84 78 36 82 69 2 51 68 94 83 81 32 60 105 13 3 95 30 41 88 6 1 38 43 53 50 72 73 76 34 4 89 109 40 48 62 87 61 96 63 86 21 18 97 65 
0 19 31 77 90 23 79 55 107 24 29 28 54 92 46 17 8 9 75 85 7 35 20 11 59 22 42 25 70 37 45 44 93 5 32 81 83 94 68 51 2 69 82 36 78 84 103 100 39 101 74 99 10 64 33 14 57 80 66 52 106 108 98 15 91 16 12 27 71 49 67 56 58 47 26 102 104 60 105 13 3 95 30 41 88 6 1 38 43 53 50 72 73 76 34 4 89 109 40 48 62 87 61 96 63 86 21 18 97 65 
0 91 16 12 28 80 71 49 67 56 58 47 26 102 104 105 13 3 95 30 41 88 6 1 38 43 42 25 70 37 45 44 93 5 32 81 83 94 68 51 2 69 82 36 78 84 103 100 39 101 74 99 10 64 33 14 57 60 66 52 106 108 98 15 19 31 77 90 23 79 55 107 24 29 27 54 92 46 17 8 9 75 85 7 35 20 11 59 22 53 50 72 73 76 34 4 89 109 40 48 62 87 61 96 63 86 21 18 97 65 
0 19 31 77 90 23 79 55 107 24 45 37 70 25 42 22 59 11 20 35 7 85 75 9 8 17 46 92 54 27 29 44 93 5 32 81 83 94 68 51 2 69 82 36 78 84 103 100 39 101 74 99 10 64 33 14 57 80 66 52 106 108 98 15 91 16 12 28 71 49 67 56 58 47 26 102 104 60 105 13 3 95 30 41 88 6 1 38 43 65 50 72 73 76 34 4 89 109 40 48 62 87 61 96 63 86 21 18 97 53 
0 19 31 77 90 23 79 55 107 24 29 27 54 92 46 17 8 9 80 66 52 106 108 98 15 91 16 12 28 71 49 67 56 7 85 75 57 14 33 64 10 99 74 101 39 100 6 88 41 30 95 3 13 105 60 104 102 26 47 58 35 20 11 59 22 42 25 70 37 45 44 93 5 32 81 83 94 68 51 2 69 82 36 78 84 103 1 38 43 53 50 72 73 76 34 4 89 109 40 48 62 87 61 96 63 86 21 18 97 65 
0 19 31 77 90 23 79 55 107 24 29 27 54 92 46 17 8 9 75 85 7 35 20 11 106 22 42 25 70 37 45 44 93 5 32 81 83 94 68 51 2 69 82 36 78 84 103 100 39 101 74 99 10 64 33 14 57 80 66 52 59 108 98 15 91 16 12 28 71 49 67 56 58 47 26 102 104 60 105 13 3 95 30 41 88 109 40 48 62 87 61 96 63 86 21 18 97 6 1 38 43 53 50 72 73 76 34 4 89 65 
0 19 67 77 90 23 79 55 107 24 29 27 54 92 46 17 8 9 75 85 7 35 20 11 59 22 42 25 70 37 45 44 93 5 32 81 83 94 68 51 2 69 82 36 78 84 103 100 39 101 74 99 10 64 33 14 57 80 66 52 106 108 98 15 91 16 12 28 71 49 31 56 58 47 26 102 104 60 105 13 3 95 30 41 88 6 1 38 43 53 50 72 73 76 34 4 89 109 40 48 62 87 61 96 63 86 21 18 97 65 
0 19 31 77 90 23 79 55 107 24 29 27 54 92 46 17 8 66 80 57 14 33 64 44 99 74 101 39 100 103 84 78 36 82 2 51 68 94 83 81 32 5 93 10 45 37 70 25 42 22 59 11 20 35 7 85 75 9 52 106 108 98 15 91 16 12 28 71 49 67 56 58 47 26 102 104 60 105 69 13 3 95 30 41 88 6 1 38 43 53 50 72 73 76 34 4 89 109 40 48 62 87 61 96 63 86 21 18 97 65 
0 19 31 77 90 23 79 55 107 64 33 14 57 80 66 52 106 108 98 15 91 16 12 28 71 49 67 56 58 47 26 102 104 60 105 13 83 94 68 51 2 69 82 36 78 84 103 100 39 101 74 99 10 24 29 27 20 92 46 17 8 9 75 85 7 35 54 11 59 22 42 25 70 37 45 44 93 5 32 81 3 95 30 41 88 6 73 72 50 53 43 38 1 76 34 4 89 109 40 48 62 87 61 96 63 86 21 18 97 65 
0 19 31 77 90 23 79 55 107 24 98 15 91 8 17 46 92 54 27 29 3 13 105 60 104 102 26 47 58 56 67 49 71 28 12 16 9 75 85 7 35 20 11 59 22 42 25 70 37 45 44 93 5 32 81 83 94 68 51 2 69 82 36 78 84 103 100 39 101 74 99 10 64 33 14 57 80 66 52 106 108 95 30 41 88 6 1 38 43 53 50 72 73 76 34 4 89 109 40 48 62 87 61 96 63 86 21 18 97 65 
0 19 31 77 90 23 34 4 89 109 40 48 91 45 44 93 39 101 74 99 10 64 33 14 57 80 66 52 106 108 98 15 16 12 28 71 49 67 56 58 47 26 102 104 60 105 13 3 95 30 41 88 84 103 100 5 32 81 83 94 68 51 2 69 82 36 78 79 55 107 24 29 27 54 92 46 17 8 9 75 85 7 35 20 11 59 22 42 25 70 37 6 1 38 43 53 50 72 73 76 62 87 61 96 63 86 21 18 97 65 
0 19 31 67 90 23 79 55 107 24 29 27 54 92 46 17 8 9 75 85 7 35 20 11 59 22 42 25 70 37 45 44 93 5 32 81 83 94 68 51 2 69 82 36 78 84 103 100 39 101 74 99 10 64 33 14 57 80 66 16 91 15 98 108 106 52 12 28 71 49 77 56 58 47 26 102 104 60 105 13 3 95 30 41 88 6 1 38 43 53 50 72 73 76 34 4 89 109 40 48 62 87 61 96 63 86 21 18 97 65 
0 19 31 77 90 23 79 55 107 47 29 27 54 92 46 17 8 9 75 85 7 35 20 11 59 22 42 25 70 37 45 44 93 5 32 81 83 94 68 51 2 69 82 36 78 84 103 100 39 101 74 99 10 64 33 14 57 80 66 52 106 108 98 15 91 16 12 28 71 49 67 56 58 24 26 102 104 60 105 13 3 95 30 41 88 6 1 38 43 53 50 72 73 76 34 4 89 109 40 48 62 87 61 96 63 86 21 18 97 65 
0 19 31 77 90 23 79 55 107 24 6 27 54 92 46 17 8 9 75 85 7 35 20 11 59 22 42 25 70 37 45 44 93 5 32 81 83 94 68 51 2 69 82 36 78 84 103 100 39 101 74 99 10 64 33 14 57 80 66 52 106 108 98 15 91 16 12 28 71 49 67 56 58 47 26 29 102 104 60 105 13 3 95 30 41 88 1 38 43 53 50 72 73 76 34 4 89 109 40 48 62 87 61 96 63 86 21 18 97 65 
0 19 31 77 90 23 79 55 107 24 29 27 95 92 46 17 8 9 75 85 7 35 20 11 59 22 42 25 70 37 45 44 93 5 32 81 83 94 68 51 2 69 82 36 78 84 103 100 39 101 74 99 10 64 33 14 57 80 66 52 106 108 98 15 91 16 12 28 71 49 67 56 58 47 26 102 104 60 105 13 3 54 30 41 6 88 1 38 43 53 50 72 73 76 34 4 89 109 40 48 62 87 61 96 63 86 21 18 97 65 
0 19 31 77 90 23 30 55 107 24 29 27 54 92 46 17 8 9 75 85 7 35 20 11 59 22 42 25 70 37 45 44 93 5 32 81 83 94 68 51 2 69 82 36 78 84 103 100 39 101 74 99 10 64 33 14 57 80 66 52 106 108 98 15 91 16 12 28 71 58 56 67 49 47 26 102 104 60 105 13 3 95 79 41 88 6 1 38 43 53 50 72 73 76 34 4 89 109 40 48 62 87 61 96 63 86 21 18 97 65 
0 19 31 56 90 23 79 55 107 24 29 27 54 92 46 17 8 9 75 85 7 35 20 11 59 22 42 25 70 37 45 44 93 5 32 81 83 94 68 2 69 82 36 14 33 64 10 99 74 101 39 100 103 84 78 57 80 66 52 106 108 98 15 91 16 12 28 71 49 67 77 58 47 26 102 104 60 105 13 3 95 30 41 88 6 1 38 43 53 50 72 73 76 34 4 51 89 109 40 48 62 87 61 96 63 86 21 18 97 65 
0 19 31 67 56 58 47 26 102 104 60 105 13 3 95 30 88 6 1 38 43 53 50 72 73 76 34 4 89 109 40 48 62 5 32 81 83 94 68 51 2 69 82 36 78 84 103 100 39 101 74 99 10 64 33 14 57 80 66 52 106 108 98 15 91 16 12 28 71 49 77 90 23 79 55 107 24 29 27 54 92 46 17 8 9 75 85 7 35 20 11 59 22 42 25 70 37 45 44 93 87 61 96 63 86 21 18 97 65 41 
0 19 31 77 90 23 79 55 107 24 29 27 54 92 46 17 8 87 61 96 63 86 21 18 97 52 106 108 98 15 59 22 42 25 70 37 45 44 93 5 32 81 83 94 68 51 2 69 82 53 50 72 73 76 34 4 89 109 40 48 62 9 75 85 7 35 20 11 91 16 12 28 71 49 67 56 58 47 26 102 104 60 105 13 3 95 30 41 88 6 1 38 43 36 78 84 103 100 39 101 74 99 10 64 33 14 57 80 66 65 
0 19 31 77 90 23 79 55 107 24 29 27 54 92 46 17 8 87 61 96 63 86 21 18 97 52 106 108 98 15 59 22 42 25 70 37 45 44 93 5 32 81 83 94 68 51 2 69 82 53 50 72 73 76 34 4 89 109 40 48 62 9 75 85 7 35 20 11 91 16 12 28 71 49 67 56 58 47 26 102 104 60 105 36 78 84 103 100 39 101 74 99 10 64 33 14 57 80 66 13 3 95 30 41 88 6 1 38 43 65 
0 19 31 77 90 23 79 13 107 24 29 27 54 92 46 17 8 9 75 85 7 35 20 11 59 22 42 25 70 37 45 44 93 5 32 81 83 94 68 51 2 69 82 36 78 84 103 100 39 101 74 99 10 64 33 14 57 80 66 52 106 108 98 15 91 16 12 28 71 49 67 56 58 47 26 102 60 105 55 3 104 95 30 41 6 1 38 43 53 50 72 88 73 76 34 4 89 109 40 48 62 87 61 96 63 86 21 18 97 65 
0 19 31 77 90 23 79 55 107 24 33 14 80 66 52 106 88 6 1 38 43 53 50 72 73 76 74 99 10 64 29 104 60 105 13 3 95 30 41 108 98 15 91 16 12 28 71 49 67 56 58 47 26 102 27 54 92 46 17 8 9 75 85 7 35 20 11 59 22 42 25 70 37 45 44 93 5 32 81 83 94 68 51 2 69 82 36 78 84 103 100 39 101 34 57 4 89 109 40 48 62 87 61 96 63 86 21 18 97 65 
0 19 31 77 90 23 79 55 107 24 78 27 54 29 92 46 17 8 9 75 85 7 35 20 11 59 22 42 25 70 37 45 44 93 34 76 73 72 84 103 100 39 101 74 99 10 64 51 104 94 83 81 32 5 4 89 109 40 105 60 68 102 26 47 58 56 67 49 71 28 12 16 91 15 98 108 106 52 66 80 57 14 33 2 69 82 36 50 53 43 38 1 6 13 3 95 30 41 88 48 62 87 61 96 63 86 21 18 97 65 
0 19 31 77 90 23 79 55 107 24 50 72 73 27 29 53 43 38 1 6 88 44 93 5 32 81 83 94 68 51 2 69 82 36 78 84 103 100 39 101 74 99 10 64 33 14 57 80 66 52 106 108 98 15 91 16 12 28 71 49 67 56 58 47 26 102 104 60 105 13 3 95 30 41 45 37 70 25 42 22 63 96 61 87 62 48 40 109 89 4 34 76 54 92 46 17 8 9 75 85 7 35 20 11 59 86 21 18 97 65 
0 19 31 77 90 23 79 55 107 24 29 95 54 92 46 17 8 9 75 85 7 35 20 11 59 22 42 25 70 37 45 44 93 5 32 81 83 94 68 51 2 69 82 36 78 84 103 100 39 101 74 99 10 64 33 14 13 66 52 106 108 98 15 91 16 12 28 71 49 67 56 58 47 26 102 104 60 105 57 80 3 27 30 41 88 6 1 38 43 53 50 72 73 76 34 4 89 109 40 48 62 87 61 96 63 86 21 18 97 65 
0 19 31 77 90 23 79 55 107 24 29 48 62 87 61 17 8 9 103 85 7 35 20 11 59 22 42 25 70 37 45 44 93 5 32 81 83 94 68 51 2 69 82 36 78 84 75 99 74 101 39 100 10 64 33 14 57 80 66 52 106 108 98 15 91 16 12 28 71 49 67 56 58 47 26 102 104 60 105 13 3 95 30 41 88 6 1 38 43 53 50 72 73 76 34 4 89 109 40 27 54 92 46 96 63 86 21 18 97 65 
0 19 31 77 90 23 79 55 107 12 27 54 92 46 17 8 9 75 85 7 35 20 11 59 22 42 25 70 37 45 44 93 5 32 81 83 94 68 51 2 69 82 36 78 84 103 100 39 101 74 99 10 64 33 14 57 24 80 66 52 106 108 98 15 91 16 29 28 71 49 67 56 58 47 26 102 104 60 105 13 3 95 30 41 88 6 1 38 43 53 50 72 73 76 34 4 89 109 40 48 62 87 61 96 63 86 21 18 97 65 
0 19 31 51 2 69 82 36 78 84 103 100 39 101 74 99 10 64 33 14 35 20 11 59 22 42 9 25 70 37 45 44 93 5 32 81 83 94 68 77 90 23 79 55 107 24 29 27 54 92 46 17 8 75 85 7 57 80 66 52 106 108 98 15 97 16 12 28 71 49 67 56 58 47 26 102 104 60 105 13 3 95 30 41 88 6 1 38 43 53 50 72 73 76 34 4 89 109 40 48 62 87 61 96 63 86 21 18 91 65 
0 72 50 53 43 38 1 6 88 41 30 95 3 13 105 60 63 102 26 47 58 56 67 49 71 28 12 16 15 98 108 106 52 66 80 57 19 73 76 34 4 89 109 40 48 62 87 61 96 104 86 21 18 97 65 31 77 90 23 79 55 107 24 29 27 54 92 46 17 8 9 75 85 7 35 20 11 59 22 42 25 70 37 45 44 93 5 32 81 83 94 68 51 2 69 82 36 78 84 103 91 100 39 101 74 99 10 64 33 14 
0 19 31 77 90 23 79 55 107 24 29 27 54 102 46 17 8 9 75 85 7 35 20 11 59 22 42 25 70 37 45 44 93 5 32 81 83 94 68 51 2 69 82 53 50 72 73 76 34 4 89 109 40 48 62 87 80 66 52 106 108 98 15 91 16 12 28 71 49 67 56 58 47 26 92 104 60 103 105 13 3 95 30 41 88 6 1 38 43 36 78 84 100 39 101 74 99 10 64 33 14 57 61 96 63 86 21 18 97 65 
0 19 31 77 90 23 79 55 107 24 29 67 49 8 17 46 92 54 27 56 58 47 26 102 104 60 105 13 3 95 30 41 88 6 1 38 43 53 50 72 73 76 34 4 89 109 40 48 62 87 61 96 63 33 14 57 80 66 52 106 108 98 15 91 16 12 28 71 9 75 86 85 7 35 20 11 59 22 42 25 70 37 45 44 93 69 2 51 68 94 83 81 32 5 82 36 78 84 103 100 39 101 74 99 10 64 21 18 97 65 
0 72 50 53 43 38 1 6 88 41 30 95 3 13 105 60 63 102 26 47 58 56 67 49 71 28 12 16 91 15 98 108 106 52 66 80 57 19 73 76 34 4 89 109 22 48 62 87 61 96 104 86 21 18 97 65 31 77 90 23 79 55 107 24 29 27 54 92 46 17 8 9 75 85 7 35 20 11 59 40 42 25 70 37 45 44 93 5 32 81 83 94 68 51 2 69 82 36 78 84 103 100 39 101 74 99 10 64 33 14 
0 19 31 34 90 23 79 55 107 24 29 27 54 92 46 17 8 9 75 85 7 35 20 11 59 22 42 25 77 89 109 40 48 91 45 44 93 5 32 81 83 94 68 51 2 69 82 36 78 98 108 106 52 66 80 57 14 33 64 10 99 74 101 39 100 103 84 15 62 87 61 96 63 86 21 18 97 65 73 76 70 37 16 12 28 71 49 4 67 56 58 47 26 102 104 60 105 13 3 95 30 41 88 6 1 38 43 53 50 72 
0 19 31 77 90 106 34 4 89 109 40 48 91 45 44 93 5 32 81 83 94 68 51 2 69 82 36 78 98 108 23 52 66 80 57 14 33 64 10 21 18 97 65 73 76 79 55 107 24 61 96 63 86 99 74 101 39 100 103 84 15 62 87 29 27 54 92 46 17 8 9 75 85 7 35 20 11 59 22 42 25 70 37 16 12 28 71 49 67 56 58 47 26 102 104 60 105 13 3 95 30 41 88 6 1 38 43 53 50 72 
