0 65 97 19 31 55 24 27 29 46 17 92 54 8 9 75 7 35 11 37 44 83 109 40 48 50 80 57 73 62 87 63 86 21 18 61 96 45 81 4 34 76 14 108 64 99 74 101 39 100 103 84 33 106 16 98 10 15 91 12 56 67 88 41 30 95 3 13 105 60 104 102 26 47 58 49 28 66 52 71 38 6 1 43 53 72 89 94 68 36 78 82 69 2 51 32 5 93 70 25 20 42 22 59 85 107 79 23 90 77 
0 65 97 19 31 55 24 27 29 46 17 92 54 8 9 75 7 35 11 37 44 83 109 40 48 50 80 57 73 62 87 63 86 21 18 61 96 45 81 4 34 76 14 108 64 99 74 101 39 100 103 84 33 106 16 98 10 15 91 12 56 67 88 41 30 95 3 13 105 60 104 102 26 47 58 49 28 66 52 71 38 6 1 43 53 72 89 94 68 36 78 82 69 2 51 32 5 93 70 25 20 42 22 59 85 107 79 23 90 77 
0 65 97 19 31 55 24 27 29 46 17 92 54 8 9 75 7 35 11 37 44 83 109 40 48 50 80 57 73 62 87 63 86 21 18 61 96 45 81 4 34 76 14 108 64 99 74 101 39 100 103 84 33 106 16 98 10 15 91 12 56 67 88 41 30 95 3 13 105 60 104 102 26 47 58 49 28 66 52 71 38 6 1 43 53 72 89 94 68 36 78 82 69 2 51 32 5 93 70 25 20 42 22 59 85 107 79 23 90 77 
0 65 97 19 31 55 24 27 29 46 17 92 54 8 9 75 7 35 11 37 44 83 109 40 48 50 80 57 73 62 87 63 86 21 18 61 96 45 81 4 34 76 14 108 64 99 74 101 39 100 103 84 33 106 16 98 10 15 91 12 56 67 88 41 30 95 3 13 105 60 104 102 26 47 58 49 28 66 52 71 38 6 1 43 53 72 89 94 68 36 78 82 69 2 51 32 5 93 70 25 20 42 22 59 85 107 79 23 90 77 
0 65 97 19 31 55 24 27 29 46 17 92 54 8 9 75 7 35 11 37 44 83 109 40 48 50 80 57 73 62 87 63 86 21 18 61 96 45 81 4 34 76 14 108 64 99 74 101 39 100 103 84 33 106 16 98 10 15 91 12 56 67 88 41 30 95 3 13 105 60 104 102 26 47 58 49 28 66 52 71 38 6 1 43 53 72 89 94 68 36 78 82 69 2 51 32 5 93 70 25 20 42 22 59 85 107 79 23 90 77 
0 65 97 19 31 55 24 27 29 46 17 92 54 8 9 75 7 35 11 37 44 83 109 40 48 50 80 57 73 62 87 63 86 21 18 61 96 45 81 4 34 76 14 108 64 99 74 101 39 100 103 84 33 106 16 98 10 15 91 12 56 67 88 41 30 95 3 13 105 60 104 102 26 47 58 49 28 66 52 71 38 6 1 43 53 72 89 94 68 36 78 82 69 2 51 32 5 93 70 25 20 42 22 59 85 107 79 23 90 77 
0 65 97 19 31 55 24 27 29 46 17 92 54 8 9 75 7 35 11 37 44 83 109 40 48 50 80 57 73 62 87 63 86 21 18 61 96 45 81 4 34 76 14 108 64 99 74 101 39 100 103 84 33 106 16 98 10 15 91 12 56 67 88 41 30 95 3 13 105 60 104 102 26 47 58 49 28 66 52 71 38 6 1 43 53 72 89 94 68 36 78 82 69 2 51 32 5 93 70 25 20 42 22 59 85 107 79 23 90 77 
0 65 97 19 31 55 24 27 29 46 17 92 54 8 9 75 7 35 11 37 44 83 109 40 48 50 80 57 73 62 87 63 86 21 18 61 96 45 81 4 34 76 14 108 64 99 74 101 39 100 103 84 33 106 16 98 10 15 91 12 56 67 88 41 30 95 3 13 105 60 104 102 26 47 58 49 28 66 52 71 38 6 1 43 53 72 89 94 68 36 78 82 69 2 51 32 5 93 70 25 20 42 22 59 85 107 79 23 90 77 
0 65 97 19 31 55 24 27 29 46 17 92 54 8 9 75 7 35 11 37 44 83 109 40 48 50 80 57 73 62 87 63 86 21 18 61 96 45 81 4 34 76 14 108 64 99 74 101 39 100 103 84 33 106 16 98 10 15 91 12 56 67 88 41 30 95 3 13 105 60 104 102 26 47 58 49 28 66 52 71 38 6 1 43 53 72 89 94 68 36 78 82 69 2 51 32 5 93 70 25 20 42 22 59 85 107 79 23 90 77 
0 65 97 19 31 55 24 27 29 46 17 92 54 8 9 75 7 35 11 37 44 83 109 40 48 50 80 57 73 62 87 63 86 21 18 61 96 45 81 4 34 76 14 108 64 99 74 101 39 100 103 84 33 106 16 98 10 15 91 12 56 67 88 41 30 95 3 13 105 60 104 102 26 47 58 49 28 66 52 71 38 6 1 43 53 72 89 94 68 36 78 82 69 2 51 32 5 93 70 25 20 42 22 59 85 107 79 23 90 77 
0 65 97 19 31 55 24 27 29 46 17 92 54 8 9 75 7 35 11 37 44 83 109 40 48 50 80 57 73 62 87 63 86 21 18 61 96 45 81 4 34 76 14 108 64 99 74 101 39 100 103 84 33 106 16 98 10 15 91 12 56 67 88 41 30 95 3 13 105 60 104 102 26 47 58 49 28 66 52 71 38 6 1 43 53 72 89 94 68 36 78 82 69 2 51 32 5 93 70 25 20 42 22 59 85 107 79 23 90 77 
0 65 97 19 31 55 24 27 29 46 17 92 54 8 9 75 7 35 11 37 44 83 109 40 48 50 80 57 73 62 87 63 86 21 18 61 96 45 81 4 34 76 14 108 64 99 74 101 39 100 103 84 33 106 16 98 10 15 91 12 56 67 88 41 30 95 3 13 105 60 104 102 26 47 58 49 28 66 52 71 38 6 1 43 53 72 89 94 68 36 78 82 69 2 51 32 5 93 70 25 20 42 22 59 85 107 79 23 90 77 
0 65 97 19 31 55 24 27 29 46 17 92 54 8 9 75 7 35 11 37 44 83 109 40 48 50 80 57 73 62 87 63 86 21 18 61 96 45 81 4 34 76 14 108 64 99 74 101 39 100 103 84 33 106 16 98 10 15 91 12 56 67 88 41 30 95 3 13 105 60 104 102 26 47 58 49 28 66 52 71 38 6 1 43 53 72 89 94 68 36 78 82 69 2 51 32 5 93 70 25 20 42 22 59 85 107 79 23 90 77 
0 65 97 19 31 55 24 27 29 46 17 92 54 8 9 75 7 35 11 37 44 83 109 40 48 50 80 57 73 62 87 63 86 21 18 61 96 45 81 4 34 76 14 108 64 99 74 101 39 100 103 84 33 106 16 98 10 15 91 12 56 67 88 41 30 95 3 13 105 60 104 102 26 47 58 49 28 66 52 71 38 6 1 43 53 72 89 94 68 36 78 82 69 2 51 32 5 93 70 25 20 42 22 59 85 107 79 23 90 77 
0 65 97 19 31 55 24 27 29 46 17 92 54 8 9 75 7 35 11 37 44 83 109 40 48 50 80 57 73 62 87 63 86 21 18 61 96 45 81 4 34 76 14 108 64 99 74 101 39 100 103 84 33 106 16 98 10 15 91 12 56 67 88 41 30 95 3 13 105 60 104 102 26 47 58 49 28 66 52 71 38 6 1 43 53 72 89 94 68 36 78 82 69 2 51 32 5 93 70 25 20 42 22 59 85 107 79 23 90 77 
0 65 97 19 31 55 24 27 29 46 17 92 54 8 9 75 7 35 11 37 44 83 109 40 48 50 80 57 73 62 87 63 86 21 18 61 96 45 81 4 34 76 14 108 64 99 74 101 39 100 103 84 33 106 16 98 10 15 91 12 56 67 88 41 30 95 3 13 105 60 104 102 26 47 58 49 28 66 52 71 38 6 1 43 53 72 89 94 68 36 78 82 69 2 51 32 5 93 70 25 20 42 22 59 85 107 79 23 90 77 
0 65 97 19 31 55 24 27 29 46 17 92 54 8 9 75 7 35 11 37 44 83 109 40 48 50 80 57 73 62 87 63 86 21 18 61 96 45 81 4 34 76 14 108 64 99 74 101 39 100 103 84 33 106 16 98 10 15 91 12 56 67 88 41 30 95 3 13 105 60 104 102 26 47 58 49 28 66 52 71 38 6 1 43 53 72 89 94 68 36 78 82 69 2 51 32 5 93 70 25 20 42 22 59 85 107 79 23 90 77 
0 65 97 19 31 55 24 27 29 46 17 92 54 8 9 75 7 35 11 37 44 83 109 40 48 50 80 57 73 62 87 63 86 21 18 61 96 45 81 4 34 76 14 108 64 99 74 101 39 100 103 84 33 106 16 98 10 15 91 12 56 67 88 41 30 95 3 13 105 60 104 102 26 47 58 49 28 66 52 71 38 6 1 43 53 72 89 94 68 36 78 82 69 2 51 32 5 93 70 25 20 42 22 59 85 107 79 23 90 77 
0 65 97 19 31 55 24 27 29 46 17 92 54 8 9 75 7 35 11 37 44 83 109 40 48 50 80 57 73 62 87 63 86 21 18 61 96 45 81 4 34 76 14 108 64 99 74 101 39 100 103 84 33 106 16 98 10 15 91 12 56 67 88 41 30 95 3 13 105 60 104 102 26 47 58 49 28 66 52 71 38 6 1 43 53 72 89 94 68 36 78 82 69 2 51 32 5 93 70 25 20 42 22 59 85 107 79 23 90 77 
0 65 97 19 31 55 24 27 29 46 17 92 54 8 9 75 7 35 11 37 44 83 109 40 48 50 80 57 73 62 87 63 86 21 18 61 96 45 81 4 34 76 14 108 64 99 74 101 39 100 103 84 33 106 16 98 10 15 91 12 56 67 88 41 30 95 3 13 105 60 104 102 26 47 58 49 28 66 52 71 38 6 1 43 53 72 89 94 68 36 78 82 69 2 51 32 5 93 70 25 20 42 22 59 85 107 79 23 90 77 
0 65 97 19 31 55 24 27 29 46 17 92 54 8 9 75 7 35 11 37 44 83 109 40 48 50 80 57 73 62 87 63 86 21 18 61 96 45 81 4 34 76 14 108 64 99 74 101 39 100 103 84 33 106 16 98 10 15 91 12 56 67 88 41 30 95 3 13 105 60 104 102 26 47 58 49 28 66 52 71 38 6 1 43 53 72 89 94 68 36 78 82 69 2 51 32 5 93 70 25 20 42 22 59 85 107 79 23 90 77 
0 65 97 19 31 55 24 27 29 46 17 92 54 8 9 75 7 35 11 37 44 83 109 40 48 50 80 57 73 62 87 63 86 21 18 61 96 45 81 4 34 76 14 108 64 99 74 101 39 100 103 84 33 106 16 98 10 15 91 12 56 67 88 41 30 95 3 13 105 60 104 102 26 47 58 49 28 66 52 71 38 6 1 43 53 72 89 94 68 36 78 82 69 2 51 32 5 93 70 25 20 42 22 59 85 107 79 23 90 77 
0 65 97 19 31 55 24 27 29 46 17 92 54 8 9 75 7 35 11 37 44 83 109 40 48 50 80 57 73 62 87 63 86 21 18 61 96 45 81 4 34 76 14 108 64 99 74 101 39 100 103 84 33 106 16 98 10 15 91 12 56 67 88 41 30 95 3 13 105 60 104 102 26 47 58 49 28 66 52 71 38 6 1 43 53 72 89 94 68 36 78 82 69 2 51 32 5 93 70 25 20 42 22 59 85 107 79 23 90 77 
0 65 97 19 31 55 24 27 29 46 17 92 54 8 9 75 7 35 11 37 44 83 109 40 48 50 80 57 73 62 87 63 86 21 18 61 96 45 81 4 34 76 14 108 64 99 74 101 39 100 103 84 33 106 16 98 10 15 91 12 56 67 88 41 30 95 3 13 105 60 104 102 26 47 58 49 28 66 52 71 38 6 1 43 53 72 89 94 68 36 78 82 69 2 51 32 5 93 70 25 20 42 22 59 85 107 79 23 90 77 
0 65 97 19 31 55 24 27 29 46 17 92 54 8 9 75 7 35 11 37 44 83 109 40 48 50 80 57 73 62 87 63 86 21 18 61 96 45 81 4 34 76 14 108 64 99 74 101 39 100 103 84 33 106 16 98 10 15 91 12 56 67 88 41 30 95 3 13 105 60 104 102 26 47 58 49 28 66 52 71 38 6 1 43 53 72 89 94 68 36 78 82 69 2 51 32 5 93 70 25 20 42 22 59 85 107 79 23 90 77 
0 65 97 19 31 55 24 27 29 46 17 92 54 8 9 75 7 35 11 37 44 83 109 40 48 50 80 57 73 62 87 63 86 21 18 61 96 45 81 4 34 76 14 108 64 99 74 101 39 100 103 84 33 106 16 98 10 15 91 12 56 67 88 41 30 95 3 13 105 60 104 102 26 47 58 49 28 66 52 71 38 6 1 43 53 72 89 94 68 36 78 82 69 2 51 32 5 93 70 25 20 42 22 59 85 107 79 23 90 77 
0 65 97 19 31 55 24 27 29 46 17 92 54 8 9 75 7 35 11 37 44 83 109 40 48 50 80 57 73 62 87 63 86 21 18 61 96 45 81 4 34 76 14 108 64 99 74 101 39 100 103 84 33 106 16 98 10 15 91 12 56 67 88 41 30 95 3 13 105 60 104 102 26 47 58 49 28 66 52 71 38 6 1 43 53 72 89 94 68 36 78 82 69 2 51 32 5 93 70 25 20 42 22 59 85 107 79 23 90 77 
0 65 97 19 31 55 24 27 29 46 17 92 54 8 9 75 7 35 11 37 44 83 109 40 48 50 80 57 73 62 87 63 86 21 18 61 96 45 81 4 34 76 14 108 64 99 74 101 39 100 103 84 33 106 16 98 10 15 91 12 56 67 88 41 30 95 3 13 105 60 104 102 26 47 58 49 28 66 52 71 38 6 1 43 53 72 89 94 68 36 78 82 69 2 51 32 5 93 70 25 20 42 22 59 85 107 79 23 90 77 
0 65 97 19 31 55 24 27 29 46 17 92 54 8 9 75 7 35 11 37 44 83 109 40 48 50 80 57 73 62 87 63 86 21 18 61 96 45 81 4 34 76 14 108 64 99 74 101 39 100 103 84 33 106 16 98 10 15 91 12 56 67 88 41 30 95 3 13 105 60 104 102 26 47 58 49 28 66 52 71 38 6 1 43 53 72 89 94 68 36 78 82 69 2 51 32 5 93 70 25 20 42 22 59 85 107 79 23 90 77 
0 65 97 19 31 55 24 27 29 46 17 92 54 8 9 75 7 35 11 37 44 83 109 40 48 50 80 57 73 62 87 63 86 21 18 61 96 45 81 4 34 76 14 108 64 99 74 101 39 100 103 84 33 106 16 98 10 15 91 12 56 67 88 41 30 95 3 13 105 60 104 102 26 47 58 49 28 66 52 71 38 6 1 43 53 72 89 94 68 36 78 82 69 2 51 32 5 93 70 25 20 42 22 59 85 107 79 23 90 77 
0 65 97 19 31 55 24 27 29 46 17 92 54 8 9 75 7 35 11 37 44 83 109 40 48 50 80 57 73 62 87 63 86 21 18 61 96 45 81 4 34 76 14 108 64 99 74 101 39 100 103 84 33 106 16 98 10 15 91 12 56 67 88 41 30 95 3 13 105 60 104 102 26 47 58 49 28 66 52 71 38 6 1 43 53 72 89 94 68 36 78 82 69 2 51 32 5 93 70 25 20 42 22 59 85 107 79 23 90 77 
0 65 97 19 31 55 24 27 29 46 17 92 54 8 9 75 7 35 11 37 44 83 109 40 48 50 80 57 73 62 87 63 86 21 18 61 96 45 81 4 34 76 14 108 64 99 74 101 39 100 103 84 33 106 16 98 10 15 91 12 56 67 88 41 30 95 3 13 105 60 104 102 26 47 58 49 28 66 52 71 38 6 1 43 53 72 89 94 68 36 78 82 69 2 51 32 5 93 70 25 20 42 22 59 85 107 79 23 90 77 
0 65 97 19 31 55 24 27 29 46 17 92 54 8 9 75 7 35 11 37 44 83 109 40 48 50 80 57 73 62 87 63 86 21 18 61 96 45 81 4 34 76 14 108 64 99 74 101 39 100 103 84 33 106 16 98 10 15 91 12 56 67 88 41 30 95 3 13 105 60 104 102 26 47 58 49 28 66 52 71 38 6 1 43 53 72 89 94 68 36 78 82 69 2 51 32 5 93 70 25 20 42 22 59 85 107 79 23 90 77 
0 65 97 19 31 55 24 27 29 46 17 92 54 8 9 75 7 35 11 37 44 83 109 40 48 50 80 57 73 62 87 63 86 21 18 61 96 45 81 4 34 76 14 108 64 99 74 101 39 100 103 84 33 106 16 98 10 15 91 12 56 67 88 41 30 95 3 13 105 60 104 102 26 47 58 49 28 66 52 71 38 6 1 43 53 72 89 94 68 36 78 82 69 2 51 32 5 93 70 25 20 42 22 59 85 107 79 23 90 77 
0 65 97 19 31 55 24 27 29 46 17 92 54 8 9 75 7 35 11 37 44 83 109 40 48 50 80 57 73 62 87 63 86 21 18 61 96 45 81 4 34 76 14 108 64 99 74 101 39 100 103 84 33 106 16 98 10 15 91 12 56 67 88 41 30 95 3 13 105 60 104 102 26 47 58 49 28 66 52 71 38 6 1 43 53 72 89 94 68 36 78 82 69 2 51 32 5 93 70 25 20 42 22 59 85 107 79 23 90 77 
0 65 97 19 31 55 24 27 29 46 17 92 54 8 9 75 7 35 11 37 44 83 109 40 48 50 80 57 73 62 87 63 86 21 18 61 96 45 81 4 34 76 14 108 64 99 74 101 39 100 103 84 33 106 16 98 10 15 91 12 56 67 88 41 30 95 3 13 105 60 104 102 26 47 58 49 28 66 52 71 38 6 1 43 53 72 89 94 68 36 78 82 69 2 51 32 5 93 70 25 20 42 22 59 85 107 79 23 90 77 
0 65 97 19 31 55 24 27 29 46 17 92 54 8 9 75 7 35 11 37 44 83 109 40 48 50 80 57 73 62 87 63 86 21 18 61 96 45 81 4 34 76 14 108 64 99 74 101 39 100 103 84 33 106 16 98 10 15 91 12 56 67 88 41 30 95 3 13 105 60 104 102 26 47 58 49 28 66 52 71 38 6 1 43 53 72 89 94 68 36 78 82 69 2 51 32 5 93 70 25 20 42 22 59 85 107 79 23 90 77 
0 65 97 19 31 55 24 27 29 46 17 92 54 8 9 75 7 35 11 37 44 83 109 40 48 50 80 57 73 62 87 63 86 21 18 61 96 45 81 4 34 76 14 108 64 99 74 101 39 100 103 84 33 106 16 98 10 15 91 12 56 67 88 41 30 95 3 13 105 60 104 102 26 47 58 49 28 66 52 71 38 6 1 43 53 72 89 94 68 36 78 82 69 2 51 32 5 93 70 25 20 42 22 59 85 107 79 23 90 77 
0 65 97 19 31 55 24 27 29 46 17 92 54 8 9 75 7 35 11 37 44 83 109 40 48 50 80 57 73 62 87 63 86 21 18 61 96 45 81 4 34 76 14 108 64 99 74 101 39 100 103 84 33 106 16 98 10 15 91 12 56 67 88 41 30 95 3 13 105 60 104 102 26 47 58 49 28 66 52 71 38 6 1 43 53 72 89 94 68 36 78 82 69 2 51 32 5 93 70 25 20 42 22 59 85 107 79 23 90 77 
0 65 97 19 31 55 24 27 29 46 17 92 54 8 9 75 7 35 11 37 44 83 109 40 48 50 80 57 73 62 87 63 86 21 18 61 96 45 81 4 34 76 14 108 64 99 74 101 39 100 103 84 33 106 16 98 10 15 91 12 56 67 88 41 30 95 3 13 105 60 104 102 26 47 58 49 28 66 52 71 38 6 1 43 53 72 89 94 68 36 78 82 69 2 51 32 5 93 70 25 20 42 22 59 85 107 79 23 90 77 
0 65 97 19 31 55 24 27 29 46 17 92 54 8 9 75 7 35 11 37 44 83 109 40 48 50 80 57 73 62 87 63 86 21 18 61 96 45 81 4 34 76 14 108 64 99 74 101 39 100 103 84 33 106 16 98 10 15 91 12 56 67 88 41 30 95 3 13 105 60 104 102 26 47 58 49 28 66 52 71 38 6 1 43 53 72 89 94 68 36 78 82 69 2 51 32 5 93 70 25 20 42 22 59 85 107 79 23 90 77 
0 65 97 19 31 55 24 27 29 46 17 92 54 8 9 75 7 35 11 37 44 83 109 40 48 50 80 57 73 62 87 63 86 21 18 61 96 45 81 4 34 76 14 108 64 99 74 101 39 100 103 84 33 106 16 98 10 15 91 12 56 67 88 41 30 95 3 13 105 60 104 102 26 47 58 49 28 66 52 71 38 6 1 43 53 72 89 94 68 36 78 82 69 2 51 32 5 93 70 25 20 42 22 59 85 107 79 23 90 77 
0 65 97 19 31 55 24 27 29 46 17 92 54 8 9 75 7 35 11 37 44 83 109 40 48 50 80 57 73 62 87 63 86 21 18 61 96 45 81 4 34 76 14 108 64 99 74 101 39 100 103 84 33 106 16 98 10 15 91 12 56 67 88 41 30 95 3 13 105 60 104 102 26 47 58 49 28 66 52 71 38 6 1 43 53 72 89 94 68 36 78 82 69 2 51 32 5 93 70 25 20 42 22 59 85 107 79 23 90 77 
0 65 97 19 31 55 24 27 29 46 17 92 54 8 9 75 7 35 11 37 44 83 109 40 48 50 80 57 73 62 87 63 86 21 18 61 96 45 81 4 34 76 14 108 64 99 74 101 39 100 103 84 33 106 16 98 10 15 91 12 56 67 88 41 30 95 3 13 105 60 104 102 26 47 58 49 28 66 52 71 38 6 1 43 53 72 89 94 68 36 78 82 69 2 51 32 5 93 70 25 20 42 22 59 85 107 79 23 90 77 
0 65 97 19 31 55 24 27 29 46 17 92 54 8 9 75 7 35 11 37 44 83 109 40 48 50 80 57 73 62 87 63 86 21 18 61 96 45 81 4 34 76 14 108 64 99 74 101 39 100 103 84 33 106 16 98 10 15 91 12 56 67 88 41 30 95 3 13 105 60 104 102 26 47 58 49 28 66 52 71 38 6 1 43 53 72 89 94 68 36 78 82 69 2 51 32 5 93 70 25 20 42 22 59 85 107 79 23 90 77 
0 65 97 19 31 55 24 27 29 46 17 92 54 8 9 75 7 35 11 37 44 83 109 40 48 50 80 57 73 62 87 63 86 21 18 61 96 45 81 4 34 76 14 108 64 99 74 101 39 100 103 84 33 106 16 98 10 15 91 12 56 67 88 41 30 95 3 13 105 60 104 102 26 47 58 49 28 66 52 71 38 6 1 43 53 72 89 94 68 36 78 82 69 2 51 32 5 93 70 25 20 42 22 59 85 107 79 23 90 77 
0 65 97 19 31 55 24 27 29 46 17 92 54 8 9 75 7 35 11 37 44 83 109 40 48 50 80 57 73 62 87 63 86 21 18 61 96 45 81 4 34 76 14 108 64 99 74 101 39 100 103 84 33 106 16 98 10 15 91 12 56 67 88 41 30 95 3 13 105 60 104 102 26 47 58 49 28 66 52 71 38 6 1 43 53 72 89 94 68 36 78 82 69 2 51 32 5 93 70 25 20 42 22 59 85 107 79 23 90 77 
0 65 97 19 31 55 24 27 29 46 17 92 54 8 9 75 7 35 11 37 44 83 109 40 48 50 80 57 73 62 87 63 86 21 18 61 96 45 81 4 34 76 14 108 64 99 74 101 39 100 103 84 33 106 16 98 10 15 91 12 56 67 88 41 30 95 3 13 105 60 104 102 26 47 58 49 28 66 52 71 38 6 1 43 53 72 89 94 68 36 78 82 69 2 51 32 5 93 70 25 20 42 22 59 85 107 79 23 90 77 
0 65 97 19 31 55 24 27 29 46 17 92 54 8 9 75 7 35 11 37 44 83 109 40 48 50 80 57 73 62 87 63 86 21 18 61 96 45 81 4 34 76 14 108 64 99 74 101 39 100 103 84 33 106 16 98 10 15 91 12 56 67 88 41 30 95 3 13 105 60 104 102 26 47 58 49 28 66 52 71 38 6 1 43 53 72 89 94 68 36 78 82 69 2 51 32 5 93 70 25 20 42 22 59 85 107 79 23 90 77 
0 65 97 19 31 55 24 27 29 46 17 92 54 8 9 75 7 35 11 37 44 83 109 40 48 50 80 57 73 62 87 63 86 21 18 61 96 45 81 4 34 76 14 108 64 99 74 101 39 100 103 84 33 106 16 98 10 15 91 12 56 67 88 41 30 95 3 13 105 60 104 102 26 47 58 49 28 66 52 71 38 6 1 43 53 72 89 94 68 36 78 82 69 2 51 32 5 93 70 25 20 42 22 59 85 107 79 23 90 77 
0 65 97 19 31 55 24 27 29 46 17 92 54 8 9 75 7 35 11 37 44 83 109 40 48 50 80 57 73 62 87 63 86 21 18 61 96 45 81 4 34 76 14 108 64 99 74 101 39 100 103 84 33 106 16 98 10 15 91 12 56 67 88 41 30 95 3 13 105 60 104 102 26 47 58 49 28 66 52 71 38 6 1 43 53 72 89 94 68 36 78 82 69 2 51 32 5 93 70 25 20 42 22 59 85 107 79 23 90 77 
0 65 97 19 31 55 24 27 29 46 17 92 54 8 9 75 7 35 11 37 44 83 109 40 48 50 80 57 73 62 87 63 86 21 18 61 96 45 81 4 34 76 14 108 64 99 74 101 39 100 103 84 33 106 16 98 10 15 91 12 56 67 88 41 30 95 3 13 105 60 104 102 26 47 58 49 28 66 52 71 38 6 1 43 53 72 89 94 68 36 78 82 69 2 51 32 5 93 70 25 20 42 22 59 85 107 79 23 90 77 
0 65 97 19 31 55 24 27 29 46 17 92 54 8 9 75 7 35 11 37 44 83 109 40 48 50 80 57 73 62 87 63 86 21 18 61 96 45 81 4 34 76 14 108 64 99 74 101 39 100 103 84 33 106 16 98 10 15 91 12 56 67 88 41 30 95 3 13 105 60 104 102 26 47 58 49 28 66 52 71 38 6 1 43 53 72 89 94 68 36 78 82 69 2 51 32 5 93 70 25 20 42 22 59 85 107 79 23 90 77 
0 65 97 19 31 55 24 27 29 46 17 92 54 8 9 75 7 35 11 37 44 83 109 40 48 50 80 57 73 62 87 63 86 21 18 61 96 45 81 4 34 76 14 108 64 99 74 101 39 100 103 84 33 106 16 98 10 15 91 12 56 67 88 41 30 95 3 13 105 60 104 102 26 47 58 49 28 66 52 71 38 6 1 43 53 72 89 94 68 36 78 82 69 2 51 32 5 93 70 25 20 42 22 59 85 107 79 23 90 77 
0 65 97 19 31 55 24 27 29 46 17 92 54 8 9 75 7 35 11 37 44 83 109 40 48 50 80 57 73 62 87 63 86 21 18 61 96 45 81 4 34 76 14 108 64 99 74 101 39 100 103 84 33 106 16 98 10 15 91 12 56 67 88 41 30 95 3 13 105 60 104 102 26 47 58 49 28 66 52 71 38 6 1 43 53 72 89 94 68 36 78 82 69 2 51 32 5 93 70 25 20 42 22 59 85 107 79 23 90 77 
0 65 97 19 31 55 24 27 29 46 17 92 54 8 9 75 7 35 11 37 44 83 109 40 48 50 80 57 73 62 87 63 86 21 18 61 96 45 81 4 34 76 14 108 64 99 74 101 39 100 103 84 33 106 16 98 10 15 91 12 56 67 88 41 30 95 3 13 105 60 104 102 26 47 58 49 28 66 52 71 38 6 1 43 53 72 89 94 68 36 78 82 69 2 51 32 5 93 70 25 20 42 22 59 85 107 79 23 90 77 
0 65 97 19 31 55 24 27 29 46 17 92 54 8 9 75 7 35 11 37 44 83 109 40 48 50 80 57 73 62 87 63 86 21 18 61 96 45 81 4 34 76 14 108 64 99 74 101 39 100 103 84 33 106 16 98 10 15 91 12 56 67 88 41 30 95 3 13 105 60 104 102 26 47 58 49 28 66 52 71 38 6 1 43 53 72 89 94 68 36 78 82 69 2 51 32 5 93 70 25 20 42 22 59 85 107 79 23 90 77 
0 65 97 19 31 55 24 27 29 46 17 92 54 8 9 75 7 35 11 37 44 83 109 40 48 50 80 57 73 62 87 63 86 21 18 61 96 45 81 4 34 76 14 108 64 99 74 101 39 100 103 84 33 106 16 98 10 15 91 12 56 67 88 41 30 95 3 13 105 60 104 102 26 47 58 49 28 66 52 71 38 6 1 43 53 72 89 94 68 36 78 82 69 2 51 32 5 93 70 25 20 42 22 59 85 107 79 23 90 77 
0 65 97 19 31 55 24 27 29 46 17 92 54 8 9 75 7 35 11 37 44 83 109 40 48 50 80 57 73 62 87 63 86 21 18 61 96 45 81 4 34 76 14 108 64 99 74 101 39 100 103 84 33 106 16 98 10 15 91 12 56 67 88 41 30 95 3 13 105 60 104 102 26 47 58 49 28 66 52 71 38 6 1 43 53 72 89 94 68 36 78 82 69 2 51 32 5 93 70 25 20 42 22 59 85 107 79 23 90 77 
0 65 97 19 31 55 24 27 29 46 17 92 54 8 9 75 7 35 11 37 44 83 109 40 48 50 80 57 73 62 87 63 86 21 18 61 96 45 81 4 34 76 14 108 64 99 74 101 39 100 103 84 33 106 16 98 10 15 91 12 56 67 88 41 30 95 3 13 105 60 104 102 26 47 58 49 28 66 52 71 38 6 1 43 53 72 89 94 68 36 78 82 69 2 51 32 5 93 70 25 20 42 22 59 85 107 79 23 90 77 
0 65 97 19 31 55 24 27 29 46 17 92 54 8 9 75 7 35 11 37 44 83 109 40 48 50 80 57 73 62 87 63 86 21 18 61 96 45 81 4 34 76 14 108 64 99 74 101 39 100 103 84 33 106 16 98 10 15 91 12 56 67 88 41 30 95 3 13 105 60 104 102 26 47 58 49 28 66 52 71 38 6 1 43 53 72 89 94 68 36 78 82 69 2 51 32 5 93 70 25 20 42 22 59 85 107 79 23 90 77 
0 65 97 19 31 55 24 27 29 46 17 92 54 8 9 75 7 35 11 37 44 83 109 40 48 50 80 57 73 62 87 63 86 21 18 61 96 45 81 4 34 76 14 108 64 99 74 101 39 100 103 84 33 106 16 98 10 15 91 12 56 67 88 41 30 95 3 13 105 60 104 102 26 47 58 49 28 66 52 71 38 6 1 43 53 72 89 94 68 36 78 82 69 2 51 32 5 93 70 25 20 42 22 59 85 107 79 23 90 77 
0 65 97 19 31 55 24 27 29 46 17 92 54 8 9 75 7 35 11 37 44 83 109 40 48 50 80 57 73 62 87 63 86 21 18 61 96 45 81 4 34 76 14 108 64 99 74 101 39 100 103 84 33 106 16 98 10 15 91 12 56 67 88 41 30 95 3 13 105 60 104 102 26 47 58 49 28 66 52 71 38 6 1 43 53 72 89 94 68 36 78 82 69 2 51 32 5 93 70 25 20 42 22 59 85 107 79 23 90 77 
0 65 97 19 31 55 24 27 29 46 17 92 54 8 9 75 7 35 11 37 44 83 109 40 48 50 80 57 73 62 87 63 86 21 18 61 96 45 81 4 34 76 14 108 64 99 74 101 39 100 103 84 33 106 16 98 10 15 91 12 56 67 88 41 30 95 3 13 105 60 104 102 26 47 58 49 28 66 52 71 38 6 1 43 53 72 89 94 68 36 78 82 69 2 51 32 5 93 70 25 20 42 22 59 85 107 79 23 90 77 
0 65 97 19 31 55 24 27 29 46 17 92 54 8 9 75 7 35 11 37 44 83 109 40 48 50 80 57 73 62 87 63 86 21 18 61 96 45 81 4 34 76 14 108 64 99 74 101 39 100 103 84 33 106 16 98 10 15 91 12 56 67 88 41 30 95 3 13 105 60 104 102 26 47 58 49 28 66 52 71 38 6 1 43 53 72 89 94 68 36 78 82 69 2 51 32 5 93 70 25 20 42 22 59 85 107 79 23 90 77 
0 65 97 19 31 55 24 27 29 46 17 92 54 8 9 75 7 35 11 37 44 83 109 40 48 50 80 57 73 62 87 63 86 21 18 61 96 45 81 4 34 76 14 108 64 99 74 101 39 100 103 84 33 106 16 98 10 15 91 12 56 67 88 41 30 95 3 13 105 60 104 102 26 47 58 49 28 66 52 71 38 6 1 43 53 72 89 94 68 36 78 82 69 2 51 32 5 93 70 25 20 42 22 59 85 107 79 23 90 77 
0 65 97 19 31 55 24 27 29 46 17 92 54 8 9 75 7 35 11 37 44 83 109 40 48 50 80 57 73 62 87 63 86 21 18 61 96 45 81 4 34 76 14 108 64 99 74 101 39 100 103 84 33 106 16 98 10 15 91 12 56 67 88 41 30 95 3 13 105 60 104 102 26 47 58 49 28 66 52 71 38 6 1 43 53 72 89 94 68 36 78 82 69 2 51 32 5 93 70 25 20 42 22 59 85 107 79 23 90 77 
0 65 97 19 31 55 24 27 29 46 17 92 54 8 9 75 7 35 11 37 44 83 109 40 48 50 80 57 73 62 87 63 86 21 18 61 96 45 81 4 34 76 14 108 64 99 74 101 39 100 103 84 33 106 16 98 10 15 91 12 56 67 88 41 30 95 3 13 105 60 104 102 26 47 58 49 28 66 52 71 38 6 1 43 53 72 89 94 68 36 78 82 69 2 51 32 5 93 70 25 20 42 22 59 85 107 79 23 90 77 
0 65 97 19 31 55 24 27 29 46 17 92 54 8 9 75 7 35 11 37 44 83 109 40 48 50 80 57 73 62 87 63 86 21 18 61 96 45 81 4 34 76 14 108 64 99 74 101 39 100 103 84 33 106 16 98 10 15 91 12 56 67 88 41 30 95 3 13 105 60 104 102 26 47 58 49 28 66 52 71 38 6 1 43 53 72 89 94 68 36 78 82 69 2 51 32 5 93 70 25 20 42 22 59 85 107 79 23 90 77 
0 65 97 19 31 55 24 27 29 46 17 92 54 8 9 75 7 35 11 37 44 83 109 40 48 50 80 57 73 62 87 63 86 21 18 61 96 45 81 4 34 76 14 108 64 99 74 101 39 100 103 84 33 106 16 98 10 15 91 12 56 67 88 41 30 95 3 13 105 60 104 102 26 47 58 49 28 66 52 71 38 6 1 43 53 72 89 94 68 36 78 82 69 2 51 32 5 93 70 25 20 42 22 59 85 107 79 23 90 77 
0 65 97 19 31 55 24 27 29 46 17 92 54 8 9 75 7 35 11 37 44 83 109 40 48 50 80 57 73 62 87 63 86 21 18 61 96 45 81 4 34 76 14 108 64 99 74 101 39 100 103 84 33 106 16 98 10 15 91 12 56 67 88 41 30 95 3 13 105 60 104 102 26 47 58 49 28 66 52 71 38 6 1 43 53 72 89 94 68 36 78 82 69 2 51 32 5 93 70 25 20 42 22 59 85 107 79 23 90 77 
0 65 97 19 31 55 24 27 29 46 17 92 54 8 9 75 7 35 11 37 44 83 109 40 48 50 80 57 73 62 87 63 86 21 18 61 96 45 81 4 34 76 14 108 64 99 74 101 39 100 103 84 33 106 16 98 10 15 91 12 56 67 88 41 30 95 3 13 105 60 104 102 26 47 58 49 28 66 52 71 38 6 1 43 53 72 89 94 68 36 78 82 69 2 51 32 5 93 70 25 20 42 22 59 85 107 79 23 90 77 
0 65 97 19 31 55 24 27 29 46 17 92 54 8 9 75 7 35 11 37 44 83 109 40 48 50 80 57 73 62 87 63 86 21 18 61 96 45 81 4 34 76 14 108 64 99 74 101 39 100 103 84 33 106 16 98 10 15 91 12 56 67 88 41 30 95 3 13 105 60 104 102 26 47 58 49 28 66 52 71 38 6 1 43 53 72 89 94 68 36 78 82 69 2 51 32 5 93 70 25 20 42 22 59 85 107 79 23 90 77 
0 65 97 19 31 55 24 27 29 46 17 92 54 8 9 75 7 35 11 37 44 83 109 40 48 50 80 57 73 62 87 63 86 21 18 61 96 45 81 4 34 76 14 108 64 99 74 101 39 100 103 84 33 106 16 98 10 15 91 12 56 67 88 41 30 95 3 13 105 60 104 102 26 47 58 49 28 66 52 71 38 6 1 43 53 72 89 94 68 36 78 82 69 2 51 32 5 93 70 25 20 42 22 59 85 107 79 23 90 77 
0 65 97 19 31 55 24 27 29 46 17 92 54 8 9 75 7 35 11 37 44 83 109 40 48 50 80 57 73 62 87 63 86 21 18 61 96 45 81 4 34 76 14 108 64 99 74 101 39 100 103 84 33 106 16 98 10 15 91 12 56 67 88 41 30 95 3 13 105 60 104 102 26 47 58 49 28 66 52 71 38 6 1 43 53 72 89 94 68 36 78 82 69 2 51 32 5 93 70 25 20 42 22 59 85 107 79 23 90 77 
0 65 97 19 31 55 24 27 29 46 17 92 54 8 9 75 7 35 11 37 44 83 109 40 48 50 80 57 73 62 87 63 86 21 18 61 96 45 81 4 34 76 14 108 64 99 74 101 39 100 103 84 33 106 16 98 10 15 91 12 56 67 88 41 30 95 3 13 105 60 104 102 26 47 58 49 28 66 52 71 38 6 1 43 53 72 89 94 68 36 78 82 69 2 51 32 5 93 70 25 20 42 22 59 85 107 79 23 90 77 
0 65 97 19 31 55 24 27 29 46 17 92 54 8 9 75 7 35 11 37 44 83 109 40 48 50 80 57 73 62 87 63 86 21 18 61 96 45 81 4 34 76 14 108 64 99 74 101 39 100 103 84 33 106 16 98 10 15 91 12 56 67 88 41 30 95 3 13 105 60 104 102 26 47 58 49 28 66 52 71 38 6 1 43 53 72 89 94 68 36 78 82 69 2 51 32 5 93 70 25 20 42 22 59 85 107 79 23 90 77 
0 65 97 19 31 55 24 27 29 46 17 92 54 8 9 75 7 35 11 37 44 83 109 40 48 50 80 57 73 62 87 63 86 21 18 61 96 45 81 4 34 76 14 108 64 99 74 101 39 100 103 84 33 106 16 98 10 15 91 12 56 67 88 41 30 95 3 13 105 60 104 102 26 47 58 49 28 66 52 71 38 6 1 43 53 72 89 94 68 36 78 82 69 2 51 32 5 93 70 25 20 42 22 59 85 107 79 23 90 77 
0 65 97 19 31 55 24 27 29 46 17 92 54 8 9 75 7 35 11 37 44 83 109 40 48 50 80 57 73 62 87 63 86 21 18 61 96 45 81 4 34 76 14 108 64 99 74 101 39 100 103 84 33 106 16 98 10 15 91 12 56 67 88 41 30 95 3 13 105 60 104 102 26 47 58 49 28 66 52 71 38 6 1 43 53 72 89 94 68 36 78 82 69 2 51 32 5 93 70 25 20 42 22 59 85 107 79 23 90 77 
0 65 97 19 31 55 24 27 29 46 17 92 54 8 9 75 7 35 11 37 44 83 109 40 48 50 80 57 73 62 87 63 86 21 18 61 96 45 81 4 34 76 14 108 64 99 74 101 39 100 103 84 33 106 16 98 10 15 91 12 56 67 88 41 30 95 3 13 105 60 104 102 26 47 58 49 28 66 52 71 38 6 1 43 53 72 89 94 68 36 78 82 69 2 51 32 5 93 70 25 20 42 22 59 85 107 79 23 90 77 
0 65 97 19 31 55 24 27 29 46 17 92 54 8 9 75 7 35 11 37 44 83 109 40 48 50 80 57 73 62 87 63 86 21 18 61 96 45 81 4 34 76 14 108 64 99 74 101 39 100 103 84 33 106 16 98 10 15 91 12 56 67 88 41 30 95 3 13 105 60 104 102 26 47 58 49 28 66 52 71 38 6 1 43 53 72 89 94 68 36 78 82 69 2 51 32 5 93 70 25 20 42 22 59 85 107 79 23 90 77 
0 65 97 19 31 55 24 27 29 46 17 92 54 8 9 75 7 35 11 37 44 83 109 40 48 50 80 57 73 62 87 63 86 21 18 61 96 45 81 4 34 76 14 108 64 99 74 101 39 100 103 84 33 106 16 98 10 15 91 12 56 67 88 41 30 95 3 13 105 60 104 102 26 47 58 49 28 66 52 71 38 6 1 43 53 72 89 94 68 36 78 82 69 2 51 32 5 93 70 25 20 42 22 59 85 107 79 23 90 77 
0 65 97 19 31 55 24 27 29 46 17 92 54 8 9 75 7 35 11 37 44 83 109 40 48 50 80 57 73 62 87 63 86 21 18 61 96 45 81 4 34 76 14 108 64 99 74 101 39 100 103 84 33 106 16 98 10 15 91 12 56 67 88 41 30 95 3 13 105 60 104 102 26 47 58 49 28 66 52 71 38 6 1 43 53 72 89 94 68 36 78 82 69 2 51 32 5 93 70 25 20 42 22 59 85 107 79 23 90 77 
0 65 97 19 31 55 24 27 29 46 17 92 54 8 9 75 7 35 11 37 44 83 109 40 48 50 80 57 73 62 87 63 86 21 18 61 96 45 81 4 34 76 14 108 64 99 74 101 39 100 103 84 33 106 16 98 10 15 91 12 56 67 88 41 30 95 3 13 105 60 104 102 26 47 58 49 28 66 52 71 38 6 1 43 53 72 89 94 68 36 78 82 69 2 51 32 5 93 70 25 20 42 22 59 85 107 79 23 90 77 
0 65 97 19 31 55 24 27 29 46 17 92 54 8 9 75 7 35 11 37 44 83 109 40 48 50 80 57 73 62 87 63 86 21 18 61 96 45 81 4 34 76 14 108 64 99 74 101 39 100 103 84 33 106 16 98 10 15 91 12 56 67 88 41 30 95 3 13 105 60 104 102 26 47 58 49 28 66 52 71 38 6 1 43 53 72 89 94 68 36 78 82 69 2 51 32 5 93 70 25 20 42 22 59 85 107 79 23 90 77 
0 65 97 19 31 55 24 27 29 46 17 92 54 8 9 75 7 35 11 37 44 83 109 40 48 50 80 57 73 62 87 63 86 21 18 61 96 45 81 4 34 76 14 108 64 99 74 101 39 100 103 84 33 106 16 98 10 15 91 12 56 67 88 41 30 95 3 13 105 60 104 102 26 47 58 49 28 66 52 71 38 6 1 43 53 72 89 94 68 36 78 82 69 2 51 32 5 93 70 25 20 42 22 59 85 107 79 23 90 77 
0 65 97 19 31 55 24 27 29 46 17 92 54 8 9 75 7 35 11 37 44 83 109 40 48 50 80 57 73 62 87 63 86 21 18 61 96 45 81 4 34 76 14 108 64 99 74 101 39 100 103 84 33 106 16 98 10 15 91 12 56 67 88 41 30 95 3 13 105 60 104 102 26 47 58 49 28 66 52 71 38 6 1 43 53 72 89 94 68 36 78 82 69 2 51 32 5 93 70 25 20 42 22 59 85 107 79 23 90 77 
0 65 97 19 31 55 24 27 29 46 17 92 54 8 9 75 7 35 11 37 44 83 109 40 48 50 80 57 73 62 87 63 86 21 18 61 96 45 81 4 34 76 14 108 64 99 74 101 39 100 103 84 33 106 16 98 10 15 91 12 56 67 88 41 30 95 3 13 105 60 104 102 26 47 58 49 28 66 52 71 38 6 1 43 53 72 89 94 68 36 78 82 69 2 51 32 5 93 70 25 20 42 22 59 85 107 79 23 90 77 
0 65 97 19 31 55 24 27 29 46 17 92 54 8 9 75 7 35 11 37 44 83 109 40 48 50 80 57 73 62 87 63 86 21 18 61 96 45 81 4 34 76 14 108 64 99 74 101 39 100 103 84 33 106 16 98 10 15 91 12 56 67 88 41 30 95 3 13 105 60 104 102 26 47 58 49 28 66 52 71 38 6 1 43 53 72 89 94 68 36 78 82 69 2 51 32 5 93 70 25 20 42 22 59 85 107 79 23 90 77 
0 65 97 19 31 55 24 27 29 46 17 92 54 8 9 75 7 35 11 37 44 83 109 40 48 50 80 57 73 62 87 63 86 21 18 61 96 45 81 4 34 76 14 108 64 99 74 101 39 100 103 84 33 106 16 98 10 15 91 12 56 67 88 41 30 95 3 13 105 60 104 102 26 47 58 49 28 66 52 71 38 6 1 43 53 72 89 94 68 36 78 82 69 2 51 32 5 93 70 25 20 42 22 59 85 107 79 23 90 77 
0 65 97 19 31 55 24 27 29 46 17 92 54 8 9 75 7 35 11 37 44 83 109 40 48 50 80 57 73 62 87 63 86 21 18 61 96 45 81 4 34 76 14 108 64 99 74 101 39 100 103 84 33 106 16 98 10 15 91 12 56 67 88 41 30 95 3 13 105 60 104 102 26 47 58 49 28 66 52 71 38 6 1 43 53 72 89 94 68 36 78 82 69 2 51 32 5 93 70 25 20 42 22 59 85 107 79 23 90 77 
0 65 97 19 31 55 24 27 29 46 17 92 54 8 9 75 7 35 11 37 44 83 109 40 48 50 80 57 73 62 87 63 86 21 18 61 96 45 81 4 34 76 14 108 64 99 74 101 39 100 103 84 33 106 16 98 10 15 91 12 56 67 88 41 30 95 3 13 105 60 104 102 26 47 58 49 28 66 52 71 38 6 1 43 53 72 89 94 68 36 78 82 69 2 51 32 5 93 70 25 20 42 22 59 85 107 79 23 90 77 
0 65 97 19 31 55 24 27 29 46 17 92 54 8 9 75 7 35 11 37 44 83 109 40 48 50 80 57 73 62 87 63 86 21 18 61 96 45 81 4 34 76 14 108 64 99 74 101 39 100 103 84 33 106 16 98 10 15 91 12 56 67 88 41 30 95 3 13 105 60 104 102 26 47 58 49 28 66 52 71 38 6 1 43 53 72 89 94 68 36 78 82 69 2 51 32 5 93 70 25 20 42 22 59 85 107 79 23 90 77 
0 65 97 19 31 55 24 27 29 46 17 92 54 8 9 75 7 35 11 37 44 83 109 40 48 50 80 57 73 62 87 63 86 21 18 61 96 45 81 4 34 76 14 108 64 99 74 101 39 100 103 84 33 106 16 98 10 15 91 12 56 67 88 41 30 95 3 13 105 60 104 102 26 47 58 49 28 66 52 71 38 6 1 43 53 72 89 94 68 36 78 82 69 2 51 32 5 93 70 25 20 42 22 59 85 107 79 23 90 77 
0 65 97 19 31 55 24 27 29 46 17 92 54 8 9 75 7 35 11 37 44 83 109 40 48 50 80 57 73 62 87 63 86 21 18 61 96 45 81 4 76 34 14 108 64 99 74 101 39 100 103 84 33 106 16 98 10 15 91 12 56 67 88 41 30 95 3 13 105 60 104 102 26 47 58 49 28 66 52 71 38 6 1 43 53 72 89 94 68 36 78 82 69 2 51 32 5 93 70 25 20 42 22 59 85 107 79 23 90 77 
0 65 97 19 31 55 24 27 29 46 17 92 54 8 9 75 7 35 11 37 44 83 109 40 48 50 80 57 73 62 87 63 86 21 18 61 96 45 81 4 76 34 14 108 64 99 74 101 39 100 103 84 33 106 16 98 10 15 91 12 56 67 88 41 30 95 3 13 105 60 104 102 26 47 58 49 28 66 52 71 38 6 1 43 53 72 89 94 68 36 78 82 69 2 51 32 5 93 70 25 20 42 22 59 85 107 79 23 90 77 
0 65 97 19 31 55 24 27 29 46 17 92 54 8 9 75 7 35 11 37 44 83 109 40 48 50 80 57 73 62 87 63 86 21 18 61 96 45 81 4 76 34 14 108 64 99 74 101 39 100 103 84 33 106 16 98 10 15 91 12 56 67 88 41 30 95 3 13 105 60 104 102 26 47 58 49 28 66 52 71 38 6 1 43 53 72 89 94 68 36 78 82 69 2 51 32 5 93 70 25 20 42 22 59 85 107 79 23 90 77 
0 65 97 19 31 55 24 27 29 46 17 92 54 8 9 75 7 35 11 37 44 83 109 40 48 50 80 57 73 62 87 63 86 21 18 61 96 45 81 4 76 34 14 108 64 99 74 101 39 100 103 84 33 106 16 98 10 15 91 12 56 67 88 41 30 95 3 13 105 60 104 102 26 47 58 49 28 66 52 71 38 6 1 43 53 72 89 94 68 36 78 82 69 2 51 32 5 93 70 25 20 42 22 59 85 107 79 23 90 77 
0 65 97 19 31 55 24 27 29 46 17 92 54 8 9 75 7 35 11 37 44 83 109 40 48 50 80 57 73 62 87 63 86 21 18 61 96 45 81 4 76 34 14 108 64 99 74 101 39 100 103 84 33 106 16 98 10 15 91 12 56 67 88 41 30 95 3 13 105 60 104 102 26 47 58 49 28 66 52 71 38 6 1 43 53 72 89 94 68 36 78 82 69 2 51 32 5 93 70 25 20 42 22 59 85 107 79 23 90 77 
0 65 97 19 31 55 24 27 29 46 17 92 54 8 9 75 7 35 11 37 44 83 109 40 48 50 80 57 73 62 87 63 86 21 18 61 96 45 81 4 76 34 14 108 64 99 74 101 39 100 103 84 33 106 16 98 10 15 91 12 56 67 88 41 30 95 3 13 105 60 104 102 26 47 58 49 28 66 52 71 38 6 1 43 53 72 89 94 68 36 78 82 69 2 51 32 5 93 70 25 20 42 22 59 85 107 79 23 90 77 
0 65 97 19 31 55 24 27 29 46 17 92 54 8 9 75 7 35 11 37 44 83 109 40 48 50 80 57 73 62 87 63 86 21 18 61 96 45 81 4 76 34 14 108 64 99 74 101 39 100 103 84 33 106 16 98 10 15 91 12 56 67 88 41 30 95 3 13 105 60 104 102 26 47 58 49 28 66 52 71 38 6 1 43 53 72 89 94 68 36 78 82 69 2 51 32 5 93 70 25 20 42 22 59 85 107 79 23 90 77 
0 65 97 19 31 55 24 27 29 46 17 92 54 8 9 75 7 35 11 37 44 83 109 40 48 50 80 57 73 62 87 63 86 21 18 61 96 45 81 4 76 34 14 108 64 99 74 101 39 100 103 84 33 106 16 98 10 15 91 12 56 67 88 41 30 95 3 13 105 60 104 102 26 47 58 49 28 66 52 71 38 6 1 43 53 72 89 94 68 36 78 82 69 2 51 32 5 93 70 25 20 42 22 59 85 107 79 23 90 77 
0 65 97 19 31 55 24 27 29 46 17 92 54 8 9 75 7 35 11 37 44 83 109 40 48 50 80 57 73 62 87 63 86 21 18 61 96 45 81 4 76 34 14 108 64 99 74 101 39 100 103 84 33 106 16 98 10 15 91 12 56 67 88 41 30 95 3 13 105 60 104 102 26 47 58 49 28 66 52 71 38 6 1 43 53 72 89 94 68 36 78 82 69 2 51 32 5 93 70 25 20 42 22 59 85 107 79 23 90 77 
0 65 97 19 31 55 24 27 29 46 17 92 54 8 9 75 7 35 11 37 44 83 109 40 48 50 80 57 73 62 87 63 86 21 18 61 96 45 81 4 34 76 14 108 64 99 74 101 39 100 103 84 33 106 16 98 10 15 91 12 56 67 88 41 30 95 3 13 105 60 104 102 26 47 58 49 28 66 52 71 38 6 1 43 53 72 89 94 68 36 78 82 69 2 51 32 5 93 70 25 20 42 22 59 85 107 79 90 23 77 
0 65 97 19 31 55 24 27 29 46 17 92 54 8 9 75 7 35 11 37 44 83 109 40 48 50 80 57 73 34 62 87 63 86 21 18 61 96 45 81 4 76 14 108 64 99 74 101 39 100 103 84 33 106 16 98 10 15 91 12 56 67 88 41 30 95 3 13 105 60 104 102 26 47 58 49 28 66 52 71 38 6 1 43 53 72 89 94 68 36 78 82 69 2 51 32 5 93 70 25 20 42 22 59 85 107 79 23 90 77 
0 65 97 19 31 55 24 27 29 46 17 92 54 8 9 75 7 35 11 37 44 83 109 40 48 50 80 57 73 34 62 87 63 86 21 18 61 96 45 81 4 76 14 108 64 99 74 101 39 100 103 84 33 106 16 98 10 15 91 12 56 67 88 41 30 95 3 13 105 60 104 102 26 47 58 49 28 66 52 71 38 6 1 43 53 72 89 94 68 36 78 82 69 2 51 32 5 93 70 25 20 42 22 59 85 107 79 23 90 77 
0 65 97 19 31 55 24 27 29 46 17 92 54 8 9 75 7 35 11 37 44 83 109 40 48 50 80 57 73 62 87 63 86 21 18 61 96 45 81 4 34 76 14 108 64 99 74 101 39 100 103 84 33 106 16 98 10 15 91 12 56 67 88 41 30 95 3 13 105 60 104 102 26 47 58 49 28 66 52 71 38 6 1 43 53 72 89 94 68 36 78 82 69 2 32 51 5 93 70 25 20 42 22 59 85 107 79 23 90 77 
0 65 97 19 31 55 24 27 29 46 17 92 54 8 9 75 7 35 11 37 44 83 109 40 48 50 80 57 73 62 87 63 86 21 18 61 96 45 81 4 76 34 14 108 64 99 74 101 39 100 103 84 33 106 16 98 10 15 91 12 56 67 88 41 30 95 3 13 105 60 104 102 26 47 58 49 28 66 52 71 38 6 1 43 53 72 89 94 68 36 78 82 69 2 51 32 5 93 70 25 20 42 22 59 85 107 79 90 23 77 
0 65 97 19 31 55 24 27 29 46 17 92 54 8 9 75 7 35 11 37 44 83 109 40 48 50 80 57 73 62 87 63 86 21 18 61 96 45 81 4 34 76 14 108 64 99 74 101 39 100 103 84 33 106 16 98 10 15 91 12 56 67 88 41 30 95 3 13 105 60 104 102 26 47 58 49 28 66 52 71 38 6 1 43 53 72 89 94 68 36 78 82 69 2 51 32 5 93 70 25 20 42 22 59 85 107 79 23 77 90 
0 65 97 19 31 55 24 27 29 46 17 92 54 8 9 7 75 35 11 37 44 83 109 40 48 50 80 57 73 62 87 63 86 21 18 61 96 45 81 4 34 76 14 108 64 99 74 101 39 100 103 84 33 106 16 98 10 15 91 12 56 67 88 41 30 95 3 13 105 60 104 102 26 47 58 49 28 66 52 71 38 6 1 43 53 72 89 94 68 36 78 82 69 2 51 32 5 93 70 25 20 42 22 59 85 107 79 23 90 77 
0 65 97 19 31 55 24 27 29 46 17 92 54 8 9 75 7 35 11 37 44 83 109 40 48 50 80 57 73 62 87 63 86 21 18 61 96 45 81 4 34 76 14 108 64 99 74 101 39 100 103 84 33 106 16 98 10 15 91 12 56 67 88 30 41 95 3 13 105 60 104 102 26 47 58 49 28 66 52 71 38 6 1 43 53 72 89 94 68 36 78 82 69 2 51 32 5 93 70 25 20 42 22 59 85 107 79 23 90 77 
0 65 97 19 31 55 24 27 29 46 17 92 54 8 9 75 7 35 11 37 44 83 109 40 48 50 80 57 62 87 63 86 21 18 61 96 45 81 4 73 34 76 14 108 64 99 74 101 39 100 103 84 33 106 16 98 10 15 91 12 56 67 88 41 30 95 3 13 105 60 104 102 26 47 58 49 28 66 52 71 38 6 1 43 53 72 89 94 68 36 78 82 69 2 51 32 5 93 70 25 20 42 22 59 85 107 79 23 90 77 
0 65 97 19 31 55 24 27 29 46 17 92 54 8 9 75 7 35 11 37 44 83 109 40 48 50 80 57 73 62 87 63 86 21 18 61 96 45 81 4 34 76 14 108 64 99 74 101 39 100 103 84 33 106 16 98 10 15 91 12 56 67 88 41 30 95 3 13 105 60 47 26 102 104 58 49 28 66 52 71 38 6 1 43 53 72 89 94 68 36 78 82 69 2 51 32 5 93 70 25 20 42 22 59 85 107 79 23 90 77 
0 65 97 19 31 55 24 27 29 46 17 92 54 8 9 75 7 35 11 37 44 83 109 40 48 50 80 57 73 62 87 63 86 21 61 18 96 45 81 4 76 34 14 108 64 99 74 101 39 100 103 84 33 106 16 98 10 15 91 12 56 67 88 41 30 95 3 13 105 60 104 102 26 47 58 49 28 66 52 71 38 6 1 43 53 72 89 94 68 36 78 82 69 2 51 32 5 93 70 25 20 42 22 59 85 107 79 23 90 77 
0 65 97 19 31 55 24 27 46 17 92 54 8 9 75 7 35 11 37 44 83 109 40 48 50 80 57 73 62 87 63 86 21 18 61 96 45 81 4 34 76 14 108 64 99 74 101 39 100 103 84 33 106 16 98 10 15 91 12 56 67 88 41 30 95 3 13 105 60 104 102 26 47 58 49 28 66 52 71 38 6 1 43 53 72 89 94 68 36 78 82 69 2 51 32 5 93 70 25 20 42 22 59 85 107 29 79 23 90 77 
0 65 97 19 31 55 24 27 29 46 17 92 54 8 9 75 7 35 11 37 44 83 109 40 48 50 80 57 73 62 87 63 86 21 18 61 96 45 81 4 34 76 14 108 64 99 74 101 39 100 103 84 33 106 16 98 10 15 91 12 56 67 88 41 30 95 3 13 105 60 104 102 26 47 58 49 28 66 52 71 38 6 1 43 53 72 89 94 68 36 78 82 69 2 51 32 5 93 70 25 20 42 22 85 59 107 79 23 90 77 
0 65 97 19 31 55 24 27 29 46 17 92 54 8 9 59 7 35 11 37 44 83 109 40 48 50 80 57 73 62 87 63 86 21 18 61 96 45 81 4 34 76 14 108 64 99 74 101 39 100 103 84 33 106 16 98 10 15 91 12 56 67 88 41 30 95 3 13 105 60 104 102 26 47 58 49 28 66 52 71 38 6 1 43 53 72 89 94 68 36 78 82 69 2 51 32 5 93 70 25 20 42 22 75 85 107 79 23 90 77 
0 65 97 19 31 55 24 27 29 46 17 92 54 8 9 75 7 35 11 37 44 83 109 40 48 50 80 57 73 62 87 63 86 21 18 61 96 45 81 4 76 34 14 108 64 99 74 101 39 100 103 84 33 106 16 98 10 15 91 56 67 88 41 30 95 3 13 105 60 104 12 102 26 47 58 49 28 66 52 71 38 6 1 43 53 72 89 94 68 36 78 82 69 2 51 32 5 93 70 25 20 42 22 59 85 107 79 23 90 77 
0 65 97 19 31 55 24 27 29 46 17 92 54 8 9 75 7 35 11 37 44 83 109 40 48 50 80 57 73 62 87 63 86 21 18 61 96 45 81 4 34 76 14 108 64 99 74 101 39 100 103 84 33 106 16 1 6 38 71 52 66 28 49 58 47 26 102 104 60 105 13 3 95 30 41 88 67 56 12 91 15 10 98 43 53 72 89 94 68 36 78 82 69 2 51 32 5 93 70 25 20 42 22 59 85 107 79 23 90 77 
0 65 97 19 31 55 24 27 29 46 17 92 54 8 9 75 7 35 11 37 44 83 109 40 48 50 80 57 73 62 87 63 86 21 18 61 96 45 81 4 34 76 14 108 64 99 74 101 39 100 103 84 33 106 16 98 10 15 91 12 56 67 88 41 30 95 3 13 105 60 104 102 26 47 58 49 28 66 52 71 38 6 1 43 53 72 89 94 68 36 78 82 69 2 51 32 5 93 70 25 20 42 22 59 85 107 90 77 79 23 
0 65 97 19 31 55 24 27 29 46 17 92 54 8 9 75 7 35 11 37 44 83 109 40 48 50 80 57 73 62 87 63 86 21 18 61 96 45 81 4 34 76 14 108 64 99 74 101 39 100 103 84 33 106 16 98 10 15 91 12 56 67 88 41 95 3 13 105 60 104 102 26 47 58 49 28 66 52 71 30 38 6 1 43 53 72 89 94 68 36 78 82 69 2 51 32 5 93 70 25 20 42 22 59 85 107 79 23 90 77 
0 65 97 19 31 55 24 27 29 46 17 92 54 8 9 75 7 35 11 37 44 83 109 40 48 50 80 57 73 62 87 63 86 21 18 61 96 45 81 4 34 76 14 64 108 99 74 101 39 100 103 84 33 106 16 98 10 15 91 12 56 67 88 41 30 95 3 13 105 60 104 102 26 47 58 49 28 66 52 71 38 6 1 43 53 72 89 94 68 36 78 82 69 51 32 5 93 70 2 25 20 42 22 59 85 107 79 23 90 77 
0 65 97 19 31 55 24 27 29 46 17 92 54 8 9 75 7 35 11 37 83 109 44 40 48 50 80 57 73 62 87 63 86 21 18 61 96 45 81 4 34 76 14 108 64 99 74 101 39 100 103 84 33 106 16 98 10 15 91 12 56 67 88 41 30 95 3 13 105 60 104 102 26 47 58 49 28 66 52 71 38 6 1 43 53 72 89 94 68 36 78 82 69 2 51 32 5 93 70 25 20 42 22 59 85 107 79 23 90 77 
0 65 97 19 31 55 24 27 29 46 17 92 54 8 9 75 7 35 11 5 44 83 109 40 48 50 80 57 73 62 87 63 86 21 18 61 96 45 81 4 34 76 14 108 64 99 74 101 39 100 103 84 33 106 16 98 10 15 91 12 56 67 88 41 30 95 3 13 105 60 104 102 26 47 58 49 28 66 52 71 38 6 1 43 53 72 89 94 68 36 78 82 69 2 51 32 37 93 70 25 20 42 22 59 85 107 79 23 90 77 
0 65 97 19 31 55 24 27 29 46 17 92 54 8 9 75 7 35 11 37 44 83 109 40 48 50 80 73 62 87 63 86 21 18 61 96 45 81 4 34 76 14 108 64 99 74 101 39 100 103 84 33 106 16 98 10 57 15 91 12 56 67 88 41 30 95 3 13 105 60 104 102 26 47 58 49 28 66 52 71 38 6 1 43 53 72 89 94 68 36 78 82 69 2 51 32 5 93 70 25 20 42 22 59 85 107 79 23 90 77 
0 65 97 19 31 55 24 27 29 46 17 92 54 8 9 75 7 35 11 37 44 83 109 40 48 50 80 57 73 62 87 63 86 21 18 61 96 45 81 4 34 76 14 108 64 99 74 101 39 100 103 84 33 106 16 98 10 15 91 12 56 67 88 41 30 95 3 13 105 49 104 102 26 47 58 60 28 66 52 71 38 6 1 43 53 72 89 94 68 36 78 82 69 2 51 32 5 93 70 25 20 42 22 59 85 107 79 23 90 77 
0 65 97 19 31 55 24 27 29 46 17 92 54 8 9 75 7 35 11 37 44 83 109 40 48 50 80 57 73 62 87 63 86 21 18 61 96 45 81 4 34 76 14 108 99 74 101 39 64 100 103 84 33 106 16 98 10 15 91 12 56 67 88 41 30 95 3 13 105 60 104 102 26 47 58 49 28 66 52 71 38 6 1 43 53 72 89 94 68 36 78 82 69 2 51 32 5 93 70 25 20 42 22 59 85 107 79 23 90 77 
0 65 97 19 31 55 24 27 29 46 17 92 54 8 9 75 7 35 11 37 44 83 109 40 48 50 80 57 73 62 87 63 86 21 18 61 96 45 81 4 34 76 14 108 64 99 74 101 39 100 103 84 33 106 16 98 10 15 91 12 56 67 88 41 30 95 3 13 105 60 104 102 26 47 58 49 28 66 52 71 38 6 1 43 53 72 89 94 68 36 78 82 69 2 51 5 93 70 25 20 42 22 32 59 85 107 79 23 90 77 
0 65 97 19 31 55 24 27 29 46 17 92 54 8 9 75 7 35 11 37 44 83 109 40 48 50 80 57 73 62 87 63 86 21 18 61 96 45 81 4 34 76 56 12 91 15 10 98 16 106 33 84 103 100 39 101 74 99 64 108 14 67 88 41 30 95 3 13 105 60 104 102 26 47 58 49 28 66 52 71 38 6 1 43 53 72 89 94 68 36 78 82 69 2 51 32 5 93 70 25 20 42 22 59 85 107 79 23 90 77 
0 65 97 19 31 55 24 27 29 46 17 92 54 8 9 75 7 35 11 37 44 83 109 40 48 50 80 57 73 62 87 63 86 21 18 61 96 45 81 4 76 34 14 108 64 99 74 101 39 100 103 84 33 49 58 47 26 102 104 60 105 13 3 95 30 41 88 106 16 98 10 15 91 12 56 67 28 66 52 71 38 6 1 43 53 72 89 94 68 36 78 82 69 2 51 32 5 93 70 25 20 42 22 59 85 107 79 23 90 77 
0 65 97 19 31 55 24 27 29 46 17 92 54 8 9 75 7 35 11 37 44 83 109 40 48 50 80 57 73 62 87 63 86 21 18 61 96 45 81 4 34 76 14 108 64 99 74 101 39 100 103 84 33 106 16 98 10 15 38 71 52 66 28 49 58 47 26 102 104 60 105 13 3 95 30 41 88 67 56 12 91 6 1 43 53 72 89 94 68 36 78 82 69 2 51 32 5 93 70 25 20 42 22 59 85 107 79 23 90 77 
0 65 97 19 31 55 24 27 29 46 17 92 54 8 9 75 7 35 11 37 44 83 109 40 49 58 47 26 102 104 60 105 13 3 95 30 41 88 67 56 12 91 15 10 98 16 106 33 84 103 100 39 101 74 99 64 108 14 76 34 4 81 45 96 61 18 21 86 63 87 62 73 57 80 50 48 28 66 52 71 38 6 1 43 53 72 89 94 68 36 78 82 69 2 51 32 5 93 70 25 20 42 22 59 85 107 79 23 90 77 
0 65 97 19 31 55 24 27 29 46 17 92 54 8 9 75 7 35 11 37 44 83 109 40 48 50 80 57 73 62 87 63 86 21 18 61 96 45 81 4 34 76 14 108 64 99 74 101 39 100 103 84 33 106 16 98 10 15 91 12 56 67 88 41 30 53 43 1 6 38 71 52 66 28 49 58 47 26 102 104 60 105 13 3 95 72 89 94 68 36 78 82 69 2 51 32 5 93 70 25 20 42 22 59 85 107 79 23 90 77 
0 65 97 19 31 55 24 27 29 46 17 92 54 8 9 75 7 35 11 37 44 83 109 40 48 50 80 57 73 62 87 63 86 21 18 61 96 45 81 4 34 76 14 108 64 99 74 101 100 103 84 33 106 16 39 98 10 15 91 12 56 67 88 41 30 95 3 13 105 60 104 102 26 47 58 49 28 66 52 71 38 6 1 43 53 72 89 94 68 36 78 82 69 2 51 32 5 93 70 25 20 42 22 59 85 107 79 23 90 77 
0 65 97 19 31 55 24 27 29 46 17 92 54 8 9 75 7 35 11 37 44 83 109 40 48 50 80 57 73 62 87 63 86 21 18 61 96 45 81 4 34 76 14 108 64 99 74 101 39 100 103 84 33 106 16 98 10 15 91 12 56 67 88 41 30 95 3 13 105 60 104 102 26 47 58 49 28 66 52 71 38 6 1 43 53 72 89 94 68 36 78 82 69 2 51 32 5 70 25 20 42 22 59 85 93 107 79 23 90 77 
0 65 97 19 31 55 24 27 29 46 17 92 54 8 9 75 7 35 37 44 83 109 40 53 72 89 94 68 36 78 82 69 2 51 32 5 93 70 4 34 76 14 108 64 99 74 101 39 100 103 84 33 106 16 98 10 15 91 12 56 67 88 41 30 95 3 13 105 60 104 102 26 47 58 49 28 66 52 71 38 6 1 43 48 50 80 57 73 62 87 63 86 21 18 61 96 45 81 11 25 20 42 22 59 85 107 79 23 90 77 
0 65 97 19 31 55 24 27 29 46 17 92 54 8 9 75 7 35 11 37 44 83 109 40 48 50 80 57 73 62 87 63 86 21 18 61 96 45 81 4 34 76 14 108 64 99 74 101 39 100 103 84 33 106 16 98 10 15 91 12 56 67 88 41 30 95 3 13 105 60 104 102 26 47 58 49 28 66 52 71 38 6 1 43 53 72 89 94 68 36 78 82 69 2 51 32 5 93 70 25 20 42 22 59 107 79 23 85 90 77 
0 65 97 19 31 55 24 27 29 46 17 92 54 8 9 75 7 35 11 37 44 83 109 40 48 50 80 57 73 62 87 63 86 21 18 61 96 45 81 4 76 14 108 64 99 74 101 39 100 103 84 33 106 16 98 10 15 91 12 56 67 88 41 30 95 3 13 105 60 104 102 26 47 58 34 49 28 66 52 71 38 6 1 43 53 72 89 94 68 36 78 82 69 2 51 32 5 93 25 20 70 42 22 59 85 107 79 23 90 77 
0 65 97 19 31 55 24 27 29 46 17 92 54 8 9 75 7 35 11 37 44 83 109 40 48 50 80 57 73 62 87 63 86 21 18 61 96 45 81 103 34 76 14 108 64 99 74 101 39 100 4 84 33 106 16 98 10 15 91 12 56 67 88 41 30 95 3 13 105 60 104 102 26 47 58 49 28 66 52 71 38 6 1 43 53 72 89 94 68 36 78 82 69 2 51 32 5 93 70 25 20 42 22 59 85 107 79 23 77 90 
0 65 97 19 31 55 24 27 29 46 17 92 54 8 9 75 7 35 11 37 44 83 109 40 48 50 80 57 73 62 87 63 86 21 18 61 96 45 81 4 76 91 15 10 98 16 34 106 33 84 103 100 39 101 74 99 64 108 14 12 56 67 88 41 30 95 3 13 105 60 104 102 26 47 58 49 28 66 52 71 38 6 1 43 53 72 89 94 68 36 78 82 69 2 51 32 5 93 70 25 20 42 22 59 85 107 79 23 90 77 
0 65 97 19 31 55 24 27 29 46 17 92 54 8 9 75 7 35 11 37 44 83 109 2 48 50 80 57 62 87 63 86 21 18 61 96 45 81 4 73 34 76 14 108 64 99 74 101 39 100 103 84 33 106 16 98 10 15 91 12 56 67 88 41 30 95 3 13 105 60 104 102 26 47 58 49 28 66 52 71 38 6 1 43 53 72 89 94 68 36 78 82 69 40 51 32 5 93 70 25 20 42 22 59 85 107 79 23 90 77 
0 65 97 19 31 55 24 27 29 46 17 92 54 8 9 75 7 35 11 37 44 83 109 40 48 50 80 57 73 62 87 63 86 21 18 61 96 45 81 4 34 76 14 108 64 99 74 101 39 100 103 84 33 106 16 98 10 15 91 12 56 67 88 41 30 95 3 13 105 60 104 102 26 58 49 28 66 52 71 38 6 1 43 53 72 89 47 94 68 36 78 82 69 2 51 32 5 93 70 25 20 42 22 59 85 107 79 23 90 77 
0 65 97 25 70 93 5 32 51 2 69 82 78 36 68 94 89 72 53 43 1 6 38 71 52 66 28 49 58 47 26 102 104 60 105 13 3 95 30 41 88 67 56 12 91 15 10 98 16 106 33 84 103 100 39 101 74 99 64 108 14 76 34 4 81 45 96 61 18 21 86 63 87 62 73 57 80 50 48 40 109 83 44 37 11 35 7 75 9 8 54 92 17 46 29 27 24 55 31 19 20 42 22 59 85 107 79 23 90 77 
0 65 97 19 31 55 24 27 29 46 17 92 54 8 9 75 7 35 11 37 44 83 109 40 48 50 80 57 73 62 87 63 86 21 18 61 96 45 4 34 76 14 108 64 99 74 101 39 100 103 84 33 106 81 16 98 10 15 91 12 56 67 88 41 30 95 3 13 105 60 104 102 26 47 58 49 28 66 52 71 38 6 1 43 53 72 89 94 68 36 78 82 69 2 51 32 5 93 70 25 20 42 22 59 85 107 79 23 90 77 
0 65 97 19 31 55 24 27 29 46 17 92 54 77 90 23 79 107 85 59 22 42 20 25 70 93 5 32 51 2 69 82 78 36 68 94 89 72 53 43 1 6 38 71 52 66 28 49 58 47 26 102 104 60 105 13 3 95 30 41 88 67 56 12 91 15 10 98 16 106 33 84 103 100 39 101 74 99 64 108 14 76 34 4 81 45 96 61 18 21 86 63 87 62 73 57 80 50 48 40 109 83 44 37 11 35 7 75 9 8 
0 65 97 19 31 55 24 27 29 46 17 92 54 8 9 75 7 35 11 37 44 83 40 109 48 50 80 57 73 62 87 63 86 21 18 61 96 45 81 4 34 76 14 108 64 99 74 101 39 100 103 84 33 106 16 98 10 15 91 12 56 67 88 41 30 95 3 13 105 60 104 102 26 47 58 49 28 66 52 71 6 1 43 53 72 89 94 68 36 38 78 82 69 2 51 32 5 93 70 25 20 42 22 59 85 107 79 23 90 77 
0 65 97 19 31 55 24 27 29 46 17 92 54 8 9 75 7 35 37 44 83 109 40 48 50 80 57 73 62 87 63 86 21 18 61 96 45 81 4 34 76 14 108 64 99 74 101 39 100 103 84 33 106 16 98 10 15 91 12 56 67 88 41 30 95 3 13 105 60 104 102 26 47 58 49 28 66 52 71 38 6 1 43 53 72 89 94 68 36 78 82 69 2 51 32 5 93 70 25 20 42 22 59 85 107 79 23 90 77 11 
0 65 97 19 31 55 24 27 29 46 17 92 54 8 9 75 7 35 11 37 44 83 109 40 48 50 80 57 73 62 87 63 86 21 18 61 96 45 81 4 76 14 108 64 99 74 101 39 100 103 84 33 106 16 98 10 15 91 12 56 67 88 41 30 95 3 13 105 60 104 102 26 47 58 49 28 66 52 71 38 6 1 43 53 72 89 94 68 36 78 82 69 2 51 32 5 93 70 25 20 34 42 22 59 85 107 79 23 90 77 
0 65 97 19 31 55 24 27 29 46 17 92 54 8 9 75 7 35 11 37 44 83 109 40 48 50 80 57 73 62 87 63 86 21 18 61 96 45 81 4 34 76 14 108 64 99 74 101 39 100 103 84 33 106 16 98 10 15 91 12 56 67 88 41 30 95 3 13 105 60 104 102 26 47 58 49 28 66 82 71 38 6 1 43 53 72 89 94 68 36 78 52 69 2 51 32 5 93 70 25 20 42 22 59 85 107 79 23 90 77 
0 65 97 19 31 55 24 27 29 46 17 92 54 8 9 75 7 35 11 37 44 83 109 40 48 50 80 57 73 62 87 63 86 21 18 61 96 45 81 4 34 76 14 108 64 99 74 101 82 100 103 84 33 106 16 98 10 15 91 12 56 67 88 41 30 95 3 13 105 60 104 102 26 47 58 49 28 66 52 71 38 6 1 43 53 72 89 94 68 36 78 39 69 2 51 32 5 93 70 25 20 42 22 59 85 107 79 23 90 77 
0 65 97 19 31 55 24 27 29 46 17 92 54 8 9 75 7 35 11 37 44 83 109 40 48 50 80 57 73 62 87 63 86 21 18 61 96 45 108 4 34 76 14 81 64 99 74 101 39 100 103 84 33 106 16 98 10 15 91 12 56 67 88 41 30 95 3 13 105 60 104 102 26 47 58 49 28 66 52 71 38 6 1 43 53 72 89 94 68 36 78 82 69 2 51 32 5 93 70 25 20 42 22 59 85 107 79 23 90 77 
0 65 97 19 31 55 24 27 29 46 17 92 2 69 82 78 36 68 94 89 72 53 43 1 6 38 71 52 66 28 49 58 47 26 102 104 60 105 13 3 95 30 41 88 67 56 12 91 15 10 98 16 106 33 84 103 100 39 101 74 99 64 108 14 76 34 4 81 45 96 61 18 21 86 63 87 62 73 57 80 50 48 40 109 83 44 37 11 35 7 75 9 8 54 51 32 5 93 70 25 20 42 22 59 85 107 79 23 90 77 
0 65 97 19 31 55 24 27 29 46 17 92 54 8 9 75 7 35 11 37 44 83 109 40 48 50 80 57 73 62 87 63 86 21 18 61 96 45 81 4 34 76 14 108 64 99 74 101 39 100 103 84 33 106 16 98 10 15 91 12 56 67 88 41 30 95 3 13 105 60 104 102 26 47 58 49 28 66 52 71 38 6 1 43 53 72 89 94 68 36 78 82 69 2 51 32 5 93 70 25 42 22 59 85 107 79 23 90 20 77 
0 65 97 19 31 55 24 27 29 46 17 92 54 8 9 75 7 35 11 37 44 83 109 40 48 50 80 57 73 62 58 47 26 102 104 60 105 13 3 95 30 41 88 67 56 12 91 15 10 98 16 106 33 84 103 100 39 101 74 99 64 108 14 76 34 4 81 45 96 61 18 21 86 63 87 49 28 66 52 71 38 6 1 43 53 72 89 94 68 36 78 82 69 2 51 32 5 93 70 25 20 42 22 59 85 107 79 23 90 77 
0 65 97 75 31 55 19 24 27 29 46 17 92 54 8 9 7 35 11 37 44 83 109 40 48 50 80 57 73 62 87 63 86 21 18 61 96 45 81 4 34 76 14 108 64 99 74 101 39 100 103 84 33 106 16 98 10 15 91 12 56 67 88 41 30 95 3 13 105 60 104 102 26 47 58 49 28 66 52 71 38 6 1 43 53 72 89 94 68 36 78 82 69 2 51 32 5 93 70 25 20 42 22 59 85 107 79 23 90 77 
0 65 97 19 31 55 24 27 29 46 17 92 54 8 9 75 7 35 11 37 44 83 109 40 48 50 80 57 73 62 87 63 86 21 18 61 96 45 81 4 34 76 14 108 64 99 74 101 39 100 103 84 59 22 42 20 25 70 93 5 32 51 2 69 82 78 36 68 94 89 72 53 43 1 6 38 71 52 66 28 49 58 47 26 102 104 60 105 13 3 95 30 41 88 67 56 12 91 15 10 98 16 106 33 85 107 79 23 90 77 
0 65 97 19 31 55 24 27 29 46 17 92 54 8 9 75 7 35 11 37 44 83 109 40 48 50 80 57 73 62 87 63 86 21 18 61 45 81 4 76 34 14 108 64 99 74 101 39 100 103 84 33 106 16 98 10 15 91 12 56 67 96 88 41 30 95 3 13 105 60 104 102 26 47 58 49 28 66 52 71 38 6 1 43 53 72 89 94 68 36 78 82 69 2 51 32 5 93 70 25 20 42 22 59 85 107 79 23 90 77 
0 65 97 19 31 55 24 27 29 46 17 92 54 8 9 75 7 35 11 37 44 83 109 40 48 50 80 57 73 62 87 63 86 21 18 61 96 45 81 4 76 34 14 108 64 99 74 101 39 100 22 84 33 106 16 98 10 103 15 91 12 56 67 88 41 30 95 3 13 105 60 104 102 26 47 58 49 28 66 52 71 38 6 1 43 53 72 89 94 68 36 78 82 69 2 51 32 5 93 70 25 20 42 59 85 107 79 23 90 77 
0 65 97 19 31 55 24 27 29 46 17 92 54 8 9 75 7 35 11 37 44 83 109 40 48 50 80 57 73 62 87 63 86 21 18 61 96 45 81 4 34 76 14 108 64 99 74 101 39 100 103 84 33 106 16 98 10 91 12 56 67 88 41 30 95 3 13 105 60 104 102 26 47 58 49 28 66 52 71 38 6 1 43 53 72 89 94 68 36 78 82 69 2 51 32 5 15 93 70 25 20 42 22 59 85 107 79 23 90 77 
0 97 19 31 55 24 27 29 46 17 92 54 8 9 75 7 35 11 37 44 83 109 40 48 50 80 57 73 62 87 63 86 21 18 61 96 45 81 4 34 76 14 108 64 99 74 101 39 100 103 84 33 106 16 98 10 15 91 12 56 67 88 41 30 95 3 13 105 60 104 102 26 47 58 49 28 66 52 71 38 6 1 43 53 72 89 94 68 36 78 82 69 2 51 32 85 59 22 42 20 25 70 93 5 107 79 65 23 90 77 
0 65 97 19 31 55 24 27 29 46 17 92 54 8 9 75 7 35 11 37 44 83 109 40 48 50 80 57 73 62 87 63 86 21 18 61 96 45 81 4 34 76 14 108 64 99 74 101 39 100 103 84 33 106 16 98 10 15 91 12 56 67 88 41 30 95 3 13 105 60 104 102 26 47 58 49 28 66 52 71 38 6 1 43 53 72 89 59 68 36 78 82 69 2 51 32 5 93 70 25 20 42 22 94 85 107 79 23 90 77 
0 65 97 19 31 55 24 27 29 46 17 92 54 8 9 75 7 35 37 44 83 109 40 48 50 11 80 57 73 62 87 63 86 21 18 61 96 45 81 4 34 76 14 108 64 99 74 101 39 100 103 84 33 106 16 98 10 15 91 12 56 67 88 41 30 95 3 13 105 60 104 102 26 47 58 49 28 66 52 71 38 6 1 43 53 72 89 94 68 36 78 82 69 2 51 32 5 93 70 25 20 42 22 59 85 107 79 23 90 77 
0 65 97 19 31 55 24 27 29 46 17 92 54 8 9 75 7 35 11 37 44 83 109 40 48 50 80 57 73 62 87 63 86 21 18 61 96 45 81 4 34 76 14 108 64 99 74 101 39 100 103 84 33 106 16 1 6 38 71 52 66 28 49 58 47 26 102 104 60 105 13 3 95 30 41 88 67 56 12 91 78 10 98 43 53 72 89 94 68 36 15 82 69 2 51 32 5 93 70 25 20 42 22 59 85 107 79 23 90 77 
0 65 97 19 31 55 24 27 29 46 17 92 54 8 9 75 7 11 37 44 83 2 40 48 50 80 57 73 62 87 63 86 21 18 61 96 45 81 4 34 76 14 108 64 99 74 101 39 100 103 84 33 106 16 98 10 15 91 12 56 67 88 41 30 95 3 13 105 60 104 102 26 47 58 49 28 66 52 71 38 6 1 43 53 72 89 94 68 35 36 78 82 69 109 51 32 5 93 70 25 20 42 22 59 85 107 79 23 90 77 
0 65 97 19 31 55 24 27 29 46 17 92 54 8 9 75 7 35 11 37 44 83 109 40 48 50 80 57 73 62 87 63 86 21 18 61 96 45 81 4 34 76 14 108 64 99 74 101 39 100 103 84 33 106 16 98 10 15 91 12 56 67 88 41 30 95 3 72 105 60 104 102 26 47 58 49 28 66 52 71 38 6 1 43 53 13 89 94 68 36 78 82 69 2 51 32 5 93 70 25 20 42 22 59 85 107 79 23 90 77 
0 65 97 19 31 55 24 27 29 46 17 92 54 8 9 75 7 35 11 37 83 109 40 48 50 80 57 73 62 87 63 44 86 21 18 61 96 45 81 4 76 34 14 108 64 99 74 101 39 100 103 84 33 106 16 98 10 15 91 12 56 67 88 41 30 95 3 13 105 60 104 102 26 47 58 49 28 66 52 71 38 6 1 43 53 72 89 94 68 36 78 82 69 2 51 32 5 93 70 25 20 42 22 59 85 107 79 23 90 77 
0 65 19 31 55 24 27 29 46 17 92 54 8 9 75 7 35 11 37 44 83 109 40 97 48 50 80 57 73 62 87 63 86 21 18 61 96 45 81 4 34 76 14 108 64 99 74 101 39 100 103 84 15 10 98 16 106 33 91 12 56 67 88 41 30 95 3 13 105 60 104 102 26 47 58 49 28 66 52 71 38 6 1 43 53 72 89 94 68 36 78 82 69 2 51 32 5 93 70 25 20 42 22 59 85 107 79 23 90 77 
0 65 97 19 31 55 24 27 29 46 17 92 54 8 9 75 7 35 11 37 44 83 109 40 48 50 80 57 73 62 87 63 86 21 18 61 45 81 4 34 76 14 108 64 99 74 101 39 100 103 84 33 106 16 98 10 56 12 91 15 67 88 41 30 95 3 13 105 60 104 102 26 47 58 49 28 66 52 71 38 6 1 43 53 72 96 89 94 68 36 78 82 69 2 51 32 5 93 70 25 20 42 22 59 85 107 79 23 90 77 
0 65 97 19 31 55 24 27 29 46 17 92 54 8 9 75 7 79 11 37 44 83 109 40 48 50 80 57 73 62 87 63 86 21 18 61 96 45 81 4 76 34 14 108 64 99 74 101 39 100 103 84 33 106 16 98 10 15 91 12 56 67 88 41 30 95 3 13 105 60 104 102 26 47 58 49 28 66 52 71 38 6 1 43 53 72 89 94 68 36 78 82 69 2 51 32 5 93 70 25 20 42 22 59 85 107 35 23 90 77 
0 65 97 19 31 55 24 27 29 46 17 92 54 8 9 75 7 35 11 37 44 83 109 40 48 50 80 57 73 62 87 63 86 21 18 61 96 45 81 4 34 76 14 108 64 99 74 101 39 100 103 84 33 106 16 98 10 22 15 91 12 56 67 88 41 30 95 3 13 105 60 104 102 26 47 58 49 28 66 52 71 38 6 1 43 53 72 89 94 68 36 78 82 69 2 51 32 5 93 70 25 20 42 59 85 107 79 23 90 77 
0 65 97 19 31 55 24 27 29 46 17 92 54 8 9 75 7 35 106 33 84 103 100 39 101 74 99 64 108 14 76 34 4 81 45 96 61 18 21 86 63 87 62 73 57 80 50 48 40 109 83 44 37 11 16 98 10 15 91 12 56 67 88 41 30 95 3 13 105 60 104 102 26 47 58 49 28 66 52 71 38 6 1 43 53 72 89 94 68 36 78 82 69 2 51 32 5 93 70 25 20 42 22 59 85 107 79 23 90 77 
0 65 97 19 31 55 24 27 29 46 17 92 54 8 9 75 7 35 11 37 44 83 109 40 48 50 80 57 73 62 87 63 86 21 18 61 96 32 81 4 34 3 95 30 41 88 67 56 12 91 15 10 98 16 106 33 84 103 100 39 101 74 99 64 108 14 76 13 105 60 104 102 26 47 58 49 28 66 52 71 38 6 1 43 53 72 89 94 68 36 78 82 69 2 51 45 5 93 70 25 20 42 22 59 85 107 79 23 90 77 
0 65 97 19 31 55 24 27 29 46 17 92 54 8 9 75 7 35 11 37 44 83 109 40 48 50 80 57 73 62 87 63 86 21 18 61 96 45 81 4 34 76 14 108 64 99 74 101 39 100 103 84 33 106 16 98 10 15 91 12 56 67 88 41 30 95 3 13 105 60 104 102 26 47 58 49 28 66 52 71 38 6 1 43 53 72 89 94 68 36 78 82 69 2 32 5 93 70 25 20 42 22 59 85 107 79 23 90 77 51 
0 65 97 31 55 24 27 29 46 17 92 54 8 9 75 7 35 11 37 44 83 109 40 48 50 80 57 73 62 87 63 19 86 21 18 61 96 45 81 4 34 76 14 108 64 99 74 101 39 100 103 84 33 106 16 98 10 15 91 12 56 67 88 41 30 95 3 13 105 60 104 102 26 47 58 49 28 66 52 71 38 6 1 43 53 72 89 94 68 36 78 82 69 2 51 32 5 93 70 25 20 42 22 59 85 107 79 23 90 77 
0 65 97 19 31 55 24 27 29 46 17 92 54 8 9 75 7 35 11 37 44 83 109 40 48 50 80 57 73 62 87 63 86 21 18 61 96 45 81 34 4 76 14 108 64 99 74 101 39 100 103 84 33 106 16 98 10 15 91 12 56 67 88 41 30 95 3 13 105 60 104 102 26 47 58 49 28 66 52 71 38 6 1 43 53 72 89 94 68 36 78 82 69 2 51 32 5 70 25 20 42 22 59 85 107 79 23 90 77 93 
0 65 97 19 31 55 24 27 29 46 17 92 54 8 9 75 7 35 11 37 44 83 109 40 48 50 80 57 73 62 87 98 16 106 33 84 103 100 39 101 74 99 64 108 14 76 34 4 81 45 96 61 18 21 86 63 10 15 91 12 56 67 88 41 30 95 3 13 105 60 104 102 26 47 58 49 28 66 52 71 38 6 1 43 53 72 89 94 68 36 78 82 69 2 51 32 5 93 70 25 20 42 22 59 85 107 79 23 90 77 
0 65 97 19 31 55 24 27 29 46 17 92 54 8 9 75 7 35 11 37 44 83 109 40 48 50 80 57 73 62 87 63 86 21 18 61 45 81 4 34 76 14 108 64 99 74 101 39 100 103 84 33 106 16 98 10 15 91 96 12 56 67 88 41 30 95 3 13 105 60 104 102 26 47 58 49 28 66 52 71 38 6 1 43 53 72 89 94 68 36 78 82 69 2 51 32 5 93 70 25 20 42 22 59 85 107 79 23 90 77 
0 65 97 19 31 55 24 27 29 46 17 92 54 8 9 75 7 35 11 37 44 83 109 40 48 50 80 57 73 62 87 63 86 21 18 26 102 104 60 105 13 3 95 30 41 88 67 56 12 91 15 10 98 16 106 33 84 103 100 39 101 74 99 64 108 14 34 76 4 81 45 96 61 47 58 49 28 66 52 71 38 6 1 43 53 72 89 94 68 36 78 82 69 2 51 32 5 93 70 25 20 42 22 59 85 107 79 23 90 77 
0 65 97 19 31 55 24 27 29 46 17 92 54 8 9 75 7 35 11 37 44 83 109 40 48 50 80 57 73 62 87 63 86 21 18 61 96 45 81 4 34 76 14 108 64 99 74 101 39 100 103 84 33 106 16 98 10 15 91 12 56 67 88 41 30 95 3 13 105 60 104 102 26 47 58 49 28 66 52 71 38 6 1 43 53 72 89 94 68 36 78 82 69 2 32 5 93 70 25 20 42 22 59 85 107 79 23 51 90 77 
0 65 97 19 31 55 24 27 29 46 17 92 54 8 72 53 43 1 6 38 71 52 66 28 49 58 47 26 102 104 60 105 13 3 95 30 41 88 67 56 12 91 15 10 98 16 106 33 84 103 100 39 101 74 99 64 108 14 34 76 4 81 37 96 61 18 21 86 63 87 62 73 57 80 50 48 40 109 83 44 45 11 35 7 75 9 89 94 68 36 78 82 69 2 51 32 5 93 70 25 20 42 22 59 85 107 79 23 90 77 
0 65 97 19 31 55 24 27 29 46 17 92 54 8 9 75 7 35 11 37 44 83 109 40 48 50 80 57 73 62 87 63 86 21 18 61 96 45 81 34 15 14 108 64 99 74 101 39 100 103 84 33 106 16 98 10 76 91 12 56 67 88 41 30 95 3 13 105 60 104 102 26 47 58 49 4 28 66 52 71 38 6 1 43 53 72 89 94 68 36 78 82 69 2 51 32 5 93 70 25 20 42 22 59 85 107 79 23 90 77 
0 65 97 19 31 55 24 27 29 46 17 92 54 8 9 75 7 35 11 37 44 83 109 40 48 50 80 57 73 62 87 63 86 21 18 61 96 45 81 4 76 34 14 108 64 99 74 101 39 100 103 84 33 106 16 98 10 15 91 12 56 67 88 41 30 95 3 13 105 60 104 102 26 47 58 49 28 66 52 71 38 6 94 43 53 72 89 1 68 36 78 82 69 2 51 32 5 93 70 25 20 42 22 59 85 107 79 23 90 77 
0 65 97 19 31 55 24 27 29 46 17 92 54 8 9 75 7 35 11 37 44 83 109 40 62 73 57 80 50 48 87 63 86 21 18 61 96 45 81 4 34 76 14 108 64 99 74 101 39 100 103 84 33 106 16 98 10 15 91 12 56 67 88 41 30 95 3 13 105 60 104 102 26 47 58 49 28 66 52 71 38 6 1 43 53 72 89 94 68 36 78 82 69 2 51 32 107 5 93 70 25 20 42 22 59 85 79 23 90 77 
0 65 97 19 31 55 24 27 29 46 17 92 54 8 75 7 35 11 37 44 83 109 40 48 50 80 57 73 62 87 63 86 21 18 61 96 45 81 4 34 76 14 108 64 99 74 101 39 100 103 84 33 106 16 9 98 10 15 91 12 56 67 88 41 30 95 3 13 105 60 104 102 26 47 58 49 28 66 52 71 38 6 1 43 53 72 89 94 68 36 78 82 69 2 51 32 5 93 70 25 20 42 22 59 85 107 79 23 90 77 
0 65 97 19 31 55 24 27 29 46 17 92 54 8 9 75 7 35 11 37 44 83 109 40 48 50 80 57 73 62 87 63 86 21 18 61 96 45 81 4 34 76 14 108 64 99 74 101 39 100 103 84 33 106 16 98 10 15 91 12 56 67 68 41 30 95 3 13 105 60 104 102 26 47 58 49 28 66 52 71 38 6 1 43 53 72 89 94 88 36 78 82 69 2 51 32 5 93 70 25 20 42 22 59 85 107 79 23 90 77 
0 65 97 19 31 55 24 27 29 46 17 92 75 8 9 54 7 35 11 37 44 83 109 40 48 50 80 57 73 62 87 63 86 21 18 61 96 45 81 4 76 34 14 108 64 99 43 101 39 100 103 84 33 106 16 98 10 15 91 12 56 67 88 41 30 95 3 13 105 60 104 102 26 47 58 49 28 66 52 71 38 6 1 74 53 72 89 94 68 36 78 82 69 2 51 32 5 93 70 25 20 42 22 59 85 107 79 23 90 77 
0 65 97 19 31 55 24 27 29 46 17 92 54 8 9 75 7 35 11 37 44 83 109 40 48 50 80 57 73 62 63 86 21 18 61 96 45 81 4 76 34 14 108 64 99 74 101 39 87 100 103 84 33 106 16 98 10 15 91 12 56 67 88 41 30 95 3 13 105 60 104 102 26 47 58 49 28 66 52 71 38 6 1 43 53 72 89 94 68 36 78 82 69 2 51 32 5 93 70 25 20 42 22 59 85 107 79 23 90 77 
0 65 97 19 31 55 24 27 29 46 17 92 54 8 9 75 7 35 11 37 44 83 109 40 48 50 80 57 62 87 63 86 21 18 61 96 45 81 4 73 34 76 14 42 25 70 93 5 32 51 2 69 82 78 36 68 94 89 72 53 43 1 6 38 71 52 66 28 49 58 47 26 102 104 60 105 13 3 95 30 41 88 67 56 12 91 15 10 98 16 106 33 84 103 100 39 101 74 99 64 108 22 59 85 107 20 79 23 90 77 
0 65 97 19 31 55 24 27 29 46 17 92 54 8 9 75 7 35 11 37 44 83 109 40 48 50 80 57 73 62 87 63 86 21 18 61 96 45 81 4 76 34 14 108 64 99 74 101 39 100 103 84 33 106 16 98 10 15 91 12 56 67 88 41 30 95 3 42 20 25 70 93 5 32 51 2 69 82 78 36 68 94 89 72 53 43 1 6 38 71 52 66 28 49 58 47 26 102 104 60 105 13 22 59 85 107 79 23 90 77 
0 65 97 19 31 55 24 27 29 46 17 92 54 8 9 75 7 35 11 37 44 83 109 40 48 50 80 57 73 62 87 63 86 21 18 61 96 45 81 4 34 76 14 108 64 99 74 101 39 100 103 84 33 106 16 98 10 15 91 12 56 67 88 41 30 95 3 22 42 20 25 70 93 5 32 51 2 69 82 78 36 68 94 89 72 53 43 1 6 38 71 52 66 28 49 58 47 26 102 104 60 105 13 59 85 107 79 23 90 77 
0 65 97 19 31 55 24 27 29 46 17 92 54 8 9 75 7 35 11 37 44 83 109 40 48 50 80 82 73 62 42 20 25 70 93 5 32 51 2 69 57 78 36 87 63 86 21 18 61 96 45 81 4 34 76 14 108 64 99 74 101 39 100 103 84 33 106 16 98 10 15 91 12 56 67 88 41 30 95 3 13 105 60 104 102 26 47 58 49 28 66 52 71 38 6 1 43 53 72 89 94 68 22 59 85 107 79 23 90 77 
0 65 97 19 31 55 24 27 29 46 17 92 54 8 9 75 7 35 11 37 44 83 109 40 48 50 80 57 73 62 87 63 86 21 18 61 96 45 81 4 76 14 108 64 99 74 101 39 72 103 84 33 106 16 98 10 34 15 91 12 56 67 88 41 30 95 3 13 105 60 104 102 26 47 58 49 28 66 52 71 38 6 1 43 53 100 89 94 68 36 78 82 69 2 51 32 5 93 70 25 20 42 22 59 85 107 79 23 90 77 
0 65 97 19 31 55 24 27 29 17 92 54 8 9 75 7 35 11 37 44 83 109 40 48 46 50 80 57 73 62 87 63 86 21 18 61 96 45 81 4 34 76 14 108 64 99 74 101 39 100 103 84 33 106 16 98 10 15 91 12 56 67 88 41 30 95 3 13 105 60 104 102 26 47 58 49 28 66 52 71 38 6 1 43 53 72 89 94 68 36 78 82 69 2 51 32 5 93 70 25 20 42 22 59 85 107 79 23 90 77 
0 65 97 19 31 55 24 27 29 46 17 5 54 8 9 75 7 35 11 37 44 83 109 40 48 50 80 57 73 62 87 63 86 21 18 61 96 45 81 4 34 76 14 108 64 99 74 101 39 100 103 84 33 106 16 98 10 15 91 12 56 67 88 41 30 95 3 13 105 60 104 102 26 47 58 49 28 66 52 71 38 6 1 43 53 72 89 94 68 36 78 82 69 2 51 32 92 93 70 25 20 42 22 59 85 107 79 23 90 77 
0 65 97 19 31 55 24 27 29 46 17 92 54 8 9 75 7 35 11 83 37 44 109 40 48 50 80 57 73 62 39 87 63 86 21 18 61 96 45 81 4 76 34 14 108 64 99 74 101 100 103 84 33 106 16 98 10 15 91 12 56 67 88 41 30 95 3 13 105 60 104 102 26 47 58 49 28 66 52 71 38 6 1 43 53 72 89 94 68 36 78 82 69 2 51 32 5 93 70 25 20 42 22 59 85 107 79 23 90 77 
0 65 97 19 31 55 24 27 29 46 17 92 54 8 9 75 7 35 11 37 44 83 109 40 48 50 80 57 73 62 87 63 86 21 18 61 96 45 81 4 34 76 14 108 64 99 74 101 39 1 103 84 33 106 16 98 10 15 91 12 56 67 88 41 30 95 3 13 105 60 104 102 26 47 58 49 28 66 52 71 38 6 100 43 53 72 89 94 68 36 78 82 69 2 51 32 5 93 70 25 20 42 22 59 85 107 79 23 90 77 
0 65 97 19 31 55 24 27 29 46 17 92 54 8 9 75 7 35 11 37 44 83 109 40 48 50 80 57 73 62 87 63 86 21 18 61 96 45 81 4 34 76 14 108 64 99 74 101 39 100 103 84 33 106 16 98 10 91 12 56 67 88 41 30 95 3 13 105 60 15 104 102 26 47 58 49 28 66 52 71 38 6 1 43 53 72 89 94 68 36 78 82 69 2 32 5 93 70 25 20 42 22 59 85 107 51 79 23 90 77 
0 65 97 19 31 55 24 27 29 46 17 92 54 8 9 75 7 35 11 37 44 83 109 40 48 50 80 57 73 62 87 63 86 21 18 61 96 45 81 4 34 76 14 108 64 99 74 101 39 100 103 84 106 16 98 10 15 91 12 33 56 67 88 41 30 95 3 13 105 60 104 102 93 5 32 51 2 69 82 78 36 68 94 89 72 53 43 1 6 38 71 52 66 28 49 58 47 26 70 25 20 42 22 59 85 107 79 23 90 77 
0 65 97 19 31 55 75 24 27 29 46 17 92 54 8 9 7 35 11 37 44 83 109 40 48 50 80 57 73 62 41 63 86 21 18 61 96 45 81 4 76 34 14 108 64 99 74 101 39 100 103 84 33 106 16 98 10 15 91 12 56 67 88 87 30 95 3 13 105 60 104 102 26 47 58 49 28 66 52 71 38 6 1 43 53 72 89 94 68 36 78 82 69 2 51 32 5 93 70 25 20 42 22 59 85 107 79 23 90 77 
0 65 97 19 31 55 24 27 29 46 17 92 54 8 9 75 7 35 11 37 44 83 109 40 48 50 80 57 73 62 87 63 86 21 18 61 96 45 81 4 34 76 14 108 64 99 74 101 39 100 103 84 33 106 16 98 15 91 12 56 67 88 41 30 95 3 13 105 60 104 102 26 47 58 49 28 66 52 71 10 38 6 1 43 53 72 89 94 68 107 85 59 22 42 20 25 70 93 5 32 51 2 69 82 78 36 79 23 90 77 
0 65 97 19 31 55 24 27 29 46 17 92 54 8 9 75 7 35 11 37 44 83 109 40 48 50 80 57 73 62 87 63 86 21 18 61 96 45 81 4 76 34 14 108 64 99 74 101 39 100 22 84 33 106 16 98 10 15 91 12 56 67 88 41 30 95 3 13 105 60 104 102 26 47 58 49 28 66 52 71 38 6 1 43 53 72 89 94 68 36 78 82 69 2 51 32 5 93 70 25 20 42 103 59 85 107 79 23 90 77 
0 65 97 19 31 55 24 27 29 46 17 92 54 8 9 75 7 35 11 37 44 83 109 40 48 50 80 57 73 62 87 63 86 21 18 61 96 45 81 4 76 34 14 108 64 99 74 101 39 100 22 84 33 106 16 98 10 15 91 12 56 67 88 41 30 95 3 13 105 60 104 102 26 47 58 49 28 66 52 71 38 6 1 43 53 72 89 94 68 36 78 82 69 2 51 32 5 93 70 25 20 42 103 59 85 107 79 23 90 77 
0 65 97 19 31 55 24 27 29 46 17 92 54 8 9 75 7 35 11 37 44 83 109 40 48 50 80 57 73 62 87 63 86 21 18 61 96 45 81 4 34 76 14 108 64 99 74 101 39 100 103 84 33 106 16 98 10 15 91 12 56 67 88 41 30 42 20 25 70 93 5 32 51 2 69 82 78 36 68 94 89 72 53 43 1 6 38 71 52 66 28 49 58 47 26 102 104 60 105 13 3 95 22 59 85 107 90 23 79 77 
0 65 97 19 31 88 41 30 95 3 13 105 60 104 102 26 47 58 49 28 66 52 71 38 6 1 43 53 55 24 27 29 46 17 92 54 8 9 75 7 35 11 37 44 83 109 40 48 50 80 57 73 62 87 63 86 21 18 61 96 45 81 4 34 76 14 108 64 99 74 101 39 100 103 84 33 106 16 98 10 15 91 12 56 67 72 89 94 68 36 78 82 69 2 51 32 5 93 70 25 20 42 22 59 85 107 79 23 90 77 
0 65 97 19 31 55 24 27 29 46 17 92 54 8 9 75 7 35 11 37 44 83 109 40 48 50 80 57 73 62 87 63 86 21 18 41 96 45 81 4 34 76 14 108 64 99 74 101 39 100 103 84 33 106 16 98 10 15 91 12 56 67 88 61 30 95 3 13 105 60 104 102 26 47 58 49 28 66 52 71 38 6 1 43 53 72 89 94 68 36 78 82 69 2 51 32 5 93 70 25 20 42 22 59 85 107 79 23 90 77 
0 65 97 19 31 55 24 27 29 46 17 92 54 8 9 75 7 35 11 37 44 83 109 40 48 50 80 57 73 62 87 71 86 21 18 61 96 45 81 4 34 76 14 108 64 99 74 101 39 100 103 84 33 106 16 98 10 15 91 12 56 67 88 41 30 95 3 13 105 60 104 102 26 47 58 49 28 66 52 63 38 6 1 43 53 72 89 94 68 36 78 82 69 2 51 32 5 93 70 25 20 42 22 59 85 107 79 23 90 77 
0 65 97 19 31 55 24 27 29 46 17 92 54 109 9 75 7 35 11 37 44 83 8 40 48 50 80 57 73 62 87 63 86 21 18 61 96 45 81 4 34 76 14 108 64 99 74 101 39 100 103 84 33 106 16 98 10 15 91 12 56 67 88 41 30 95 3 13 105 60 104 102 26 47 58 49 28 66 52 71 38 6 1 43 53 72 89 94 68 36 78 82 69 2 51 32 5 93 70 25 20 42 22 59 85 107 79 23 90 77 
0 65 97 19 31 55 24 27 29 46 17 92 54 8 9 75 7 35 11 37 44 83 109 40 48 50 80 20 25 70 93 5 32 51 2 69 82 78 36 68 94 89 72 53 43 1 6 13 3 95 30 41 88 67 56 12 91 15 10 98 38 71 52 66 28 49 58 47 26 102 104 60 105 101 39 100 103 84 33 106 16 74 99 64 108 14 76 34 4 81 45 96 61 18 21 86 63 87 62 73 57 42 22 59 85 107 79 23 90 77 
0 65 97 19 31 55 24 27 29 46 17 92 54 8 9 75 7 35 11 37 44 83 109 49 48 50 80 57 73 87 63 86 21 18 61 96 45 81 4 34 76 14 108 64 99 74 101 39 100 103 84 33 106 16 98 10 15 91 12 56 67 88 41 30 95 3 13 105 60 104 102 26 47 58 40 28 66 52 71 38 6 62 1 43 53 72 89 94 68 36 78 82 69 2 51 32 5 93 70 25 20 42 22 59 85 107 79 23 90 77 
0 65 97 19 31 55 24 27 29 46 17 92 54 8 9 75 7 35 11 37 44 83 109 40 48 50 80 57 73 62 87 63 86 21 18 61 96 45 81 4 34 76 14 108 64 99 74 101 39 100 103 84 33 106 16 98 10 15 91 12 32 67 88 41 30 95 3 13 105 60 104 102 26 47 58 49 28 66 52 71 38 6 1 43 53 72 89 94 68 36 78 82 69 2 51 56 5 93 70 25 20 42 22 59 85 107 79 23 90 77 
0 65 97 19 31 55 24 27 29 46 32 92 54 8 9 75 7 35 11 37 44 83 109 40 48 50 80 57 73 62 87 63 86 21 18 61 96 45 81 4 34 76 14 108 64 99 74 101 39 100 103 84 33 106 16 98 10 15 91 12 56 67 88 41 30 95 3 13 105 60 104 102 26 47 58 49 28 66 52 71 38 6 1 43 53 72 89 94 68 36 78 82 69 2 51 17 5 93 70 25 20 42 22 59 85 107 79 23 90 77 
0 65 97 19 31 55 24 27 29 46 17 92 54 8 9 75 7 35 11 37 44 83 109 40 48 50 80 57 73 62 87 63 86 21 18 61 96 45 81 4 34 76 14 108 64 99 74 101 39 100 103 84 33 106 16 98 10 15 91 12 56 67 88 41 30 95 3 13 105 60 104 102 26 47 58 49 28 66 90 52 71 38 6 1 43 53 72 89 94 68 36 78 82 69 2 51 32 5 93 70 25 20 42 22 59 85 107 79 23 77 
0 65 97 19 31 55 24 27 29 46 17 92 54 8 9 75 7 35 11 37 44 83 109 40 48 50 80 57 73 62 51 63 86 21 18 61 96 45 81 4 34 76 14 108 64 99 74 101 39 100 103 84 33 106 16 98 10 15 91 12 56 67 88 41 30 95 3 13 105 60 104 102 26 47 58 49 28 66 52 71 38 6 1 43 53 72 89 94 68 36 78 82 69 2 87 32 5 93 70 25 20 42 22 59 85 107 79 23 90 77 
0 98 10 15 91 12 56 67 88 41 30 95 3 13 105 60 65 97 19 31 55 24 27 29 46 17 92 54 8 9 75 7 35 11 37 44 83 109 40 48 50 80 57 73 62 87 63 86 21 18 61 96 45 81 4 34 76 14 108 64 99 74 101 39 100 103 84 33 106 16 104 102 26 47 58 49 28 66 52 71 38 6 1 43 53 72 89 94 68 36 78 82 69 2 51 32 5 93 70 25 20 42 22 59 85 107 79 23 90 77 
0 65 97 19 31 55 24 27 29 46 17 92 54 8 9 75 7 35 11 13 105 60 104 102 26 47 58 49 28 66 52 71 38 6 1 43 53 72 89 94 68 36 78 82 69 2 74 101 39 100 103 84 33 106 16 98 10 15 91 12 56 67 88 41 30 95 3 37 44 83 109 40 48 50 80 57 73 62 87 63 86 21 18 61 96 45 81 4 34 76 14 108 64 99 51 32 5 93 70 25 20 42 22 59 85 107 79 23 90 77 
0 65 97 19 31 55 24 27 29 46 17 92 54 8 9 75 7 35 11 37 44 83 109 40 48 50 80 57 88 41 30 95 3 13 105 60 104 102 26 47 58 49 28 66 52 71 38 6 1 43 53 72 89 94 68 36 78 82 69 2 51 32 5 93 70 25 20 42 22 59 85 107 79 23 90 77 106 16 98 10 15 91 12 56 67 73 62 87 63 86 21 18 61 96 45 81 4 76 34 14 108 64 99 74 101 39 100 103 84 33 
0 24 55 31 19 97 65 27 29 46 17 54 8 9 75 7 35 11 37 44 83 109 40 48 50 80 57 73 62 87 63 86 21 18 61 96 45 81 4 34 92 76 14 108 64 99 74 101 39 100 103 84 33 106 16 98 10 15 91 12 56 67 88 41 30 95 3 13 105 60 104 102 26 47 58 49 28 66 52 71 38 6 1 43 53 72 89 94 68 36 78 82 69 2 51 32 5 93 70 25 20 42 22 59 85 107 79 23 90 77 
0 65 97 19 31 55 24 27 29 46 17 92 54 8 9 75 7 35 11 37 44 83 109 40 48 50 80 57 73 62 87 63 86 21 18 61 96 45 81 4 34 76 14 108 64 99 74 101 39 100 103 84 33 106 16 10 15 91 12 56 67 88 41 30 95 3 13 105 60 104 102 26 47 58 49 28 66 52 71 38 6 1 43 53 72 89 94 68 36 78 82 69 2 51 32 5 93 70 25 20 42 22 59 85 107 79 23 98 90 77 
0 65 97 19 31 55 24 27 29 46 17 92 54 8 9 75 98 10 15 91 12 56 67 88 41 30 95 3 13 105 60 104 102 26 47 58 49 28 66 52 71 38 6 1 43 53 72 89 94 68 36 78 82 69 2 51 32 5 93 70 25 20 42 22 59 85 107 79 23 90 7 35 11 37 44 83 109 40 48 50 80 57 73 62 87 63 86 21 18 61 96 45 81 4 34 76 14 108 64 99 74 101 39 100 103 84 33 106 16 77 
0 65 97 19 31 55 24 27 29 46 17 92 54 8 9 75 7 35 11 37 44 102 109 40 48 50 80 57 73 62 87 63 86 21 18 61 96 45 81 4 34 76 14 108 64 99 74 101 39 100 103 84 33 106 16 98 10 15 91 12 56 67 88 41 30 95 3 13 105 60 104 83 26 47 58 49 28 66 52 71 38 6 1 43 53 72 89 94 68 36 78 82 69 2 51 32 5 93 70 25 20 42 22 59 85 107 79 23 90 77 
0 65 97 19 31 55 24 27 29 46 17 92 54 8 9 75 7 35 11 37 44 83 109 40 48 50 80 57 73 62 87 63 86 21 18 61 96 45 81 4 34 76 14 108 64 99 74 101 39 100 103 25 84 33 106 16 98 10 89 91 12 56 67 88 41 30 95 3 13 105 60 104 102 26 47 58 49 28 66 52 71 38 6 1 43 53 72 15 94 68 36 78 82 69 2 51 32 5 93 70 20 42 22 59 85 107 23 90 77 79 
0 65 97 19 31 55 24 27 29 46 17 92 54 8 9 75 7 35 11 37 44 83 109 40 48 50 80 57 73 62 87 63 86 21 18 61 96 45 81 4 34 76 14 108 59 99 74 101 39 100 103 84 33 106 16 98 10 15 91 12 56 67 88 41 30 95 3 13 105 60 104 102 26 47 58 49 28 66 52 71 38 6 1 43 53 72 89 94 68 36 78 82 69 2 51 32 5 93 70 25 20 42 22 64 85 107 79 23 90 77 
0 65 97 19 31 55 24 27 29 46 17 92 54 8 9 75 7 35 11 37 44 83 109 40 48 50 80 57 73 62 87 63 86 21 18 61 96 45 81 4 34 76 14 108 64 99 74 101 39 100 103 84 33 106 16 98 10 15 91 12 56 67 88 41 107 30 95 3 13 105 60 104 102 26 47 58 49 28 66 52 71 38 6 1 43 53 72 89 94 68 36 78 82 69 2 51 32 5 93 70 25 20 42 22 59 85 79 23 90 77 
0 65 97 19 31 55 24 27 29 46 17 92 54 8 9 75 7 35 11 37 44 83 41 30 95 3 13 105 60 104 102 26 47 58 49 28 66 52 71 38 6 1 43 53 72 89 94 68 36 78 82 69 2 51 32 5 93 70 25 20 42 22 12 56 67 88 109 40 48 50 80 57 73 62 87 63 86 21 18 61 96 45 81 4 34 76 14 108 64 99 74 101 39 100 103 84 33 106 16 98 10 15 91 59 85 107 79 23 90 77 
0 65 97 19 31 55 24 27 29 46 17 92 54 8 9 75 7 35 11 37 44 83 109 40 48 50 80 57 73 62 87 63 86 21 18 61 96 45 81 4 34 76 14 108 64 99 74 101 39 100 103 91 84 104 106 98 16 2 10 15 12 56 67 88 41 30 95 3 13 105 60 33 102 26 47 58 49 28 66 52 71 38 6 1 43 53 72 89 94 68 36 78 82 69 51 32 5 93 70 25 20 42 22 59 85 107 79 23 90 77 
0 65 97 19 31 55 24 27 29 46 17 92 54 8 9 75 7 35 11 37 44 83 109 40 48 50 80 57 73 62 87 63 86 21 18 61 96 45 81 4 34 76 14 108 64 99 74 101 39 100 103 84 33 106 16 98 10 15 91 12 56 67 88 41 30 95 3 13 105 60 104 102 26 47 58 49 28 66 52 71 38 6 22 70 25 20 42 59 85 107 1 43 53 72 89 94 68 36 78 82 69 2 51 32 5 93 79 23 90 77 
0 65 37 19 31 55 24 27 29 46 17 92 54 8 9 75 7 35 11 97 44 83 109 40 48 50 80 57 73 62 87 63 86 21 18 61 96 45 81 4 34 76 14 108 64 99 74 101 39 100 103 84 33 106 16 98 10 15 91 12 56 32 51 2 69 82 78 36 68 94 89 72 53 43 1 6 38 71 52 66 28 49 58 47 26 102 104 60 105 13 3 95 30 41 88 67 5 93 70 25 20 42 22 59 85 107 79 23 90 77 
0 65 97 19 31 55 24 27 29 46 17 92 81 45 96 61 18 21 86 63 87 62 73 57 80 50 48 40 109 83 44 37 11 35 7 75 9 8 54 4 34 76 14 108 64 99 74 101 39 100 103 84 33 106 16 98 10 15 91 12 56 67 88 41 30 95 3 13 60 104 102 26 47 58 49 28 66 52 71 38 6 1 43 53 72 89 94 68 36 78 82 69 2 51 32 5 93 70 105 25 20 42 22 59 85 107 79 23 90 77 
0 65 97 19 31 55 24 27 29 46 17 92 54 8 9 75 7 35 11 41 30 95 37 44 83 109 40 48 50 80 57 73 62 87 63 86 21 18 61 96 45 81 4 34 76 14 108 64 99 74 101 39 100 103 84 33 106 16 98 10 15 91 12 56 67 88 3 13 105 60 104 26 47 58 49 28 66 52 71 38 6 1 43 53 72 89 102 94 68 36 78 82 69 2 51 32 5 93 70 25 20 42 22 59 85 107 79 23 90 77 
0 65 97 19 31 55 24 27 29 46 17 92 54 8 9 75 7 35 11 37 44 83 109 40 48 50 80 57 73 62 87 63 86 21 18 61 96 45 81 4 34 76 14 32 5 93 70 25 20 42 22 59 85 107 79 98 10 15 91 12 56 67 88 41 30 95 3 13 105 60 104 102 26 47 58 49 28 66 52 71 38 6 1 43 53 72 89 94 68 36 78 82 69 2 51 108 64 99 74 101 39 100 103 84 33 106 16 23 90 77 
0 65 97 19 31 55 24 27 29 46 17 92 54 8 9 75 7 35 11 37 44 83 109 40 48 50 80 57 73 62 87 63 86 21 18 61 96 45 81 4 34 76 14 108 64 85 74 101 39 100 103 84 33 106 16 98 10 15 91 12 56 67 88 41 30 95 3 13 105 60 104 102 26 47 58 49 28 66 52 71 38 6 1 43 53 72 89 94 68 36 78 82 69 2 51 32 5 93 70 25 20 42 22 59 99 107 79 23 90 77 
0 65 97 19 31 55 24 27 29 46 17 92 54 8 9 75 7 35 11 37 44 83 109 40 48 50 80 57 73 62 87 63 86 21 18 61 96 45 81 4 76 34 14 108 64 99 74 101 39 100 103 84 33 106 16 98 10 15 20 12 56 67 88 41 30 95 3 13 105 60 104 102 26 47 58 49 28 66 52 71 38 6 1 43 53 72 89 94 68 36 78 82 69 2 51 32 5 93 70 25 91 42 22 59 85 107 79 23 90 77 
0 65 97 19 31 55 24 27 29 46 17 92 54 8 9 75 7 35 11 37 44 83 109 40 48 50 80 57 73 62 87 63 86 21 18 61 96 45 81 4 76 34 14 108 64 99 74 101 39 100 103 84 33 106 16 98 10 15 91 12 56 67 88 41 30 95 3 49 58 47 26 102 104 60 105 13 28 66 52 71 38 6 1 43 53 78 36 68 94 89 72 93 69 51 32 5 82 70 25 20 42 22 59 85 107 79 2 23 90 77 
0 65 97 36 31 55 24 27 29 46 17 92 54 8 9 75 7 35 11 37 44 83 109 40 48 50 80 57 73 62 87 63 86 21 18 61 96 45 81 4 34 76 14 108 64 99 74 101 39 100 103 84 33 106 16 98 10 15 91 12 56 67 88 41 30 95 3 13 105 60 104 102 26 47 58 49 28 66 52 71 38 6 1 43 53 72 89 94 68 19 78 82 69 2 51 32 5 93 70 25 20 42 22 59 85 107 79 23 90 77 
0 65 97 19 31 55 24 27 29 46 17 92 54 8 9 75 7 35 11 37 44 83 109 40 48 50 80 57 73 62 87 63 86 21 18 61 96 45 81 4 34 76 14 108 64 99 74 101 39 100 103 84 33 106 16 98 10 15 2 91 12 56 67 88 41 30 95 3 13 105 68 104 102 26 47 58 49 28 66 52 71 38 6 1 43 53 72 89 94 60 36 78 82 69 51 32 5 93 70 25 20 42 22 59 85 107 79 23 90 77 
0 65 97 19 31 55 24 27 29 46 17 92 54 8 9 75 7 35 11 37 44 83 109 40 48 50 80 57 73 62 87 63 86 21 18 23 96 45 81 4 34 76 14 108 64 99 74 101 39 100 103 84 33 106 16 98 10 15 91 12 56 67 88 41 30 95 3 13 105 60 104 102 26 47 58 49 28 66 52 71 38 6 1 43 53 72 89 94 68 36 78 82 69 2 51 32 5 93 70 25 20 42 22 59 85 107 79 61 90 77 
0 65 97 19 31 55 24 27 29 46 17 92 54 62 57 80 50 48 40 109 83 44 37 11 35 7 75 9 8 87 63 73 86 21 18 61 96 45 81 4 34 76 14 108 64 99 74 101 39 100 103 84 33 106 16 98 10 15 91 12 56 67 88 41 30 95 3 13 105 60 104 102 26 47 58 71 52 66 28 49 38 6 1 43 53 72 89 94 68 36 78 82 69 2 51 32 5 93 70 25 20 42 22 59 85 107 79 23 90 77 
0 65 97 19 31 59 85 44 83 109 40 48 50 80 57 16 98 10 15 91 12 56 67 88 41 30 95 3 13 105 60 104 102 26 47 58 49 28 66 52 71 38 6 1 43 53 72 89 94 68 36 14 70 25 20 42 22 55 24 27 29 46 17 92 54 8 9 75 7 35 11 37 73 34 62 87 63 86 21 18 61 96 45 81 4 76 108 64 99 74 101 39 100 103 84 33 106 82 69 2 51 32 5 93 78 107 79 23 90 77 
0 65 97 19 31 55 24 27 29 46 17 92 54 8 9 75 7 35 11 37 44 83 109 40 48 50 80 57 73 62 87 63 86 21 18 61 96 45 81 4 34 76 14 108 64 43 53 72 89 94 68 36 78 82 69 2 51 32 5 93 70 25 20 42 22 59 85 107 79 23 90 77 26 47 58 49 28 66 52 71 38 6 1 99 74 101 39 100 103 84 33 106 16 98 10 15 91 12 56 67 88 41 30 95 3 13 105 60 104 102 
0 65 97 19 31 25 24 27 29 46 17 92 54 8 9 75 7 35 11 37 44 83 109 40 48 50 80 57 73 62 87 63 86 21 18 61 96 45 81 4 34 76 14 108 64 99 74 101 39 100 103 84 33 106 16 98 10 15 91 12 56 67 88 41 30 95 3 13 105 60 104 102 26 47 58 49 55 28 66 52 71 38 6 1 43 53 72 89 94 68 36 78 82 69 2 51 32 5 93 70 20 42 22 59 85 107 79 23 90 77 
0 65 97 19 31 55 24 27 29 17 92 54 8 9 7 75 35 11 37 44 83 109 40 48 50 80 57 73 62 87 63 86 21 18 61 96 45 81 4 76 34 14 108 64 99 74 101 39 100 103 84 33 106 16 98 10 15 91 12 56 67 88 41 30 59 3 13 105 60 104 102 26 47 58 49 28 66 52 71 38 6 1 95 43 53 72 89 94 68 36 78 82 69 2 51 32 5 93 70 25 20 42 22 46 85 107 79 23 77 90 
0 65 97 19 31 55 24 27 29 46 17 92 54 8 9 75 7 35 11 37 44 83 109 40 48 50 80 57 73 62 87 63 86 21 18 61 96 45 81 69 76 34 14 49 28 66 52 71 38 6 1 43 53 72 89 94 68 36 78 82 4 2 51 32 5 93 70 25 20 42 22 59 85 47 58 108 99 74 101 39 100 103 84 33 106 16 98 10 15 91 64 12 56 67 88 41 30 95 3 13 105 60 104 102 26 107 79 23 90 77 
0 65 97 19 31 26 102 104 60 105 13 3 95 30 41 88 67 56 12 91 15 10 98 16 106 33 84 100 39 101 74 99 64 108 55 24 27 29 46 17 92 54 8 9 75 7 35 11 37 44 83 109 40 48 28 103 49 58 47 14 34 76 4 81 45 96 61 18 21 86 63 87 62 73 57 80 50 66 52 71 38 6 1 43 53 72 89 94 68 36 78 82 69 2 51 32 5 93 70 25 20 42 22 59 85 107 79 23 90 77 
0 65 97 19 31 55 24 27 29 46 17 92 54 8 9 75 7 35 58 37 44 83 109 40 48 50 80 57 73 62 87 63 86 21 18 61 96 45 81 4 34 76 14 108 64 99 74 101 39 100 103 84 33 106 16 98 10 15 91 12 56 67 88 41 30 95 3 13 105 60 104 102 26 47 11 49 28 66 52 71 38 6 1 43 53 72 89 94 68 36 78 82 69 2 51 32 5 93 70 25 20 42 22 59 85 107 79 23 90 77 
0 65 97 19 31 55 24 27 29 46 17 92 54 8 9 75 7 35 11 37 44 83 109 40 48 50 80 57 73 62 87 63 86 21 18 61 96 45 81 4 34 76 14 108 64 99 74 101 39 100 6 84 33 106 16 10 15 91 12 56 67 88 41 30 95 3 13 105 60 104 102 26 47 58 49 28 66 52 71 38 103 1 43 53 72 89 94 68 36 78 82 69 2 51 32 5 93 70 25 20 42 98 22 59 85 107 79 23 90 77 
0 65 97 19 31 55 24 27 29 46 17 92 54 8 9 75 15 35 11 37 44 83 109 40 48 50 80 57 73 62 87 63 86 21 18 61 96 45 81 4 34 76 14 108 64 99 74 101 39 100 103 84 33 106 16 98 10 7 91 12 56 67 88 41 30 95 3 13 105 60 104 102 26 47 58 49 28 66 52 71 38 6 1 43 53 72 89 94 68 36 78 82 69 2 51 32 5 93 70 25 20 42 22 59 85 107 79 23 90 77 
0 65 97 19 31 55 24 27 29 46 17 92 72 53 54 8 9 75 7 35 11 37 44 83 109 40 48 50 80 57 73 62 87 63 86 21 18 61 96 45 52 4 34 76 14 108 64 99 74 101 39 100 103 84 33 106 16 98 10 15 91 12 56 67 88 41 30 95 3 13 105 60 104 102 26 47 58 49 28 66 81 71 38 6 1 43 89 94 68 36 78 82 69 2 51 32 5 93 70 25 20 42 22 59 85 107 79 23 90 77 
0 65 97 19 31 55 24 27 29 46 17 92 54 8 9 75 7 35 11 37 44 83 109 40 48 50 80 57 56 62 87 63 86 21 18 61 34 96 45 4 76 14 108 64 99 74 106 39 100 103 84 81 33 101 16 98 10 15 91 12 73 67 88 41 30 95 3 13 105 60 104 102 26 47 58 49 28 66 52 71 38 6 1 43 53 72 89 94 68 36 78 82 69 2 51 32 5 93 70 25 20 42 22 59 85 107 79 23 90 77 
0 65 97 19 31 55 24 27 29 46 17 92 54 8 9 75 7 35 11 37 44 83 109 40 48 50 80 57 73 62 87 63 86 21 18 61 96 45 81 4 34 76 14 108 64 99 74 101 39 100 103 84 33 106 16 98 10 15 91 12 56 59 88 41 30 95 3 13 105 60 104 102 26 47 58 49 28 66 52 71 38 6 1 43 53 72 89 94 68 36 78 82 69 2 51 32 5 93 70 25 20 42 22 67 85 107 79 23 90 77 
0 65 97 19 31 25 24 27 29 46 17 92 54 8 9 75 7 35 11 37 44 83 109 40 48 50 80 57 73 62 87 63 86 21 18 61 96 45 81 4 34 76 14 108 64 99 74 101 39 100 103 55 84 33 106 16 98 60 105 13 3 95 30 41 88 67 56 12 91 15 10 104 102 26 47 58 49 28 66 52 71 38 6 1 43 53 72 89 94 68 36 78 82 69 2 51 32 5 93 70 20 42 22 59 85 107 79 23 90 77 
0 65 97 19 31 55 24 27 29 46 17 92 54 8 9 75 7 35 11 37 44 83 109 40 48 50 80 57 73 62 87 63 86 21 18 61 96 45 81 56 76 34 14 108 64 99 74 101 39 100 103 84 33 106 16 98 77 90 23 79 107 85 59 22 42 20 25 70 93 5 32 51 2 69 82 78 10 15 91 12 4 67 88 41 30 95 3 13 105 60 104 102 26 47 58 49 28 66 52 71 38 6 1 43 53 72 89 94 68 36 
0 65 97 19 31 55 24 27 29 46 17 92 54 8 9 91 7 35 11 37 44 83 109 40 48 50 80 57 73 62 87 63 86 21 18 61 96 45 81 4 34 76 14 108 64 99 74 101 39 100 103 84 33 106 16 98 10 15 75 12 56 67 88 41 30 95 3 13 105 60 104 102 26 47 58 49 28 66 52 71 38 6 1 43 53 72 89 94 68 36 78 82 69 2 51 32 5 93 70 25 20 42 22 59 85 107 79 23 90 77 
0 65 97 19 31 55 24 27 29 46 17 92 54 8 9 75 7 35 11 37 44 83 109 40 48 50 80 57 73 62 87 63 53 21 18 61 96 45 81 4 76 34 14 108 64 99 74 101 39 100 3 13 105 60 104 102 26 47 58 86 103 84 33 106 16 98 10 15 91 12 56 67 88 41 30 95 49 28 66 52 71 38 6 1 43 72 89 94 68 36 78 82 69 2 51 32 5 93 70 25 20 42 22 59 85 107 79 23 90 77 
0 65 97 19 31 55 24 61 29 46 17 92 54 8 9 75 7 35 11 32 51 2 69 82 78 36 68 94 89 72 53 43 1 6 38 71 52 66 28 49 58 47 26 102 104 60 105 13 3 95 30 41 88 67 56 12 91 15 10 98 16 106 33 84 103 100 39 101 74 99 64 108 14 76 34 4 81 45 96 27 18 21 86 63 87 62 73 57 80 50 48 40 109 83 44 37 5 93 70 25 20 42 22 59 85 107 79 23 90 77 
0 65 97 19 31 55 24 27 29 15 91 12 56 67 88 41 30 95 3 13 105 60 104 102 26 47 58 49 28 66 52 71 38 6 1 43 53 72 89 94 68 36 73 57 80 50 48 40 109 83 44 37 11 35 7 75 9 8 54 92 17 46 10 59 22 42 20 25 70 93 5 32 51 2 69 82 78 62 87 63 86 21 18 61 96 45 81 4 34 76 14 108 64 99 74 101 39 100 103 84 33 106 16 98 85 107 79 23 90 77 
0 65 97 19 68 36 78 82 69 2 51 32 5 93 70 25 20 42 54 92 17 46 29 27 24 55 31 94 89 72 53 43 1 6 38 71 52 66 28 49 58 47 26 102 104 60 105 13 3 95 30 41 88 91 56 12 67 15 10 98 16 106 33 84 103 100 39 101 74 99 64 108 34 76 4 81 45 96 61 18 21 86 63 87 62 73 57 80 50 48 40 109 83 44 37 11 35 7 75 9 8 22 14 59 85 107 79 23 90 77 
0 65 97 19 31 55 24 27 29 46 17 92 54 8 9 75 7 35 11 37 44 83 109 40 48 50 80 57 73 62 87 63 86 21 18 61 96 45 81 4 34 76 14 108 64 99 74 101 39 100 103 84 33 106 16 98 22 42 20 25 70 93 5 32 51 2 69 82 78 36 68 94 89 72 53 43 1 6 38 71 52 66 28 49 58 47 26 102 104 60 105 13 3 95 30 41 67 56 12 91 15 10 59 85 107 79 23 88 90 77 
0 65 97 19 31 55 24 27 29 46 17 92 8 9 75 7 35 11 37 44 83 109 40 48 50 80 57 73 62 87 63 86 21 18 61 96 45 81 4 76 34 14 108 64 99 74 101 39 100 103 84 33 106 16 98 10 15 91 54 52 12 56 67 88 41 30 95 3 13 105 60 104 102 26 47 58 49 28 66 53 71 85 59 22 42 20 25 70 93 5 32 38 6 1 43 72 89 94 68 36 78 82 69 2 51 107 79 23 90 77 
0 65 97 19 31 55 24 27 29 46 17 92 54 8 9 75 7 35 11 37 44 83 109 40 48 50 80 57 73 62 87 63 86 21 18 61 96 45 3 13 105 60 104 102 26 47 58 76 4 81 34 14 108 64 99 74 101 39 100 53 103 84 33 106 16 98 10 15 91 12 56 67 88 41 30 95 49 28 66 52 71 85 59 22 42 20 25 70 93 5 32 51 2 69 82 78 36 68 94 89 72 43 1 6 38 107 79 23 90 77 
0 65 97 19 31 56 67 88 41 30 95 3 13 105 60 104 102 26 47 58 49 28 66 52 71 38 6 1 43 53 72 89 94 68 36 78 82 69 2 51 32 5 93 70 25 20 42 22 59 85 107 79 33 106 16 98 10 15 91 12 55 24 27 29 46 17 92 54 8 9 75 7 35 11 37 44 83 109 40 48 50 80 57 73 62 87 63 86 21 18 61 96 45 81 4 34 76 14 108 64 99 74 101 39 100 103 84 23 90 77 
0 65 97 19 31 55 24 27 29 46 17 92 54 8 9 75 7 35 11 37 44 83 109 40 48 84 33 106 10 98 16 15 91 12 56 67 88 41 81 4 34 76 14 108 64 99 74 101 39 100 103 50 80 57 73 62 87 63 86 21 18 61 96 45 30 95 3 13 105 60 104 102 26 47 58 49 77 90 23 79 107 85 59 22 42 20 25 70 93 5 32 51 2 69 82 78 36 68 94 89 72 53 43 1 6 38 71 52 66 28 
0 65 97 19 31 55 24 27 29 46 17 92 54 8 9 98 16 106 33 84 103 100 39 101 74 99 64 108 14 34 76 4 81 45 96 61 18 21 86 63 87 62 73 57 80 50 48 40 109 83 44 37 11 35 7 75 10 15 91 12 56 67 88 41 30 95 3 13 105 60 104 102 26 47 58 20 42 78 36 68 94 89 72 53 43 1 6 38 71 52 66 28 49 25 70 93 5 51 2 69 32 82 22 59 85 107 79 23 90 77 
0 65 97 19 31 55 24 27 29 46 17 92 54 8 9 75 7 35 11 37 44 83 109 40 48 50 80 57 73 62 87 63 13 105 60 104 102 26 47 58 49 28 66 52 71 38 6 1 43 53 72 89 94 68 36 78 82 69 2 51 67 88 41 30 95 3 86 21 18 61 96 45 81 34 76 14 108 64 99 74 101 39 100 103 84 33 106 16 98 10 15 91 12 56 32 5 93 70 25 20 42 22 59 85 107 79 23 90 77 4 
0 65 97 19 31 55 24 27 91 46 17 92 54 8 9 75 7 35 11 37 44 83 109 40 48 50 80 57 73 34 62 87 63 86 21 18 61 96 45 81 4 76 14 108 64 99 74 101 39 100 103 29 84 33 106 16 98 10 15 12 56 67 88 41 30 95 3 13 105 60 104 102 26 47 58 49 28 66 52 71 38 6 1 43 53 72 89 94 68 36 78 82 69 2 51 32 5 93 70 25 20 42 22 59 85 107 79 23 90 77 
0 65 97 19 31 16 24 27 29 46 17 92 54 8 9 75 7 35 11 37 44 83 109 40 48 50 80 57 73 62 87 63 86 21 18 61 96 45 81 4 34 76 14 108 64 99 74 101 39 100 103 84 33 106 55 98 10 15 91 12 56 67 88 41 30 95 3 13 105 60 104 102 26 47 58 49 28 66 52 71 38 6 1 43 53 72 89 94 68 36 78 82 69 2 51 32 5 93 70 25 20 42 22 59 85 107 79 23 90 77 
0 65 97 19 31 55 24 27 29 46 17 92 54 8 52 66 28 49 58 47 26 102 104 60 105 13 3 6 38 71 9 75 7 35 11 37 44 83 109 40 48 50 80 57 73 62 87 63 86 21 18 61 96 45 81 4 34 76 14 108 64 99 74 101 39 100 103 84 33 106 16 98 10 15 91 12 56 67 88 41 30 95 1 43 53 85 89 94 68 36 78 82 69 2 51 32 5 93 70 25 20 42 22 59 72 107 79 23 90 77 
0 65 97 19 31 55 24 27 29 46 17 92 54 8 9 75 7 35 11 37 44 83 109 40 48 50 80 57 73 62 87 63 86 21 18 61 96 45 81 4 34 76 14 108 64 99 74 101 77 100 103 84 33 106 16 98 10 15 91 12 56 67 88 41 30 95 3 13 105 60 104 102 26 47 58 49 28 66 52 71 38 6 1 43 53 72 89 94 68 36 78 82 69 2 51 32 5 93 70 25 20 42 22 59 85 107 79 23 90 39 
0 65 97 19 31 55 24 27 29 46 17 92 54 8 9 75 7 30 95 3 13 105 60 104 102 26 47 58 49 28 66 52 71 38 6 1 43 53 72 89 94 68 36 78 82 69 2 51 32 5 93 70 25 20 42 22 59 85 107 79 23 67 88 41 35 11 37 44 83 109 40 48 50 80 57 73 62 87 63 86 21 18 61 96 45 81 4 34 76 14 108 64 99 74 101 39 100 103 84 33 106 16 98 10 15 91 12 56 90 77 
0 100 97 19 31 55 24 27 29 46 17 92 54 8 9 75 7 35 11 37 44 83 109 40 48 50 80 57 73 62 87 63 86 21 18 61 96 45 81 4 34 15 14 108 64 99 74 101 39 65 103 84 33 106 16 98 10 76 91 12 56 67 88 41 30 95 3 13 105 60 104 102 26 47 58 49 28 66 52 71 38 6 1 43 53 72 89 94 68 36 78 82 69 2 51 32 5 93 70 25 20 42 22 59 85 107 79 23 90 77 
0 65 97 19 31 55 24 27 29 46 17 92 72 53 43 1 6 38 71 52 66 28 49 58 47 26 102 104 60 105 13 44 95 30 41 88 67 56 12 91 15 10 98 16 106 33 84 103 100 39 101 74 99 64 108 14 34 76 4 81 37 96 61 18 21 86 63 87 62 73 57 80 50 48 40 109 83 3 45 11 35 7 75 9 8 54 89 94 68 36 78 82 69 2 51 32 5 93 70 25 20 42 22 59 85 107 79 23 90 77 
0 65 97 19 31 55 24 27 29 46 17 92 54 33 106 16 98 10 15 91 12 56 67 88 41 30 95 3 13 105 60 104 102 21 18 61 96 22 42 20 25 70 93 5 32 51 2 69 82 78 36 68 94 89 72 53 43 1 6 38 71 52 66 28 49 58 47 45 81 4 34 76 14 108 64 99 74 101 39 100 103 84 8 9 75 7 35 11 37 44 83 109 40 48 50 80 57 73 62 87 63 86 26 59 85 107 79 23 90 77 
0 65 97 19 31 55 24 27 29 46 17 92 71 52 66 28 49 58 35 7 75 9 8 54 38 6 1 43 53 72 89 94 68 36 78 82 69 2 51 32 5 93 70 25 20 99 74 101 39 100 103 84 33 106 16 98 10 15 91 12 56 67 88 41 30 95 3 13 105 60 104 102 26 47 11 37 44 83 109 40 48 50 80 57 73 62 87 63 86 21 18 61 96 45 81 4 34 76 14 108 64 42 22 59 85 107 79 23 90 77 
0 65 97 19 31 55 24 27 29 46 17 92 54 8 9 75 7 35 11 37 44 83 109 3 13 105 60 104 102 26 47 58 49 28 66 52 71 38 6 1 43 53 72 89 94 68 36 78 85 59 22 42 20 25 70 93 5 32 51 2 69 82 107 79 23 95 40 48 50 80 57 73 62 87 63 86 21 18 61 96 45 81 4 34 76 14 108 64 99 74 101 39 100 103 84 33 106 16 98 10 15 91 12 56 67 88 41 30 90 77 
0 65 97 19 31 15 24 27 29 46 17 92 54 8 9 75 7 35 11 37 44 83 109 40 48 2 80 57 73 62 87 63 86 21 18 61 96 45 81 4 76 34 14 108 64 99 74 101 39 100 103 84 33 106 16 98 10 55 50 91 12 56 67 88 41 30 95 3 13 105 60 104 102 26 47 58 49 28 66 52 71 38 6 1 43 53 72 89 94 68 36 78 82 69 51 32 5 93 70 25 20 42 22 59 85 107 79 23 90 77 
0 65 97 19 31 55 24 27 29 46 107 85 59 42 20 25 70 93 5 32 51 2 69 82 78 36 68 94 89 72 53 43 1 6 38 71 8 66 28 49 58 47 26 102 104 60 105 13 3 95 30 41 88 67 56 12 91 15 10 98 16 106 33 84 103 100 39 101 74 99 64 108 14 76 34 4 81 45 96 61 18 21 86 63 87 62 73 57 80 50 48 40 109 83 44 37 11 35 7 75 9 52 54 92 17 79 22 23 90 77 
0 65 97 19 31 55 24 27 29 46 17 92 54 8 15 10 98 16 106 33 84 103 100 39 101 74 99 64 108 14 76 34 4 81 45 96 61 18 21 47 26 102 104 60 105 13 3 95 30 41 88 67 56 20 25 70 93 5 32 51 2 69 82 78 36 68 94 89 72 53 43 1 6 38 71 52 66 28 49 58 86 63 87 62 73 57 80 50 48 40 109 83 44 37 11 35 7 75 9 91 12 42 22 59 85 107 79 23 90 77 
0 65 97 19 31 55 24 27 29 46 17 92 54 8 9 39 7 35 11 37 44 83 109 48 50 80 57 73 62 87 63 86 21 18 61 96 45 81 4 76 34 14 108 64 99 74 101 75 100 103 84 33 106 16 98 10 15 91 12 56 67 88 41 30 95 3 13 105 60 104 102 26 47 58 49 25 28 66 52 71 38 6 1 43 53 72 89 94 68 36 78 82 69 2 51 32 5 93 70 20 42 22 40 59 85 107 23 90 77 79 
0 65 97 19 31 55 24 27 29 46 17 92 54 8 9 75 7 35 11 37 44 83 109 40 48 50 80 57 73 62 87 63 86 21 18 61 96 45 81 4 34 76 14 108 64 99 74 101 39 100 103 84 33 106 16 98 10 15 91 12 56 67 88 41 30 95 3 13 105 60 77 102 26 47 58 49 28 66 52 71 38 6 1 43 53 72 89 94 68 36 78 82 69 2 51 32 5 93 70 25 20 42 22 59 85 107 79 23 90 104 
0 38 97 19 31 55 24 29 46 17 92 54 8 9 75 7 35 11 37 44 83 109 40 48 50 80 57 73 62 87 63 86 21 18 61 27 96 45 81 4 34 76 14 108 64 99 74 101 39 100 103 84 33 106 16 98 10 15 91 12 56 67 88 41 30 95 3 13 105 60 104 102 26 47 58 49 28 66 52 71 65 6 1 43 53 72 89 94 68 36 78 82 69 2 51 32 5 93 70 25 20 42 22 59 85 107 79 23 90 77 
0 65 97 19 31 55 24 27 29 46 17 92 54 8 9 75 7 35 11 37 44 83 109 40 48 50 80 57 73 62 87 63 86 21 105 61 96 45 81 4 34 76 14 108 64 99 74 101 39 100 103 84 33 106 16 98 10 15 91 12 82 69 2 51 32 5 93 70 25 20 42 22 59 85 107 79 23 90 77 72 78 36 68 94 89 53 43 1 6 38 71 52 66 28 49 58 47 26 102 104 60 18 13 3 95 30 41 88 67 56 
0 65 97 19 31 55 24 27 29 46 17 92 54 8 9 75 7 35 11 37 44 83 109 40 48 50 80 57 73 62 87 63 86 21 18 61 96 45 81 4 34 76 14 108 64 99 74 20 39 100 103 84 33 106 16 98 10 15 91 12 56 67 88 41 30 95 3 13 105 60 104 102 26 47 58 49 28 66 52 71 38 6 1 59 53 72 89 94 68 36 78 82 69 2 51 32 5 93 70 25 101 42 22 85 107 79 43 23 90 77 
0 65 97 19 31 55 24 27 29 46 17 92 54 8 9 78 82 49 69 2 51 32 5 93 62 25 20 42 22 59 85 107 79 21 18 61 96 45 81 4 34 76 14 108 64 99 74 101 39 100 103 84 33 106 16 98 10 15 91 12 56 67 88 41 30 95 3 13 105 60 104 102 26 47 58 28 66 52 71 38 6 1 43 53 72 89 94 68 36 75 7 35 11 37 44 83 109 40 48 50 80 57 73 70 87 63 86 23 77 90 
0 65 97 19 31 55 24 27 29 46 17 92 103 84 33 106 16 98 10 15 91 12 56 67 88 41 30 95 3 13 105 60 104 102 26 47 58 49 28 66 52 71 38 6 1 43 53 101 39 100 54 8 9 75 7 35 11 37 44 83 109 40 48 50 80 57 73 62 87 63 86 21 18 61 96 45 81 4 34 76 14 108 64 99 74 72 89 94 68 36 78 90 69 2 51 32 5 93 70 25 20 42 22 59 85 107 79 23 82 77 
0 65 97 19 31 55 24 27 58 46 17 92 54 8 9 75 7 35 11 37 44 83 109 40 48 50 80 57 73 62 87 63 86 21 18 61 96 45 81 4 76 34 14 108 64 99 74 101 39 100 103 84 33 106 16 98 10 15 91 12 56 67 88 41 30 95 3 13 105 60 104 102 26 47 29 49 28 66 52 71 38 6 1 43 53 72 89 94 68 36 78 82 69 2 51 32 5 93 70 25 20 42 59 85 107 79 23 90 77 22 
0 65 97 19 31 15 24 27 29 46 17 92 54 8 9 75 7 35 11 37 44 83 109 40 48 2 80 57 73 62 87 63 86 21 18 61 96 45 81 4 76 34 14 108 64 99 74 101 39 100 103 84 33 106 16 98 10 55 91 12 56 67 88 41 30 95 3 13 105 60 104 102 26 47 58 49 28 66 52 71 38 6 1 43 53 72 89 94 68 36 78 82 69 50 51 32 5 93 70 25 20 42 59 85 22 107 79 23 90 77 
0 65 97 19 31 55 24 27 29 46 17 92 54 8 9 75 7 35 11 37 44 83 109 40 48 50 80 57 73 62 87 63 86 21 18 61 96 45 81 4 76 77 90 23 74 107 85 59 22 42 20 25 70 93 5 32 51 2 69 82 78 36 68 94 89 72 53 43 1 6 38 71 52 66 28 49 58 47 26 102 104 60 105 13 3 95 30 41 88 67 56 12 91 15 10 98 16 106 33 84 103 100 39 101 79 99 64 108 14 34 
0 39 97 19 31 55 24 27 29 46 17 92 54 8 9 75 7 35 11 37 44 83 109 40 48 50 80 57 73 62 65 87 63 86 21 18 61 107 85 59 22 42 20 25 70 93 15 5 32 51 2 69 82 78 36 68 94 89 72 53 43 1 6 38 71 52 66 28 49 58 47 26 102 104 60 105 13 3 95 30 41 88 67 56 12 91 10 98 16 106 33 84 103 100 101 74 99 64 108 14 34 76 4 81 45 96 79 23 90 77 
0 65 97 19 31 55 24 27 29 46 17 92 47 8 9 75 7 35 11 37 44 83 109 40 48 50 80 57 73 62 87 63 21 18 61 96 45 81 4 34 76 14 108 64 99 74 101 39 100 103 84 33 106 16 98 10 15 91 12 56 67 88 41 30 95 3 13 105 60 104 102 26 54 58 49 28 66 52 71 38 6 1 43 53 72 89 94 68 36 78 82 69 2 51 32 5 93 86 70 25 20 42 22 59 85 107 79 23 90 77 
0 65 97 19 31 55 24 27 29 46 17 6 54 8 9 75 7 35 11 37 44 22 42 20 25 70 93 5 32 51 2 69 33 82 78 36 68 94 89 72 53 43 1 92 38 71 52 66 28 49 58 47 26 102 104 60 105 13 3 95 30 41 83 109 40 48 50 80 57 73 88 67 56 12 91 15 10 98 16 106 84 103 100 39 101 74 99 64 108 14 76 34 4 81 45 96 61 18 21 86 63 87 62 59 85 107 79 23 90 77 
0 65 97 14 76 34 4 22 42 20 25 70 93 5 32 51 2 45 82 78 36 44 68 94 89 72 53 43 1 6 38 71 52 66 28 49 58 47 26 81 69 96 61 18 21 86 63 87 62 59 85 107 79 23 90 77 108 19 31 55 24 27 29 46 17 92 54 8 9 75 7 35 11 37 83 109 40 48 50 80 57 73 102 104 60 105 13 3 95 30 41 88 67 56 12 91 15 10 98 16 106 33 84 103 100 39 101 74 99 64 
0 65 97 19 31 55 24 27 29 46 17 92 54 8 9 75 7 35 11 37 44 83 109 40 48 50 80 57 73 62 87 63 86 21 18 61 96 45 81 4 76 34 14 108 64 99 74 101 39 100 103 84 33 106 16 98 10 15 91 12 56 67 88 41 30 59 3 13 105 60 104 102 26 47 58 49 28 66 52 71 38 6 1 53 72 89 94 68 36 78 82 69 2 51 32 5 93 70 25 20 42 22 95 85 107 79 43 23 90 77 
0 65 97 19 31 55 24 27 29 46 17 92 33 8 9 75 7 15 11 37 44 83 109 40 48 50 80 57 73 62 87 63 86 21 18 61 96 45 81 4 76 34 14 108 64 99 74 101 39 100 103 84 54 106 16 98 10 35 91 12 56 67 88 41 30 95 3 13 105 60 104 102 26 47 58 49 28 66 52 71 38 6 1 43 53 72 89 94 68 36 78 82 69 2 51 32 5 93 70 25 20 42 22 59 85 107 79 23 90 77 
0 65 97 19 31 55 24 27 29 46 17 92 54 8 9 75 7 11 37 44 83 109 40 48 50 80 57 73 62 87 63 86 21 18 61 96 28 66 52 71 38 6 1 43 53 72 89 94 68 36 78 82 69 2 51 32 5 93 70 25 20 42 22 59 85 107 79 23 90 60 104 102 26 47 58 49 45 81 4 34 76 14 108 64 99 74 101 39 100 103 84 33 106 16 67 10 15 91 12 56 98 88 41 30 95 35 3 13 105 77 
0 65 97 15 91 12 56 40 48 50 80 57 73 62 87 63 86 21 18 61 45 81 4 76 34 14 108 64 99 74 101 39 100 103 84 10 67 88 41 30 95 3 13 105 60 104 102 26 47 58 49 28 66 52 71 38 6 1 43 53 72 89 94 68 36 78 82 69 2 51 32 5 93 70 25 20 42 22 59 85 107 79 23 90 77 98 31 55 24 19 27 29 46 17 92 54 8 9 75 7 35 11 37 44 83 109 96 33 106 16 
0 65 97 19 31 80 24 27 29 16 106 33 84 103 100 39 101 74 99 64 108 14 76 4 81 45 96 61 18 21 86 63 34 87 62 73 57 55 50 48 40 109 83 44 37 11 35 46 17 92 54 8 9 75 7 98 10 15 91 12 56 67 88 41 30 95 3 13 105 60 104 102 26 47 58 49 28 66 52 71 38 6 1 43 53 72 89 94 68 36 78 82 69 2 51 32 5 93 70 25 20 42 22 59 85 107 79 23 90 77 
0 65 97 19 31 55 24 41 88 67 56 12 91 15 10 98 16 81 54 92 17 46 29 27 95 3 13 105 60 104 102 26 47 58 49 28 66 52 71 4 34 76 14 64 99 74 101 39 100 103 84 33 106 9 75 7 35 11 37 44 83 109 40 48 50 80 57 73 62 87 63 86 21 18 61 96 45 8 38 6 1 43 53 72 89 94 68 36 78 30 82 69 2 51 32 5 93 70 25 108 20 42 22 59 85 107 79 23 90 77 
0 10 15 91 12 56 67 88 41 30 95 3 13 105 60 104 102 26 47 58 49 28 66 52 71 38 6 1 43 53 72 89 94 68 36 65 97 40 48 50 80 57 62 87 63 86 21 18 73 61 45 81 4 59 22 42 20 25 70 93 96 5 32 98 16 106 33 84 103 100 39 101 74 99 64 108 14 34 76 85 107 79 23 90 77 51 19 31 55 24 27 29 46 17 92 54 8 9 75 7 35 11 37 44 83 109 78 82 69 2 
0 65 97 19 31 55 24 27 29 46 17 92 54 8 99 75 7 35 11 41 80 57 73 62 87 58 47 26 102 104 60 105 13 3 95 30 50 48 40 109 83 44 37 88 67 56 12 22 42 20 25 70 93 5 32 51 98 16 106 33 84 103 100 39 101 74 9 64 108 14 76 34 4 81 45 96 61 18 21 86 63 49 28 66 52 71 38 6 1 43 53 72 89 94 68 36 78 82 69 2 10 15 91 59 85 107 79 23 90 77 
0 65 97 19 31 80 24 27 29 46 17 92 54 8 9 75 7 35 90 44 83 109 40 48 50 55 57 73 62 87 34 63 86 21 18 61 96 45 81 4 76 108 64 99 74 101 39 100 103 84 33 106 16 105 60 104 102 26 47 58 49 28 66 52 71 38 98 10 15 91 12 56 11 67 88 41 30 37 95 3 13 6 1 43 53 72 89 94 68 36 78 82 69 2 51 32 5 93 70 25 20 14 42 22 59 85 107 79 23 77 
0 65 97 19 31 55 3 13 105 60 104 102 101 39 100 103 84 33 106 16 98 22 42 20 25 70 93 5 32 51 2 69 82 78 36 68 96 45 24 27 29 46 17 92 54 8 9 81 4 34 76 14 108 64 99 74 26 47 58 75 7 35 11 37 30 83 109 40 48 50 80 57 73 62 87 63 86 21 18 61 94 89 72 53 43 1 6 38 71 52 66 28 49 95 44 41 67 56 12 91 15 10 59 85 107 79 23 88 90 77 
