0 19 31 77 90 23 79 55 107 24 29 27 85 75 54 92 46 17 8 9 35 7 11 59 22 42 20 25 70 44 37 45 83 109 68 94 81 93 5 32 51 2 69 82 36 78 33 14 57 80 52 106 108 64 84 103 100 39 101 74 99 10 15 98 16 91 12 47 26 58 56 49 67 1 6 13 105 60 102 104 3 95 30 41 88 38 43 71 28 66 53 50 72 73 76 34 4 89 40 48 62 87 63 86 21 18 61 96 97 65 
0 19 31 77 90 23 79 55 107 24 29 27 85 75 54 92 46 17 8 9 35 7 11 59 22 42 20 25 70 44 37 45 83 109 68 94 81 93 5 32 51 2 69 82 36 78 33 14 57 80 52 106 108 64 84 103 100 39 101 74 99 10 15 98 16 91 12 47 26 58 56 49 67 1 6 13 105 60 102 104 3 95 30 41 88 38 43 71 28 66 53 50 72 73 76 34 4 89 40 48 62 87 63 86 21 18 61 96 97 65 
0 19 31 77 90 23 79 55 107 24 29 27 85 75 54 92 46 17 8 9 35 7 11 59 22 42 20 25 70 44 37 45 83 109 68 94 81 93 5 32 51 2 69 82 36 78 33 14 57 80 52 106 108 64 84 103 100 39 101 74 99 10 15 98 16 91 12 47 26 58 56 49 67 1 6 13 105 60 102 104 3 95 30 41 88 38 43 71 28 66 53 50 72 73 76 34 4 89 40 48 62 87 63 86 21 18 61 96 97 65 
0 19 31 77 90 23 79 55 107 24 29 27 85 75 54 92 46 17 8 9 35 7 11 59 22 42 20 25 70 44 37 45 83 109 68 94 81 93 5 32 51 2 69 82 36 78 33 14 57 80 52 106 108 64 84 103 100 39 101 74 99 10 15 98 16 91 12 47 26 58 56 49 67 1 6 13 105 60 102 104 3 95 30 41 88 38 43 71 28 66 53 50 72 73 76 34 4 89 40 48 62 87 63 86 21 18 61 96 97 65 
0 19 31 77 90 23 79 55 107 24 29 27 85 75 54 92 46 17 8 9 35 7 11 59 22 42 20 25 70 44 37 45 83 109 68 94 81 93 5 32 51 2 69 82 36 78 33 14 57 80 52 106 108 64 84 103 100 39 101 74 99 10 15 98 16 91 12 47 26 58 56 49 67 1 6 13 105 60 102 104 3 95 30 41 88 38 43 71 28 66 53 50 72 73 76 34 4 89 40 48 62 87 63 86 21 18 61 96 97 65 
0 19 31 77 90 23 79 55 107 24 29 27 85 75 54 92 46 17 8 9 35 7 11 59 22 42 20 25 70 44 37 45 83 109 68 94 81 93 5 32 51 2 69 82 36 78 33 14 57 80 52 106 108 64 84 103 100 39 101 74 99 10 15 98 16 91 12 47 26 58 56 49 67 1 6 13 105 60 102 104 3 95 30 41 88 38 43 71 28 66 53 50 72 73 76 34 4 89 40 48 62 87 63 86 21 18 61 96 97 65 
0 19 31 77 90 23 79 55 107 24 29 27 85 75 54 92 46 17 8 9 35 7 11 59 22 42 20 25 70 44 37 45 83 109 68 94 81 93 5 32 51 2 69 82 36 78 33 14 57 80 52 106 108 64 84 103 100 39 101 74 99 10 15 98 16 91 12 47 26 58 56 49 67 1 6 13 105 60 102 104 3 95 30 41 88 38 43 71 28 66 53 50 72 73 76 34 4 89 40 48 62 87 63 86 21 18 61 96 97 65 
0 19 31 77 90 23 79 55 107 24 29 27 85 75 54 92 46 17 8 9 35 7 11 59 22 42 20 25 70 44 37 45 83 109 68 94 81 93 5 32 51 2 69 82 36 78 33 14 57 80 52 106 108 64 84 103 100 39 101 74 99 10 15 98 16 91 12 47 26 58 56 49 67 1 6 13 105 60 102 104 3 95 30 41 88 38 43 71 28 66 53 50 72 73 76 34 4 89 40 48 62 87 63 86 21 18 61 96 97 65 
0 19 31 77 90 23 79 55 107 24 29 27 85 75 54 92 46 17 8 9 35 7 11 59 22 42 20 25 70 44 37 45 83 109 68 94 81 93 5 32 51 2 69 82 36 78 33 14 57 80 52 106 108 64 84 103 100 39 101 74 99 10 15 98 16 91 12 47 26 58 56 49 67 1 6 13 105 60 102 104 3 95 30 41 88 38 43 71 28 66 53 50 72 73 76 34 4 89 40 48 62 87 63 86 21 18 61 96 97 65 
0 19 31 77 90 23 79 55 107 24 29 27 85 75 54 92 46 17 8 9 35 7 11 59 22 42 20 25 70 44 37 45 83 109 68 94 81 93 5 32 51 2 69 82 36 78 33 14 57 80 52 106 108 64 84 103 100 39 101 74 99 10 15 98 16 91 12 47 26 58 56 49 67 1 6 13 105 60 102 104 3 95 30 41 88 38 43 71 28 66 53 50 72 73 76 34 4 89 40 48 62 87 63 86 21 18 61 96 97 65 
0 19 31 77 90 23 79 55 107 24 29 27 85 75 54 92 46 17 8 9 35 7 11 59 22 42 20 25 70 44 37 45 83 109 68 94 81 93 5 32 51 2 69 82 36 78 33 14 57 80 52 106 108 64 84 103 100 39 101 74 99 10 15 98 16 91 12 47 26 58 56 49 67 1 6 13 105 60 102 104 3 95 30 41 88 38 43 71 28 66 53 50 72 73 76 34 4 89 40 48 62 87 63 86 21 18 61 96 97 65 
0 19 31 77 90 23 79 55 107 24 29 27 85 75 54 92 46 17 8 9 35 7 11 59 22 42 20 25 70 44 37 45 83 109 68 94 81 93 5 32 51 2 69 82 36 78 33 14 57 80 52 106 108 64 84 103 100 39 101 74 99 10 15 98 16 91 12 47 26 58 56 49 67 1 6 13 105 60 102 104 3 95 30 41 88 38 43 71 28 66 53 50 72 73 76 34 4 89 40 48 62 87 63 86 21 18 61 96 97 65 
0 19 31 77 90 23 79 55 107 24 29 27 85 75 54 92 46 17 8 9 35 7 11 59 22 42 20 25 70 44 37 45 83 109 68 94 81 93 5 32 51 2 69 82 36 78 33 14 57 80 52 106 108 64 84 103 100 39 101 74 99 10 15 98 16 91 12 47 26 58 56 49 67 1 6 13 105 60 102 104 3 95 30 41 88 38 43 71 28 66 53 50 72 73 76 34 4 89 40 48 62 87 63 86 21 18 61 96 97 65 
0 19 31 77 90 23 79 55 107 24 29 27 85 75 54 92 46 17 8 9 35 7 11 59 22 42 20 25 70 44 37 45 83 109 68 94 81 93 5 32 51 2 69 82 36 78 33 14 57 80 52 106 108 64 84 103 100 39 101 74 99 10 15 98 16 91 12 47 26 58 56 49 67 1 6 13 105 60 102 104 3 95 30 41 88 38 43 71 28 66 53 50 72 73 76 34 4 89 40 48 62 87 63 86 21 18 61 96 97 65 
0 19 31 77 90 23 79 55 107 24 29 27 85 75 54 92 46 17 8 9 35 7 11 59 22 42 20 25 70 44 37 45 83 109 68 94 81 93 5 32 51 2 69 82 36 78 33 14 57 80 52 106 108 64 84 103 100 39 101 74 99 10 15 98 16 91 12 47 26 58 56 49 67 1 6 13 105 60 102 104 3 95 30 41 88 38 43 71 28 66 53 50 72 73 76 34 4 89 40 48 62 87 63 86 21 18 61 96 97 65 
0 19 31 77 90 23 79 55 107 24 29 27 85 75 54 92 46 17 8 9 35 7 11 59 22 42 20 25 70 44 37 45 83 109 68 94 81 93 5 32 51 2 69 82 36 78 33 14 57 80 52 106 108 64 84 103 100 39 101 74 99 10 15 98 16 91 12 47 26 58 56 49 67 1 6 13 105 60 102 104 3 95 30 41 88 38 43 71 28 66 53 50 72 73 76 34 4 89 40 48 62 87 63 86 21 18 61 96 97 65 
0 19 31 77 90 23 79 55 107 24 29 27 85 75 54 92 46 17 8 9 35 7 11 59 22 42 20 25 70 44 37 45 83 109 68 94 81 93 5 32 51 2 69 82 36 78 33 14 57 80 52 106 108 64 84 103 100 39 101 74 99 10 15 98 16 91 12 47 26 58 56 49 67 1 6 13 105 60 102 104 3 95 30 41 88 38 43 71 28 66 53 50 72 73 76 34 4 89 40 48 62 87 63 86 21 18 61 96 97 65 
0 19 31 77 90 23 79 55 107 24 29 27 85 75 54 92 46 17 8 9 35 7 11 59 22 42 20 25 70 44 37 45 83 109 68 94 81 93 5 32 51 2 69 82 36 78 33 14 57 80 52 106 108 64 84 103 100 39 101 74 99 10 15 98 16 91 12 47 26 58 56 49 67 1 6 13 105 60 102 104 3 95 30 41 88 38 43 71 28 66 53 50 72 73 76 34 4 89 40 48 62 87 63 86 21 18 61 96 97 65 
0 19 31 77 90 23 79 55 107 24 29 27 85 75 54 92 46 17 8 9 35 7 11 59 22 42 20 25 70 44 37 45 83 109 68 94 81 93 5 32 51 2 69 82 36 78 33 14 57 80 52 106 108 64 84 103 100 39 101 74 99 10 15 98 16 91 12 47 26 58 56 49 67 1 6 13 105 60 102 104 3 95 30 41 88 38 43 71 28 66 53 50 72 73 76 34 4 89 40 48 62 87 63 86 21 18 61 96 97 65 
0 19 31 77 90 23 79 55 107 24 29 27 85 75 54 92 46 17 8 9 35 7 11 59 22 42 20 25 70 44 37 45 83 109 68 94 81 93 5 32 51 2 69 82 36 78 33 14 57 80 52 106 108 64 84 103 100 39 101 74 99 10 15 98 16 91 12 47 26 58 56 49 67 1 6 13 105 60 102 104 3 95 30 41 88 38 43 71 28 66 53 50 72 73 76 34 4 89 40 48 62 87 63 86 21 18 61 96 97 65 
0 19 31 77 90 23 79 55 107 24 29 27 85 75 54 92 46 17 8 9 35 7 11 59 22 42 20 25 70 44 37 45 83 109 68 94 81 93 5 32 51 2 69 82 36 78 33 14 57 80 52 106 108 64 84 103 100 39 101 74 99 10 15 98 16 91 12 47 26 58 56 49 67 1 6 13 105 60 102 104 3 95 30 41 88 38 43 71 28 66 53 50 72 73 76 34 4 89 40 48 62 87 63 86 21 18 61 96 97 65 
0 19 31 77 90 23 79 55 107 24 29 27 85 75 54 92 46 17 8 9 35 7 11 59 22 42 20 25 70 44 37 45 83 109 68 94 81 93 5 32 51 2 69 82 36 78 33 14 57 80 52 106 108 64 84 103 100 39 101 74 99 10 15 98 16 91 12 47 26 58 56 49 67 1 6 13 105 60 102 104 3 95 30 41 88 38 43 71 28 66 53 50 72 73 76 34 4 89 40 48 62 87 63 86 21 18 61 96 97 65 
0 19 31 77 90 23 79 55 107 24 29 27 85 75 54 92 46 17 8 9 35 7 11 59 22 42 20 25 70 44 37 45 83 109 68 94 81 93 5 32 51 2 69 82 36 78 33 14 57 80 52 106 108 64 84 103 100 39 101 74 99 10 15 98 16 91 12 47 26 58 56 49 67 1 6 13 105 60 102 104 3 95 30 41 88 38 43 71 28 66 53 50 72 73 76 34 4 89 40 48 62 87 63 86 21 18 61 96 97 65 
0 19 31 77 90 23 79 55 107 24 29 27 85 75 54 92 46 17 8 9 35 7 11 59 22 42 20 25 70 44 37 45 83 109 68 94 81 93 5 32 51 2 69 82 36 78 33 14 57 80 52 106 108 64 84 103 100 39 101 74 99 10 15 98 16 91 12 47 26 58 56 49 67 1 6 13 105 60 102 104 3 95 30 41 88 38 43 71 28 66 53 50 72 73 76 34 4 89 40 48 62 87 63 86 21 18 61 96 97 65 
0 19 31 77 90 23 79 55 107 24 29 27 85 75 54 92 46 17 8 9 35 7 11 59 22 42 20 25 70 44 37 45 83 109 68 94 81 93 5 32 51 2 69 82 36 78 33 14 57 80 52 106 108 64 84 103 100 39 101 74 99 10 15 98 16 91 12 47 26 58 56 49 67 1 6 13 105 60 102 104 3 95 30 41 88 38 43 71 28 66 53 50 72 73 76 34 4 89 40 48 62 87 63 86 21 18 61 96 97 65 
0 19 31 77 90 23 79 55 107 24 29 27 85 75 54 92 46 17 8 9 35 7 11 59 22 42 20 25 70 44 37 45 83 109 68 94 81 93 5 32 51 2 69 82 36 78 33 14 57 80 52 106 108 64 84 103 100 39 101 74 99 10 15 98 16 91 12 47 26 58 56 49 67 1 6 13 105 60 102 104 3 95 30 41 88 38 43 71 28 66 53 50 72 73 76 34 4 89 40 48 62 87 63 86 21 18 61 96 97 65 
0 19 31 77 90 23 79 55 107 24 29 27 85 75 54 92 46 17 8 9 35 7 11 59 22 42 20 25 70 44 37 45 83 109 68 94 81 93 5 32 51 2 69 82 36 78 33 14 57 80 52 106 108 64 84 103 100 39 101 74 99 10 15 98 16 91 12 47 26 58 56 49 67 1 6 13 105 60 102 104 3 95 30 41 88 38 43 71 28 66 53 50 72 73 76 34 4 89 40 48 62 87 63 86 21 18 61 96 97 65 
0 19 31 77 90 23 79 55 107 24 29 27 85 75 54 92 46 17 8 9 35 7 11 59 22 42 20 25 70 44 37 45 83 109 68 94 81 93 5 32 51 2 69 82 36 78 33 14 57 80 52 106 108 64 84 103 100 39 101 74 99 10 15 98 16 91 12 47 26 58 56 49 67 1 6 13 105 60 102 104 3 95 30 41 88 38 43 71 28 66 53 50 72 73 76 34 4 89 40 48 62 87 63 86 21 18 61 96 97 65 
0 19 31 77 90 23 79 55 107 24 29 27 85 75 54 92 46 17 8 9 35 7 11 59 22 42 20 25 70 44 37 45 83 109 68 94 81 93 5 32 51 2 69 82 36 78 33 14 57 80 52 106 108 64 84 103 100 39 101 74 99 10 15 98 16 91 12 47 26 58 56 49 67 1 6 13 105 60 102 104 3 95 30 41 88 38 43 71 28 66 53 50 72 73 76 34 4 89 40 48 62 87 63 86 21 18 61 96 97 65 
0 19 31 77 90 23 79 55 107 24 29 27 85 75 54 92 46 17 8 9 35 7 11 59 22 42 20 25 70 44 37 45 83 109 68 94 81 93 5 32 51 2 69 82 36 78 33 14 57 80 52 106 108 64 84 103 100 39 101 74 99 10 15 98 16 91 12 47 26 58 56 49 67 1 6 13 105 60 102 104 3 95 30 41 88 38 43 71 28 66 53 50 72 73 76 34 4 89 40 48 62 87 63 86 21 18 61 96 97 65 
0 19 31 77 90 23 79 55 107 24 29 27 85 75 54 92 46 17 8 9 35 7 11 59 22 42 20 25 70 44 37 45 83 109 68 94 81 93 5 32 51 2 69 82 36 78 33 14 57 80 52 106 108 64 84 103 100 39 101 74 99 10 15 98 16 91 12 47 26 58 56 49 67 1 6 13 105 60 102 104 3 95 30 41 88 38 43 71 28 66 53 50 72 73 76 34 4 89 40 48 62 87 63 86 21 18 61 96 97 65 
0 19 31 77 90 23 79 55 107 24 29 27 85 75 54 92 46 17 8 9 35 7 11 59 22 42 20 25 70 44 37 45 83 109 68 94 81 93 5 32 51 2 69 82 36 78 33 14 57 80 52 106 108 64 84 103 100 39 101 74 99 10 15 98 16 91 12 47 26 58 56 49 67 1 6 13 105 60 102 104 3 95 30 41 88 38 43 71 28 66 53 50 72 73 76 34 4 89 40 48 62 87 63 86 21 18 61 96 97 65 
0 19 31 77 90 23 79 55 107 24 29 27 85 75 54 92 46 17 8 9 35 7 11 59 22 42 20 25 70 44 37 45 83 109 68 94 81 93 5 32 51 2 69 82 36 78 33 14 57 80 52 106 108 64 84 103 100 39 101 74 99 10 15 98 16 91 12 47 26 58 56 49 67 1 6 13 105 60 102 104 3 95 30 41 88 38 43 71 28 66 53 50 72 73 76 34 4 89 40 48 62 87 63 86 21 18 61 96 97 65 
0 19 31 77 90 23 79 55 107 24 29 27 85 75 54 92 46 17 8 9 35 7 11 59 22 42 20 25 70 44 37 45 83 109 68 94 81 93 5 32 51 2 69 82 36 78 33 14 57 80 52 106 108 64 84 103 100 39 101 74 99 10 15 98 16 91 12 47 26 58 56 49 67 1 6 13 105 60 102 104 3 95 30 41 88 38 43 71 28 66 53 50 72 73 76 34 4 89 40 48 62 87 63 86 21 18 61 96 97 65 
0 19 31 77 90 23 79 55 107 24 29 27 85 75 54 92 46 17 8 9 35 7 11 59 22 42 20 25 70 44 37 45 83 109 68 94 81 93 5 32 51 2 69 82 36 78 33 14 57 80 52 106 108 64 84 103 100 39 101 74 99 10 15 98 16 91 12 47 26 58 56 49 67 1 6 13 105 60 102 104 3 95 30 41 88 38 43 71 28 66 53 50 72 73 76 34 4 89 40 48 62 87 63 86 21 18 61 96 97 65 
0 19 31 77 90 23 79 55 107 24 29 27 85 75 54 92 46 17 8 9 35 7 11 59 22 42 20 25 70 44 37 45 83 109 68 94 81 93 5 32 51 2 69 82 36 78 33 14 57 80 52 106 108 64 84 103 100 39 101 74 99 10 15 98 16 91 12 47 26 58 56 49 67 1 6 13 105 60 102 104 3 95 30 41 88 38 43 71 28 66 53 50 72 73 76 34 4 89 40 48 62 87 63 86 21 18 61 96 97 65 
0 19 31 77 90 23 79 55 107 24 29 27 85 75 54 92 46 17 8 9 35 7 11 59 22 42 20 25 70 44 37 45 83 109 68 94 81 93 5 32 51 2 69 82 36 78 33 14 57 80 52 106 108 64 84 103 100 39 101 74 99 10 15 98 16 91 12 47 26 58 56 49 67 1 6 13 105 60 102 104 3 95 30 41 88 38 43 71 28 66 53 50 72 73 76 34 4 89 40 48 62 87 63 86 21 18 61 96 97 65 
0 19 31 77 90 23 79 55 107 24 29 27 85 75 54 92 46 17 8 9 35 7 11 59 22 42 20 25 70 44 37 45 83 109 68 94 81 93 5 32 51 2 69 82 36 78 33 14 57 80 52 106 108 64 84 103 100 39 101 74 99 10 15 98 16 91 12 47 26 58 56 49 67 1 6 13 105 60 102 104 3 95 30 41 88 38 43 71 28 66 53 50 72 73 76 34 4 89 40 48 62 87 63 86 21 18 61 96 97 65 
0 19 31 77 90 23 79 55 107 24 29 27 85 75 54 92 46 17 8 9 35 7 11 59 22 42 20 25 70 44 37 45 83 109 68 94 81 93 5 32 51 2 69 82 36 78 33 14 57 80 52 106 108 64 84 103 100 39 101 74 99 10 15 98 16 91 12 47 26 58 56 49 67 1 6 13 105 60 102 104 3 95 30 41 88 38 43 71 28 66 53 50 72 73 76 34 4 89 40 48 62 87 63 86 21 18 61 96 97 65 
0 19 31 77 90 23 79 55 107 24 29 27 85 75 54 92 46 17 8 9 35 7 11 59 22 42 20 25 70 44 37 45 83 109 68 94 81 93 5 32 51 2 69 82 36 78 33 14 57 80 52 106 108 64 84 103 100 39 101 74 99 10 15 98 16 91 12 47 26 58 56 49 67 1 6 13 105 60 102 104 3 95 30 41 88 38 43 71 28 66 53 50 72 73 76 34 4 89 40 48 62 87 63 86 21 18 61 96 97 65 
0 19 31 77 90 23 79 55 107 24 29 27 85 75 54 92 46 17 8 9 35 7 11 59 22 42 20 25 70 44 37 45 83 109 68 94 81 93 5 32 51 2 69 82 36 78 33 14 57 80 52 106 108 64 84 103 100 39 101 74 99 10 15 98 16 91 12 47 26 58 56 49 67 1 6 13 105 60 102 104 3 95 30 41 88 38 43 71 28 66 53 50 72 73 76 34 4 89 40 48 62 87 63 86 21 18 61 96 97 65 
0 19 31 77 90 23 79 55 107 24 29 27 85 75 54 92 46 17 8 9 35 7 11 59 22 42 20 25 70 44 37 45 83 109 68 94 81 93 5 32 51 2 69 82 36 78 33 14 57 80 52 106 108 64 84 103 100 39 101 74 99 10 15 98 16 91 12 47 26 58 56 49 67 1 6 13 105 60 102 104 3 95 30 41 88 38 43 71 28 66 53 50 72 73 76 34 4 89 40 48 62 87 63 86 21 18 61 96 97 65 
0 19 31 77 90 23 79 55 107 24 29 27 85 75 54 92 46 17 8 9 35 7 11 59 22 42 20 25 70 44 37 45 83 109 68 94 81 93 5 32 51 2 69 82 36 78 33 14 57 80 52 106 108 64 84 103 100 39 101 74 99 10 15 98 16 91 12 47 26 58 56 49 67 1 6 13 105 60 102 104 3 95 30 41 88 38 43 71 28 66 53 50 72 73 76 34 4 89 40 48 62 87 63 86 21 18 61 96 97 65 
0 19 31 77 90 23 79 55 107 24 29 27 85 75 54 92 46 17 8 9 35 7 11 59 22 42 20 25 70 44 37 45 83 109 68 94 81 93 5 32 51 2 69 82 36 78 33 14 57 80 52 106 108 64 84 103 100 39 101 74 99 10 15 98 16 91 12 47 26 58 56 49 67 1 6 13 105 60 102 104 3 95 30 41 88 38 43 71 28 66 53 50 72 73 76 34 4 89 40 48 62 87 63 86 21 18 61 96 97 65 
0 19 31 77 90 23 79 55 107 24 29 27 85 75 54 92 46 17 8 9 35 7 11 59 22 42 20 25 70 44 37 45 83 109 68 94 81 93 5 32 51 2 69 82 36 78 33 14 57 80 52 106 108 64 84 103 100 39 101 74 99 10 15 98 16 91 12 47 26 58 56 49 67 1 6 13 105 60 102 104 3 95 30 41 88 38 43 71 28 66 53 50 72 73 76 34 4 89 40 48 62 87 63 86 21 18 61 96 97 65 
0 19 31 77 90 23 79 55 107 24 29 27 85 75 54 92 46 17 8 9 35 7 11 59 22 42 20 25 70 44 37 45 83 109 68 94 81 93 5 32 51 2 69 82 36 78 33 14 57 80 52 106 108 64 84 103 100 39 101 74 99 10 15 98 16 91 12 47 26 58 56 49 67 1 6 13 105 60 102 104 3 95 30 41 88 38 43 71 28 66 53 50 72 73 76 34 4 89 40 48 62 87 63 86 21 18 61 96 97 65 
0 19 31 77 90 23 79 55 107 24 29 27 85 75 54 92 46 17 8 9 35 7 11 59 22 42 20 25 70 44 37 45 83 109 68 94 81 93 5 32 51 2 69 82 36 78 33 14 57 80 52 106 108 64 84 103 100 39 101 74 99 10 15 98 16 91 12 47 26 58 56 49 67 1 6 13 105 60 102 104 3 95 30 41 88 38 43 71 28 66 53 50 72 73 76 34 4 89 40 48 62 87 63 86 21 18 61 96 97 65 
0 19 31 77 90 23 79 55 107 24 29 27 85 75 54 92 46 17 8 9 35 7 11 59 22 42 20 25 70 44 37 45 83 109 68 94 81 93 5 32 51 2 69 82 36 78 33 14 57 80 52 106 108 64 84 103 100 39 101 74 99 10 15 98 16 91 12 47 26 58 56 49 67 1 6 13 105 60 102 104 3 95 30 41 88 38 43 71 28 66 53 50 72 73 76 34 4 89 40 48 62 87 63 86 21 18 61 96 97 65 
0 19 31 77 90 23 79 55 107 24 29 27 85 75 54 92 46 17 8 9 35 7 11 59 22 42 20 25 70 44 37 45 83 109 68 94 81 93 5 32 51 2 69 82 36 78 33 14 57 80 52 106 108 64 84 103 100 39 101 74 99 10 15 98 16 91 12 47 26 58 56 49 67 1 6 13 105 60 102 104 3 95 30 41 88 38 43 71 28 66 53 50 72 73 76 34 4 89 40 48 62 87 63 86 21 18 61 96 97 65 
0 19 31 77 90 23 79 55 107 24 29 27 85 75 54 92 46 17 8 9 35 7 11 59 22 42 20 25 70 44 37 45 83 109 68 94 81 93 5 32 51 2 69 82 36 78 33 14 57 80 52 106 108 64 84 103 100 39 101 74 99 10 15 98 16 91 12 47 26 58 56 49 67 1 6 13 105 60 102 104 3 95 30 41 88 38 43 71 28 66 53 50 72 73 76 34 4 89 40 48 62 87 63 86 21 18 61 96 97 65 
0 19 31 77 90 23 79 55 107 24 29 27 85 75 54 92 46 17 8 9 35 7 11 59 22 42 20 25 70 44 37 45 83 109 68 94 81 93 5 32 51 2 69 82 36 78 33 14 57 80 52 106 108 64 84 103 100 39 101 74 99 10 15 98 16 91 12 47 26 58 56 49 67 1 6 13 105 60 102 104 3 95 30 41 88 38 43 71 28 66 53 50 72 73 76 34 4 89 40 48 62 87 63 86 21 18 61 96 97 65 
0 19 31 77 90 23 79 55 107 24 29 27 85 75 54 92 46 17 8 9 35 7 11 59 22 42 20 25 70 44 37 45 83 109 68 94 81 93 5 32 51 2 69 82 36 78 33 14 57 80 52 106 108 64 84 103 100 39 101 74 99 10 15 98 16 91 12 47 26 58 56 49 67 1 6 13 105 60 102 104 3 95 30 41 88 38 43 71 28 66 53 50 72 73 76 34 4 89 40 48 62 87 63 86 21 18 61 96 97 65 
0 19 31 77 90 23 79 55 107 24 29 27 85 75 54 92 46 17 8 9 35 7 11 59 22 42 20 25 70 44 37 45 83 109 68 94 81 93 5 32 51 2 69 82 36 78 33 14 57 80 52 106 108 64 84 103 100 39 101 74 99 10 15 98 16 91 12 47 26 58 56 49 67 1 6 13 105 60 102 104 3 95 30 41 88 38 43 71 28 66 53 50 72 73 76 34 4 89 40 48 62 87 63 86 21 18 61 96 97 65 
0 19 31 77 90 23 79 55 107 24 29 27 85 75 54 92 46 17 8 9 35 7 11 59 22 42 20 25 70 44 37 45 83 109 68 94 81 93 5 32 51 2 69 82 36 78 33 14 57 80 52 106 108 64 84 103 100 39 101 74 99 10 15 98 16 91 12 47 26 58 56 49 67 1 6 13 105 60 102 104 3 95 30 41 88 38 43 71 28 66 53 50 72 73 76 34 4 89 40 48 62 87 63 86 21 18 61 96 97 65 
0 19 31 77 90 23 79 55 107 24 29 27 85 75 54 92 46 17 8 9 35 7 11 59 22 42 20 25 70 44 37 45 83 109 68 94 81 93 5 32 51 2 69 82 36 78 33 14 57 80 52 106 108 64 84 103 100 39 101 74 99 10 15 98 16 91 12 47 26 58 56 49 67 1 6 13 105 60 102 104 3 95 30 41 88 38 43 71 28 66 53 50 72 73 76 34 4 89 40 48 62 87 63 86 21 18 61 96 97 65 
0 19 31 77 90 23 79 55 107 24 29 27 85 75 54 92 46 17 8 9 35 7 11 59 22 42 20 25 70 44 37 45 83 109 68 94 81 93 5 32 51 2 69 82 36 78 33 14 57 80 52 106 108 64 84 103 100 39 101 74 99 10 15 98 16 91 12 47 26 58 56 49 67 1 6 13 105 60 102 104 3 95 30 41 88 38 43 71 28 66 53 50 72 73 76 34 4 89 40 48 62 87 63 86 21 18 61 96 97 65 
0 19 31 77 90 23 79 55 107 24 29 27 85 75 54 92 46 17 8 9 35 7 11 59 22 42 20 25 70 44 37 45 83 109 68 94 81 93 5 32 51 2 69 82 36 78 33 14 57 80 52 106 108 64 84 103 100 39 101 74 99 10 15 98 16 91 12 47 26 58 56 49 67 1 6 13 105 60 102 104 3 95 30 41 88 38 43 71 28 66 53 50 72 73 76 34 4 89 40 48 62 87 63 86 21 18 61 96 97 65 
0 19 31 77 90 23 79 55 107 24 29 27 85 75 54 92 46 17 8 9 35 7 11 59 22 42 20 25 70 44 37 45 83 109 68 94 81 93 5 32 51 2 69 82 36 78 33 14 57 80 52 106 108 64 84 103 100 39 101 74 99 10 15 98 16 91 12 47 26 58 56 49 67 1 6 13 105 60 102 104 3 95 30 41 88 38 43 71 28 66 53 50 72 73 76 34 4 89 40 48 62 87 63 86 21 18 61 96 97 65 
0 19 31 77 90 23 79 55 107 24 29 27 85 75 54 92 46 17 8 9 35 7 11 59 22 42 20 25 70 44 37 45 83 109 68 94 81 93 5 32 51 2 69 82 36 78 33 14 57 80 52 106 108 64 84 103 100 39 101 74 99 10 15 98 16 91 12 47 26 58 56 49 67 1 6 13 105 60 102 104 3 95 30 41 88 38 43 71 28 66 53 50 72 73 76 34 4 89 40 48 62 87 63 86 21 18 61 96 97 65 
0 19 31 77 90 23 79 55 107 24 29 27 85 75 54 92 46 17 8 9 35 7 11 59 22 42 20 25 70 44 37 45 83 109 68 94 81 93 5 32 51 2 69 82 36 78 33 14 57 80 52 106 108 64 84 103 100 39 101 74 99 10 15 98 16 91 12 47 26 58 56 49 67 1 6 13 105 60 102 104 3 95 30 41 88 38 43 71 28 66 53 50 72 73 76 34 4 89 40 48 62 87 63 86 21 18 61 96 97 65 
0 19 31 77 90 23 79 55 107 24 29 27 85 75 54 92 46 17 8 9 35 7 11 59 22 42 20 25 70 44 37 45 83 109 68 94 81 93 5 32 51 2 69 82 36 78 33 14 57 80 52 106 108 64 84 103 100 39 101 74 99 10 15 98 16 91 12 47 26 58 56 49 67 1 6 13 105 60 102 104 3 95 30 41 88 38 43 71 28 66 53 50 72 73 76 34 4 89 40 48 62 87 63 86 21 18 61 96 97 65 
0 19 31 77 90 23 79 55 107 24 29 27 85 75 54 92 46 17 8 9 35 7 11 59 22 42 20 25 70 44 37 45 83 109 68 94 81 93 5 32 51 2 69 82 36 78 33 14 57 80 52 106 108 64 84 103 100 39 101 74 99 10 15 98 16 91 12 47 26 58 56 49 67 1 6 13 105 60 102 104 3 95 30 41 88 38 43 71 28 66 53 50 72 73 76 34 4 89 40 48 62 87 63 86 21 18 61 96 97 65 
0 19 31 77 90 23 79 55 107 24 29 27 85 75 54 92 46 17 8 9 35 7 11 59 22 42 20 25 70 44 37 45 83 109 68 94 81 93 5 32 51 2 69 82 36 78 33 14 57 80 52 106 108 64 84 103 100 39 101 74 99 10 15 98 16 91 12 47 26 58 56 49 67 1 6 13 105 60 102 104 3 95 30 41 88 38 43 71 28 66 53 50 72 73 76 34 4 89 40 48 62 87 63 86 21 18 61 96 97 65 
0 19 31 77 90 23 79 55 107 24 29 27 85 75 54 92 46 17 8 9 35 7 11 59 22 42 20 25 70 44 37 45 83 109 68 94 81 93 5 32 51 2 69 82 36 78 33 14 57 80 52 106 108 64 84 103 100 39 101 74 99 10 15 98 16 91 12 47 26 58 56 49 67 1 6 13 105 60 102 104 3 95 30 41 88 38 43 71 28 66 53 50 72 73 76 34 4 89 40 48 62 87 63 86 21 18 61 96 97 65 
0 19 31 77 90 23 79 55 107 24 29 27 85 75 54 92 46 17 8 9 35 7 11 59 22 42 20 25 70 44 37 45 83 109 68 94 81 93 5 32 51 2 69 82 36 78 33 14 57 80 52 106 108 64 84 103 100 39 101 74 99 10 15 98 16 91 12 47 26 58 56 49 67 1 6 13 105 60 102 104 3 95 30 41 88 38 43 71 28 66 53 50 72 73 76 34 4 89 40 48 62 87 63 86 21 18 61 96 97 65 
0 19 31 77 90 23 79 55 107 24 29 27 85 75 54 92 46 17 8 9 35 7 11 59 22 42 20 25 70 44 37 45 83 109 68 94 81 93 5 32 51 2 69 82 36 78 33 14 57 80 52 106 108 64 84 103 100 39 101 74 99 10 15 98 16 91 12 47 26 58 56 49 67 1 6 13 105 60 102 104 3 95 30 41 88 38 43 71 28 66 53 50 72 73 76 34 4 89 40 48 62 87 63 86 21 18 61 96 97 65 
0 19 31 77 90 23 79 55 107 24 29 27 85 75 54 92 46 17 8 9 35 7 11 59 22 42 20 25 70 44 37 45 83 109 68 94 81 93 5 32 51 2 69 82 36 78 33 14 57 80 52 106 108 64 84 103 100 39 101 74 99 10 15 98 16 91 12 47 26 58 56 49 67 1 6 13 105 60 102 104 3 95 30 41 88 38 43 71 28 66 53 50 72 73 76 34 4 89 40 48 62 87 63 86 21 18 61 96 97 65 
0 19 31 77 90 23 79 55 107 24 29 27 85 75 54 92 46 17 8 9 35 7 11 59 22 42 20 25 70 44 37 45 83 109 68 94 81 93 5 32 51 2 69 82 36 78 33 14 57 80 52 106 108 64 84 103 100 39 101 74 99 10 15 98 16 91 12 47 26 58 56 49 67 1 6 13 105 60 102 104 3 95 30 41 88 38 43 71 28 66 53 50 72 73 76 34 4 89 40 48 62 87 63 86 21 18 61 96 97 65 
0 19 31 77 90 23 79 55 107 24 29 27 85 75 54 92 46 17 8 9 35 7 11 59 22 42 20 25 70 44 37 45 83 109 68 94 81 93 5 32 51 2 69 82 36 78 33 14 57 80 52 106 108 64 84 103 100 39 101 74 99 10 15 98 16 91 12 47 26 58 56 49 67 1 6 13 105 60 102 104 3 95 30 41 88 38 43 71 28 66 53 50 72 73 76 34 4 89 40 48 62 87 63 86 21 18 61 96 97 65 
0 19 31 77 90 23 79 55 107 24 29 27 85 75 54 92 46 17 8 9 35 7 11 59 22 42 20 25 70 44 37 45 83 109 68 94 81 93 5 32 51 2 69 82 36 78 33 14 57 80 52 106 108 64 84 103 100 39 101 74 99 10 15 98 16 91 12 47 26 58 56 49 67 1 6 13 105 60 102 104 3 95 30 41 88 38 43 71 28 66 53 50 72 73 76 34 4 89 40 48 62 87 63 86 21 18 61 96 97 65 
0 19 31 77 90 23 79 55 107 24 29 27 85 75 54 92 46 17 8 9 35 7 11 59 22 42 20 25 70 44 37 45 83 109 68 94 81 93 5 32 51 2 69 82 36 78 33 14 57 80 52 106 108 64 84 103 100 39 101 74 99 10 15 98 16 91 12 47 26 58 56 49 67 1 6 13 105 60 102 104 3 95 30 41 88 38 43 71 28 66 53 50 72 73 76 34 4 89 40 48 62 87 63 86 21 18 61 96 97 65 
0 19 31 77 90 23 79 55 107 24 29 27 85 75 54 92 46 17 8 9 35 7 11 59 22 42 20 25 70 44 37 45 83 109 68 94 81 93 5 32 51 2 69 82 36 78 33 14 57 80 52 106 108 64 84 103 100 39 101 74 99 10 15 98 16 91 12 47 26 58 56 49 67 1 6 13 105 60 102 104 3 95 30 41 88 38 43 71 28 66 53 50 72 73 76 34 4 89 40 48 62 87 63 86 21 18 61 96 97 65 
0 19 31 77 90 23 79 55 107 24 29 27 85 75 54 92 46 17 8 9 35 7 11 59 22 42 20 25 70 44 37 45 83 109 68 94 81 93 5 32 51 2 69 82 36 78 33 14 57 80 52 106 108 64 84 103 100 39 101 74 99 10 15 98 16 91 12 47 26 58 56 49 67 1 6 13 105 60 102 104 3 95 30 41 88 38 43 71 28 66 53 50 72 73 76 34 4 89 40 48 62 87 63 86 21 18 61 96 97 65 
0 19 31 77 90 23 79 55 107 24 29 27 85 75 54 92 46 17 8 9 35 7 11 59 22 42 20 25 70 44 37 45 83 109 68 94 81 93 5 32 51 2 69 82 36 78 33 14 57 80 52 106 108 64 84 103 100 39 101 74 99 10 15 98 16 91 12 47 26 58 56 49 67 1 6 13 105 60 102 104 3 95 30 41 88 38 43 71 28 66 53 50 72 73 76 34 4 89 40 48 62 87 63 86 21 18 61 96 97 65 
0 19 31 77 90 23 79 55 107 24 29 27 85 75 54 92 46 17 8 9 35 7 11 59 22 42 20 25 70 44 37 45 83 109 68 94 81 93 5 32 51 2 69 82 36 78 33 14 57 80 52 106 108 64 84 103 100 39 101 74 99 10 15 98 16 91 12 47 26 58 56 49 67 1 6 13 105 60 102 104 3 95 30 41 88 38 43 71 28 66 53 50 72 73 76 34 4 89 40 48 62 87 63 86 21 18 61 96 97 65 
0 19 31 77 90 23 79 55 107 24 29 27 85 75 54 92 46 17 8 9 35 7 11 59 22 42 20 25 70 44 37 45 83 109 68 94 81 93 5 32 51 2 69 82 36 78 33 14 57 80 52 106 108 64 84 103 100 39 101 74 99 10 15 98 16 91 12 47 26 58 56 49 67 1 6 13 105 60 102 104 3 95 30 41 88 38 43 71 28 66 53 50 72 73 76 34 4 89 40 48 62 87 63 86 21 18 61 96 97 65 
0 19 31 77 90 23 79 55 107 24 29 27 85 75 54 92 46 17 8 9 35 7 11 59 22 42 20 25 70 44 37 45 83 109 68 94 81 93 5 32 51 2 69 82 36 78 33 14 57 80 52 106 108 64 84 103 100 39 101 74 99 10 15 98 16 91 12 47 26 58 56 49 67 1 6 13 105 60 102 104 3 95 30 41 88 38 43 71 28 66 53 50 72 73 76 34 4 89 40 48 62 87 63 86 21 18 61 96 97 65 
0 19 31 77 90 23 79 55 107 24 29 27 85 75 54 92 46 17 8 9 35 7 11 59 22 42 20 25 70 44 37 45 83 109 68 94 81 93 5 32 51 2 69 82 36 78 33 14 57 80 52 106 108 64 84 103 100 39 101 74 99 10 15 98 16 91 12 47 26 58 56 49 67 1 6 13 105 60 102 104 3 95 30 41 88 38 43 71 28 66 53 50 72 73 76 34 4 89 40 48 62 87 63 86 21 18 61 96 97 65 
0 19 31 77 90 23 79 55 107 24 29 27 85 75 54 92 46 17 8 9 35 7 11 59 22 42 20 25 70 44 37 45 83 109 68 94 81 93 5 32 51 2 69 82 36 78 33 14 57 80 52 106 108 64 84 103 100 39 101 74 99 10 15 98 16 91 12 47 26 58 56 49 67 1 6 13 105 60 102 104 3 95 30 41 88 38 43 71 28 66 53 50 72 73 76 34 4 89 40 48 62 87 63 86 21 18 61 96 97 65 
0 19 31 77 90 23 79 55 107 24 29 27 85 75 54 92 46 17 8 9 35 7 11 59 22 42 20 25 70 44 37 45 83 109 68 94 81 93 5 32 51 2 69 82 36 78 33 14 57 80 52 106 108 64 84 103 100 39 101 74 99 10 15 98 16 91 12 47 26 58 56 49 67 1 6 13 105 60 102 104 3 95 30 41 88 38 43 71 28 66 53 50 72 73 76 34 4 89 40 48 62 87 63 86 21 18 61 96 97 65 
0 19 31 77 90 23 79 55 107 24 29 27 85 75 54 92 46 17 8 9 35 7 11 59 22 42 20 25 70 44 37 45 83 109 68 94 81 93 5 32 51 2 69 82 36 78 33 14 57 80 52 106 108 64 84 103 100 39 101 74 99 10 15 98 16 91 12 47 26 58 56 49 67 1 6 13 105 60 102 104 3 95 30 41 88 38 43 71 28 66 53 50 72 73 76 34 4 89 40 48 62 87 63 86 21 18 61 96 97 65 
0 19 31 77 90 23 79 55 107 24 29 27 85 75 54 92 46 17 8 9 35 7 11 59 22 42 20 25 70 44 37 45 83 109 68 94 81 93 5 32 51 2 69 82 36 78 33 14 57 80 52 106 108 64 84 103 100 39 101 74 99 10 15 98 16 91 12 47 26 58 56 49 67 1 6 13 105 60 102 104 3 95 30 41 88 38 43 71 28 66 53 50 72 73 76 34 4 89 40 48 62 87 63 86 21 18 61 96 97 65 
0 19 31 77 90 23 79 55 107 24 29 27 85 75 54 92 46 17 8 9 35 7 11 59 22 42 20 25 70 44 37 45 83 109 68 94 81 93 5 32 51 2 69 82 36 78 33 14 57 80 52 106 108 64 84 103 100 39 101 74 99 10 15 98 16 91 12 47 26 58 56 49 67 1 6 13 105 60 102 104 3 95 30 41 88 38 43 71 28 66 53 50 72 73 76 34 4 89 40 48 62 87 63 86 21 18 61 96 97 65 
0 19 31 77 90 23 79 55 107 24 29 27 85 75 54 92 46 17 8 9 35 7 11 59 22 42 20 25 70 44 37 45 83 109 68 94 81 93 5 32 51 2 69 82 36 78 33 14 57 80 52 106 108 64 84 103 100 39 101 74 99 10 15 98 16 91 12 47 26 58 56 49 67 1 6 13 105 60 102 104 3 95 30 41 88 38 43 71 28 66 53 50 72 73 76 34 4 89 40 48 62 87 63 86 21 18 61 96 97 65 
0 19 31 77 90 23 79 55 107 24 29 27 85 75 54 92 46 17 8 9 35 7 11 59 22 42 20 25 70 44 37 45 83 109 68 94 81 93 5 32 51 2 69 82 36 78 33 14 57 80 52 106 108 64 84 103 100 39 101 74 99 10 15 98 16 91 12 47 26 58 56 49 67 1 6 13 105 60 102 104 3 95 30 41 88 38 43 71 28 66 53 50 72 73 76 34 4 89 40 48 62 87 63 86 21 18 61 96 97 65 
0 19 31 77 90 23 79 55 107 24 29 27 85 75 54 92 46 17 8 9 35 7 11 59 22 42 20 25 70 44 37 45 83 109 68 94 81 93 5 32 51 2 69 82 36 78 33 14 57 80 52 106 108 64 84 103 100 39 101 74 99 10 15 98 16 91 12 47 26 58 56 49 67 1 6 13 105 60 102 104 3 95 30 41 88 38 43 71 28 66 53 50 72 73 76 34 4 89 40 48 62 87 63 86 21 18 61 96 97 65 
0 19 31 77 90 23 79 55 107 24 29 27 85 75 54 92 46 17 8 9 35 7 11 59 22 42 20 25 70 44 37 45 83 109 68 94 81 93 5 32 51 2 69 82 36 78 33 14 57 80 52 106 108 64 84 103 100 39 101 74 99 10 15 98 16 91 12 47 26 58 56 49 67 1 6 13 105 60 102 104 3 95 30 41 88 38 43 71 28 66 53 50 72 73 76 34 4 89 40 48 62 87 63 86 21 18 61 96 97 65 
0 19 31 77 90 23 79 55 107 24 29 27 85 75 54 92 46 17 8 9 35 7 11 59 22 42 20 25 70 44 37 45 83 109 68 94 81 93 5 32 51 2 69 82 36 78 33 14 57 80 52 106 108 64 84 103 100 39 101 74 99 10 15 98 16 91 12 47 26 58 56 49 67 1 6 13 105 60 102 104 3 95 30 41 88 38 43 71 28 66 53 50 72 73 76 34 4 89 40 48 62 87 63 86 21 18 61 96 97 65 
0 19 31 77 90 23 79 55 107 24 29 27 85 75 54 92 46 17 8 9 35 7 11 59 22 42 20 25 70 44 37 45 83 109 68 94 81 93 5 32 51 2 69 82 36 78 33 14 57 80 52 106 108 64 84 103 100 39 101 74 99 10 15 98 16 91 12 47 26 58 56 49 67 1 6 13 105 60 102 104 3 95 30 41 88 38 43 71 28 66 53 50 72 73 76 34 4 89 40 48 62 87 63 86 21 18 61 96 97 65 
0 19 31 77 90 23 79 55 107 24 29 27 85 75 54 92 46 17 8 9 35 7 11 59 22 42 20 25 70 44 37 45 83 109 68 94 81 93 5 32 51 2 69 82 36 78 33 14 57 80 52 106 108 64 84 103 100 39 101 74 99 10 15 98 16 91 12 47 26 58 56 49 67 1 6 13 105 60 102 104 3 95 30 41 88 38 43 71 28 66 53 50 72 73 76 34 4 89 40 48 62 87 63 86 21 18 61 96 97 65 
0 19 31 77 90 23 79 55 107 24 29 27 85 75 54 92 46 17 8 9 35 7 11 59 22 42 20 25 70 44 37 45 83 109 68 94 81 93 5 32 51 2 69 82 36 78 33 14 57 80 52 106 108 64 84 103 100 39 101 74 99 10 15 98 16 91 12 47 26 58 56 49 67 1 6 13 105 60 102 104 3 95 30 41 88 38 43 71 28 66 53 50 72 73 76 34 4 89 40 48 62 87 63 86 21 18 61 96 97 65 
0 19 31 77 90 23 79 55 107 24 29 27 85 75 54 92 46 17 8 9 35 7 11 59 22 42 20 25 70 44 37 45 83 109 68 94 81 93 5 32 51 2 69 82 36 78 33 14 57 80 52 106 108 64 84 103 100 39 101 74 99 10 15 98 16 91 12 47 26 58 56 49 67 1 6 13 105 60 102 104 3 95 30 41 88 38 43 71 28 66 53 50 72 73 76 34 4 89 40 48 62 87 63 86 21 18 61 96 97 65 
0 19 31 77 90 23 79 55 107 24 29 27 85 75 54 92 46 17 8 9 35 7 11 59 22 42 20 25 70 44 37 45 83 109 68 94 81 93 5 32 51 2 69 82 36 78 33 14 57 80 52 106 108 64 84 103 100 39 101 74 99 10 15 98 16 91 12 47 26 58 56 49 67 1 6 13 105 60 102 104 3 95 30 41 88 38 43 71 28 66 53 50 72 73 76 34 4 89 40 48 62 87 63 86 21 18 61 96 97 65 
0 19 31 77 90 23 79 55 107 24 29 27 85 75 54 92 46 17 8 9 35 7 11 59 22 42 20 25 70 44 37 45 83 109 68 94 81 93 5 32 51 2 69 82 36 78 33 14 57 80 52 106 108 64 84 103 100 39 101 74 99 10 15 98 16 91 12 47 26 58 56 49 67 1 6 13 105 60 102 104 3 95 30 41 88 38 43 71 28 66 53 50 72 73 76 34 4 89 40 48 62 87 63 86 21 18 61 96 97 65 
0 19 31 77 90 23 79 55 107 24 29 27 85 75 54 92 46 17 8 9 35 7 11 59 22 42 20 25 70 44 37 45 83 109 68 94 81 93 5 32 51 2 69 82 36 78 33 14 57 80 52 106 108 64 84 103 100 39 101 74 99 10 15 98 16 91 12 47 26 58 56 49 67 1 6 13 105 60 102 104 3 95 30 41 88 38 43 71 28 66 53 50 72 73 76 34 4 89 40 48 62 87 86 21 18 63 61 96 97 65 
0 19 31 77 90 23 79 55 107 24 29 27 85 75 54 92 46 17 8 9 35 7 11 59 22 42 20 25 70 44 37 45 83 109 68 94 81 93 5 32 51 2 69 82 36 78 33 14 57 80 52 106 108 64 84 103 100 39 101 74 99 10 15 98 16 91 71 43 38 88 41 30 95 3 104 102 60 105 13 6 1 67 49 56 58 26 47 12 28 66 53 50 72 73 76 34 4 89 40 48 62 87 63 86 21 18 61 96 97 65 
0 19 31 77 90 23 79 55 107 24 29 27 85 75 54 92 46 17 8 9 35 7 11 59 22 42 20 25 70 44 37 45 83 109 68 94 81 93 5 32 51 2 69 82 36 78 33 14 57 80 52 106 108 64 84 103 100 39 101 74 99 10 15 98 91 12 47 26 58 56 49 67 1 6 13 105 60 102 104 3 95 30 41 88 38 43 71 16 28 66 53 50 72 73 76 34 4 89 40 48 62 87 63 86 21 18 61 96 97 65 
0 19 31 77 90 23 79 55 107 24 29 27 85 75 54 92 46 17 8 9 35 7 11 59 22 42 20 25 70 44 37 45 83 109 68 94 81 93 5 32 51 2 69 82 36 78 33 14 57 80 52 106 108 64 84 103 100 39 101 74 99 10 15 98 16 91 12 47 26 58 56 49 67 1 6 13 105 60 102 104 3 95 30 41 88 38 43 71 28 66 53 50 72 73 76 34 4 89 40 48 62 63 86 21 18 61 87 96 97 65 
0 31 19 77 90 23 79 55 107 24 29 27 85 75 54 92 46 17 8 9 35 7 11 59 22 42 20 25 70 44 37 45 83 109 68 94 81 93 5 32 51 2 69 82 36 78 33 14 57 80 52 106 108 64 84 103 100 39 101 74 99 10 15 98 16 91 12 47 26 58 56 49 67 1 6 13 105 60 102 104 3 95 30 41 88 38 43 71 28 66 53 50 72 73 76 34 4 89 40 48 62 87 63 86 21 18 61 96 65 97 
0 19 31 77 90 23 79 55 107 24 29 27 11 7 35 9 8 17 46 92 54 75 85 59 22 42 20 25 70 44 37 45 83 109 68 94 81 93 5 32 51 2 69 82 36 78 33 14 57 80 52 106 108 64 84 103 100 39 101 74 99 10 15 98 16 91 12 47 26 58 56 49 67 1 6 13 105 60 102 104 3 95 30 41 88 38 43 71 28 66 53 50 72 73 76 34 4 89 40 48 62 87 63 86 21 18 61 96 97 65 
0 19 31 77 90 23 79 55 107 24 29 27 85 75 54 92 46 17 8 9 35 7 11 59 22 42 20 25 70 44 37 45 83 109 68 94 81 93 5 32 51 2 69 82 36 78 33 14 57 80 52 106 108 64 84 103 100 39 101 74 99 10 15 98 16 91 12 47 26 58 56 49 67 6 13 105 60 102 104 3 95 1 30 41 88 38 43 71 28 66 53 50 72 73 76 34 4 89 40 48 62 87 63 86 21 18 61 96 97 65 
0 19 31 77 90 23 79 55 107 24 29 27 85 75 54 92 46 17 8 9 35 7 11 59 22 42 20 25 70 44 37 45 83 109 68 94 81 93 5 32 51 2 69 82 36 78 33 14 57 80 52 106 108 64 84 103 100 39 99 74 101 10 15 98 16 91 12 47 26 58 56 49 67 1 6 13 105 60 102 104 3 95 30 41 88 38 43 71 28 66 53 50 72 73 76 34 4 89 40 48 62 87 63 86 21 18 61 96 97 65 
0 19 31 77 90 23 79 55 107 24 29 27 85 75 54 92 46 17 8 9 35 7 11 59 22 44 20 25 70 42 37 45 83 109 68 94 81 93 5 32 51 2 69 82 36 78 33 14 57 80 52 106 108 64 84 103 100 39 101 74 99 10 15 98 16 91 12 47 26 58 56 49 67 1 6 13 105 60 102 104 3 95 30 41 88 38 43 71 28 66 53 50 72 73 76 34 4 89 40 48 62 87 63 86 21 18 61 96 97 65 
0 19 31 77 90 23 79 55 107 24 29 27 85 75 54 92 46 17 8 9 35 7 11 59 22 42 20 25 70 44 37 45 83 109 68 94 81 93 5 32 51 2 69 82 36 78 33 14 80 52 106 108 64 84 103 100 39 101 74 99 10 15 98 16 91 12 47 26 58 56 49 67 1 6 13 105 60 102 104 3 95 30 41 88 38 43 71 57 28 66 53 50 72 73 76 34 4 89 40 48 62 87 63 86 21 18 61 96 97 65 
0 19 31 77 90 23 79 55 107 24 29 27 85 75 54 92 46 17 8 9 35 7 11 59 22 42 20 25 70 44 37 45 83 109 68 94 81 93 5 32 51 2 69 82 36 78 33 14 43 38 88 41 30 95 3 104 102 60 105 13 6 1 67 49 56 58 26 47 12 91 16 98 15 10 99 74 101 39 100 103 84 64 108 106 52 80 57 71 28 66 53 50 72 73 76 34 4 89 40 48 62 87 63 86 21 18 61 96 97 65 
0 19 31 77 90 23 79 55 107 24 29 27 85 75 54 92 46 17 8 9 35 7 11 59 22 42 20 25 70 44 37 45 83 109 68 94 81 93 5 32 51 2 69 82 36 78 33 14 57 80 52 106 108 64 84 103 100 39 101 74 99 10 15 98 16 91 12 47 58 56 49 67 1 6 13 105 60 102 104 3 95 30 41 88 38 26 43 71 28 66 53 50 72 73 76 34 4 89 40 48 62 87 63 86 21 18 61 96 97 65 
0 19 31 77 90 23 79 55 107 24 29 27 85 75 54 92 46 17 8 9 35 7 11 59 22 42 20 25 70 44 37 45 83 109 68 94 81 93 5 32 51 2 69 82 36 78 33 14 57 80 52 106 108 64 84 103 100 39 101 74 99 10 15 98 16 91 12 47 26 58 56 49 3 104 102 60 105 13 6 1 67 95 30 41 88 38 43 71 28 66 53 50 72 73 76 34 4 89 40 48 62 87 63 86 21 18 61 96 97 65 
0 19 31 77 90 23 79 55 107 24 29 27 85 75 54 92 46 17 8 9 35 7 11 59 22 42 20 25 70 44 37 45 83 109 68 94 81 93 5 32 51 2 69 82 36 78 33 14 57 80 52 106 108 64 84 103 100 39 101 74 99 10 15 98 16 91 12 47 26 58 56 49 67 1 6 13 105 60 102 43 38 88 41 30 95 3 104 71 28 66 53 50 72 73 76 34 4 89 40 48 62 87 63 86 21 18 61 96 97 65 
0 19 31 77 90 23 79 55 107 24 29 27 85 75 54 92 46 17 8 9 35 7 11 59 22 42 20 25 70 44 37 45 83 109 68 76 94 81 93 5 32 51 2 69 82 36 78 33 14 57 80 52 106 108 64 84 103 100 39 101 74 99 10 15 98 16 91 12 47 26 58 56 49 67 1 6 13 105 60 102 104 3 95 30 41 88 38 43 71 28 66 53 50 72 73 34 4 89 40 48 62 87 63 86 21 18 61 96 97 65 
0 19 31 77 90 23 79 55 107 24 29 27 85 75 54 92 46 17 8 9 35 7 11 59 22 42 20 25 70 44 37 45 83 109 68 94 81 93 5 32 51 2 69 82 36 78 33 14 57 80 52 106 108 64 84 103 100 39 101 74 99 10 15 98 16 72 50 53 66 28 71 43 38 88 41 30 95 3 104 102 60 105 13 6 1 67 49 56 58 26 47 12 91 73 76 34 4 89 40 48 62 87 63 86 21 18 61 96 97 65 
0 19 31 77 90 23 79 55 107 24 29 27 85 75 54 92 46 17 8 9 35 7 11 59 22 42 20 25 70 44 37 45 83 109 68 94 81 93 5 32 51 2 69 82 36 78 33 14 57 80 52 106 108 64 84 103 100 39 101 74 10 15 98 16 91 99 12 47 26 58 56 49 67 1 6 13 105 60 102 104 3 95 30 41 88 38 43 71 28 66 53 50 72 73 76 34 4 89 40 48 62 87 63 86 21 18 61 96 97 65 
0 19 31 77 90 23 79 55 107 24 29 27 85 75 54 92 46 17 8 9 35 7 11 59 22 42 20 25 70 44 37 45 83 109 68 94 81 93 5 32 51 2 69 82 36 78 33 14 57 80 52 106 108 64 84 103 100 39 101 74 99 10 15 98 16 91 12 47 26 58 56 49 67 1 6 13 105 60 102 104 3 95 30 41 88 38 43 71 28 66 53 50 72 73 76 34 4 89 40 48 62 63 86 21 87 18 61 96 65 97 
0 19 31 77 90 23 79 55 107 24 29 27 85 75 54 92 46 17 8 9 35 7 11 59 22 42 20 25 70 44 37 45 83 109 68 94 81 93 5 32 51 2 69 82 36 78 33 14 57 80 52 106 108 64 84 103 100 39 101 74 99 10 15 98 91 12 47 26 58 56 6 16 49 67 1 13 105 60 102 104 3 95 30 41 88 38 43 71 28 66 53 50 72 73 76 34 4 89 40 48 62 87 63 86 21 18 61 96 97 65 
0 19 31 77 90 23 79 55 107 24 29 27 85 75 54 92 46 17 8 9 35 7 11 59 22 42 20 25 70 44 37 45 83 109 68 94 81 93 5 32 51 2 69 82 36 78 33 14 57 80 52 106 108 64 84 103 100 39 101 74 99 10 15 98 16 12 47 26 58 56 49 67 1 6 13 105 60 102 104 3 95 30 41 88 91 38 43 71 28 66 53 50 72 73 76 34 4 89 40 48 62 87 63 86 21 18 61 96 97 65 
0 19 31 77 90 23 79 55 107 24 29 27 85 75 54 92 46 17 8 9 35 7 11 59 22 42 20 25 70 44 37 45 83 109 68 94 81 93 32 51 2 69 82 36 78 33 14 57 80 52 106 108 64 84 103 5 100 39 101 74 99 10 15 98 16 91 12 47 26 58 56 49 67 1 6 13 105 60 102 104 3 95 30 41 88 38 43 71 28 66 53 50 72 73 76 34 4 89 40 48 62 87 63 86 21 18 61 96 97 65 
0 19 31 77 90 23 79 55 107 24 29 27 85 75 54 92 46 17 8 9 35 7 11 59 22 42 20 25 70 44 37 45 83 109 68 94 81 93 5 32 51 2 69 82 36 78 33 14 57 80 52 106 108 64 84 103 100 39 101 74 28 99 10 15 98 16 91 12 47 26 58 56 49 67 1 6 13 105 60 102 104 3 95 30 41 88 38 43 71 66 53 50 72 73 76 34 4 89 40 48 62 87 63 86 21 18 61 96 97 65 
0 19 31 77 90 23 79 55 107 24 29 27 85 75 54 92 46 17 8 9 35 7 11 59 22 42 20 25 70 44 37 45 83 109 68 94 81 93 5 32 51 2 69 82 36 33 14 57 80 52 106 108 64 84 103 100 39 101 74 99 10 15 98 16 91 12 47 26 58 56 49 67 1 6 13 105 60 102 104 3 95 30 41 88 38 43 78 71 28 66 53 50 72 73 76 34 4 89 40 48 62 87 63 86 21 18 61 96 97 65 
0 19 31 77 90 23 79 55 107 24 29 27 85 75 54 92 46 17 8 9 35 7 11 22 42 20 25 70 44 37 45 83 109 68 94 81 93 5 32 51 59 2 69 82 36 78 33 14 57 80 52 106 108 64 84 103 100 39 101 74 99 10 15 98 16 91 12 47 26 58 56 49 67 1 6 13 105 60 102 104 3 95 30 41 88 38 43 71 28 66 53 50 72 73 76 34 4 89 40 48 62 87 63 86 21 18 61 96 97 65 
0 19 31 77 90 23 79 55 107 24 29 27 85 75 54 92 46 17 8 9 35 7 11 59 22 42 20 25 70 44 37 45 83 109 68 94 81 93 5 32 51 2 69 82 36 78 33 14 57 80 52 106 108 64 84 103 100 39 101 74 99 10 15 98 16 91 12 47 26 58 56 49 67 1 6 13 105 60 43 104 3 95 30 41 88 38 102 71 28 66 53 50 72 73 76 34 4 89 40 48 62 87 63 86 21 18 61 96 97 65 
0 19 31 77 90 23 79 55 107 24 29 27 85 75 54 92 46 17 8 9 35 7 11 59 22 42 20 25 70 44 37 45 83 109 68 94 81 93 5 32 51 2 69 82 36 78 33 14 57 80 52 76 108 64 84 103 100 39 101 74 99 10 15 98 16 91 12 47 26 58 56 49 67 1 6 13 105 60 102 104 3 95 30 41 88 38 43 71 28 66 53 50 72 73 106 34 4 89 40 48 62 87 63 86 21 18 61 96 97 65 
0 19 31 77 90 23 79 55 107 24 29 27 85 75 54 92 46 17 8 9 35 7 59 22 42 20 25 70 44 37 45 83 109 68 11 94 81 93 5 32 51 2 69 82 36 78 33 14 57 80 52 106 108 64 84 103 100 39 101 74 99 10 15 98 16 91 12 47 26 58 56 49 67 1 6 13 105 60 102 104 3 95 30 41 88 38 43 71 28 66 53 50 72 73 76 34 4 89 40 48 62 87 63 86 21 18 61 96 97 65 
0 19 31 77 90 23 79 55 107 24 29 27 85 75 54 92 46 17 8 9 35 7 11 59 22 42 20 25 70 44 37 45 83 109 68 94 81 93 5 32 51 2 69 82 36 78 33 57 80 52 106 108 64 84 103 100 14 39 101 74 99 10 15 98 16 91 12 47 26 58 56 49 67 1 6 13 105 60 102 104 3 95 30 41 88 38 43 71 28 66 53 50 72 73 76 34 4 89 40 48 62 87 63 86 21 18 61 96 97 65 
0 19 31 77 90 23 79 55 107 24 29 27 85 75 54 92 46 17 8 9 35 7 11 59 22 42 20 25 70 44 37 45 83 109 68 94 81 93 5 32 51 2 69 82 36 78 33 14 57 80 52 106 108 64 84 103 100 39 101 74 99 10 15 98 16 12 47 26 58 56 49 67 1 6 13 105 60 102 104 3 95 30 41 91 88 38 43 71 28 66 53 50 72 73 76 34 4 89 40 48 62 87 63 86 21 18 61 96 97 65 
0 19 31 77 90 23 79 55 107 24 29 27 85 75 54 92 46 17 8 9 35 7 109 83 45 37 44 70 25 20 42 22 59 11 68 94 81 93 5 32 51 2 69 82 36 78 33 14 57 80 52 106 108 64 84 103 100 39 101 74 99 10 15 98 16 91 12 47 26 58 56 49 67 1 6 13 105 60 102 104 3 95 30 41 88 38 43 71 28 66 53 50 72 73 76 34 4 89 40 48 62 87 63 86 21 18 61 96 97 65 
0 19 31 77 90 23 79 55 107 24 29 27 85 75 54 92 46 17 8 9 35 7 11 59 22 42 20 25 70 44 37 45 83 109 68 94 81 93 5 32 51 2 69 82 36 78 33 14 57 80 52 106 71 64 84 103 100 39 101 74 99 10 15 98 16 91 12 47 26 58 56 49 67 1 6 13 105 60 102 104 3 95 30 41 88 38 43 108 28 66 53 50 72 73 76 34 4 89 40 48 62 87 63 86 21 18 61 96 97 65 
0 31 77 90 23 79 55 107 24 19 29 27 85 75 54 92 46 17 8 9 35 7 11 59 22 42 20 25 70 44 37 45 83 109 68 94 81 93 5 32 51 2 69 82 36 78 33 14 57 80 52 106 108 64 84 103 100 39 101 74 99 10 15 98 16 91 12 47 26 58 56 49 67 1 6 13 105 60 102 104 3 95 30 41 88 38 43 71 28 66 53 50 72 73 76 34 4 89 40 48 62 87 63 86 21 18 61 96 97 65 
0 19 31 77 90 23 79 55 107 24 29 27 85 75 54 92 46 17 8 9 35 7 11 59 22 42 20 25 70 44 37 45 83 109 68 94 81 93 5 32 51 2 69 36 78 33 14 57 80 52 106 108 64 84 103 100 39 101 74 99 10 15 98 16 82 91 12 47 26 58 56 49 67 1 6 13 105 60 102 104 3 95 30 41 88 38 43 71 28 66 53 50 72 73 76 34 4 89 40 48 62 87 63 86 21 18 61 96 97 65 
0 19 31 77 90 23 79 55 107 24 29 27 85 75 54 92 46 17 8 9 35 11 59 22 42 20 25 70 44 37 45 83 109 7 68 94 81 93 5 32 51 2 69 82 36 78 33 14 57 80 52 106 108 64 84 103 100 39 101 74 99 10 15 98 16 91 12 47 26 58 56 49 67 1 6 13 105 60 102 104 3 95 30 41 88 38 43 71 28 66 53 50 72 73 76 34 4 89 40 48 62 87 63 86 21 18 61 96 97 65 
0 19 31 77 90 23 79 55 107 24 29 27 85 75 54 92 46 17 11 9 35 7 8 59 22 42 20 25 70 44 37 45 83 109 68 94 81 93 5 32 51 2 69 82 36 78 33 14 57 80 52 106 108 64 84 103 100 39 101 74 99 10 15 98 16 91 12 47 26 58 56 49 67 1 6 13 105 60 102 104 3 95 30 41 88 38 43 71 28 66 53 50 72 73 76 34 4 89 40 48 62 87 63 86 21 18 61 96 97 65 
0 19 31 77 90 23 79 55 107 24 29 27 85 75 54 92 46 17 8 9 35 7 11 59 22 42 20 25 70 44 37 45 83 109 68 94 81 93 5 32 51 2 69 82 36 78 33 14 57 80 52 106 108 64 84 103 100 39 101 74 99 10 15 98 16 91 12 47 26 58 56 49 67 1 6 13 105 60 102 104 3 95 30 41 88 38 43 71 28 66 62 53 50 72 73 76 34 4 89 40 48 87 63 86 21 18 61 96 97 65 
0 19 31 77 90 23 79 55 107 24 29 27 85 75 54 92 46 17 8 9 35 7 11 59 22 42 20 25 73 72 50 53 66 28 71 43 38 88 41 30 95 3 104 102 60 105 13 6 1 67 49 56 58 26 47 12 91 16 98 15 10 99 74 101 39 100 103 84 64 108 106 52 80 57 14 33 78 36 82 69 2 51 32 5 93 81 94 68 109 83 45 37 44 70 76 34 4 89 40 48 62 87 63 86 21 18 61 96 97 65 
0 19 31 77 90 23 79 55 107 24 29 27 85 75 54 92 46 17 8 9 35 7 11 59 22 42 20 25 70 44 37 45 83 109 68 94 81 93 5 32 51 2 69 52 36 78 33 14 57 80 82 106 108 64 84 103 100 39 101 74 99 10 15 98 16 91 12 47 26 58 56 49 67 1 6 13 105 60 102 104 3 95 30 41 88 38 43 71 28 66 53 50 72 73 76 34 4 89 40 48 62 87 63 86 21 18 61 96 97 65 
0 19 31 77 90 23 79 55 107 24 29 27 85 75 54 92 46 17 8 9 35 7 11 59 22 42 20 25 70 44 37 45 83 109 68 94 81 93 5 32 51 2 69 82 36 78 33 14 57 80 40 106 108 64 84 103 100 39 101 74 99 10 15 98 16 91 12 47 26 58 56 49 67 1 6 13 105 60 102 104 3 95 30 41 88 38 43 71 28 66 53 50 72 73 76 34 4 89 52 48 62 87 63 86 21 18 61 96 97 65 
0 19 31 77 90 23 79 55 107 24 29 27 85 75 54 92 46 17 8 9 35 7 11 59 22 42 20 25 70 44 37 45 83 109 68 94 81 93 5 32 51 2 69 82 36 78 33 14 57 80 52 106 108 64 84 103 100 39 101 74 99 10 15 98 16 91 12 47 26 58 56 49 67 1 6 13 105 60 102 104 3 76 73 72 50 53 66 28 71 43 38 88 41 30 95 34 4 89 40 48 62 87 63 86 21 18 61 96 97 65 
0 19 31 77 90 23 79 55 107 24 29 27 85 75 54 92 70 25 20 42 22 59 11 7 35 9 8 17 46 44 37 45 83 109 68 94 81 93 5 32 51 2 69 82 36 78 33 14 57 80 52 106 108 64 84 103 100 39 101 74 99 10 15 98 16 91 12 47 26 58 56 49 67 1 6 13 105 60 102 104 3 95 30 41 88 38 43 71 28 66 53 50 72 73 76 34 4 89 40 48 62 87 63 86 21 18 61 96 97 65 
0 19 31 77 90 23 79 55 107 24 29 27 85 75 54 92 46 17 8 9 35 7 11 59 22 42 20 25 70 44 37 45 83 109 56 49 67 1 6 13 105 60 102 104 3 95 30 41 88 38 43 71 28 66 53 50 72 73 68 94 81 93 5 32 51 2 69 82 36 78 33 14 57 80 52 106 108 64 84 103 100 39 101 74 99 10 15 98 16 91 12 47 26 58 76 34 4 89 40 48 62 87 63 86 21 18 61 96 97 65 
0 19 31 77 90 23 79 55 107 24 29 27 85 75 54 92 46 17 8 9 35 7 11 59 22 42 20 25 70 44 37 45 83 109 68 94 81 93 5 32 51 2 69 82 36 78 33 14 57 80 52 106 108 30 95 3 104 102 60 105 13 6 1 67 49 56 58 26 47 12 91 16 98 15 10 99 74 101 39 100 103 84 64 41 88 38 43 71 28 66 53 50 72 73 76 34 4 89 40 48 62 87 63 86 21 18 61 96 97 65 
0 19 31 77 90 23 79 55 107 24 29 27 85 75 54 92 46 17 8 9 35 7 11 59 22 42 20 25 70 44 37 45 83 109 68 94 81 93 5 32 51 2 69 82 36 78 33 14 57 80 52 106 108 64 84 103 100 39 101 74 99 10 15 98 16 91 12 47 26 58 56 49 67 1 6 13 105 60 102 104 3 95 30 41 88 38 43 71 28 62 48 40 89 4 34 76 73 72 50 53 66 87 63 86 21 18 61 96 97 65 
0 19 31 77 90 23 79 55 107 24 29 27 85 75 54 92 46 17 8 9 35 7 11 59 22 42 20 25 70 44 37 45 83 109 68 94 81 93 5 32 51 2 69 82 36 78 33 14 57 80 52 106 108 64 84 103 100 39 101 74 99 10 15 98 16 91 12 47 26 58 56 49 67 1 6 13 105 60 102 104 3 95 30 41 88 38 43 71 28 66 53 50 72 73 76 34 89 40 48 62 87 63 86 21 18 61 4 96 97 65 
0 19 31 77 90 23 79 55 107 24 29 27 85 75 54 92 46 17 8 9 35 7 11 59 22 42 20 25 70 44 37 45 83 109 68 94 81 71 93 5 32 51 2 69 82 36 78 33 14 57 80 52 106 108 64 84 103 100 39 101 74 99 10 15 98 16 91 12 47 26 58 56 49 67 1 6 13 105 60 102 104 3 95 30 41 88 38 43 28 66 53 50 72 73 76 34 4 89 40 48 62 87 63 86 21 18 61 96 97 65 
0 19 31 77 90 23 79 55 107 24 29 27 85 75 54 92 46 17 8 9 35 7 11 59 22 42 20 25 70 44 37 45 83 109 68 94 81 93 5 32 51 2 69 82 36 78 33 14 57 80 52 106 108 64 84 103 100 39 101 74 99 10 15 98 16 91 12 47 26 58 56 49 67 1 6 13 105 60 102 104 3 95 30 41 88 38 43 71 28 66 53 50 72 73 76 61 18 21 86 63 87 62 48 40 89 4 34 96 97 65 
0 19 31 77 90 23 79 55 107 24 29 27 85 75 54 92 46 17 8 9 35 7 11 59 22 42 20 25 70 44 37 45 83 109 68 94 81 93 5 32 51 2 69 82 36 78 33 14 57 80 52 106 108 64 84 103 100 39 101 74 99 10 15 98 16 91 12 47 26 58 56 49 67 1 6 13 105 60 102 104 3 95 30 41 88 38 43 71 28 66 53 50 72 73 76 34 4 89 40 48 62 87 63 21 18 61 96 97 86 65 
0 19 31 77 90 23 79 55 107 24 29 27 85 75 54 92 46 17 8 9 35 7 11 59 22 42 20 73 25 70 44 37 45 83 109 68 94 81 93 5 32 51 2 69 82 36 78 33 14 57 80 52 106 108 64 84 103 100 39 101 74 99 10 15 98 16 91 12 47 26 58 56 49 67 1 6 13 105 60 102 104 3 95 30 41 88 38 43 71 28 66 53 50 72 76 34 4 89 40 48 62 87 63 86 21 18 61 96 97 65 
0 19 31 77 90 23 79 55 107 24 29 27 85 75 54 92 46 17 8 9 35 7 11 59 22 42 20 25 70 44 37 45 83 109 68 94 81 93 5 32 51 2 69 82 36 78 33 14 57 80 52 106 108 64 84 103 100 39 101 74 99 76 73 72 50 53 66 28 71 43 38 88 41 30 95 3 104 102 60 105 13 10 15 98 16 91 12 47 26 58 56 49 67 1 6 34 4 89 40 48 62 87 63 86 21 18 61 96 97 65 
0 19 31 77 90 23 79 55 107 24 29 27 85 75 54 92 46 17 8 9 35 7 11 59 22 42 20 25 70 44 37 45 83 109 68 94 81 91 16 98 15 10 99 74 101 39 100 103 84 64 108 106 52 80 57 14 33 78 36 82 69 2 51 32 5 93 12 47 26 58 56 49 67 1 6 13 105 60 102 104 3 95 30 41 88 38 43 71 28 66 53 50 72 73 76 34 4 89 40 48 62 87 63 86 21 18 61 96 97 65 
0 19 31 77 90 23 79 55 107 24 29 27 85 75 92 46 17 8 9 35 7 11 59 22 42 20 25 70 44 37 45 83 109 68 94 54 81 93 5 32 51 2 69 82 36 78 33 14 57 80 52 106 108 64 84 103 100 39 101 74 99 10 15 98 16 91 12 47 26 58 56 49 67 1 6 13 105 60 102 104 3 95 30 41 88 38 43 71 28 66 53 50 72 73 76 34 4 89 40 48 62 87 63 86 21 18 61 96 97 65 
0 19 31 77 90 23 79 55 107 24 29 27 85 75 54 92 46 17 8 9 35 7 11 59 22 42 20 25 70 44 37 45 83 109 68 94 81 93 5 32 51 2 69 82 36 78 33 14 57 80 52 106 108 64 84 103 100 39 101 74 99 10 15 98 16 91 12 47 26 58 56 49 67 1 6 13 105 60 102 104 3 95 30 41 88 71 28 66 53 43 50 72 73 76 34 4 89 40 48 62 87 63 86 21 18 61 96 38 97 65 
0 19 31 77 90 23 79 55 107 24 29 27 85 75 54 92 46 17 8 9 35 7 11 59 22 42 20 25 70 44 37 45 83 109 68 94 81 93 5 32 51 2 69 82 36 78 33 14 57 80 52 106 108 64 84 103 100 39 101 74 99 10 15 98 16 91 12 47 73 58 56 49 67 1 6 13 105 60 102 104 3 95 30 41 88 38 43 71 28 66 53 50 72 26 76 34 4 89 40 48 62 87 63 86 21 18 61 96 97 65 
0 19 31 77 90 23 79 55 107 24 29 27 85 75 54 92 46 17 8 9 35 7 11 59 22 42 20 25 70 44 37 45 83 109 68 94 81 93 5 32 51 2 69 82 36 78 67 14 57 80 52 106 108 64 84 103 100 39 101 74 99 10 15 98 16 91 12 47 26 58 56 49 33 1 6 13 105 60 102 104 3 95 30 41 88 38 43 71 28 66 53 50 72 73 76 34 4 89 40 48 62 87 63 86 21 18 61 96 97 65 
0 19 31 77 90 23 79 55 107 24 29 27 75 54 92 46 17 8 9 35 7 11 59 22 42 20 25 70 44 37 45 83 109 68 94 81 93 5 32 51 2 69 82 36 85 78 33 14 57 80 52 106 108 64 84 103 100 39 101 74 99 10 15 98 16 91 12 47 26 58 56 49 67 1 6 13 105 60 102 104 3 95 30 41 88 38 43 71 28 66 53 50 72 73 76 34 4 89 40 48 62 87 63 86 21 18 61 96 97 65 
0 19 31 77 90 23 79 55 107 24 29 27 85 75 54 92 46 17 8 9 35 7 11 59 22 42 20 25 70 44 37 45 83 109 68 94 81 93 5 32 51 2 69 82 36 78 33 14 57 80 52 106 108 64 84 103 100 39 101 76 99 10 15 98 16 91 12 47 26 58 56 49 67 1 6 13 105 60 102 104 3 95 30 41 88 38 43 71 28 66 53 50 72 73 74 34 4 89 40 48 62 87 63 86 21 18 61 96 97 65 
0 19 31 77 90 23 79 55 107 24 29 27 85 75 54 20 46 17 8 9 35 7 11 59 22 42 92 25 70 44 37 45 83 109 68 94 81 93 5 32 51 2 69 82 36 78 33 14 57 80 52 106 108 64 84 103 100 39 101 74 99 10 15 98 16 91 12 47 26 58 56 49 67 1 6 13 105 60 102 104 3 95 30 41 88 38 43 71 28 66 53 50 72 73 76 34 4 89 40 48 62 87 63 86 21 18 61 96 97 65 
0 19 31 77 90 23 79 55 107 24 29 27 85 75 54 92 46 17 8 9 35 7 11 59 22 42 20 25 70 44 37 45 83 109 68 94 81 93 5 32 51 2 69 82 36 78 33 14 57 80 52 106 108 64 84 103 100 39 101 74 99 10 15 98 16 91 12 47 26 58 56 49 67 1 6 13 105 60 102 104 3 95 30 41 88 38 43 71 28 61 18 21 86 63 87 62 48 40 89 4 34 76 73 72 50 53 66 96 97 65 
0 19 31 77 90 23 79 55 107 24 29 27 85 75 54 92 46 17 8 9 35 7 11 59 22 106 52 80 57 14 33 78 36 82 69 2 51 32 5 93 81 94 68 109 83 45 37 44 70 25 20 42 108 64 84 103 100 39 101 74 99 10 15 98 16 91 12 47 26 58 56 49 67 1 6 13 105 60 102 104 3 95 30 41 88 38 43 71 28 66 53 50 72 73 76 34 4 89 40 48 62 87 63 86 21 18 61 96 97 65 
0 19 31 77 90 23 79 55 107 24 29 27 85 75 54 92 46 17 8 9 35 7 11 59 22 42 20 25 70 44 37 45 83 109 68 94 81 93 5 32 51 2 69 82 36 78 33 14 57 80 52 106 108 64 84 103 100 39 101 74 99 10 15 98 16 91 12 47 26 58 56 49 50 72 73 76 34 4 89 104 3 95 30 41 88 38 43 71 28 66 53 67 1 6 13 105 60 102 40 48 62 87 63 86 21 18 61 96 97 65 
0 19 31 77 90 23 79 55 107 24 29 27 85 75 54 92 46 17 8 9 35 7 11 59 22 42 20 25 70 44 37 45 83 109 68 94 81 93 5 32 51 2 69 82 36 78 33 14 57 80 52 106 108 64 84 103 100 39 101 74 99 10 15 98 16 91 12 47 26 58 56 49 67 1 6 13 105 60 87 102 104 3 95 30 41 88 38 43 71 28 66 53 50 72 73 76 34 4 89 40 48 62 63 86 21 18 61 96 97 65 
0 19 31 77 90 23 79 55 107 24 29 27 85 75 54 92 46 17 8 9 35 7 11 59 22 42 20 25 70 44 37 45 83 109 68 94 81 93 5 32 51 2 69 82 36 78 33 14 57 80 52 106 108 64 84 103 100 39 101 74 99 10 15 98 16 91 12 47 26 58 56 49 67 1 6 13 105 60 102 50 3 95 30 41 88 38 43 71 28 66 53 104 72 73 76 34 4 89 40 48 62 87 63 86 21 18 61 96 97 65 
0 19 31 77 90 23 79 55 107 24 29 27 85 75 54 92 46 17 8 9 35 7 11 59 22 42 20 25 70 44 37 45 83 109 68 94 81 93 5 32 51 2 69 82 36 78 33 14 57 80 52 106 108 64 84 103 100 39 101 74 99 10 15 98 16 91 12 47 26 58 56 49 34 1 6 13 105 60 102 104 3 95 30 41 88 67 38 43 71 28 66 53 50 72 73 76 4 89 40 62 87 63 86 21 18 61 96 48 97 65 
0 19 31 77 90 23 79 55 107 24 29 27 85 75 54 92 46 17 8 9 35 7 11 59 22 42 20 25 70 44 37 45 83 109 68 94 81 93 5 32 51 2 69 82 36 78 33 14 57 80 52 106 108 64 84 103 100 39 101 74 99 10 15 98 16 91 12 47 26 58 56 49 67 1 6 13 105 60 102 104 3 95 30 63 43 41 88 38 71 28 66 53 50 72 73 76 34 4 89 40 48 62 87 86 21 18 61 96 97 65 
0 19 31 77 90 23 79 55 107 24 29 27 85 75 54 92 46 17 8 9 35 7 11 59 22 42 20 25 70 44 37 45 83 109 68 94 81 93 5 32 51 2 69 82 36 78 33 14 57 80 52 106 108 64 84 103 100 101 74 99 10 15 98 16 91 12 47 26 58 56 49 67 1 6 13 105 60 102 39 104 3 95 30 41 88 38 43 71 28 66 53 50 72 73 76 34 4 89 40 48 62 87 63 86 21 18 61 96 97 65 
0 19 31 77 90 23 79 55 107 24 29 27 85 75 54 92 46 17 8 9 35 7 11 59 22 42 20 25 70 44 37 45 83 109 68 94 81 93 5 32 51 2 69 82 36 78 33 14 57 80 52 106 108 64 84 103 100 39 101 74 99 10 15 98 16 66 53 50 72 73 76 34 4 89 40 48 62 60 102 104 3 95 30 41 88 38 43 71 28 91 12 47 26 58 56 49 67 1 6 13 105 87 63 86 21 18 61 96 97 65 
0 19 31 77 90 23 79 55 107 24 29 27 85 75 54 92 46 17 8 9 35 7 11 59 22 42 20 25 89 4 34 76 73 72 50 53 66 28 71 43 38 88 41 30 95 3 104 102 60 105 13 6 1 67 49 56 58 26 47 12 91 16 98 15 10 99 74 101 39 100 103 84 64 108 106 52 81 93 5 32 51 2 69 82 36 78 33 14 57 80 94 68 109 83 45 37 44 70 40 48 62 87 63 86 21 18 61 96 97 65 
0 19 31 77 90 23 79 55 107 24 29 27 93 75 54 92 46 17 8 9 35 7 11 59 22 42 20 25 70 44 37 45 83 109 68 94 81 85 5 32 51 2 69 82 36 78 33 14 57 80 52 106 108 64 84 103 100 39 101 74 99 10 15 98 16 91 12 47 26 58 56 49 67 1 6 13 105 60 102 104 3 95 30 41 88 38 43 71 28 66 53 50 72 73 76 34 4 89 40 48 62 87 63 86 21 18 61 96 97 65 
0 19 31 77 90 23 79 55 107 24 29 27 85 75 54 92 46 17 8 9 35 7 11 59 22 42 20 25 70 44 37 45 83 109 68 94 81 93 5 32 51 2 69 82 36 78 33 14 57 80 52 106 108 64 84 103 100 39 101 74 99 10 15 98 16 91 12 47 26 58 56 49 67 86 1 6 13 105 60 102 104 3 95 30 41 88 38 43 71 28 66 53 50 72 73 76 34 4 89 40 48 62 87 63 21 18 61 96 97 65 
0 19 31 77 90 23 79 55 107 24 29 27 85 75 54 92 46 17 8 9 35 7 11 59 22 42 20 25 70 44 37 45 83 109 68 94 81 93 5 32 51 2 69 82 36 78 33 14 57 80 52 106 108 64 84 103 100 39 101 74 99 10 15 98 16 12 47 26 58 56 49 67 1 6 13 105 60 102 104 3 95 30 41 88 38 43 71 28 66 53 50 72 73 76 34 4 89 40 48 62 87 63 86 21 18 61 96 91 97 65 
0 19 31 77 90 23 79 55 107 24 29 27 85 75 54 92 46 17 8 9 35 7 11 22 42 20 25 70 44 37 45 83 109 68 94 81 93 5 32 51 2 69 82 36 78 33 14 57 80 52 106 108 64 84 103 100 39 101 74 99 10 15 98 16 91 12 47 26 58 56 49 67 1 6 13 105 60 102 104 3 95 30 41 88 38 59 43 71 28 66 53 50 72 73 76 34 4 89 40 48 62 87 63 86 21 18 61 96 97 65 
0 19 31 77 90 23 79 55 107 24 29 27 85 75 54 92 46 17 8 9 2 7 11 59 22 42 20 25 70 44 37 45 83 109 68 94 81 93 5 32 51 35 69 82 36 78 33 14 57 80 52 106 108 64 84 103 100 39 101 74 99 10 15 98 16 91 12 47 26 58 56 49 67 1 6 13 105 60 102 104 3 95 30 41 88 38 43 71 28 66 53 50 72 73 76 34 4 89 40 48 62 87 63 86 21 18 61 96 97 65 
0 19 31 77 90 23 79 55 107 24 29 27 85 75 54 92 46 17 8 9 35 7 11 59 22 42 20 25 70 37 45 83 109 68 94 81 93 5 32 65 51 44 2 69 82 36 78 33 14 57 80 52 106 108 64 84 103 100 39 101 74 99 10 15 98 16 91 12 47 26 58 56 49 67 1 6 13 105 60 102 104 3 95 30 41 88 38 43 71 28 66 53 50 72 73 76 34 4 89 40 48 62 87 63 86 21 18 61 96 97 
0 19 31 77 90 23 79 55 107 24 29 27 85 75 54 92 46 17 8 9 35 7 11 59 22 42 20 25 70 44 37 83 109 68 94 81 93 5 32 51 2 69 82 36 78 33 14 57 80 52 106 108 64 84 103 100 39 101 74 99 10 15 98 16 91 12 47 26 58 56 49 67 1 6 13 105 60 102 104 3 95 30 45 41 88 38 43 71 28 66 53 50 72 73 76 34 4 89 40 48 62 87 63 86 21 18 61 96 97 65 
0 19 31 77 90 23 79 55 107 24 29 27 85 75 54 92 46 17 8 9 35 7 11 59 22 42 38 88 41 30 95 3 104 102 60 105 13 6 1 67 49 56 58 26 47 12 91 16 98 15 10 99 74 101 39 100 103 84 64 108 106 52 80 57 14 33 78 36 82 69 2 51 32 5 93 81 94 68 109 83 45 37 44 70 25 20 43 71 28 66 53 50 72 73 76 34 4 89 40 48 62 87 86 63 21 18 61 96 97 65 
0 19 31 77 90 23 79 55 107 24 29 27 85 75 54 92 46 17 8 9 35 7 11 59 22 42 20 25 70 44 37 45 83 109 68 94 81 93 5 32 51 2 69 82 36 78 21 86 63 87 62 48 40 89 4 34 76 73 72 50 53 66 28 71 43 38 88 41 30 95 3 104 102 60 105 13 6 1 67 49 56 58 26 47 12 91 16 98 15 10 99 74 101 39 100 103 84 64 108 106 52 80 57 14 33 18 61 96 97 65 
0 19 31 77 90 23 79 55 107 24 29 27 85 75 54 92 46 17 8 9 35 7 11 59 22 42 20 25 70 44 37 45 83 109 68 94 81 93 5 32 51 2 69 82 36 78 33 14 57 80 67 1 6 13 105 60 102 104 3 95 30 41 88 38 43 71 28 66 53 50 72 49 52 106 108 64 84 103 100 39 101 74 99 10 15 98 16 91 12 47 26 58 56 73 76 4 89 40 48 62 34 87 63 86 21 18 61 96 97 65 
0 19 31 77 90 23 79 55 40 89 4 107 24 29 27 85 75 54 92 46 17 8 9 35 7 11 59 22 42 20 25 70 44 37 45 83 109 68 94 81 93 5 32 51 2 69 82 36 78 33 14 57 80 52 106 108 64 84 103 100 39 101 74 99 10 15 98 16 91 12 47 26 58 56 49 67 1 6 13 105 60 102 104 3 95 30 41 88 38 43 71 28 66 53 50 72 73 76 34 48 62 87 63 86 21 18 61 96 97 65 
0 19 31 77 90 23 79 55 107 24 29 27 85 75 54 92 46 17 8 9 35 7 11 59 22 42 20 25 70 44 37 45 83 109 68 94 81 93 5 32 51 2 69 82 36 78 33 14 57 80 52 106 108 64 84 103 100 39 101 74 99 10 15 98 16 91 12 47 26 58 56 49 67 1 6 13 105 60 102 104 3 95 30 41 88 38 43 71 28 66 53 50 72 73 76 4 89 40 48 62 87 63 86 21 18 61 96 97 65 34 
0 19 31 77 90 23 79 55 107 24 29 27 85 75 54 92 46 17 8 9 35 7 11 59 22 42 20 25 70 44 37 45 101 74 99 10 15 98 16 91 12 47 26 58 56 49 33 14 57 80 52 106 108 64 84 103 100 39 83 109 68 94 81 93 5 32 51 2 69 82 36 78 67 1 6 13 105 60 102 104 3 95 30 41 88 38 43 71 28 66 53 50 72 73 76 34 4 89 40 48 62 87 63 86 21 18 61 96 97 65 
0 19 31 77 90 23 79 55 107 24 29 27 85 75 54 92 46 17 8 9 35 7 11 59 22 42 20 25 70 44 67 1 6 13 105 60 102 104 37 45 83 109 68 94 81 93 5 32 51 2 69 82 36 78 33 14 57 80 52 106 108 64 84 103 100 39 101 74 99 10 15 98 16 91 12 47 26 58 56 49 3 95 30 41 88 38 43 71 28 66 53 50 72 73 76 34 4 89 40 48 62 87 63 86 21 18 61 96 97 65 
0 19 31 77 90 23 79 55 107 24 29 27 85 75 54 92 46 17 8 35 7 11 59 22 42 20 25 70 44 37 45 83 109 68 94 81 93 5 32 51 2 34 76 73 72 50 53 66 28 71 43 38 88 41 30 95 3 104 102 60 105 13 6 1 67 49 56 58 26 47 12 91 16 98 15 10 99 74 101 39 100 103 9 84 64 108 106 52 80 57 14 33 78 36 82 69 4 89 40 48 62 87 63 86 21 18 61 96 97 65 
0 19 31 77 90 23 79 55 107 24 29 27 85 75 54 92 46 17 8 9 35 7 11 59 22 42 20 25 70 44 37 45 83 109 68 94 81 93 5 32 51 2 69 82 36 78 33 14 57 80 52 106 108 64 84 103 100 39 101 74 99 10 15 98 16 91 12 47 26 58 56 49 67 1 6 13 105 60 102 104 3 95 30 63 88 38 43 71 28 66 53 50 41 72 73 76 34 4 89 40 48 62 87 86 21 18 61 96 97 65 
0 19 31 77 90 23 79 55 107 24 29 27 85 75 54 92 46 17 8 9 35 7 11 59 22 42 20 25 70 44 37 45 83 109 68 94 81 93 5 32 51 2 69 82 36 78 33 14 57 80 52 106 108 64 84 103 100 39 101 74 99 10 15 98 16 91 12 47 26 58 56 49 67 1 6 13 105 60 102 104 3 95 40 41 88 38 43 71 28 66 53 50 72 73 76 34 4 89 30 48 62 87 63 86 21 18 61 96 97 65 
0 19 31 77 90 23 79 55 107 24 29 27 85 75 54 92 46 17 8 9 35 7 11 59 22 42 20 25 70 44 37 45 83 109 68 94 81 93 5 32 51 2 69 82 36 78 33 14 57 80 52 106 108 64 84 103 100 39 101 74 99 10 15 98 16 91 72 73 76 34 4 89 40 48 62 87 63 86 21 18 61 96 30 41 88 38 43 71 28 66 53 50 12 47 26 58 56 49 67 1 6 13 105 60 102 104 3 95 97 65 
0 19 31 77 90 23 79 55 107 24 29 27 85 75 54 92 46 17 8 9 35 7 11 59 22 42 20 25 70 44 37 45 83 109 68 94 81 93 5 32 51 62 69 82 36 78 33 14 57 80 52 106 108 64 84 103 100 39 101 74 99 10 15 98 16 91 12 47 26 58 56 49 67 1 6 13 105 60 102 104 3 95 30 41 88 38 43 71 28 66 53 50 72 73 76 34 4 89 40 48 2 87 63 86 21 18 61 96 97 65 
0 19 31 77 90 23 79 55 107 24 29 27 85 75 54 92 46 17 8 9 35 7 11 59 22 42 20 25 70 44 37 45 83 109 68 94 81 93 5 32 51 2 69 82 36 78 33 14 57 80 52 106 108 64 84 103 100 39 101 74 99 43 71 28 66 53 50 72 73 76 34 4 89 40 48 62 87 63 86 21 18 61 96 41 88 38 10 15 98 16 91 12 47 26 58 56 49 67 1 6 13 105 60 102 104 3 95 30 97 65 
0 19 31 77 90 23 79 55 107 24 29 27 85 75 65 92 46 17 8 9 35 7 11 59 22 42 20 25 70 44 37 45 83 109 68 94 81 93 5 32 51 2 69 82 36 78 33 14 57 80 52 106 108 64 84 103 100 39 101 74 99 10 15 98 16 91 12 47 26 58 56 49 67 1 6 13 105 60 102 104 3 95 30 41 88 38 43 71 28 66 53 50 72 73 76 34 4 89 40 48 62 87 63 86 21 18 61 96 97 54 
0 19 31 77 90 23 79 55 107 24 29 27 85 75 54 92 46 17 8 9 35 7 11 59 22 42 20 25 70 44 37 45 83 109 68 94 81 93 5 32 51 2 69 1 67 49 56 58 26 47 12 91 16 98 15 10 99 74 101 39 100 103 84 64 108 106 52 80 57 14 33 78 36 82 6 13 105 60 102 104 3 95 30 41 88 38 43 71 28 66 53 50 72 73 76 34 4 89 87 62 48 40 63 86 21 18 61 96 97 65 
0 19 31 77 90 23 79 55 107 24 29 27 85 75 54 92 46 17 8 9 35 7 11 59 22 42 20 25 70 44 37 45 83 109 68 94 81 93 5 32 51 2 69 82 36 78 33 14 57 80 52 106 108 64 84 103 100 71 101 74 99 10 15 98 16 91 12 47 26 58 56 49 67 1 6 13 105 60 102 104 3 95 30 41 88 38 43 39 28 66 53 50 72 73 76 34 4 89 40 48 62 87 63 86 21 18 61 96 97 65 
0 19 31 77 90 23 79 55 107 24 29 27 85 75 54 92 46 17 8 9 35 7 11 59 22 42 20 25 70 44 37 45 83 109 68 94 81 93 62 32 51 2 69 82 36 78 33 14 57 80 52 106 108 64 84 103 100 39 101 74 99 10 15 98 16 91 12 47 26 58 56 49 67 1 6 13 105 60 102 104 3 95 30 41 88 38 43 71 28 66 53 50 72 73 76 34 4 89 40 48 5 87 63 86 21 18 61 96 97 65 
0 31 77 90 23 79 55 107 24 29 27 85 75 54 92 46 17 8 9 35 7 11 59 22 42 20 25 70 44 37 45 83 109 68 94 81 93 5 32 51 2 69 82 36 78 33 19 14 57 80 52 106 108 64 84 103 100 39 101 74 99 10 15 98 16 91 12 47 26 58 56 49 67 1 6 13 105 60 102 104 3 95 30 41 88 38 43 71 28 66 53 50 72 73 76 34 4 89 40 48 62 87 63 86 21 18 61 96 97 65 
0 19 9 77 90 23 79 55 107 24 29 27 85 75 54 92 46 17 8 31 35 7 11 59 22 42 20 25 70 44 37 45 83 109 68 94 81 93 5 32 51 2 69 82 36 78 33 14 57 80 52 106 108 64 84 103 100 39 101 74 99 10 15 98 16 91 12 47 26 58 56 49 67 1 6 13 105 60 102 104 3 95 30 41 88 38 43 71 28 66 53 50 72 73 76 34 4 89 40 48 62 87 63 86 21 18 61 96 97 65 
0 19 31 77 90 23 79 55 107 24 29 27 85 75 54 92 46 17 15 10 99 74 101 39 100 103 84 64 108 106 52 80 57 14 33 78 36 82 69 2 51 32 5 93 81 94 68 109 83 45 37 44 70 25 20 42 22 59 11 7 35 9 8 98 16 91 12 47 26 58 56 49 67 1 6 13 105 60 102 104 3 95 30 41 88 38 43 71 28 66 53 50 72 73 76 34 4 89 40 48 62 87 63 86 21 18 61 96 97 65 
0 19 31 77 90 23 79 55 107 24 29 27 85 75 54 92 46 17 8 9 35 7 11 59 22 42 20 25 70 44 37 45 83 109 68 94 81 93 5 32 51 2 69 82 36 78 33 14 57 80 52 106 108 64 84 103 100 39 101 74 99 15 98 16 91 12 47 26 58 56 49 67 1 6 13 105 60 102 104 3 95 30 41 88 38 43 71 28 66 53 50 72 73 76 34 4 89 40 48 62 87 63 86 10 21 18 61 96 97 65 
0 19 31 64 108 106 52 80 57 14 33 78 36 82 69 2 51 32 5 93 81 94 68 109 83 45 37 44 70 25 20 42 22 59 11 7 35 9 8 17 46 92 54 75 85 27 29 24 107 55 79 23 90 77 84 103 100 39 101 74 99 10 15 98 16 91 12 47 26 58 56 49 67 1 6 13 105 60 102 104 3 95 30 41 88 38 43 71 28 66 53 50 72 73 76 34 4 89 40 48 62 87 63 86 21 18 61 96 97 65 
0 19 31 77 90 75 85 27 29 24 107 55 79 23 54 92 46 17 8 9 35 7 11 59 22 42 20 25 70 44 37 45 83 109 68 94 81 93 5 32 51 65 2 69 82 36 78 33 14 57 80 52 106 108 64 84 103 100 39 101 74 99 10 15 98 16 91 12 47 26 58 56 49 67 1 6 13 105 60 102 104 3 95 30 41 88 38 43 71 28 66 53 50 72 73 76 34 4 89 40 48 62 87 63 86 21 18 61 96 97 
0 19 31 77 90 23 79 55 107 24 29 27 85 75 40 89 4 34 76 108 72 50 53 66 28 71 43 38 88 41 30 95 3 104 102 60 105 13 6 1 67 49 56 58 26 47 12 91 16 98 15 10 99 74 101 39 100 103 84 64 73 106 52 80 57 14 33 78 36 82 69 2 51 32 5 93 81 94 68 109 83 45 37 44 70 25 20 42 22 59 11 7 35 9 8 17 46 92 54 48 62 87 63 86 21 18 61 96 97 65 
0 19 31 77 90 23 79 55 107 24 29 27 85 75 54 92 46 17 8 9 35 7 11 59 22 42 20 25 70 44 37 45 83 109 68 94 81 93 5 32 51 2 69 82 36 78 33 14 57 80 52 106 108 64 84 103 100 39 101 74 99 10 15 98 16 91 12 47 26 58 56 49 67 1 6 13 105 60 102 104 3 95 30 41 61 38 43 71 28 66 53 50 72 73 76 34 4 89 40 48 62 87 63 86 21 18 88 96 97 65 
0 19 31 77 90 23 79 55 107 24 29 27 85 75 54 92 46 17 8 9 35 7 11 59 22 42 20 25 70 44 37 45 83 109 68 94 81 15 98 16 91 12 47 26 58 56 49 67 1 6 13 105 60 102 104 3 100 39 101 74 99 10 93 5 32 51 2 69 82 36 78 33 14 57 80 52 106 108 64 84 103 95 30 41 88 38 43 71 28 66 53 50 72 73 76 34 4 89 40 48 62 87 63 86 21 18 61 96 97 65 
0 19 31 77 90 23 79 55 107 24 29 27 85 75 54 92 46 17 8 9 35 7 11 59 22 42 20 25 70 44 106 45 83 109 68 94 81 93 5 32 51 2 69 82 36 78 33 14 57 80 52 37 108 64 84 103 100 39 101 74 99 10 15 98 16 91 12 47 26 58 56 49 67 1 6 13 105 60 102 104 3 95 30 41 88 38 43 71 28 66 53 50 72 73 76 34 4 89 40 48 62 87 63 86 21 18 61 96 97 65 
0 19 31 77 90 23 79 55 107 24 29 27 85 75 54 92 46 17 8 9 35 7 11 59 22 42 20 25 70 44 37 45 83 109 68 6 13 105 60 102 104 3 95 30 36 78 33 14 57 80 52 106 108 64 84 103 100 39 101 74 99 10 15 98 16 91 12 47 26 58 56 49 67 1 94 81 93 5 32 51 2 69 82 41 88 38 43 71 28 66 53 50 72 73 76 34 4 89 40 48 62 87 63 86 21 18 61 96 97 65 
0 19 31 77 90 23 79 55 107 24 29 27 85 75 54 92 46 17 8 9 35 11 59 22 42 20 25 70 44 37 45 83 109 68 94 81 93 5 32 51 2 69 82 36 78 33 14 57 80 52 106 108 64 84 103 100 39 101 74 99 10 15 98 16 91 12 47 26 58 56 49 67 1 6 13 7 105 60 102 104 3 95 30 41 88 38 43 71 28 66 53 50 72 73 76 34 4 89 40 48 62 87 63 86 21 18 61 96 97 65 
0 19 31 77 90 79 55 107 24 29 27 85 75 54 92 46 17 8 9 35 7 11 59 22 42 20 25 70 44 37 45 83 109 68 94 81 93 5 32 51 2 69 82 36 78 33 14 57 23 80 52 106 108 64 84 103 100 39 101 74 99 10 15 98 16 91 12 47 26 58 56 49 67 1 6 13 105 60 102 104 3 95 30 41 88 38 43 71 28 66 53 50 72 73 76 34 4 89 40 48 62 87 63 86 21 18 61 96 97 65 
0 19 31 77 90 23 79 55 107 24 29 27 85 75 54 92 46 17 8 9 35 7 11 59 22 42 20 25 70 44 37 45 83 109 68 94 81 93 5 32 51 2 69 82 36 78 33 14 57 80 52 106 108 64 84 103 100 39 101 74 99 10 15 98 16 91 12 47 26 58 56 49 67 1 6 13 105 60 102 104 3 30 41 88 38 43 71 28 66 53 50 72 73 76 34 4 89 40 48 62 87 63 86 21 18 61 96 97 95 65 
0 19 31 77 90 23 79 55 107 24 29 27 85 75 54 92 46 17 8 9 35 7 11 59 22 42 20 25 70 44 37 45 83 109 68 94 81 93 5 32 51 2 6 82 36 78 33 14 57 80 52 106 108 64 84 103 100 39 101 74 99 10 15 98 16 91 12 47 26 58 56 49 67 1 69 13 105 60 102 104 3 95 30 41 88 38 43 71 28 66 53 50 72 73 76 34 4 89 40 48 62 87 63 86 21 18 61 96 97 65 
0 19 31 77 90 23 79 55 107 24 29 27 85 75 54 92 46 17 8 9 35 7 11 59 22 42 20 25 70 101 39 100 103 84 64 108 106 52 80 57 14 33 78 36 82 69 2 51 32 5 93 81 94 68 109 83 45 37 44 74 99 10 15 98 16 91 12 47 26 58 56 49 67 1 6 13 105 60 102 104 3 95 86 30 41 88 38 43 71 28 66 53 50 72 73 76 34 4 89 40 48 62 87 63 21 18 61 96 97 65 
0 19 31 77 90 23 79 55 107 24 29 27 85 75 54 74 99 10 15 98 16 91 12 47 26 58 56 49 67 1 6 13 105 60 102 104 3 95 30 41 88 38 43 71 28 66 53 50 72 73 76 69 2 51 32 5 93 81 94 68 109 83 45 37 44 70 25 20 42 22 59 11 7 35 9 8 17 46 92 101 39 100 103 84 64 108 106 52 80 57 14 33 78 36 40 89 4 34 82 48 62 87 63 86 21 18 61 96 97 65 
0 19 31 77 90 23 79 55 107 24 29 27 85 75 54 92 46 17 8 9 35 7 11 59 22 42 20 25 70 44 37 45 83 109 68 94 81 93 5 32 51 2 69 82 36 78 33 14 57 80 52 106 108 64 84 103 100 39 101 74 99 10 15 98 16 91 12 47 26 58 56 49 67 1 6 13 105 60 102 65 104 3 95 30 41 88 38 43 71 28 66 53 50 72 73 76 34 4 89 40 48 62 87 63 86 21 18 61 96 97 
0 19 31 77 90 23 79 55 107 24 29 27 85 75 54 92 46 17 26 47 12 91 16 98 15 10 99 74 101 39 100 103 84 64 108 106 52 80 57 14 33 78 36 82 69 2 51 32 5 93 81 94 68 109 83 45 37 44 70 25 20 42 22 59 11 7 35 9 8 58 56 49 67 1 6 13 105 60 102 104 3 95 30 41 88 38 43 71 28 66 53 50 72 73 76 34 4 89 40 48 62 87 63 86 21 18 61 96 97 65 
0 19 31 77 90 23 79 55 107 24 29 27 85 75 54 46 92 17 8 9 35 7 11 59 22 42 20 25 70 44 37 5 78 33 14 57 80 52 106 108 64 84 103 100 39 101 74 99 10 15 98 16 91 12 47 26 58 56 49 67 45 83 109 68 94 81 93 32 36 51 2 69 82 1 13 105 60 102 104 3 95 30 41 88 38 43 71 28 6 66 53 50 72 73 76 34 4 89 40 48 62 87 63 86 21 18 61 96 97 65 
0 19 31 77 90 23 79 55 107 24 29 27 51 2 69 82 36 78 33 14 57 80 52 106 108 64 84 103 100 39 101 74 99 10 15 98 16 91 5 32 85 75 54 92 46 17 8 9 25 7 11 59 22 42 20 35 70 44 37 45 83 109 68 94 81 93 12 47 26 58 56 49 67 1 6 13 105 60 102 104 3 95 30 41 88 38 43 71 28 66 53 50 72 73 76 34 4 89 40 48 62 87 63 86 21 18 61 96 97 65 
0 19 31 77 90 23 79 55 107 24 29 27 85 75 54 92 46 17 8 9 35 34 11 59 22 42 20 25 70 44 37 45 83 109 68 94 81 93 5 32 51 2 69 82 36 78 14 57 80 52 106 108 64 84 103 100 39 101 74 99 10 15 98 16 91 12 47 26 58 56 49 67 1 6 13 105 60 102 104 3 95 30 41 88 38 43 71 28 66 53 50 72 73 33 76 7 4 89 40 48 62 87 63 86 21 18 61 96 97 65 
0 19 31 77 90 23 79 55 107 24 29 27 85 75 54 92 46 17 8 9 45 37 44 70 25 20 42 22 59 11 7 35 83 109 68 94 81 93 5 32 51 2 69 82 36 78 33 14 57 80 52 106 108 64 84 100 39 101 74 99 10 15 98 16 91 12 47 26 58 56 49 67 1 6 13 105 60 102 104 3 95 30 41 88 38 43 71 28 66 53 50 72 73 76 34 4 89 40 48 62 87 63 86 103 21 18 61 96 97 65 
0 19 31 77 90 23 79 55 107 24 29 27 85 75 54 92 46 17 8 9 35 7 11 59 22 42 20 25 70 44 37 45 83 109 95 94 81 93 5 32 51 2 69 82 36 78 33 14 57 80 52 106 108 64 84 103 100 39 101 74 99 10 15 98 16 91 12 47 26 58 56 49 67 1 6 13 105 60 102 104 3 68 30 41 88 38 43 71 28 66 53 50 72 73 76 34 4 89 40 48 62 87 63 86 21 18 61 96 97 65 
0 19 31 77 90 23 50 53 66 28 71 43 38 52 106 108 64 84 103 100 39 101 74 99 10 15 98 16 91 12 47 26 58 56 49 67 1 6 13 105 60 102 104 3 95 30 41 88 80 57 14 33 78 36 82 69 2 51 32 5 93 81 94 68 109 83 45 37 44 70 25 20 42 22 59 11 7 35 9 8 17 46 92 54 75 85 27 29 79 55 107 24 72 73 76 34 4 89 40 48 62 87 63 86 21 18 61 96 97 65 
0 19 31 6 1 67 49 56 58 26 47 12 91 16 98 15 10 99 74 101 39 100 103 84 64 108 106 52 80 57 14 33 78 36 82 69 2 51 32 5 93 81 94 68 109 83 45 37 44 70 25 20 42 22 59 11 7 35 9 8 17 46 92 54 75 85 27 29 24 107 55 79 23 90 77 13 105 60 102 104 3 95 30 41 88 38 43 71 28 66 53 50 72 73 76 34 4 89 40 48 62 87 63 86 21 18 61 96 97 65 
0 19 31 77 90 23 79 55 107 24 29 27 85 75 54 92 46 8 9 35 7 11 59 22 42 25 70 44 37 45 83 109 20 68 94 81 93 5 32 51 2 69 82 36 78 33 14 17 57 80 52 106 108 64 84 103 100 39 101 74 99 10 15 98 16 91 12 47 26 58 56 49 67 1 6 13 105 60 102 104 3 95 30 41 88 38 43 71 28 66 53 50 72 73 76 34 4 89 40 48 62 87 63 86 21 18 61 96 97 65 
0 19 31 77 90 23 79 55 107 24 29 27 85 75 54 92 46 17 8 9 35 7 11 59 22 42 20 25 70 44 37 45 83 109 68 94 81 93 71 5 32 51 2 69 82 36 78 33 14 57 80 52 106 108 64 84 103 100 39 101 74 99 10 15 98 16 91 12 47 26 58 18 21 86 63 87 62 48 40 89 4 34 76 73 72 50 53 66 28 43 38 88 41 30 95 3 104 102 60 105 13 6 1 67 49 56 61 96 97 65 
0 19 31 77 90 23 79 55 107 24 29 27 85 75 54 92 46 17 8 9 35 7 11 59 22 42 20 25 70 44 37 45 83 109 68 94 81 93 5 32 51 2 69 82 36 78 33 14 57 80 3 106 108 64 84 103 100 39 101 74 99 10 15 98 16 91 71 28 66 53 50 72 73 76 34 4 89 40 48 62 87 63 86 21 18 38 43 12 47 26 58 56 49 67 1 6 13 105 60 102 104 52 95 30 41 88 61 96 97 65 
0 19 31 77 90 23 79 55 107 24 29 27 75 54 92 46 17 8 9 35 7 11 59 22 42 20 25 70 44 37 45 83 109 68 94 81 93 5 32 51 2 69 82 36 78 33 14 57 80 52 106 108 64 84 103 100 39 101 74 99 10 60 98 16 91 12 47 26 58 56 49 67 1 6 13 105 15 102 104 3 95 30 41 88 38 43 71 28 66 53 50 72 48 85 40 89 4 34 76 73 62 87 63 86 21 18 61 96 97 65 
0 19 31 77 90 23 79 55 107 24 29 27 85 75 54 92 46 17 8 9 35 7 11 59 22 42 20 25 70 44 37 45 83 109 68 6 81 93 5 32 51 2 69 82 36 78 33 14 57 80 52 106 108 64 84 103 100 39 101 74 99 10 15 98 16 91 12 47 26 58 56 49 67 1 94 13 105 60 102 104 3 95 30 41 88 43 71 28 66 53 50 72 38 73 76 34 4 89 40 48 62 87 63 86 21 18 61 96 97 65 
0 19 31 77 90 23 79 55 107 24 29 27 85 48 54 92 46 17 8 9 35 7 11 59 22 42 20 25 70 44 37 45 83 109 68 94 81 93 5 32 51 2 69 82 36 78 33 14 57 80 52 106 108 64 84 103 100 39 101 74 99 10 15 98 16 91 12 47 26 58 56 49 67 1 6 13 105 60 102 104 3 95 30 41 88 38 43 71 28 66 53 50 72 73 76 34 4 89 40 75 62 87 63 86 21 61 18 96 97 65 
0 19 31 77 90 23 79 55 107 24 29 27 85 75 54 92 46 17 8 9 35 7 11 59 22 42 20 25 70 44 37 45 83 109 68 94 81 93 5 32 51 2 69 82 36 78 33 14 57 80 52 106 108 64 84 103 100 39 101 74 99 71 28 66 53 50 72 73 76 3 34 4 89 40 48 62 87 63 86 21 18 61 41 88 38 43 10 15 98 16 91 12 47 26 58 56 49 67 1 6 13 105 60 102 104 95 30 96 97 65 
0 19 5 77 90 23 79 55 107 24 29 27 85 75 54 92 46 17 8 9 35 7 11 59 22 42 20 25 70 44 37 45 83 109 68 94 81 93 31 32 51 2 69 82 36 78 33 14 57 80 52 106 108 64 84 103 100 39 101 74 99 10 15 98 16 91 12 47 26 58 56 49 67 1 6 13 105 60 102 104 3 95 30 41 88 38 43 71 28 66 53 50 72 73 76 34 4 89 40 48 62 87 63 86 21 18 61 96 97 65 
0 19 31 77 90 23 79 55 107 24 29 27 85 75 54 92 46 17 8 9 35 7 11 59 22 42 20 25 70 44 37 45 83 109 68 94 81 93 5 32 51 2 69 82 36 78 104 14 57 80 52 106 108 64 84 103 100 39 101 74 99 10 15 98 16 91 12 47 26 58 56 49 67 1 6 13 105 60 102 33 3 95 30 41 88 38 43 71 28 66 53 50 72 73 76 34 4 89 40 48 62 87 63 86 21 18 61 97 65 96 
0 19 31 77 90 23 79 55 24 29 27 85 75 54 92 46 17 8 9 35 7 11 59 22 42 20 25 70 44 37 45 83 109 68 94 81 93 5 32 51 2 69 82 36 33 14 57 80 52 106 108 64 84 103 100 39 101 74 99 28 66 53 50 72 73 76 34 4 89 78 40 48 62 13 105 60 102 104 3 95 30 41 88 38 43 71 10 15 98 16 91 12 47 26 58 56 49 67 1 6 87 63 86 21 18 61 96 107 97 65 
0 19 31 77 90 23 79 55 107 24 29 27 85 75 54 92 46 17 8 9 35 7 81 94 68 109 83 45 37 44 70 25 20 42 22 59 11 93 5 56 51 2 69 82 36 78 33 14 57 80 52 106 108 64 84 103 100 39 101 74 99 10 15 98 16 91 12 47 26 58 32 49 67 1 6 13 105 60 102 104 3 95 30 41 88 38 43 71 28 66 53 50 72 73 76 34 4 89 40 48 62 87 63 86 21 18 61 96 97 65 
0 19 31 77 90 23 79 55 107 24 29 27 85 75 54 92 46 17 8 9 35 7 11 59 22 42 20 25 70 1 6 13 105 60 102 104 3 95 30 41 88 38 43 71 28 66 53 50 72 73 76 34 4 89 40 48 62 87 63 86 21 18 61 98 15 10 99 74 101 39 100 103 84 64 108 106 52 80 57 14 33 78 36 82 69 2 51 32 5 93 81 94 68 109 83 45 37 44 67 49 56 58 26 47 12 91 16 96 97 65 
0 19 31 77 90 23 79 55 107 24 29 27 85 75 54 92 46 17 26 58 56 49 67 1 6 13 105 60 102 104 3 95 30 41 88 38 43 71 28 66 53 50 72 73 76 34 4 89 40 48 52 106 108 64 84 103 100 39 101 74 99 10 15 98 16 91 12 47 8 9 35 7 11 59 22 42 20 25 70 44 37 45 83 109 68 94 81 93 5 32 51 2 69 82 36 78 33 14 57 80 62 87 63 86 21 18 61 96 97 65 
0 19 31 77 90 23 79 55 107 24 29 14 57 80 52 106 108 64 84 103 100 39 101 74 99 10 15 98 16 91 12 47 26 58 56 49 67 1 6 13 105 60 102 104 3 78 33 27 85 75 54 92 46 17 8 9 35 7 11 59 22 42 20 25 70 44 37 45 83 109 68 94 81 93 5 32 51 2 69 82 36 95 30 41 88 38 43 71 28 66 53 50 72 73 76 34 4 89 40 48 62 87 63 86 21 18 61 96 97 65 
0 19 31 77 90 23 79 55 107 24 29 27 85 75 54 92 46 17 8 9 35 7 11 59 22 42 20 25 70 44 37 45 83 109 68 94 1 6 13 105 60 102 104 3 95 30 41 88 38 43 71 28 98 53 50 72 73 76 34 4 89 40 48 62 87 63 86 21 18 61 96 49 67 81 93 5 32 51 2 69 82 36 78 33 14 57 80 52 106 108 64 84 103 100 39 101 74 99 10 15 66 16 91 12 47 26 58 56 97 65 
0 19 31 77 90 23 79 55 107 24 29 27 85 75 54 92 46 17 8 9 35 7 11 59 22 42 20 25 70 44 37 45 83 109 68 94 81 93 5 32 51 2 69 82 36 78 33 21 57 80 52 106 108 64 84 103 100 39 101 74 99 10 15 98 16 91 12 47 26 58 56 49 67 1 6 13 105 60 102 104 3 95 30 41 88 38 43 71 28 66 53 50 72 73 76 34 4 89 40 48 62 87 63 86 14 18 61 96 97 65 
0 19 31 77 90 23 79 55 107 24 29 27 85 84 54 92 46 17 8 9 35 7 11 59 22 42 20 25 70 44 37 45 83 109 68 94 81 93 5 32 51 2 69 82 36 78 33 14 57 80 52 106 108 64 75 103 100 39 101 74 99 10 15 98 16 91 12 47 26 58 56 49 67 1 6 13 105 60 102 104 3 95 30 41 88 38 43 71 28 66 53 50 72 73 76 34 4 89 40 48 62 87 63 86 21 18 61 96 97 65 
0 19 31 77 90 23 79 55 107 24 29 27 85 75 54 92 46 17 8 9 35 7 11 59 22 42 20 25 70 44 37 45 83 109 68 94 81 93 5 32 51 2 69 82 18 61 96 14 57 80 52 106 108 64 84 103 100 39 101 74 99 10 15 98 16 91 12 47 26 58 56 49 67 1 6 13 105 60 102 104 3 95 30 41 88 38 43 71 89 4 34 76 73 72 50 53 66 28 40 48 62 87 63 86 21 36 78 33 97 65 
0 19 31 77 90 23 79 55 107 24 29 27 85 75 54 92 46 17 8 47 26 58 56 49 67 1 6 13 105 60 102 104 3 95 30 41 88 38 43 71 51 2 69 82 36 78 33 14 57 80 52 106 108 64 84 103 100 39 101 74 99 10 15 98 16 91 12 9 35 7 11 59 22 42 20 25 70 44 37 45 83 109 68 94 81 93 5 32 28 66 53 50 72 73 76 34 4 89 40 48 62 87 63 86 21 18 61 96 97 65 
0 19 31 77 90 23 79 55 107 24 29 27 85 72 54 92 46 17 8 9 35 7 11 59 22 42 20 25 70 44 37 45 83 109 68 94 81 93 5 32 51 2 69 82 36 78 33 14 57 80 52 106 108 64 84 103 100 39 101 74 99 10 15 98 16 91 12 47 26 58 56 49 67 1 6 13 105 60 102 104 3 95 30 41 88 38 43 71 28 66 53 50 75 73 76 34 4 89 40 48 62 87 63 86 21 18 61 96 97 65 
0 19 31 77 90 23 79 55 107 24 29 27 85 75 54 103 46 17 8 9 35 7 11 59 22 42 20 25 70 44 37 45 83 109 68 94 81 93 5 32 51 2 69 82 36 78 33 14 57 80 52 106 108 64 84 92 100 39 101 74 99 10 15 98 16 91 12 47 26 58 56 49 67 1 6 13 105 60 102 104 3 95 30 41 88 38 43 71 28 66 53 50 72 73 76 34 4 89 40 48 62 87 63 86 21 18 61 96 97 65 
0 19 31 77 90 23 55 107 24 29 27 85 75 54 92 46 17 8 9 35 7 11 59 22 42 20 25 99 10 15 98 16 91 12 47 26 58 56 49 67 1 6 13 105 60 102 104 3 95 30 41 88 38 43 71 28 66 53 50 74 70 44 37 45 83 109 68 79 94 81 93 5 32 51 2 69 82 36 78 33 14 57 80 52 106 108 64 84 103 100 39 101 72 73 76 34 4 89 40 48 62 87 63 86 21 18 61 96 97 65 
0 19 31 77 90 23 79 55 107 24 29 76 85 75 54 92 46 17 8 9 35 7 11 59 22 42 20 25 70 44 37 45 83 109 68 94 81 93 5 32 51 2 69 82 36 78 33 14 57 80 52 106 108 64 84 103 100 39 101 74 99 10 15 98 16 91 12 47 26 58 56 49 67 1 6 13 105 60 102 104 3 95 30 41 88 38 43 71 28 66 53 50 72 73 27 34 4 89 40 48 62 87 63 86 21 18 61 96 97 65 
0 19 31 77 90 23 79 55 107 24 74 99 10 15 98 16 91 12 47 26 58 49 67 1 6 13 105 60 102 104 3 95 30 41 88 38 43 71 28 66 53 50 72 73 76 34 4 89 40 48 62 87 63 86 21 18 61 96 97 65 29 27 85 75 54 92 46 17 8 9 35 7 11 59 22 42 20 25 70 44 37 45 83 109 68 94 81 93 5 32 51 2 69 82 36 78 33 14 57 80 52 106 108 64 84 56 103 100 39 101 
0 19 31 77 90 23 79 55 107 24 29 27 85 39 101 74 99 10 15 98 16 91 12 47 26 58 56 49 67 1 6 13 105 60 102 104 3 95 30 41 88 38 43 71 28 66 53 50 72 73 76 34 4 89 40 48 100 75 54 92 46 17 8 9 35 7 11 59 22 42 20 25 70 44 45 83 109 68 94 81 93 5 32 51 2 69 82 36 78 33 14 57 80 37 52 106 108 64 84 103 62 87 63 86 21 18 61 96 97 65 
0 19 31 77 90 23 79 55 107 24 29 27 85 75 54 92 46 17 8 84 103 100 39 101 74 99 10 15 98 16 34 76 73 72 50 53 66 28 71 43 38 88 41 30 95 3 104 102 60 105 13 6 1 67 49 56 58 26 47 12 37 44 70 25 20 42 22 59 11 7 35 9 64 108 106 52 80 57 14 33 78 36 82 69 2 51 32 5 93 81 94 68 109 83 45 91 4 89 40 48 62 87 63 86 21 18 61 96 97 65 
0 19 31 77 90 23 79 55 107 24 29 27 85 75 54 92 46 17 8 9 35 7 11 59 22 42 20 25 70 44 37 45 83 109 68 94 81 93 67 1 6 13 105 60 102 104 3 95 30 41 88 38 43 71 28 66 53 50 72 73 76 34 4 89 40 48 62 87 63 86 21 18 61 96 97 47 26 58 56 49 5 32 51 2 69 82 36 78 33 14 57 80 52 106 108 64 84 103 100 39 101 74 99 10 15 98 16 91 12 65 
0 19 31 77 90 23 79 107 24 29 27 85 75 54 81 93 5 32 51 2 69 82 36 78 33 55 20 25 70 44 37 45 83 109 68 94 92 46 17 8 9 35 7 11 59 22 42 14 57 80 52 106 108 64 84 103 100 39 101 74 99 91 16 98 15 10 12 47 26 58 56 49 67 1 6 13 105 60 102 104 3 95 30 41 88 38 43 71 28 66 53 50 72 73 76 34 4 89 40 48 62 87 63 86 21 18 61 96 97 65 
0 19 31 77 74 99 15 98 16 91 12 47 26 58 90 23 79 55 107 24 29 27 85 75 54 92 46 17 8 9 35 7 11 59 22 42 20 25 70 44 37 45 83 109 68 94 81 93 5 32 51 2 69 82 36 78 33 14 57 80 52 106 108 64 84 103 100 10 39 101 56 49 67 1 6 13 105 60 102 104 3 95 30 41 88 38 43 71 28 66 53 50 72 73 76 34 4 89 40 48 62 87 63 86 21 18 61 96 97 65 
0 19 31 77 90 23 79 55 107 24 29 27 85 75 54 92 46 17 108 9 35 7 11 59 22 42 20 25 70 44 37 45 83 109 68 94 81 93 5 32 51 2 69 82 36 78 33 14 57 80 52 106 8 64 84 103 100 39 101 74 99 10 15 98 16 91 12 47 26 58 56 49 67 1 6 13 105 60 102 104 3 95 30 41 88 38 43 71 28 66 53 50 72 73 76 34 4 89 40 48 62 87 63 86 21 18 61 96 97 65 
0 19 31 77 90 23 79 55 107 24 29 27 85 28 54 92 46 17 8 9 35 7 11 59 22 42 20 25 70 44 37 45 83 109 68 94 81 93 5 32 51 2 69 82 36 78 33 14 57 80 52 106 108 64 84 103 100 39 101 74 75 99 10 15 98 16 91 12 47 26 58 56 49 67 1 6 13 105 60 102 104 3 95 30 41 88 38 43 71 66 53 50 72 73 76 34 4 89 40 48 62 87 63 86 21 18 61 96 97 65 
0 19 31 77 90 23 79 55 107 24 29 27 85 75 54 92 46 17 8 9 35 108 106 52 80 57 14 86 78 36 82 69 2 51 32 5 93 81 94 68 109 83 45 37 44 70 25 20 42 22 59 11 7 64 84 103 100 39 101 74 99 10 15 98 16 91 12 47 26 58 56 49 67 33 1 6 13 105 60 102 104 3 95 30 41 88 38 43 71 28 66 53 50 72 73 76 34 4 89 40 48 62 87 63 21 18 61 96 97 65 
0 19 31 77 90 23 79 55 107 24 29 27 85 75 12 47 26 58 56 49 67 1 6 13 105 60 102 104 3 95 30 41 88 38 43 71 28 66 53 50 72 73 76 34 4 89 40 48 62 87 63 86 21 18 61 103 100 39 101 74 99 10 15 98 16 91 54 92 46 17 8 9 35 7 11 59 22 42 20 25 70 44 37 45 83 109 68 94 81 93 5 32 51 2 69 82 36 78 33 14 57 80 52 106 108 64 84 96 97 65 
0 19 31 77 90 23 79 55 107 24 29 27 85 75 54 92 46 17 8 9 35 7 11 59 22 42 20 25 70 37 45 83 109 68 94 81 93 5 32 65 51 2 69 82 36 78 33 14 91 80 52 106 108 64 84 103 100 39 101 74 99 10 15 98 16 57 12 47 26 58 56 49 67 1 6 13 105 60 102 44 104 3 95 30 41 88 38 71 28 66 53 43 50 72 73 76 34 4 89 40 48 62 87 63 86 21 18 61 96 97 
0 19 31 77 90 23 79 55 107 24 29 27 85 75 54 92 46 17 8 9 35 7 11 59 22 42 20 25 70 44 37 45 83 109 68 94 81 93 5 32 51 2 69 82 36 78 33 14 57 80 52 106 108 64 84 103 100 39 101 74 99 10 18 98 16 91 12 47 26 58 56 49 67 1 6 13 105 60 102 104 3 95 30 41 88 38 43 71 28 66 53 50 72 73 76 34 4 89 40 48 62 87 63 86 21 15 61 96 97 65 
0 19 31 77 90 23 79 11 107 24 29 27 85 75 26 47 12 91 16 98 15 10 99 74 101 39 100 103 84 64 108 106 52 80 57 14 33 78 36 82 69 2 51 32 5 93 81 94 68 109 83 45 37 44 70 25 20 42 22 59 55 7 35 9 8 17 46 92 54 58 56 49 67 1 6 13 105 60 102 104 3 95 30 41 88 38 43 71 28 66 53 50 72 73 76 34 4 89 40 48 62 87 63 86 21 18 61 96 97 65 
0 19 31 77 90 23 79 55 107 24 29 40 89 4 34 76 108 72 50 53 66 28 71 43 88 41 30 95 3 104 102 60 105 13 6 1 67 49 56 58 26 47 12 91 16 98 15 10 99 74 101 39 100 103 84 64 73 106 52 80 57 14 33 78 36 82 69 2 51 32 5 38 93 81 94 68 109 83 45 37 44 70 25 20 42 22 59 11 7 35 9 8 17 46 92 54 75 85 27 48 62 87 63 86 21 18 61 96 97 65 
0 19 31 77 90 23 79 55 107 24 29 27 85 75 54 92 17 8 9 35 7 11 59 22 42 20 25 70 44 37 45 83 109 68 94 81 93 5 32 51 2 69 82 36 78 33 14 57 80 15 106 108 64 84 103 100 39 101 74 99 49 56 58 26 47 12 91 16 98 52 10 67 1 6 13 105 60 102 104 3 95 30 41 88 38 43 71 50 53 46 66 28 72 73 76 34 4 89 40 48 62 87 63 86 21 18 61 96 97 65 
0 19 31 77 90 23 79 55 24 29 27 85 75 54 92 46 17 8 9 35 7 11 59 22 107 42 20 25 70 44 37 45 83 109 68 94 81 93 5 32 57 2 69 82 36 78 33 14 51 80 52 106 108 64 84 103 39 101 74 99 10 15 98 16 91 12 47 26 38 43 71 28 66 53 50 72 4 76 100 58 56 49 67 1 6 13 105 60 102 104 3 95 30 41 88 73 34 89 40 48 62 87 63 86 21 18 61 96 97 65 
0 19 31 77 90 23 79 55 107 24 29 27 85 75 54 92 46 17 8 9 35 7 11 59 22 42 20 25 70 44 37 45 83 109 68 94 81 93 5 32 51 58 56 49 67 1 6 89 105 60 102 104 3 95 30 41 88 38 43 71 28 66 53 50 72 73 76 47 26 2 69 82 36 78 33 14 57 80 52 106 108 64 84 103 100 39 101 74 99 10 15 98 16 91 12 34 4 13 40 48 62 87 63 86 21 18 61 96 97 65 
0 19 31 77 90 23 79 55 107 103 29 27 85 75 54 92 46 17 8 9 35 7 11 59 22 42 20 25 70 44 37 45 83 109 68 94 81 93 5 32 51 2 69 82 36 78 33 14 57 80 52 106 108 64 84 24 100 39 101 74 99 10 15 98 16 91 12 47 26 58 56 49 67 1 6 13 105 60 102 104 3 95 30 41 88 38 43 71 28 66 53 50 72 73 76 34 4 89 40 48 62 87 63 86 21 18 61 96 97 65 
0 19 31 77 90 23 79 55 107 24 29 27 85 75 54 92 46 17 8 9 35 7 11 59 22 42 20 25 70 44 37 45 83 109 30 94 81 93 5 32 51 2 69 82 36 78 33 6 57 80 52 106 108 64 84 103 100 39 101 74 99 10 15 98 16 91 12 47 26 58 56 49 67 1 14 13 105 60 102 104 3 95 68 41 88 38 43 71 28 66 53 50 72 73 76 34 4 89 40 48 62 87 63 86 21 18 61 96 97 65 
0 19 31 77 90 23 79 55 107 24 29 27 85 75 54 92 46 98 16 91 12 47 26 58 56 49 67 1 6 13 105 60 102 104 3 95 30 41 88 38 43 71 28 66 53 50 72 73 76 34 4 89 40 48 62 87 63 86 21 18 61 96 15 17 8 9 35 7 11 59 22 42 20 25 70 44 37 45 83 109 68 94 81 93 5 32 51 2 69 82 36 78 33 14 57 80 52 106 108 64 84 103 100 39 101 74 99 10 97 65 
0 19 31 77 53 66 28 71 43 38 88 41 30 95 3 104 102 60 105 13 6 1 67 49 109 83 45 37 44 70 25 20 42 22 59 11 7 35 9 8 17 46 92 54 75 85 27 29 24 107 55 79 23 90 50 72 73 76 34 4 89 40 48 62 87 63 86 21 18 61 96 68 94 81 93 5 32 51 2 69 82 36 78 33 14 57 80 52 106 108 64 84 103 100 39 101 74 99 10 15 98 16 91 12 47 26 58 56 97 65 
0 19 31 77 90 23 79 55 107 24 29 27 85 75 100 92 46 17 8 9 35 7 11 59 22 42 20 25 70 44 37 84 64 108 106 52 80 57 14 33 78 36 82 69 2 51 32 5 93 81 94 68 109 83 45 103 54 39 101 74 99 10 15 98 16 91 12 47 26 58 56 49 67 1 6 13 105 60 102 104 3 95 30 41 88 38 43 71 28 66 53 50 72 73 76 34 4 89 40 48 62 87 63 86 21 18 61 96 97 65 
0 19 31 77 90 23 79 55 107 24 29 27 85 75 54 92 46 17 8 9 35 7 11 59 22 42 20 25 70 44 37 45 83 109 68 94 81 93 5 32 51 2 69 82 36 78 33 14 57 80 52 106 108 64 84 103 100 39 101 74 99 10 15 98 16 91 12 47 26 58 56 49 67 1 6 13 105 60 102 104 3 95 30 41 88 38 43 65 28 66 53 50 72 73 76 34 4 89 40 48 62 87 63 86 21 18 61 96 97 71 
0 19 31 77 90 23 79 55 10 15 98 16 91 12 47 26 58 56 49 67 1 6 13 105 60 102 104 3 95 30 41 88 38 43 71 28 66 53 50 72 73 76 34 4 89 40 48 62 87 63 86 21 18 61 96 97 100 39 101 74 99 107 24 29 27 85 75 54 92 46 17 8 9 35 7 11 59 22 42 20 25 70 44 37 45 83 109 68 94 81 93 5 32 51 2 69 82 36 78 33 14 57 80 52 106 108 64 84 103 65 
0 19 31 77 90 23 79 55 107 24 29 27 85 75 52 92 46 17 8 9 35 7 11 59 22 42 20 25 70 44 37 45 83 109 68 94 81 93 5 32 51 2 69 82 108 106 54 80 57 14 33 78 36 64 84 103 100 39 101 74 99 10 15 98 16 91 12 47 26 58 56 49 67 1 6 13 105 60 102 104 3 95 30 41 88 38 43 71 28 66 53 50 72 73 76 34 4 89 40 48 62 87 63 86 21 18 61 96 97 65 
0 19 31 77 90 23 79 55 107 24 29 27 85 75 54 92 46 17 38 88 41 30 95 3 104 102 60 105 13 6 1 67 49 56 58 26 47 22 12 91 16 98 15 64 99 74 101 39 100 103 84 10 108 106 52 80 57 14 33 78 36 82 69 2 51 32 5 93 81 94 68 109 83 45 37 44 70 25 20 42 59 11 7 35 9 8 43 71 28 66 53 50 72 73 76 34 4 89 40 48 62 87 63 86 21 18 61 96 97 65 
0 19 31 77 90 23 79 55 107 24 29 27 85 75 54 92 46 17 8 9 35 7 11 59 22 42 20 25 44 37 45 83 109 68 94 81 93 5 32 51 2 69 82 36 78 33 14 57 80 52 106 108 64 84 103 100 39 101 74 99 10 43 98 16 91 12 47 26 58 56 49 67 1 6 13 105 60 102 104 3 95 30 41 15 63 88 38 71 28 66 53 50 72 73 76 34 4 89 40 48 62 87 86 21 70 18 61 96 97 65 
0 19 31 77 90 23 79 55 107 24 29 27 67 75 54 92 46 17 8 9 35 7 11 59 22 42 20 25 70 44 37 45 83 109 68 94 81 93 5 32 51 2 69 82 36 78 33 14 57 80 52 106 108 64 84 103 100 39 101 74 99 10 15 98 16 91 12 47 26 58 56 49 85 1 6 13 105 60 102 104 3 95 30 41 88 38 43 71 28 66 53 50 72 73 76 34 4 89 40 48 62 87 63 86 21 18 61 96 97 65 
0 19 31 77 90 23 79 55 107 24 29 27 85 75 54 92 46 17 8 9 35 7 11 59 22 42 20 25 70 44 37 45 83 109 68 94 81 93 5 10 51 2 69 82 36 78 33 14 57 80 52 106 108 64 84 103 100 39 101 74 99 32 15 98 16 91 12 47 26 58 56 49 67 1 6 13 65 97 96 61 18 21 86 63 87 62 48 40 89 4 34 76 73 72 50 53 66 28 71 43 38 88 41 30 95 3 104 102 60 105 
0 19 31 77 64 84 103 100 39 101 74 99 10 15 98 16 91 12 47 26 58 56 49 67 1 6 13 105 60 102 104 3 95 30 41 88 38 57 71 28 66 53 50 72 73 76 34 4 89 40 48 62 108 90 23 79 55 107 24 29 27 85 75 54 92 46 17 8 9 35 7 11 59 22 42 20 25 70 44 37 45 83 109 68 94 81 93 5 32 51 2 69 82 36 78 33 14 43 80 52 106 87 63 86 21 18 61 96 97 65 
0 19 31 77 90 23 79 55 107 24 29 27 85 75 54 92 46 8 9 35 7 11 59 22 42 6 25 70 44 37 45 83 109 68 94 81 93 5 32 51 2 69 82 36 78 33 14 57 80 52 106 108 64 84 103 100 39 101 74 99 10 15 98 16 91 12 47 26 58 56 17 20 49 67 1 13 105 60 102 104 3 95 30 41 88 38 43 71 28 66 53 50 72 73 76 34 4 89 40 48 62 87 63 86 21 18 61 96 97 65 
0 19 31 77 90 23 79 55 107 24 29 27 85 75 54 92 46 17 8 9 35 95 11 59 22 42 20 25 70 44 37 45 83 109 68 94 81 93 5 32 51 2 69 82 36 78 33 14 57 80 52 106 108 64 84 103 100 39 101 74 99 10 15 98 16 91 12 47 26 58 56 49 67 1 6 13 105 60 102 104 3 7 30 41 88 38 43 71 28 66 53 50 72 73 76 34 4 89 40 48 62 87 63 86 21 18 61 96 97 65 
0 19 31 84 103 100 39 101 74 99 10 15 98 16 91 12 47 26 58 56 49 67 1 14 13 105 60 102 104 3 95 30 41 88 38 43 71 28 66 53 50 72 73 76 34 4 89 40 48 62 52 106 108 64 77 90 23 79 55 107 24 29 27 85 75 54 92 46 17 8 9 35 7 11 59 22 42 20 25 70 44 37 45 83 109 68 94 81 93 5 32 51 2 69 82 36 78 33 6 57 80 87 63 86 21 18 61 96 97 65 
0 19 31 77 90 50 79 55 107 24 29 27 85 75 54 92 46 17 8 9 35 7 11 59 22 42 20 25 70 44 37 45 83 109 68 94 81 93 5 32 51 2 69 82 36 78 33 14 57 80 106 108 64 84 103 100 39 101 74 99 10 15 98 52 16 91 12 47 26 58 38 49 67 1 6 13 105 60 102 104 3 95 30 41 88 56 43 71 28 66 53 23 72 73 76 34 4 89 40 48 62 87 63 86 21 18 61 96 97 65 
0 19 31 77 90 23 79 98 107 24 29 27 85 75 54 92 46 17 8 9 35 7 11 59 22 42 20 25 70 44 37 45 83 109 68 94 81 93 5 32 51 2 69 82 36 78 33 14 57 80 52 106 108 64 84 103 100 39 101 74 99 10 15 55 16 91 12 47 26 58 56 49 67 1 6 13 105 60 102 104 3 95 30 41 88 38 43 71 28 66 53 50 72 73 76 34 4 89 40 48 62 87 63 86 21 18 61 96 97 65 
0 19 31 77 90 23 37 44 70 25 20 42 22 59 11 32 78 33 14 57 80 52 83 108 64 84 103 100 39 101 79 55 107 24 29 27 85 75 54 46 92 17 8 9 35 7 45 106 109 68 94 81 93 5 51 2 69 82 36 74 99 10 15 98 16 91 12 47 58 56 49 67 1 6 13 105 60 102 104 3 95 26 30 41 88 38 43 71 28 66 53 50 72 73 76 34 4 89 40 48 62 87 63 86 21 18 61 96 97 65 
0 19 31 77 90 23 79 55 107 24 29 27 6 13 105 60 102 104 3 95 30 41 88 38 43 71 28 66 53 50 72 73 34 4 89 40 48 62 87 76 63 86 21 18 61 96 97 14 57 80 52 106 108 64 84 103 100 39 101 74 99 10 15 98 16 91 12 47 26 58 56 49 67 1 85 75 54 92 46 17 8 9 35 7 11 59 22 42 20 25 70 44 37 45 83 109 68 94 81 93 5 32 51 2 69 82 36 78 33 65 
0 19 31 77 90 23 79 55 107 24 29 27 85 75 54 92 46 17 8 9 35 7 11 59 22 42 20 25 70 100 103 84 64 108 106 52 80 57 14 33 78 36 15 69 2 51 32 5 93 81 94 68 109 45 37 44 97 96 61 18 21 86 63 87 62 48 40 89 4 34 76 73 72 50 53 66 28 71 43 38 88 41 30 95 3 104 102 60 105 13 6 1 67 49 56 58 39 101 74 99 10 82 98 83 16 91 12 47 26 65 
0 19 77 90 23 79 55 107 24 29 31 27 85 75 57 14 33 78 36 82 69 2 51 5 93 81 94 68 109 21 45 37 44 70 25 20 42 22 59 11 7 35 9 8 17 46 92 54 80 52 106 108 64 84 103 100 39 101 74 99 10 15 98 16 91 12 47 26 58 56 49 67 1 6 13 105 60 102 104 3 95 30 41 88 38 43 71 28 66 53 50 72 73 76 34 4 89 40 48 62 87 63 86 83 32 18 61 96 97 65 
0 19 30 77 90 23 79 55 107 24 29 27 85 75 54 92 46 17 8 9 35 7 11 59 22 42 20 25 70 44 37 45 83 109 68 94 81 93 5 32 51 2 69 82 36 78 33 14 57 80 52 106 108 64 84 103 100 39 101 74 99 10 15 98 16 91 12 47 26 58 56 49 67 1 6 13 105 60 102 104 3 95 31 41 88 38 43 71 28 66 53 50 72 73 76 34 4 89 40 48 62 87 63 86 21 18 61 96 97 65 
0 19 31 77 90 23 79 55 107 24 29 27 74 54 92 46 17 8 9 35 7 11 59 22 42 20 25 70 44 37 45 83 109 68 94 81 93 5 32 51 2 69 82 36 78 33 14 57 80 52 106 108 64 84 103 100 39 101 75 99 10 15 98 16 91 12 47 26 58 56 49 67 1 6 13 105 60 102 104 3 95 30 41 88 38 43 71 85 28 66 53 50 72 73 76 34 4 89 40 48 62 87 63 86 21 18 61 96 97 65 
0 19 31 77 90 23 79 55 107 74 99 10 15 98 16 91 12 47 30 95 3 104 102 60 105 13 6 1 67 49 56 58 26 41 88 38 43 71 28 66 53 50 63 72 73 76 34 4 89 40 48 62 87 86 21 18 61 96 101 24 29 27 85 75 54 92 46 17 8 9 35 7 11 59 22 42 20 25 70 44 37 45 83 109 68 94 81 93 5 32 51 2 69 82 36 78 33 14 57 80 52 106 108 64 84 103 100 39 97 65 
0 105 31 77 90 23 79 55 107 24 29 27 85 75 54 92 46 17 8 9 35 7 11 59 22 42 20 25 70 44 37 45 83 109 68 94 81 93 5 32 51 2 69 82 36 78 33 14 57 80 52 106 108 64 84 103 100 39 101 74 99 10 15 98 16 91 12 47 26 58 56 49 67 1 6 13 19 60 102 104 3 95 30 41 88 38 43 71 28 66 53 50 72 73 76 34 4 89 40 48 62 87 63 86 21 18 61 96 97 65 
0 19 31 77 12 23 79 55 107 24 29 27 85 75 54 92 46 17 8 9 35 7 11 59 22 42 20 25 70 44 37 45 83 109 68 94 81 93 5 32 51 2 69 82 36 78 33 14 57 80 52 106 108 64 84 103 100 39 101 74 99 10 15 98 16 91 90 47 26 58 56 49 67 1 6 13 105 60 102 104 3 95 30 41 88 38 43 71 28 66 53 50 72 73 76 34 4 89 40 48 62 87 63 86 21 18 61 96 97 65 
0 19 31 77 90 23 79 55 107 24 29 27 85 75 54 92 46 8 9 35 86 11 59 22 42 20 25 70 44 37 45 83 109 68 94 81 93 5 32 51 2 69 82 36 78 33 14 17 57 80 52 106 108 64 84 103 100 39 101 74 99 10 15 98 16 91 12 47 26 58 56 49 67 1 6 13 105 60 102 104 3 95 30 41 88 38 43 71 28 66 53 50 72 73 76 34 4 89 40 48 62 87 63 7 21 18 61 96 97 65 
0 19 31 77 90 23 13 55 107 24 29 27 85 75 54 92 46 17 8 9 35 7 11 59 22 42 20 25 70 44 37 45 83 109 68 94 81 93 5 32 51 2 69 82 36 78 33 14 57 80 52 106 108 64 84 103 100 39 101 74 99 10 15 98 16 91 12 47 26 58 56 49 67 1 6 79 105 60 102 104 3 95 30 41 88 38 71 43 28 66 53 50 72 73 76 34 4 89 40 48 62 87 63 86 21 18 61 96 97 65 
0 19 31 77 90 23 79 55 107 24 29 27 85 75 54 92 46 17 39 9 35 7 11 59 22 42 20 25 70 44 37 45 83 109 68 94 81 1 6 13 105 60 102 104 3 95 30 41 88 38 43 71 28 66 53 50 72 73 76 34 4 89 40 48 62 87 63 47 26 58 56 49 67 93 5 32 51 2 69 82 36 78 33 14 57 80 52 106 108 64 84 103 100 8 101 74 99 10 15 98 16 91 12 86 21 18 61 96 97 65 
0 19 31 77 90 23 41 88 38 43 71 28 66 53 50 72 73 101 74 99 10 15 98 16 91 12 47 26 58 76 34 4 89 40 94 81 93 5 32 51 2 69 82 36 78 33 14 57 80 52 106 108 64 84 103 100 39 56 49 67 1 6 13 105 60 102 104 3 95 30 79 55 107 24 29 27 85 75 54 92 46 17 8 9 35 7 11 59 22 42 20 70 44 37 45 83 109 68 48 62 87 63 86 21 25 18 61 96 97 65 
0 19 31 77 91 12 47 26 58 56 49 67 1 6 13 105 60 102 104 3 95 30 41 84 38 43 71 28 66 53 50 72 73 76 34 4 89 40 48 62 87 63 86 21 18 61 33 14 57 80 52 106 108 64 88 103 100 39 101 74 99 10 15 98 16 90 23 79 55 107 24 29 27 85 75 54 92 46 17 8 9 35 7 11 59 22 42 20 25 70 44 37 45 83 109 68 94 81 93 5 32 51 2 69 82 36 78 96 97 65 
0 19 31 103 90 23 79 55 107 24 29 27 85 75 54 92 46 17 8 9 35 7 11 59 22 42 20 25 70 44 37 45 83 109 68 94 81 93 5 32 51 2 69 82 36 78 33 14 57 80 52 106 108 64 84 77 100 39 101 74 99 10 15 104 16 91 12 47 26 58 56 49 98 43 38 88 41 30 95 3 72 102 60 105 13 6 1 67 71 28 66 53 50 73 76 34 4 89 40 48 62 87 63 86 21 18 61 96 97 65 
0 19 31 77 90 23 79 55 24 29 27 85 75 54 92 46 17 8 9 35 7 11 59 22 107 42 20 25 70 44 37 45 83 109 68 94 12 93 5 32 57 2 69 82 36 78 33 14 51 80 52 106 108 64 84 103 39 101 74 99 10 15 98 16 91 81 47 26 38 43 71 28 66 53 50 72 4 76 100 58 56 49 67 1 6 13 105 60 102 104 3 95 30 41 88 73 34 89 40 48 62 87 63 86 21 18 61 96 97 65 
0 19 31 77 90 23 79 55 40 89 4 34 76 108 107 24 29 27 85 75 54 92 46 17 8 9 35 7 11 59 22 42 20 25 58 44 37 45 83 109 68 94 81 93 5 32 51 2 69 82 36 78 33 14 57 80 52 106 64 84 103 100 39 101 74 99 10 15 98 16 91 12 47 26 70 56 49 67 1 6 13 105 60 102 104 3 95 50 72 73 48 62 71 28 66 53 30 41 88 38 43 87 63 86 21 18 61 96 97 65 
0 19 31 77 90 52 80 57 14 33 78 36 82 69 2 51 32 5 93 81 94 68 109 83 45 37 44 70 25 20 42 22 59 11 7 35 9 8 17 46 92 41 75 85 27 29 24 107 55 79 23 106 108 64 84 103 100 39 101 74 99 10 15 98 16 91 12 47 26 58 56 49 67 1 6 13 105 60 102 104 3 95 30 54 88 38 43 71 28 66 53 50 72 73 76 34 4 89 40 48 62 87 63 86 21 18 61 96 97 65 
0 15 10 99 74 101 39 100 103 84 64 108 106 52 80 57 14 33 78 36 82 69 2 51 32 5 93 81 94 109 83 45 37 44 70 25 20 42 22 59 11 7 35 9 8 17 46 92 54 28 85 27 29 24 107 55 79 23 90 77 31 19 98 16 91 12 47 68 26 58 56 49 67 1 6 13 105 60 102 104 3 95 30 41 88 38 43 71 75 66 53 50 72 73 76 34 4 89 40 48 62 87 63 86 21 18 61 96 97 65 
0 19 31 75 85 27 29 24 107 55 101 23 90 77 54 92 46 17 8 9 35 7 11 59 22 42 20 25 70 44 37 45 83 109 68 94 81 93 5 32 51 2 69 82 36 78 33 14 57 80 52 106 108 64 84 103 100 79 74 99 10 15 98 16 91 12 47 26 58 56 49 67 1 6 102 105 60 13 104 3 95 30 41 88 38 43 71 28 39 66 53 50 72 73 76 34 4 40 48 62 87 63 86 89 21 18 61 96 97 65 
0 19 31 77 90 23 99 10 15 98 16 61 18 36 82 69 2 51 32 5 93 81 94 68 109 83 45 37 44 70 25 20 42 22 59 11 7 35 9 8 17 46 92 54 75 85 27 29 24 107 55 64 108 106 52 80 57 79 74 101 39 100 103 84 14 33 78 21 86 63 87 62 48 40 89 4 34 76 73 72 50 53 66 28 71 43 38 88 41 30 95 3 104 102 60 91 12 47 26 58 56 49 67 1 6 13 105 96 97 65 
0 19 31 77 90 23 79 55 107 24 29 27 85 75 54 46 17 8 9 12 47 26 92 58 56 49 93 1 6 13 105 60 102 104 3 95 30 41 88 38 43 71 28 66 53 50 72 73 76 34 4 89 40 48 62 87 63 86 21 18 61 35 7 11 59 22 42 20 25 70 44 37 45 83 109 68 94 81 67 5 32 51 2 69 82 36 78 33 14 57 80 52 106 108 64 84 103 100 39 101 74 99 10 15 98 16 91 96 97 65 
0 19 31 77 90 23 26 47 12 91 81 94 68 109 83 45 37 44 25 20 42 22 59 11 7 35 9 8 17 46 92 54 75 85 27 29 24 107 55 79 58 69 82 36 78 33 14 57 80 52 106 108 64 84 103 100 39 101 74 99 10 15 98 16 93 5 32 51 62 56 49 67 1 6 13 105 60 102 104 3 95 30 41 88 38 43 71 28 66 2 53 50 72 73 76 34 4 89 40 48 87 63 86 21 70 18 61 96 97 65 
0 19 31 77 90 23 79 55 107 24 29 27 85 12 92 46 17 8 9 35 7 11 62 48 40 89 4 34 76 73 72 50 53 54 66 28 71 43 38 88 41 30 95 3 104 102 60 105 13 6 1 67 49 56 58 26 47 75 91 16 98 15 10 99 74 101 39 100 103 84 64 108 106 52 80 57 14 33 59 22 42 20 25 70 44 37 45 83 109 68 94 81 93 5 32 51 2 69 82 36 78 87 63 86 21 18 61 96 97 65 
0 19 64 108 31 77 90 1 6 13 105 24 29 27 85 75 54 92 46 17 8 23 79 55 107 35 7 11 59 22 42 20 25 70 44 37 45 83 109 68 94 81 93 5 32 51 2 69 82 36 78 33 14 57 80 52 106 84 103 100 39 101 74 99 10 15 98 16 91 12 9 47 26 58 56 49 67 60 102 104 3 95 30 41 88 38 43 71 28 66 53 50 72 73 76 34 4 89 40 48 62 87 63 86 21 18 61 96 97 65 
0 19 58 56 49 67 1 12 6 13 105 60 102 104 3 95 30 41 88 38 43 71 28 66 53 50 20 25 70 44 37 45 83 109 68 94 63 86 21 18 61 96 97 65 36 78 33 14 57 51 52 106 108 64 84 103 100 39 101 74 99 10 15 98 16 91 47 26 31 77 90 23 79 55 107 24 29 27 85 75 54 92 46 17 8 9 35 7 11 59 22 42 72 73 76 34 4 89 40 48 62 87 81 93 5 32 80 2 69 82 
0 19 108 90 84 103 100 39 101 74 99 10 15 98 16 91 12 47 51 32 5 93 81 94 68 109 83 45 37 44 70 25 20 42 22 59 11 7 35 9 8 17 46 92 54 75 85 27 29 24 107 55 79 23 64 77 31 106 52 80 40 89 4 34 76 73 72 50 53 66 28 71 43 38 88 41 30 95 3 104 102 60 105 13 6 1 67 49 56 58 26 2 69 82 36 78 33 14 57 48 62 87 63 86 21 18 61 96 97 65 
0 19 31 77 90 23 79 55 107 24 29 27 85 75 54 92 46 3 8 9 35 7 11 59 22 42 20 25 70 44 37 45 83 109 68 94 81 67 1 6 13 105 60 102 104 17 95 30 41 88 38 43 71 28 66 53 50 72 73 76 34 4 89 40 48 62 87 47 26 58 56 49 93 5 32 51 2 69 82 36 78 33 14 57 10 52 106 108 64 84 103 100 39 101 74 99 80 15 98 16 91 12 63 86 21 18 61 96 97 65 
0 19 31 77 90 23 99 10 15 98 16 61 18 36 82 69 66 28 71 43 38 88 41 30 95 83 45 37 44 70 25 20 42 22 59 11 7 35 9 8 17 46 92 54 75 85 27 29 24 107 55 64 108 106 52 80 57 79 74 101 39 100 103 84 14 33 78 21 86 63 87 62 48 40 89 4 34 76 73 72 50 53 2 51 32 5 93 81 94 68 109 3 104 102 60 105 13 6 1 67 49 56 58 26 47 12 91 96 97 65 
0 19 31 77 90 88 79 55 107 106 52 80 57 14 33 78 36 82 69 2 51 32 66 93 81 94 68 109 83 45 37 44 70 25 75 20 42 22 59 11 7 35 9 8 17 46 92 54 30 85 27 29 24 108 64 84 103 100 39 101 74 99 10 15 98 16 91 12 47 26 58 56 49 67 1 6 13 105 60 102 104 3 95 41 23 38 5 43 71 28 53 50 72 73 76 34 4 89 40 48 62 87 63 86 21 18 61 96 97 65 
