0 65 97 96 61 18 21 86 63 87 62 48 40 89 4 34 76 73 72 50 14 57 80 66 53 43 71 28 49 67 38 1 6 88 41 30 95 3 13 105 60 104 102 56 58 26 47 12 91 16 52 106 108 98 15 10 101 39 100 74 99 103 64 84 33 78 36 82 69 2 51 32 5 93 81 94 68 109 83 45 37 44 70 25 42 22 59 11 20 35 7 85 75 9 8 17 46 92 54 27 29 24 107 55 79 23 90 77 31 19 
0 65 97 96 61 18 21 86 63 87 62 48 40 89 4 34 76 73 72 50 14 57 80 66 53 43 71 28 49 67 38 1 6 88 41 30 95 3 13 105 60 104 102 56 58 26 47 12 91 16 52 106 108 98 15 10 101 39 100 74 99 103 64 84 33 78 36 82 69 2 51 32 5 93 81 94 68 109 83 45 37 44 70 25 42 22 59 11 20 35 7 85 75 9 8 17 46 92 54 27 29 24 107 55 79 23 90 77 31 19 
0 65 97 96 61 18 21 86 63 87 62 48 40 89 4 34 76 73 72 50 14 57 80 66 53 43 71 28 49 67 38 1 6 88 41 30 95 3 13 105 60 104 102 56 58 26 47 12 91 16 52 106 108 98 15 10 101 39 100 74 99 103 64 84 33 78 36 82 69 2 51 32 5 93 81 94 68 109 83 45 37 44 70 25 42 22 59 11 20 35 7 85 75 9 8 17 46 92 54 27 29 24 107 55 79 23 90 77 31 19 
0 65 97 96 61 18 21 86 63 87 62 48 40 89 4 34 76 73 72 50 14 57 80 66 53 43 71 28 49 67 38 1 6 88 41 30 95 3 13 105 60 104 102 56 58 26 47 12 91 16 52 106 108 98 15 10 101 39 100 74 99 103 64 84 33 78 36 82 69 2 51 32 5 93 81 94 68 109 83 45 37 44 70 25 42 22 59 11 20 35 7 85 75 9 8 17 46 92 54 27 29 24 107 55 79 23 90 77 31 19 
0 65 97 96 61 18 21 86 63 87 62 48 40 89 4 34 76 73 72 50 14 57 80 66 53 43 71 28 49 67 38 1 6 88 41 30 95 3 13 105 60 104 102 56 58 26 47 12 91 16 52 106 108 98 15 10 101 39 100 74 99 103 64 84 33 78 36 82 69 2 51 32 5 93 81 94 68 109 83 45 37 44 70 25 42 22 59 11 20 35 7 85 75 9 8 17 46 92 54 27 29 24 107 55 79 23 90 77 31 19 
0 65 97 96 61 18 21 86 63 87 62 48 40 89 4 34 76 73 72 50 14 57 80 66 53 43 71 28 49 67 38 1 6 88 41 30 95 3 13 105 60 104 102 56 58 26 47 12 91 16 52 106 108 98 15 10 101 39 100 74 99 103 64 84 33 78 36 82 69 2 51 32 5 93 81 94 68 109 83 45 37 44 70 25 42 22 59 11 20 35 7 85 75 9 8 17 46 92 54 27 29 24 107 55 79 23 90 77 31 19 
0 65 97 96 61 18 21 86 63 87 62 48 40 89 4 34 76 73 72 50 14 57 80 66 53 43 71 28 49 67 38 1 6 88 41 30 95 3 13 105 60 104 102 56 58 26 47 12 91 16 52 106 108 98 15 10 101 39 100 74 99 103 64 84 33 78 36 82 69 2 51 32 5 93 81 94 68 109 83 45 37 44 70 25 42 22 59 11 20 35 7 85 75 9 8 17 46 92 54 27 29 24 107 55 79 23 90 77 31 19 
0 65 97 96 61 18 21 86 63 87 62 48 40 89 4 34 76 73 72 50 14 57 80 66 53 43 71 28 49 67 38 1 6 88 41 30 95 3 13 105 60 104 102 56 58 26 47 12 91 16 52 106 108 98 15 10 101 39 100 74 99 103 64 84 33 78 36 82 69 2 51 32 5 93 81 94 68 109 83 45 37 44 70 25 42 22 59 11 20 35 7 85 75 9 8 17 46 92 54 27 29 24 107 55 79 23 90 77 31 19 
0 65 97 96 61 18 21 86 63 87 62 48 40 89 4 34 76 73 72 50 14 57 80 66 53 43 71 28 49 67 38 1 6 88 41 30 95 3 13 105 60 104 102 56 58 26 47 12 91 16 52 106 108 98 15 10 101 39 100 74 99 103 64 84 33 78 36 82 69 2 51 32 5 93 81 94 68 109 83 45 37 44 70 25 42 22 59 11 20 35 7 85 75 9 8 17 46 92 54 27 29 24 107 55 79 23 90 77 31 19 
0 65 97 96 61 18 21 86 63 87 62 48 40 89 4 34 76 73 72 50 14 57 80 66 53 43 71 28 49 67 38 1 6 88 41 30 95 3 13 105 60 104 102 56 58 26 47 12 91 16 52 106 108 98 15 10 101 39 100 74 99 103 64 84 33 78 36 82 69 2 51 32 5 93 81 94 68 109 83 45 37 44 70 25 42 22 59 11 20 35 7 85 75 9 8 17 46 92 54 27 29 24 107 55 79 23 90 77 31 19 
0 65 97 96 61 18 21 86 63 87 62 48 40 89 4 34 76 73 72 50 14 57 80 66 53 43 71 28 49 67 38 1 6 88 41 30 95 3 13 105 60 104 102 56 58 26 47 12 91 16 52 106 108 98 15 10 101 39 100 74 99 103 64 84 33 78 36 82 69 2 51 32 5 93 81 94 68 109 83 45 37 44 70 25 42 22 59 11 20 35 7 85 75 9 8 17 46 92 54 27 29 24 107 55 79 23 90 77 31 19 
0 65 97 96 61 18 21 86 63 87 62 48 40 89 4 34 76 73 72 50 14 57 80 66 53 43 71 28 49 67 38 1 6 88 41 30 95 3 13 105 60 104 102 56 58 26 47 12 91 16 52 106 108 98 15 10 101 39 100 74 99 103 64 84 33 78 36 82 69 2 51 32 5 93 81 94 68 109 83 45 37 44 70 25 42 22 59 11 20 35 7 85 75 9 8 17 46 92 54 27 29 24 107 55 79 23 90 77 31 19 
0 65 97 96 61 18 21 86 63 87 62 48 40 89 4 34 76 73 72 50 14 57 80 66 53 43 71 28 49 67 38 1 6 88 41 30 95 3 13 105 60 104 102 56 58 26 47 12 91 16 52 106 108 98 15 10 101 39 100 74 99 103 64 84 33 78 36 82 69 2 51 32 5 93 81 94 68 109 83 45 37 44 70 25 42 22 59 11 20 35 7 85 75 9 8 17 46 92 54 27 29 24 107 55 79 23 90 77 31 19 
0 65 97 96 61 18 21 86 63 87 62 48 40 89 4 34 76 73 72 50 14 57 80 66 53 43 71 28 49 67 38 1 6 88 41 30 95 3 13 105 60 104 102 56 58 26 47 12 91 16 52 106 108 98 15 10 101 39 100 74 99 103 64 84 33 78 36 82 69 2 51 32 5 93 81 94 68 109 83 45 37 44 70 25 42 22 59 11 20 35 7 85 75 9 8 17 46 92 54 27 29 24 107 55 79 23 90 77 31 19 
0 65 97 96 61 18 21 86 63 87 62 48 40 89 4 34 76 73 72 50 14 57 80 66 53 43 71 28 49 67 38 1 6 88 41 30 95 3 13 105 60 104 102 56 58 26 47 12 91 16 52 106 108 98 15 10 101 39 100 74 99 103 64 84 33 78 36 82 69 2 51 32 5 93 81 94 68 109 83 45 37 44 70 25 42 22 59 11 20 35 7 85 75 9 8 17 46 92 54 27 29 24 107 55 79 23 90 77 31 19 
0 65 97 96 61 18 21 86 63 87 62 48 40 89 4 34 76 73 72 50 14 57 80 66 53 43 71 28 49 67 38 1 6 88 41 30 95 3 13 105 60 104 102 56 58 26 47 12 91 16 52 106 108 98 15 10 101 39 100 74 99 103 64 84 33 78 36 82 69 2 51 32 5 93 81 94 68 109 83 45 37 44 70 25 42 22 59 11 20 35 7 85 75 9 8 17 46 92 54 27 29 24 107 55 79 23 90 77 31 19 
0 65 97 96 61 18 21 86 63 87 62 48 40 89 4 34 76 73 72 50 14 57 80 66 53 43 71 28 49 67 38 1 6 88 41 30 95 3 13 105 60 104 102 56 58 26 47 12 91 16 52 106 108 98 15 10 101 39 100 74 99 103 64 84 33 78 36 82 69 2 51 32 5 93 81 94 68 109 83 45 37 44 70 25 42 22 59 11 20 35 7 85 75 9 8 17 46 92 54 27 29 24 107 55 79 23 90 77 31 19 
0 65 97 96 61 18 21 86 63 87 62 48 40 89 4 34 76 73 72 50 14 57 80 66 53 43 71 28 49 67 38 1 6 88 41 30 95 3 13 105 60 104 102 56 58 26 47 12 91 16 52 106 108 98 15 10 101 39 100 74 99 103 64 84 33 78 36 82 69 2 51 32 5 93 81 94 68 109 83 45 37 44 70 25 42 22 59 11 20 35 7 85 75 9 8 17 46 92 54 27 29 24 107 55 79 23 90 77 31 19 
0 65 97 96 61 18 21 86 63 87 62 48 40 89 4 34 76 73 72 50 14 57 80 66 53 43 71 28 49 67 38 1 6 88 41 30 95 3 13 105 60 104 102 56 58 26 47 12 91 16 52 106 108 98 15 10 101 39 100 74 99 103 64 84 33 78 36 82 69 2 51 32 5 93 81 94 68 109 83 45 37 44 70 25 42 22 59 11 20 35 7 85 75 9 8 17 46 92 54 27 29 24 107 55 79 23 90 77 31 19 
0 65 97 96 61 18 21 86 63 87 62 48 40 89 4 34 76 73 72 50 14 57 80 66 53 43 71 28 49 67 38 1 6 88 41 30 95 3 13 105 60 104 102 56 58 26 47 12 91 16 52 106 108 98 15 10 101 39 100 74 99 103 64 84 33 78 36 82 69 2 51 32 5 93 81 94 68 109 83 45 37 44 70 25 42 22 59 11 20 35 7 85 75 9 8 17 46 92 54 27 29 24 107 55 79 23 90 77 31 19 
0 65 97 96 61 18 21 86 63 87 62 48 40 89 4 34 76 73 72 50 14 57 80 66 53 43 71 28 49 67 38 1 6 88 41 30 95 3 13 105 60 104 102 56 58 26 47 12 91 16 52 106 108 98 15 10 101 39 100 74 99 103 64 84 33 78 36 82 69 2 51 32 5 93 81 94 68 109 83 45 37 44 70 25 42 22 59 11 20 35 7 85 75 9 8 17 46 92 54 27 29 24 107 55 79 23 90 77 31 19 
0 65 97 96 61 18 21 86 63 87 62 48 40 89 4 34 76 73 72 50 14 57 80 66 53 43 71 28 49 67 38 1 6 88 41 30 95 3 13 105 60 104 102 56 58 26 47 12 91 16 52 106 108 98 15 10 101 39 100 74 99 103 64 84 33 78 36 82 69 2 51 32 5 93 81 94 68 109 83 45 37 44 70 25 42 22 59 11 20 35 7 85 75 9 8 17 46 92 54 27 29 24 107 55 79 23 90 77 31 19 
0 65 97 96 61 18 21 86 63 87 62 48 40 89 4 34 76 73 72 50 14 57 80 66 53 43 71 28 49 67 38 1 6 88 41 30 95 3 13 105 60 104 102 56 58 26 47 12 91 16 52 106 108 98 15 10 101 39 100 74 99 103 64 84 33 78 36 82 69 2 51 32 5 93 81 94 68 109 83 45 37 44 70 25 42 22 59 11 20 35 7 85 75 9 8 17 46 92 54 27 29 24 107 55 79 23 90 77 31 19 
0 65 97 96 61 18 21 86 63 87 62 48 40 89 4 34 76 73 72 50 14 57 80 66 53 43 71 28 49 67 38 1 6 88 41 30 95 3 13 105 60 104 102 56 58 26 47 12 91 16 52 106 108 98 15 10 101 39 100 74 99 103 64 84 33 78 36 82 69 2 51 32 5 93 81 94 68 109 83 45 37 44 70 25 42 22 59 11 20 35 7 85 75 9 8 17 46 92 54 27 29 24 107 55 79 23 90 77 31 19 
0 65 97 96 61 18 21 86 63 87 62 48 40 89 4 34 76 73 72 50 14 57 80 66 53 43 71 28 49 67 38 1 6 88 41 30 95 3 13 105 60 104 102 56 58 26 47 12 91 16 52 106 108 98 15 10 101 39 100 74 99 103 64 84 33 78 36 82 69 2 51 32 5 93 81 94 68 109 83 45 37 44 70 25 42 22 59 11 20 35 7 85 75 9 8 17 46 92 54 27 29 24 107 55 79 23 90 77 31 19 
0 65 97 96 61 18 21 86 63 87 62 48 40 89 4 34 76 73 72 50 14 57 80 66 53 43 71 28 49 67 38 1 6 88 41 30 95 3 13 105 60 104 102 56 58 26 47 12 91 16 52 106 108 98 15 10 101 39 100 74 99 103 64 84 33 78 36 82 69 2 51 32 5 93 81 94 68 109 83 45 37 44 70 25 42 22 59 11 20 35 7 85 75 9 8 17 46 92 54 27 29 24 107 55 79 23 90 77 31 19 
0 65 97 96 61 18 21 86 63 87 62 48 40 89 4 34 76 73 72 50 14 57 80 66 53 43 71 28 49 67 38 1 6 88 41 30 95 3 13 105 60 104 102 56 58 26 47 12 91 16 52 106 108 98 15 10 101 39 100 74 99 103 64 84 33 78 36 82 69 2 51 32 5 93 81 94 68 109 83 45 37 44 70 25 42 22 59 11 20 35 7 85 75 9 8 17 46 92 54 27 29 24 107 55 79 23 90 77 31 19 
0 65 97 96 61 18 21 86 63 87 62 48 40 89 4 34 76 73 72 50 14 57 80 66 53 43 71 28 49 67 38 1 6 88 41 30 95 3 13 105 60 104 102 56 58 26 47 12 91 16 52 106 108 98 15 10 101 39 100 74 99 103 64 84 33 78 36 82 69 2 51 32 5 93 81 94 68 109 83 45 37 44 70 25 42 22 59 11 20 35 7 85 75 9 8 17 46 92 54 27 29 24 107 55 79 23 90 77 31 19 
0 65 97 96 61 18 21 86 63 87 62 48 40 89 4 34 76 73 72 50 14 57 80 66 53 43 71 28 49 67 38 1 6 88 41 30 95 3 13 105 60 104 102 56 58 26 47 12 91 16 52 106 108 98 15 10 101 39 100 74 99 103 64 84 33 78 36 82 69 2 51 32 5 93 81 94 68 109 83 45 37 44 70 25 42 22 59 11 20 35 7 85 75 9 8 17 46 92 54 27 29 24 107 55 79 23 90 77 31 19 
0 65 97 96 61 18 21 86 63 87 62 48 40 89 4 34 76 73 72 50 14 57 80 66 53 43 71 28 49 67 38 1 6 88 41 30 95 3 13 105 60 104 102 56 58 26 47 12 91 16 52 106 108 98 15 10 101 39 100 74 99 103 64 84 33 78 36 82 69 2 51 32 5 93 81 94 68 109 83 45 37 44 70 25 42 22 59 11 20 35 7 85 75 9 8 17 46 92 54 27 29 24 107 55 79 23 90 77 31 19 
0 65 97 96 61 18 21 86 63 87 62 48 40 89 4 34 76 73 72 50 14 57 80 66 53 43 71 28 49 67 38 1 6 88 41 30 95 3 13 105 60 104 102 56 58 26 47 12 91 16 52 106 108 98 15 10 101 39 100 74 99 103 64 84 33 78 36 82 69 2 51 32 5 93 81 94 68 109 83 45 37 44 70 25 42 22 59 11 20 35 7 85 75 9 8 17 46 92 54 27 29 24 107 55 79 23 90 77 31 19 
0 65 97 96 61 18 21 86 63 87 62 48 40 89 4 34 76 73 72 50 14 57 80 66 53 43 71 28 49 67 38 1 6 88 41 30 95 3 13 105 60 104 102 56 58 26 47 12 91 16 52 106 108 98 15 10 101 39 100 74 99 103 64 84 33 78 36 82 69 2 51 32 5 93 81 94 68 109 83 45 37 44 70 25 42 22 59 11 20 35 7 85 75 9 8 17 46 92 54 27 29 24 107 55 79 23 90 77 31 19 
0 65 97 96 61 18 21 86 63 87 62 48 40 89 4 34 76 73 72 50 14 57 80 66 53 43 71 28 49 67 38 1 6 88 41 30 95 3 13 105 60 104 102 56 58 26 47 12 91 16 52 106 108 98 15 10 101 39 100 74 99 103 64 84 33 78 36 82 69 2 51 32 5 93 81 94 68 109 83 45 37 44 70 25 42 22 59 11 20 35 7 85 75 9 8 17 46 92 54 27 29 24 107 55 79 23 90 77 31 19 
0 65 97 96 61 18 21 86 63 87 62 48 40 89 4 34 76 73 72 50 14 57 80 66 53 43 71 28 49 67 38 1 6 88 41 30 95 3 13 105 60 104 102 56 58 26 47 12 91 16 52 106 108 98 15 10 101 39 100 74 99 103 64 84 33 78 36 82 69 2 51 32 5 93 81 94 68 109 83 45 37 44 70 25 42 22 59 11 20 35 7 85 75 9 8 17 46 92 54 27 29 24 107 55 79 23 90 77 31 19 
0 65 97 96 61 18 21 86 63 87 62 48 40 89 4 34 76 73 72 50 14 57 80 66 53 43 71 28 49 67 38 1 6 88 41 30 95 3 13 105 60 104 102 56 58 26 47 12 91 16 52 106 108 98 15 10 101 39 100 74 99 103 64 84 33 78 36 82 69 2 51 32 5 93 81 94 68 109 83 45 37 44 70 25 42 22 59 11 20 35 7 85 75 9 8 17 46 92 54 27 29 24 107 55 79 23 90 77 31 19 
0 65 97 96 61 18 21 86 63 87 62 48 40 89 4 34 76 73 72 50 14 57 80 66 53 43 71 28 49 67 38 1 6 88 41 30 95 3 13 105 60 104 102 56 58 26 47 12 91 16 52 106 108 98 15 10 101 39 100 74 99 103 64 84 33 78 36 82 69 2 51 32 5 93 81 94 68 109 83 45 37 44 70 25 42 22 59 11 20 35 7 85 75 9 8 17 46 92 54 27 29 24 107 55 79 23 90 77 31 19 
0 65 97 96 61 18 21 86 63 87 62 48 40 89 4 34 76 73 72 50 14 57 80 66 53 43 71 28 49 67 38 1 6 88 41 30 95 3 13 105 60 104 102 56 58 26 47 12 91 16 52 106 108 98 15 10 101 39 100 74 99 103 64 84 33 78 36 82 69 2 51 32 5 93 81 94 68 109 83 45 37 44 70 25 42 22 59 11 20 35 7 85 75 9 8 17 46 92 54 27 29 24 107 55 79 23 90 77 31 19 
0 65 97 96 61 18 21 86 63 87 62 48 40 89 4 34 76 73 72 50 14 57 80 66 53 43 71 28 49 67 38 1 6 88 41 30 95 3 13 105 60 104 102 56 58 26 47 12 91 16 52 106 108 98 15 10 101 39 100 74 99 103 64 84 33 78 36 82 69 2 51 32 5 93 81 94 68 109 83 45 37 44 70 25 42 22 59 11 20 35 7 85 75 9 8 17 46 92 54 27 29 24 107 55 79 23 90 77 31 19 
0 65 97 96 61 18 21 86 63 87 62 48 40 89 4 34 76 73 72 50 14 57 80 66 53 43 71 28 49 67 38 1 6 88 41 30 95 3 13 105 60 104 102 56 58 26 47 12 91 16 52 106 108 98 15 10 101 39 100 74 99 103 64 84 33 78 36 82 69 2 51 32 5 93 81 94 68 109 83 45 37 44 70 25 42 22 59 11 20 35 7 85 75 9 8 17 46 92 54 27 29 24 107 55 79 23 90 77 31 19 
0 65 97 96 61 18 21 86 63 87 62 48 40 89 4 34 76 73 72 50 14 57 80 66 53 43 71 28 49 67 38 1 6 88 41 30 95 3 13 105 60 104 102 56 58 26 47 12 91 16 52 106 108 98 15 10 101 39 100 74 99 103 64 84 33 78 36 82 69 2 51 32 5 93 81 94 68 109 83 45 37 44 70 25 42 22 59 11 20 35 7 85 75 9 8 17 46 92 54 27 29 24 107 55 79 23 90 77 31 19 
0 65 97 96 61 18 21 86 63 87 62 48 40 89 4 34 76 73 72 50 14 57 80 66 53 43 71 28 49 67 38 1 6 88 41 30 95 3 13 105 60 104 102 56 58 26 47 12 91 16 52 106 108 98 15 10 101 39 100 74 99 103 64 84 33 78 36 82 69 2 51 32 5 93 81 94 68 109 83 45 37 44 70 25 42 22 59 11 20 35 7 85 75 9 8 17 46 92 54 27 29 24 107 55 79 23 90 77 31 19 
0 65 97 96 61 18 21 86 63 87 62 48 40 89 4 34 76 73 72 50 14 57 80 66 53 43 71 28 49 67 38 1 6 88 41 30 95 3 13 105 60 104 102 56 58 26 47 12 91 16 52 106 108 98 15 10 101 39 100 74 99 103 64 84 33 78 36 82 69 2 51 32 5 93 81 94 68 109 83 45 37 44 70 25 42 22 59 11 20 35 7 85 75 9 8 17 46 92 54 27 29 24 107 55 79 23 90 77 31 19 
0 65 97 96 61 18 21 86 63 87 62 48 40 89 4 34 76 73 72 50 14 57 80 66 53 43 71 28 49 67 38 1 6 88 41 30 95 3 13 105 60 104 102 56 58 26 47 12 91 16 52 106 108 98 15 10 101 39 100 74 99 103 64 84 33 78 36 82 69 2 51 32 5 93 81 94 68 109 83 45 37 44 70 25 42 22 59 11 20 35 7 85 75 9 8 17 46 92 54 27 29 24 107 55 79 23 90 77 31 19 
0 65 97 96 61 18 21 86 63 87 62 48 40 89 4 34 76 73 72 50 14 57 80 66 53 43 71 28 49 67 38 1 6 88 41 30 95 3 13 105 60 104 102 56 58 26 47 12 91 16 52 106 108 98 15 10 101 39 100 74 99 103 64 84 33 78 36 82 69 2 51 32 5 93 81 94 68 109 83 45 37 44 70 25 42 22 59 11 20 35 7 85 75 9 8 17 46 92 54 27 29 24 107 55 79 23 90 77 31 19 
0 65 97 96 61 18 21 86 63 87 62 48 40 89 4 34 76 73 72 50 14 57 80 66 53 43 71 28 49 67 38 1 6 88 41 30 95 3 13 105 60 104 102 56 58 26 47 12 91 16 52 106 108 98 15 10 101 39 100 74 99 103 64 84 33 78 36 82 69 2 51 32 5 93 81 94 68 109 83 45 37 44 70 25 42 22 59 11 20 35 7 85 75 9 8 17 46 92 54 27 29 24 107 55 79 23 90 77 31 19 
0 65 97 96 61 18 21 86 63 87 62 48 40 89 4 34 76 73 72 50 14 57 80 66 53 43 71 28 49 67 38 1 6 88 41 30 95 3 13 105 60 104 102 56 58 26 47 12 91 16 52 106 108 98 15 10 101 39 100 74 99 103 64 84 33 78 36 82 69 2 51 32 5 93 81 94 68 109 83 45 37 44 70 25 42 22 59 11 20 35 7 85 75 9 8 17 46 92 54 27 29 24 107 55 79 23 90 77 31 19 
0 65 97 96 61 18 21 86 63 87 62 48 40 89 4 34 76 73 72 50 14 57 80 66 53 43 71 28 49 67 38 1 6 88 41 30 95 3 13 105 60 104 102 56 58 26 47 12 91 16 52 106 108 98 15 10 101 39 100 74 99 103 64 84 33 78 36 82 69 2 51 32 5 93 81 94 68 109 83 45 37 44 70 25 42 22 59 11 20 35 7 85 75 9 8 17 46 92 54 27 29 24 107 55 79 23 90 77 31 19 
0 65 97 96 61 18 21 86 63 87 62 48 40 89 4 34 76 73 72 50 14 57 80 66 53 43 71 28 49 67 38 1 6 88 41 30 95 3 13 105 60 104 102 56 58 26 47 12 91 16 52 106 108 98 15 10 101 39 100 74 99 103 64 84 33 78 36 82 69 2 51 32 5 93 81 94 68 109 83 45 37 44 70 25 42 22 59 11 20 35 7 85 75 9 8 17 46 92 54 27 29 24 107 55 79 23 90 77 31 19 
0 65 97 96 61 18 21 86 63 87 62 48 40 89 4 34 76 73 72 50 14 57 80 66 53 43 71 28 49 67 38 1 6 88 41 30 95 3 13 105 60 104 102 56 58 26 47 12 91 16 52 106 108 98 15 10 101 39 100 74 99 103 64 84 33 78 36 82 69 2 51 32 5 93 81 94 68 109 83 45 37 44 70 25 42 22 59 11 20 35 7 85 75 9 8 17 46 92 54 27 29 24 107 55 79 23 90 77 31 19 
0 65 97 96 61 18 21 86 63 87 62 48 40 89 4 34 76 73 72 50 14 57 80 66 53 43 71 28 49 67 38 1 6 88 41 30 95 3 13 105 60 104 102 56 58 26 47 12 91 16 52 106 108 98 15 10 101 39 100 74 99 103 64 84 33 78 36 82 69 2 51 32 5 93 81 94 68 109 83 45 37 44 70 25 42 22 59 11 20 35 7 85 75 9 8 17 46 92 54 27 29 24 107 55 79 23 90 77 31 19 
0 65 97 96 61 18 21 86 63 87 62 48 40 89 4 34 76 73 72 50 14 57 80 66 53 43 71 28 49 67 38 1 6 88 41 30 95 3 13 105 60 104 102 56 58 26 47 12 91 16 52 106 108 98 15 10 101 39 100 74 99 103 64 84 33 78 36 82 69 2 51 32 5 93 81 94 68 109 83 45 37 44 70 25 42 22 59 11 20 35 7 85 75 9 8 17 46 92 54 27 29 24 107 55 79 23 90 77 31 19 
0 65 97 96 61 18 21 86 63 87 62 48 40 89 4 34 76 73 72 50 14 57 80 66 53 43 71 28 49 67 38 1 6 88 41 30 95 3 13 105 60 104 102 56 58 26 47 12 91 16 52 106 108 98 15 10 101 39 100 74 99 103 64 84 33 78 36 82 69 2 51 32 5 93 81 94 68 109 83 45 37 44 70 25 42 22 59 11 20 35 7 85 75 9 8 17 46 92 54 27 29 24 107 55 79 23 90 77 31 19 
0 65 97 96 61 18 21 86 63 87 62 48 40 89 4 34 76 73 72 50 14 57 80 66 53 43 71 28 49 67 38 1 6 88 41 30 95 3 13 105 60 104 102 56 58 26 47 12 91 16 52 106 108 98 15 10 101 39 100 74 99 103 64 84 33 78 36 82 69 2 51 32 5 93 81 94 68 109 83 45 37 44 70 25 42 22 59 11 20 35 7 85 75 9 8 17 46 92 54 27 29 24 107 55 79 23 90 77 31 19 
0 65 97 96 61 18 21 86 63 87 62 48 40 89 4 34 76 73 72 50 14 57 80 66 53 43 71 28 49 67 38 1 6 88 41 30 95 3 13 105 60 104 102 56 58 26 47 12 91 16 52 106 108 98 15 10 101 39 100 74 99 103 64 84 33 78 36 82 69 2 51 32 5 93 81 94 68 109 83 45 37 44 70 25 42 22 59 11 20 35 7 85 75 9 8 17 46 92 54 27 29 24 107 55 79 23 90 77 31 19 
0 65 97 96 61 18 21 86 63 87 62 48 40 89 4 34 76 73 72 50 14 57 80 66 53 43 71 28 49 67 38 1 6 88 41 30 95 3 13 105 60 104 102 56 58 26 47 12 91 16 52 106 108 98 15 10 101 39 100 74 99 103 64 84 33 78 36 82 69 2 51 32 5 93 81 94 68 109 83 45 37 44 70 25 42 22 59 11 20 35 7 85 75 9 8 17 46 92 54 27 29 24 107 55 79 23 90 77 31 19 
0 65 97 96 61 18 21 86 63 87 62 48 40 89 4 34 76 73 72 50 14 57 80 66 53 43 71 28 49 67 38 1 6 88 41 30 95 3 13 105 60 104 102 56 58 26 47 12 91 16 52 106 108 98 15 10 101 39 100 74 99 103 64 84 33 78 36 82 69 2 51 32 5 93 81 94 68 109 83 45 37 44 70 25 42 22 59 11 20 35 7 85 75 9 8 17 46 92 54 27 29 24 107 55 79 23 90 77 31 19 
0 65 97 96 61 18 21 86 63 87 62 48 40 89 4 34 76 73 72 50 14 57 80 66 53 43 71 28 49 67 38 1 6 88 41 30 95 3 13 105 60 104 102 56 58 26 47 12 91 16 52 106 108 98 15 10 101 39 100 74 99 103 64 84 33 78 36 82 69 2 51 32 5 93 81 94 68 109 83 45 37 44 70 25 42 22 59 11 20 35 7 85 75 9 8 17 46 92 54 27 29 24 107 55 79 23 90 77 31 19 
0 65 97 96 61 18 21 86 63 87 62 48 40 89 4 34 76 73 72 50 14 57 80 66 53 43 71 28 49 67 38 1 6 88 41 30 95 3 13 105 60 104 102 56 58 26 47 12 91 16 52 106 108 98 15 10 101 39 100 74 99 103 64 84 33 78 36 82 69 2 51 32 5 93 81 94 68 109 83 45 37 44 70 25 42 22 59 11 20 35 7 85 75 9 8 17 46 92 54 27 29 24 107 55 79 23 90 77 31 19 
0 65 97 96 61 18 21 86 63 87 62 48 40 89 4 34 76 73 72 50 14 57 80 66 53 43 71 28 49 67 38 1 6 88 41 30 95 3 13 105 60 104 102 56 58 26 47 12 91 16 52 106 108 98 15 10 101 39 100 74 99 103 64 84 33 78 36 82 69 2 51 32 5 93 81 94 68 109 83 45 37 44 70 25 42 22 59 11 20 35 7 85 75 9 8 17 46 92 54 27 29 24 107 55 79 23 90 77 31 19 
0 65 97 96 61 18 21 86 63 87 62 48 40 89 4 34 76 73 72 50 14 57 80 66 53 43 71 28 49 67 38 1 6 88 41 30 95 3 13 105 60 104 102 56 58 26 47 12 91 16 52 106 108 98 15 10 101 39 100 74 99 103 64 84 33 78 36 82 69 2 51 32 5 93 81 94 68 109 83 45 37 44 70 25 42 22 59 11 20 35 7 85 75 9 8 17 46 92 54 27 29 24 107 55 79 23 90 77 31 19 
0 65 97 96 61 18 21 86 63 87 62 48 40 89 4 34 76 73 72 50 14 57 80 66 53 43 71 28 49 67 38 1 6 88 41 30 95 3 13 105 60 104 102 56 58 26 47 12 91 16 52 106 108 98 15 10 101 39 100 74 99 103 64 84 33 78 36 82 69 2 51 32 5 93 81 94 68 109 83 45 37 44 70 25 42 22 59 11 20 35 7 85 75 9 8 17 46 92 54 27 29 24 107 55 79 23 90 77 31 19 
0 65 97 96 61 18 21 86 63 87 62 48 40 89 4 34 76 73 72 50 14 57 80 66 53 43 71 28 49 67 38 1 6 88 41 30 95 3 13 105 60 104 102 56 58 26 47 12 91 16 52 106 108 98 15 10 101 39 100 74 99 103 64 84 33 78 36 82 69 2 51 32 5 93 81 94 68 109 83 45 37 44 70 25 42 22 59 11 20 35 7 85 75 9 8 17 46 92 54 27 29 24 107 55 79 23 90 77 31 19 
0 65 97 96 61 18 21 86 63 87 62 48 40 89 4 34 76 73 72 50 14 57 80 66 53 43 71 28 49 67 38 1 6 88 41 30 95 3 13 105 60 104 102 56 58 26 47 12 91 16 52 106 108 98 15 10 101 39 100 74 99 103 64 84 33 78 36 82 69 2 51 32 5 93 81 94 68 109 83 45 37 44 70 25 42 22 59 11 20 35 7 85 75 9 8 17 46 92 54 27 29 24 107 55 79 23 90 77 31 19 
0 65 97 96 61 18 21 86 63 87 62 48 40 89 4 34 76 73 72 50 14 57 80 66 53 43 71 28 49 67 38 1 6 88 41 30 95 3 13 105 60 104 102 56 58 26 47 12 91 16 52 106 108 98 15 10 101 39 100 74 99 103 64 84 33 78 36 82 69 2 51 32 5 93 81 94 68 109 83 45 37 44 70 25 42 22 59 11 20 35 7 85 75 9 8 17 46 92 54 27 29 24 107 55 79 23 90 77 31 19 
0 65 97 96 61 18 21 86 63 87 62 48 40 89 4 34 76 73 72 50 14 57 80 66 53 43 71 28 49 67 38 1 6 88 41 30 95 3 13 105 60 104 102 56 58 26 47 12 91 16 52 106 108 98 15 10 101 39 100 74 99 103 64 84 33 78 36 82 69 2 51 32 5 93 81 94 68 109 83 45 37 44 70 25 42 22 59 11 20 35 7 85 75 9 8 17 46 92 54 27 29 24 107 55 79 23 90 77 31 19 
0 65 97 96 61 18 21 86 63 87 62 48 40 89 4 34 76 73 72 50 14 57 80 66 53 43 71 28 49 67 38 1 6 88 41 30 95 3 13 105 60 104 102 56 58 26 47 12 91 16 52 106 108 98 15 10 101 39 100 74 99 103 64 84 33 78 36 82 69 2 51 32 5 93 81 94 68 109 83 45 37 44 70 25 42 22 59 11 20 35 7 85 75 9 8 17 46 92 54 27 29 24 107 55 79 23 90 77 31 19 
0 65 97 96 61 18 21 86 63 87 62 48 40 89 4 34 76 73 72 50 14 57 80 66 53 43 71 28 49 67 38 1 6 88 41 30 95 3 13 105 60 104 102 56 58 26 47 12 91 16 52 106 108 98 15 10 101 39 100 74 99 103 64 84 33 78 36 82 69 2 51 32 5 93 81 94 68 109 83 45 37 44 70 25 42 22 59 11 20 35 7 85 75 9 8 17 46 92 54 27 29 24 107 55 79 23 90 77 31 19 
0 65 97 96 61 18 21 86 63 87 62 48 40 89 4 34 76 73 72 50 14 57 80 66 53 43 71 28 49 67 38 1 6 88 41 30 95 3 13 105 60 104 102 56 58 26 47 12 91 16 52 106 108 98 15 10 101 39 100 74 99 103 64 84 33 78 36 82 69 2 51 32 5 93 81 94 68 109 83 45 37 44 70 25 42 22 59 11 20 35 7 85 75 9 8 17 46 92 54 27 29 24 107 55 79 23 90 77 31 19 
0 65 97 96 61 18 21 86 63 87 62 48 40 89 4 34 76 73 72 50 14 57 80 66 53 43 71 28 49 67 38 1 6 88 41 30 95 3 13 105 60 104 102 56 58 26 47 12 91 16 52 106 108 98 15 10 101 39 100 74 99 103 64 84 33 78 36 82 69 2 51 32 5 93 81 94 68 109 83 45 37 44 70 25 42 22 59 11 20 35 7 85 75 9 8 17 46 92 54 27 29 24 107 55 79 23 90 77 31 19 
0 65 97 96 61 18 21 86 63 87 62 48 40 89 4 34 76 73 72 50 14 57 80 66 53 43 71 28 49 67 38 1 6 88 41 30 95 3 13 105 60 104 102 56 58 26 47 12 91 16 52 106 108 98 15 10 101 39 100 74 99 103 64 84 33 78 36 82 69 2 51 32 5 93 81 94 68 109 83 45 37 44 70 25 42 22 59 11 20 35 7 85 75 9 8 17 46 92 54 27 29 24 107 55 79 23 90 77 31 19 
0 65 97 96 61 18 21 86 63 87 62 48 40 89 4 34 76 73 72 50 14 57 80 66 53 43 71 28 49 67 38 1 6 88 41 30 95 3 13 105 60 104 102 56 58 26 47 12 91 16 52 106 108 98 15 10 101 39 100 74 99 103 64 84 33 78 36 82 69 2 51 32 5 93 81 94 68 109 83 45 37 44 70 25 42 22 59 11 20 35 7 85 75 9 8 17 46 92 54 27 29 24 107 55 79 23 90 77 31 19 
0 65 97 96 61 18 21 86 63 87 62 48 40 89 4 34 76 73 72 50 14 57 80 66 53 43 71 28 49 67 38 1 6 88 41 30 95 3 13 105 60 104 102 56 58 26 47 12 91 16 52 106 108 98 15 10 101 39 100 74 99 103 64 84 33 78 36 82 69 2 51 32 5 93 81 94 68 109 83 45 37 44 70 25 42 22 59 11 20 35 7 85 75 9 8 17 46 92 54 27 29 24 107 55 79 23 90 77 31 19 
0 65 97 96 61 18 21 86 63 87 62 48 40 89 4 34 76 73 72 50 14 57 80 66 53 43 71 28 49 67 38 1 6 88 41 30 95 3 13 105 60 104 102 56 58 26 47 12 91 16 52 106 108 98 15 10 101 39 100 74 99 103 64 84 33 78 36 82 69 2 51 32 5 93 81 94 68 109 83 45 37 44 70 25 42 22 59 11 20 35 7 85 75 9 8 17 46 92 54 27 29 24 107 55 79 23 90 77 31 19 
0 65 97 96 61 18 21 86 63 87 62 48 40 89 4 34 76 73 72 50 14 57 80 66 53 43 71 28 49 67 38 1 6 88 41 30 95 3 13 105 60 104 102 56 58 26 47 12 91 16 52 106 108 98 15 10 101 39 100 74 99 103 64 84 33 78 36 82 69 2 51 32 5 93 81 94 68 109 83 45 37 44 70 25 42 22 59 11 20 35 7 85 75 9 8 17 46 92 54 27 29 24 107 55 79 23 90 77 31 19 
0 65 97 96 61 18 21 86 63 87 62 48 40 89 4 34 76 73 72 50 14 57 80 66 53 43 71 28 49 67 38 1 6 88 41 30 95 3 13 105 60 104 102 56 58 26 47 12 91 16 52 106 108 98 15 10 101 39 100 74 99 103 64 84 33 78 36 82 69 2 51 32 5 93 81 94 68 109 83 45 37 44 70 25 42 22 59 11 20 35 7 85 75 9 8 17 46 92 54 27 29 24 107 55 79 23 90 77 31 19 
0 65 97 96 61 18 21 86 63 87 62 48 40 89 4 34 76 73 72 50 14 57 80 66 53 43 71 28 49 67 38 1 6 88 41 30 95 3 13 105 60 104 102 56 58 26 47 12 91 16 52 106 108 98 15 10 101 39 100 74 99 103 64 84 33 78 36 82 69 2 51 32 5 93 81 94 68 109 83 45 37 44 70 25 42 22 59 11 20 35 7 85 75 9 8 17 46 92 54 27 29 24 107 55 79 23 90 77 31 19 
0 65 97 96 61 18 21 86 63 87 62 48 40 89 4 34 76 73 72 50 14 57 80 66 53 43 71 28 49 67 38 1 6 88 41 30 95 3 13 105 60 104 102 56 58 26 47 12 91 16 52 106 108 98 15 10 101 39 100 74 99 103 64 84 33 78 36 82 69 2 51 32 5 93 81 94 68 109 83 45 37 44 70 25 42 22 59 11 20 35 7 85 75 9 8 17 46 92 54 27 29 24 107 55 79 23 90 77 31 19 
0 65 97 96 61 18 21 86 63 87 62 48 40 89 4 34 76 73 72 50 14 57 80 66 53 43 71 28 49 67 38 1 6 88 41 30 95 3 13 105 60 104 102 56 58 26 47 12 91 16 52 106 108 98 15 10 101 39 100 74 99 103 64 84 33 78 36 82 69 2 51 32 5 93 81 94 68 109 83 45 37 44 70 25 42 22 59 11 20 35 7 85 75 9 8 17 46 92 54 27 29 24 107 55 79 23 90 77 31 19 
0 65 97 96 61 18 21 86 63 87 62 48 40 89 4 34 76 73 72 50 14 57 80 66 53 43 71 28 49 67 38 1 6 88 41 30 95 3 13 105 60 104 102 56 58 26 47 12 91 16 52 106 108 98 15 10 101 39 100 74 99 103 64 84 33 78 36 82 69 2 51 32 5 93 81 94 68 109 83 45 37 44 70 25 42 22 59 11 20 35 7 85 75 9 8 17 46 92 54 27 29 24 107 55 79 23 90 77 31 19 
0 65 97 96 61 18 21 86 63 87 62 48 40 89 4 34 76 73 72 50 14 57 80 66 53 43 71 28 49 67 38 1 6 88 41 30 95 3 13 105 60 104 102 56 58 26 47 12 91 16 52 106 108 98 15 10 101 39 100 74 99 103 64 84 33 78 36 82 69 2 51 32 5 93 81 94 68 109 83 45 37 44 70 25 42 22 59 11 20 35 7 85 75 9 8 17 46 92 54 27 29 24 107 55 79 23 90 77 31 19 
0 65 97 96 61 18 21 86 63 87 62 48 40 89 4 34 76 73 72 50 14 57 80 66 53 43 71 28 49 67 38 1 6 88 41 30 95 3 13 105 60 104 102 56 58 26 47 12 91 16 52 106 108 98 15 10 101 39 100 74 99 103 64 84 33 78 36 82 69 2 51 32 5 93 81 94 68 109 83 45 37 44 70 25 42 22 59 11 20 35 7 85 75 9 8 17 46 92 54 27 29 24 107 55 79 23 90 77 31 19 
0 65 97 96 61 18 21 86 63 87 62 48 40 89 4 34 76 73 72 50 14 57 80 66 53 43 71 28 49 67 38 1 6 88 41 30 95 3 13 105 60 104 102 56 58 26 47 12 91 16 52 106 108 98 15 10 101 39 100 74 99 103 64 84 33 78 36 82 69 2 51 32 5 93 81 94 68 109 83 45 37 44 70 25 42 22 59 11 20 35 7 85 75 9 8 17 46 92 54 27 29 24 107 55 79 23 90 77 31 19 
0 65 97 96 61 18 21 86 63 87 62 48 40 89 4 34 76 73 72 50 14 57 80 66 53 43 71 28 49 67 38 1 6 88 41 30 95 3 13 105 60 104 102 56 58 26 47 12 91 16 52 106 108 98 15 10 101 39 100 74 99 103 64 84 33 78 36 82 69 2 51 32 5 93 81 94 68 109 83 45 37 44 70 25 42 22 59 11 20 35 7 85 75 9 8 17 46 92 54 27 29 24 107 55 79 23 90 77 31 19 
0 65 97 96 61 18 21 86 63 87 62 48 40 89 4 34 76 73 72 50 14 57 80 66 53 43 71 28 49 67 38 1 6 88 41 30 95 3 13 105 60 104 102 56 58 26 47 12 91 16 52 106 108 98 15 10 101 39 100 74 99 103 64 84 33 78 36 82 69 2 51 32 5 93 81 94 68 109 83 45 37 44 70 25 42 22 59 11 20 35 7 85 75 9 8 17 46 92 54 27 29 24 107 55 79 23 90 77 31 19 
0 65 97 96 61 18 21 86 63 87 62 48 40 89 4 34 76 73 72 50 14 57 80 66 53 43 71 28 49 67 38 1 6 88 41 30 95 3 13 105 60 104 102 56 58 26 47 12 91 16 52 106 108 98 15 10 101 39 100 74 99 103 64 84 33 78 36 82 69 2 51 32 5 93 81 94 68 109 83 45 37 44 70 25 42 22 59 11 20 35 7 85 75 9 8 17 46 92 54 27 29 24 107 55 79 23 90 77 31 19 
0 65 97 96 61 18 21 86 63 87 62 48 40 89 4 34 76 73 72 50 14 57 80 66 53 43 71 28 49 67 38 1 6 88 41 30 95 3 13 105 60 104 102 56 58 26 47 12 91 16 52 106 108 98 15 10 101 39 100 74 99 103 64 84 33 78 36 82 69 2 51 32 5 93 81 94 68 109 83 45 37 44 70 25 42 22 59 11 20 35 7 85 75 9 8 17 46 92 54 27 29 24 107 55 79 23 90 77 31 19 
0 65 97 96 61 18 21 86 63 87 62 48 40 89 4 34 76 73 72 50 14 57 80 66 53 43 71 28 49 67 38 1 6 88 41 30 95 3 13 105 60 104 102 56 58 26 47 12 91 16 52 106 108 98 15 10 101 39 100 74 99 103 64 84 33 78 36 82 69 2 51 32 5 93 81 94 68 109 83 45 37 44 70 25 42 22 59 11 20 35 7 85 75 9 8 17 46 92 54 27 29 24 107 55 79 23 90 77 31 19 
0 65 97 96 61 18 21 86 63 87 62 48 40 89 4 34 76 73 72 50 14 57 80 66 53 43 71 28 49 67 38 1 6 88 41 30 95 3 13 105 60 104 102 56 58 26 47 12 91 16 52 106 108 98 15 10 101 39 100 74 99 103 64 84 33 78 36 82 69 2 51 32 5 93 81 94 68 109 83 45 37 44 70 25 42 22 59 11 20 35 7 85 75 9 8 17 46 92 54 27 29 24 107 55 79 23 90 77 31 19 
0 65 97 96 61 18 21 86 63 87 62 48 40 89 4 34 76 73 72 50 14 57 80 66 53 43 71 28 49 67 38 1 6 88 41 30 95 3 13 105 60 104 102 56 58 26 47 12 91 16 52 106 108 98 15 10 101 39 100 74 99 103 64 84 33 78 36 82 69 2 51 32 5 93 81 94 68 109 83 45 37 44 70 25 42 22 59 11 20 35 7 85 75 9 8 17 46 92 54 27 29 24 107 55 79 23 90 77 31 19 
0 65 97 96 61 18 21 86 63 87 62 48 40 89 4 34 76 73 72 50 14 57 80 66 53 43 71 28 49 67 38 1 6 88 41 30 95 3 13 105 60 104 102 56 58 26 47 12 91 16 52 106 108 98 15 10 101 39 100 74 99 103 64 84 33 78 36 82 69 2 51 32 5 93 81 94 68 109 83 45 37 44 70 25 42 22 59 11 20 35 7 85 75 9 8 17 46 92 54 27 29 24 107 55 79 23 90 77 31 19 
0 65 97 96 61 18 21 86 63 87 62 48 40 89 4 34 76 73 72 50 14 57 80 66 53 43 71 28 49 67 38 1 6 88 41 30 95 3 13 105 60 104 102 56 58 26 47 12 91 16 52 106 108 98 15 10 101 39 100 74 99 103 64 84 33 78 36 82 69 2 51 32 5 93 81 94 68 109 83 45 37 44 70 25 42 22 59 11 20 35 7 85 75 9 8 17 46 92 54 27 29 24 107 55 79 23 90 77 31 19 
0 65 97 96 61 18 21 86 63 87 62 48 40 89 4 34 76 73 72 50 14 57 80 66 53 43 71 28 49 67 38 1 6 88 41 30 95 3 13 105 60 104 102 56 58 26 47 12 91 16 52 106 108 98 15 10 101 39 100 74 99 103 64 84 33 78 36 82 69 2 51 32 5 93 81 94 68 109 83 45 37 44 70 25 42 22 59 11 20 35 7 85 75 9 8 17 46 92 54 27 29 24 107 55 79 23 90 77 31 19 
0 65 97 96 61 18 21 86 63 87 62 48 40 89 4 34 76 73 72 50 14 57 80 66 53 43 71 28 49 67 38 1 6 88 41 30 95 3 13 105 60 104 102 56 58 26 47 12 91 16 52 106 108 98 15 10 101 39 100 74 99 103 64 84 33 78 36 82 69 2 51 32 5 93 81 94 68 109 83 45 37 44 70 25 42 22 59 11 20 35 7 85 75 9 8 17 46 92 54 27 29 24 107 55 79 23 90 77 31 19 
0 65 97 96 61 18 21 86 63 87 62 48 40 89 4 34 76 73 72 50 14 57 80 66 53 43 71 28 49 67 38 1 6 88 41 30 95 3 13 105 60 104 102 56 58 26 47 12 91 16 52 106 108 98 15 10 101 39 100 74 99 103 64 84 33 78 36 82 69 2 51 32 5 93 81 94 68 109 83 45 37 44 70 25 42 22 59 11 20 35 7 85 75 9 8 17 46 92 54 27 29 24 107 55 79 23 90 77 31 19 
0 65 97 96 61 18 21 86 63 87 62 48 40 89 4 34 76 73 72 50 14 57 80 66 53 43 71 28 49 67 38 1 6 88 41 30 95 3 13 105 60 104 102 56 58 26 47 12 91 16 52 106 108 98 15 10 101 39 100 74 99 103 64 84 33 78 36 82 69 2 51 32 5 93 81 94 68 109 83 45 37 44 70 25 42 22 59 11 20 35 7 85 75 9 8 17 46 92 54 27 29 24 107 55 79 23 90 77 31 19 
0 65 97 96 61 18 21 86 63 87 62 48 40 89 4 34 76 73 72 50 14 57 80 66 53 43 71 28 49 67 38 1 6 88 41 30 95 3 13 105 60 104 102 56 58 26 47 12 91 16 52 106 108 98 15 10 101 39 100 74 99 103 64 84 33 78 36 82 69 2 51 32 5 93 81 94 68 109 83 45 37 44 70 25 42 22 59 11 20 35 7 85 75 9 8 17 46 92 54 27 29 24 107 55 79 23 90 77 31 19 
0 65 97 96 61 18 21 86 63 87 62 48 40 89 4 34 76 73 72 50 14 57 80 66 53 43 71 28 49 67 38 1 6 88 41 30 95 3 13 105 60 104 102 56 58 26 47 12 91 16 52 106 108 98 15 10 101 39 100 74 99 103 64 84 33 78 36 82 69 2 51 32 5 93 81 94 68 109 83 45 37 44 70 25 42 22 59 11 20 35 7 85 75 9 8 17 46 92 54 27 29 24 107 55 79 23 90 77 31 19 
0 65 97 96 61 18 21 86 63 87 62 48 40 89 4 34 76 73 72 50 14 57 80 66 53 43 71 28 49 67 38 1 6 88 41 30 95 3 13 105 60 104 102 56 58 26 47 12 91 16 52 106 108 98 15 10 101 39 100 74 99 103 64 84 33 78 36 82 69 2 51 32 5 81 94 68 109 83 45 37 93 44 70 25 42 22 59 11 20 35 7 85 75 9 8 17 46 92 54 27 29 24 107 55 79 23 90 77 31 19 
0 65 97 96 61 18 21 86 63 87 62 48 40 89 4 34 76 73 72 50 14 57 80 66 53 43 71 28 49 67 38 1 6 88 41 30 95 3 13 105 60 104 56 102 58 26 47 12 91 16 52 106 108 98 15 10 101 39 100 74 99 103 64 84 33 78 36 82 69 2 51 32 5 93 81 94 68 109 83 45 37 44 70 25 42 22 59 11 20 35 7 85 75 9 8 17 46 92 54 27 29 24 107 55 79 23 90 77 31 19 
0 65 97 96 61 18 21 86 63 87 62 48 40 89 4 34 76 73 72 50 14 57 80 66 53 43 71 28 49 12 47 26 58 56 102 104 60 105 13 3 95 30 41 88 6 1 38 67 91 16 52 106 108 98 15 10 101 39 100 74 99 103 64 84 33 78 36 82 69 2 51 32 5 93 81 94 68 109 83 45 37 44 70 25 42 22 59 11 20 35 7 85 75 9 8 17 46 92 54 27 29 24 107 55 79 23 90 77 31 19 
0 65 97 96 61 18 21 86 63 87 62 48 40 89 4 34 76 73 72 50 14 57 80 66 53 43 71 28 49 67 38 1 6 88 41 30 95 3 13 105 60 104 102 56 58 26 47 12 16 52 106 91 108 98 15 10 101 39 100 74 99 103 64 84 33 78 36 82 69 2 51 32 5 93 81 94 68 109 83 45 37 44 70 25 42 22 59 11 20 35 7 85 75 9 8 17 46 92 54 27 29 24 107 55 79 23 90 77 31 19 
0 65 97 96 61 18 21 86 63 87 62 48 40 89 4 34 76 73 72 50 14 57 80 66 53 43 71 28 49 67 38 1 6 88 41 30 95 3 13 105 60 104 102 56 58 26 47 12 91 16 52 106 108 98 15 10 101 39 100 74 99 103 64 84 33 78 36 82 69 2 51 32 5 93 81 94 68 109 83 45 37 44 70 25 42 22 59 11 20 35 7 85 75 9 8 17 46 92 54 27 29 24 107 55 79 90 77 31 23 19 
0 65 97 96 61 18 21 86 63 87 62 48 40 89 4 34 76 73 72 50 14 57 80 66 53 43 71 28 49 58 38 1 6 88 41 30 95 3 13 105 60 104 102 56 67 26 47 12 91 16 52 106 108 98 15 10 101 39 100 74 99 103 64 84 33 78 36 82 69 2 51 32 5 93 81 94 68 109 83 45 37 44 70 25 42 22 59 11 20 35 7 85 75 9 8 17 46 92 54 27 29 24 107 55 79 23 90 77 31 19 
0 65 97 21 18 61 96 86 63 87 62 48 40 89 4 34 76 73 72 50 14 57 80 66 53 43 71 28 49 67 38 1 6 88 41 30 95 3 13 105 60 104 102 56 58 26 47 12 91 16 52 106 108 98 15 10 101 39 100 74 99 103 64 84 33 78 36 82 69 2 51 32 5 93 81 94 68 109 83 45 37 44 70 25 42 22 59 11 20 35 7 85 75 9 8 17 46 92 54 27 29 24 107 55 79 23 90 77 31 19 
0 65 97 96 61 18 21 86 63 87 62 48 40 89 4 34 76 73 72 50 14 57 80 66 53 43 71 28 49 67 38 1 6 88 41 30 95 3 13 105 60 104 102 56 58 26 47 12 91 16 52 106 108 98 15 10 101 39 100 74 99 103 64 84 33 78 36 82 69 2 51 32 5 93 81 94 68 109 83 45 37 44 70 25 42 20 59 11 22 35 7 85 75 9 8 17 46 92 54 27 29 24 107 55 79 23 90 77 31 19 
0 65 97 96 61 18 21 86 63 87 62 48 40 89 4 34 76 73 72 50 14 57 80 66 53 43 71 28 49 67 38 1 6 88 41 30 95 3 13 105 60 104 102 56 58 26 47 12 91 16 52 106 108 98 15 10 101 39 100 74 99 103 64 84 33 78 36 82 69 2 51 32 5 93 81 94 68 109 83 45 37 44 70 25 42 22 59 11 20 35 7 85 75 27 9 8 17 46 92 54 29 24 107 55 79 23 90 77 31 19 
0 65 97 96 61 18 21 86 63 87 62 48 40 89 4 34 76 73 72 50 14 57 80 66 53 43 71 28 49 67 38 1 6 88 41 30 95 3 13 105 60 104 102 56 58 26 47 12 91 16 52 106 108 98 15 10 101 39 100 74 99 103 64 84 33 78 36 82 69 2 51 32 5 93 81 94 68 109 83 45 37 44 70 25 42 22 59 11 20 35 7 85 75 9 8 17 46 92 54 27 29 24 107 55 79 23 77 31 90 19 
0 65 97 96 61 18 21 86 63 87 62 48 40 89 4 34 76 73 72 50 14 57 80 66 53 43 71 28 49 67 38 1 6 88 41 30 95 3 13 105 60 104 102 56 58 26 47 12 91 16 52 106 108 98 15 10 101 39 100 74 99 103 64 84 33 78 36 82 69 2 51 32 5 93 81 94 68 109 83 45 37 44 70 25 42 22 59 11 20 35 7 85 75 9 8 17 46 92 54 27 29 24 107 55 79 31 90 77 23 19 
0 65 97 96 61 18 21 86 63 87 62 48 40 89 4 34 76 66 72 50 14 57 80 73 53 43 71 28 49 67 38 1 6 88 41 30 95 3 13 105 60 104 102 56 58 26 47 12 91 16 52 106 108 98 15 10 101 39 100 74 99 103 64 84 33 78 36 82 69 2 51 32 5 93 81 94 68 109 83 45 37 44 70 25 42 22 59 11 20 35 7 85 75 9 8 17 46 92 54 27 29 24 107 55 79 23 90 77 31 19 
0 65 97 96 61 18 21 86 63 87 62 48 40 89 4 34 76 73 72 50 14 57 80 66 53 43 71 28 49 67 1 6 88 41 30 95 3 13 105 60 104 102 56 58 26 47 12 38 91 16 52 106 108 98 15 10 101 39 100 74 99 103 64 84 33 78 36 82 69 2 51 32 5 93 81 94 68 109 83 45 37 44 70 25 42 22 59 11 20 35 7 85 75 9 8 17 46 92 54 27 29 24 107 55 79 23 90 77 31 19 
0 65 97 96 61 18 21 86 63 87 62 48 40 89 72 34 76 73 4 50 14 57 80 66 53 43 71 28 49 67 38 1 6 88 41 30 95 3 13 105 60 104 102 56 58 26 47 12 91 16 52 106 108 98 15 10 101 39 100 74 99 103 64 84 33 78 36 82 69 2 51 32 5 93 81 94 68 109 83 45 37 44 70 25 42 22 59 11 20 35 7 85 75 9 8 17 46 92 54 27 29 24 107 55 79 23 90 77 31 19 
0 65 97 96 61 18 21 86 63 87 62 48 40 89 4 34 76 73 72 50 14 57 80 66 53 43 71 28 49 67 38 1 6 88 41 30 95 3 13 105 60 104 102 56 58 26 47 12 91 16 52 106 108 98 15 10 101 39 100 74 99 103 64 84 33 78 36 82 69 2 51 32 5 93 81 94 68 109 83 45 37 44 70 25 42 22 59 11 20 35 7 85 75 9 8 17 46 92 54 27 29 24 107 55 23 90 77 31 79 19 
0 65 97 96 61 18 21 86 63 87 62 48 40 89 4 34 76 73 72 50 14 57 80 66 53 43 71 28 49 67 38 1 6 88 41 30 95 3 13 105 60 104 102 56 58 26 47 12 91 16 52 106 108 98 15 101 39 100 74 99 103 64 84 33 10 78 36 82 69 2 51 32 5 93 81 94 68 109 83 45 37 44 70 25 42 22 59 11 20 35 7 85 75 9 8 17 46 92 54 27 29 24 107 55 79 23 90 77 31 19 
0 65 97 96 61 18 21 62 87 63 86 48 40 89 4 34 76 73 72 50 14 57 80 66 53 43 71 28 49 67 38 1 6 88 41 30 95 3 13 105 60 104 102 56 58 26 47 12 91 16 52 106 108 98 15 10 101 39 100 74 99 103 64 84 33 78 36 82 69 2 51 32 5 93 81 94 68 109 83 45 37 44 70 25 42 22 59 11 20 35 7 85 75 9 8 17 46 92 54 27 29 24 107 55 79 23 90 77 31 19 
0 65 97 96 61 18 21 86 63 87 62 48 40 89 4 34 76 73 72 50 14 57 80 66 53 43 71 28 49 67 38 1 6 88 41 30 95 3 13 105 60 104 102 56 58 26 47 12 91 16 52 106 108 98 15 10 101 39 100 74 99 103 64 84 33 78 36 82 69 2 51 32 5 93 81 94 68 109 83 45 37 44 70 25 42 22 59 11 20 35 7 85 75 9 8 17 46 92 107 54 27 29 24 55 79 23 90 77 31 19 
0 65 97 96 61 18 21 86 63 87 62 48 40 89 4 34 76 73 72 50 14 57 80 66 53 43 71 28 49 67 38 1 6 88 41 30 95 3 13 105 26 104 102 56 58 60 47 12 91 16 52 106 108 98 15 10 101 39 100 74 99 103 64 84 33 78 36 82 69 2 51 32 5 93 81 94 68 109 83 45 37 44 70 25 42 22 59 11 20 35 7 85 75 9 8 17 46 92 54 27 24 107 29 55 79 23 90 77 31 19 
0 65 97 96 61 18 21 86 63 87 62 48 40 89 4 34 76 73 72 50 14 57 82 36 78 33 84 64 103 99 74 100 39 101 10 15 98 108 106 52 16 91 12 47 26 58 56 102 104 60 105 13 3 95 30 41 88 6 1 38 67 49 28 71 43 53 66 80 69 2 51 32 5 93 81 94 68 109 83 45 37 44 70 25 42 22 59 11 20 35 7 85 75 9 8 17 46 92 54 27 29 24 107 55 79 23 90 77 31 19 
0 65 97 96 61 18 21 86 63 87 62 48 40 89 4 34 76 73 72 106 14 57 80 66 53 43 71 28 49 67 38 1 6 88 41 30 95 3 13 105 60 104 102 56 58 26 47 12 91 16 52 50 108 98 15 10 101 39 100 74 99 103 64 84 33 78 36 82 69 2 51 32 5 93 81 94 68 109 83 45 37 44 70 25 42 22 59 11 20 35 7 85 75 9 8 17 46 92 54 27 29 24 107 55 79 23 90 77 31 19 
0 65 97 96 61 18 21 86 63 87 62 48 40 89 4 34 76 73 72 50 14 57 80 66 53 43 71 28 49 67 38 1 6 88 41 30 95 3 13 60 104 102 56 58 26 47 12 91 16 105 52 106 108 98 15 10 101 39 100 74 99 103 64 84 33 78 36 82 69 2 51 32 5 93 81 94 68 109 83 45 37 44 70 25 42 22 59 11 20 35 7 85 75 9 8 17 46 92 54 27 29 24 107 55 79 23 90 77 31 19 
0 65 97 96 61 18 21 86 63 87 62 48 40 89 4 34 76 73 72 50 14 57 80 66 53 43 71 28 49 67 38 1 6 88 41 30 95 3 13 105 60 104 102 56 58 26 47 12 91 16 52 106 108 98 15 10 101 100 74 99 103 64 84 33 39 78 36 82 69 2 51 32 5 93 81 94 68 109 83 45 37 44 70 25 42 22 59 11 20 35 7 85 75 9 8 17 46 92 54 27 29 24 107 55 79 23 90 77 31 19 
0 65 97 96 61 18 21 86 63 87 62 48 40 78 4 34 76 73 72 50 14 57 80 66 53 43 71 28 49 67 38 1 6 88 41 30 95 3 13 105 60 104 102 56 58 26 47 12 91 16 52 106 108 98 15 10 101 39 100 74 99 103 64 84 33 89 36 82 69 2 51 32 5 93 81 94 68 109 83 45 37 44 70 25 42 22 59 11 20 35 7 85 75 9 8 92 46 17 54 27 29 24 107 55 79 23 90 77 31 19 
0 65 97 96 61 18 21 86 63 87 62 48 40 89 4 34 91 12 47 26 58 56 102 104 60 105 13 3 95 30 41 88 6 1 38 67 49 28 71 43 53 66 80 57 14 50 72 73 76 16 52 106 108 98 15 10 101 39 100 74 99 103 64 84 33 78 36 82 69 2 51 32 5 93 81 94 68 109 83 45 37 44 70 25 42 22 59 11 20 35 7 85 75 9 8 17 46 92 54 27 29 24 107 55 79 23 90 77 31 19 
0 65 97 96 61 18 21 86 63 87 62 48 40 89 4 34 76 73 72 50 14 57 80 66 53 43 71 28 49 67 38 1 6 88 41 30 95 3 13 105 60 104 102 56 58 26 47 12 91 16 52 106 108 98 15 10 101 39 100 74 99 64 84 33 78 36 82 69 2 103 51 32 5 93 81 94 68 109 83 45 37 44 70 25 42 22 59 11 20 35 7 85 75 9 8 17 46 92 54 27 29 24 107 55 79 23 90 77 31 19 
0 65 97 96 61 18 21 86 63 87 62 48 40 89 4 34 76 73 72 50 14 57 80 66 53 43 71 28 49 67 38 1 6 88 41 30 3 13 105 60 104 102 56 95 58 26 47 12 91 16 98 108 106 52 15 10 101 39 100 74 99 103 64 84 33 78 36 82 69 2 51 32 5 93 81 94 68 109 83 45 37 44 70 25 42 22 59 11 20 35 7 85 75 9 8 17 46 92 54 27 29 24 107 55 79 23 90 77 31 19 
0 65 97 96 61 18 21 86 63 87 62 48 40 89 4 34 14 73 72 50 76 57 80 66 53 43 71 28 49 67 38 1 6 88 41 30 95 3 13 105 60 104 102 56 58 26 47 12 91 16 52 106 108 98 15 10 101 39 100 99 103 64 84 33 78 74 36 82 69 2 51 32 5 93 81 94 68 109 83 45 37 44 70 25 42 22 59 11 20 35 7 85 75 9 8 17 46 92 54 27 29 24 107 55 79 23 90 77 31 19 
0 65 97 96 61 18 21 86 63 87 62 48 40 89 4 34 76 73 72 50 14 57 80 66 53 43 71 28 49 67 58 1 6 88 41 30 95 3 13 105 60 104 102 38 56 26 47 12 91 16 52 106 108 98 15 10 101 39 100 74 99 103 64 84 33 78 36 82 69 2 51 32 5 93 81 94 68 109 83 45 37 44 70 25 42 22 59 11 20 7 85 75 9 8 17 46 92 35 54 27 29 24 107 55 79 23 90 77 31 19 
0 65 97 96 61 18 21 86 63 87 62 48 40 89 4 34 76 73 72 50 14 57 80 66 53 43 71 28 49 67 38 1 6 88 41 30 95 3 13 105 60 104 102 56 58 26 47 12 91 16 52 106 108 98 15 10 101 39 100 74 99 103 64 84 33 78 36 82 69 2 51 32 5 93 81 94 68 109 83 45 37 44 70 25 42 22 11 20 35 7 85 75 9 8 17 46 92 54 27 29 24 107 59 55 79 23 90 77 31 19 
0 65 97 96 61 18 21 86 63 87 62 48 40 89 4 34 76 73 72 14 57 80 66 53 43 71 28 49 67 38 1 6 88 41 30 95 3 13 105 60 104 102 56 58 26 47 12 91 16 52 106 108 98 15 10 101 39 100 74 99 103 64 84 33 78 36 82 69 2 51 32 5 93 81 50 94 68 109 83 45 37 44 70 25 42 22 59 11 20 35 7 85 75 9 8 17 46 92 54 27 29 24 107 55 79 23 90 77 31 19 
0 65 97 96 61 18 21 86 63 87 62 48 6 1 38 67 49 28 71 43 53 66 80 57 14 50 72 73 76 34 4 89 40 88 41 30 95 3 13 105 60 104 102 56 58 26 47 12 91 16 52 106 108 98 15 10 101 39 100 74 99 103 64 84 33 78 36 82 69 2 51 32 5 93 81 94 68 109 83 45 37 44 70 25 42 22 59 11 20 35 7 85 75 9 8 17 46 92 54 27 29 24 107 55 79 23 90 77 31 19 
0 65 97 96 61 18 21 86 63 87 62 48 40 89 4 34 76 73 72 50 14 57 64 66 53 43 71 28 49 67 38 1 6 88 41 30 95 3 13 105 60 104 102 56 58 26 47 12 91 16 52 106 108 98 15 10 101 39 100 74 99 103 80 84 33 78 36 82 69 2 51 32 5 93 81 94 68 109 83 45 37 44 70 25 42 22 59 11 20 35 7 85 75 9 8 17 46 92 54 27 29 24 107 55 79 23 90 77 31 19 
0 65 97 96 61 18 21 86 63 87 62 3 95 30 41 88 6 1 38 48 40 89 4 34 76 73 72 50 14 57 80 66 53 43 71 28 49 67 13 105 60 104 102 56 58 26 47 12 91 16 52 106 108 98 15 10 101 39 100 74 99 103 64 84 33 78 36 82 69 2 51 32 5 93 81 94 68 109 83 45 37 44 70 25 42 22 59 11 20 35 7 85 75 9 8 17 46 92 54 27 29 24 107 55 79 23 90 77 31 19 
0 65 97 96 61 18 21 86 63 87 62 48 40 89 4 34 76 73 72 50 14 57 80 66 53 43 71 28 49 67 38 1 6 88 41 30 95 3 13 105 60 104 102 56 58 26 12 91 16 52 106 108 98 15 10 101 39 100 74 99 103 64 84 33 47 78 36 82 69 2 51 32 5 93 81 94 68 109 83 45 37 44 70 25 42 22 59 11 20 35 7 85 75 9 8 17 46 92 54 27 29 24 107 55 79 23 90 77 31 19 
0 65 97 96 61 18 21 86 63 87 62 48 40 89 4 34 76 73 72 50 14 57 80 66 53 43 71 28 49 67 38 33 84 64 103 99 74 100 39 101 10 15 98 108 106 52 16 91 12 47 26 58 56 102 104 60 105 13 3 95 30 41 88 6 1 78 36 82 69 2 51 32 5 93 81 94 68 109 83 45 37 44 70 25 42 22 59 11 20 35 7 85 75 9 8 17 46 92 54 27 29 24 107 55 79 23 90 77 31 19 
0 65 97 96 61 18 21 86 63 87 62 48 40 89 4 34 76 73 72 50 14 57 80 66 53 43 71 28 49 67 38 1 6 88 41 30 95 3 13 105 60 104 102 56 58 26 47 12 91 16 52 106 108 98 15 10 101 39 100 74 99 81 93 5 32 51 2 69 82 36 78 33 84 64 103 94 68 109 83 45 37 44 70 25 42 22 59 11 20 35 7 85 75 9 8 17 46 92 54 27 29 24 107 55 79 23 90 77 31 19 
0 65 97 96 61 18 21 86 63 87 62 40 89 4 34 76 73 72 50 14 57 80 66 53 43 71 28 49 67 38 1 6 88 41 30 95 3 13 105 60 104 102 56 58 26 47 12 91 16 52 106 108 98 15 10 101 39 100 74 99 103 64 84 33 78 36 82 69 2 51 32 5 93 81 94 68 109 83 45 48 37 44 70 25 42 22 59 11 20 35 7 85 75 9 8 17 46 92 54 27 29 24 107 55 79 23 90 77 31 19 
0 65 97 96 61 18 21 86 63 87 62 48 40 89 4 34 76 73 72 50 14 57 80 66 53 43 71 28 49 67 38 1 6 88 41 30 95 3 13 105 60 104 102 56 58 26 47 12 91 16 52 106 108 98 15 10 101 39 100 74 99 103 64 84 33 78 36 82 69 2 51 32 5 93 81 94 68 109 83 45 37 44 70 25 42 22 59 11 20 35 7 85 75 9 8 17 46 54 27 29 24 107 55 79 92 23 90 77 31 19 
0 65 97 96 61 18 21 86 63 87 62 48 40 89 4 34 76 73 72 50 14 57 95 30 41 88 6 1 38 67 49 28 71 43 53 66 80 3 13 105 60 104 102 56 58 26 47 12 91 16 52 106 108 98 15 10 101 39 100 74 99 103 64 84 33 78 36 82 69 2 51 32 5 93 81 94 68 109 83 45 37 44 70 25 42 22 59 11 20 35 7 85 75 9 8 17 46 92 54 27 29 24 107 55 79 23 90 77 31 19 
0 65 97 96 61 18 21 86 63 87 62 48 40 89 4 34 76 73 72 50 14 57 58 66 53 43 71 28 49 67 38 1 6 88 41 30 95 3 13 105 60 104 102 56 80 26 47 12 91 16 52 106 108 98 15 10 101 39 100 74 99 103 64 84 33 78 36 82 69 2 51 32 5 93 81 94 68 109 83 45 37 44 70 25 42 22 59 11 20 35 7 85 75 9 8 17 46 92 54 27 29 24 107 55 79 23 90 77 31 19 
0 65 97 96 61 18 21 86 63 87 62 48 40 89 4 34 76 73 72 50 14 57 80 66 53 43 71 28 49 67 38 1 6 88 41 30 95 3 13 105 60 104 102 56 58 26 47 12 91 16 52 106 108 98 15 10 101 39 100 74 99 103 64 84 33 78 36 82 69 2 51 32 5 93 81 94 68 109 83 45 37 44 70 25 42 22 59 11 20 35 7 31 85 75 9 8 17 46 92 54 27 29 24 107 55 79 23 90 77 19 
0 65 97 96 61 18 21 86 63 87 62 48 40 89 4 34 76 73 72 50 14 57 80 66 53 43 71 28 88 49 67 38 1 6 41 30 95 3 13 105 60 104 102 56 58 26 47 12 91 52 106 108 98 15 10 101 39 100 74 99 103 16 64 84 33 78 36 82 69 2 51 32 5 93 81 94 68 109 83 45 37 44 70 25 42 22 59 11 20 35 7 85 75 9 8 17 46 92 54 27 29 24 107 55 79 23 90 77 31 19 
0 65 97 96 61 18 21 86 63 87 62 48 40 89 4 34 76 73 72 50 57 80 66 53 43 71 28 49 67 38 1 6 88 41 30 14 95 3 13 105 60 104 102 56 58 26 47 12 91 16 52 106 108 98 15 10 101 39 100 74 99 103 64 84 33 78 36 82 69 2 51 32 5 93 81 94 68 109 83 45 37 44 70 25 42 22 59 11 20 35 7 85 75 9 8 17 46 92 54 27 29 24 107 55 79 23 90 77 31 19 
0 65 97 96 61 18 21 86 63 87 62 48 40 89 4 34 76 73 72 50 14 57 80 66 53 43 71 28 49 67 38 1 6 88 41 30 95 3 13 105 60 104 102 56 58 26 47 12 91 16 52 106 108 98 15 10 101 39 100 74 99 103 64 84 33 78 36 69 2 51 32 5 93 81 94 68 109 83 45 37 44 70 25 42 22 59 82 11 20 35 7 85 75 9 8 17 46 92 54 27 29 24 107 55 79 23 90 77 31 19 
0 65 97 96 61 18 21 86 63 87 62 48 40 89 4 34 76 73 72 50 14 57 80 66 53 43 71 28 49 67 38 1 6 88 41 30 95 3 13 105 60 104 102 56 58 26 47 12 91 16 52 106 108 98 15 10 101 39 100 74 99 103 64 84 33 78 36 82 69 2 51 32 5 93 81 94 68 109 83 45 37 44 70 25 42 22 59 11 20 35 7 85 75 9 8 17 46 107 54 27 29 24 92 55 79 23 90 77 31 19 
0 65 97 96 61 18 21 86 63 87 62 48 40 89 4 34 76 73 72 50 14 57 80 66 53 43 71 28 49 67 38 1 6 88 41 30 95 3 13 105 60 104 102 56 58 26 47 12 91 16 52 106 108 98 15 10 101 39 100 74 99 103 64 84 33 78 36 82 69 2 51 32 5 93 81 94 68 109 83 45 37 44 70 25 42 22 59 11 20 35 7 17 75 9 8 85 46 92 54 27 29 24 107 55 79 23 90 77 31 19 
0 65 97 96 61 18 21 86 63 87 62 48 40 89 4 34 76 73 72 50 14 57 80 66 53 43 71 28 106 67 38 1 6 88 41 30 95 3 13 105 60 104 102 56 58 26 47 12 91 16 52 49 108 98 15 10 101 39 100 74 99 103 64 84 33 78 36 82 69 2 51 32 5 93 81 94 68 109 83 45 37 44 70 25 42 22 59 11 20 35 7 85 75 9 8 17 46 92 54 27 29 24 107 55 79 23 77 31 19 90 
0 65 97 96 61 18 21 86 63 87 62 48 40 89 4 34 76 73 72 50 14 57 10 66 53 43 71 28 49 67 38 1 6 88 41 30 95 3 13 105 60 104 102 56 58 26 47 12 91 16 52 106 108 98 15 80 101 39 100 74 99 103 64 84 33 78 36 82 69 2 51 32 5 93 81 94 68 109 83 45 37 44 70 25 42 22 59 11 20 35 7 85 75 9 8 17 46 92 54 27 29 24 107 55 79 23 90 77 31 19 
0 65 97 96 61 18 21 86 63 87 62 48 40 89 4 34 76 73 72 50 14 57 80 66 53 43 71 28 49 67 38 1 6 88 41 30 95 3 13 105 60 104 102 56 58 26 47 12 91 16 52 106 108 98 15 10 101 39 100 74 99 103 64 84 33 78 36 82 69 2 51 32 5 93 81 94 68 109 83 45 37 44 70 25 42 22 59 11 35 7 85 75 9 8 17 46 92 54 27 29 24 107 55 79 20 23 90 77 31 19 
0 65 97 96 61 18 21 86 63 87 62 48 40 89 4 34 76 73 72 50 14 57 80 66 53 43 71 28 49 67 38 1 6 88 41 30 95 3 13 105 60 104 102 56 58 26 47 12 91 16 52 106 108 98 15 10 101 39 100 74 99 103 64 84 33 78 36 82 69 2 51 32 5 93 81 94 68 109 83 45 37 44 70 25 42 22 59 11 20 35 7 29 75 9 8 17 46 92 54 27 85 24 107 55 79 23 77 31 90 19 
0 65 97 96 61 18 21 86 63 87 62 48 40 89 4 34 76 73 72 50 14 57 80 53 43 71 28 49 67 38 1 6 88 41 30 95 3 13 105 60 104 102 56 58 26 47 12 91 16 52 106 108 98 15 10 101 39 100 74 99 103 64 84 33 78 36 82 69 2 51 32 5 93 81 94 68 109 83 66 45 37 44 70 25 42 22 59 11 20 35 7 85 75 9 8 17 46 92 54 27 29 24 107 55 79 23 90 77 31 19 
0 65 97 96 61 18 21 86 63 87 62 48 40 52 16 91 12 47 26 58 56 102 104 60 105 13 3 95 30 41 88 6 1 38 67 49 28 71 43 53 66 80 57 14 50 72 73 76 34 4 89 106 108 98 15 10 101 39 100 74 99 103 84 33 78 36 82 69 64 2 51 32 5 93 81 94 68 109 83 45 37 44 70 25 42 22 59 11 20 35 7 85 75 9 8 17 46 92 54 27 29 24 107 55 79 23 90 77 31 19 
0 65 97 96 61 18 21 86 63 87 62 48 40 89 4 34 76 73 72 50 14 57 80 66 53 43 71 28 49 67 38 1 6 88 41 30 95 3 13 105 60 104 102 56 58 26 47 12 91 16 52 106 108 98 15 10 101 39 100 74 99 103 64 84 33 78 36 82 69 2 51 32 93 81 94 68 109 83 45 37 44 70 25 42 22 59 11 20 8 9 75 85 7 5 35 17 46 92 54 27 29 24 107 55 79 23 90 77 31 19 
0 65 97 96 61 18 21 86 63 87 62 48 40 89 4 34 76 73 72 50 14 57 80 66 53 43 71 28 49 67 38 1 6 88 41 30 95 3 13 105 60 104 102 58 56 26 47 12 91 16 52 106 108 98 15 10 101 39 100 74 99 103 64 84 82 36 78 33 69 2 51 32 5 85 7 35 20 11 59 22 42 25 70 44 37 45 83 109 68 94 81 93 75 9 8 17 46 92 54 27 29 24 107 55 79 23 90 77 31 19 
0 65 97 96 61 18 21 86 63 87 62 48 40 89 4 34 76 73 72 50 57 80 66 53 43 71 28 49 67 38 1 6 88 41 30 14 95 3 13 105 60 104 102 56 58 26 47 12 91 16 52 106 108 98 15 10 101 39 100 74 99 103 64 84 33 78 36 82 69 2 51 32 5 93 81 94 68 109 83 45 37 44 70 25 42 59 11 22 20 35 7 85 75 9 8 17 46 92 54 27 29 24 107 55 79 23 90 77 31 19 
0 65 97 96 61 18 21 86 63 87 62 48 40 89 4 34 76 73 72 50 14 57 80 66 53 43 71 28 49 67 38 1 6 88 41 30 95 3 13 105 60 104 102 56 58 26 47 12 91 16 52 106 108 98 15 10 101 39 100 74 99 64 84 33 78 36 82 69 2 51 32 5 93 81 94 68 109 83 45 103 37 44 70 25 42 22 59 11 20 35 7 85 75 9 8 17 46 92 54 27 29 24 107 55 79 23 90 77 31 19 
0 65 97 96 61 18 21 86 63 87 62 48 40 89 4 34 76 73 72 50 14 57 80 66 53 43 71 28 49 67 38 1 6 88 41 30 95 3 13 105 60 104 102 56 58 26 47 12 91 16 52 106 108 98 15 10 101 39 100 74 99 103 64 84 33 78 36 82 69 2 51 32 5 93 81 20 35 7 85 75 9 8 17 46 92 54 59 11 94 68 109 83 45 37 44 70 25 42 22 27 29 24 107 55 79 23 90 77 31 19 
0 65 97 96 61 18 21 86 87 62 48 40 89 4 34 76 73 72 50 14 57 80 66 53 43 71 28 49 67 38 1 6 88 41 30 95 3 13 105 60 104 102 56 58 26 47 12 91 16 52 106 108 98 15 10 101 39 100 74 99 103 64 84 33 78 36 82 69 2 51 32 5 93 81 94 68 109 63 83 45 37 44 70 25 42 22 59 11 20 35 7 85 75 9 8 17 46 92 54 27 29 24 107 55 79 23 90 77 31 19 
0 65 97 96 61 18 21 86 63 87 62 48 40 89 4 34 38 73 72 50 14 57 80 66 53 43 71 28 49 67 76 1 6 88 41 30 95 3 13 105 60 104 102 56 58 26 47 12 91 16 52 106 108 98 15 10 101 39 100 74 99 103 64 84 33 78 36 82 69 2 51 32 5 93 81 94 68 109 83 45 37 44 70 25 42 22 59 11 20 35 7 85 75 9 8 17 46 92 54 27 29 24 107 55 79 23 90 77 31 19 
0 65 97 96 61 18 21 86 63 87 62 48 40 89 4 34 76 73 72 50 14 57 80 66 53 43 71 28 49 58 38 1 6 88 41 30 95 3 13 105 60 104 102 56 67 26 47 12 91 16 52 106 108 98 15 10 101 39 100 74 99 103 64 84 33 78 36 82 69 2 51 32 5 93 81 94 68 109 83 45 37 44 70 25 42 22 59 11 20 35 7 85 75 9 8 17 46 92 27 29 24 107 55 79 23 90 77 54 31 19 
0 65 97 96 61 18 21 86 63 87 62 48 40 89 4 34 76 73 72 50 14 57 80 66 53 43 71 28 49 67 38 1 6 88 41 30 95 3 13 105 60 104 102 56 58 26 47 12 91 16 52 106 108 98 15 10 101 39 100 74 99 103 64 84 33 78 36 82 69 2 51 32 5 93 81 94 68 109 83 45 37 31 77 90 23 79 55 107 24 29 27 54 92 46 17 8 9 75 85 7 35 20 11 59 22 42 25 70 44 19 
0 65 97 96 61 18 21 86 63 87 62 48 40 89 4 34 76 73 72 50 14 57 80 66 53 43 71 28 49 67 38 1 6 88 41 30 95 3 13 105 60 104 102 56 58 26 47 12 91 16 52 106 108 98 15 10 101 39 100 74 99 103 64 84 33 78 36 82 69 2 51 32 5 93 81 94 68 109 83 45 37 44 70 25 42 22 59 11 20 35 7 85 75 55 8 17 46 92 54 27 29 24 107 9 79 23 90 77 31 19 
0 65 97 96 61 18 21 86 63 62 48 40 89 4 34 76 73 72 50 14 57 80 66 53 43 71 28 49 67 38 1 6 88 41 30 95 3 13 105 60 104 102 87 56 58 26 47 12 91 16 52 106 108 98 15 10 101 39 100 74 99 103 64 84 33 78 36 82 69 2 51 32 5 93 81 94 68 109 83 45 37 44 70 25 42 22 59 11 20 35 7 85 75 9 8 17 46 92 54 27 29 24 107 55 79 23 90 77 31 19 
0 65 97 96 61 18 21 86 63 87 62 48 40 89 4 34 76 73 72 50 14 57 80 66 53 43 71 28 49 67 38 1 6 88 41 69 82 36 78 33 84 64 103 99 74 100 39 101 10 15 98 108 106 52 16 91 12 47 26 58 56 102 104 60 105 13 3 95 30 2 51 32 5 93 81 94 68 109 83 45 37 44 70 25 42 22 59 11 20 35 7 85 75 9 8 17 46 92 54 27 29 24 107 55 79 23 90 77 31 19 
0 65 97 96 61 18 68 94 81 93 5 32 51 2 69 82 36 78 33 84 64 103 99 74 100 39 101 10 15 98 108 106 52 16 91 12 47 26 58 56 102 104 60 105 13 3 95 30 41 88 6 1 38 67 49 28 71 43 53 66 80 57 14 50 72 73 76 34 4 89 40 48 62 87 63 86 21 109 83 45 37 44 70 25 42 22 59 11 20 35 7 85 75 9 8 17 46 92 54 27 29 24 107 79 23 55 90 77 31 19 
0 65 97 96 61 18 21 86 63 87 62 48 40 89 4 34 76 73 72 50 14 80 66 53 43 71 28 49 67 38 1 68 94 81 93 5 32 51 2 69 82 36 78 33 84 64 103 99 74 100 39 101 10 15 98 108 106 52 16 57 91 12 47 26 58 56 102 104 60 105 13 3 95 30 41 88 6 109 83 45 37 44 70 25 42 22 59 11 20 35 7 85 75 9 8 17 46 92 54 27 29 24 107 55 79 23 90 77 31 19 
0 65 97 96 61 18 21 86 63 87 62 48 1 89 4 34 76 73 72 50 14 57 80 66 53 43 71 28 49 67 38 40 6 88 41 30 95 3 13 105 60 104 102 56 58 26 47 12 91 16 52 106 108 98 15 10 101 39 100 74 99 103 64 84 33 78 36 82 69 2 51 32 5 93 81 94 68 109 83 45 37 44 70 25 42 22 59 11 20 35 7 85 75 9 8 17 46 92 54 27 29 24 107 55 79 23 90 77 31 19 
0 65 97 96 61 18 21 86 63 87 62 1 38 67 49 28 71 43 53 66 80 57 14 50 72 73 76 34 4 89 40 48 6 88 41 30 95 3 13 105 60 104 102 56 58 26 47 12 91 16 52 106 108 98 15 10 101 39 100 74 99 103 64 84 33 78 36 82 69 2 51 32 5 93 81 94 68 109 83 45 37 44 70 25 42 22 59 79 11 20 35 7 85 75 9 8 17 46 92 54 27 29 24 107 55 23 90 77 31 19 
0 65 97 96 61 18 21 86 63 87 62 67 38 1 4 34 76 73 72 50 14 57 80 66 53 43 71 28 49 48 40 89 6 88 41 30 95 3 13 105 60 104 102 56 58 26 47 12 91 16 52 106 108 98 15 10 101 39 100 74 99 103 64 84 33 78 36 82 69 2 51 32 5 93 81 94 68 109 83 45 37 44 70 25 42 22 59 11 20 35 7 85 75 9 8 17 46 92 54 27 29 24 107 55 79 23 90 77 31 19 
0 65 97 96 61 18 21 86 63 87 62 48 40 89 4 34 76 73 72 50 14 57 80 66 53 43 71 28 49 67 38 1 6 88 41 30 95 3 13 105 60 104 102 56 58 26 47 12 91 16 52 109 108 98 15 10 101 39 100 74 99 103 64 84 33 78 36 82 69 2 51 32 5 93 81 94 68 106 83 45 37 44 70 25 42 22 59 11 20 35 7 85 75 9 8 17 46 92 54 27 29 24 107 55 79 23 90 77 31 19 
0 65 97 96 61 18 21 86 63 87 62 48 40 89 4 34 76 73 72 50 14 57 80 66 53 43 71 28 49 67 38 1 6 88 41 30 95 3 13 105 60 104 102 56 58 26 47 12 91 16 52 106 108 98 15 10 101 39 100 74 99 103 64 84 33 78 36 82 69 2 51 32 5 93 81 94 68 109 83 45 37 44 70 25 42 22 59 11 20 35 7 85 75 9 8 17 46 92 54 31 29 24 107 55 79 23 90 77 27 19 
0 65 82 36 78 33 84 64 103 99 74 100 39 101 10 15 98 108 106 52 16 91 12 47 26 58 56 102 104 60 105 13 3 95 30 41 88 6 1 38 67 49 28 71 43 53 66 80 57 14 50 72 73 76 34 4 89 40 48 62 87 63 86 21 18 61 96 97 69 2 51 32 5 93 81 94 68 109 83 45 37 44 70 25 42 22 59 11 20 35 7 85 75 9 8 17 46 92 54 27 29 24 107 55 79 23 90 77 31 19 
0 65 97 96 61 18 21 86 63 87 62 48 40 89 4 34 76 73 72 50 14 57 80 66 53 43 71 28 49 67 38 1 6 88 41 30 95 3 13 105 60 104 102 56 58 26 47 12 91 16 52 106 108 98 15 101 39 100 74 99 103 64 84 33 78 36 82 69 2 51 32 5 93 81 94 68 109 83 45 37 44 70 25 42 22 59 11 10 20 35 7 85 75 9 8 17 46 92 54 27 29 24 107 55 79 23 90 77 31 19 
0 65 97 96 61 18 21 86 63 87 62 48 40 89 4 34 76 73 72 50 14 57 80 66 53 43 71 2 69 82 36 78 33 84 64 103 99 74 100 39 101 10 15 98 108 106 52 16 91 12 47 26 58 56 102 104 60 105 13 3 95 30 41 88 6 1 38 67 49 28 51 32 5 93 81 94 68 109 83 45 37 44 70 25 42 22 59 11 20 35 7 85 75 9 8 17 92 54 27 29 24 107 46 55 79 23 90 77 31 19 
0 65 97 96 61 18 21 86 63 87 62 48 40 89 4 34 76 73 72 50 14 57 80 53 43 71 28 49 67 38 1 6 88 41 30 95 3 13 105 60 104 102 56 81 58 26 47 12 91 16 52 106 66 108 98 15 10 101 39 100 74 99 103 64 84 33 78 36 82 69 2 51 32 5 93 94 68 109 83 45 37 44 70 25 42 22 59 11 20 35 7 85 75 9 8 17 46 92 54 27 29 24 107 55 79 23 90 77 31 19 
0 65 97 96 61 18 21 86 63 87 62 48 40 89 4 34 76 73 72 50 14 57 80 66 53 43 71 28 49 67 38 1 6 88 41 30 95 3 13 105 60 104 102 56 58 26 47 12 91 16 52 106 108 98 15 10 39 100 74 99 103 64 84 33 78 36 82 69 2 51 32 5 93 81 94 68 109 83 101 45 37 44 70 25 42 22 59 11 20 35 7 85 75 9 8 17 46 92 54 27 29 24 107 55 23 90 77 31 79 19 
0 65 97 96 61 18 21 53 66 80 57 14 50 72 73 76 34 4 89 40 48 62 87 63 86 43 71 52 49 67 38 1 6 88 41 30 95 3 13 105 60 104 102 56 58 26 47 12 91 16 28 106 108 98 15 10 101 39 100 74 99 103 64 84 33 78 36 82 69 2 51 32 5 93 81 94 68 109 83 45 37 44 70 25 42 22 59 11 20 35 7 85 75 9 8 17 46 92 54 27 29 24 107 55 79 23 90 77 31 19 
0 65 97 96 61 18 21 86 63 87 62 48 40 89 4 34 76 73 72 50 14 57 80 66 83 43 71 28 49 67 38 1 6 88 41 30 95 3 13 105 60 104 102 56 58 26 47 12 91 16 52 106 108 98 15 10 101 39 100 74 99 103 64 84 33 78 36 82 69 2 51 32 5 93 81 94 68 109 53 45 37 44 70 25 42 22 59 11 20 35 7 85 75 9 8 17 46 92 54 27 29 24 107 55 79 23 90 77 31 19 
0 65 97 96 61 18 21 86 63 87 62 48 40 89 4 34 76 73 72 50 14 57 80 66 53 43 71 28 49 67 38 1 6 88 41 30 95 3 13 83 109 68 105 60 104 102 56 58 26 47 12 91 16 52 106 108 98 15 10 101 39 100 74 99 103 64 84 33 78 36 82 69 2 51 32 5 93 81 94 45 37 44 70 25 42 22 59 11 20 35 7 85 75 9 8 17 46 92 54 29 24 27 107 55 79 23 90 77 31 19 
0 65 97 96 61 18 21 86 63 87 62 48 40 89 4 34 76 73 72 50 14 33 78 36 82 69 2 51 32 5 93 81 94 68 109 83 95 3 13 105 60 104 102 56 58 26 47 12 91 16 52 106 108 98 15 10 101 39 100 74 99 103 64 84 57 80 66 53 43 71 28 49 67 38 1 6 88 41 30 45 37 44 70 25 42 22 59 11 20 35 7 85 75 9 8 17 46 92 54 27 29 24 107 55 79 23 90 77 31 19 
0 65 97 96 61 18 21 86 63 87 62 48 40 74 99 103 64 84 33 78 36 82 69 2 51 43 71 28 49 67 38 1 6 88 41 30 95 3 13 105 60 104 102 56 58 26 47 12 91 16 52 106 108 98 15 10 101 39 100 89 4 34 76 73 72 50 14 57 80 66 53 32 5 93 81 94 68 109 83 45 37 44 70 25 42 22 59 11 20 35 7 85 75 9 8 17 46 92 54 27 29 24 107 55 79 23 90 77 31 19 
0 65 97 96 61 18 21 86 63 87 62 48 40 89 4 34 76 73 72 50 14 57 80 66 53 43 71 28 49 67 38 1 6 88 41 30 95 3 13 105 60 104 56 58 26 47 12 91 16 52 106 108 98 15 10 101 39 100 74 99 103 64 84 33 78 36 82 69 2 51 32 5 93 81 94 68 109 83 45 37 44 102 70 25 42 22 59 11 20 35 7 85 75 9 8 17 46 92 54 27 29 24 107 55 79 23 90 77 31 19 
0 65 97 96 61 18 21 86 63 87 62 48 40 89 4 34 76 73 72 50 14 57 80 66 53 43 71 28 49 67 38 1 6 88 41 30 95 108 13 105 60 104 102 56 58 26 47 12 91 16 52 106 3 98 15 10 101 39 100 74 99 103 64 84 33 78 36 82 69 2 51 32 5 93 81 94 68 109 83 45 37 44 70 25 42 22 59 11 20 35 7 85 75 9 8 17 46 92 54 27 29 24 107 55 79 23 90 77 31 19 
0 65 97 96 61 18 21 86 63 87 78 48 40 89 4 34 76 73 72 50 14 57 80 66 53 43 71 28 49 67 38 1 6 88 41 30 95 3 13 105 60 104 102 56 58 26 47 12 91 16 52 106 108 98 15 10 101 39 100 74 99 103 64 84 33 62 36 82 69 2 51 32 5 93 81 94 68 109 83 45 37 44 70 25 42 22 59 11 20 35 7 85 75 9 8 17 46 92 54 27 29 24 107 55 79 23 90 77 31 19 
0 65 97 96 61 18 21 86 63 87 62 48 40 89 4 34 76 73 72 50 14 57 80 66 53 43 71 28 49 67 38 1 6 88 41 30 95 52 13 105 60 104 102 56 58 26 47 12 91 16 3 106 108 98 15 10 101 39 100 74 99 103 64 84 33 78 36 82 69 2 51 32 5 20 93 81 94 68 109 83 45 37 44 70 25 42 22 59 11 35 7 85 75 9 8 17 46 92 54 27 29 24 107 55 79 23 90 77 31 19 
0 65 97 96 61 18 21 107 24 29 27 54 92 46 17 8 9 75 85 7 35 20 11 59 22 42 25 70 44 37 45 83 109 68 94 81 93 5 32 51 2 69 82 36 78 33 84 64 103 99 74 100 39 101 10 15 98 108 106 52 16 91 12 47 26 58 56 102 104 60 105 13 3 95 30 41 88 6 1 38 67 49 28 71 43 53 66 80 57 14 50 72 73 76 34 4 89 40 48 62 87 63 86 55 79 23 90 77 31 19 
0 65 97 96 61 18 21 86 63 87 62 48 74 89 4 34 76 73 72 50 14 57 80 66 53 43 71 28 49 67 38 1 6 88 41 30 95 3 13 105 60 104 102 56 58 26 47 12 91 16 52 106 108 98 15 10 101 39 100 40 99 103 64 84 33 78 36 82 69 2 51 32 5 93 81 94 68 109 83 45 37 44 70 25 42 22 59 11 20 35 7 85 75 9 27 17 46 92 54 8 29 24 107 55 79 23 90 77 31 19 
0 65 97 96 61 18 21 86 63 87 62 48 40 89 4 34 76 73 72 1 14 57 80 66 53 43 71 28 49 67 38 50 6 88 41 30 95 3 13 105 60 104 102 56 58 26 47 12 91 16 52 106 108 98 15 10 101 39 100 74 99 103 64 84 33 78 36 82 69 2 51 32 5 93 81 94 68 109 83 45 37 44 70 25 42 22 59 11 20 7 85 75 9 8 17 46 92 54 27 29 24 107 55 79 23 35 90 77 31 19 
0 65 97 96 61 18 21 86 63 30 62 48 40 89 4 34 76 73 72 50 14 57 80 66 53 43 71 28 49 67 38 1 6 88 41 87 95 3 13 105 60 104 102 56 58 26 47 12 91 16 52 106 108 98 15 10 101 39 100 74 99 103 64 84 33 78 36 82 69 2 51 32 5 93 81 94 68 109 83 45 37 44 70 25 42 22 59 11 20 35 7 85 75 9 8 17 46 92 54 27 29 24 107 55 79 23 90 77 31 19 
0 65 97 96 61 18 21 86 63 87 62 48 40 89 4 34 76 73 72 50 14 57 80 66 53 43 71 28 49 67 38 1 6 12 91 16 95 3 13 105 60 104 102 56 58 26 47 88 41 30 52 106 108 98 15 10 101 39 100 74 99 103 84 33 78 36 82 69 2 51 32 5 93 81 94 68 109 83 64 45 37 44 70 25 42 22 59 11 20 35 7 85 75 9 8 17 46 92 54 27 29 24 107 55 79 23 90 77 31 19 
0 65 97 96 61 18 86 63 87 62 48 40 89 4 34 76 73 72 50 14 57 80 66 53 43 71 28 49 67 38 1 6 88 41 30 95 3 13 105 60 104 102 56 58 26 47 12 91 16 52 106 108 98 15 10 101 39 100 74 99 103 64 84 33 78 36 82 69 2 51 32 5 93 81 94 68 109 83 45 37 44 70 25 42 22 59 11 20 35 7 85 75 21 9 8 17 46 92 54 27 29 24 107 55 79 23 90 77 31 19 
0 65 97 96 61 14 50 72 73 76 34 89 40 48 62 87 63 86 21 18 57 80 66 53 43 71 28 49 67 38 1 6 88 41 30 95 3 13 105 60 104 102 56 58 26 47 12 4 91 16 52 106 108 98 15 10 101 39 100 74 99 103 64 84 33 78 36 82 69 2 51 32 5 93 81 94 68 109 83 45 37 44 70 25 42 22 59 11 20 35 7 85 75 9 8 17 46 92 54 27 29 24 107 55 79 23 90 77 31 19 
0 65 97 96 61 18 21 86 63 87 62 48 40 89 4 34 76 73 72 50 14 57 80 66 53 43 71 28 49 67 38 1 6 88 41 30 95 3 13 105 60 104 102 56 58 26 47 12 91 16 52 108 98 15 99 101 39 100 74 10 103 64 84 33 78 36 82 69 2 51 32 5 93 81 94 68 109 83 45 37 44 70 25 42 22 59 11 20 35 7 85 75 9 106 8 17 46 92 54 27 29 24 107 55 79 23 90 77 31 19 
0 65 97 96 61 18 21 86 63 87 62 48 40 89 4 34 76 73 72 91 16 52 106 108 53 43 71 28 49 67 38 1 6 88 41 30 95 3 13 105 60 104 102 56 58 26 47 12 50 14 57 80 66 98 15 10 101 39 100 74 99 103 64 84 33 78 36 82 69 2 51 32 5 93 81 94 68 109 83 45 37 44 70 25 42 22 59 11 17 35 7 85 75 9 8 20 46 92 54 27 29 24 107 55 79 23 90 77 31 19 
0 65 97 96 61 18 21 86 63 87 62 48 40 89 4 34 76 73 72 50 14 57 80 66 53 43 71 28 88 49 67 38 1 6 41 30 95 3 13 105 60 104 102 56 58 26 12 91 16 52 106 108 98 15 10 101 39 100 47 99 103 64 84 33 78 36 82 69 2 51 32 74 5 93 81 94 68 109 83 45 37 44 70 25 42 22 59 11 20 35 7 85 75 9 8 17 46 92 54 27 29 24 107 55 79 23 90 77 31 19 
0 99 74 100 39 101 10 15 98 108 106 52 16 91 12 47 26 58 56 102 104 60 105 13 3 95 30 41 88 6 1 38 67 49 28 71 43 53 66 80 57 14 50 72 73 76 34 4 89 40 48 62 87 63 86 21 18 61 96 97 65 103 64 84 33 78 36 82 69 2 51 32 5 93 81 94 68 109 83 45 37 44 70 25 42 22 59 11 20 35 7 85 75 9 8 17 46 92 54 27 29 24 107 55 79 23 90 77 31 19 
0 65 97 96 61 18 21 86 63 87 62 48 40 89 4 34 76 73 72 50 14 57 80 66 53 43 71 28 49 67 38 1 7 35 20 11 59 22 42 25 70 44 37 45 83 109 68 94 81 93 5 32 51 2 69 82 36 78 33 84 64 99 103 74 100 39 101 10 15 98 108 106 52 16 91 12 47 26 58 56 102 104 60 105 13 3 95 30 41 88 6 85 75 9 8 17 46 92 54 27 29 24 107 55 79 23 90 77 31 19 
0 65 97 96 61 18 21 86 63 87 62 48 40 89 4 34 76 73 72 50 14 57 80 66 53 43 71 28 49 67 38 1 6 88 41 30 95 3 13 105 60 104 102 56 58 26 47 12 91 16 52 106 108 98 15 10 101 39 100 74 99 64 84 33 78 36 82 69 2 51 32 5 93 81 94 68 109 83 45 37 44 70 25 42 22 59 11 20 35 7 85 75 9 8 17 46 92 54 27 29 24 107 55 103 79 23 90 77 31 19 
0 65 97 96 61 18 21 86 63 87 62 48 40 89 4 34 76 73 72 50 14 57 80 66 53 43 71 28 49 67 38 1 6 88 41 30 95 3 13 105 60 104 102 56 58 26 47 12 91 16 83 45 37 44 70 25 42 22 59 11 20 35 7 85 75 78 36 82 69 2 51 32 5 93 81 94 68 109 52 106 108 98 15 10 101 39 100 74 99 103 64 84 33 9 8 17 46 92 54 27 29 24 107 55 79 23 90 77 31 19 
0 65 97 96 61 18 21 86 63 87 62 48 40 89 4 34 76 73 72 50 14 57 80 66 53 43 71 28 49 67 38 1 6 88 41 78 36 82 69 2 51 32 5 93 81 94 68 109 83 45 37 44 70 98 15 10 101 39 100 74 99 103 64 84 33 30 95 3 13 105 60 104 102 56 58 26 47 12 91 16 52 106 108 25 42 22 59 11 20 35 7 85 75 9 8 17 46 92 54 27 29 24 107 55 79 23 90 77 31 19 
0 68 109 83 45 37 44 70 25 42 22 59 11 20 4 34 76 73 72 50 14 57 80 66 53 43 71 28 49 67 38 1 6 88 41 30 95 3 13 105 60 104 102 56 58 26 47 12 91 16 52 106 108 98 15 10 101 39 100 74 99 103 64 84 33 78 36 82 69 2 51 32 5 93 81 94 65 97 96 61 18 21 86 63 87 62 48 40 89 35 7 85 75 9 8 17 46 92 54 27 29 24 107 55 79 23 90 77 31 19 
0 65 101 39 100 74 99 103 64 84 33 78 36 82 69 2 51 32 5 93 81 94 68 109 83 45 37 44 70 25 42 22 59 11 20 35 7 85 75 9 8 17 46 92 54 27 29 24 107 55 79 23 90 77 31 19 97 96 61 18 21 86 63 87 62 48 40 89 4 34 76 73 72 50 14 57 80 66 53 43 71 28 49 67 38 1 6 88 41 30 95 3 13 105 60 104 102 56 58 26 47 12 91 16 52 106 108 98 15 10 
0 65 97 96 61 18 21 86 63 87 62 48 40 89 4 34 76 73 72 50 14 57 80 66 53 43 71 28 49 67 38 1 6 88 41 30 95 3 13 105 60 104 102 56 58 26 47 12 91 16 52 106 108 98 15 10 101 39 100 74 84 33 78 36 82 69 2 51 32 5 93 81 94 68 109 83 45 37 44 70 25 42 22 59 11 20 35 7 85 75 9 8 17 46 92 54 27 29 24 107 55 79 23 90 77 31 19 99 103 64 
0 65 97 96 61 18 21 86 63 87 62 48 40 89 4 34 76 73 72 50 14 57 80 66 53 82 69 2 51 32 5 93 81 94 68 109 83 45 37 44 70 25 42 22 59 11 20 35 7 85 75 9 8 17 46 92 54 27 29 24 107 55 79 23 90 77 31 43 71 28 49 67 38 1 6 88 41 30 95 3 13 105 60 104 102 56 58 26 47 12 91 16 52 106 108 98 15 10 101 39 100 74 99 103 64 84 33 78 36 19 
0 65 97 96 61 18 21 86 63 87 62 88 40 89 4 34 76 73 72 50 14 57 80 66 53 43 71 28 48 49 67 38 1 6 41 30 95 3 13 105 60 104 102 56 58 26 47 12 91 16 52 106 108 98 15 10 101 39 100 59 22 42 25 70 44 37 45 83 109 68 94 81 93 5 32 51 2 69 82 36 78 33 84 64 103 99 74 11 20 35 7 85 75 9 8 17 46 92 54 27 29 24 107 55 79 23 90 77 31 19 
0 65 97 96 61 18 21 86 63 87 62 48 40 89 4 34 76 73 72 50 14 57 80 66 53 43 71 28 49 67 38 1 6 88 41 30 95 3 13 105 60 104 102 56 58 26 47 12 91 16 52 106 108 15 10 101 39 100 74 99 103 64 84 33 78 36 82 69 2 51 98 32 5 93 81 94 68 109 83 45 37 44 70 25 42 22 59 11 20 35 7 85 75 9 8 17 46 92 54 27 29 19 107 55 79 23 90 77 31 24 
0 65 10 15 98 108 106 52 16 91 12 47 26 58 56 102 104 60 105 13 3 95 30 41 88 6 1 38 67 49 28 71 43 53 66 80 57 14 50 72 73 76 34 4 89 40 48 63 87 62 86 21 18 61 96 97 101 39 100 74 99 103 64 84 33 78 36 82 69 2 51 32 5 93 81 94 68 109 83 45 37 44 70 25 42 22 59 11 20 35 7 85 75 9 8 17 46 92 54 27 29 24 107 55 79 23 90 77 31 19 
0 65 97 96 61 18 21 46 17 8 9 75 85 7 35 20 11 59 22 42 25 70 44 37 45 83 109 68 94 81 93 5 32 51 2 69 82 36 78 33 84 64 103 99 74 100 39 101 10 15 98 108 106 52 16 91 12 47 26 58 56 102 104 60 105 13 3 95 30 41 88 6 1 38 67 49 28 71 43 53 66 80 57 14 50 72 73 76 34 4 89 40 48 62 87 63 86 92 54 27 29 24 107 55 79 23 90 77 31 19 
0 65 97 96 61 18 21 86 63 87 19 31 77 90 23 79 55 107 24 29 27 54 92 46 17 8 9 75 85 7 35 20 11 59 22 42 25 70 44 37 45 83 109 68 98 94 81 93 5 32 51 2 69 82 36 78 33 84 64 103 99 74 100 39 101 10 15 108 106 52 16 91 12 47 26 58 56 102 104 60 105 13 3 95 30 41 88 6 1 38 67 49 28 71 43 53 66 80 57 14 50 72 73 76 34 4 89 40 48 62 
0 65 97 96 61 18 21 86 63 87 62 48 40 89 4 34 76 73 72 50 14 57 80 66 39 100 74 99 103 64 84 33 78 36 82 69 2 51 32 5 93 81 94 68 109 83 45 37 44 70 25 42 22 59 11 20 101 53 43 71 28 49 67 38 1 6 88 41 30 95 3 13 105 60 104 102 56 58 26 47 12 91 16 52 106 108 98 15 10 35 7 75 9 8 17 46 92 85 54 27 29 24 107 55 79 23 90 77 31 19 
0 65 97 96 61 18 21 86 63 87 62 48 40 89 4 34 76 73 72 50 14 57 80 66 53 43 71 28 49 67 38 1 6 88 41 30 95 3 13 105 60 104 102 56 58 26 47 12 91 16 52 106 93 81 94 11 108 98 15 10 101 64 103 99 74 100 39 84 33 78 36 82 69 2 51 32 5 68 109 83 45 37 44 70 25 42 22 59 20 35 7 85 75 9 27 17 46 92 54 8 29 24 107 55 79 23 90 77 31 19 
0 65 97 96 61 18 46 21 86 63 87 62 48 40 89 4 34 76 73 72 50 14 57 80 66 53 43 71 28 49 67 38 1 6 88 41 30 95 3 13 105 60 104 102 56 58 26 47 12 91 16 52 106 108 98 15 10 101 39 100 74 99 103 64 84 33 78 36 82 69 2 51 32 5 93 81 94 68 109 83 45 37 44 70 25 42 22 59 11 20 35 7 85 75 9 8 17 92 54 27 29 24 107 55 79 23 90 77 31 19 
0 65 97 96 61 18 21 86 63 87 62 48 40 89 4 34 76 73 72 50 14 57 80 66 53 43 71 28 49 67 38 1 6 88 41 30 95 3 13 105 60 104 102 56 58 26 47 12 91 16 52 106 108 98 15 10 101 39 100 74 99 103 64 84 33 78 36 82 22 2 51 32 5 93 81 94 68 109 83 45 37 44 70 25 42 69 59 11 20 35 7 85 75 9 8 17 46 92 27 29 24 107 55 79 23 90 77 31 19 54 
0 65 97 96 61 18 21 86 63 87 62 48 40 89 4 34 76 73 72 50 14 57 80 66 53 43 71 28 49 67 38 1 6 88 41 30 95 3 13 105 60 104 102 56 58 26 47 12 91 16 52 106 108 98 15 10 101 39 100 74 99 103 64 84 33 78 36 82 69 2 51 32 5 93 55 107 24 29 27 54 92 46 17 8 9 75 85 7 35 20 11 59 22 25 70 44 37 45 83 109 68 94 81 79 23 90 77 31 19 42 
0 65 97 96 61 88 21 86 63 87 62 48 40 89 4 34 76 73 72 50 14 57 80 66 53 43 71 28 49 67 38 1 6 18 41 30 95 3 13 105 60 104 102 56 58 26 47 12 91 16 52 106 108 98 15 10 101 39 100 74 99 103 64 84 33 78 36 82 69 2 51 32 5 93 81 94 68 109 83 45 37 44 70 25 42 22 59 11 20 35 7 85 75 9 8 17 46 92 54 27 29 24 107 55 79 23 90 77 31 19 
0 65 97 96 61 18 21 86 63 87 62 48 40 89 4 34 76 73 72 50 14 57 80 66 53 43 71 28 49 67 38 1 6 88 41 30 95 3 13 105 60 104 102 56 58 26 47 12 91 16 52 106 108 37 44 70 25 42 22 59 11 20 35 7 85 75 9 8 17 46 92 54 27 29 24 107 55 79 23 45 98 15 10 101 39 100 74 99 103 64 84 33 78 36 82 69 2 51 32 5 93 81 94 68 109 83 90 77 31 19 
0 65 97 96 61 18 21 86 63 87 82 48 40 89 4 34 76 73 72 50 14 57 80 66 53 43 71 28 49 67 38 1 6 88 41 30 95 3 13 105 60 104 102 56 58 26 47 12 91 16 52 106 108 98 15 10 101 39 100 74 99 103 64 84 33 78 36 62 69 2 51 32 5 93 81 94 68 109 83 45 37 44 70 25 42 22 46 17 8 9 75 85 7 35 20 11 59 92 54 27 29 24 107 55 79 23 90 77 31 19 
0 65 97 96 61 18 21 86 63 87 62 48 40 89 4 34 73 72 50 14 57 80 66 53 43 71 28 49 67 38 1 6 88 39 101 10 15 98 108 106 52 16 91 12 47 26 58 56 102 104 60 105 13 3 76 95 30 41 100 74 99 103 64 84 33 78 36 82 69 2 51 32 5 93 81 94 68 109 83 45 37 44 70 25 42 22 59 11 20 35 7 85 75 9 8 17 46 92 54 27 29 24 107 55 79 23 90 77 31 19 
0 65 97 96 61 18 21 86 104 87 62 48 40 89 4 34 76 73 72 50 63 14 57 80 66 53 43 71 28 49 67 38 1 6 88 41 30 95 3 13 105 60 102 56 58 26 47 12 91 16 52 106 108 98 15 10 101 39 100 74 99 103 64 84 33 78 36 82 69 2 51 32 5 93 81 94 68 109 83 45 37 44 70 25 42 22 59 11 20 35 7 85 75 9 8 17 46 92 54 27 29 24 107 55 79 23 90 77 31 19 
0 65 97 96 61 18 21 86 63 87 62 48 40 89 4 34 76 73 72 50 14 57 80 66 53 43 71 28 49 67 38 1 6 88 41 107 24 29 27 54 92 46 17 8 9 75 85 7 35 20 11 59 22 42 25 70 44 37 45 83 109 68 94 81 93 5 32 51 2 69 82 36 78 33 84 64 103 99 74 100 39 101 10 15 98 108 106 52 16 91 12 47 26 58 56 102 104 60 105 13 3 95 30 55 79 23 90 77 31 19 
0 65 97 96 61 18 21 86 63 87 62 48 40 89 4 34 76 73 72 50 14 57 80 66 36 82 69 2 51 32 5 70 81 94 68 109 83 45 37 44 93 25 42 22 59 11 20 35 7 85 75 9 8 17 46 92 54 27 29 24 107 55 79 84 33 78 53 43 71 28 49 67 38 1 6 88 41 30 95 3 13 105 60 104 102 56 58 26 47 12 91 16 52 106 108 98 15 10 101 39 100 74 99 103 64 23 90 77 31 19 
0 65 97 96 61 18 21 86 63 87 62 48 40 89 4 34 76 73 72 50 14 57 80 66 53 43 71 95 49 67 38 1 6 88 41 30 28 3 13 105 60 104 102 56 58 26 47 12 91 69 2 51 32 5 93 10 101 39 100 74 99 103 64 84 33 78 36 82 16 52 106 108 98 15 81 94 68 109 83 45 37 44 70 25 42 22 59 11 20 35 7 85 75 9 8 17 46 92 54 27 29 24 107 55 79 23 90 77 31 19 
0 65 97 96 61 18 21 86 63 87 62 48 40 89 4 74 76 73 72 50 14 57 80 66 53 43 71 28 49 67 38 1 6 88 41 30 95 3 13 105 60 104 102 56 58 47 12 91 16 52 106 108 98 15 10 101 39 100 34 99 103 64 84 33 78 36 82 69 2 51 32 5 93 81 94 68 109 83 45 37 44 26 70 25 42 22 59 11 20 35 7 85 75 9 8 17 46 92 54 27 29 24 107 55 79 23 90 77 31 19 
0 65 97 96 61 18 21 86 63 87 62 48 40 89 4 34 76 73 72 50 14 57 80 66 53 43 71 28 49 67 38 1 6 88 41 30 95 3 13 105 60 104 102 56 58 26 47 12 91 16 52 106 108 42 15 10 101 39 100 74 99 103 64 84 33 78 36 82 69 2 51 32 5 93 81 94 68 109 83 45 37 44 70 25 98 22 59 11 20 35 7 85 75 9 8 17 46 92 54 27 29 24 107 55 79 23 90 77 31 19 
0 65 97 96 61 18 21 86 63 87 62 48 40 89 4 34 76 73 72 50 14 57 80 66 53 43 71 28 49 67 38 1 6 88 41 30 3 13 105 60 104 102 56 58 26 47 12 91 16 52 106 108 98 15 10 101 39 100 74 99 103 64 84 33 78 36 82 69 2 51 32 5 93 81 94 68 109 83 45 37 44 70 25 42 22 59 11 20 35 7 85 75 9 8 17 46 92 54 27 29 24 107 55 79 23 90 77 31 95 19 
0 65 97 96 61 18 21 86 63 87 62 48 30 89 4 34 76 73 72 50 14 57 80 66 53 43 71 28 49 67 38 1 6 88 41 40 95 3 13 105 60 104 102 56 58 26 47 12 91 16 52 106 108 98 15 10 101 39 100 74 99 103 64 84 33 78 36 82 69 2 51 32 5 93 81 94 68 109 83 45 37 44 27 54 92 46 17 8 9 75 85 7 35 20 11 59 22 42 25 70 29 24 107 55 79 23 90 77 31 19 
0 65 97 96 61 18 21 86 63 87 62 48 33 89 4 34 76 73 72 50 14 57 15 98 108 106 52 16 91 12 47 26 58 56 38 1 6 88 41 30 95 3 13 105 60 104 102 67 49 28 71 43 53 66 80 10 101 39 100 74 99 103 64 84 40 78 36 82 69 2 51 32 5 93 81 68 109 83 45 37 44 70 25 42 22 59 11 20 35 7 85 75 9 8 17 46 92 54 27 29 24 107 55 79 23 90 77 31 19 94 
0 65 97 96 61 18 21 86 63 87 62 48 84 33 78 36 82 69 2 51 32 5 93 81 94 68 109 83 45 37 44 70 25 42 22 59 11 20 35 7 85 75 9 8 17 46 92 54 27 29 24 107 55 79 23 90 77 31 19 74 99 103 64 40 89 4 34 76 73 72 50 14 57 80 66 53 43 71 28 49 67 38 1 6 88 41 30 95 3 13 105 60 104 102 56 58 26 47 12 91 16 52 106 108 98 15 10 39 101 100 
0 65 97 96 61 18 21 86 63 87 62 48 40 89 4 34 76 73 72 50 14 57 80 66 53 43 71 28 49 67 38 1 6 88 41 30 95 3 13 60 104 102 56 58 26 47 12 91 16 52 106 108 98 15 10 101 39 100 74 99 103 64 84 33 78 36 82 69 2 51 32 5 93 81 94 68 109 83 45 37 44 70 25 42 22 59 11 20 35 7 85 75 9 8 17 46 92 54 27 29 24 107 55 79 105 23 90 77 31 19 
0 65 97 96 61 18 21 86 63 87 62 48 40 89 4 34 76 73 72 50 14 57 80 66 53 43 71 28 49 67 38 1 6 88 41 30 95 3 13 105 60 104 102 56 58 26 47 12 91 16 52 106 108 31 98 15 10 101 39 100 74 99 103 64 84 33 78 36 82 69 2 51 32 5 93 81 94 68 109 83 45 37 44 70 25 42 22 59 11 20 35 7 8 75 9 85 17 46 92 54 27 29 24 107 55 79 23 90 77 19 
0 65 97 96 61 73 76 34 4 89 40 48 62 87 63 86 21 18 72 50 14 57 80 66 53 43 71 28 49 67 38 1 6 88 41 30 95 3 13 105 60 104 102 56 58 26 47 12 91 16 52 106 108 98 15 10 101 39 100 74 99 103 64 84 33 78 36 82 69 2 51 32 5 54 81 94 68 109 83 45 37 44 70 25 42 22 59 11 20 35 7 85 75 9 8 17 46 92 93 27 29 24 107 55 79 23 90 77 31 19 
0 65 97 96 61 18 21 86 63 87 62 48 40 89 4 34 76 73 72 50 14 57 80 66 53 43 71 28 6 1 38 67 49 88 41 30 95 3 13 105 60 104 102 56 58 26 47 107 24 29 27 54 92 46 17 8 9 75 85 7 35 20 11 59 22 42 25 70 44 37 45 83 109 68 94 81 93 5 32 51 2 69 82 36 78 33 84 64 103 99 74 100 39 101 10 15 98 108 106 52 16 91 12 55 79 23 90 77 31 19 
0 65 97 96 61 18 21 86 63 87 62 48 40 89 4 34 76 73 72 50 14 57 80 66 53 43 71 28 49 67 38 1 6 88 41 30 95 3 13 105 93 81 94 68 109 83 45 37 44 70 25 42 22 59 11 20 35 7 85 75 9 8 17 46 92 54 27 29 24 107 55 79 5 60 104 102 56 58 26 47 12 91 16 52 106 108 98 15 10 101 39 100 74 99 103 64 84 33 78 36 82 69 2 51 32 23 90 77 31 19 
0 65 97 96 61 18 21 86 63 87 62 48 40 12 47 26 58 56 78 36 82 69 2 51 32 5 93 81 94 68 109 83 45 37 42 25 70 44 22 59 11 20 35 7 85 102 104 60 105 13 3 95 30 41 88 6 1 38 67 49 28 71 43 53 66 80 57 14 50 72 73 76 34 4 89 91 16 52 106 108 98 15 10 101 39 100 74 99 103 64 84 33 75 9 8 17 46 92 54 27 29 24 107 55 79 23 90 77 31 19 
0 65 97 96 61 18 21 86 63 87 62 48 40 89 4 34 76 73 72 3 95 30 41 88 6 1 38 67 49 28 71 43 53 66 80 57 14 50 13 105 60 104 102 56 58 26 47 12 91 16 52 106 108 98 15 10 101 39 100 74 99 103 20 84 33 78 36 82 69 2 51 5 64 93 81 94 68 109 83 45 37 44 70 25 42 22 59 32 11 35 7 85 75 9 8 17 46 92 54 27 29 24 107 55 79 23 90 77 31 19 
0 65 97 96 61 18 21 86 63 87 62 48 40 89 4 34 76 73 72 50 14 57 80 66 53 43 71 28 49 67 38 1 6 88 41 30 95 3 13 105 60 104 102 56 58 26 47 12 91 16 52 106 108 98 15 10 101 39 100 74 99 103 64 84 33 78 36 82 69 2 51 32 5 93 81 94 77 109 83 45 37 44 70 25 42 22 59 11 20 35 7 85 75 9 8 17 46 92 54 27 29 24 107 55 79 23 90 68 31 19 
0 65 97 96 61 18 21 86 63 87 62 48 40 89 4 34 73 72 50 14 57 80 66 53 43 71 28 49 67 38 1 6 88 39 101 10 15 98 108 106 52 16 91 12 47 26 58 56 102 104 60 105 13 3 76 95 30 41 100 74 99 103 64 84 33 78 36 82 69 2 51 32 5 93 81 94 68 109 83 45 37 44 70 25 42 22 59 11 20 35 7 29 75 9 8 17 46 92 54 27 85 24 107 55 79 23 90 77 31 19 
0 65 97 96 61 18 21 86 63 87 62 48 40 89 4 34 76 72 50 14 79 55 107 24 29 27 54 92 46 17 8 9 75 85 7 35 20 11 59 73 22 42 25 70 44 37 45 83 109 68 94 81 93 5 32 51 2 69 82 36 78 33 84 64 103 99 74 100 39 101 10 15 98 108 106 52 16 91 12 47 26 58 56 102 104 60 105 13 3 95 30 41 88 6 1 38 67 49 28 71 43 53 66 80 57 23 90 77 31 19 
0 65 6 96 61 18 21 86 63 87 62 48 40 89 4 34 76 73 72 50 14 57 80 66 53 43 71 28 49 67 38 1 97 88 41 30 95 3 13 105 60 104 102 56 58 26 47 12 91 16 52 106 108 98 15 10 101 39 100 74 99 103 64 84 33 78 36 82 69 2 51 32 5 93 81 94 68 109 83 45 37 44 70 25 42 22 59 11 20 35 7 85 75 9 8 17 46 92 54 27 29 24 107 55 79 23 90 77 31 19 
0 65 97 96 61 18 21 86 63 87 62 59 22 42 25 70 44 37 45 83 109 68 94 81 93 5 32 51 2 69 82 36 78 33 84 64 103 99 100 39 101 10 15 98 108 106 52 16 91 12 47 26 58 56 102 104 60 105 13 3 95 30 41 88 6 1 38 67 49 28 71 43 53 66 80 57 14 50 72 73 76 34 4 89 40 48 11 20 35 7 85 75 9 8 17 46 92 54 27 29 24 107 55 79 23 90 77 74 31 19 
0 65 97 96 61 18 21 86 63 87 62 48 40 89 4 34 76 73 72 50 14 57 80 66 53 43 71 28 49 67 38 44 6 88 41 30 95 3 13 105 60 104 102 56 58 26 47 12 91 16 52 106 108 98 15 10 101 39 100 74 99 103 64 84 33 78 36 82 69 2 51 32 5 93 81 94 68 109 83 45 37 1 70 25 42 22 59 20 35 7 85 75 9 11 8 46 17 92 54 27 29 24 107 55 79 23 90 77 31 19 
0 65 97 96 61 18 46 17 8 9 75 85 7 35 20 11 59 22 42 25 70 44 37 45 83 109 68 94 81 93 5 32 51 2 69 82 36 78 33 84 64 103 99 74 100 39 101 10 15 98 108 106 52 16 91 12 47 26 58 56 102 104 60 105 13 21 86 63 87 62 48 40 89 4 34 76 73 72 50 14 57 80 66 53 43 71 28 49 67 38 1 6 88 41 30 95 3 92 54 27 29 24 107 55 79 23 90 77 31 19 
0 65 97 96 61 18 21 86 63 87 62 48 40 89 4 34 76 73 72 50 14 57 80 66 53 43 71 28 49 58 38 1 6 70 41 30 95 3 13 105 60 104 102 56 67 26 47 12 91 16 52 106 108 98 15 10 101 39 100 74 99 103 64 84 33 78 36 82 69 2 51 32 5 93 81 94 68 109 83 45 37 44 88 25 42 22 59 11 20 35 7 85 75 9 8 17 46 92 54 27 29 24 107 55 79 23 90 77 31 19 
0 65 97 96 61 18 21 86 63 87 62 48 40 89 4 34 76 84 33 78 36 82 69 2 51 32 28 71 43 53 66 80 57 14 50 72 73 64 103 99 74 100 39 101 10 15 98 54 92 46 17 8 9 75 85 7 35 20 11 59 22 42 25 70 44 37 45 83 109 68 94 81 93 5 49 67 38 1 6 88 41 30 95 3 13 105 60 104 102 56 58 26 47 12 91 16 52 106 108 27 29 24 107 55 79 23 90 77 31 19 
0 65 97 96 61 18 21 86 63 87 62 48 40 89 4 34 76 73 72 50 14 57 80 66 53 43 71 28 49 67 20 1 6 88 41 30 95 3 13 105 60 104 102 56 58 26 47 12 91 16 52 106 108 98 15 10 101 39 100 74 99 103 64 84 33 78 36 82 69 2 51 32 5 93 81 94 68 109 83 45 37 44 70 25 42 22 59 11 38 35 7 85 75 9 8 17 46 92 54 27 29 24 107 55 79 23 90 77 31 19 
0 65 97 96 61 18 21 86 63 87 100 48 40 89 4 34 76 73 72 50 14 57 80 66 53 43 71 28 49 67 38 1 6 88 41 95 3 13 105 60 104 102 56 30 58 26 47 12 91 16 52 106 108 98 15 10 101 39 62 74 99 103 64 84 33 78 36 82 2 51 32 5 93 81 69 94 68 109 83 45 37 44 70 25 42 22 59 11 20 35 7 85 75 9 8 17 46 92 54 27 29 24 107 55 79 23 90 77 31 19 
0 65 97 96 61 18 21 86 63 87 62 48 40 89 4 34 76 73 72 50 14 57 80 66 53 43 71 28 49 67 38 1 6 88 41 30 95 3 13 105 60 104 102 22 58 26 47 12 91 16 52 106 108 98 15 10 101 39 100 74 99 103 64 84 33 78 36 82 69 2 51 32 5 93 81 94 68 109 83 45 37 44 70 25 42 56 59 11 20 35 7 85 75 9 8 17 46 92 54 27 29 24 107 55 79 23 90 77 31 19 
0 65 97 96 61 18 21 23 63 87 62 48 40 89 4 34 76 73 72 50 14 57 80 66 53 43 71 28 49 67 38 1 6 88 41 30 95 3 13 105 60 104 102 56 58 26 47 12 91 16 52 106 108 98 15 10 101 39 100 74 99 103 64 84 33 78 36 82 69 2 51 32 5 93 81 94 68 109 83 45 37 44 70 25 42 22 59 11 20 35 7 85 75 9 8 17 46 92 54 27 29 24 107 55 79 86 90 77 31 19 
0 65 97 96 61 18 84 86 63 87 62 48 40 89 4 34 76 73 72 14 57 80 66 53 43 50 71 28 49 67 38 1 6 88 41 30 95 3 13 105 60 104 102 56 58 26 47 12 91 16 52 106 108 98 15 10 101 39 100 74 99 103 64 21 33 78 36 82 69 2 51 32 5 93 81 94 68 109 83 45 37 44 70 25 42 22 59 11 20 35 7 85 75 9 8 17 46 92 54 27 29 24 107 55 79 23 90 77 31 19 
0 65 97 96 61 18 21 103 63 87 62 48 40 89 4 34 76 73 72 50 14 57 80 66 53 43 71 28 49 67 38 1 6 88 41 30 95 3 13 105 60 104 102 56 58 26 47 12 91 16 52 106 108 98 15 10 101 39 100 74 99 86 64 84 33 78 36 82 69 2 51 32 5 93 81 94 68 109 83 45 37 44 70 25 42 22 59 11 20 35 7 85 75 9 8 17 46 92 54 27 29 24 107 55 79 23 90 77 31 19 
0 65 97 96 61 18 21 86 63 87 62 48 40 89 4 34 76 73 72 50 14 57 80 66 53 43 71 28 49 67 38 1 6 88 41 30 95 3 13 105 60 104 47 102 56 58 26 12 91 16 52 106 108 98 15 10 101 39 100 74 99 103 64 84 33 78 36 82 69 2 51 107 55 79 23 90 77 31 19 37 44 70 25 42 22 59 11 20 35 7 85 75 9 8 17 46 32 92 54 27 29 24 5 93 81 94 68 109 83 45 
0 65 97 96 61 18 21 86 63 87 62 48 40 89 4 34 76 101 10 15 98 108 106 52 16 91 12 47 26 58 56 102 104 60 105 13 3 95 30 41 88 6 1 38 67 49 28 71 43 53 66 80 57 14 50 72 73 39 100 74 99 103 64 84 33 78 36 82 69 2 51 32 5 93 81 24 68 109 83 45 37 44 70 25 42 22 59 11 20 35 7 85 75 9 8 17 46 92 54 27 29 94 55 79 107 23 90 77 31 19 
0 65 97 96 61 18 21 86 63 87 62 48 40 89 4 24 76 73 72 50 14 57 80 66 53 43 71 28 49 67 38 1 6 88 41 30 95 3 13 105 60 104 102 56 58 26 47 12 91 16 52 106 108 98 15 10 101 39 100 74 99 103 64 84 33 78 36 82 69 2 51 32 5 93 81 94 68 109 83 45 37 44 70 25 42 22 59 11 20 35 7 85 75 9 8 17 46 92 54 27 29 34 107 55 79 23 90 77 31 19 
0 65 97 96 61 48 21 86 63 87 62 18 40 89 4 34 76 73 72 50 14 57 80 66 53 43 71 28 67 38 1 6 88 41 30 95 3 13 105 60 104 102 56 58 26 47 12 91 16 52 106 108 98 15 10 101 39 100 74 99 103 64 84 33 78 36 82 69 2 51 32 5 93 81 94 68 109 83 45 37 44 70 25 42 22 59 11 20 35 7 85 75 9 8 17 46 92 54 27 29 24 107 55 49 79 23 90 77 31 19 
0 65 97 96 61 18 21 86 63 87 62 48 40 89 4 34 76 11 20 35 7 85 75 9 8 17 46 92 54 27 29 24 107 55 79 23 90 77 31 19 60 104 102 56 58 26 47 12 91 16 52 106 108 98 15 10 101 39 100 74 99 103 64 84 33 78 36 82 69 2 51 32 5 93 81 94 68 109 83 45 37 44 70 25 42 22 59 73 72 50 14 57 80 66 53 43 71 28 49 67 38 1 6 88 41 30 95 3 13 105 
0 65 97 96 61 18 21 86 63 87 62 48 40 89 4 34 76 73 72 50 14 57 80 66 53 43 71 28 49 67 38 1 6 88 41 30 95 3 13 105 60 104 102 58 26 47 12 91 16 52 106 108 98 15 10 101 39 100 74 99 103 64 84 33 78 36 82 69 2 51 32 5 93 81 94 68 109 83 45 37 44 70 25 42 90 77 31 19 20 35 7 85 75 9 8 17 46 92 54 27 29 24 107 55 79 23 56 22 59 11 
0 65 97 96 61 18 21 86 63 87 62 48 40 89 4 34 76 73 72 50 14 57 80 66 53 43 71 28 67 49 38 1 6 88 41 30 95 3 13 105 60 104 102 56 58 22 59 11 20 35 7 85 75 9 8 17 46 92 54 27 29 24 107 55 33 78 36 82 69 2 51 32 5 93 81 94 68 109 83 45 37 44 70 25 42 26 47 12 91 16 52 106 108 98 15 10 101 39 100 74 99 103 64 84 79 23 90 77 31 19 
0 65 97 96 61 18 21 86 63 87 62 48 40 89 4 34 76 73 72 50 14 57 80 66 53 43 71 28 49 67 38 1 6 88 41 30 95 3 13 105 60 104 102 56 58 26 47 12 91 16 52 106 108 98 15 10 101 39 100 42 22 59 64 84 33 78 36 82 69 2 51 32 5 93 81 94 68 109 83 45 37 44 70 25 74 99 8 9 75 85 7 35 20 11 103 17 46 92 54 27 29 24 107 55 79 23 90 77 31 19 
0 65 97 96 61 18 21 86 63 87 62 48 40 4 34 76 73 72 50 14 57 80 66 53 43 71 28 49 67 38 1 6 88 41 30 95 3 13 60 104 102 56 58 26 47 12 91 16 105 52 106 108 109 15 10 101 89 39 100 74 99 103 64 84 33 78 36 82 69 2 51 32 5 93 81 94 68 98 83 45 37 44 70 25 42 22 46 17 8 9 75 85 7 35 20 11 59 92 54 27 29 24 107 55 79 23 90 77 31 19 
0 65 97 39 100 74 99 103 64 84 33 78 36 82 69 2 51 32 5 93 81 94 68 109 83 45 37 44 70 25 42 22 59 11 20 35 7 85 75 9 8 17 46 92 54 27 29 24 107 55 79 23 90 77 31 10 101 96 61 18 21 86 63 87 62 48 40 89 4 34 76 73 72 50 14 57 80 66 53 43 71 28 49 67 38 1 6 88 41 30 95 3 13 105 60 104 102 56 58 26 47 12 91 16 52 106 108 98 15 19 
0 65 97 96 63 18 21 86 61 74 99 103 64 84 33 78 36 82 69 2 51 32 5 93 81 94 68 109 83 45 37 44 70 25 42 22 59 11 20 35 7 85 75 9 58 26 47 12 91 16 52 106 108 98 15 10 101 39 100 87 62 48 40 89 4 34 76 73 72 50 14 57 80 66 53 43 71 28 49 67 38 1 6 88 41 30 95 3 13 105 60 104 102 56 8 17 46 92 54 27 29 24 107 55 79 23 90 77 31 19 
0 65 97 96 61 18 21 86 63 87 62 48 40 89 4 34 76 73 72 11 20 35 7 85 75 9 8 17 46 92 54 27 29 24 107 55 95 3 13 105 60 104 102 56 58 26 47 12 91 16 52 106 108 98 15 10 101 39 100 74 99 103 64 84 33 78 36 82 69 2 51 32 5 93 81 94 68 109 83 45 37 44 70 25 42 22 59 50 14 57 80 66 53 43 71 28 49 67 38 1 6 88 41 30 79 23 90 77 31 19 
0 65 97 96 61 18 21 86 63 87 62 48 40 89 4 34 76 73 23 50 14 57 80 66 53 43 71 28 49 67 38 1 6 88 41 30 95 3 13 105 60 104 102 56 58 26 47 12 91 16 52 106 108 98 15 10 101 39 100 74 99 103 64 84 33 78 36 82 69 2 51 32 5 93 81 94 68 109 83 45 37 44 70 25 42 22 59 11 20 35 7 85 75 9 8 17 46 92 54 27 29 24 107 55 79 72 90 77 31 19 
0 65 97 96 39 100 74 99 103 64 84 33 78 36 82 69 2 51 32 5 93 81 94 68 109 83 45 37 44 70 25 42 22 59 11 20 35 7 85 75 9 8 17 46 92 54 27 29 24 107 55 79 23 90 77 31 101 61 18 21 86 63 87 62 48 40 89 4 34 76 73 72 50 14 57 80 66 53 43 71 28 49 67 38 1 6 88 41 30 95 3 13 105 60 104 102 56 58 26 47 12 91 16 52 106 108 98 15 10 19 
0 65 97 96 61 18 84 33 78 36 82 69 2 51 32 5 93 81 94 68 109 83 45 37 44 70 25 42 22 59 11 20 35 7 85 75 9 8 17 46 92 54 27 29 24 107 55 79 23 90 77 31 19 98 15 10 101 39 100 74 21 86 63 87 62 48 40 89 4 34 76 73 72 50 14 57 80 66 53 43 71 28 49 67 38 1 6 88 41 30 95 3 13 105 60 104 102 56 58 26 47 12 91 16 52 106 108 99 103 64 
0 65 97 96 61 18 21 86 63 87 62 48 40 89 4 34 76 73 72 50 14 57 80 66 53 43 71 28 49 67 38 1 6 12 91 95 3 13 105 78 33 84 64 103 99 74 100 39 101 10 15 98 108 106 52 30 41 88 47 26 58 56 102 104 60 36 82 69 2 51 32 5 93 81 94 68 109 83 45 37 44 70 25 42 22 59 11 20 35 7 85 75 9 8 17 46 92 54 16 27 29 24 107 55 79 23 90 77 31 19 
0 65 97 96 61 18 21 86 63 87 62 48 40 89 4 34 76 73 72 50 14 57 80 66 53 43 71 28 49 67 38 42 22 59 11 20 35 7 85 75 9 8 17 46 92 54 27 29 24 107 55 79 23 90 15 10 101 39 100 74 99 103 64 84 33 78 36 82 69 2 51 32 5 93 81 94 68 109 83 45 37 44 70 25 1 6 88 41 30 95 3 13 105 60 104 102 56 58 26 47 12 91 16 52 106 108 98 77 31 19 
0 65 97 96 61 18 21 86 63 87 62 48 40 89 4 34 76 73 72 50 14 57 80 66 53 43 109 68 94 81 93 5 32 51 2 69 1 82 36 78 104 83 71 28 49 67 38 6 88 41 30 95 3 13 105 60 33 84 64 103 99 74 100 39 101 10 15 98 108 106 52 16 91 12 47 26 58 56 102 45 37 44 70 25 42 22 59 11 20 35 7 85 75 9 8 17 46 92 54 27 29 24 107 55 79 23 90 77 31 19 
0 65 97 96 61 18 21 86 63 87 62 48 40 89 4 34 76 73 72 50 82 78 33 84 64 103 99 74 29 39 101 10 15 98 108 106 52 16 91 12 47 26 58 56 102 104 60 105 13 3 95 30 41 88 6 1 38 67 49 28 71 43 53 66 80 57 14 69 2 51 32 5 93 81 94 68 36 109 83 45 37 44 70 25 42 22 59 11 20 35 7 85 75 9 8 17 46 92 54 27 100 24 107 55 79 23 90 77 31 19 
0 65 97 96 61 18 21 86 63 1 67 49 28 71 43 53 66 80 57 14 50 72 73 76 34 4 89 40 48 62 87 6 88 41 78 36 82 69 2 51 32 5 93 81 94 68 109 83 45 37 44 70 98 15 10 101 39 100 74 99 103 38 64 84 33 30 95 3 13 105 60 104 102 56 58 26 47 12 91 16 52 106 108 25 42 22 59 11 20 35 7 85 75 9 8 17 46 92 54 27 29 24 107 55 79 23 77 31 90 19 
0 65 46 96 61 18 21 86 63 87 62 48 40 89 4 34 76 73 72 50 14 57 80 66 53 43 71 28 49 67 38 1 6 88 41 30 95 3 13 105 60 104 102 56 58 26 47 12 91 16 52 106 108 98 15 10 101 39 100 74 99 103 64 84 33 78 36 82 59 11 20 35 7 85 75 9 8 97 17 92 54 27 29 24 107 55 69 2 51 32 5 93 81 94 68 109 83 45 37 44 70 25 42 22 79 23 90 77 31 19 
0 65 97 96 61 18 21 86 63 87 62 48 40 89 4 34 76 73 72 50 14 57 80 66 53 43 71 28 49 67 38 1 6 88 41 30 95 3 13 105 60 104 102 56 58 26 47 12 91 16 52 106 108 98 15 10 101 79 100 74 99 103 64 84 33 78 36 82 69 2 51 32 5 93 81 94 68 109 83 45 37 44 70 25 42 22 59 11 20 35 7 85 75 9 8 17 46 92 54 27 29 24 107 55 39 23 90 77 31 19 
0 65 97 96 61 18 21 86 63 87 62 48 40 89 4 34 76 73 72 50 14 57 80 66 53 43 71 28 49 67 38 1 6 88 41 30 95 3 13 105 60 104 102 56 58 75 9 8 17 46 92 54 27 29 24 107 55 79 23 90 77 31 19 84 33 78 36 82 69 2 51 32 5 93 81 94 68 109 83 45 37 44 70 25 42 22 59 11 20 35 7 85 26 47 12 91 16 52 106 98 15 108 10 101 39 100 74 99 103 64 
0 65 97 96 61 18 21 86 63 87 62 48 40 89 4 34 76 73 72 50 14 57 80 66 53 43 71 28 49 67 38 1 6 88 41 30 95 3 13 105 60 104 102 56 58 26 47 12 91 16 52 106 108 98 15 10 90 23 79 55 24 29 27 54 92 46 17 8 9 75 85 7 35 20 11 59 22 42 25 70 44 37 45 83 109 68 94 81 93 5 103 51 2 69 82 36 78 33 84 64 32 99 74 100 39 101 77 31 19 107 
0 65 97 96 61 18 21 86 63 87 62 48 4 89 40 34 76 73 72 50 14 57 80 66 53 43 71 28 49 67 38 1 6 88 41 30 95 3 13 105 60 104 102 56 58 26 47 12 91 16 52 106 108 98 15 10 101 39 100 74 99 103 64 33 78 36 82 69 2 51 32 5 93 81 24 68 109 83 45 37 44 70 25 42 22 59 11 20 35 7 85 75 9 8 17 46 92 54 84 27 29 94 55 79 107 23 90 77 31 19 
0 65 97 96 18 21 86 63 87 62 48 40 93 81 94 76 73 72 50 14 57 80 66 53 43 61 71 28 11 67 38 1 6 88 30 95 3 13 105 60 104 102 56 58 26 47 12 91 16 52 106 108 89 4 34 49 41 98 15 10 101 39 100 74 99 103 64 84 33 78 36 82 69 2 51 32 5 68 109 83 45 37 44 70 25 42 22 59 20 35 7 85 75 9 8 17 46 92 54 27 29 24 107 55 79 23 90 77 31 19 
0 65 97 96 61 18 21 86 63 87 62 48 40 89 4 34 76 73 72 70 25 42 22 59 11 20 35 7 85 75 9 8 6 88 41 30 95 3 13 105 60 104 102 56 58 26 47 12 91 16 52 106 108 98 15 10 101 39 100 74 99 32 64 84 33 78 36 82 69 2 51 103 5 93 81 94 68 109 83 45 37 44 50 14 57 80 66 53 43 71 28 49 67 38 1 17 46 92 54 27 29 24 107 55 79 23 90 77 31 19 
0 65 97 96 61 18 21 86 63 87 62 48 40 89 4 34 76 73 72 50 14 57 80 66 53 43 71 28 49 67 1 6 88 41 30 95 3 13 105 60 104 102 56 45 37 44 70 25 42 22 59 11 20 35 7 85 75 9 38 8 17 46 92 54 27 29 24 107 55 79 23 90 77 31 19 68 109 83 58 26 47 12 91 16 52 106 108 98 15 10 101 39 100 74 99 103 64 84 33 78 36 82 69 2 51 32 5 93 81 94 
0 65 97 96 61 18 21 86 63 87 62 48 40 89 4 34 76 73 72 50 82 36 78 33 84 64 103 99 74 29 39 101 10 15 98 108 106 52 14 57 80 66 53 43 71 28 49 67 38 1 109 88 41 30 95 3 13 105 60 104 102 56 58 26 47 12 91 16 100 69 2 51 32 5 93 81 94 68 6 83 45 37 44 70 25 42 22 59 11 20 35 7 85 75 9 8 17 46 92 54 27 24 107 55 79 23 90 77 31 19 
0 65 97 96 61 18 21 82 69 2 51 32 90 23 79 55 107 109 29 27 86 63 87 62 48 40 89 4 34 76 72 50 14 57 80 66 53 73 43 71 28 49 67 38 1 6 88 41 30 95 3 13 105 60 104 102 56 58 26 47 12 91 16 52 106 108 98 15 10 101 39 100 74 99 103 64 84 33 78 36 5 93 81 94 68 83 45 37 44 70 25 42 22 59 11 20 35 7 85 75 9 8 17 46 92 54 24 77 31 19 
0 65 97 96 61 18 21 86 63 87 62 48 40 89 4 34 76 73 72 50 14 57 80 66 53 43 71 28 49 67 38 1 2 51 32 5 93 81 94 68 109 83 45 37 44 70 25 42 22 59 11 20 35 7 85 75 9 8 17 74 99 103 64 84 33 78 105 82 69 6 88 41 30 95 3 13 36 60 104 102 56 58 26 47 12 91 16 52 106 108 98 15 10 101 39 100 46 92 54 27 29 24 107 55 79 23 90 77 31 19 
0 65 97 96 61 18 21 86 63 87 62 48 40 89 4 34 76 73 72 50 14 57 80 66 53 43 71 28 49 67 29 1 6 88 41 30 95 3 13 105 60 104 102 56 58 26 47 12 91 16 52 106 108 98 15 10 101 39 100 74 99 103 64 84 33 78 36 82 69 2 51 32 5 93 81 94 68 109 83 45 37 44 70 25 42 22 59 11 20 35 7 85 75 27 9 8 17 46 92 54 38 24 107 55 79 23 90 77 31 19 
0 65 97 96 61 18 21 86 63 87 62 48 40 89 4 34 13 3 95 30 41 88 6 1 38 67 49 28 71 43 53 66 80 57 14 50 72 73 76 105 60 104 102 56 58 26 47 12 91 16 52 106 108 98 15 10 101 8 39 100 74 37 103 64 84 33 78 36 82 69 2 51 32 5 93 81 94 68 109 83 45 99 44 70 25 42 22 59 11 46 17 9 75 85 7 35 20 92 54 27 29 24 107 55 79 23 90 77 31 19 
0 65 96 61 18 21 86 63 87 62 48 40 89 4 34 104 60 105 13 3 95 41 88 6 1 38 67 49 28 71 43 53 66 80 57 14 50 72 73 97 76 102 56 58 26 47 12 91 16 52 106 108 98 15 10 101 39 100 74 99 103 64 84 33 78 36 82 69 2 51 32 5 93 81 94 68 109 83 45 37 44 70 25 42 22 59 11 20 35 7 85 75 9 8 17 46 92 30 54 27 29 24 107 55 79 23 90 77 31 19 
0 65 97 96 61 18 21 86 63 87 62 48 40 89 4 34 76 73 72 50 14 57 80 66 53 43 71 28 49 67 38 1 6 88 92 30 95 3 13 105 60 104 102 56 58 26 47 12 91 16 52 106 108 98 15 10 101 39 100 74 99 103 64 84 33 78 36 82 69 2 51 32 5 93 81 94 68 109 83 45 37 44 70 25 42 22 59 11 20 35 7 85 75 9 8 17 46 41 54 27 29 24 107 55 79 23 90 77 31 19 
0 65 97 96 61 18 21 86 63 87 62 48 40 89 4 34 76 73 72 14 57 80 66 53 43 71 28 49 67 38 1 6 7 85 75 9 8 17 46 92 104 102 56 58 26 47 12 91 16 52 106 108 98 15 10 101 39 100 74 99 103 64 84 33 78 36 82 69 2 51 32 5 93 81 50 94 68 109 83 45 37 44 70 25 42 22 59 11 20 35 88 41 30 95 3 13 105 60 54 27 29 24 107 55 79 23 90 77 31 19 
0 5 93 81 94 68 109 83 45 37 42 25 70 44 22 59 11 20 35 7 85 2 69 82 36 78 33 84 64 103 99 74 100 9 101 10 15 98 108 106 52 16 91 12 47 26 58 56 102 104 60 105 13 3 95 30 41 88 6 1 38 67 49 28 71 43 53 66 80 57 76 50 72 73 14 34 4 89 40 48 62 87 63 86 21 18 61 96 97 65 32 51 75 39 8 17 46 92 54 27 29 24 107 55 79 23 90 77 31 19 
0 65 97 96 61 18 21 86 63 5 93 81 94 45 37 44 70 25 42 22 59 11 20 35 7 85 75 9 8 17 46 92 6 88 41 30 95 3 13 83 109 68 105 60 104 102 56 58 26 47 12 91 16 52 106 108 98 15 10 101 39 100 74 99 103 64 84 33 78 36 82 69 2 51 32 87 62 48 40 89 4 34 76 73 72 50 14 57 80 66 53 43 71 28 49 67 38 1 54 29 27 24 107 55 79 23 90 77 31 19 
0 65 97 96 61 18 21 86 63 87 62 48 40 89 4 34 76 73 72 50 14 57 80 66 53 43 71 28 49 67 68 94 81 93 5 32 51 2 69 82 36 78 33 84 64 103 99 74 100 19 31 77 90 23 79 55 83 24 29 27 54 92 46 17 8 9 75 85 7 35 20 11 59 22 42 39 101 10 15 98 108 106 52 16 91 12 47 26 58 56 102 104 60 105 13 3 95 30 41 88 6 1 38 109 107 45 37 44 70 25 
0 65 97 96 61 18 21 86 63 87 62 48 40 89 4 34 76 73 72 50 14 57 80 66 53 43 71 28 49 67 38 1 6 88 41 30 95 3 13 107 60 104 102 56 58 26 47 12 91 16 52 106 108 98 15 10 101 39 100 74 99 103 64 84 33 78 36 82 69 2 51 32 5 93 81 94 68 109 83 45 37 44 70 25 42 22 59 11 20 35 7 85 75 9 8 17 46 92 105 54 27 29 24 55 79 23 90 77 31 19 
0 65 97 96 61 88 21 86 63 87 19 48 40 89 4 34 76 73 72 50 14 57 80 66 53 43 71 28 18 49 67 38 1 6 41 30 95 3 13 105 60 104 102 56 58 26 47 12 91 16 52 106 108 98 15 10 101 39 100 74 99 103 64 84 33 78 36 82 69 2 51 32 5 93 81 94 68 109 83 45 37 44 70 25 42 22 59 11 20 35 7 85 75 9 8 17 46 92 54 27 29 24 107 55 79 23 90 77 31 62 
0 65 97 96 61 18 21 86 63 87 62 48 40 89 4 34 76 73 72 50 57 80 66 53 43 71 28 49 67 38 1 6 88 41 30 14 95 82 69 2 51 32 90 23 79 55 107 109 29 27 3 13 105 60 104 102 56 58 26 47 12 91 16 52 106 108 98 15 10 101 39 100 74 99 103 64 84 33 78 36 5 93 81 94 68 83 45 37 44 70 25 42 22 59 11 20 35 7 85 75 9 8 17 46 92 54 24 77 31 19 
0 65 97 96 61 18 21 86 63 87 62 48 40 89 4 34 76 73 72 50 14 57 80 66 53 43 71 28 49 67 38 1 6 88 41 30 5 93 102 94 68 109 83 45 37 44 70 25 42 22 59 11 20 35 7 85 75 9 8 17 99 103 64 84 33 78 36 82 69 2 51 32 95 3 13 105 60 104 81 56 58 26 47 12 91 16 52 106 108 98 15 10 101 39 100 74 46 92 54 27 29 24 107 55 79 23 90 77 31 19 
0 65 97 96 61 99 103 64 84 33 78 36 82 69 2 51 32 5 93 81 94 68 109 83 45 37 70 25 42 22 59 11 20 27 54 92 46 44 17 8 9 75 102 104 60 105 13 3 95 30 41 88 6 1 38 10 101 39 100 74 18 21 86 63 87 62 48 40 89 4 34 76 73 72 50 14 57 80 66 53 43 71 28 49 67 15 98 108 106 52 16 91 12 47 26 58 56 85 7 35 29 24 107 55 79 23 90 77 31 19 
0 65 97 96 61 18 21 86 63 87 62 48 40 89 4 34 76 73 72 50 14 57 80 66 53 43 71 28 49 67 38 1 6 88 41 30 95 3 82 36 78 33 84 64 103 99 74 29 39 101 10 15 98 108 106 52 16 20 11 59 22 42 25 70 44 37 45 83 109 68 94 81 93 5 32 51 2 69 13 105 60 104 102 56 58 26 47 12 91 35 7 85 75 9 8 17 46 92 54 27 100 24 107 55 79 23 90 77 31 19 
0 65 97 96 61 18 21 86 63 87 62 48 40 89 4 34 76 73 72 50 14 57 80 66 53 43 71 28 49 67 38 1 6 88 41 30 100 3 13 105 60 104 102 56 58 26 47 12 91 16 52 106 108 98 15 10 101 39 95 74 99 64 84 33 78 36 82 69 46 17 8 9 75 85 7 35 20 11 59 22 42 25 70 44 37 45 83 109 68 94 81 93 5 32 51 2 92 27 103 29 24 107 55 54 79 23 90 77 31 19 
0 65 97 96 61 18 21 86 63 87 62 48 40 89 4 34 76 73 72 50 14 57 80 66 53 43 71 28 49 67 38 1 6 88 41 30 95 3 13 105 60 104 102 56 58 26 68 109 83 45 37 44 70 25 42 22 59 11 20 35 7 85 75 9 8 17 46 92 54 27 29 24 107 55 81 94 47 12 91 16 52 106 19 98 15 10 101 39 100 74 99 103 64 84 33 78 36 82 69 2 51 32 5 93 79 23 90 77 31 108 
0 65 97 96 61 18 21 86 63 87 62 48 40 89 4 34 76 73 72 50 14 57 80 66 53 43 71 28 49 67 38 1 6 88 41 30 95 3 107 105 60 104 102 56 58 26 47 12 91 16 52 106 108 98 15 10 101 39 100 74 99 103 64 84 33 46 17 8 9 75 85 7 35 20 11 59 22 42 25 70 44 37 45 83 109 68 94 81 93 5 32 51 2 69 82 36 78 92 54 27 29 24 13 55 79 23 90 77 31 19 
0 65 97 96 61 52 21 86 63 87 62 48 40 89 4 34 76 73 72 50 14 57 80 66 53 43 71 28 49 67 38 1 6 88 41 30 95 3 13 20 35 7 85 75 9 8 17 46 92 54 27 29 24 107 55 10 101 39 100 74 99 103 64 84 33 78 36 82 69 2 51 32 5 93 81 94 68 109 83 45 37 44 70 25 42 22 59 11 105 60 104 102 56 58 26 47 12 91 16 18 106 108 98 15 79 23 90 77 31 19 
0 65 97 96 61 18 21 86 63 92 62 48 40 89 4 108 98 15 10 101 82 69 2 51 32 5 93 81 94 68 109 83 45 37 44 70 25 42 22 59 11 20 35 7 85 75 9 8 17 46 54 27 29 24 107 55 79 23 90 77 31 19 103 87 34 76 73 72 50 14 57 80 66 53 43 71 28 49 67 38 1 6 88 41 30 64 3 13 105 60 104 102 56 58 26 47 12 91 16 52 106 95 84 33 78 36 39 100 74 99 
0 65 6 96 61 18 21 86 63 87 62 48 69 2 51 32 5 93 81 94 68 109 83 45 37 44 70 25 42 22 59 11 20 35 84 85 75 9 8 17 46 92 102 56 58 26 47 12 91 16 52 106 108 98 15 10 101 39 100 74 99 103 64 7 33 78 36 82 40 89 4 34 76 73 72 50 14 57 80 66 53 43 71 28 49 67 38 1 97 88 41 30 95 3 13 105 60 104 54 27 29 24 107 55 79 23 90 77 31 19 
0 65 97 96 75 18 52 16 91 12 47 26 58 56 102 60 105 13 3 95 30 93 81 94 68 109 83 45 37 38 67 49 28 71 43 53 66 80 57 14 104 50 72 73 76 34 4 89 40 48 62 87 63 86 21 19 31 77 90 23 79 55 107 24 29 27 54 92 25 46 17 8 9 61 85 7 35 20 11 59 22 42 70 44 1 6 88 41 5 32 51 2 69 82 36 78 33 84 64 103 99 74 100 39 101 10 15 98 108 106 
