0 19 31 77 90 23 79 55 107 24 29 27 54 92 46 17 8 9 75 85 7 35 20 11 59 22 42 25 70 44 37 45 83 109 68 94 81 93 5 32 51 2 69 82 36 78 33 14 57 80 66 52 106 108 64 84 103 100 39 101 74 99 10 15 98 16 91 12 47 26 58 56 102 104 60 105 13 3 95 30 41 88 6 1 38 67 49 28 71 43 53 50 72 73 76 34 4 89 40 48 62 87 63 86 21 18 61 96 97 65 
0 19 31 77 90 23 79 55 107 24 29 27 54 92 46 17 8 9 75 85 7 35 20 11 59 22 42 25 70 44 37 45 83 109 68 94 81 93 5 32 51 2 69 82 36 78 33 14 57 80 66 52 106 108 64 84 103 100 39 101 74 99 10 15 98 16 91 12 47 26 58 56 102 104 60 105 13 3 95 30 41 88 6 1 38 67 49 28 71 43 53 50 72 73 76 34 4 89 40 48 62 87 63 86 21 18 61 96 97 65 
0 19 31 77 90 23 79 55 107 24 29 27 54 92 46 17 8 9 75 85 7 35 20 11 59 22 42 25 70 44 37 45 83 109 68 94 81 93 5 32 51 2 69 82 36 78 33 14 57 80 66 52 106 108 64 84 103 100 39 101 74 99 10 15 98 16 91 12 47 26 58 56 102 104 60 105 13 3 95 30 41 88 6 1 38 67 49 28 71 43 53 50 72 73 76 34 4 89 40 48 62 87 63 86 21 18 61 96 97 65 
0 19 31 77 90 23 79 55 107 24 29 27 54 92 46 17 8 9 75 85 7 35 20 11 59 22 42 25 70 44 37 45 83 109 68 94 81 93 5 32 51 2 69 82 36 78 33 14 57 80 66 52 106 108 64 84 103 100 39 101 74 99 10 15 98 16 91 12 47 26 58 56 102 104 60 105 13 3 95 30 41 88 6 1 38 67 49 28 71 43 53 50 72 73 76 34 4 89 40 48 62 87 63 86 21 18 61 96 97 65 
0 19 31 77 90 23 79 55 107 24 29 27 54 92 46 17 8 9 75 85 7 35 20 11 59 22 42 25 70 44 37 45 83 109 68 94 81 93 5 32 51 2 69 82 36 78 33 14 57 80 66 52 106 108 64 84 103 100 39 101 74 99 10 15 98 16 91 12 47 26 58 56 102 104 60 105 13 3 95 30 41 88 6 1 38 67 49 28 71 43 53 50 72 73 76 34 4 89 40 48 62 87 63 86 21 18 61 96 97 65 
0 19 31 77 90 23 79 55 107 24 29 27 54 92 46 17 8 9 75 85 7 35 20 11 59 22 42 25 70 44 37 45 83 109 68 94 81 93 5 32 51 2 69 82 36 78 33 14 57 80 66 52 106 108 64 84 103 100 39 101 74 99 10 15 98 16 91 12 47 26 58 56 102 104 60 105 13 3 95 30 41 88 6 1 38 67 49 28 71 43 53 50 72 73 76 34 4 89 40 48 62 87 63 86 21 18 61 96 97 65 
0 19 31 77 90 23 79 55 107 24 29 27 54 92 46 17 8 9 75 85 7 35 20 11 59 22 42 25 70 44 37 45 83 109 68 94 81 93 5 32 51 2 69 82 36 78 33 14 57 80 66 52 106 108 64 84 103 100 39 101 74 99 10 15 98 16 91 12 47 26 58 56 102 104 60 105 13 3 95 30 41 88 6 1 38 67 49 28 71 43 53 50 72 73 76 34 4 89 40 48 62 87 63 86 21 18 61 96 97 65 
0 19 31 77 90 23 79 55 107 24 29 27 54 92 46 17 8 9 75 85 7 35 20 11 59 22 42 25 70 44 37 45 83 109 68 94 81 93 5 32 51 2 69 82 36 78 33 14 57 80 66 52 106 108 64 84 103 100 39 101 74 99 10 15 98 16 91 12 47 26 58 56 102 104 60 105 13 3 95 30 41 88 6 1 38 67 49 28 71 43 53 50 72 73 76 34 4 89 40 48 62 87 63 86 21 18 61 96 97 65 
0 19 31 77 90 23 79 55 107 24 29 27 54 92 46 17 8 9 75 85 7 35 20 11 59 22 42 25 70 44 37 45 83 109 68 94 81 93 5 32 51 2 69 82 36 78 33 14 57 80 66 52 106 108 64 84 103 100 39 101 74 99 10 15 98 16 91 12 47 26 58 56 102 104 60 105 13 3 95 30 41 88 6 1 38 67 49 28 71 43 53 50 72 73 76 34 4 89 40 48 62 87 63 86 21 18 61 96 97 65 
0 19 31 77 90 23 79 55 107 24 29 27 54 92 46 17 8 9 75 85 7 35 20 11 59 22 42 25 70 44 37 45 83 109 68 94 81 93 5 32 51 2 69 82 36 78 33 14 57 80 66 52 106 108 64 84 103 100 39 101 74 99 10 15 98 16 91 12 47 26 58 56 102 104 60 105 13 3 95 30 41 88 6 1 38 67 49 28 71 43 53 50 72 73 76 34 4 89 40 48 62 87 63 86 21 18 61 96 97 65 
0 19 31 77 90 23 79 55 107 24 29 27 54 92 46 17 8 9 75 85 7 35 20 11 59 22 42 25 70 44 37 45 83 109 68 94 81 93 5 32 51 2 69 82 36 78 33 14 57 80 66 52 106 108 64 84 103 100 39 101 74 99 10 15 98 16 91 12 47 26 58 56 102 104 60 105 13 3 95 30 41 88 6 1 38 67 49 28 71 43 53 50 72 73 76 34 4 89 40 48 62 87 63 86 21 18 61 96 97 65 
0 19 31 77 90 23 79 55 107 24 29 27 54 92 46 17 8 9 75 85 7 35 20 11 59 22 42 25 70 44 37 45 83 109 68 94 81 93 5 32 51 2 69 82 36 78 33 14 57 80 66 52 106 108 64 84 103 100 39 101 74 99 10 15 98 16 91 12 47 26 58 56 102 104 60 105 13 3 95 30 41 88 6 1 38 67 49 28 71 43 53 50 72 73 76 34 4 89 40 48 62 87 63 86 21 18 61 96 97 65 
0 19 31 77 90 23 79 55 107 24 29 27 54 92 46 17 8 9 75 85 7 35 20 11 59 22 42 25 70 44 37 45 83 109 68 94 81 93 5 32 51 2 69 82 36 78 33 14 57 80 66 52 106 108 64 84 103 100 39 101 74 99 10 15 98 16 91 12 47 26 58 56 102 104 60 105 13 3 95 30 41 88 6 1 38 67 49 28 71 43 53 50 72 73 76 34 4 89 40 48 62 87 63 86 21 18 61 96 97 65 
0 19 31 77 90 23 79 55 107 24 29 27 54 92 46 17 8 9 75 85 7 35 20 11 59 22 42 25 70 44 37 45 83 109 68 94 81 93 5 32 51 2 69 82 36 78 33 14 57 80 66 52 106 108 64 84 103 100 39 101 74 99 10 15 98 16 91 12 47 26 58 56 102 104 60 105 13 3 95 30 41 88 6 1 38 67 49 28 71 43 53 50 72 73 76 34 4 89 40 48 62 87 63 86 21 18 61 96 97 65 
0 19 31 77 90 23 79 55 107 24 29 27 54 92 46 17 8 9 75 85 7 35 20 11 59 22 42 25 70 44 37 45 83 109 68 94 81 93 5 32 51 2 69 82 36 78 33 14 57 80 66 52 106 108 64 84 103 100 39 101 74 99 10 15 98 16 91 12 47 26 58 56 102 104 60 105 13 3 95 30 41 88 6 1 38 67 49 28 71 43 53 50 72 73 76 34 4 89 40 48 62 87 63 86 21 18 61 96 97 65 
0 19 31 77 90 23 79 55 107 24 29 27 54 92 46 17 8 9 75 85 7 35 20 11 59 22 42 25 70 44 37 45 83 109 68 94 81 93 5 32 51 2 69 82 36 78 33 14 57 80 66 52 106 108 64 84 103 100 39 101 74 99 10 15 98 16 91 12 47 26 58 56 102 104 60 105 13 3 95 30 41 88 6 1 38 67 49 28 71 43 53 50 72 73 76 34 4 89 40 48 62 87 63 86 21 18 61 96 97 65 
0 19 31 77 90 23 79 55 107 24 29 27 54 92 46 17 8 9 75 85 7 35 20 11 59 22 42 25 70 44 37 45 83 109 68 94 81 93 5 32 51 2 69 82 36 78 33 14 57 80 66 52 106 108 64 84 103 100 39 101 74 99 10 15 98 16 91 12 47 26 58 56 102 104 60 105 13 3 95 30 41 88 6 1 38 67 49 28 71 43 53 50 72 73 76 34 4 89 40 48 62 87 63 86 21 18 61 96 97 65 
0 19 31 77 90 23 79 55 107 24 29 27 54 92 46 17 8 9 75 85 7 35 20 11 59 22 42 25 70 44 37 45 83 109 68 94 81 93 5 32 51 2 69 82 36 78 33 14 57 80 66 52 106 108 64 84 103 100 39 101 74 99 10 15 98 16 91 12 47 26 58 56 102 104 60 105 13 3 95 30 41 88 6 1 38 67 49 28 71 43 53 50 72 73 76 34 4 89 40 48 62 87 63 86 21 18 61 96 97 65 
0 19 31 77 90 23 79 55 107 24 29 27 54 92 46 17 8 9 75 85 7 35 20 11 59 22 42 25 70 44 37 45 83 109 68 94 81 93 5 32 51 2 69 82 36 78 33 14 57 80 66 52 106 108 64 84 103 100 39 101 74 99 10 15 98 16 91 12 47 26 58 56 102 104 60 105 13 3 95 30 41 88 6 1 38 67 49 28 71 43 53 50 72 73 76 34 4 89 40 48 62 87 63 86 21 18 61 96 97 65 
0 19 31 77 90 23 79 55 107 24 29 27 54 92 46 17 8 9 75 85 7 35 20 11 59 22 42 25 70 44 37 45 83 109 68 94 81 93 5 32 51 2 69 82 36 78 33 14 57 80 66 52 106 108 64 84 103 100 39 101 74 99 10 15 98 16 91 12 47 26 58 56 102 104 60 105 13 3 95 30 41 88 6 1 38 67 49 28 71 43 53 50 72 73 76 34 4 89 40 48 62 87 63 86 21 18 61 96 97 65 
0 19 31 77 90 23 79 55 107 24 29 27 54 92 46 17 8 9 75 85 7 35 20 11 59 22 42 25 70 44 37 45 83 109 68 94 81 93 5 32 51 2 69 82 36 78 33 14 57 80 66 52 106 108 64 84 103 100 39 101 74 99 10 15 98 16 91 12 47 26 58 56 102 104 60 105 13 3 95 30 41 88 6 1 38 67 49 28 71 43 53 50 72 73 76 34 4 89 40 48 62 87 63 86 21 18 61 96 97 65 
0 19 31 77 90 23 79 55 107 24 29 27 54 92 46 17 8 9 75 85 7 35 20 11 59 22 42 25 70 44 37 45 83 109 68 94 81 93 5 32 51 2 69 82 36 78 33 14 57 80 66 52 106 108 64 84 103 100 39 101 74 99 10 15 98 16 91 12 47 26 58 56 102 104 60 105 13 3 95 30 41 88 6 1 38 67 49 28 71 43 53 50 72 73 76 34 4 89 40 48 62 87 63 86 21 18 61 96 97 65 
0 19 31 77 90 23 79 55 107 24 29 27 54 92 46 17 8 9 75 85 7 35 20 11 59 22 42 25 70 44 37 45 83 109 68 94 81 93 5 32 51 2 69 82 36 78 33 14 57 80 66 52 106 108 64 84 103 100 39 101 74 99 10 15 98 16 91 12 47 26 58 56 102 104 60 105 13 3 95 30 41 88 6 1 38 67 49 28 71 43 53 50 72 73 76 34 4 89 40 48 62 87 63 86 21 18 61 96 97 65 
0 19 31 77 90 23 79 55 107 24 29 27 54 92 46 17 8 9 75 85 7 35 20 11 59 22 42 25 70 44 37 45 83 109 68 94 81 93 5 32 51 2 69 82 36 78 33 14 57 80 66 52 106 108 64 84 103 100 39 101 74 99 10 15 98 16 91 12 47 26 58 56 102 104 60 105 13 3 95 30 41 88 6 1 38 67 49 28 71 43 53 50 72 73 76 34 4 89 40 48 62 87 63 86 21 18 61 96 97 65 
0 19 31 77 90 23 79 55 107 24 29 27 54 92 46 17 8 9 75 85 7 35 20 11 59 22 42 25 70 44 37 45 83 109 68 94 81 93 5 32 51 2 69 82 36 78 33 14 57 80 66 52 106 108 64 84 103 100 39 101 74 99 10 15 98 16 91 12 47 26 58 56 102 104 60 105 13 3 95 30 41 88 6 1 38 67 49 28 71 43 53 50 72 73 76 34 4 89 40 48 62 87 63 86 21 18 61 96 97 65 
0 19 31 77 90 23 79 55 107 24 29 27 54 92 46 17 8 9 75 85 7 35 20 11 59 22 42 25 70 44 37 45 83 109 68 94 81 93 5 32 51 2 69 82 36 78 33 14 57 80 66 52 106 108 64 84 103 100 39 101 74 99 10 15 98 16 91 12 47 26 58 56 102 104 60 105 13 3 95 30 41 88 6 1 38 67 49 28 71 43 53 50 72 73 76 34 4 89 40 48 62 87 63 86 21 18 61 96 97 65 
0 19 31 77 90 23 79 55 107 24 29 27 54 92 46 17 8 9 75 85 7 35 20 11 59 22 42 25 70 44 37 45 83 109 68 94 81 93 5 32 51 2 69 82 36 78 33 14 57 80 66 52 106 108 64 84 103 100 39 101 74 99 10 15 98 16 91 12 47 26 58 56 102 104 60 105 13 3 95 30 41 88 6 1 38 67 49 28 71 43 53 50 72 73 76 34 4 89 40 48 62 87 63 86 21 18 61 96 97 65 
0 19 31 77 90 23 79 55 107 24 29 27 54 92 46 17 8 9 75 85 7 35 20 11 59 22 42 25 70 44 37 45 83 109 68 94 81 93 5 32 51 2 69 82 36 78 33 14 57 80 66 52 106 108 64 84 103 100 39 101 74 99 10 15 98 16 91 12 47 26 58 56 102 104 60 105 13 3 95 30 41 88 6 1 38 67 49 28 71 43 53 50 72 73 76 34 4 89 40 48 62 87 63 86 21 18 61 96 97 65 
0 19 31 77 90 23 79 55 107 24 29 27 54 92 46 17 8 9 75 85 7 35 20 11 59 22 42 25 70 44 37 45 83 109 68 94 81 93 5 32 51 2 69 82 36 78 33 14 57 80 66 52 106 108 64 84 103 100 39 101 74 99 10 15 98 16 91 12 47 26 58 56 102 104 60 105 13 3 95 30 41 88 6 1 38 67 49 28 71 43 53 50 72 73 76 34 4 89 40 48 62 87 63 86 21 18 61 96 97 65 
0 19 31 77 90 23 79 55 107 24 29 27 54 92 46 17 8 9 75 85 7 35 20 11 59 22 42 25 70 44 37 45 83 109 68 94 81 93 5 32 51 2 69 82 36 78 33 14 57 80 66 52 106 108 64 84 103 100 39 101 74 99 10 15 98 16 91 12 47 26 58 56 102 104 60 105 13 3 95 30 41 88 6 1 38 67 49 28 71 43 53 50 72 73 76 34 4 89 40 48 62 87 63 86 21 18 61 96 97 65 
0 19 31 77 90 23 79 55 107 24 29 27 54 92 46 17 8 9 75 85 7 35 20 11 59 22 42 25 70 44 37 45 83 109 68 94 81 93 5 32 51 2 69 82 36 78 33 14 57 80 66 52 106 108 64 84 103 100 39 101 74 99 10 15 98 16 91 12 47 26 58 56 102 104 60 105 13 3 95 30 41 88 6 1 38 67 49 28 71 43 53 50 72 73 76 34 4 89 40 48 62 87 63 86 21 18 61 96 97 65 
0 19 31 77 90 23 79 55 107 24 29 27 54 92 46 17 8 9 75 85 7 35 20 11 59 22 42 25 70 44 37 45 83 109 68 94 81 93 5 32 51 2 69 82 36 78 33 14 57 80 66 52 106 108 64 84 103 100 39 101 74 99 10 15 98 16 91 12 47 26 58 56 102 104 60 105 13 3 95 30 41 88 6 1 38 67 49 28 71 43 53 50 72 73 76 34 4 89 40 48 62 87 63 86 21 18 61 96 97 65 
0 19 31 77 90 23 79 55 107 24 29 27 54 92 46 17 8 9 75 85 7 35 20 11 59 22 42 25 70 44 37 45 83 109 68 94 81 93 5 32 51 2 69 82 36 78 33 14 57 80 66 52 106 108 64 84 103 100 39 101 74 99 10 15 98 16 91 12 47 26 58 56 102 104 60 105 13 3 95 30 41 88 6 1 38 67 49 28 71 43 53 50 72 73 76 34 4 89 40 48 62 87 63 86 21 18 61 96 97 65 
0 19 31 77 90 23 79 55 107 24 29 27 54 92 46 17 8 9 75 85 7 35 20 11 59 22 42 25 70 44 37 45 83 109 68 94 81 93 5 32 51 2 69 82 36 78 33 14 57 80 66 52 106 108 64 84 103 100 39 101 74 99 10 15 98 16 91 12 47 26 58 56 102 104 60 105 13 3 95 30 41 88 6 1 38 67 49 28 71 43 53 50 72 73 76 34 4 89 40 48 62 87 63 86 21 18 61 96 97 65 
0 19 31 77 90 23 79 55 107 24 29 27 54 92 46 17 8 9 75 85 7 35 20 11 59 22 42 25 70 44 37 45 83 109 68 94 81 93 5 32 51 2 69 82 36 78 33 14 57 80 66 52 106 108 64 84 103 100 39 101 74 99 10 15 98 16 91 12 47 26 58 56 102 104 60 105 13 3 95 30 41 88 6 1 38 67 49 28 71 43 53 50 72 73 76 34 4 89 40 48 62 87 63 86 21 18 61 96 97 65 
0 19 31 77 90 23 79 55 107 24 29 27 54 92 46 17 8 9 75 85 7 35 20 11 59 22 42 25 70 44 37 45 83 109 68 94 81 93 5 32 51 2 69 82 36 78 33 14 57 80 66 52 106 108 64 84 103 100 39 101 74 99 10 15 98 16 91 12 47 26 58 56 102 104 60 105 13 3 95 30 41 88 6 1 38 67 49 28 71 43 53 50 72 73 76 34 4 89 40 48 62 87 63 86 21 18 61 96 97 65 
0 19 31 77 90 23 79 55 107 24 29 27 54 92 46 17 8 9 75 85 7 35 20 11 59 22 42 25 70 44 37 45 83 109 68 94 81 93 5 32 51 2 69 82 36 78 33 14 57 80 66 52 106 108 64 84 103 100 39 101 74 99 10 15 98 16 91 12 47 26 58 56 102 104 60 105 13 3 95 30 41 88 6 1 38 67 49 28 71 43 53 50 72 73 76 34 4 89 40 48 62 87 63 86 21 18 61 96 97 65 
0 19 31 77 90 23 79 55 107 24 29 27 54 92 46 17 8 9 75 85 7 35 20 11 59 22 42 25 70 44 37 45 83 109 68 94 81 93 5 32 51 2 69 82 36 78 33 14 57 80 66 52 106 108 64 84 103 100 39 101 74 99 10 15 98 16 91 12 47 26 58 56 102 104 60 105 13 3 95 30 41 88 6 1 38 67 49 28 71 43 53 50 72 73 76 34 4 89 40 48 62 87 63 86 21 18 61 96 97 65 
0 19 31 77 90 23 79 55 107 24 29 27 54 92 46 17 8 9 75 85 7 35 20 11 59 22 42 25 70 44 37 45 83 109 68 94 81 93 5 32 51 2 69 82 36 78 33 14 57 80 66 52 106 108 64 84 103 100 39 101 74 99 10 15 98 16 91 12 47 26 58 56 102 104 60 105 13 3 95 30 41 88 6 1 38 67 49 28 71 43 53 50 72 73 76 34 4 89 40 48 62 87 63 86 21 18 61 96 97 65 
0 19 31 77 90 23 79 55 107 24 29 27 54 92 46 17 8 9 75 85 7 35 20 11 59 22 42 25 70 44 37 45 83 109 68 94 81 93 5 32 51 2 69 82 36 78 33 14 57 80 66 52 106 108 64 84 103 100 39 101 74 99 10 15 98 16 91 12 47 26 58 56 102 104 60 105 13 3 95 30 41 88 6 1 38 67 49 28 71 43 53 50 72 73 76 34 4 89 40 48 62 87 63 86 21 18 61 96 97 65 
0 19 31 77 90 23 79 55 107 24 29 27 54 92 46 17 8 9 75 85 7 35 20 11 59 22 42 25 70 44 37 45 83 109 68 94 81 93 5 32 51 2 69 82 36 78 33 14 57 80 66 52 106 108 64 84 103 100 39 101 74 99 10 15 98 16 91 12 47 26 58 56 102 104 60 105 13 3 95 30 41 88 6 1 38 67 49 28 71 43 53 50 72 73 76 34 4 89 40 48 62 87 63 86 21 18 61 96 97 65 
0 19 31 77 90 23 79 55 107 24 29 27 54 92 46 17 8 9 75 85 7 35 20 11 59 22 42 25 70 44 37 45 83 109 68 94 81 93 5 32 51 2 69 82 36 78 33 14 57 80 66 52 106 108 64 84 103 100 39 101 74 99 10 15 98 16 91 12 47 26 58 56 102 104 60 105 13 3 95 30 41 88 6 1 38 67 49 28 71 43 53 50 72 73 76 34 4 89 40 48 62 87 63 86 21 18 61 96 97 65 
0 19 31 77 90 23 79 55 107 24 29 27 54 92 46 17 8 9 75 85 7 35 20 11 59 22 42 25 70 44 37 45 83 109 68 94 81 93 5 32 51 2 69 82 36 78 33 14 57 80 66 52 106 108 64 84 103 100 39 101 74 99 10 15 98 16 91 12 47 26 58 56 102 104 60 105 13 3 95 30 41 88 6 1 38 67 49 28 71 43 53 50 72 73 76 34 4 89 40 48 62 87 63 86 21 18 61 96 97 65 
0 19 31 77 90 23 79 55 107 24 29 27 54 92 46 17 8 9 75 85 7 35 20 11 59 22 42 25 70 44 37 45 83 109 68 94 81 93 5 32 51 2 69 82 36 78 33 14 57 80 66 52 106 108 64 84 103 100 39 101 74 99 10 15 98 16 91 12 47 26 58 56 102 104 60 105 13 3 95 30 41 88 6 1 38 67 49 28 71 43 53 50 72 73 76 34 4 89 40 48 62 87 63 86 21 18 61 96 97 65 
0 19 31 77 90 23 79 55 107 24 29 27 54 92 46 17 8 9 75 85 7 35 20 11 59 22 42 25 70 44 37 45 83 109 68 94 81 93 5 32 51 2 69 82 36 78 33 14 57 80 66 52 106 108 64 84 103 100 39 101 74 99 10 15 98 16 91 12 47 26 58 56 102 104 60 105 13 3 95 30 41 88 6 1 38 67 49 28 71 43 53 50 72 73 76 34 4 89 40 48 62 87 63 86 21 18 61 96 97 65 
0 19 31 77 90 23 79 55 107 24 29 27 54 92 46 17 8 9 75 85 7 35 20 11 59 22 42 25 70 44 37 45 83 109 68 94 81 93 5 32 51 2 69 82 36 78 33 14 57 80 66 52 106 108 64 84 103 100 39 101 74 99 10 15 98 16 91 12 47 26 58 56 102 104 60 105 13 3 95 30 41 88 6 1 38 67 49 28 71 43 53 50 72 73 76 34 4 89 40 48 62 87 63 86 21 18 61 96 97 65 
0 19 31 77 90 23 79 55 107 24 29 27 54 92 46 17 8 9 75 85 7 35 20 11 59 22 42 25 70 44 37 45 83 109 68 94 81 93 5 32 51 2 69 82 36 78 33 14 57 80 66 52 106 108 64 84 103 100 39 101 74 99 10 15 98 16 91 12 47 26 58 56 102 104 60 105 13 3 95 30 41 88 6 1 38 67 49 28 71 43 53 50 72 73 76 34 4 89 40 48 62 87 63 86 21 18 61 96 97 65 
0 19 31 77 90 23 79 55 107 24 29 27 54 92 46 17 8 9 75 85 7 35 20 11 59 22 42 25 70 44 37 45 83 109 68 94 81 93 5 32 51 2 69 82 36 78 33 14 57 80 66 52 106 108 64 84 103 100 39 101 74 99 10 15 98 16 91 12 47 26 58 56 102 104 60 105 13 3 95 30 41 88 6 1 38 67 49 28 71 43 53 50 72 73 76 34 4 89 40 48 62 87 63 86 21 18 61 96 97 65 
0 19 31 77 90 23 79 55 107 24 29 27 54 92 46 17 8 9 75 85 7 35 20 11 59 22 42 25 70 44 37 45 83 109 68 94 81 93 5 32 51 2 69 82 36 78 33 14 57 80 66 52 106 108 64 84 103 100 39 101 74 99 10 15 98 16 91 12 47 26 58 56 102 104 60 105 13 3 95 30 41 88 6 1 38 67 49 28 71 43 53 50 72 73 76 34 4 89 40 48 62 87 63 86 21 18 61 96 97 65 
0 19 31 77 90 23 79 55 107 24 29 27 54 92 46 17 8 9 75 85 7 35 20 11 59 22 42 25 70 44 37 45 83 109 68 94 81 93 5 32 51 2 69 82 36 78 33 14 57 80 66 52 106 108 64 84 103 100 39 101 74 99 10 15 98 16 91 12 47 26 58 56 102 104 60 105 13 3 95 30 41 88 6 1 38 67 49 28 71 43 53 50 72 73 76 34 4 89 40 48 62 87 63 86 21 18 61 96 97 65 
0 19 31 77 90 23 79 55 107 24 29 27 54 92 46 17 8 9 75 85 7 35 20 11 59 22 42 25 70 44 37 45 83 109 68 94 81 93 5 32 51 2 69 82 36 78 33 14 57 80 66 52 106 108 64 84 103 100 39 101 74 99 10 15 98 16 91 12 47 26 58 56 102 104 60 105 13 3 95 30 41 88 6 1 38 67 49 28 71 43 53 50 72 73 76 34 4 89 40 48 62 87 63 86 21 18 61 96 97 65 
0 19 31 77 90 23 79 55 107 24 29 27 54 92 46 17 8 9 75 85 7 35 20 11 59 22 42 25 70 44 37 45 83 109 68 94 81 93 5 32 51 2 69 82 36 78 33 14 57 80 66 52 106 108 64 84 103 100 39 101 74 99 10 15 98 16 91 12 47 26 58 56 102 104 60 105 13 3 95 30 41 88 6 1 38 67 49 28 71 43 53 50 72 73 76 34 4 89 40 48 62 87 63 86 21 18 61 96 97 65 
0 19 31 77 90 23 79 55 107 24 29 27 54 92 46 17 8 9 75 85 7 35 20 11 59 22 42 25 70 44 37 45 83 109 68 94 81 93 5 32 51 2 69 82 36 78 33 14 57 80 66 52 106 108 64 84 103 100 39 101 74 99 10 15 98 16 91 12 47 26 58 56 102 104 60 105 13 3 95 30 41 88 6 1 38 67 49 28 71 43 53 50 72 73 76 34 4 89 40 48 62 87 63 86 21 18 61 96 97 65 
0 19 31 77 90 23 79 55 107 24 29 27 54 92 46 17 8 9 75 85 7 35 20 11 59 22 42 25 70 44 37 45 83 109 68 94 81 93 5 32 51 2 69 82 36 78 33 14 57 80 66 52 106 108 64 84 103 100 39 101 74 99 10 15 98 16 91 12 47 26 58 56 102 104 60 105 13 3 95 30 41 88 6 1 38 67 49 28 71 43 53 50 72 73 76 34 4 89 40 48 62 87 63 86 21 18 61 96 97 65 
0 19 31 77 90 23 79 55 107 24 29 27 54 92 46 17 8 9 75 85 7 35 20 11 59 22 42 25 70 44 37 45 83 109 68 94 81 93 5 32 51 2 69 82 36 78 33 14 57 80 66 52 106 108 64 84 103 100 39 101 74 99 10 15 98 16 91 12 47 26 58 56 102 104 60 105 13 3 95 30 41 88 6 1 38 67 49 28 71 43 53 50 72 73 76 34 4 89 40 48 62 87 63 86 21 18 61 96 97 65 
0 19 31 77 90 23 79 55 107 24 29 27 54 92 46 17 8 9 75 85 7 35 20 11 59 22 42 25 70 44 37 45 83 109 68 94 81 93 5 32 51 2 69 82 36 78 33 14 57 80 66 52 106 108 64 84 103 100 39 101 74 99 10 15 98 16 91 12 47 26 58 56 102 104 60 105 13 3 95 30 41 88 6 1 38 67 49 28 71 43 53 50 72 73 76 34 4 89 40 48 62 87 63 86 21 18 61 96 97 65 
0 19 31 77 90 23 79 55 107 24 29 27 54 92 46 17 8 9 75 85 7 35 20 11 59 22 42 25 70 44 37 45 83 109 68 94 81 93 5 32 51 2 69 82 36 78 33 14 57 80 66 52 106 108 64 84 103 100 39 101 74 99 10 15 98 16 91 12 47 26 58 56 102 104 60 105 13 3 95 30 41 88 6 1 38 67 49 28 71 43 53 50 72 73 76 34 4 89 40 48 62 87 63 86 21 18 61 96 97 65 
0 19 31 77 90 23 79 55 107 24 29 27 54 92 46 17 8 9 75 85 7 35 20 11 59 22 42 25 70 44 37 45 83 109 68 94 81 93 5 32 51 2 69 82 36 78 33 14 57 80 66 52 106 108 64 84 103 100 39 101 74 99 10 15 98 16 91 12 47 26 58 56 102 104 60 105 13 3 95 30 41 88 6 1 38 67 49 28 71 43 53 50 72 73 76 34 4 89 40 48 62 87 63 86 21 18 61 96 97 65 
0 19 31 77 90 23 79 55 107 24 29 27 54 92 46 17 8 9 75 85 7 35 20 11 59 22 42 25 70 44 37 45 83 109 68 94 81 93 5 32 51 2 69 82 36 78 33 14 57 80 66 52 106 108 64 84 103 100 39 101 74 99 10 15 98 16 91 12 47 26 58 56 102 104 60 105 13 3 95 30 41 88 6 1 38 67 49 28 71 43 53 50 72 73 76 34 4 89 40 48 62 87 63 86 21 18 61 96 97 65 
0 19 31 77 90 23 79 55 107 24 29 27 54 92 46 17 8 9 75 85 7 35 20 11 59 22 42 25 70 44 37 45 83 109 68 94 81 93 5 32 51 2 69 82 36 78 33 14 57 80 66 52 106 108 64 84 103 100 39 101 74 99 10 15 98 16 91 12 47 26 58 56 102 104 60 105 13 3 95 30 41 88 6 1 38 67 49 28 71 43 53 50 72 73 76 34 4 89 40 48 62 87 63 86 21 18 61 96 97 65 
0 19 31 77 90 23 79 55 107 24 29 27 54 92 46 17 8 9 75 85 7 35 20 11 59 22 42 25 70 44 37 45 83 109 68 94 81 93 5 32 51 2 69 82 36 78 33 14 57 80 66 52 106 108 64 84 103 100 39 101 74 99 10 15 98 16 91 12 47 26 58 56 102 104 60 105 13 3 95 30 41 88 6 1 38 67 49 28 71 43 53 50 72 73 76 34 4 89 40 48 62 87 63 86 21 18 61 96 97 65 
0 19 31 77 90 23 79 55 107 24 29 27 54 92 46 17 8 9 75 85 7 35 20 11 59 22 42 25 70 44 37 45 83 109 68 94 81 93 5 32 51 2 69 82 36 78 33 14 57 80 66 52 106 108 64 84 103 100 39 101 74 99 10 15 98 16 91 12 47 26 58 56 102 104 60 105 13 3 95 30 41 88 6 1 38 67 49 28 71 43 53 50 72 73 76 34 4 89 40 48 62 87 63 86 21 18 61 96 97 65 
0 19 31 77 90 23 79 55 107 24 29 27 54 92 46 17 8 9 75 85 7 35 20 11 59 22 42 25 70 44 37 45 83 109 68 94 81 93 5 32 51 2 69 82 36 78 33 14 57 80 66 52 106 108 64 84 103 100 39 101 74 99 10 15 98 16 91 12 47 26 58 56 102 104 60 105 13 3 95 30 41 88 6 1 38 67 49 28 71 43 53 50 72 73 76 34 4 89 40 48 62 87 63 86 21 18 61 96 97 65 
0 19 31 77 90 23 79 55 107 24 29 27 54 92 46 17 8 9 75 85 7 35 20 11 59 22 42 25 70 44 37 45 83 109 68 94 81 93 5 32 51 2 69 82 36 78 33 14 57 80 66 52 106 108 64 84 103 100 39 101 74 99 10 15 98 16 91 12 47 26 58 56 102 104 60 105 13 3 95 30 41 88 6 1 38 67 49 28 71 43 53 50 72 73 76 34 4 89 40 48 62 87 63 86 21 18 61 96 97 65 
0 19 31 77 90 23 79 55 107 24 29 27 54 92 46 17 8 9 75 85 7 35 20 11 59 22 42 25 70 44 37 45 83 109 68 94 81 93 5 32 51 2 69 82 36 78 33 14 57 80 66 52 106 108 64 84 103 100 39 101 74 99 10 15 98 16 91 12 47 26 58 56 102 104 60 105 13 3 95 30 41 88 6 1 38 67 49 28 71 43 53 50 72 73 76 34 4 89 40 48 62 87 63 86 21 18 61 96 97 65 
0 19 31 77 90 23 79 55 107 24 29 27 54 92 46 17 8 9 75 85 7 35 20 11 59 22 42 25 70 44 37 45 83 109 68 94 81 93 5 32 51 2 69 82 36 78 33 14 57 80 66 52 106 108 64 84 103 100 39 101 74 99 10 15 98 16 91 12 47 26 58 56 102 104 60 105 13 3 95 30 41 88 6 1 38 67 49 28 71 43 53 50 72 73 76 34 4 89 40 48 62 87 63 86 21 18 61 96 97 65 
0 19 31 77 90 23 79 55 107 24 29 27 54 92 46 17 8 9 75 85 7 35 20 11 59 22 42 25 70 44 37 45 83 109 68 94 81 93 5 32 51 2 69 82 36 78 33 14 57 80 66 52 106 108 64 84 103 100 39 101 74 99 10 15 98 16 91 12 47 26 58 56 102 104 60 105 13 3 95 30 41 88 6 1 38 67 49 28 71 43 53 50 72 73 76 34 4 89 40 48 62 87 63 86 21 18 61 96 97 65 
0 19 31 77 90 23 79 55 107 24 29 27 54 92 46 17 8 9 75 85 7 35 20 11 59 22 42 25 70 44 37 45 83 109 68 94 81 93 5 32 51 2 69 82 36 78 33 14 57 80 66 52 106 108 64 84 103 100 39 101 74 99 10 15 98 16 91 12 47 26 58 56 102 104 60 105 13 3 95 30 41 88 6 1 38 67 49 28 71 43 53 50 72 73 76 34 4 89 40 48 62 87 63 86 21 18 61 96 97 65 
0 19 31 77 90 23 79 55 107 24 29 27 54 92 46 17 8 9 75 85 7 35 20 11 59 22 42 25 70 44 37 45 83 109 68 94 81 93 5 32 51 2 69 82 36 78 33 14 57 80 66 52 106 108 64 84 103 100 39 101 74 99 10 15 98 16 91 12 47 26 58 56 102 104 60 105 13 3 95 30 41 88 6 1 38 67 49 28 71 43 53 50 72 73 76 34 4 89 40 48 62 87 63 86 21 18 61 96 97 65 
0 19 31 77 90 23 79 55 107 24 29 27 54 92 46 17 8 9 75 85 7 35 20 11 59 22 42 25 70 44 37 45 83 109 68 94 81 93 5 32 51 2 69 82 36 78 33 14 57 80 66 52 106 108 64 84 103 100 39 101 74 99 10 15 98 16 91 12 47 26 58 56 102 104 60 105 13 3 95 30 41 88 6 1 38 67 49 28 71 43 53 50 72 73 76 34 4 89 40 48 62 87 63 86 21 18 61 96 97 65 
0 19 31 77 90 23 79 55 107 24 29 27 54 92 46 17 8 9 75 85 7 35 20 11 59 22 42 25 70 44 37 45 83 109 68 94 81 93 5 32 51 2 69 82 36 78 33 14 57 80 66 52 106 108 64 84 103 100 39 101 74 99 10 15 98 16 91 12 47 26 58 56 102 104 60 105 13 3 95 30 41 88 6 1 38 67 49 28 71 43 53 50 72 73 76 34 4 89 40 48 62 87 63 86 21 18 61 96 97 65 
0 19 31 77 90 23 79 55 107 24 29 27 54 92 46 17 8 9 75 85 7 35 20 11 59 22 42 25 70 44 37 45 83 109 68 94 81 93 5 32 51 2 69 82 36 78 33 14 57 80 66 52 106 108 64 84 103 100 39 101 74 99 10 15 98 16 91 12 47 26 58 56 102 104 60 105 13 3 95 30 41 88 6 1 38 67 49 28 71 43 53 50 72 73 76 34 4 89 40 48 62 87 63 86 21 18 61 96 97 65 
0 19 31 77 90 23 79 55 107 24 29 27 54 92 46 17 8 9 75 85 7 35 20 11 59 22 42 25 70 44 37 45 83 109 68 94 81 93 5 32 51 2 69 82 36 78 33 14 57 80 66 52 106 108 64 84 103 100 39 101 74 99 10 15 98 16 91 12 47 26 58 56 102 104 60 105 13 3 95 30 41 88 6 1 38 67 49 28 71 43 53 50 72 73 76 34 4 89 40 48 62 87 63 86 21 18 61 96 97 65 
0 19 31 77 90 23 79 55 107 24 29 27 54 92 46 17 8 9 75 85 7 35 20 11 59 22 42 25 70 44 37 45 83 109 68 94 81 93 5 32 51 2 69 82 36 78 33 14 57 80 66 52 106 108 64 84 103 100 39 101 74 99 10 15 98 16 91 12 47 26 58 56 102 104 60 105 13 3 95 30 41 88 6 1 38 67 49 28 71 43 53 50 72 73 76 34 4 89 40 48 62 87 63 86 21 18 61 96 97 65 
0 19 31 77 90 23 79 55 107 24 29 27 54 92 46 17 8 9 75 85 7 35 20 11 59 22 42 25 70 44 37 45 83 109 68 94 81 93 5 32 51 2 69 82 36 78 33 14 57 80 66 52 106 108 64 84 103 100 39 101 74 99 10 15 98 16 91 12 47 26 58 56 102 104 60 105 13 3 95 30 41 88 6 1 38 67 49 28 71 43 53 50 72 73 76 34 4 89 40 48 62 87 63 86 21 18 61 96 97 65 
0 19 31 77 90 23 79 55 107 24 29 27 54 92 46 17 8 9 75 85 7 35 20 11 59 22 42 25 70 44 37 45 83 109 68 94 81 93 5 32 51 2 69 82 36 78 33 14 57 80 66 52 106 108 64 84 103 100 39 101 74 99 10 15 98 16 91 12 47 26 58 56 102 104 60 105 13 3 95 30 41 88 6 1 38 67 49 28 71 43 53 50 72 73 76 34 4 89 40 48 62 87 63 86 21 18 61 96 97 65 
0 19 31 77 90 23 79 55 107 24 29 27 54 92 46 17 8 9 75 85 7 35 20 11 59 22 42 25 70 44 37 45 83 109 68 94 81 93 5 32 51 2 69 82 36 78 33 14 57 80 66 52 106 108 64 84 103 100 39 101 74 99 10 15 98 16 91 12 47 26 58 56 102 104 60 105 13 3 95 30 41 88 6 1 38 67 49 28 71 43 53 50 72 73 76 34 4 89 40 48 62 87 63 86 21 18 61 96 97 65 
0 19 31 77 90 23 79 55 107 24 29 27 54 92 46 17 8 9 75 85 7 35 20 11 59 22 42 25 70 44 37 45 83 109 68 94 81 93 5 32 51 2 69 82 36 78 33 14 57 80 66 52 106 108 64 84 103 100 39 101 74 99 10 15 98 16 91 12 47 26 58 56 102 104 60 105 13 3 95 30 41 88 6 1 38 67 49 28 71 43 53 50 72 73 76 34 4 89 40 48 62 87 63 86 21 18 61 96 97 65 
0 19 31 77 90 23 79 55 107 24 29 27 54 92 46 17 8 9 75 85 7 35 20 11 59 22 42 25 70 44 37 45 83 109 68 94 81 93 5 32 51 2 69 82 36 78 33 14 57 80 66 52 106 108 64 84 103 100 39 101 74 99 10 15 98 16 91 12 47 26 58 56 102 104 60 105 13 3 95 30 41 88 6 1 38 67 49 28 71 43 53 50 72 73 76 34 4 89 40 48 62 87 63 86 21 18 61 96 97 65 
0 19 31 77 90 23 79 55 107 24 29 27 54 92 46 17 8 9 75 85 7 35 20 11 59 22 42 25 70 44 37 45 83 109 68 94 81 93 5 32 51 2 69 82 36 78 33 14 57 80 66 52 106 108 64 84 103 100 39 101 74 99 10 15 98 16 91 12 47 26 58 56 102 104 60 105 13 3 95 30 41 88 6 1 38 67 49 28 71 43 53 50 72 73 76 34 4 89 40 48 62 87 63 86 21 18 61 96 97 65 
0 19 31 77 90 23 79 55 107 24 29 27 54 92 46 17 8 9 75 85 7 35 20 11 59 22 42 25 70 44 37 45 83 109 68 94 81 93 5 32 51 2 69 82 36 78 33 14 57 80 66 52 106 108 64 84 103 100 39 101 74 99 10 15 98 16 91 12 47 26 58 56 102 104 60 105 13 3 95 30 41 88 6 1 38 67 49 28 71 43 53 50 72 73 76 34 4 89 40 48 62 87 63 86 21 18 61 96 97 65 
0 19 31 77 90 23 79 55 107 24 29 27 54 92 46 17 8 9 75 85 7 35 20 11 59 22 42 25 70 44 37 45 83 109 68 94 81 93 5 32 51 2 69 82 36 78 33 14 57 80 66 52 106 108 64 84 103 100 39 101 74 99 10 15 98 16 91 12 47 26 58 56 102 104 60 105 13 3 95 30 41 88 6 1 38 67 49 28 71 43 53 50 72 73 76 34 4 89 40 48 62 87 63 86 21 18 61 96 97 65 
0 19 31 77 90 23 79 55 107 24 29 27 54 92 46 17 8 9 75 85 7 35 20 11 59 22 42 25 70 44 37 45 83 109 68 94 81 93 5 32 51 2 69 82 36 78 33 14 57 80 66 52 106 108 64 84 103 100 39 101 74 99 10 15 98 16 91 12 47 26 58 56 102 104 60 105 13 3 95 30 41 88 6 1 38 67 49 28 71 43 53 50 72 73 76 34 4 89 40 48 62 87 63 86 21 18 61 96 97 65 
0 19 31 77 90 23 79 55 107 24 29 27 54 92 46 17 8 9 75 85 7 35 20 11 59 22 42 25 70 44 37 45 83 109 68 94 81 93 5 32 51 2 69 82 36 78 33 14 57 80 66 52 106 108 64 84 103 100 39 101 74 99 10 15 98 16 91 12 47 26 58 56 102 104 60 105 13 3 95 30 41 88 6 1 38 67 49 28 71 43 53 50 72 73 76 34 4 89 40 48 62 87 63 86 21 18 61 96 97 65 
0 19 31 77 90 23 79 55 107 24 29 27 54 92 46 17 8 9 75 85 7 35 20 11 59 22 42 25 70 44 37 45 83 109 68 94 81 93 5 32 51 2 69 82 36 78 33 14 57 80 66 52 106 108 64 84 103 100 39 101 74 99 10 15 98 16 91 12 47 26 58 56 102 104 60 105 13 3 95 30 41 88 6 1 38 67 49 28 71 43 53 50 72 73 76 34 4 89 40 48 62 87 63 86 21 18 61 96 97 65 
0 19 31 77 90 23 79 55 107 24 29 27 54 92 46 17 8 9 75 85 7 35 20 11 59 22 42 25 70 44 37 45 83 109 68 94 81 93 5 32 51 2 69 82 36 78 33 14 57 80 66 52 106 108 64 84 103 100 39 101 74 99 10 15 98 16 91 12 47 26 58 56 102 104 60 105 13 3 95 30 41 88 6 1 38 67 49 28 71 43 53 50 72 73 76 34 4 89 40 48 62 87 63 86 21 18 61 96 97 65 
0 19 31 77 90 23 79 55 107 24 29 27 54 92 46 17 8 9 75 85 7 35 20 11 59 22 42 25 70 44 37 45 83 109 68 94 81 93 5 32 51 2 69 82 36 78 33 14 57 80 66 52 106 108 64 84 103 100 39 101 74 99 10 15 98 16 91 12 47 26 58 56 102 104 60 105 13 3 95 30 41 88 6 1 38 67 49 28 71 43 53 50 72 73 76 34 4 89 40 48 62 87 63 86 21 18 61 96 97 65 
0 19 31 77 90 23 79 55 107 24 29 27 54 92 46 17 8 9 75 85 7 35 20 11 59 22 42 25 70 44 37 45 83 109 68 94 81 93 5 32 51 2 69 82 36 78 33 14 57 80 66 52 106 108 64 84 103 100 39 101 74 99 10 15 98 16 91 12 47 26 58 56 102 104 60 105 13 3 95 30 41 88 6 1 38 67 49 28 71 43 53 50 72 73 76 34 4 89 40 48 62 87 63 86 21 18 61 96 97 65 
0 19 31 77 90 23 79 55 107 24 29 27 54 92 46 17 8 9 75 85 7 35 20 11 59 22 42 25 70 44 37 45 83 109 68 94 81 93 5 32 51 2 69 82 36 78 33 14 57 80 66 52 106 108 64 84 103 100 39 101 74 99 10 15 98 16 91 12 47 26 58 56 102 104 60 105 13 3 95 30 41 88 6 1 38 67 49 28 71 43 53 50 72 73 76 34 4 89 40 48 62 87 63 86 21 18 61 96 97 65 
0 19 31 77 90 23 79 55 107 24 29 27 54 92 46 17 8 9 75 85 7 35 20 11 59 22 42 25 70 44 37 45 83 109 68 94 81 93 5 32 51 2 69 82 36 78 33 14 57 80 66 52 106 108 64 84 103 100 39 101 74 99 10 15 98 16 91 12 47 26 58 56 102 104 60 105 13 3 95 30 41 88 6 1 38 67 49 28 71 43 53 50 72 73 76 34 4 89 40 48 62 87 63 86 21 18 61 96 97 65 
0 19 31 77 90 23 79 55 107 24 29 27 54 92 46 17 8 9 75 85 7 35 20 11 59 22 42 25 70 44 37 45 83 109 68 94 81 93 5 32 51 2 69 82 36 78 33 14 57 80 66 52 106 108 64 84 103 100 39 101 74 99 10 15 98 16 91 12 47 26 58 56 102 104 60 105 13 3 95 30 41 88 6 1 38 67 49 28 71 43 53 50 72 73 76 34 4 89 40 48 62 87 63 86 21 18 61 96 97 65 
0 19 31 77 90 23 79 55 107 24 29 27 54 92 46 17 8 9 75 85 7 35 20 11 59 22 42 25 70 44 37 45 83 109 68 94 81 93 5 32 51 2 69 82 36 78 33 14 57 80 66 52 106 108 64 84 103 100 39 101 74 99 10 15 98 16 91 12 47 26 58 56 102 104 60 105 13 3 95 30 41 88 6 1 38 67 49 28 71 43 53 50 72 73 76 34 4 89 40 48 62 87 63 86 21 18 61 96 97 65 
0 19 31 77 90 23 79 55 107 24 29 27 54 92 46 17 8 9 75 85 7 35 20 11 59 22 42 25 70 44 37 45 83 109 68 94 81 93 5 32 51 2 69 82 36 78 33 14 57 80 66 52 106 108 64 84 103 100 39 101 74 99 10 15 98 16 91 12 47 26 58 56 102 104 60 105 13 3 95 30 41 88 6 1 38 67 49 28 71 43 53 50 72 73 76 34 4 89 40 48 62 87 63 86 21 18 61 96 97 65 
0 19 31 77 90 23 79 55 107 24 29 27 54 92 46 17 8 9 75 85 7 35 20 11 59 22 42 25 70 44 37 45 83 109 68 94 81 93 5 32 51 2 69 82 36 78 33 14 57 80 66 52 106 108 64 84 103 100 39 101 74 99 10 15 98 16 91 12 47 26 58 56 102 104 60 105 13 3 95 30 41 88 6 1 38 67 49 28 71 43 53 50 72 73 76 34 4 89 40 48 62 87 63 86 21 18 61 96 97 65 
0 19 31 77 90 23 79 55 107 24 29 27 54 92 46 17 8 9 75 85 7 35 20 11 59 22 42 25 70 44 37 45 83 109 68 94 81 93 5 32 51 2 69 82 36 78 33 14 57 80 66 52 106 108 64 84 103 100 39 101 74 99 10 15 98 16 91 12 47 26 58 56 102 104 60 105 13 3 95 30 41 88 6 1 38 67 49 28 71 43 53 50 72 73 76 34 4 89 40 48 62 87 63 86 21 18 61 96 97 65 
0 19 31 77 90 23 79 55 107 24 29 27 54 92 46 17 8 9 75 85 7 35 20 11 59 22 42 25 70 44 37 45 83 109 68 94 81 93 5 32 51 2 69 82 36 78 33 14 57 80 66 52 106 108 64 84 103 100 39 101 74 99 10 15 98 16 91 12 47 26 58 56 102 104 60 105 13 3 95 30 41 88 6 1 38 67 49 28 71 43 53 50 72 73 76 34 4 89 40 48 62 87 63 86 21 18 61 96 97 65 
0 19 31 77 90 23 79 55 107 24 29 27 54 92 46 17 8 9 75 85 7 35 20 11 59 22 42 25 70 44 37 45 83 109 68 94 81 93 5 32 51 2 69 82 36 78 33 14 57 80 66 52 106 108 64 84 103 100 39 101 74 99 10 15 98 16 91 12 47 26 58 56 102 104 60 105 13 3 95 30 41 88 6 1 38 67 49 28 71 43 53 50 72 73 76 34 4 89 40 48 62 87 63 86 21 18 61 96 97 65 
0 19 31 77 90 23 79 55 107 24 29 27 54 92 46 17 8 9 75 85 7 35 20 11 59 22 42 25 70 44 37 45 83 109 68 94 81 93 5 32 51 2 69 82 36 78 33 14 57 80 66 52 106 108 64 84 103 100 39 101 74 99 10 15 98 16 91 12 47 26 58 56 102 104 60 105 13 3 95 30 41 88 6 1 38 67 49 28 71 43 53 50 72 73 76 34 4 89 40 48 62 87 63 86 21 18 61 96 97 65 
0 19 31 77 90 23 79 55 107 24 29 27 54 92 46 17 8 9 75 85 7 35 20 11 59 22 42 25 70 44 37 45 83 109 68 94 81 93 5 32 51 2 69 82 36 78 33 14 57 80 66 52 106 108 64 84 103 100 39 101 74 99 10 15 98 16 91 12 47 26 58 56 102 104 60 105 13 3 95 30 41 88 6 1 38 67 49 28 71 43 53 50 72 73 76 34 4 89 40 48 62 87 63 86 21 18 61 96 97 65 
0 19 31 77 90 23 79 55 107 24 29 27 54 92 46 17 8 9 75 85 7 35 20 11 59 22 42 25 70 44 37 45 83 109 68 94 81 93 5 32 51 2 69 82 36 78 33 14 57 80 66 52 106 108 64 84 103 100 39 101 74 99 10 15 98 16 91 12 47 26 58 56 102 104 60 105 13 3 95 30 41 88 6 1 38 67 49 28 71 43 53 50 72 73 76 34 4 89 40 48 62 87 63 86 21 18 61 96 97 65 
0 19 31 77 90 23 79 55 107 24 29 27 54 92 46 17 8 9 75 85 7 35 20 11 59 22 42 25 70 44 37 45 83 109 68 94 81 93 5 32 51 2 69 82 36 78 33 14 57 80 66 52 106 108 64 84 103 100 39 101 74 99 10 15 98 16 91 12 47 26 58 56 102 104 60 105 13 3 95 30 41 88 6 1 38 67 49 28 71 43 53 50 72 73 76 34 4 89 40 48 62 87 63 86 21 18 61 96 97 65 
0 19 31 77 90 23 79 55 107 24 29 27 54 92 46 17 8 9 75 85 7 35 20 11 59 22 42 25 70 44 37 45 83 109 68 94 81 93 5 32 51 2 69 82 36 78 33 14 57 80 66 52 106 108 64 84 103 100 39 101 74 99 10 15 98 16 91 12 47 26 58 56 102 104 60 105 13 3 95 30 41 88 6 1 38 67 49 28 71 43 53 50 72 73 76 34 4 89 40 48 62 87 63 86 21 18 96 61 97 65 
0 19 31 77 90 23 79 55 107 24 29 27 54 92 46 17 8 9 75 85 7 35 20 11 59 22 42 25 70 44 37 45 83 109 68 94 81 93 5 32 51 2 69 82 78 36 33 14 57 80 66 52 106 108 64 84 103 100 39 101 74 99 10 15 98 16 91 12 47 26 58 56 102 104 60 105 13 3 95 30 41 88 6 1 38 67 49 28 71 43 53 50 72 73 76 34 4 89 40 48 62 87 63 86 21 18 61 96 97 65 
0 19 31 77 90 23 79 55 107 24 29 27 54 92 46 17 8 9 75 85 7 35 20 11 59 22 42 25 70 44 37 45 83 109 68 94 81 93 5 32 51 2 69 82 36 78 33 14 57 80 66 52 106 108 64 99 74 101 39 100 103 84 10 15 98 16 91 12 47 26 58 56 102 104 60 105 13 3 95 30 41 88 6 1 38 67 49 28 71 43 53 50 72 73 76 34 4 89 40 48 62 87 63 86 21 18 61 96 97 65 
0 19 31 77 90 23 79 55 107 24 29 27 54 92 46 17 8 9 75 85 7 35 20 11 59 22 42 25 70 44 37 45 83 109 68 94 81 93 5 32 51 2 69 82 36 78 33 14 57 80 66 52 106 108 64 84 103 100 39 101 74 99 10 15 98 16 91 12 47 26 58 56 102 104 60 105 13 3 95 30 41 88 6 1 38 67 49 28 71 43 53 50 72 76 34 73 4 89 40 48 62 87 63 86 21 18 61 96 97 65 
0 19 31 77 90 23 79 55 107 24 29 27 54 92 46 17 8 9 75 85 7 35 20 11 59 22 42 25 70 44 37 45 109 68 94 83 81 93 5 32 51 2 69 82 36 78 33 14 57 80 66 52 106 108 64 84 103 100 39 101 74 99 10 15 98 16 91 12 47 26 58 56 102 104 60 105 13 3 95 30 41 88 6 1 38 67 49 28 71 43 53 50 72 73 76 34 4 89 40 48 62 87 63 86 21 18 61 96 97 65 
0 19 31 77 90 23 79 55 107 24 29 27 54 92 46 17 8 9 75 85 7 35 20 11 59 22 42 25 70 44 37 45 83 109 68 94 81 93 5 32 51 2 69 82 36 78 99 74 101 39 100 103 84 64 108 106 52 66 80 57 14 33 10 15 98 16 91 12 47 26 58 56 102 104 60 105 13 3 95 30 41 88 6 1 38 67 49 28 71 43 53 50 72 73 76 34 4 89 40 48 62 87 63 86 21 18 61 96 97 65 
0 19 31 77 90 23 79 55 24 107 29 27 54 92 46 17 8 9 75 85 7 35 20 11 59 22 42 25 70 44 37 45 83 109 68 94 81 93 5 32 51 2 69 82 36 78 33 14 57 80 66 52 106 108 64 84 103 100 39 101 74 99 10 15 98 16 91 12 47 26 58 56 102 104 105 13 3 95 30 41 88 6 1 60 38 67 49 28 71 43 53 50 72 73 76 34 4 89 40 48 62 87 63 86 21 18 61 96 97 65 
0 19 31 77 90 23 79 55 107 24 29 27 54 92 46 17 8 9 75 85 7 35 20 11 59 22 42 25 70 44 37 45 83 109 68 94 81 93 5 32 51 2 69 82 36 78 33 14 57 80 66 52 106 108 64 84 103 100 39 101 74 99 10 15 98 16 91 12 47 58 56 102 104 60 105 13 3 26 95 30 41 88 6 1 38 67 49 28 71 43 53 50 72 73 76 34 4 89 40 48 62 87 63 86 21 18 61 96 97 65 
0 19 31 77 90 23 79 55 107 24 29 27 54 92 46 17 8 9 75 85 7 35 20 11 59 22 42 25 70 44 37 45 83 109 68 94 81 93 5 32 51 2 69 82 36 78 33 14 57 80 1 6 88 41 30 95 3 13 105 60 104 102 56 58 26 47 12 91 16 98 15 10 99 74 101 39 100 103 84 64 108 106 52 66 38 67 49 28 71 43 53 50 72 73 76 34 4 89 40 48 62 87 63 86 21 18 61 96 97 65 
0 19 31 77 90 23 79 55 107 24 29 27 54 92 46 17 8 9 75 85 7 35 20 11 59 22 42 25 70 44 37 45 83 109 93 94 81 68 5 32 51 2 69 82 36 78 33 14 57 80 66 52 106 108 64 84 103 100 39 101 74 99 10 15 98 16 91 12 47 26 58 56 102 104 60 105 13 3 95 30 41 88 6 1 38 67 49 28 71 43 53 50 72 73 76 34 4 89 40 48 62 87 63 86 21 18 61 96 97 65 
0 19 31 77 90 23 79 55 107 24 29 27 54 92 46 17 8 9 75 85 7 20 11 59 22 42 25 70 44 35 37 45 83 109 68 94 81 93 5 32 51 2 69 82 36 78 33 14 57 80 66 52 106 108 64 84 103 100 39 101 74 99 10 15 98 16 91 12 47 26 58 56 102 104 60 105 13 3 95 30 41 88 6 1 38 67 49 28 71 43 53 50 72 73 76 34 4 89 40 48 62 87 63 86 21 18 61 96 97 65 
0 19 31 77 90 23 79 55 107 24 29 27 54 92 46 17 8 9 75 85 7 35 20 11 59 22 42 25 70 44 37 45 83 109 68 94 81 93 5 32 51 2 69 82 36 78 33 14 57 80 66 52 106 108 64 84 103 100 39 101 74 99 10 15 98 16 91 12 47 26 58 56 102 104 60 105 13 3 95 30 41 88 6 1 38 67 49 28 71 43 53 50 72 73 76 34 4 89 40 48 87 63 86 62 21 18 61 96 97 65 
0 31 77 90 23 79 19 55 107 24 29 27 54 92 46 17 8 9 75 85 7 35 20 11 59 22 42 25 70 44 37 45 83 109 68 94 81 93 5 32 51 2 69 82 36 78 33 14 57 80 66 52 106 108 64 84 103 100 39 101 74 99 10 15 98 16 91 12 47 26 58 56 102 104 60 105 13 3 95 30 41 88 6 1 38 67 49 28 71 43 53 50 72 73 76 34 4 89 40 48 62 87 63 86 21 18 61 96 97 65 
0 19 31 77 90 23 79 55 107 24 29 27 54 92 46 17 8 9 75 85 7 35 20 11 59 22 42 25 70 44 37 45 83 109 68 94 81 93 5 32 51 2 69 82 36 78 33 14 57 80 66 52 106 108 64 84 103 100 39 101 74 99 10 15 98 16 91 12 47 26 58 56 102 104 60 105 13 3 95 30 41 88 6 1 38 49 28 71 43 53 50 72 67 73 76 34 4 89 40 48 62 87 63 86 21 18 61 96 97 65 
0 19 31 77 90 23 79 55 107 24 29 27 54 92 46 17 8 9 75 85 7 35 20 11 59 22 42 25 70 44 37 45 83 109 34 94 81 93 5 32 51 2 69 82 36 78 33 14 57 80 66 52 106 108 64 84 103 100 39 101 74 99 10 15 98 16 91 12 47 26 58 56 102 104 60 105 13 3 95 30 41 88 6 1 38 67 49 28 71 43 53 50 72 73 76 68 4 89 40 48 62 87 63 86 21 18 61 96 97 65 
0 19 31 77 90 23 79 55 107 24 29 27 54 92 46 17 8 9 75 85 7 35 20 11 59 22 42 25 70 44 37 45 83 96 61 18 21 86 63 87 62 48 40 89 4 34 76 73 72 50 53 43 71 28 49 67 38 1 6 88 41 30 95 3 13 105 60 104 102 56 58 26 47 12 91 16 98 15 10 99 74 101 39 100 103 84 64 108 106 52 66 80 57 14 33 78 36 82 69 2 51 32 5 93 81 94 68 109 97 65 
0 19 31 77 90 23 79 55 107 24 29 27 54 92 46 17 8 9 75 85 7 35 20 11 59 22 42 25 70 44 37 45 83 109 68 94 81 93 5 32 51 2 69 82 36 78 33 14 57 80 66 52 106 108 64 84 103 100 39 101 74 99 10 15 98 16 91 12 47 26 58 56 102 104 60 105 13 3 95 30 41 88 6 1 38 67 49 28 71 53 50 43 4 73 76 34 72 89 40 48 62 87 63 86 21 18 61 96 97 65 
0 19 31 77 90 23 79 55 107 24 29 27 54 92 46 17 8 9 75 85 7 35 20 11 59 22 42 25 70 44 96 61 18 21 86 63 87 62 48 40 89 4 34 76 73 72 50 53 43 71 28 49 67 38 1 6 88 41 30 95 3 13 105 60 104 102 56 58 26 47 12 91 16 98 15 10 99 74 101 39 100 103 84 64 108 106 52 66 80 57 14 33 78 36 82 69 2 51 32 5 93 81 94 68 109 83 45 37 97 65 
0 19 31 77 90 23 79 55 107 24 29 27 54 92 46 17 8 9 75 85 7 35 20 11 59 22 42 25 70 44 37 45 83 109 68 94 81 93 5 32 51 2 69 82 36 78 33 14 57 80 66 52 106 108 64 84 103 53 43 71 28 49 67 38 1 6 88 41 30 95 3 13 105 60 104 102 56 58 26 47 12 91 16 98 15 10 99 74 101 39 100 50 72 73 76 34 4 89 40 48 62 87 63 86 21 18 61 96 97 65 
0 19 31 77 90 23 79 55 107 24 29 27 54 92 46 17 8 9 75 85 7 35 20 11 59 22 42 25 70 44 37 45 83 109 68 108 106 52 66 80 57 14 33 78 36 82 69 2 51 32 5 93 81 94 64 84 103 100 39 101 74 99 10 15 98 16 91 12 47 26 58 56 102 104 60 105 13 3 95 30 41 88 6 1 38 67 49 28 71 43 53 50 72 73 76 34 4 89 40 48 62 87 63 86 21 18 61 96 97 65 
0 19 31 77 90 23 79 55 107 24 29 27 54 92 46 17 8 9 75 85 7 35 20 11 59 22 42 25 70 44 37 45 83 109 68 94 81 93 32 51 2 69 82 36 78 33 14 57 80 66 52 106 108 64 5 84 103 100 39 101 74 99 10 15 98 16 91 12 47 26 58 56 102 104 60 105 13 3 95 30 41 88 6 1 38 67 49 28 71 43 53 50 72 73 76 34 4 89 40 48 62 87 63 86 21 18 61 96 97 65 
0 19 31 77 90 23 79 55 107 24 27 54 92 46 17 8 9 75 85 7 35 29 20 11 59 22 42 25 70 44 37 45 83 109 68 94 81 93 5 32 51 2 69 82 36 78 33 14 57 80 66 52 106 108 64 84 103 100 39 101 74 99 10 15 98 16 91 12 47 26 58 56 102 104 60 105 13 3 95 30 41 88 6 1 38 67 49 28 71 43 53 50 72 73 76 34 4 89 40 48 62 87 63 86 21 18 61 96 97 65 
0 19 31 77 90 23 79 55 107 24 9 27 54 92 46 17 8 29 75 85 7 35 20 11 59 22 42 25 70 44 37 45 83 109 68 94 81 93 5 32 51 2 69 82 36 78 33 14 57 80 66 52 106 108 64 84 103 100 39 101 74 99 10 15 98 16 91 12 47 26 58 56 102 104 60 105 13 3 95 30 41 88 6 1 38 67 49 28 71 43 53 50 72 73 76 34 4 89 40 48 62 87 63 86 21 18 61 96 97 65 
0 19 31 77 90 23 79 55 107 24 29 27 54 92 46 17 8 9 75 85 7 35 20 11 59 22 42 25 70 44 45 83 109 68 94 81 93 5 32 51 2 69 82 36 78 33 14 57 80 66 52 106 108 64 84 103 100 39 101 74 99 10 15 98 16 91 12 47 26 58 56 102 104 60 105 13 3 95 30 41 88 6 1 38 67 49 28 71 43 53 50 72 73 76 34 37 4 89 40 48 62 87 63 86 21 18 61 96 97 65 
0 19 31 77 90 23 79 55 107 24 29 27 54 92 46 17 8 9 75 85 7 35 20 11 59 22 42 25 70 44 37 45 83 109 68 94 81 93 5 32 51 2 69 82 36 78 33 14 57 80 84 52 106 108 64 66 103 100 39 101 74 99 10 15 98 16 91 12 47 26 58 56 102 104 60 105 13 3 95 30 41 88 6 1 38 67 49 28 71 43 53 50 72 73 76 34 4 89 40 48 62 87 63 86 21 18 61 96 97 65 
0 19 31 77 90 23 79 55 107 24 29 27 54 92 46 17 8 9 75 85 7 35 20 11 59 22 42 25 70 44 37 45 83 109 68 94 81 93 5 32 51 2 69 82 36 78 33 14 57 80 84 52 106 108 64 66 103 100 39 101 74 99 10 15 98 16 91 12 47 26 58 56 102 104 60 105 13 3 95 30 41 88 6 1 38 67 49 28 71 43 53 50 72 73 76 34 4 89 40 48 62 87 63 86 21 18 61 96 97 65 
0 19 31 77 90 23 79 55 107 24 29 27 54 92 46 17 8 9 75 85 7 35 20 11 59 22 42 25 70 44 37 45 83 109 68 94 81 93 5 32 51 2 69 82 36 78 33 14 57 80 84 52 106 108 64 66 103 100 39 101 74 99 10 15 98 16 91 12 47 26 58 56 102 104 60 105 13 3 95 30 41 88 6 1 38 67 49 28 71 43 53 50 72 73 76 34 4 89 40 48 62 87 63 86 21 18 61 96 97 65 
0 19 31 77 90 23 79 55 107 24 29 27 54 92 46 17 8 9 75 85 7 35 20 11 59 22 42 25 70 44 37 45 83 109 68 94 81 93 5 32 51 2 69 82 36 78 33 14 57 80 66 52 106 108 64 84 103 100 39 101 74 99 10 15 98 16 91 12 47 26 58 56 102 104 60 105 13 3 95 30 41 88 6 1 38 67 49 28 71 43 53 50 72 73 76 34 4 89 40 48 21 87 63 86 62 18 61 96 97 65 
0 19 31 77 90 23 79 55 107 24 29 27 54 92 46 17 8 9 75 85 7 35 20 11 59 22 42 25 70 44 37 45 83 109 68 94 81 57 14 33 78 36 82 69 2 51 32 5 93 80 66 52 106 108 64 84 103 100 39 101 74 99 10 15 98 16 91 12 47 26 58 56 102 104 60 105 13 3 95 30 41 88 6 1 38 67 49 28 71 43 53 50 72 73 76 34 4 89 40 48 62 87 63 86 21 18 61 96 97 65 
0 19 31 77 90 23 79 55 107 24 29 27 54 92 46 17 8 9 75 85 7 35 20 11 59 22 42 25 70 44 37 45 83 109 68 94 81 93 5 32 51 2 69 82 74 78 33 14 57 80 66 52 106 108 64 84 103 100 39 101 36 99 10 15 98 16 91 12 47 26 58 56 102 104 60 105 13 3 95 30 41 88 6 1 38 67 49 28 71 43 53 50 72 73 76 34 4 89 40 48 62 87 63 86 21 18 61 96 97 65 
0 19 31 77 90 23 79 55 107 24 29 27 54 92 46 17 8 9 75 85 7 35 20 11 59 22 42 25 70 44 37 45 83 109 68 94 81 93 5 32 51 2 69 82 36 78 33 14 57 80 66 52 106 108 64 84 103 100 39 101 74 99 10 15 98 16 91 12 47 26 58 56 102 104 60 105 13 3 95 30 41 88 6 1 38 67 49 28 71 43 53 50 72 73 76 34 4 89 48 62 87 63 86 21 18 61 40 96 97 65 
0 19 31 77 90 23 79 55 107 24 29 27 54 92 46 17 8 9 75 85 7 35 20 11 59 22 42 25 70 44 37 45 83 109 68 94 81 93 5 32 51 2 69 82 36 78 33 14 57 80 66 52 106 108 64 84 103 100 39 101 74 99 10 15 98 16 91 12 47 26 58 56 102 104 60 105 13 3 95 43 41 88 6 1 38 67 49 28 71 30 53 50 72 73 76 34 4 89 40 48 62 87 63 86 21 18 61 96 97 65 
0 19 31 77 90 23 79 55 107 24 29 27 54 92 46 17 8 9 75 85 7 35 20 11 59 22 42 25 70 44 37 45 83 109 68 94 39 81 93 5 32 51 2 69 82 36 78 33 14 57 80 66 52 106 108 64 84 103 100 101 74 99 10 15 98 16 91 12 47 26 58 56 102 104 60 105 13 3 95 30 41 88 6 1 38 67 49 28 71 43 53 50 72 73 76 34 4 89 40 48 62 87 63 86 21 18 61 96 97 65 
0 19 31 77 90 23 79 55 107 24 29 27 54 92 46 17 8 9 75 85 7 35 20 11 59 22 42 25 70 44 37 45 83 109 68 94 81 93 5 32 51 2 69 82 36 78 33 14 57 80 66 52 106 108 64 84 103 100 39 101 74 99 10 15 98 16 91 12 47 26 58 56 102 104 60 105 13 71 95 30 41 88 6 1 38 67 49 28 3 43 53 50 72 73 76 34 4 89 40 48 62 87 63 86 21 18 61 96 97 65 
0 19 31 77 90 23 79 55 107 24 29 27 54 92 46 17 8 9 75 85 7 35 20 11 59 22 42 25 70 44 37 45 83 109 68 94 81 93 5 32 51 2 69 82 36 78 33 14 57 80 66 52 106 108 64 103 100 39 101 74 99 10 15 98 16 91 12 47 26 58 56 102 84 104 60 105 13 3 95 30 41 88 6 1 38 67 49 28 71 43 53 50 72 73 76 34 4 89 40 48 62 87 63 86 21 18 61 96 97 65 
0 19 31 77 90 23 79 55 107 24 29 27 54 92 46 17 8 9 75 85 7 35 20 11 59 22 42 25 70 44 37 45 83 109 68 94 81 93 5 32 51 2 69 82 36 78 33 14 57 80 66 52 106 108 64 84 103 100 39 101 56 58 26 47 12 91 16 98 15 10 99 74 102 104 60 105 13 3 95 30 41 88 6 1 38 67 49 28 71 43 53 50 72 73 76 34 4 89 40 48 62 87 63 86 21 18 61 96 97 65 
0 19 31 77 90 23 79 55 107 24 29 27 54 92 46 17 8 9 75 85 7 35 20 11 59 22 42 25 39 70 44 37 45 83 109 68 94 81 93 5 32 51 2 69 82 36 78 33 14 57 80 66 52 106 108 64 84 103 100 101 74 99 10 15 98 16 91 12 47 26 58 56 102 104 60 105 13 3 95 30 41 88 6 1 38 67 49 28 71 43 53 50 72 73 76 34 4 89 40 48 62 87 63 86 21 18 61 96 97 65 
0 19 31 77 90 23 79 55 107 24 27 54 92 46 17 8 9 75 85 7 35 20 11 29 59 22 42 25 70 44 37 45 83 109 68 94 81 93 5 32 51 2 69 82 36 78 80 57 14 33 66 52 106 108 64 84 103 100 39 101 74 99 10 15 98 16 91 12 47 26 58 56 102 104 60 105 13 3 95 30 41 88 6 1 38 67 49 28 71 43 53 50 72 73 76 34 4 89 40 48 62 87 63 86 21 18 61 96 97 65 
0 19 31 77 90 23 79 55 107 24 29 27 54 92 46 17 8 9 75 85 7 35 20 11 59 22 42 25 70 44 37 45 83 109 68 94 81 93 5 32 51 2 69 82 36 78 33 14 57 80 66 52 106 108 64 84 103 100 39 101 74 99 10 15 98 105 91 12 47 26 58 56 102 104 60 16 13 3 95 30 41 88 6 1 38 67 49 28 71 43 53 50 72 73 76 34 4 89 40 48 62 87 63 86 21 18 61 96 97 65 
0 19 31 77 90 23 79 55 107 24 29 27 54 92 46 17 8 9 75 85 7 35 20 11 59 22 42 70 44 37 45 83 109 68 94 81 93 5 32 51 2 69 82 36 78 33 14 57 80 66 52 106 108 64 84 103 100 39 25 101 74 99 10 15 98 16 91 12 47 26 58 56 102 104 60 105 13 3 95 30 41 88 6 1 38 67 49 28 71 43 53 50 72 73 76 34 4 89 40 48 62 87 63 86 21 18 61 96 97 65 
0 19 31 77 90 23 79 55 107 24 29 27 54 92 46 17 8 9 75 85 7 35 20 11 59 22 42 25 70 44 37 45 83 109 68 94 81 93 5 32 51 2 69 82 36 78 30 95 3 13 105 60 104 102 56 58 26 47 12 91 16 98 15 10 99 74 101 39 100 103 84 64 108 106 52 66 80 57 14 33 41 88 6 1 38 67 49 28 71 43 53 50 72 73 76 34 4 89 40 48 62 87 63 86 21 18 61 96 97 65 
0 19 31 77 90 23 79 55 107 24 29 27 54 92 46 17 8 9 75 85 93 35 20 11 59 22 42 25 70 44 37 45 83 109 68 94 81 7 5 32 51 2 69 82 36 78 33 14 57 80 66 52 106 108 64 84 103 100 39 101 74 99 10 15 98 16 91 12 47 26 58 56 102 104 60 105 13 3 95 30 41 88 6 1 38 67 49 28 71 43 53 50 72 73 76 34 4 89 40 48 62 87 63 86 21 18 61 96 97 65 
0 19 31 77 90 23 79 55 107 24 29 27 54 92 46 17 8 9 75 85 7 35 20 11 59 22 42 25 70 44 37 45 83 109 68 94 81 93 5 32 51 2 69 82 36 78 33 47 57 80 66 52 106 108 64 84 103 100 39 101 74 99 10 15 98 16 91 12 14 26 58 56 102 104 60 105 13 3 95 30 41 88 6 1 38 67 49 28 71 43 53 50 72 73 76 34 4 89 40 48 62 87 63 86 21 18 61 96 97 65 
0 19 31 77 90 23 79 55 107 24 29 27 54 92 46 17 8 9 75 85 7 35 20 11 59 22 42 25 70 44 37 45 109 68 94 81 93 5 32 51 2 69 82 36 78 33 14 57 80 66 52 106 108 64 84 103 100 39 83 101 74 99 10 15 98 16 91 12 47 26 58 56 102 104 60 105 13 3 95 30 41 88 6 1 38 67 49 28 71 43 53 50 72 73 76 34 4 89 40 48 62 87 63 86 21 18 61 96 97 65 
0 19 31 77 90 23 79 55 107 24 29 27 54 92 46 17 8 9 75 85 7 35 20 100 103 84 64 108 106 52 66 80 57 14 33 78 36 82 69 2 51 32 5 93 81 94 68 109 83 45 37 44 70 25 42 22 59 11 39 101 74 99 10 15 98 16 91 12 47 26 58 56 102 104 60 105 13 3 95 30 41 88 6 1 38 67 49 28 71 43 53 50 72 73 76 34 4 89 40 48 62 87 63 86 21 18 61 96 97 65 
0 19 31 77 90 23 79 55 107 24 29 27 54 92 46 17 8 9 75 85 7 35 20 11 59 22 42 25 70 44 37 45 83 109 68 94 81 93 5 32 51 2 69 82 36 78 33 14 57 80 66 52 106 108 64 84 103 100 39 16 74 99 10 15 98 101 91 12 47 26 58 56 102 104 60 105 13 3 95 30 41 88 6 1 38 67 49 28 71 43 53 50 72 73 76 34 4 89 40 48 62 87 63 86 21 18 61 96 97 65 
0 19 31 77 90 23 79 55 107 24 29 27 54 92 46 17 8 69 2 51 32 5 93 81 94 68 109 83 45 37 44 70 25 42 22 59 11 20 35 7 85 75 9 82 36 78 33 14 57 80 66 52 106 108 64 84 103 100 39 101 74 99 10 15 98 16 91 12 47 26 58 56 102 104 60 105 13 3 95 30 41 88 6 1 38 67 49 28 71 43 53 50 72 73 76 34 4 89 40 48 62 87 63 86 21 18 61 96 97 65 
0 19 31 77 90 23 79 55 107 24 29 27 54 92 46 17 8 9 75 85 7 35 20 11 59 22 42 25 70 44 37 45 83 109 68 94 81 93 5 32 51 39 101 74 99 10 15 98 16 91 12 47 26 58 64 84 103 100 2 69 82 36 78 33 14 57 80 66 52 106 108 56 102 104 60 105 13 3 95 30 41 88 6 1 38 67 49 28 71 43 53 50 72 73 76 34 4 89 40 48 62 87 63 86 21 18 61 96 97 65 
0 19 31 77 90 23 79 55 107 24 29 27 54 92 46 17 8 9 75 85 7 35 20 11 59 22 42 25 70 44 37 45 83 109 68 94 81 93 5 32 51 2 69 82 36 78 33 14 57 80 66 52 108 64 84 106 103 100 39 101 74 99 10 15 98 16 91 12 47 43 53 50 72 73 76 34 4 89 26 58 56 102 104 60 105 13 3 95 30 41 88 6 1 38 67 49 28 71 40 48 62 87 63 86 21 18 61 96 97 65 
0 19 31 77 90 23 79 55 107 24 29 27 54 92 46 17 8 9 75 85 7 35 20 11 59 22 42 25 70 44 37 45 83 109 94 81 93 5 32 51 2 69 82 36 78 33 14 57 80 66 52 106 108 64 84 103 39 100 101 74 99 10 15 98 16 91 12 47 26 58 56 102 104 60 105 13 3 95 30 41 88 6 1 38 67 49 28 71 43 53 50 72 73 76 34 4 89 40 48 62 87 63 68 86 21 18 61 96 97 65 
0 19 31 77 90 23 79 55 107 24 29 27 54 92 46 17 8 9 75 85 7 35 20 11 59 22 42 83 45 37 44 39 100 70 25 109 68 94 81 93 5 32 51 2 69 82 36 78 33 14 57 80 66 52 106 108 64 84 103 101 74 99 10 15 98 16 91 12 47 26 58 56 102 104 60 105 13 3 95 30 41 88 6 1 38 67 49 28 71 43 53 50 72 73 76 34 4 89 40 48 62 87 63 86 21 18 61 96 97 65 
0 19 31 77 90 23 55 107 24 29 27 54 92 46 17 8 9 75 85 7 35 20 11 59 22 42 25 70 44 37 45 83 109 68 94 81 79 93 5 32 51 2 69 82 36 78 33 14 57 80 66 52 106 108 64 84 103 100 39 101 74 99 10 15 98 16 91 12 47 26 58 56 102 104 60 105 13 3 95 30 41 88 6 1 38 67 49 28 71 43 53 50 72 73 76 34 4 89 40 48 62 87 63 86 21 18 61 96 97 65 
0 19 31 77 90 23 79 55 107 24 29 27 54 92 46 17 8 9 75 85 7 35 20 11 59 22 42 25 70 44 37 45 83 109 68 94 81 93 5 65 32 51 2 69 82 36 78 33 14 57 80 66 52 106 108 64 84 103 100 39 101 74 99 10 15 98 16 91 12 47 26 58 56 102 104 60 105 13 3 95 30 41 88 6 1 38 67 49 28 71 43 53 50 72 73 76 34 4 89 40 48 62 87 63 86 21 18 61 96 97 
0 19 31 77 90 23 79 55 107 24 29 27 54 92 46 17 8 9 75 85 7 35 20 11 59 22 42 25 70 44 37 45 83 109 68 94 81 93 5 32 51 2 69 82 36 78 33 14 57 80 66 52 106 108 64 84 103 100 39 101 74 99 10 15 98 16 91 12 47 26 58 56 102 104 60 105 13 3 95 30 41 88 6 1 38 67 49 28 43 53 50 72 73 76 34 4 89 40 48 62 87 63 86 21 18 61 71 96 97 65 
0 19 31 77 90 23 79 55 107 24 29 27 54 92 46 17 8 9 75 85 7 35 20 11 59 22 42 25 70 44 37 45 83 109 68 94 81 93 5 32 51 2 69 82 36 78 33 14 57 80 66 52 106 108 64 84 103 100 39 101 74 99 10 15 98 16 91 12 47 26 58 56 102 104 60 105 13 3 95 30 41 88 6 38 67 49 28 71 43 53 50 72 73 76 34 4 89 40 48 62 87 63 86 21 18 1 61 96 97 65 
0 31 77 90 23 79 55 107 24 19 29 27 54 92 46 17 8 9 75 85 7 35 20 11 59 22 42 25 70 45 37 44 83 109 68 94 81 93 5 32 51 2 69 82 36 78 33 14 57 80 66 52 106 108 64 84 103 98 15 10 99 74 101 39 100 16 91 12 47 26 58 56 102 104 60 105 13 3 95 30 41 88 6 1 38 67 49 28 71 43 53 50 72 73 76 34 4 89 40 48 62 87 63 86 21 18 61 96 97 65 
0 19 31 77 90 23 79 55 107 24 29 27 54 92 46 17 8 9 75 85 7 35 20 11 59 22 42 25 70 44 37 45 83 109 68 94 93 5 32 51 2 69 82 36 78 33 14 57 80 66 52 106 108 64 84 103 100 39 101 74 99 10 15 98 16 91 12 47 26 58 56 102 104 60 105 13 3 95 30 41 81 88 6 1 38 67 49 28 71 43 53 50 72 73 76 34 4 89 40 48 62 87 63 86 21 18 61 96 97 65 
0 19 31 77 90 23 79 55 107 24 29 27 54 92 46 17 8 9 75 85 7 35 20 11 59 22 42 25 70 44 37 45 83 109 68 94 81 93 5 32 51 2 69 82 36 78 33 14 57 80 66 52 106 108 64 84 103 100 39 101 74 99 10 15 98 16 91 12 47 26 58 56 102 104 60 105 13 3 95 30 41 88 6 1 62 67 49 28 71 43 53 50 72 73 76 34 4 89 40 48 38 87 63 86 21 18 61 96 97 65 
0 19 31 77 90 23 79 55 107 24 29 27 54 92 46 17 8 9 75 85 7 35 20 11 59 22 42 25 70 44 37 45 83 109 68 94 13 105 60 104 102 56 58 26 47 12 91 16 98 15 10 99 74 101 39 100 103 84 64 108 106 52 66 80 57 14 33 78 36 82 69 2 51 32 5 93 81 3 95 30 41 88 6 1 38 67 49 28 71 43 53 50 72 73 76 34 4 89 40 48 62 87 63 86 21 18 61 96 97 65 
0 19 31 77 90 23 79 55 107 24 29 27 54 92 46 17 8 9 75 85 7 35 20 11 59 22 42 25 70 44 37 62 83 109 68 94 81 93 5 32 51 2 69 82 36 78 33 14 57 80 66 52 106 108 64 84 103 100 39 101 74 99 10 15 98 16 91 12 47 26 58 56 102 104 60 105 13 3 95 30 41 88 6 1 38 67 49 28 71 43 53 50 72 73 76 34 4 89 40 48 45 87 63 86 21 18 61 96 97 65 
0 19 31 77 90 23 79 55 107 24 29 27 54 92 46 17 8 9 75 85 7 35 20 11 59 22 42 25 70 44 37 45 83 109 71 94 81 93 5 32 51 2 69 82 36 78 33 14 57 80 66 52 106 108 64 84 103 100 39 101 74 99 10 15 98 16 91 12 47 26 58 56 102 104 60 105 13 3 95 30 41 88 6 1 38 67 49 28 68 43 53 50 72 73 76 34 4 89 40 48 62 87 63 86 21 18 61 96 97 65 
0 19 31 77 90 23 79 55 107 24 29 27 54 92 46 17 8 9 75 32 7 35 20 11 59 22 42 25 70 44 37 45 83 109 68 94 81 93 5 85 51 2 69 82 36 78 33 14 57 80 66 52 106 108 64 84 103 100 39 101 74 99 10 15 98 16 91 12 47 26 58 56 102 104 60 105 13 3 95 30 41 88 6 1 38 67 49 28 71 43 53 50 72 73 76 34 4 89 40 48 62 87 63 86 21 18 61 96 97 65 
0 19 31 77 90 23 79 55 107 24 29 27 54 92 46 17 8 9 75 85 7 35 20 11 59 22 42 25 70 44 37 45 83 109 68 94 81 93 5 32 51 2 69 82 36 78 33 14 57 80 66 52 106 108 64 84 103 100 39 101 74 99 10 15 98 16 91 12 47 26 58 56 102 104 60 105 13 3 95 30 41 88 6 1 38 67 49 28 43 53 50 72 73 76 34 4 89 40 48 62 87 63 86 21 71 18 61 96 97 65 
0 19 31 77 90 23 79 55 107 24 29 27 54 92 46 17 8 9 75 85 7 35 20 11 59 22 42 25 70 44 47 12 91 16 98 15 10 99 74 101 39 100 103 84 64 108 106 52 66 80 57 14 33 78 36 82 69 2 51 32 5 93 81 94 68 109 83 45 37 26 58 56 102 104 60 105 13 3 95 30 41 88 6 1 38 67 49 28 71 43 53 50 72 73 76 34 4 89 40 48 62 87 63 86 21 18 61 96 97 65 
0 19 31 77 90 23 79 55 22 24 29 27 54 92 46 17 8 9 75 85 7 35 20 11 59 107 42 25 70 44 37 45 83 109 68 94 81 93 5 32 51 2 69 82 36 78 33 14 57 80 66 52 106 108 64 84 103 100 39 101 74 99 10 15 98 16 91 12 47 26 58 56 102 104 60 105 13 3 95 30 41 88 6 1 38 67 49 28 71 43 53 50 72 73 76 34 4 89 40 48 62 87 63 86 21 18 61 96 97 65 
0 19 31 77 90 23 79 55 107 24 29 27 54 92 46 17 8 9 75 85 7 35 20 11 59 22 42 25 70 44 37 45 83 109 68 94 81 93 5 32 51 2 69 82 36 78 33 14 57 80 66 52 106 108 64 84 103 100 39 101 74 99 10 15 98 16 91 12 47 26 58 56 102 104 60 105 13 95 30 41 88 6 1 38 67 49 28 71 43 53 50 72 73 76 34 4 89 40 48 62 87 63 86 21 18 61 96 3 97 65 
0 19 31 77 90 23 2 51 32 5 93 81 94 68 109 83 45 37 44 70 25 42 22 59 11 20 35 7 85 75 9 8 17 46 92 54 27 29 24 107 55 79 69 82 36 78 33 14 57 80 66 52 106 108 64 84 103 100 39 101 74 99 10 15 98 16 91 12 47 26 58 56 102 104 60 105 13 3 95 30 41 88 6 1 38 67 49 28 71 43 53 50 72 73 76 34 4 89 40 48 62 87 63 86 21 18 61 96 97 65 
0 19 31 77 90 23 79 55 107 24 29 27 54 92 46 17 8 9 75 85 7 35 20 11 59 22 42 25 70 44 37 45 83 109 68 94 81 93 5 32 66 2 69 82 36 78 33 14 57 80 51 52 106 108 64 84 103 100 39 101 74 99 10 15 98 16 91 12 47 26 58 56 102 104 60 105 13 3 95 30 41 88 6 1 38 67 49 28 71 43 53 50 72 73 76 34 4 89 40 48 62 87 63 86 21 18 61 96 97 65 
0 19 31 77 90 23 79 55 107 24 29 27 54 92 46 17 8 9 75 85 7 35 11 59 22 42 25 70 44 37 45 83 109 68 94 81 93 5 32 51 2 69 82 36 78 33 14 57 80 66 52 106 108 64 84 103 100 39 101 74 99 10 15 98 16 91 12 47 26 58 56 102 104 60 105 13 3 95 30 41 88 6 1 38 67 49 20 28 71 43 53 50 72 73 76 34 4 89 40 48 62 87 63 86 21 18 61 96 97 65 
0 19 31 77 90 23 79 55 107 24 29 27 54 92 46 17 8 9 75 85 7 35 20 11 59 22 42 25 70 44 37 45 83 109 68 94 66 93 5 32 51 2 69 82 36 78 33 14 57 80 81 52 106 108 64 84 103 100 39 101 74 99 10 15 98 16 91 12 47 26 58 56 102 104 60 105 13 3 95 30 41 88 6 1 38 67 49 28 71 43 53 50 72 73 76 34 4 89 40 48 62 87 63 86 21 18 61 96 97 65 
0 19 31 77 90 23 79 55 107 24 29 27 54 92 46 17 8 9 75 85 7 35 20 11 59 22 42 25 47 12 91 16 98 15 10 99 74 101 39 100 103 84 64 108 106 52 66 80 57 14 33 78 36 82 69 2 51 32 5 93 81 94 68 109 83 45 37 44 70 26 58 56 102 104 60 105 13 3 95 30 41 88 6 1 38 67 49 28 71 43 53 50 72 73 76 34 4 89 40 48 62 87 63 86 21 18 61 96 97 65 
0 19 31 77 109 83 45 37 44 70 25 42 22 59 11 20 35 7 85 75 9 8 17 46 92 54 27 29 24 107 55 79 23 90 68 94 81 93 5 32 51 2 69 82 36 78 33 14 57 80 66 52 106 108 64 84 103 100 39 101 74 99 10 15 98 16 91 12 47 26 58 56 102 104 60 105 13 3 95 30 41 88 6 1 38 67 49 28 71 43 53 50 72 73 76 34 4 89 40 48 62 87 63 86 21 18 61 96 97 65 
0 19 31 77 90 23 79 55 107 24 29 27 54 92 46 17 8 9 75 85 7 35 20 11 59 22 42 25 44 37 45 83 109 68 94 81 93 5 32 51 2 69 82 36 78 33 14 57 80 66 52 106 108 64 84 103 100 39 101 74 99 10 15 98 16 91 12 47 26 58 56 102 104 60 105 13 3 95 30 41 88 70 6 1 38 67 49 28 71 43 53 50 72 73 76 34 4 89 40 48 62 87 63 86 21 18 61 96 97 65 
0 19 31 77 90 23 79 55 107 24 29 27 54 92 46 17 8 9 75 85 7 35 20 11 59 22 42 25 70 44 37 45 83 109 68 94 81 93 5 32 51 2 69 82 36 78 33 14 57 80 66 52 106 64 84 103 100 39 101 74 99 10 15 98 16 91 12 47 26 58 56 102 104 60 105 13 3 95 30 41 88 6 1 38 67 49 28 71 43 53 50 72 73 76 34 4 89 40 48 62 87 63 86 21 18 108 61 96 97 65 
0 19 31 77 90 23 79 55 107 24 29 27 54 92 46 17 8 9 75 85 7 35 20 11 59 22 42 25 70 44 37 45 83 109 68 94 81 93 5 32 51 40 48 62 87 78 33 14 57 80 66 52 106 108 64 84 103 100 39 101 74 99 10 15 98 16 91 12 47 26 58 56 102 104 60 105 13 3 95 30 41 88 6 1 38 67 49 28 71 43 53 50 72 73 76 34 4 89 2 69 82 36 63 86 21 18 61 96 97 65 
0 19 31 77 90 23 79 55 107 24 29 27 54 92 46 17 8 9 75 85 7 35 20 11 59 22 42 25 70 44 37 95 3 13 105 60 104 102 56 58 26 47 12 91 16 98 15 10 99 74 101 39 100 103 84 64 108 106 52 66 80 57 14 33 78 36 82 69 2 51 32 5 93 81 94 68 109 83 45 30 41 88 6 1 38 67 49 28 71 43 53 50 72 73 76 34 4 89 40 48 62 87 63 86 21 18 61 96 97 65 
0 19 31 77 90 23 79 55 107 24 29 27 54 92 46 17 8 9 75 85 7 35 20 11 59 22 42 25 70 44 37 45 83 109 68 94 81 93 5 32 51 2 69 82 36 78 33 14 57 80 66 52 106 108 64 84 103 100 39 101 74 99 10 15 98 16 91 12 47 26 58 56 102 104 60 86 63 87 62 48 40 89 4 34 76 73 72 50 53 43 71 28 49 67 38 1 6 88 41 30 95 3 13 105 21 18 61 96 97 65 
0 19 31 77 90 23 79 55 107 24 29 27 54 92 46 17 8 9 75 85 7 35 20 11 59 22 42 70 44 37 45 83 109 68 94 81 93 5 32 51 2 69 82 36 78 33 14 57 80 66 52 106 108 64 84 103 100 39 101 74 99 10 15 98 16 50 53 43 71 28 49 67 38 1 6 88 41 30 95 3 13 105 60 104 102 56 58 26 47 12 91 48 25 72 73 76 34 4 89 40 62 87 63 86 21 18 61 96 97 65 
0 19 31 77 90 23 79 55 107 24 29 27 54 92 46 17 8 9 75 85 7 35 20 11 59 22 42 25 70 44 37 45 83 109 68 94 81 93 5 32 51 2 69 82 36 78 33 14 57 80 66 52 106 108 64 84 103 100 39 101 74 99 10 15 98 16 91 12 47 26 58 56 104 60 105 13 3 95 30 41 88 6 1 38 67 49 28 71 43 53 50 72 73 76 34 4 89 40 48 62 87 63 86 102 21 18 61 96 97 65 
0 19 31 77 23 79 55 107 24 29 27 54 90 92 46 17 8 9 75 85 7 35 20 11 59 22 42 25 70 44 37 45 83 109 68 94 81 93 5 32 51 2 69 82 36 78 33 14 57 80 66 52 106 108 64 84 103 100 39 101 74 99 12 15 98 16 91 10 47 26 58 56 102 104 60 105 13 3 95 30 41 88 6 1 38 67 49 28 71 43 53 50 72 73 76 34 4 89 40 48 62 87 63 86 21 18 61 96 97 65 
0 19 31 77 90 23 79 55 107 24 29 27 54 92 46 17 8 9 75 85 7 35 20 11 59 22 42 25 70 44 37 45 83 109 68 94 81 93 5 32 51 2 69 82 36 78 33 14 57 80 66 52 106 108 64 84 103 100 39 101 74 99 10 15 98 16 91 12 47 26 58 56 40 104 60 105 13 3 95 30 41 88 6 1 38 67 49 28 71 43 53 50 72 73 76 34 4 89 102 48 62 87 63 86 21 18 61 96 97 65 
0 19 31 77 90 23 79 55 107 24 29 27 54 92 46 17 8 9 75 85 7 35 20 11 59 22 42 25 70 44 37 45 109 68 94 81 93 5 32 51 2 69 82 36 78 33 14 57 80 66 52 106 108 64 84 103 100 39 83 101 74 99 10 15 98 16 43 12 47 26 58 56 102 104 60 105 13 3 95 30 41 88 6 1 38 67 49 28 71 91 53 50 72 73 76 34 4 89 40 48 62 87 63 86 21 18 61 96 97 65 
0 19 31 77 90 23 79 55 107 24 27 54 92 46 17 8 9 75 85 7 35 20 11 59 22 42 25 70 44 29 37 45 83 109 68 94 81 93 5 32 51 2 69 82 36 78 33 14 57 80 84 52 106 108 64 66 103 100 39 101 74 99 10 15 98 16 91 12 47 26 58 56 102 104 60 105 13 3 95 30 41 88 6 1 38 67 49 28 71 43 53 50 72 73 76 34 4 89 40 48 62 87 63 86 21 18 61 96 97 65 
0 19 31 77 90 23 79 55 107 24 29 27 54 92 46 17 8 9 75 85 7 35 11 59 22 42 25 70 44 37 45 83 109 68 94 81 93 5 32 51 2 69 82 36 78 33 14 57 80 66 52 106 20 108 64 84 103 100 39 101 98 15 10 99 74 16 91 12 47 26 58 56 102 104 60 105 13 3 95 30 41 88 6 1 38 67 49 28 71 43 53 50 72 73 76 34 4 89 40 48 62 87 63 86 21 18 61 96 97 65 
0 19 31 77 90 23 79 55 107 24 29 27 54 92 46 17 8 9 75 85 7 35 20 11 59 22 42 25 70 44 37 45 83 109 68 94 81 93 5 32 51 2 69 82 36 78 33 14 57 80 66 52 106 108 76 84 103 100 39 101 74 99 10 15 98 16 91 12 47 26 58 56 102 104 60 105 13 3 30 41 88 6 1 38 67 49 28 71 43 53 50 72 73 64 34 95 4 89 40 48 62 87 63 86 21 18 61 96 97 65 
0 19 31 77 90 23 79 55 107 24 29 27 54 92 46 17 8 9 75 85 7 35 20 11 59 22 96 61 18 21 86 63 87 62 105 48 40 89 4 34 76 73 72 50 53 43 71 28 49 67 38 1 6 88 41 30 95 3 13 60 104 102 56 58 26 47 12 91 16 98 15 10 99 74 101 39 100 103 84 64 108 106 52 66 80 57 14 33 78 36 82 69 2 51 32 93 81 94 68 109 83 45 42 5 25 70 44 37 97 65 
0 19 31 77 90 23 79 55 107 24 29 39 100 103 84 64 108 106 52 66 80 57 14 33 78 36 82 69 2 51 32 5 93 81 94 68 109 83 45 37 44 70 25 42 22 59 11 20 35 7 85 75 9 8 17 46 92 54 27 101 74 99 10 15 98 16 91 12 47 26 58 56 102 104 60 105 13 3 95 30 41 88 6 1 38 67 49 28 71 43 53 50 72 73 76 34 4 89 40 48 62 87 63 86 21 18 61 96 97 65 
0 19 31 77 90 23 79 55 107 24 29 27 54 92 46 17 8 9 75 85 7 35 47 12 91 16 98 15 10 99 74 101 39 100 103 84 64 108 106 52 66 80 57 14 33 78 36 82 69 2 51 32 5 93 81 94 68 109 83 45 37 44 70 25 42 22 59 11 20 26 58 56 102 104 60 105 13 3 95 30 41 88 6 1 38 67 49 28 71 43 53 50 72 73 76 34 4 89 40 48 62 87 63 86 21 18 61 96 97 65 
0 19 31 77 90 23 79 55 24 107 29 27 54 92 46 17 8 9 75 85 7 35 20 11 59 22 42 25 70 44 37 45 83 109 68 94 81 93 5 32 51 2 69 82 47 78 33 14 57 80 66 52 106 108 64 84 103 100 39 101 74 99 10 15 98 16 91 12 36 26 58 56 102 104 105 13 3 95 30 41 88 6 1 60 38 67 49 28 71 43 53 50 72 73 76 34 4 89 40 48 62 87 63 86 21 18 61 96 97 65 
0 19 7 85 75 9 8 17 46 92 54 27 29 24 107 55 79 23 90 77 31 35 20 11 59 22 42 25 70 44 37 45 83 109 68 94 81 93 5 32 51 2 69 82 36 78 33 14 57 80 66 52 106 108 64 84 103 100 39 101 74 99 10 15 98 16 91 12 47 26 58 56 102 104 60 105 13 3 95 30 41 88 6 1 38 67 49 28 71 43 53 50 72 73 76 34 4 40 48 62 87 63 86 21 18 89 61 96 97 65 
0 19 31 77 90 23 79 55 107 24 29 27 54 92 46 17 8 9 75 85 7 35 20 11 59 22 42 25 70 44 37 45 83 109 68 94 81 47 26 58 56 6 104 60 105 13 3 95 30 41 88 102 1 38 67 49 28 71 43 53 50 72 73 76 34 64 4 93 5 32 51 2 69 82 36 78 33 14 57 80 66 52 106 108 84 103 100 39 101 74 99 10 15 98 16 91 12 89 40 48 62 87 63 86 21 18 61 96 97 65 
0 19 31 77 90 23 79 55 107 24 29 27 54 92 46 17 8 9 75 85 7 35 20 11 59 22 42 25 70 44 37 45 83 109 68 94 81 93 5 32 51 2 69 82 36 78 33 14 57 80 66 52 106 108 64 84 71 43 53 50 72 73 76 34 4 89 40 48 62 87 63 86 21 18 61 105 13 3 95 30 41 88 6 1 38 67 49 28 103 100 39 101 74 99 10 15 98 16 91 12 47 26 58 56 102 104 60 96 97 65 
0 19 31 77 90 23 79 55 107 24 29 27 54 92 46 17 8 9 75 85 7 35 20 11 59 22 42 25 70 44 37 45 83 109 68 94 81 93 5 32 51 2 69 82 64 78 33 14 57 80 66 52 106 108 36 84 103 100 39 101 74 99 10 15 98 16 91 12 47 26 58 56 102 60 105 13 3 95 30 41 88 6 1 38 67 49 28 71 104 53 50 72 73 76 34 4 89 40 48 62 87 63 43 86 21 18 61 96 97 65 
0 19 31 77 90 23 79 55 107 24 29 54 92 46 17 8 9 75 85 7 35 20 11 59 22 42 25 70 44 37 45 83 109 68 94 81 93 5 32 51 2 69 82 36 78 33 14 57 80 66 52 106 108 64 84 103 100 39 101 74 99 10 15 98 16 91 12 47 26 58 56 102 104 60 105 13 3 95 30 41 88 6 1 38 67 49 28 71 43 53 50 72 73 76 34 4 89 40 48 62 87 63 86 27 21 18 61 96 97 65 
0 19 31 8 90 23 79 55 107 24 29 27 54 77 92 46 17 9 75 85 7 35 20 11 59 22 42 25 70 44 37 45 83 109 68 94 81 93 5 32 51 2 69 82 36 78 33 14 57 80 66 52 106 108 64 84 103 100 39 101 74 99 10 15 98 16 91 12 47 26 58 56 102 104 60 105 13 3 95 30 41 88 6 1 38 67 49 28 71 43 53 50 72 73 76 34 4 89 40 48 62 87 63 86 21 18 61 96 97 65 
0 19 31 77 90 23 79 55 107 24 29 27 54 92 46 17 8 9 75 85 7 35 20 11 59 22 42 25 70 44 37 45 83 109 94 81 93 5 32 51 2 69 82 36 78 33 14 57 80 66 68 52 106 108 64 84 103 100 39 101 74 99 10 15 98 16 91 12 47 26 58 56 102 18 21 86 63 87 62 48 40 89 4 34 76 73 72 50 53 43 71 28 49 67 38 1 6 88 41 30 95 3 13 105 60 104 61 96 97 65 
0 19 31 77 90 23 79 55 107 24 29 27 54 92 46 17 8 9 75 85 7 35 20 11 59 22 42 25 70 44 37 45 83 109 68 94 81 93 5 32 51 2 69 82 36 78 33 14 57 80 66 52 106 108 64 84 47 26 58 56 102 104 60 105 13 3 95 30 41 88 6 1 38 67 49 28 71 43 53 72 73 76 34 4 89 40 48 62 87 63 86 50 103 100 39 101 74 99 10 15 98 16 91 12 21 18 61 96 97 65 
0 19 31 77 90 23 79 55 107 24 29 27 54 92 46 17 8 9 75 85 35 20 11 59 22 42 25 70 44 37 45 83 109 68 94 81 93 5 32 51 2 69 82 36 78 33 14 57 80 66 52 106 108 64 84 103 100 39 101 74 99 10 15 98 16 91 12 47 26 58 56 102 104 60 105 13 3 95 30 7 41 88 6 1 38 67 49 28 71 43 53 50 72 73 76 34 4 89 40 48 62 87 63 86 21 18 61 96 97 65 
0 19 31 77 90 23 79 55 107 24 29 43 71 28 49 67 38 1 6 88 41 30 95 3 13 105 60 104 102 56 58 26 47 12 91 16 98 15 10 99 74 101 39 100 103 84 64 108 106 52 66 80 57 14 33 78 36 82 69 2 51 32 5 93 81 94 68 109 83 45 37 44 70 25 42 22 59 11 20 35 7 85 75 9 8 17 46 92 54 27 53 50 72 73 76 34 4 89 40 48 62 87 63 86 21 18 61 96 97 65 
0 19 31 77 90 23 79 55 107 24 29 27 54 92 46 17 8 9 75 25 70 44 37 11 59 22 42 85 7 35 20 45 83 109 68 94 81 93 5 32 51 2 69 82 58 36 78 33 14 57 80 66 52 106 108 64 84 103 100 39 101 74 99 10 15 98 16 91 12 47 26 38 95 104 60 105 13 3 102 30 41 88 6 1 56 67 49 28 71 43 53 50 72 73 76 34 4 89 40 48 62 87 63 86 21 18 61 96 97 65 
0 19 31 77 90 23 79 55 107 24 29 27 54 92 46 17 8 9 75 85 7 105 60 104 102 56 58 26 47 12 91 16 98 15 10 99 74 101 39 100 103 84 64 108 106 52 66 80 57 14 33 78 36 82 69 2 51 32 5 93 81 94 68 109 83 45 37 44 70 25 42 22 59 11 20 35 13 3 95 30 41 88 6 1 38 67 49 28 71 43 53 50 72 73 76 34 4 89 40 48 62 87 63 86 21 18 61 96 97 65 
0 19 31 77 90 23 79 55 107 24 29 27 54 92 46 17 8 9 75 85 7 35 20 11 59 22 42 25 70 44 37 45 83 109 68 94 81 93 5 32 51 2 69 82 36 78 33 14 57 80 66 52 106 108 64 84 103 100 39 101 74 99 10 15 98 16 91 12 47 56 102 104 60 105 13 3 95 30 58 41 88 6 1 38 67 49 28 71 43 53 50 72 73 76 34 4 89 40 48 62 87 63 86 26 21 18 61 96 97 65 
0 19 31 77 90 23 79 55 107 24 29 27 54 92 46 17 8 9 75 85 7 35 20 11 59 22 36 25 70 44 37 45 83 109 68 94 81 93 5 32 51 2 69 82 74 78 33 14 57 80 66 52 106 108 64 84 103 100 39 101 42 99 10 15 98 16 91 12 47 26 58 56 102 104 60 105 13 3 95 30 41 88 6 1 38 67 49 28 71 43 53 50 72 73 76 34 4 89 40 48 62 87 63 86 21 18 61 96 97 65 
0 19 31 77 90 23 79 55 107 24 29 27 54 92 46 17 8 9 75 85 7 35 20 11 59 22 42 25 70 44 37 45 83 109 68 94 81 93 5 32 51 2 69 82 36 78 33 14 57 80 66 52 106 108 64 84 103 100 39 101 74 99 10 15 98 16 91 65 97 96 61 18 21 86 63 87 62 48 40 89 4 34 76 73 72 50 53 43 71 28 49 67 38 1 6 88 41 30 95 3 13 105 60 104 102 56 58 26 47 12 
0 19 31 77 90 23 79 55 107 24 29 27 54 92 46 17 8 9 75 85 7 35 20 11 59 22 42 25 70 44 37 45 83 109 68 94 81 93 5 32 51 2 69 82 36 78 33 14 57 80 66 52 106 108 64 84 103 100 39 101 74 99 10 15 98 16 91 12 47 26 58 56 102 104 60 105 4 89 40 48 62 87 63 86 38 67 49 28 71 43 53 50 72 73 76 34 13 3 95 30 41 88 6 1 21 18 61 96 97 65 
0 19 31 77 90 23 79 55 107 24 29 27 54 92 46 17 8 9 75 85 7 35 20 11 59 22 50 25 70 44 37 45 83 109 68 94 81 93 5 32 51 2 69 82 36 78 33 14 57 80 66 52 106 108 64 84 103 100 39 101 74 99 10 15 98 16 91 12 47 26 58 56 102 104 60 105 13 3 95 30 41 88 6 1 38 67 49 28 71 43 53 42 72 73 76 34 4 89 40 48 62 87 63 86 21 18 61 96 97 65 
0 19 31 37 90 23 79 55 107 24 29 27 54 92 46 17 8 9 75 85 7 35 20 11 59 22 42 25 70 44 77 45 83 109 68 94 81 93 5 32 51 2 69 82 36 78 33 14 57 80 66 52 106 108 64 84 103 100 39 101 74 99 10 15 98 16 91 12 47 26 58 56 102 104 60 105 13 3 95 30 41 88 6 1 38 67 49 28 71 43 53 50 72 73 76 34 4 89 40 48 62 87 63 86 21 18 61 96 97 65 
0 19 31 77 90 23 79 55 107 24 29 27 54 92 46 17 8 9 75 85 7 3 35 20 11 59 22 42 25 70 44 37 45 83 109 68 94 81 93 5 32 51 2 69 82 36 78 33 14 57 80 66 52 106 108 64 84 103 100 39 101 74 99 10 15 98 16 91 12 47 26 58 56 102 104 60 105 13 95 30 41 88 6 1 38 67 49 28 71 43 53 50 72 73 76 34 4 89 40 48 62 87 63 86 21 18 61 96 97 65 
0 19 31 77 90 23 79 55 107 24 29 27 54 92 46 17 8 9 75 85 7 35 20 11 59 22 42 25 70 44 37 45 83 109 68 94 81 93 5 32 51 2 69 38 67 49 28 71 43 53 50 72 106 108 64 84 103 100 39 101 74 99 10 15 98 16 91 12 47 26 58 56 102 104 60 105 13 3 95 30 41 88 6 1 82 36 78 33 14 57 80 66 52 73 76 34 4 89 40 48 62 87 63 86 18 61 96 97 21 65 
0 19 31 77 90 23 79 55 107 24 29 27 54 92 46 17 8 9 75 85 7 35 20 11 59 22 42 25 70 44 37 45 83 109 68 94 81 93 5 32 51 2 69 82 36 6 1 38 67 49 28 71 43 53 50 72 73 76 34 4 89 40 48 62 87 63 86 21 18 26 58 56 102 104 60 105 13 3 95 30 41 88 78 33 14 57 80 66 52 106 108 64 84 103 100 39 101 74 99 10 15 98 16 91 12 47 61 96 97 65 
0 19 31 77 90 23 79 55 107 24 29 27 54 92 46 17 8 9 75 85 7 35 20 10 15 98 16 91 12 47 26 58 56 102 104 94 81 93 5 32 51 2 69 82 36 78 33 14 57 80 66 52 106 108 64 84 103 100 39 101 74 99 11 59 22 42 25 70 44 37 45 83 109 68 60 105 13 3 95 30 41 88 6 1 38 67 49 28 71 43 53 50 72 73 76 34 4 89 40 48 62 87 63 86 21 18 61 96 97 65 
0 19 31 77 90 23 79 55 107 24 29 27 54 92 46 17 8 9 75 34 7 35 20 11 59 22 42 25 70 44 37 45 83 109 68 94 81 93 5 32 51 2 69 82 36 78 33 14 57 80 66 52 106 108 64 84 103 100 39 101 74 99 10 15 98 16 91 12 47 26 58 56 102 104 60 105 13 3 95 30 41 88 6 1 38 67 49 28 71 43 53 50 72 73 76 85 4 89 40 48 62 87 63 86 21 18 61 96 97 65 
0 19 31 77 90 23 79 55 107 24 27 54 92 46 17 8 9 75 85 7 35 20 11 59 22 42 25 70 44 37 45 83 109 68 94 81 93 5 32 51 2 69 82 36 78 33 14 57 80 66 52 106 29 108 64 84 103 100 39 101 74 99 10 15 98 16 91 12 47 26 58 56 102 60 105 13 3 95 30 41 88 6 1 38 67 49 28 71 104 43 53 50 72 73 76 34 4 89 40 48 62 87 63 86 21 18 61 96 97 65 
0 19 31 77 90 23 79 55 107 24 29 30 95 3 13 105 60 104 102 56 58 26 47 12 91 16 98 15 10 99 74 101 39 100 103 84 64 108 106 52 66 80 57 14 33 78 36 82 69 2 51 32 5 93 81 94 68 109 83 45 37 44 70 25 42 22 59 11 20 35 7 85 75 9 8 17 46 92 54 27 41 88 6 1 38 67 49 28 71 43 53 50 72 73 76 34 4 89 40 48 62 87 63 86 21 18 61 96 97 65 
0 19 31 77 90 23 79 55 107 24 29 27 54 92 46 17 8 9 75 85 7 35 20 11 59 22 42 25 70 44 37 45 83 109 68 94 81 93 5 32 51 2 69 82 36 78 33 28 71 43 53 50 72 73 76 34 4 89 40 48 62 87 63 86 21 18 61 96 97 26 58 56 102 104 60 105 13 3 95 30 41 88 6 1 38 67 49 14 57 80 66 52 106 108 64 84 103 100 39 101 74 99 10 15 98 16 91 12 47 65 
0 96 61 18 21 86 63 87 62 48 40 89 4 34 76 73 72 50 53 43 71 28 49 67 38 1 6 88 41 30 95 3 13 19 31 77 90 23 79 55 107 24 29 27 54 92 46 17 8 9 75 85 7 35 20 11 59 22 42 25 70 44 37 45 83 109 68 94 81 93 5 32 51 2 69 82 36 78 33 14 57 80 66 52 106 108 64 84 103 100 39 101 74 99 10 15 98 16 91 12 47 26 58 56 102 104 60 105 97 65 
0 19 31 77 90 23 79 55 107 24 29 27 54 92 46 17 8 9 75 85 7 35 20 11 59 22 42 25 70 44 37 45 83 109 68 94 81 93 5 32 51 2 69 82 36 78 33 14 57 80 66 52 106 108 64 84 103 100 39 101 74 65 97 96 61 18 21 86 63 87 62 48 40 89 4 34 76 73 72 50 53 43 71 28 49 67 38 1 6 88 41 30 95 3 13 105 60 104 102 56 58 26 47 91 16 98 15 10 12 99 
0 19 31 77 90 23 79 55 107 24 29 27 54 92 46 17 8 9 75 85 7 35 20 11 59 22 42 25 70 65 97 96 61 18 21 86 63 87 62 48 40 89 4 34 76 73 72 50 53 43 71 28 49 67 38 1 6 88 41 30 95 44 37 45 83 109 68 94 81 93 5 32 51 2 69 82 36 78 33 14 57 80 66 52 106 108 64 84 103 100 39 101 74 99 10 15 98 16 91 12 47 26 58 56 102 104 60 105 13 3 
0 19 31 77 90 23 79 55 107 24 29 27 54 92 46 17 8 9 75 85 7 35 20 11 59 22 42 25 70 44 37 45 83 109 68 94 81 93 5 32 51 2 69 82 36 78 33 14 57 21 86 63 87 62 48 40 89 4 34 76 73 72 50 53 43 71 28 49 67 38 100 1 6 88 41 30 95 3 13 105 60 104 102 56 58 26 47 12 91 16 98 15 10 99 74 101 39 103 84 64 108 106 52 66 80 18 61 96 97 65 
0 19 31 77 90 23 79 55 93 24 29 27 54 92 46 17 8 9 75 85 7 35 20 11 59 22 42 25 70 44 37 45 83 109 68 94 81 107 5 32 51 2 69 82 36 78 33 14 57 80 66 52 106 108 64 103 100 39 101 74 99 10 15 98 16 91 12 47 26 58 56 102 104 60 105 13 3 95 30 41 88 6 1 38 67 49 28 71 43 53 50 72 73 84 76 34 4 89 40 48 62 87 63 86 21 18 61 96 97 65 
0 19 31 77 90 23 79 55 107 24 29 27 54 92 46 17 8 9 75 85 7 35 58 56 12 47 60 105 13 3 95 30 41 88 6 1 38 78 36 82 69 2 51 32 5 93 20 11 59 22 42 25 70 44 37 45 83 68 94 81 33 14 57 80 66 52 106 108 64 84 103 100 39 101 74 99 10 15 98 16 91 26 102 104 67 49 28 71 43 53 50 72 73 76 34 4 89 40 48 62 87 63 86 21 18 61 109 96 97 65 
0 19 31 77 90 23 79 55 107 24 29 27 54 92 94 17 8 9 75 85 7 35 20 11 59 22 42 25 70 44 37 45 83 109 68 46 81 93 5 32 51 2 69 82 36 78 33 14 57 80 66 52 106 108 64 84 103 100 39 101 74 99 10 15 98 16 91 12 47 26 58 56 102 104 60 105 13 3 95 30 41 88 6 1 38 67 49 28 71 43 53 50 72 73 76 34 4 89 40 48 62 87 63 86 21 18 61 96 97 65 
0 19 31 77 90 23 79 55 107 24 29 27 54 92 46 17 8 9 75 85 7 35 20 52 59 22 42 25 70 44 37 45 83 109 68 94 81 93 5 32 51 2 69 82 36 78 33 14 57 80 66 11 106 108 64 84 103 100 39 101 74 99 10 15 98 16 91 12 47 26 58 56 102 104 60 105 13 3 95 30 41 88 6 1 38 67 49 28 71 43 53 50 72 73 76 34 4 89 40 48 62 87 63 86 21 18 61 96 97 65 
0 19 31 77 90 23 79 55 107 24 29 27 54 92 46 17 8 9 75 85 7 35 20 11 59 22 42 25 70 44 37 45 83 109 68 94 81 5 32 51 2 69 3 13 105 60 104 102 56 58 26 47 12 91 16 98 15 10 99 74 101 39 100 103 84 64 108 106 52 66 80 57 14 33 78 36 82 95 30 41 88 6 93 1 38 67 49 28 71 43 53 50 72 73 76 34 4 89 40 48 62 87 63 86 21 18 61 96 97 65 
0 19 31 77 90 23 79 55 107 24 29 54 92 46 17 8 9 75 85 7 35 20 59 22 42 25 70 44 37 11 45 83 109 68 94 81 93 5 32 51 2 69 82 36 78 33 14 57 80 66 52 106 108 64 84 103 100 39 101 74 99 10 15 98 16 91 12 47 26 58 56 102 104 60 105 13 3 95 30 41 27 88 6 1 38 67 49 28 71 43 53 50 72 73 76 34 4 89 40 48 62 87 63 86 21 18 61 96 97 65 
0 19 31 77 90 23 79 55 107 24 29 27 54 92 46 17 8 9 75 85 7 35 20 11 59 22 42 25 70 44 37 45 83 109 68 94 81 93 5 32 51 2 69 82 36 78 33 14 57 80 66 52 106 108 64 84 103 100 39 101 74 99 10 15 98 16 91 12 50 53 43 71 28 49 67 38 1 6 88 41 30 95 3 13 105 60 104 56 58 26 47 72 73 76 34 4 89 40 48 62 87 63 86 21 18 61 96 97 102 65 
0 19 31 77 90 23 79 55 107 24 29 27 54 92 46 17 8 9 75 85 7 35 20 11 59 22 42 25 38 44 37 45 83 109 68 94 81 93 5 32 51 2 69 82 36 78 33 14 57 80 66 52 106 108 64 84 103 100 39 101 74 99 10 15 98 16 91 12 47 26 58 56 102 104 60 105 13 3 95 30 41 88 6 1 70 67 49 28 71 43 53 50 72 73 76 34 4 89 40 48 62 87 63 86 21 18 61 96 97 65 
0 19 94 77 90 23 79 55 107 24 29 27 54 92 46 17 8 9 75 85 7 35 20 11 59 22 42 25 70 44 37 45 83 109 68 31 81 93 5 32 51 2 69 82 36 78 33 14 57 80 66 52 106 108 64 84 103 100 39 101 74 99 10 15 98 16 91 12 47 26 58 56 102 104 60 105 13 3 95 30 41 88 6 1 38 67 49 28 71 43 53 50 72 73 76 34 4 89 40 48 62 87 63 86 21 18 61 96 97 65 
0 19 31 77 90 23 79 55 107 24 29 27 54 92 46 17 8 9 75 85 7 35 20 11 59 22 42 25 70 44 37 45 83 109 68 94 81 93 5 32 51 2 69 82 36 78 33 14 57 80 66 52 106 108 64 84 103 100 39 101 74 99 10 15 98 16 91 12 47 26 63 56 102 104 60 105 13 3 95 30 41 88 6 1 38 67 49 28 71 43 53 50 72 73 76 34 4 89 40 48 62 87 58 86 21 18 61 96 97 65 
0 31 77 19 90 23 79 55 107 24 29 27 54 92 46 17 8 9 75 85 7 35 20 11 59 22 42 25 70 44 37 45 83 109 68 94 81 93 5 32 51 2 69 82 36 97 33 14 57 80 66 52 106 108 64 84 103 100 39 101 74 99 10 15 98 16 91 12 47 26 58 56 102 104 60 105 13 3 95 30 41 88 6 1 38 67 49 28 71 43 53 50 72 73 76 34 4 89 40 48 62 87 63 86 21 18 61 96 78 65 
0 19 31 77 90 23 79 55 107 24 29 93 54 92 46 17 8 9 75 85 7 35 20 11 59 22 42 25 70 44 37 45 83 109 68 81 27 5 32 51 2 69 82 36 78 33 14 57 80 66 52 106 108 64 84 103 100 39 101 74 99 10 15 98 94 16 91 12 47 26 58 56 102 104 60 105 13 3 95 30 41 88 6 1 38 67 49 28 71 43 53 50 72 73 76 34 4 89 40 48 62 87 63 86 21 18 61 96 97 65 
0 19 31 77 90 23 79 55 107 24 29 27 54 92 46 17 8 9 75 99 74 101 39 100 103 84 64 108 106 52 66 80 57 59 14 33 78 36 82 69 2 51 32 5 93 81 94 68 109 83 45 37 44 70 25 42 22 11 20 35 7 85 10 15 98 16 91 12 47 26 58 56 102 104 60 105 13 3 95 30 41 88 6 1 38 67 49 28 71 43 53 50 72 73 76 34 4 89 40 48 62 87 63 86 21 18 61 96 97 65 
0 19 31 77 90 23 79 55 107 24 29 27 54 92 46 17 8 9 75 85 7 35 20 11 59 22 42 25 70 44 37 45 83 109 68 94 81 93 5 106 51 2 69 82 36 78 33 14 57 80 66 52 32 108 64 84 103 100 39 101 74 99 10 15 98 16 91 12 47 26 58 56 102 104 105 13 3 95 30 41 88 6 1 38 67 49 28 71 43 53 50 72 73 76 34 4 89 40 48 62 60 87 63 86 21 18 61 96 97 65 
0 19 31 77 90 23 79 55 107 24 29 27 89 92 46 17 8 9 75 85 7 35 20 11 59 22 42 25 70 44 37 45 83 109 68 94 81 93 5 32 51 2 69 82 36 78 33 14 57 80 66 52 106 108 64 84 103 100 39 101 74 99 10 15 98 16 91 12 47 26 58 56 102 104 60 105 13 3 95 30 41 88 6 1 38 67 49 28 71 43 53 50 72 73 76 34 4 54 40 48 62 87 63 86 21 18 61 96 97 65 
0 19 31 77 90 23 79 55 107 24 29 27 54 92 46 17 8 9 75 85 7 35 20 11 59 22 42 25 70 44 37 45 83 109 68 94 81 93 5 32 98 16 91 12 47 26 58 56 102 104 60 105 13 57 14 33 78 36 82 69 2 51 15 10 99 74 101 39 100 103 84 64 108 106 52 66 80 3 95 30 41 88 1 38 67 49 28 71 43 53 50 72 73 76 34 4 89 40 48 62 87 63 86 21 18 61 96 6 97 65 
0 19 31 77 90 23 79 55 107 29 27 54 92 46 17 8 9 75 85 7 35 20 11 59 22 42 25 70 44 37 45 83 109 68 94 81 93 5 32 51 2 69 38 67 49 28 71 43 53 50 72 106 108 64 84 103 100 39 101 74 99 10 15 98 16 91 12 47 26 58 56 102 104 60 105 13 3 95 30 41 88 6 1 82 36 78 33 14 57 80 66 52 73 76 34 4 89 40 48 24 62 87 63 86 21 18 61 96 97 65 
0 19 31 77 90 23 79 55 107 24 29 27 54 69 2 51 32 5 93 81 94 68 109 83 45 37 44 70 25 42 22 59 11 20 35 7 85 75 9 8 17 46 92 82 36 78 33 14 57 80 66 52 106 108 64 84 103 100 39 101 74 99 10 98 16 91 12 47 26 58 56 102 104 60 105 13 3 95 30 41 88 6 1 38 67 49 28 71 43 53 50 96 61 18 21 86 63 87 62 48 40 89 4 34 76 73 72 15 65 97 
0 19 31 77 90 23 79 55 107 24 29 58 56 102 104 60 105 13 3 95 30 41 20 27 54 92 46 17 8 9 75 85 7 35 11 59 22 42 25 70 44 37 45 83 4 68 94 81 93 5 32 51 2 69 82 36 78 33 14 57 80 66 52 106 108 64 84 103 100 39 101 74 99 10 15 98 16 91 12 47 26 88 6 1 38 67 49 28 71 43 53 50 72 73 76 34 109 89 40 48 62 87 63 86 21 18 61 96 97 65 
0 19 31 77 90 23 79 55 39 100 103 84 64 108 98 16 91 12 47 26 58 56 102 104 60 105 13 3 95 30 41 88 6 1 38 67 49 28 71 43 53 50 36 25 42 22 59 11 20 35 7 85 75 9 8 17 46 92 54 27 29 24 107 44 37 45 83 109 68 94 81 93 5 32 51 2 69 82 70 78 33 14 57 80 66 52 106 101 74 99 10 15 72 73 76 34 4 89 40 48 62 87 63 86 21 18 61 96 97 65 
0 19 31 77 90 23 79 55 107 24 29 27 54 92 46 17 8 9 75 85 7 35 20 11 59 22 42 70 44 37 45 83 109 68 94 81 93 5 32 51 86 63 87 62 48 40 89 4 34 76 73 72 50 53 43 71 28 49 67 38 1 6 88 41 30 56 95 3 13 105 60 104 102 58 26 47 12 91 16 15 10 99 74 101 39 100 103 84 64 108 106 52 66 80 57 14 98 25 33 78 36 82 69 2 21 18 61 96 97 65 
0 19 31 77 90 23 79 55 107 24 29 27 54 92 46 17 8 9 75 85 7 35 20 11 59 22 42 25 70 44 37 45 83 109 68 94 81 93 5 32 51 2 69 82 36 78 33 14 57 80 66 52 106 108 64 84 103 87 62 48 40 89 4 34 73 72 50 53 43 71 28 49 67 38 1 6 88 41 30 95 3 13 105 60 104 102 56 58 26 47 12 91 16 98 15 10 99 74 101 39 100 63 86 21 18 61 96 97 65 76 
0 19 31 77 90 23 79 55 22 24 29 27 54 92 46 17 8 9 75 85 35 20 11 59 107 42 25 70 44 37 45 83 109 68 94 81 93 5 32 51 2 69 82 36 78 33 14 57 80 66 52 106 108 64 84 103 100 39 101 74 99 10 15 98 16 91 12 47 26 58 56 102 104 60 105 13 3 95 30 41 88 6 1 38 67 49 28 71 43 53 50 72 73 76 34 4 89 40 48 62 87 63 7 86 21 18 61 96 97 65 
0 19 31 77 90 23 79 55 107 24 29 27 54 92 46 32 8 9 75 85 7 35 20 11 59 22 42 25 70 44 37 45 83 109 68 94 81 93 5 17 51 2 69 82 36 78 33 14 57 80 66 52 106 108 3 13 105 60 104 102 56 58 26 47 12 91 16 98 15 10 99 74 101 39 100 103 84 64 95 30 41 88 6 1 38 67 49 28 71 43 53 50 72 73 76 34 4 89 40 48 62 87 63 86 21 18 61 96 97 65 
0 19 31 77 5 23 79 55 107 24 29 27 54 92 46 17 8 9 75 85 7 35 20 11 59 22 42 25 70 44 37 45 83 109 68 94 81 93 90 32 51 2 69 82 36 78 33 14 57 80 66 52 106 108 64 84 103 100 39 101 74 99 10 15 98 16 91 12 47 26 58 56 102 104 60 105 13 3 95 30 41 88 6 1 38 67 49 28 71 43 53 50 72 73 76 34 4 89 40 48 62 87 63 86 18 61 21 96 97 65 
0 19 31 77 90 23 79 55 107 24 29 27 54 92 46 17 8 9 75 85 7 35 20 11 59 22 42 25 70 104 37 45 83 109 68 94 81 93 5 32 51 2 69 82 36 78 33 14 57 80 66 52 106 108 64 84 103 100 39 101 74 99 10 15 98 16 91 12 47 26 58 56 102 44 60 105 13 3 95 30 41 88 6 1 38 67 49 28 71 43 53 50 72 73 76 34 4 89 40 48 62 87 63 86 21 18 61 96 97 65 
0 19 31 77 90 23 79 55 107 24 29 27 54 92 46 3 95 30 41 88 6 1 38 67 49 28 71 43 53 50 72 73 76 34 4 89 40 93 5 32 51 2 69 82 36 78 33 14 57 80 66 52 106 108 64 84 103 100 39 101 74 99 10 15 98 16 91 12 47 26 58 56 102 104 60 105 13 17 8 9 75 85 7 35 20 11 59 22 42 25 70 44 37 45 83 109 68 94 81 48 62 87 63 86 21 18 61 96 97 65 
0 19 31 77 90 23 79 55 107 24 29 27 54 92 46 33 8 9 75 85 7 35 20 11 59 22 42 25 70 44 37 45 83 109 68 94 81 93 5 32 51 2 69 82 36 78 17 14 57 80 66 52 106 108 64 84 103 100 39 101 74 99 10 15 98 16 91 12 47 26 58 56 102 104 60 105 13 3 95 30 41 88 6 1 38 67 49 28 71 43 53 50 72 73 76 34 4 89 40 48 62 87 63 86 21 18 61 96 97 65 
0 19 31 77 90 23 79 55 107 24 42 22 59 11 20 45 7 85 75 9 8 17 46 92 54 27 29 25 70 44 37 35 83 109 68 94 81 93 5 32 51 2 69 82 36 78 33 14 57 80 66 52 106 108 64 84 103 65 100 39 101 74 99 10 15 98 16 91 12 47 26 58 56 102 104 60 105 13 3 95 30 41 88 6 1 38 67 49 28 71 43 53 50 72 73 76 34 4 89 40 48 62 87 63 86 21 18 61 96 97 
0 19 31 77 90 23 79 55 107 24 29 27 54 92 46 17 8 9 75 85 7 35 20 11 59 22 42 25 70 44 37 45 83 109 68 94 81 93 5 32 51 2 69 82 36 78 33 14 57 80 66 52 106 108 64 84 103 63 39 101 74 99 10 15 98 16 91 12 47 26 58 56 102 104 60 105 13 3 95 30 41 88 6 1 38 67 49 28 71 43 53 50 72 73 76 34 4 89 40 48 62 87 100 86 21 18 61 96 97 65 
0 19 31 77 90 23 79 39 101 74 99 10 15 98 16 91 12 47 26 58 56 102 104 60 105 13 3 95 30 41 88 6 1 38 67 49 28 71 43 53 50 72 73 76 34 4 89 40 48 62 87 63 86 21 18 61 103 100 55 107 24 29 27 54 92 46 17 8 9 75 85 7 35 20 11 59 22 42 25 70 44 37 45 83 109 68 94 81 93 5 32 51 2 69 82 36 78 33 14 57 80 66 52 106 108 64 84 96 97 65 
0 19 31 77 90 23 79 55 107 24 29 27 54 92 46 17 8 9 75 85 7 35 20 11 59 22 42 25 70 44 37 45 83 109 68 94 81 93 5 38 1 6 88 41 30 95 3 13 105 69 104 102 56 58 26 47 12 91 16 98 15 10 99 74 101 39 100 103 84 64 108 106 52 66 80 57 14 33 78 36 82 60 2 51 32 67 49 28 71 43 53 50 72 73 76 34 4 89 40 48 62 87 63 86 21 18 61 96 97 65 
0 19 31 77 90 23 79 55 107 24 29 27 54 92 46 17 8 9 75 85 7 35 20 58 56 102 104 60 105 13 3 95 30 41 11 59 22 42 25 70 44 45 83 109 68 94 81 93 5 32 51 2 69 82 36 78 33 14 57 80 66 52 37 106 108 64 84 103 100 39 101 74 99 10 15 98 16 91 12 47 26 48 88 6 1 38 67 49 28 71 43 53 50 72 76 73 34 4 89 40 62 87 63 86 21 18 61 96 97 65 
0 19 31 77 90 23 79 55 74 101 39 96 61 18 21 86 63 87 62 48 40 89 4 78 36 82 69 2 51 32 5 93 81 94 68 109 83 45 37 44 70 25 42 22 59 11 20 35 7 85 75 9 8 17 46 92 54 27 29 24 107 99 10 15 98 16 91 12 47 26 58 56 102 104 60 105 13 3 95 30 41 88 6 1 38 67 49 28 71 43 53 50 72 73 76 34 33 14 57 80 66 52 106 108 64 84 103 100 97 65 
0 19 31 100 39 101 74 99 10 15 98 16 91 12 47 26 58 56 102 104 60 105 13 3 95 30 41 88 6 1 38 67 49 28 71 43 53 50 72 73 76 34 4 89 40 48 62 87 63 86 21 18 61 96 97 84 103 77 90 23 79 55 107 24 29 27 54 92 46 17 8 9 75 85 7 35 20 11 59 22 42 25 70 44 37 45 83 109 68 94 81 93 5 32 51 2 69 82 36 78 33 14 57 80 66 52 106 108 64 65 
0 19 31 3 90 23 79 55 107 24 29 27 54 92 46 17 8 9 75 85 7 77 35 20 11 59 22 42 25 70 44 37 45 83 109 68 94 81 93 5 32 51 2 69 82 36 78 33 14 57 80 66 52 106 108 64 84 103 100 39 101 74 99 10 15 98 16 91 12 47 26 58 56 102 104 60 105 13 95 30 41 88 6 1 38 67 49 28 71 43 53 50 72 73 76 34 4 89 40 48 62 87 63 86 21 18 61 96 97 65 
0 19 31 77 90 23 79 55 107 24 87 27 54 92 46 17 8 9 75 85 7 35 20 11 59 22 42 25 70 44 37 45 83 109 68 94 81 93 5 32 51 2 69 82 36 78 33 14 57 80 66 52 106 108 64 84 103 100 39 101 74 99 10 15 98 16 91 12 47 26 58 56 102 104 60 105 13 3 95 30 41 88 6 1 38 67 49 28 71 43 53 50 72 73 76 34 4 89 40 48 62 29 63 86 21 18 61 96 97 65 
0 19 31 77 90 23 79 55 107 24 29 27 54 92 15 98 16 91 12 47 26 58 56 102 104 60 105 13 3 95 30 41 88 6 1 38 67 49 71 43 53 50 72 73 76 34 4 89 40 48 66 52 106 108 64 84 103 100 39 101 74 99 10 46 17 8 9 75 85 7 35 20 11 59 22 42 25 70 44 37 45 83 109 68 94 81 93 5 32 51 2 69 82 36 78 33 14 57 80 62 87 63 28 86 21 18 61 96 97 65 
0 19 31 77 90 23 79 55 107 24 29 27 54 92 46 17 8 9 75 85 7 35 20 11 59 22 42 25 70 30 37 45 83 109 68 94 81 93 5 32 51 2 69 82 36 78 33 14 57 80 66 52 106 108 64 84 103 100 39 101 74 99 10 15 98 16 12 47 26 58 56 102 104 60 105 13 3 95 44 41 88 6 1 38 67 49 28 71 43 53 50 72 73 76 34 91 4 89 40 48 62 87 63 86 21 18 61 96 97 65 
0 19 31 77 51 23 79 55 107 24 29 27 54 92 46 17 8 9 75 85 7 35 20 11 59 22 42 25 70 44 37 45 83 109 68 94 81 93 5 32 90 2 69 82 36 78 33 14 57 13 105 60 104 102 56 58 26 47 12 91 16 98 15 10 99 74 101 39 100 103 84 64 108 106 52 66 80 3 95 30 41 88 6 1 38 67 49 28 71 43 53 50 72 73 76 34 4 89 40 48 62 87 63 86 21 18 61 96 97 65 
0 19 31 13 3 95 30 41 88 6 1 38 67 49 28 71 43 53 50 72 73 76 34 4 89 40 48 62 87 63 86 45 83 109 68 94 81 93 5 32 51 2 69 82 36 78 33 14 57 80 66 52 106 108 64 84 103 100 39 101 74 99 10 15 98 16 91 12 47 26 58 56 102 104 60 105 77 90 23 79 55 107 24 29 27 54 92 46 17 8 9 75 85 7 35 20 11 59 22 42 25 70 44 37 21 18 61 96 97 65 
0 19 31 77 90 23 79 55 107 24 29 27 54 92 46 17 8 9 75 85 7 35 20 11 59 22 42 25 70 44 37 78 36 82 69 2 51 32 5 93 81 94 65 109 83 45 33 14 57 80 66 52 106 108 64 103 100 39 101 74 99 10 15 98 16 91 12 47 26 58 56 102 84 104 60 105 13 3 95 30 41 88 6 1 38 67 49 28 71 43 53 50 72 73 76 34 4 89 40 48 62 87 63 86 21 18 61 96 97 68 
0 19 31 77 90 23 79 55 107 24 29 27 54 92 46 17 8 9 75 85 7 35 20 11 59 22 42 25 70 44 37 100 39 101 74 99 10 15 98 91 12 47 26 58 56 102 104 60 105 13 3 95 30 41 88 6 1 38 67 49 28 71 43 53 50 72 16 73 66 34 4 89 40 48 62 14 63 87 57 80 76 52 106 108 64 84 103 45 83 109 68 94 81 93 5 32 51 2 69 82 36 78 33 86 21 18 61 96 97 65 
0 19 31 77 90 23 79 55 107 24 29 27 47 26 58 56 102 104 60 105 13 3 95 30 41 88 6 1 38 67 49 28 71 43 53 52 72 73 76 34 4 89 40 48 62 87 63 86 57 80 66 50 106 108 64 84 54 92 46 17 8 9 75 85 7 35 20 11 59 22 42 25 70 44 37 45 83 109 68 94 81 93 5 32 51 2 69 82 36 78 33 14 103 100 39 101 74 99 10 15 98 16 91 12 21 18 61 96 97 65 
0 19 31 77 90 23 79 55 107 24 29 27 54 92 46 106 8 9 75 85 7 35 20 11 59 22 42 25 70 44 37 45 83 109 68 94 81 93 5 32 51 2 69 82 36 78 33 14 57 80 66 52 17 108 64 84 103 100 39 101 74 99 10 15 98 16 91 12 47 26 58 56 102 104 60 105 13 3 95 30 41 88 6 1 38 67 49 28 71 43 53 50 72 73 76 34 4 89 40 48 62 87 63 86 21 18 61 96 97 65 
0 7 31 77 90 23 79 55 107 24 29 27 54 92 46 17 8 9 75 85 19 35 20 11 59 22 42 25 70 44 37 45 83 109 68 94 81 93 5 32 51 48 69 82 36 78 33 14 57 80 66 52 106 108 64 84 103 100 39 101 74 99 10 15 98 16 91 12 47 26 58 56 102 104 60 105 13 3 95 30 41 88 6 4 34 76 73 72 50 53 43 71 28 49 67 38 1 89 40 62 87 63 86 21 18 61 96 2 97 65 
0 19 31 77 90 23 79 55 107 24 29 27 54 92 46 17 8 9 75 6 7 35 20 11 59 22 42 25 70 44 37 45 83 109 68 94 81 93 5 32 51 2 69 82 36 78 33 14 57 80 66 52 106 108 64 84 103 100 39 101 74 99 10 15 98 16 91 12 47 26 58 56 102 104 60 105 13 3 95 30 41 88 85 1 38 67 49 28 71 43 53 50 72 73 76 34 4 89 40 48 62 87 63 86 21 18 61 96 97 65 
0 19 31 77 90 23 79 55 107 24 29 27 54 92 46 17 8 9 75 85 7 35 20 11 59 22 1 6 88 41 30 95 3 13 105 60 104 102 56 58 26 47 12 91 16 98 15 10 99 74 101 39 100 103 84 64 108 106 52 66 80 57 14 33 78 36 82 69 2 51 32 5 93 81 94 68 109 25 83 45 37 44 70 42 38 67 49 28 43 53 50 72 73 76 34 4 89 40 48 62 87 63 86 21 18 61 96 65 97 71 
0 19 31 77 90 23 79 55 107 24 29 27 54 92 46 17 8 9 75 85 7 35 20 11 59 22 42 25 70 44 37 45 83 109 68 94 81 93 5 32 51 6 69 82 36 78 33 14 57 80 66 52 106 108 64 84 103 100 76 73 72 50 53 43 71 28 49 67 38 1 88 41 47 12 91 16 26 58 56 102 104 60 105 13 3 2 95 30 98 15 10 99 74 101 39 34 4 89 40 48 62 87 63 86 21 18 61 96 97 65 
0 19 31 77 90 23 79 55 107 24 29 27 54 92 46 17 8 9 75 85 7 35 20 11 59 1 42 25 10 99 74 101 39 100 103 84 64 108 106 52 66 80 57 14 33 78 36 82 69 2 51 32 5 93 81 94 68 109 83 22 15 45 37 44 70 98 16 91 12 47 26 58 56 102 104 60 105 13 3 95 30 41 88 6 38 67 49 28 71 43 53 50 72 73 76 34 4 89 40 48 62 87 63 86 21 18 61 96 97 65 
0 19 31 103 100 39 101 74 99 10 15 98 16 91 12 47 26 58 56 102 104 60 105 13 3 5 30 41 88 6 1 38 67 49 28 71 43 53 50 72 73 76 34 4 89 40 48 62 87 63 86 21 18 61 96 97 77 90 23 79 55 107 24 29 27 54 92 46 17 8 9 75 85 7 35 20 11 59 22 42 25 70 44 37 45 83 109 68 94 81 93 32 51 2 69 82 36 78 33 14 57 80 66 52 106 108 64 84 95 65 
0 19 31 78 36 82 69 2 51 32 5 93 81 94 65 109 83 45 8 44 70 25 42 22 59 11 20 35 7 85 75 77 90 23 79 55 107 24 29 27 54 92 46 17 37 9 68 33 14 57 80 66 52 106 108 64 84 103 100 39 101 74 99 10 15 98 16 91 12 47 26 58 56 102 104 60 105 13 3 95 30 41 88 6 1 38 67 49 28 71 43 53 50 72 73 76 34 4 89 40 48 62 87 63 86 21 18 61 96 97 
0 19 31 77 90 23 79 55 107 24 29 27 54 92 46 17 8 9 75 85 7 35 20 59 22 42 25 70 44 38 1 6 88 41 11 30 95 3 13 105 60 104 102 56 58 26 47 12 91 16 98 15 72 73 76 34 4 89 40 48 62 87 63 86 21 18 61 96 97 37 45 83 109 68 94 81 93 5 32 51 2 69 82 36 78 33 14 57 80 66 52 106 108 64 84 103 100 39 101 74 99 10 50 53 43 67 71 28 49 65 
0 19 31 77 90 23 79 55 107 24 29 27 54 12 46 17 8 9 75 85 7 35 20 11 59 22 42 25 70 44 37 45 83 109 68 94 81 93 5 32 51 2 69 82 36 78 33 14 57 80 66 52 106 108 64 84 103 100 39 101 74 99 10 15 98 16 91 92 47 26 58 56 102 104 60 105 13 3 95 30 41 88 6 1 38 67 49 28 71 43 53 50 72 73 76 34 4 89 40 48 62 87 63 86 21 18 61 96 65 97 
0 19 31 77 90 23 79 55 107 24 29 47 54 92 46 17 8 9 75 85 7 35 20 11 59 22 42 25 70 44 37 45 83 109 68 94 81 93 5 32 51 2 69 82 36 78 33 14 57 80 66 52 106 108 64 84 103 100 39 101 74 99 10 15 98 16 91 12 27 26 58 56 102 104 60 105 13 3 30 41 88 95 6 1 38 67 49 28 71 43 53 50 72 73 76 34 4 89 40 48 62 87 63 86 21 18 61 96 97 65 
0 19 31 77 90 79 55 107 24 29 27 54 92 46 12 47 26 58 56 102 104 60 105 13 3 95 30 41 88 6 1 38 67 49 28 71 43 53 50 72 73 76 34 4 89 40 48 62 23 66 52 106 108 64 84 103 100 39 101 74 99 10 15 98 16 91 17 8 9 75 85 7 35 20 11 59 22 42 25 70 44 37 45 83 109 68 94 81 93 5 32 51 2 69 82 36 78 33 14 57 80 87 63 86 21 18 61 96 97 65 
0 19 31 77 90 23 79 55 107 24 29 27 54 92 46 17 8 9 75 85 7 35 20 11 59 22 42 25 70 44 37 45 83 109 68 94 81 49 67 38 1 93 88 41 34 95 3 13 105 60 104 102 56 58 26 47 12 91 16 98 15 10 99 74 101 39 100 103 84 64 108 106 52 66 80 57 14 33 78 36 82 69 2 32 5 6 28 71 43 53 50 72 73 51 76 30 4 89 40 48 62 87 63 86 21 18 61 96 97 65 
0 19 31 77 90 23 79 55 107 24 29 74 99 10 15 98 16 91 12 47 26 58 56 102 104 60 105 13 3 30 41 88 6 1 38 67 49 93 5 32 51 2 69 82 36 78 33 14 57 80 66 52 106 108 64 84 103 100 39 101 27 54 92 46 17 8 9 75 85 7 35 20 11 59 22 42 25 70 44 37 45 83 109 68 94 81 28 71 43 53 50 72 73 76 34 4 89 40 48 62 87 63 86 21 18 61 96 97 95 65 
0 19 31 77 90 23 79 55 107 24 29 27 54 30 46 17 8 9 75 85 7 35 20 11 59 22 42 25 70 44 37 45 83 109 68 94 81 93 5 32 51 2 69 82 36 78 33 14 57 80 66 52 106 108 64 84 103 100 39 101 74 99 10 15 98 16 91 12 47 26 58 56 102 104 60 105 13 3 95 92 41 88 6 1 38 67 49 28 71 43 53 50 72 73 76 34 4 89 40 48 62 87 63 86 21 18 61 96 97 65 
0 19 31 77 90 23 79 55 107 24 27 54 92 46 17 8 9 108 106 52 66 80 57 14 33 78 36 82 69 2 51 32 5 93 75 85 7 35 20 11 59 22 42 25 70 44 37 45 83 109 47 12 91 16 98 15 10 99 74 101 39 100 103 84 64 81 94 68 26 58 56 102 104 29 60 105 13 3 95 30 41 88 6 1 38 67 49 28 71 43 53 50 72 73 76 34 4 89 40 48 62 87 63 86 21 18 61 96 97 65 
0 19 31 77 90 23 79 55 107 24 27 54 92 46 17 8 9 75 85 7 35 20 11 41 22 42 25 70 44 37 45 83 109 68 94 81 93 5 32 51 2 69 82 29 36 78 33 14 57 80 66 52 106 108 64 84 103 100 39 101 74 99 10 15 98 16 91 12 47 26 58 56 102 104 60 105 13 3 95 30 59 88 6 1 38 67 49 28 71 43 53 50 72 73 76 34 4 89 40 48 62 87 63 86 21 18 61 96 97 65 
0 19 31 77 90 23 79 55 107 24 29 27 54 92 46 17 8 9 4 34 76 73 72 50 53 43 71 28 49 44 38 1 6 88 41 30 95 3 13 105 60 104 102 56 58 26 47 12 91 16 98 15 10 99 7 85 75 100 39 101 74 35 20 11 59 22 42 25 70 67 37 45 83 109 68 94 81 93 5 32 51 2 69 82 36 78 33 14 57 80 66 52 106 108 64 84 103 89 40 48 62 87 63 86 21 18 61 96 97 65 
0 19 31 95 90 23 79 55 107 24 29 27 54 92 46 17 8 9 75 85 7 35 20 11 59 22 42 25 70 44 37 45 83 109 68 94 81 93 5 32 51 2 69 82 36 78 33 14 57 80 66 52 106 108 64 84 103 100 39 101 74 99 10 15 98 16 91 12 47 26 58 56 102 104 60 105 13 3 77 30 41 88 6 1 38 67 49 28 71 43 53 50 72 73 76 34 4 89 40 48 62 87 63 86 21 18 61 96 97 65 
0 19 31 77 90 95 79 55 107 24 29 27 54 92 46 17 8 9 75 85 7 35 20 11 59 22 42 25 70 44 37 45 83 109 68 94 81 93 5 32 51 2 69 82 36 78 33 14 57 80 66 52 106 108 64 84 103 100 39 101 74 99 10 15 98 16 91 12 47 26 58 56 102 104 60 105 13 3 23 30 41 88 6 1 38 67 49 28 71 43 53 50 72 73 76 34 4 89 40 48 62 87 63 86 21 18 61 96 97 65 
0 19 31 77 90 95 79 55 107 24 29 27 54 92 46 17 8 9 75 85 7 35 20 11 59 22 42 25 70 44 37 45 83 109 68 94 81 93 5 32 51 2 69 82 36 78 33 14 57 80 66 52 106 108 64 84 103 100 39 101 74 99 10 15 98 16 91 12 47 26 58 56 102 104 60 105 13 3 23 30 41 88 6 1 38 67 49 28 71 43 53 50 72 73 76 34 4 89 40 48 62 87 63 86 21 18 61 96 97 65 
0 19 31 77 90 23 79 55 107 24 29 49 67 38 1 93 88 41 30 95 3 13 105 60 104 102 56 58 26 47 12 91 16 98 15 10 99 27 54 92 46 17 8 9 75 85 7 35 20 11 59 22 42 25 70 44 37 45 83 109 68 94 81 5 32 51 2 69 82 36 78 33 73 72 50 53 43 71 28 6 74 101 39 100 103 84 64 106 52 66 80 57 14 76 34 4 89 40 48 62 87 63 108 86 21 18 61 96 97 65 
0 19 109 77 90 23 79 8 17 46 92 54 27 29 24 107 55 9 75 85 7 35 20 11 59 22 42 25 70 44 37 45 83 31 68 94 81 93 5 32 51 2 69 82 36 78 33 14 57 80 66 52 106 108 64 84 103 100 39 101 1 74 99 10 15 98 16 91 12 47 26 58 56 102 104 105 13 3 95 30 41 88 6 38 67 49 28 71 43 53 50 72 73 76 34 4 89 40 48 62 87 63 86 21 60 18 61 96 97 65 
0 19 31 77 90 23 103 100 39 101 74 99 10 15 98 16 73 12 47 26 58 56 102 104 60 105 13 3 95 30 41 88 6 1 38 67 49 28 71 43 53 50 72 91 76 34 4 55 79 84 64 108 62 63 87 48 40 89 107 24 29 27 54 92 46 17 8 9 75 85 7 35 20 11 59 22 42 25 70 44 37 45 83 109 68 94 81 93 5 32 51 2 69 82 36 78 33 14 57 80 66 52 106 86 21 18 61 96 97 65 
0 19 31 77 90 23 79 55 107 24 29 27 64 108 106 52 65 80 57 14 33 78 36 82 69 2 51 32 5 93 81 94 68 109 83 45 37 44 70 25 42 22 59 11 20 35 7 85 75 9 8 17 46 92 54 84 103 100 39 101 56 58 26 47 12 91 16 98 15 10 99 74 102 104 60 105 13 3 95 30 41 88 6 1 38 67 49 28 71 43 53 50 72 73 76 34 4 89 40 48 62 87 63 86 21 18 61 96 97 66 
0 19 31 77 90 23 79 55 5 93 81 94 68 109 83 45 37 44 70 39 25 42 22 59 11 20 35 7 85 91 16 98 15 10 65 97 96 61 18 21 86 63 87 62 48 40 89 4 34 76 73 72 50 53 43 71 28 49 67 38 1 6 88 41 30 95 3 13 105 60 104 102 56 58 26 47 12 75 9 8 17 46 92 54 27 29 24 107 32 51 2 69 82 36 78 33 14 57 80 66 52 106 108 64 84 103 100 101 74 99 
0 19 31 77 90 23 79 55 107 24 101 74 99 10 15 98 16 91 12 47 26 58 56 102 104 60 105 13 3 95 30 41 88 6 1 38 67 49 93 28 46 92 54 27 29 18 21 86 63 87 62 48 40 89 4 34 76 73 72 50 53 43 71 17 8 9 75 85 7 35 20 11 59 22 42 25 70 44 37 45 83 109 68 94 81 5 32 51 2 69 82 36 78 33 14 57 80 66 52 106 108 64 84 103 100 39 61 96 97 65 
0 26 31 77 90 23 79 55 107 24 29 27 54 92 46 17 8 9 75 7 35 20 11 59 22 42 25 70 44 37 45 83 109 68 94 81 93 5 32 51 2 69 82 36 78 33 14 57 80 66 52 106 108 64 84 103 100 39 85 101 74 99 10 15 98 16 91 12 47 19 58 56 102 104 60 105 13 3 95 30 41 88 6 1 38 67 49 28 71 43 53 50 72 73 76 34 4 89 40 48 62 87 63 86 21 18 61 96 97 65 
0 84 103 100 39 101 74 99 10 15 98 16 91 12 47 26 58 56 102 104 60 105 13 3 95 30 41 88 6 1 38 67 49 28 71 43 53 50 72 73 76 34 4 89 40 48 62 87 63 23 21 52 106 108 64 19 31 77 90 86 79 55 107 24 29 27 54 92 46 17 8 9 75 85 7 35 20 11 59 22 42 25 70 44 37 45 83 109 68 94 81 93 5 32 51 2 69 82 36 78 33 14 57 80 66 18 61 96 97 65 
0 19 31 77 90 23 79 55 107 74 99 10 15 98 16 91 12 47 26 86 56 102 104 60 105 13 3 95 30 41 88 6 1 38 67 49 28 71 43 53 50 72 73 76 34 4 89 40 48 62 87 63 58 21 18 61 96 97 39 101 24 29 27 54 92 46 17 8 9 75 85 7 35 20 11 59 22 42 25 70 44 37 45 83 109 68 94 81 93 5 32 51 2 69 82 36 78 33 14 57 80 66 52 106 108 64 84 103 100 65 
0 19 31 90 23 79 55 107 24 29 27 54 92 46 17 8 9 50 53 43 71 101 28 49 67 38 1 6 88 41 30 95 3 13 105 60 104 102 56 58 26 47 12 91 16 98 77 15 10 99 74 39 100 103 84 64 108 106 52 66 48 57 14 33 78 75 85 7 35 20 11 59 22 42 70 44 37 45 83 109 68 94 81 93 5 32 51 2 69 82 36 80 72 73 76 34 4 89 40 62 87 63 86 21 25 18 61 96 97 65 
0 19 31 77 95 30 41 88 6 1 38 67 49 28 71 43 55 79 23 90 3 13 105 60 104 102 56 58 26 47 12 91 16 98 15 10 99 74 101 39 100 103 84 64 108 106 52 66 68 57 14 33 78 36 82 69 2 51 32 5 93 81 94 80 109 83 45 21 86 63 87 62 48 40 89 4 34 76 73 72 50 53 107 24 29 27 54 92 46 17 8 9 75 85 7 35 20 11 59 22 42 25 70 44 37 18 61 96 97 65 
0 19 31 77 90 23 55 107 24 29 27 54 92 46 17 8 9 75 85 7 35 20 11 59 22 42 25 70 44 37 45 83 109 68 94 81 93 5 32 51 2 69 82 36 78 33 79 58 56 12 47 60 105 13 3 95 30 41 88 6 1 38 26 104 102 91 16 98 15 10 99 74 101 39 100 103 84 86 63 87 62 48 40 71 28 49 67 50 72 73 76 34 4 89 43 53 21 18 106 108 64 14 57 80 66 52 96 97 65 61 
0 19 31 77 39 101 74 99 10 15 98 16 91 12 47 26 58 46 85 7 35 20 11 59 22 42 25 70 44 37 45 83 109 68 94 81 93 5 32 51 2 69 66 36 78 33 14 57 80 82 52 106 108 64 84 103 100 90 79 55 107 24 29 27 54 92 75 17 8 9 56 102 104 60 105 13 3 95 30 41 88 6 1 23 38 67 49 28 71 43 53 50 72 73 76 34 4 89 40 48 62 87 63 86 21 18 61 96 97 65 
0 19 31 106 52 61 18 21 86 63 87 62 48 40 89 4 34 76 73 72 50 53 43 71 28 49 67 38 1 6 88 59 22 42 25 70 44 37 45 83 109 65 94 81 93 5 32 51 2 69 82 36 78 108 64 103 100 68 84 39 101 74 99 10 15 30 16 91 12 47 26 58 56 102 104 60 105 13 3 95 98 41 11 20 35 7 85 75 9 8 17 46 92 54 27 29 24 107 55 79 23 90 77 33 14 57 80 66 96 97 
0 19 31 77 90 23 79 55 107 24 29 27 54 46 12 47 26 58 56 102 104 105 13 3 30 41 88 15 10 99 74 101 65 97 96 61 18 21 86 63 87 62 48 40 60 89 4 34 76 73 72 95 50 53 43 71 28 49 67 38 92 1 6 98 16 91 17 8 9 75 85 35 20 11 59 22 42 25 70 44 37 45 83 109 68 94 81 93 5 32 51 2 69 82 36 78 33 14 57 80 66 52 106 7 108 64 84 103 100 39 
