0 19 31 77 90 23 79 55 107 24 29 27 54 92 46 17 8 9 75 85 7 35 20 11 59 22 42 25 70 44 37 45 83 109 68 94 81 93 5 32 51 2 69 82 36 78 33 14 57 80 66 52 106 108 64 84 103 100 39 101 74 99 10 15 98 16 91 12 47 26 58 56 102 104 60 105 13 3 95 30 41 88 6 1 38 67 49 28 71 43 53 50 72 73 76 34 4 89 40 48 62 87 63 86 21 18 61 96 97 65 
0 19 31 77 90 23 79 55 107 24 29 27 54 92 46 17 8 9 75 85 7 35 20 11 59 22 42 25 70 44 37 45 83 109 68 94 81 93 5 32 51 2 69 82 36 78 33 14 57 80 66 52 106 108 64 84 103 100 39 101 74 99 10 15 98 16 91 12 47 26 58 56 102 104 60 105 13 3 95 30 41 88 6 1 38 67 49 28 71 43 53 50 72 73 76 34 4 89 40 48 62 87 63 86 21 18 61 96 97 65 
0 19 31 77 90 23 79 55 107 24 29 27 54 92 46 17 8 9 75 85 7 35 20 11 59 22 42 25 70 44 37 45 83 109 68 94 81 93 5 32 51 2 69 82 36 78 33 14 57 80 66 52 106 108 64 84 103 100 39 101 74 99 10 15 98 16 91 12 47 26 58 56 102 104 60 105 13 3 95 30 41 88 6 1 38 67 49 28 71 43 53 50 72 73 76 34 4 89 40 48 62 87 63 86 21 18 61 96 97 65 
0 19 31 77 90 23 79 55 107 24 29 27 54 92 46 17 8 9 75 85 7 35 20 11 59 22 42 25 70 44 37 45 83 109 68 94 81 93 5 32 51 2 69 82 36 78 33 14 57 80 66 52 106 108 64 84 103 100 39 101 74 99 10 15 98 16 91 12 47 26 58 56 102 104 60 105 13 3 95 30 41 88 6 1 38 67 49 28 71 43 53 50 72 73 76 34 4 89 40 48 62 87 63 86 21 18 61 96 97 65 
0 19 31 77 90 23 79 55 107 24 29 27 54 92 46 17 8 9 75 85 7 35 20 11 59 22 42 25 70 44 37 45 83 109 68 94 81 93 5 32 51 2 69 82 36 78 33 14 57 80 66 52 106 108 64 84 103 100 39 101 74 99 10 15 98 16 91 12 47 26 58 56 102 104 60 105 13 3 95 30 41 88 6 1 38 67 49 28 71 43 53 50 72 73 76 34 4 89 40 48 62 87 63 86 21 18 61 96 97 65 
0 19 31 77 90 23 79 55 107 24 29 27 54 92 46 17 8 9 75 85 7 35 20 11 59 22 42 25 70 44 37 45 83 109 68 94 81 93 5 32 51 2 69 82 36 78 33 14 57 80 66 52 106 108 64 84 103 100 39 101 74 99 10 15 98 16 91 12 47 26 58 56 102 104 60 105 13 3 95 30 41 88 6 1 38 67 49 28 71 43 53 50 72 73 76 34 4 89 40 48 62 87 63 86 21 18 61 96 97 65 
0 19 31 77 90 23 79 55 107 24 29 27 54 92 46 17 8 9 75 85 7 35 20 11 59 22 42 25 70 44 37 45 83 109 68 94 81 93 5 32 51 2 69 82 36 78 33 14 57 80 66 52 106 108 64 84 103 100 39 101 74 99 10 15 98 16 91 12 47 26 58 56 102 104 60 105 13 3 95 30 41 88 6 1 38 67 49 28 71 43 53 50 72 73 76 34 4 89 40 48 62 87 63 86 21 18 61 96 97 65 
0 19 31 77 90 23 79 55 107 24 29 27 54 92 46 17 8 9 75 85 7 35 20 11 59 22 42 25 70 44 37 45 83 109 68 94 81 93 5 32 51 2 69 82 36 78 33 14 57 80 66 52 106 108 64 84 103 100 39 101 74 99 10 15 98 16 91 12 47 26 58 56 102 104 60 105 13 3 95 30 41 88 6 1 38 67 49 28 71 43 53 50 72 73 76 34 4 89 40 48 62 87 63 86 21 18 61 96 97 65 
0 19 31 77 90 23 79 55 107 24 29 27 54 92 46 17 8 9 75 85 7 35 20 11 59 22 42 25 70 44 37 45 83 109 68 94 81 93 5 32 51 2 69 82 36 78 33 14 57 80 66 52 106 108 64 84 103 100 39 101 74 99 10 15 98 16 91 12 47 26 58 56 102 104 60 105 13 3 95 30 41 88 6 1 38 67 49 28 71 43 53 50 72 73 76 34 4 89 40 48 62 87 63 86 21 18 61 96 97 65 
0 19 31 77 90 23 79 55 107 24 29 27 54 92 46 17 8 9 75 85 7 35 20 11 59 22 42 25 70 44 37 45 83 109 68 94 81 93 5 32 51 2 69 82 36 78 33 14 57 80 66 52 106 108 64 84 103 100 39 101 74 99 10 15 98 16 91 12 47 26 58 56 102 104 60 105 13 3 95 30 41 88 6 1 38 67 49 28 71 43 53 50 72 73 76 34 4 89 40 48 62 87 63 86 21 18 61 96 97 65 
0 19 31 77 90 23 79 55 107 24 29 27 54 92 46 17 8 9 75 85 7 35 20 11 59 22 42 25 70 44 37 45 83 109 68 94 81 93 5 32 51 2 69 82 36 78 33 14 57 80 66 52 106 108 64 84 103 100 39 101 74 99 10 15 98 16 91 12 47 26 58 56 102 104 60 105 13 3 95 30 41 88 6 1 38 67 49 28 71 43 53 50 72 73 76 34 4 89 40 48 62 87 63 86 21 18 61 96 97 65 
0 19 31 77 90 23 79 55 107 24 29 27 54 92 46 17 8 9 75 85 7 35 20 11 59 22 42 25 70 44 37 45 83 109 68 94 81 93 5 32 51 2 69 82 36 78 33 14 57 80 66 52 106 108 64 84 103 100 39 101 74 99 10 15 98 16 91 12 47 26 58 56 102 104 60 105 13 3 95 30 41 88 6 1 38 67 49 28 71 43 53 50 72 73 76 34 4 89 40 48 62 87 63 86 21 18 61 96 97 65 
0 19 31 77 90 23 79 55 107 24 29 27 54 92 46 17 8 9 75 85 7 35 20 11 59 22 42 25 70 44 37 45 83 109 68 94 81 93 5 32 51 2 69 82 36 78 33 14 57 80 66 52 106 108 64 84 103 100 39 101 74 99 10 15 98 16 91 12 47 26 58 56 102 104 60 105 13 3 95 30 41 88 6 1 38 67 49 28 71 43 53 50 72 73 76 34 4 89 40 48 62 87 63 86 21 18 61 96 97 65 
0 19 31 77 90 23 79 55 107 24 29 27 54 92 46 17 8 9 75 85 7 35 20 11 59 22 42 25 70 44 37 45 83 109 68 94 81 93 5 32 51 2 69 82 36 78 33 14 57 80 66 52 106 108 64 84 103 100 39 101 74 99 10 15 98 16 91 12 47 26 58 56 102 104 60 105 13 3 95 30 41 88 6 1 38 67 49 28 71 43 53 50 72 73 76 34 4 89 40 48 62 87 63 86 21 18 61 96 97 65 
0 19 31 77 90 23 79 55 107 24 29 27 54 92 46 17 8 9 75 85 7 35 20 11 59 22 42 25 70 44 37 45 83 109 68 94 81 93 5 32 51 2 69 82 36 78 33 14 57 80 66 52 106 108 64 84 103 100 39 101 74 99 10 15 98 16 91 12 47 26 58 56 102 104 60 105 13 3 95 30 41 88 6 1 38 67 49 28 71 43 53 50 72 73 76 34 4 89 40 48 62 87 63 86 21 18 61 96 97 65 
0 19 31 77 90 23 79 55 107 24 29 27 54 92 46 17 8 9 75 85 7 35 20 11 59 22 42 25 70 44 37 45 83 109 68 94 81 93 5 32 51 2 69 82 36 78 33 14 57 80 66 52 106 108 64 84 103 100 39 101 74 99 10 15 98 16 91 12 47 26 58 56 102 104 60 105 13 3 95 30 41 88 6 1 38 67 49 28 71 43 53 50 72 73 76 34 4 89 40 48 62 87 63 86 21 18 61 96 97 65 
0 19 31 77 90 23 79 55 107 24 29 27 54 92 46 17 8 9 75 85 7 35 20 11 59 22 42 25 70 44 37 45 83 109 68 94 81 93 5 32 51 2 69 82 36 78 33 14 57 80 66 52 106 108 64 84 103 100 39 101 74 99 10 15 98 16 91 12 47 26 58 56 102 104 60 105 13 3 95 30 41 88 6 1 38 67 49 28 71 43 53 50 72 73 76 34 4 89 40 48 62 87 63 86 21 18 61 96 97 65 
0 19 31 77 90 23 79 55 107 24 29 27 54 92 46 17 8 9 75 85 7 35 20 11 59 22 42 25 70 44 37 45 83 109 68 94 81 93 5 32 51 2 69 82 36 78 33 14 57 80 66 52 106 108 64 84 103 100 39 101 74 99 10 15 98 16 91 12 47 26 58 56 102 104 60 105 13 3 95 30 41 88 6 1 38 67 49 28 71 43 53 50 72 73 76 34 4 89 40 48 62 87 63 86 21 18 61 96 97 65 
0 19 31 77 90 23 79 55 107 24 29 27 54 92 46 17 8 9 75 85 7 35 20 11 59 22 42 25 70 44 37 45 83 109 68 94 81 93 5 32 51 2 69 82 36 78 33 14 57 80 66 52 106 108 64 84 103 100 39 101 74 99 10 15 98 16 91 12 47 26 58 56 102 104 60 105 13 3 95 30 41 88 6 1 38 67 49 28 71 43 53 50 72 73 76 34 4 89 40 48 62 87 63 86 21 18 61 96 97 65 
0 19 31 77 90 23 79 55 107 24 29 27 54 92 46 17 8 9 75 85 7 35 20 11 59 22 42 25 70 44 37 45 83 109 68 94 81 93 5 32 51 2 69 82 36 78 33 14 57 80 66 52 106 108 64 84 103 100 39 101 74 99 10 15 98 16 91 12 47 26 58 56 102 104 60 105 13 3 95 30 41 88 6 1 38 67 49 28 71 43 53 50 72 73 76 34 4 89 40 48 62 87 63 86 21 18 61 96 97 65 
0 19 31 77 90 23 79 55 107 24 29 27 54 92 46 17 8 9 75 85 7 35 20 11 59 22 42 25 70 44 37 45 83 109 68 94 81 93 5 32 51 2 69 82 36 78 33 14 57 80 66 52 106 108 64 84 103 100 39 101 74 99 10 15 98 16 91 12 47 26 58 56 102 104 60 105 13 3 95 30 41 88 6 1 38 67 49 28 71 43 53 50 72 73 76 34 4 89 40 48 62 87 63 86 21 18 61 96 97 65 
0 19 31 77 90 23 79 55 107 24 29 27 54 92 46 17 8 9 75 85 7 35 20 11 59 22 42 25 70 44 37 45 83 109 68 94 81 93 5 32 51 2 69 82 36 78 33 14 57 80 66 52 106 108 64 84 103 100 39 101 74 99 10 15 98 16 91 12 47 26 58 56 102 104 60 105 13 3 95 30 41 88 6 1 38 67 49 28 71 43 53 50 72 73 76 34 4 89 40 48 62 87 63 86 21 18 61 96 97 65 
0 19 31 77 90 23 79 55 107 24 29 27 54 92 46 17 8 9 75 85 7 35 20 11 59 22 42 25 70 44 37 45 83 109 68 94 81 93 5 32 51 2 69 82 36 78 33 14 57 80 66 52 106 108 64 84 103 100 39 101 74 99 10 15 98 16 91 12 47 26 58 56 102 104 60 105 13 3 95 30 41 88 6 1 38 67 49 28 71 43 53 50 72 73 76 34 4 89 40 48 62 87 63 86 21 18 61 96 97 65 
0 19 31 77 90 23 79 55 107 24 29 27 54 92 46 17 8 9 75 85 7 35 20 11 59 22 42 25 70 44 37 45 83 109 68 94 81 93 5 32 51 2 69 82 36 78 33 14 57 80 66 52 106 108 64 84 103 100 39 101 74 99 10 15 98 16 91 12 47 26 58 56 102 104 60 105 13 3 95 30 41 88 6 1 38 67 49 28 71 43 53 50 72 73 76 34 4 89 40 48 62 87 63 86 21 18 61 96 97 65 
0 19 31 77 90 23 79 55 107 24 29 27 54 92 46 17 8 9 75 85 7 35 20 11 59 22 42 25 70 44 37 45 83 109 68 94 81 93 5 32 51 2 69 82 36 78 33 14 57 80 66 52 106 108 64 84 103 100 39 101 74 99 10 15 98 16 91 12 47 26 58 56 102 104 60 105 13 3 95 30 41 88 6 1 38 67 49 28 71 43 53 50 72 73 76 34 4 89 40 48 62 87 63 86 21 18 61 96 97 65 
0 19 31 77 90 23 79 55 107 24 29 27 54 92 46 17 8 9 75 85 7 35 20 11 59 22 42 25 70 44 37 45 83 109 68 94 81 93 5 32 51 2 69 82 36 78 33 14 57 80 66 52 106 108 64 84 103 100 39 101 74 99 10 15 98 16 91 12 47 26 58 56 102 104 60 105 13 3 95 30 41 88 6 1 38 67 49 28 71 43 53 50 72 73 76 34 4 89 40 48 62 87 63 86 21 18 61 96 97 65 
0 19 31 77 90 23 79 55 107 24 29 27 54 92 46 17 8 9 75 85 7 35 20 11 59 22 42 25 70 44 37 45 83 109 68 94 81 93 5 32 51 2 69 82 36 78 33 14 57 80 66 52 106 108 64 84 103 100 39 101 74 99 10 15 98 16 91 12 47 26 58 56 102 104 60 105 13 3 95 30 41 88 6 1 38 67 49 28 71 43 53 50 72 73 76 34 4 89 40 48 62 87 63 86 21 18 61 96 97 65 
0 19 31 77 90 23 79 55 107 24 29 27 54 92 46 17 8 9 75 85 7 35 20 11 59 22 42 25 70 44 37 45 83 109 68 94 81 93 5 32 51 2 69 82 36 78 33 14 57 80 66 52 106 108 64 84 103 100 39 101 74 99 10 15 98 16 91 12 47 26 58 56 102 104 60 105 13 3 95 30 41 88 6 1 38 67 49 28 71 43 53 50 72 73 76 34 4 89 40 48 62 87 63 86 21 18 61 96 97 65 
0 19 31 77 90 23 79 55 107 24 29 27 54 92 46 17 8 9 75 85 7 35 20 11 59 22 42 25 70 44 37 45 83 109 68 94 81 93 5 32 51 2 69 82 36 78 33 14 57 80 66 52 106 108 64 84 103 100 39 101 74 99 10 15 98 16 91 12 47 26 58 56 102 104 60 105 13 3 95 30 41 88 6 1 38 67 49 28 71 43 53 50 72 73 76 34 4 89 40 48 62 87 63 86 21 18 61 96 97 65 
0 19 31 77 90 23 79 55 107 24 29 27 54 92 46 17 8 9 75 85 7 35 20 11 59 22 42 25 70 44 37 45 83 109 68 94 81 93 5 32 51 2 69 82 36 78 33 14 57 80 66 52 106 108 64 84 103 100 39 101 74 99 10 15 98 16 91 12 47 26 58 56 102 104 60 105 13 3 95 30 41 88 6 1 38 67 49 28 71 43 53 50 72 73 76 34 4 89 40 48 62 87 63 86 21 18 61 96 97 65 
0 19 31 77 90 23 79 55 107 24 29 27 54 92 46 17 8 9 75 85 7 35 20 11 59 22 42 25 70 44 37 45 83 109 68 94 81 93 5 32 51 2 69 82 36 78 33 14 57 80 66 52 106 108 64 84 103 100 39 101 74 99 10 15 98 16 91 12 47 26 58 56 102 104 60 105 13 3 95 30 41 88 6 1 38 67 49 28 71 43 53 50 72 73 76 34 4 89 40 48 62 87 63 86 21 18 61 96 97 65 
0 19 31 77 90 23 79 55 107 24 29 27 54 92 46 17 8 9 75 85 7 35 20 11 59 22 42 25 70 44 37 45 83 109 68 94 81 93 5 32 51 2 69 82 36 78 33 14 57 80 66 52 106 108 64 84 103 100 39 101 74 99 10 15 98 16 91 12 47 26 58 56 102 104 60 105 13 3 95 30 41 88 6 1 38 67 49 28 71 43 53 50 72 73 76 34 4 89 40 48 62 87 63 86 21 18 61 96 97 65 
0 19 31 77 90 23 79 55 107 24 29 27 54 92 46 17 8 9 75 85 7 35 20 11 59 22 42 25 70 44 37 45 83 109 68 94 81 93 5 32 51 2 69 82 36 78 33 14 57 80 66 52 106 108 64 84 103 100 39 101 74 99 10 15 98 16 91 12 47 26 58 56 102 104 60 105 13 3 95 30 41 88 6 1 38 67 49 28 71 43 53 50 72 73 76 34 4 89 40 48 62 87 63 86 21 18 61 96 97 65 
0 19 31 77 90 23 79 55 107 24 29 27 54 92 46 17 8 9 75 85 7 35 20 11 59 22 42 25 70 44 37 45 83 109 68 94 81 93 5 32 51 2 69 82 36 78 33 14 57 80 66 52 106 108 64 84 103 100 39 101 74 99 10 15 98 16 91 12 47 26 58 56 102 104 60 105 13 3 95 30 41 88 6 1 38 67 49 28 71 43 53 50 72 73 76 34 4 89 40 48 62 87 63 86 21 18 61 96 97 65 
0 19 31 77 90 23 79 55 107 24 29 27 54 92 46 17 8 9 75 85 7 35 20 11 59 22 42 25 70 44 37 45 83 109 68 94 81 93 5 32 51 2 69 82 36 78 33 14 57 80 66 52 106 108 64 84 103 100 39 101 74 99 10 15 98 16 91 12 47 26 58 56 102 104 60 105 13 3 95 30 41 88 6 1 38 67 49 28 71 43 53 50 72 73 76 34 4 89 40 48 62 87 63 86 21 18 61 96 97 65 
0 19 31 77 90 23 79 55 107 24 29 27 54 92 46 17 8 9 75 85 7 35 20 11 59 22 42 25 70 44 37 45 83 109 68 94 81 93 5 32 51 2 69 82 36 78 33 14 57 80 66 52 106 108 64 84 103 100 39 101 74 99 10 15 98 16 91 12 47 26 58 56 102 104 60 105 13 3 95 30 41 88 6 1 38 67 49 28 71 43 53 50 72 73 76 34 4 89 40 48 62 87 63 86 21 18 61 96 97 65 
0 19 31 77 90 23 79 55 107 24 29 27 54 92 46 17 8 9 75 85 7 35 20 11 59 22 42 25 70 44 37 45 83 109 68 94 81 93 5 32 51 2 69 82 36 78 33 14 57 80 66 52 106 108 64 84 103 100 39 101 74 99 10 15 98 16 91 12 47 26 58 56 102 104 60 105 13 3 95 30 41 88 6 1 38 67 49 28 71 43 53 50 72 73 76 34 4 89 40 48 62 87 63 86 21 18 61 96 97 65 
0 19 31 77 90 23 79 55 107 24 29 27 54 92 46 17 8 9 75 85 7 35 20 11 59 22 42 25 70 44 37 45 83 109 68 94 81 93 5 32 51 2 69 82 36 78 33 14 57 80 66 52 106 108 64 84 103 100 39 101 74 99 10 15 98 16 91 12 47 26 58 56 102 104 60 105 13 3 95 30 41 88 6 1 38 67 49 28 71 43 53 50 72 73 76 34 4 89 40 48 62 87 63 86 21 18 61 96 97 65 
0 19 31 77 90 23 79 55 107 24 29 27 54 92 46 17 8 9 75 85 7 35 20 11 59 22 42 25 70 44 37 45 83 109 68 94 81 93 5 32 51 2 69 82 36 78 33 14 57 80 66 52 106 108 64 84 103 100 39 101 74 99 10 15 98 16 91 12 47 26 58 56 102 104 60 105 13 3 95 30 41 88 6 1 38 67 49 28 71 43 53 50 72 73 76 34 4 89 40 48 62 87 63 86 21 18 61 96 97 65 
0 19 31 77 90 23 79 55 107 24 29 27 54 92 46 17 8 9 75 85 7 35 20 11 59 22 42 25 70 44 37 45 83 109 68 94 81 93 5 32 51 2 69 82 36 78 33 14 57 80 66 52 106 108 64 84 103 100 39 101 74 99 10 15 98 16 91 12 47 26 58 56 102 104 60 105 13 3 95 30 41 88 6 1 38 67 49 28 71 43 53 50 72 73 76 34 4 89 40 48 62 87 63 86 21 18 61 96 97 65 
0 19 31 77 90 23 79 55 107 24 29 27 54 92 46 17 8 9 75 85 7 35 20 11 59 22 42 25 70 44 37 45 83 109 68 94 81 93 5 32 51 2 69 82 36 78 33 14 57 80 66 52 106 108 64 84 103 100 39 101 74 99 10 15 98 16 91 12 47 26 58 56 102 104 60 105 13 3 95 30 41 88 6 1 38 67 49 28 71 43 53 50 72 73 76 34 4 89 40 48 62 87 63 86 21 18 61 96 97 65 
0 19 31 77 90 23 79 55 107 24 29 27 54 92 46 17 8 9 75 85 7 35 20 11 59 22 42 25 70 44 37 45 83 109 68 94 81 93 5 32 51 2 69 82 36 78 33 14 57 80 66 52 106 108 64 84 103 100 39 101 74 99 10 15 98 16 91 12 47 26 58 56 102 104 60 105 13 3 95 30 41 88 6 1 38 67 49 28 71 43 53 50 72 73 76 34 4 89 40 48 62 87 63 86 21 18 61 96 97 65 
0 19 31 77 90 23 79 55 107 24 29 27 54 92 46 17 8 9 75 85 7 35 20 11 59 22 42 25 70 44 37 45 83 109 68 94 81 93 5 32 51 2 69 82 36 78 33 14 57 80 66 52 106 108 64 84 103 100 39 101 74 99 10 15 98 16 91 12 47 26 58 56 102 104 60 105 13 3 95 30 41 88 6 1 38 67 49 28 71 43 53 50 72 73 76 34 4 89 40 48 62 87 63 86 21 18 61 96 97 65 
0 19 31 77 90 23 79 55 107 24 29 27 54 92 46 17 8 9 75 85 7 35 20 11 59 22 42 25 70 44 37 45 83 109 68 94 81 93 5 32 51 2 69 82 36 78 33 14 57 80 66 52 106 108 64 84 103 100 39 101 74 99 10 15 98 16 91 12 47 26 58 56 102 104 60 105 13 3 95 30 41 88 6 1 38 67 49 28 71 43 53 50 72 73 76 34 4 89 40 48 62 87 63 86 21 18 61 96 97 65 
0 19 31 77 90 23 79 55 107 24 29 27 54 92 46 17 8 9 75 85 7 35 20 11 59 22 42 25 70 44 37 45 83 109 68 94 81 93 5 32 51 2 69 82 36 78 33 14 57 80 66 52 106 108 64 84 103 100 39 101 74 99 10 15 98 16 91 12 47 26 58 56 102 104 60 105 13 3 95 30 41 88 6 1 38 67 49 28 71 43 53 50 72 73 76 34 4 89 40 48 62 87 63 86 21 18 61 96 97 65 
0 19 31 77 90 23 79 55 107 24 29 27 54 92 46 17 8 9 75 85 7 35 20 11 59 22 42 25 70 44 37 45 83 109 68 94 81 93 5 32 51 2 69 82 36 78 33 14 57 80 66 52 106 108 64 84 103 100 39 101 74 99 10 15 98 16 91 12 47 26 58 56 102 104 60 105 13 3 95 30 41 88 6 1 38 67 49 28 71 43 53 50 72 73 76 34 4 89 40 48 62 87 63 86 21 18 61 96 97 65 
0 19 31 77 90 23 79 55 107 24 29 27 54 92 46 17 8 9 75 85 7 35 20 11 59 22 42 25 70 44 37 45 83 109 68 94 81 93 5 32 51 2 69 82 36 78 33 14 57 80 66 52 106 108 64 84 103 100 39 101 74 99 10 15 98 16 91 12 47 26 58 56 102 104 60 105 13 3 95 30 41 88 6 1 38 67 49 28 71 43 53 50 72 73 76 34 4 89 40 48 62 87 63 86 21 18 61 96 97 65 
0 19 31 77 90 23 79 55 107 24 29 27 54 92 46 17 8 9 75 85 7 35 20 11 59 22 42 25 70 44 37 45 83 109 68 94 81 93 5 32 51 2 69 82 36 78 33 14 57 80 66 52 106 108 64 84 103 100 39 101 74 99 10 15 98 16 91 12 47 26 58 56 102 104 60 105 13 3 95 30 41 88 6 1 38 67 49 28 71 43 53 50 72 73 76 34 4 89 40 48 62 87 63 86 21 18 61 96 97 65 
0 19 31 77 90 23 79 55 107 24 29 27 54 92 46 17 8 9 75 85 7 35 20 11 59 22 42 25 70 44 37 45 83 109 68 94 81 93 5 32 51 2 69 82 36 78 33 14 57 80 66 52 106 108 64 84 103 100 39 101 74 99 10 15 98 16 91 12 47 26 58 56 102 104 60 105 13 3 95 30 41 88 6 1 38 67 49 28 71 43 53 50 72 73 76 34 4 89 40 48 62 87 63 86 21 18 61 96 97 65 
0 19 31 77 90 23 79 55 107 24 29 27 54 92 46 17 8 9 75 85 7 35 20 11 59 22 42 25 70 44 37 45 83 109 68 94 81 93 5 32 51 2 69 82 36 78 33 14 57 80 66 52 106 108 64 84 103 100 39 101 74 99 10 15 98 16 91 12 47 26 58 56 102 104 60 105 13 3 95 30 41 88 6 1 38 67 49 28 71 43 53 50 72 73 76 34 4 89 40 48 62 87 63 86 21 18 61 96 97 65 
0 19 31 77 90 23 79 55 107 24 29 27 54 92 46 17 8 9 75 85 7 35 20 11 59 22 42 25 70 44 37 45 83 109 68 94 81 93 5 32 51 2 69 82 36 78 33 14 57 80 66 52 106 108 64 84 103 100 39 101 74 99 10 15 98 16 91 12 47 26 58 56 102 104 60 105 13 3 95 30 41 88 6 1 38 67 49 28 71 43 53 50 72 73 76 34 4 89 40 48 62 87 63 86 21 18 61 96 97 65 
0 19 31 77 90 23 79 55 107 24 29 27 54 92 46 17 8 9 75 85 7 35 20 11 59 22 42 25 70 44 37 45 83 109 68 94 81 93 5 32 51 2 69 82 36 78 33 14 57 80 66 52 106 108 64 84 103 100 39 101 74 99 10 15 98 16 91 12 47 26 58 56 102 104 60 105 13 3 95 30 41 88 6 1 38 67 49 28 71 43 53 50 72 73 76 34 4 89 40 48 62 87 63 86 21 18 61 96 97 65 
0 19 31 77 90 23 79 55 107 24 29 27 54 92 46 17 8 9 75 85 7 35 20 11 59 22 42 25 70 44 37 45 83 109 68 94 81 93 5 32 51 2 69 82 36 78 33 14 57 80 66 52 106 108 64 84 103 100 39 101 74 99 10 15 98 16 91 12 47 26 58 56 102 104 60 105 13 3 95 30 41 88 6 1 38 67 49 28 71 43 53 50 72 73 76 34 4 89 40 48 62 87 63 86 21 18 61 96 97 65 
0 19 31 77 90 23 79 55 107 24 29 27 54 92 46 17 8 9 75 85 7 35 20 11 59 22 42 25 70 44 37 45 83 109 68 94 81 93 5 32 51 2 69 82 36 78 33 14 57 80 66 52 106 108 64 84 103 100 39 101 74 99 10 15 98 16 91 12 47 26 58 56 102 104 60 105 13 3 95 30 41 88 6 1 38 67 49 28 71 43 53 50 72 73 76 34 4 89 40 48 62 87 63 86 21 18 61 96 97 65 
0 19 31 77 90 23 79 55 107 24 29 27 54 92 46 17 8 9 75 85 7 35 20 11 59 22 42 25 70 44 37 45 83 109 68 94 81 93 5 32 51 2 69 82 36 78 33 14 57 80 66 52 106 108 64 84 103 100 39 101 74 99 10 15 98 16 91 12 47 26 58 56 102 104 60 105 13 3 95 30 41 88 6 1 38 67 49 28 71 43 53 50 72 73 76 34 4 89 40 48 62 87 63 86 21 18 61 96 97 65 
0 19 31 77 90 23 79 55 107 24 29 27 54 92 46 17 8 9 75 85 7 35 20 11 59 22 42 25 70 44 37 45 83 109 68 94 81 93 5 32 51 2 69 82 36 78 33 14 57 80 66 52 106 108 64 84 103 100 39 101 74 99 10 15 98 16 91 12 47 26 58 56 102 104 60 105 13 3 95 30 41 88 6 1 38 67 49 28 71 43 53 50 72 73 76 34 4 89 40 48 62 87 63 86 21 18 61 96 97 65 
0 19 31 77 90 23 79 55 107 24 29 27 54 92 46 17 8 9 75 85 7 35 20 11 59 22 42 25 70 44 37 45 83 109 68 94 81 93 5 32 51 2 69 82 36 78 33 14 57 80 66 52 106 108 64 84 103 100 39 101 74 99 10 15 98 16 91 12 47 26 58 56 102 104 60 105 13 3 95 30 41 88 6 1 38 67 49 28 71 43 53 50 72 73 76 34 4 89 40 48 62 87 63 86 21 18 61 96 97 65 
0 19 31 77 90 23 79 55 107 24 29 27 54 92 46 17 8 9 75 85 7 35 20 11 59 22 42 25 70 44 37 45 83 109 68 94 81 93 5 32 51 2 69 82 36 78 33 14 57 80 66 52 106 108 64 84 103 100 39 101 74 99 10 15 98 16 91 12 47 26 58 56 102 104 60 105 13 3 95 30 41 88 6 1 38 67 49 28 71 43 53 50 72 73 76 34 4 89 40 48 62 87 63 86 21 18 61 96 97 65 
0 19 31 77 90 23 79 55 107 24 29 27 54 92 46 17 8 9 75 85 7 35 20 11 59 22 42 25 70 44 37 45 83 109 68 94 81 93 5 32 51 2 69 82 36 78 33 14 57 80 66 52 106 108 64 84 103 100 39 101 74 99 10 15 98 16 91 12 47 26 58 56 102 104 60 105 13 3 95 30 41 88 6 1 38 67 49 28 71 43 53 50 72 73 76 34 4 89 40 48 62 87 63 86 21 18 61 96 97 65 
0 19 31 77 90 23 79 55 107 24 29 27 54 92 46 17 8 9 75 85 7 35 20 11 59 22 42 25 70 44 37 45 83 109 68 94 81 93 5 32 51 2 69 82 36 78 33 14 57 80 66 52 106 108 64 84 103 100 39 101 74 99 10 15 98 16 91 12 47 26 58 56 102 104 60 105 13 3 95 30 41 88 6 1 38 67 49 28 71 43 53 50 72 73 76 34 4 89 40 48 62 87 63 86 21 18 61 96 97 65 
0 19 31 77 90 23 79 55 107 24 29 27 54 92 46 17 8 9 75 85 7 35 20 11 59 22 42 25 70 44 37 45 83 109 68 94 81 93 5 32 51 2 69 82 36 78 33 14 57 80 66 52 106 108 64 84 103 100 39 101 74 99 10 15 98 16 91 12 47 26 58 56 102 104 60 105 13 3 95 30 41 88 6 1 38 67 49 28 71 43 53 50 72 73 76 34 4 89 40 48 62 87 63 86 21 18 61 96 97 65 
0 19 31 77 90 23 79 55 107 24 29 27 54 92 46 17 8 9 75 85 7 35 20 11 59 22 42 25 70 44 37 45 83 109 68 94 81 93 5 32 51 2 69 82 36 78 33 14 57 80 66 52 106 108 64 84 103 100 39 101 74 99 10 15 98 16 91 12 47 26 58 56 102 104 60 105 13 3 95 30 41 88 6 1 38 67 49 28 71 43 53 50 72 73 76 34 4 89 40 48 62 87 63 86 21 18 61 96 97 65 
0 19 31 77 90 23 79 55 107 24 29 27 54 92 46 17 8 9 75 85 7 35 20 11 59 22 42 25 70 44 37 45 83 109 68 94 81 93 5 32 51 2 69 82 36 78 33 14 57 80 66 52 106 108 64 84 103 100 39 101 74 99 10 15 98 16 91 12 47 26 58 56 102 104 60 105 13 3 95 30 41 88 6 1 38 67 49 28 71 43 53 50 72 73 76 34 4 89 40 48 62 87 63 86 21 18 61 96 97 65 
0 19 31 77 90 23 79 55 107 24 29 27 54 92 46 17 8 9 75 85 7 35 20 11 59 22 42 25 70 44 37 45 83 109 68 94 81 93 5 32 51 2 69 82 36 78 33 14 57 80 66 52 106 108 64 84 103 100 39 101 74 99 10 15 98 16 91 12 47 26 58 56 102 104 60 105 13 3 95 30 41 88 6 1 38 67 49 28 71 43 53 50 72 73 76 34 4 89 40 48 62 87 63 86 21 18 61 96 97 65 
0 19 31 77 90 23 79 55 107 24 29 27 54 92 46 17 8 9 75 85 7 35 20 11 59 22 42 25 70 44 37 45 83 109 68 94 81 93 5 32 51 2 69 82 36 78 33 14 57 80 66 52 106 108 64 84 103 100 39 101 74 99 10 15 98 16 91 12 47 26 58 56 102 104 60 105 13 3 95 30 41 88 6 1 38 67 49 28 71 43 53 50 72 73 76 34 4 89 40 48 62 87 63 86 21 18 61 96 97 65 
0 19 31 77 90 23 79 55 107 24 29 27 54 92 46 17 8 9 75 85 7 35 20 11 59 22 42 25 70 44 37 45 83 109 68 94 81 93 5 32 51 2 69 82 36 78 33 14 57 80 66 52 106 108 64 84 103 100 39 101 74 99 10 15 98 16 91 12 47 26 58 56 102 104 60 105 13 3 95 30 41 88 6 1 38 67 49 28 71 43 53 50 72 73 76 34 4 89 40 48 62 87 63 86 21 18 61 96 97 65 
0 19 31 77 90 23 79 55 107 24 29 27 54 92 46 17 8 9 75 85 7 35 20 11 59 22 42 25 70 44 37 45 83 109 68 94 81 93 5 32 51 2 69 82 36 78 33 14 57 80 66 52 106 108 64 84 103 100 39 101 74 99 10 15 98 16 91 12 47 26 58 56 102 104 60 105 13 3 95 30 41 88 6 1 38 67 49 28 71 43 53 50 72 73 76 34 4 89 40 48 62 87 63 86 21 18 61 96 97 65 
0 19 31 77 90 23 79 55 107 24 29 27 54 92 46 17 8 9 75 85 7 35 20 11 59 22 42 25 70 44 37 45 83 109 68 94 81 93 5 32 51 2 69 82 36 78 33 14 57 80 66 52 106 108 64 84 103 100 39 101 74 99 10 15 98 16 91 12 47 26 58 56 102 104 60 105 13 3 95 30 41 88 6 1 38 67 49 28 71 43 53 50 72 73 76 34 4 89 40 48 62 87 63 86 21 18 61 96 97 65 
0 19 31 77 90 23 79 55 107 24 29 27 54 92 46 17 8 9 75 85 7 35 20 11 59 22 42 25 70 44 37 45 83 109 68 94 81 93 5 32 51 2 69 82 36 78 33 14 57 80 66 52 106 108 64 84 103 100 39 101 74 99 10 15 98 16 91 12 47 26 58 56 102 104 60 105 13 3 95 30 41 88 6 1 38 67 49 28 71 43 53 50 72 73 76 34 4 89 40 48 62 87 63 86 21 18 61 96 97 65 
0 19 31 77 90 23 79 55 107 24 29 27 54 92 46 17 8 9 75 85 7 35 20 11 59 22 42 25 70 44 37 45 83 109 68 94 81 93 5 32 51 2 69 82 36 78 33 14 57 80 66 52 106 108 64 84 103 100 39 101 74 99 10 15 98 16 91 12 47 26 58 56 102 104 60 105 13 3 95 30 41 88 6 1 38 67 49 28 71 43 53 50 72 73 76 34 4 89 40 48 62 87 63 86 21 18 61 96 97 65 
0 19 31 77 90 23 79 55 107 24 29 27 54 92 46 17 8 9 75 85 7 35 20 11 59 22 42 25 70 44 37 45 83 109 68 94 81 93 5 32 51 2 69 82 36 78 33 14 57 80 66 52 106 108 64 84 103 100 39 101 74 99 10 15 98 16 91 12 47 26 58 56 102 104 60 105 13 3 95 30 41 88 6 1 38 67 49 28 71 43 53 50 72 73 76 34 4 89 40 48 62 87 63 86 21 18 61 96 97 65 
0 19 31 77 90 23 79 55 107 24 29 27 54 92 46 17 8 9 75 85 7 35 20 11 59 22 42 25 70 44 37 45 83 109 68 94 81 93 5 32 51 2 69 82 36 78 33 14 57 80 66 52 106 108 64 84 103 100 39 101 74 99 10 15 98 16 91 12 47 26 58 56 102 104 60 105 13 3 95 30 41 88 6 1 38 67 49 28 71 43 53 50 72 73 76 34 4 89 40 48 62 87 63 86 21 18 61 96 97 65 
0 19 31 77 90 23 79 55 107 24 29 27 54 92 46 17 8 9 75 85 7 35 20 11 59 22 42 25 70 44 37 45 83 109 68 94 81 93 5 32 51 2 69 82 36 78 33 14 57 80 66 52 106 108 64 84 103 100 39 101 74 99 10 15 98 16 91 12 47 26 58 56 102 104 60 105 13 3 95 30 41 88 6 1 38 67 49 28 71 43 53 50 72 73 76 34 4 89 40 48 62 87 63 86 21 18 61 96 97 65 
0 19 31 77 90 23 79 55 107 24 29 27 54 92 46 17 8 9 75 85 7 35 20 11 59 22 42 25 70 44 37 45 83 109 68 94 81 93 5 32 51 2 69 82 36 78 33 14 57 80 66 52 106 108 64 84 103 100 39 101 74 99 10 15 98 16 91 12 47 26 58 56 102 104 60 105 13 3 95 30 41 88 6 1 38 67 49 28 71 43 53 50 72 73 76 34 4 89 40 48 62 87 63 86 21 18 61 96 97 65 
0 19 31 77 90 23 79 55 107 24 29 27 54 92 46 17 8 9 75 85 7 35 20 11 59 22 42 25 70 44 37 45 83 109 68 94 81 93 5 32 51 2 69 82 36 78 33 14 57 80 66 52 106 108 64 84 103 100 39 101 74 99 10 15 98 16 91 12 47 26 58 56 102 104 60 105 13 3 95 30 41 88 6 1 38 67 49 28 71 43 53 50 72 73 76 34 4 89 40 48 62 87 63 86 21 18 61 96 97 65 
0 19 31 77 90 23 79 55 107 24 29 27 54 92 46 17 8 9 75 85 7 35 20 11 59 22 42 25 70 44 37 45 83 109 68 94 81 93 5 32 51 2 69 82 36 78 33 14 57 80 66 52 106 108 64 84 103 100 39 101 74 99 10 15 98 16 91 12 47 26 58 56 102 104 60 105 13 3 95 30 41 88 6 1 38 67 49 28 71 43 53 50 72 73 76 34 4 89 40 48 62 87 63 86 21 18 61 96 97 65 
0 19 31 77 90 23 79 55 107 24 29 27 54 92 46 17 8 9 75 85 7 35 20 11 59 22 42 25 70 44 37 45 83 109 68 94 81 93 5 32 51 2 69 82 36 78 33 14 57 80 66 52 106 108 64 84 103 100 39 101 74 99 10 15 98 16 91 12 47 26 58 56 102 104 60 105 13 3 95 30 41 88 6 1 38 67 49 28 71 43 53 50 72 73 76 34 4 89 40 48 62 87 63 86 21 18 61 96 97 65 
0 19 31 77 90 23 79 55 107 24 29 27 54 92 46 17 8 9 75 85 7 35 20 11 59 22 42 25 70 44 37 45 83 109 68 94 81 93 5 32 51 2 69 82 36 78 33 14 57 80 66 52 106 108 64 84 103 100 39 101 74 99 10 15 98 16 91 12 47 26 58 56 102 104 60 105 13 3 95 30 41 88 6 1 38 67 49 28 71 43 53 50 72 73 76 34 4 89 40 48 62 87 63 86 21 18 61 96 97 65 
0 19 31 77 90 23 79 55 107 24 29 27 54 92 46 17 8 9 75 85 7 35 20 11 59 22 42 25 70 44 37 45 83 109 68 94 81 93 5 32 51 2 69 82 36 78 33 14 57 80 66 52 106 108 64 84 103 100 39 101 74 99 10 15 98 16 91 12 47 26 58 56 102 104 60 105 13 3 95 30 41 88 6 1 38 67 49 28 71 43 53 50 72 73 76 34 4 89 40 48 62 87 63 86 21 18 61 96 97 65 
0 19 31 77 90 23 79 55 107 24 29 27 54 92 46 17 8 9 75 85 7 35 20 11 59 22 42 25 70 44 37 45 83 109 68 94 81 93 5 32 51 2 69 82 36 78 33 14 57 80 66 52 106 108 64 84 103 100 39 101 74 99 10 15 98 16 91 12 47 26 58 56 102 104 60 105 13 3 95 30 41 88 6 1 38 67 49 28 71 43 53 50 72 73 76 34 4 89 40 48 62 87 63 86 21 18 61 96 97 65 
0 19 31 77 90 23 79 55 107 24 29 27 54 92 46 17 8 9 75 85 7 35 20 11 59 22 42 25 70 44 37 45 83 109 68 94 81 93 5 32 51 2 69 82 36 78 33 14 57 80 66 52 106 108 64 84 103 100 39 101 74 99 10 15 98 16 91 12 47 26 58 56 102 104 60 105 13 3 95 30 41 88 6 1 38 67 49 28 71 43 53 50 72 73 76 34 4 89 40 48 62 87 63 86 21 18 61 96 97 65 
0 19 31 77 90 23 79 55 107 24 29 27 54 92 46 17 8 9 75 85 7 35 20 11 59 22 42 25 70 44 37 45 83 109 68 94 81 93 5 32 51 2 69 82 36 78 33 14 57 80 66 52 106 108 64 84 103 100 39 101 74 99 10 15 98 16 91 12 47 26 58 56 102 104 60 105 13 3 95 30 41 88 6 1 38 67 49 28 71 43 53 50 72 73 76 34 4 89 40 48 62 87 63 86 21 18 61 96 97 65 
0 19 31 77 90 23 79 55 107 24 29 27 54 92 46 17 8 9 75 85 7 35 20 11 59 22 42 25 70 44 37 45 83 109 68 94 81 93 5 32 51 2 69 82 36 78 33 14 57 80 66 52 106 108 64 84 103 100 39 101 74 99 10 15 98 16 91 12 47 26 58 56 102 104 60 105 13 3 95 30 41 88 6 1 38 67 49 28 71 43 53 50 72 73 76 34 4 89 40 48 62 87 63 86 21 18 61 96 97 65 
0 19 31 77 90 23 79 55 107 24 29 27 54 92 46 17 8 9 75 85 7 35 20 11 59 22 42 25 70 44 37 45 83 109 68 94 81 93 5 32 51 2 69 82 36 78 33 14 57 80 66 52 106 108 64 84 103 100 39 101 74 99 10 15 98 16 91 12 47 26 58 56 102 104 60 105 13 3 95 30 41 88 6 1 38 67 49 28 71 43 53 50 72 73 76 34 4 89 40 48 62 87 63 86 21 18 61 96 97 65 
0 19 31 77 90 23 79 55 107 24 29 27 54 92 46 17 8 9 75 85 7 35 20 11 59 22 42 25 70 44 37 45 83 109 68 94 81 93 5 32 51 2 69 82 36 78 33 14 57 80 66 52 106 108 64 84 103 100 39 101 74 99 10 15 98 16 91 12 47 26 58 56 102 104 60 105 13 3 95 30 41 88 6 1 38 67 49 28 71 43 53 50 72 73 76 34 4 89 40 48 62 87 63 86 21 18 61 96 97 65 
0 19 31 77 90 23 79 55 107 24 29 27 54 92 46 17 8 9 75 85 7 35 20 11 59 22 42 25 70 44 37 45 83 109 68 94 81 93 5 32 51 2 69 82 36 78 33 14 57 80 66 52 106 108 64 84 103 100 39 101 99 74 10 15 98 16 91 12 47 26 58 56 102 104 60 105 13 3 95 30 41 88 6 1 38 67 49 28 71 43 53 50 72 73 76 34 4 89 40 48 62 87 63 86 21 18 61 96 97 65 
0 19 31 77 90 23 79 55 107 24 29 27 54 92 46 17 8 9 75 85 7 35 20 11 59 22 42 25 70 44 37 45 83 109 68 94 81 93 5 32 51 2 69 82 36 78 33 14 57 80 66 52 106 108 64 84 103 100 39 101 74 99 10 15 98 16 91 12 47 26 58 56 102 104 60 105 13 3 95 30 41 88 6 1 38 67 49 28 71 43 53 50 72 76 34 73 4 89 40 48 62 87 63 86 21 18 61 96 97 65 
0 19 31 77 90 23 79 55 107 24 29 27 54 92 46 17 8 9 75 85 7 35 20 25 42 22 59 11 70 44 37 45 83 109 68 94 81 93 5 32 51 2 69 82 36 78 33 14 57 80 66 52 106 108 64 84 103 100 39 101 74 99 10 15 98 16 91 12 47 26 58 56 102 104 60 105 13 3 95 30 41 88 6 1 38 67 49 28 71 43 53 50 72 73 76 34 4 89 40 48 62 87 63 86 21 18 61 96 97 65 
0 19 31 77 90 23 79 55 107 24 29 27 54 92 46 17 8 9 75 85 7 35 20 11 59 22 42 25 70 44 37 45 83 109 68 94 81 93 5 32 51 2 69 82 36 78 33 14 57 80 66 52 106 108 64 84 103 100 39 101 74 99 10 15 98 16 91 12 47 26 58 56 102 104 60 105 13 3 95 30 41 88 6 1 38 67 49 28 71 43 53 50 72 73 76 34 4 89 40 48 62 87 63 86 21 61 18 96 97 65 
0 19 31 77 90 23 79 55 107 24 29 27 54 92 46 17 8 9 75 85 7 35 20 11 59 22 42 25 70 44 37 45 83 109 68 94 81 93 5 32 51 2 69 82 36 78 33 14 57 80 66 52 106 108 64 84 103 100 39 101 74 99 10 15 98 16 91 12 47 26 49 67 38 1 6 88 41 30 95 3 13 105 60 104 102 56 58 28 71 43 53 50 72 73 34 76 4 89 40 48 62 87 63 86 21 18 61 96 97 65 
0 19 31 77 90 23 79 55 107 24 29 27 54 92 46 17 8 9 75 85 7 35 20 11 59 22 42 25 5 93 81 94 68 109 83 45 37 44 70 32 51 2 69 82 36 78 33 14 57 80 66 52 106 108 64 84 103 100 39 101 74 99 10 15 98 16 91 12 47 26 58 56 102 104 60 105 13 3 95 30 41 88 6 1 38 67 49 28 71 43 53 50 72 73 76 34 4 89 40 48 62 87 63 86 21 18 61 96 97 65 
0 19 31 77 90 23 79 55 107 24 29 27 54 92 46 17 8 9 75 85 7 35 20 11 59 22 42 25 70 44 37 45 83 109 68 94 81 93 5 32 51 2 69 82 36 78 33 14 57 80 66 52 106 108 64 84 103 100 39 101 74 99 10 15 98 16 91 12 47 26 58 56 102 104 105 13 3 95 30 41 88 6 1 60 38 67 49 28 71 43 53 50 72 73 76 34 4 89 40 48 62 87 63 86 21 18 61 96 97 65 
0 19 31 77 90 23 79 55 107 24 29 27 54 92 46 17 8 9 75 85 7 35 20 11 59 22 42 25 70 44 37 45 83 109 68 94 81 93 5 32 51 2 69 82 36 78 33 14 57 80 66 52 106 108 64 84 103 100 39 101 74 99 10 15 98 16 91 12 47 26 58 56 102 104 105 13 3 95 30 41 88 60 6 1 38 67 49 28 71 43 53 50 72 73 76 34 4 89 40 48 62 87 63 86 21 18 61 96 97 65 
0 19 31 77 90 23 79 55 107 24 29 27 54 92 46 17 8 9 75 85 7 35 20 11 59 22 42 25 70 44 37 45 83 109 68 94 81 93 5 32 51 2 69 82 36 78 33 14 57 80 66 52 106 108 64 84 103 100 39 101 74 99 10 15 98 16 91 12 71 47 26 58 56 102 104 60 105 13 3 95 30 41 88 6 1 38 67 49 28 43 53 50 72 73 76 34 4 89 40 48 62 87 63 86 21 18 61 96 97 65 
0 19 31 77 90 23 79 55 107 24 29 27 54 92 46 17 8 9 75 85 7 35 20 11 59 22 42 25 70 44 83 45 37 109 68 94 81 93 5 32 51 2 69 82 36 78 33 14 57 80 66 52 106 108 64 84 103 100 39 101 74 99 10 15 98 16 91 12 47 26 58 56 102 104 60 105 13 3 95 30 41 88 6 1 38 67 49 28 71 43 53 50 72 73 76 34 4 89 40 48 62 87 63 86 21 18 61 96 97 65 
0 19 31 77 90 23 79 55 107 24 29 27 54 92 46 17 8 9 75 85 7 35 20 11 59 22 42 25 70 44 37 45 83 109 68 94 81 93 5 32 51 2 69 82 36 78 33 14 57 80 66 52 106 108 64 84 103 100 39 101 74 99 10 15 98 16 91 12 47 26 58 56 102 104 60 105 13 3 95 30 41 88 6 1 38 67 49 28 43 53 50 71 72 73 76 34 4 89 40 48 62 87 63 86 21 18 61 96 97 65 
0 19 31 77 90 23 79 55 107 24 29 27 54 92 46 17 8 9 75 85 7 35 20 11 59 22 42 25 70 44 37 45 83 109 68 94 81 93 5 32 51 2 69 82 36 78 33 14 57 80 66 52 106 108 64 84 103 100 39 101 74 99 10 15 98 16 91 12 47 26 58 56 102 104 60 105 3 95 30 41 88 6 1 38 67 13 49 28 71 43 53 50 72 73 76 34 4 89 40 48 62 87 63 86 21 18 61 96 97 65 
0 19 31 77 90 23 79 55 107 24 29 27 54 92 46 17 8 9 75 85 7 35 20 11 59 22 42 25 70 44 37 45 83 109 68 94 81 93 5 32 51 2 69 82 36 78 33 14 57 80 66 52 106 108 64 84 103 100 39 101 74 99 10 15 98 16 91 12 47 26 58 56 102 104 60 105 13 3 95 30 41 88 6 1 38 67 49 71 43 53 50 72 73 28 76 34 4 89 40 48 62 87 63 86 21 18 61 96 97 65 
0 19 31 77 90 23 79 55 107 24 29 27 54 92 46 17 8 9 75 85 7 35 20 11 59 22 42 25 70 44 37 45 83 109 68 94 81 93 5 32 51 2 69 82 36 78 33 14 57 80 66 52 106 108 64 84 103 100 39 101 74 99 10 15 16 91 12 47 26 58 56 102 104 60 105 13 3 95 30 41 88 6 1 38 67 49 98 28 71 43 53 50 72 73 76 34 4 89 40 48 62 87 63 86 21 18 61 96 97 65 
0 19 31 77 90 23 79 55 107 24 29 27 54 92 46 17 8 9 75 85 7 35 20 11 59 22 42 25 70 44 37 45 83 109 68 94 81 93 5 32 51 2 69 82 36 78 33 14 57 80 66 52 106 108 64 84 103 100 39 101 74 99 10 15 98 16 91 12 47 26 58 56 102 104 60 13 3 95 30 41 105 88 6 1 38 67 49 28 71 43 53 50 72 73 76 34 4 89 40 48 62 87 63 86 21 18 61 96 97 65 
0 19 31 77 90 23 79 55 107 24 29 27 54 92 46 17 8 9 75 85 7 35 20 11 59 22 42 25 70 44 37 45 83 109 68 94 81 93 5 32 51 2 69 82 36 78 33 14 57 80 66 106 108 64 84 103 100 39 101 74 99 10 15 98 16 91 12 47 26 58 56 52 102 104 60 105 13 3 95 30 41 88 6 1 38 67 49 28 71 43 53 50 72 73 76 34 4 89 40 48 62 87 63 86 21 18 61 96 97 65 
0 19 31 77 90 23 79 55 107 24 29 27 54 92 46 17 8 75 85 7 35 20 11 59 9 22 42 25 70 44 37 45 83 109 68 94 81 93 5 32 51 2 69 82 36 78 33 14 57 80 66 52 106 108 64 84 103 100 39 101 74 99 10 15 98 16 91 12 47 26 58 56 102 104 60 105 13 3 95 30 41 88 6 1 38 67 49 28 71 43 53 50 72 73 76 34 4 89 40 48 62 87 63 86 21 18 61 96 97 65 
0 19 31 77 90 23 79 55 107 24 29 27 54 92 46 17 8 9 75 85 7 35 20 11 59 22 42 25 70 44 37 45 83 109 68 94 81 93 5 32 51 2 69 82 36 78 33 14 57 80 66 52 106 108 64 84 103 100 39 101 74 99 10 15 98 71 43 53 50 16 91 12 47 26 58 56 102 104 60 105 13 3 95 30 41 88 6 1 38 67 49 28 72 73 76 34 4 89 40 48 62 87 63 86 21 18 61 96 97 65 
0 19 31 77 90 23 79 55 107 24 29 27 54 92 46 17 8 9 75 85 7 35 20 11 59 22 42 25 70 44 37 45 83 109 68 94 81 93 5 32 51 2 69 82 36 48 40 89 4 34 76 73 72 50 53 43 71 28 49 67 38 1 6 88 41 30 95 3 13 105 60 104 102 56 58 26 47 12 91 16 98 15 10 99 74 101 39 100 103 84 64 108 106 52 66 80 57 14 33 78 62 87 63 86 21 18 61 96 97 65 
0 19 31 77 90 23 79 55 107 24 29 27 54 92 46 17 8 9 75 85 7 35 20 11 59 22 42 25 70 44 37 45 83 109 68 94 93 5 32 51 2 69 82 36 78 81 33 14 57 80 66 52 106 108 64 84 103 100 39 101 74 99 10 15 98 16 91 12 47 26 58 56 102 104 60 105 13 3 95 30 41 88 6 1 38 67 49 28 71 43 53 50 72 73 76 34 4 89 40 48 62 87 63 86 21 18 61 96 97 65 
0 19 31 77 90 23 79 55 107 24 75 27 54 92 46 17 8 9 29 85 7 35 20 11 59 22 42 25 70 44 37 45 83 109 68 94 81 93 5 32 51 2 69 82 36 78 33 14 57 80 66 52 106 108 64 84 103 100 39 101 74 99 10 15 98 16 91 12 47 26 58 56 102 104 60 105 13 3 95 30 41 88 6 1 38 67 49 28 71 43 53 50 72 73 76 34 4 89 40 48 62 87 63 86 21 18 61 96 97 65 
0 19 31 77 90 23 79 55 107 24 29 27 54 92 46 17 8 9 75 85 7 35 20 11 59 22 42 25 70 44 37 45 83 109 68 94 81 93 5 32 51 2 69 82 36 78 33 14 57 80 66 52 106 108 64 84 103 100 39 101 74 99 10 15 98 16 91 12 47 26 58 56 102 104 60 41 13 3 95 30 105 88 6 1 38 67 49 28 71 43 53 50 72 73 76 34 4 89 40 48 62 87 63 86 21 18 61 96 97 65 
0 19 31 77 90 23 79 55 107 24 29 27 54 92 46 17 8 9 75 85 7 35 20 11 59 22 42 25 70 44 37 45 83 109 68 94 81 93 5 32 51 2 69 82 36 78 33 14 57 80 74 66 52 106 108 64 84 103 100 39 101 99 10 15 98 16 91 12 47 26 58 56 102 104 60 105 13 3 95 30 41 88 6 1 38 67 49 28 71 43 53 50 72 73 76 34 4 89 40 48 62 87 63 86 21 18 61 96 97 65 
0 19 31 77 90 23 79 55 107 24 29 27 54 92 46 17 8 9 75 85 7 35 20 11 59 22 42 25 70 44 37 45 83 109 68 94 81 93 5 32 51 2 34 48 40 89 4 76 73 72 50 53 43 71 28 49 67 38 1 6 88 41 30 95 3 13 105 60 104 102 56 58 26 47 12 91 16 98 15 10 99 74 101 39 100 103 84 64 108 106 52 66 80 57 14 33 78 36 82 69 62 87 63 86 21 18 61 96 97 65 
0 19 31 77 90 23 79 55 107 24 29 27 54 92 46 17 8 9 75 85 7 35 20 11 59 22 42 25 70 44 37 45 83 109 68 94 81 93 5 32 51 2 69 82 36 78 33 14 57 80 66 52 108 64 84 103 100 106 39 101 74 99 10 15 98 16 91 12 47 26 58 56 102 104 60 105 13 3 95 30 41 88 6 1 38 67 49 28 71 43 53 50 72 73 76 34 4 89 40 48 62 87 63 86 21 18 61 96 97 65 
0 19 31 77 90 23 79 55 107 24 29 27 54 92 46 17 8 9 75 25 7 35 20 11 59 22 42 85 70 44 37 45 83 109 68 94 81 93 5 32 51 2 69 82 36 78 33 14 57 80 66 52 106 108 64 84 103 100 39 101 74 99 10 15 98 16 91 12 47 26 58 56 102 104 60 105 13 3 95 30 41 88 6 1 38 67 49 28 71 43 53 50 72 73 76 34 4 89 40 48 62 87 63 86 21 18 61 96 97 65 
0 19 31 77 90 23 79 55 107 24 29 27 54 92 46 17 8 9 75 85 7 35 20 11 59 22 42 25 70 44 37 45 83 109 68 94 81 93 5 32 51 103 69 82 36 78 33 14 57 80 66 52 106 108 64 84 2 100 39 101 74 99 10 15 98 16 91 12 47 26 58 56 102 104 60 105 13 3 95 30 41 88 6 1 38 67 49 28 71 43 53 50 72 73 76 34 4 89 40 48 62 87 63 86 21 18 61 96 97 65 
0 19 31 77 90 23 79 55 107 24 29 27 54 92 46 17 8 9 75 85 7 35 20 11 59 22 42 25 70 44 37 45 83 109 68 94 81 93 5 32 51 2 69 82 36 78 33 14 57 80 66 52 106 108 64 84 103 100 39 101 74 99 10 15 98 16 91 12 47 26 58 56 102 104 60 105 13 3 95 30 41 88 6 1 38 67 89 49 28 71 43 53 50 72 73 76 34 4 40 48 62 87 63 86 21 18 61 96 97 65 
0 19 31 77 90 23 79 55 107 24 29 27 54 92 46 17 8 9 75 85 7 35 20 25 59 22 42 11 70 44 37 45 83 109 68 94 81 93 5 32 51 2 69 82 36 78 33 14 57 66 52 106 108 64 84 103 80 100 39 101 74 99 10 15 98 16 91 12 47 26 58 56 102 104 60 105 13 3 95 30 41 88 6 1 38 67 49 28 71 43 53 50 72 73 76 34 4 89 40 48 62 87 63 86 21 18 61 96 97 65 
0 19 31 77 65 23 79 55 107 24 29 27 54 92 46 17 8 9 75 85 7 35 20 11 59 22 42 25 70 44 37 45 83 109 68 94 81 93 5 32 51 2 69 82 36 78 33 14 57 80 66 52 106 108 64 84 103 100 39 101 74 99 10 15 98 16 91 12 47 26 58 56 102 104 60 105 13 3 95 30 41 88 6 1 38 67 49 28 71 43 53 50 72 73 76 34 4 89 40 48 62 87 63 86 21 18 61 96 97 90 
0 19 31 77 90 23 79 55 107 24 29 27 54 92 46 17 8 9 75 85 7 35 20 11 59 22 42 25 70 44 37 45 83 109 68 94 81 93 5 32 51 2 69 82 36 78 33 14 57 80 66 52 106 108 64 84 103 100 39 101 74 99 10 15 98 16 91 12 47 26 40 89 4 34 76 73 72 50 53 43 71 28 49 67 38 1 6 88 41 30 95 3 13 105 60 104 102 56 58 48 62 87 63 86 21 18 61 96 97 65 
0 19 31 77 90 23 79 55 107 24 29 27 54 92 46 17 8 9 75 85 7 35 20 11 59 22 42 25 70 44 37 45 83 109 68 94 81 93 5 32 51 2 69 82 36 78 33 102 56 58 26 47 12 91 16 98 15 10 99 74 101 39 100 103 84 64 108 106 52 66 80 57 14 104 60 105 13 3 95 30 41 88 6 1 38 67 49 28 71 43 53 50 72 73 76 34 4 89 40 48 62 87 63 86 21 18 61 96 97 65 
0 19 31 77 90 23 79 55 107 24 29 27 54 92 46 17 8 9 75 85 7 35 20 11 59 22 42 25 70 44 37 45 83 109 68 94 81 93 5 32 51 2 69 82 36 78 33 14 57 80 66 52 106 108 64 84 103 100 39 101 74 99 10 15 98 16 91 12 47 26 58 56 102 104 60 105 13 3 95 30 43 41 88 6 1 38 71 53 50 67 49 28 72 73 76 34 4 89 40 48 62 87 63 86 21 18 61 96 97 65 
0 19 31 77 90 23 79 55 107 24 29 27 54 92 46 17 8 9 75 85 7 35 20 11 59 70 25 42 22 93 44 37 45 83 109 68 94 81 5 32 51 2 69 82 36 78 33 14 57 80 66 52 106 108 64 84 103 100 39 101 74 99 10 15 98 16 91 12 47 26 58 56 102 104 60 105 13 3 95 41 88 6 1 38 67 49 28 71 30 43 53 50 72 73 76 34 4 89 40 48 62 87 63 86 21 18 61 96 97 65 
0 19 31 77 90 23 79 55 107 24 29 27 54 92 46 17 8 9 75 85 7 35 20 11 59 22 42 25 70 44 37 45 83 109 68 94 81 93 5 32 51 2 69 82 36 78 33 14 57 80 66 52 106 108 64 84 103 100 39 101 74 99 10 15 98 16 91 12 47 26 58 56 102 104 60 105 13 3 95 30 41 88 6 1 38 67 49 43 53 50 72 73 28 76 34 4 89 40 71 48 62 87 63 86 21 18 61 96 97 65 
0 19 31 77 90 79 55 107 24 29 27 54 92 23 46 17 8 9 75 85 7 35 20 11 59 22 42 25 70 44 37 45 83 109 68 94 81 93 5 32 51 2 69 82 36 78 33 14 57 80 66 52 106 108 64 84 103 100 39 101 74 99 10 15 98 16 91 12 47 26 58 56 102 104 60 105 13 3 95 30 41 88 6 1 38 67 49 28 71 43 53 50 72 73 76 34 4 89 40 48 62 87 63 86 21 18 61 96 97 65 
0 19 31 77 90 23 79 55 107 24 29 27 54 92 46 17 8 9 75 85 7 35 20 11 42 22 59 25 70 44 37 45 83 109 68 94 81 93 5 32 51 2 69 82 36 78 33 14 57 80 66 52 106 108 64 84 103 100 39 101 74 99 10 15 98 16 12 47 26 58 56 102 104 60 105 13 3 95 30 41 88 6 1 38 67 49 28 71 43 53 50 72 73 76 34 4 89 40 91 48 62 87 63 86 21 18 61 96 97 65 
0 19 31 77 90 23 79 55 107 24 29 27 54 92 46 17 8 9 75 85 7 35 20 11 59 22 42 25 70 44 37 45 83 109 68 94 81 93 5 32 51 2 69 82 36 78 33 14 57 80 66 52 106 95 30 41 88 6 1 108 64 84 103 100 39 101 74 99 10 15 98 16 91 12 47 26 58 56 102 104 60 105 13 3 38 67 49 28 71 43 53 50 72 73 76 34 4 89 40 48 62 87 63 86 21 18 61 96 97 65 
0 19 31 77 90 23 79 55 107 24 29 27 54 92 46 17 8 9 75 85 7 35 20 11 59 22 42 25 70 44 45 83 109 68 94 81 93 5 32 51 2 69 82 36 78 33 14 57 80 66 52 106 108 64 84 103 100 39 101 74 99 10 15 98 16 91 12 47 26 58 56 102 104 60 105 13 3 95 30 41 88 6 1 38 67 49 28 71 43 53 50 72 37 73 76 34 4 89 40 48 62 87 63 86 21 18 61 96 97 65 
0 19 31 77 90 23 79 55 107 24 29 27 54 92 46 17 8 9 75 85 7 35 20 11 59 22 42 25 70 44 37 45 83 109 68 94 81 93 5 32 51 69 82 36 78 33 14 57 80 66 52 106 108 64 84 103 100 39 101 74 99 10 15 98 16 91 12 47 26 58 56 102 104 60 105 13 3 95 30 41 88 6 1 38 67 49 28 2 71 43 53 50 72 73 76 34 4 89 40 48 62 87 63 86 21 18 61 96 97 65 
0 19 31 77 90 23 79 55 107 24 29 27 54 92 46 17 8 9 75 85 7 35 20 11 59 22 42 25 70 44 37 45 83 109 68 94 81 93 5 32 51 2 69 82 36 78 33 14 57 80 66 52 106 108 64 84 103 100 39 101 74 99 10 15 98 16 91 12 47 26 58 56 102 104 60 105 13 3 95 30 41 88 6 1 38 67 49 28 71 43 53 50 72 73 76 34 4 89 40 48 62 87 63 86 21 18 61 97 96 65 
0 19 31 77 90 23 79 55 107 24 29 27 54 92 46 17 8 9 75 85 7 35 20 11 59 22 42 25 70 44 37 45 83 109 68 94 81 93 5 32 51 2 69 82 36 78 33 14 57 80 66 52 106 108 64 84 103 100 39 101 74 99 10 15 102 104 60 105 13 3 95 30 98 16 91 12 47 26 58 56 41 88 6 1 38 67 49 28 71 43 53 50 72 73 76 34 4 89 40 48 62 87 63 86 21 18 61 96 97 65 
0 19 31 77 90 23 79 55 107 24 29 27 54 92 46 17 8 9 75 85 45 35 20 11 59 22 42 25 70 44 37 7 83 109 68 94 81 93 5 32 51 2 69 82 36 78 33 14 57 80 66 52 106 108 64 84 103 100 39 101 74 99 10 15 98 16 91 12 47 26 58 56 102 104 60 105 13 3 95 30 41 88 6 1 38 67 49 28 71 43 53 50 72 73 76 34 4 89 40 48 62 87 63 86 21 18 61 96 97 65 
0 19 31 77 90 23 79 55 107 24 29 27 54 92 46 17 8 9 75 85 7 35 20 11 59 22 42 25 70 44 37 45 83 109 68 94 81 93 5 32 51 2 69 82 36 78 33 14 57 80 66 102 56 58 26 47 12 91 16 72 50 53 71 43 28 49 67 38 1 6 88 41 30 95 3 13 105 60 104 52 106 108 64 84 103 100 39 101 74 99 10 15 98 73 76 34 4 89 40 48 62 87 63 86 21 18 61 96 97 65 
0 19 31 77 90 23 79 55 107 24 29 27 54 92 46 17 8 9 75 85 7 35 20 11 59 22 42 25 70 44 37 45 83 109 68 94 81 93 5 32 51 2 69 82 36 78 33 14 57 80 66 52 106 108 64 84 100 39 101 74 99 10 15 98 16 91 12 47 26 58 56 102 104 60 103 105 13 3 95 30 41 88 6 1 38 67 49 28 71 43 53 50 72 73 76 34 4 89 40 48 62 87 63 86 21 18 61 96 97 65 
0 19 31 77 90 23 79 55 107 24 29 27 54 92 46 17 8 9 75 85 7 35 20 11 59 22 42 25 70 44 37 45 83 109 68 94 81 93 5 32 51 2 69 82 36 78 33 14 57 80 66 52 106 108 64 84 103 100 39 101 74 99 10 15 98 16 91 12 47 26 58 56 102 89 4 34 76 73 72 50 53 43 71 28 49 67 38 1 6 88 41 30 95 3 13 105 60 104 40 48 62 87 63 86 21 18 61 96 97 65 
0 19 31 77 90 23 79 55 107 24 29 27 54 92 46 17 8 9 75 85 7 35 20 11 59 22 42 25 70 44 37 45 83 109 68 94 81 93 5 32 51 2 69 82 36 78 33 14 57 80 66 52 106 108 64 84 103 100 39 101 74 99 10 15 98 16 91 12 47 26 58 56 102 104 60 105 13 3 95 30 41 88 6 1 38 67 49 28 71 43 53 50 72 73 76 34 4 40 48 62 87 63 86 21 18 89 61 96 97 65 
0 19 31 77 90 23 79 55 107 24 29 27 54 92 46 17 8 9 75 85 7 35 20 11 59 22 42 25 70 44 37 45 83 109 68 94 81 93 5 32 51 2 69 82 36 78 33 14 57 80 66 52 106 108 64 84 103 100 39 101 74 99 10 15 98 16 91 12 47 26 58 56 102 104 60 105 13 3 95 30 41 88 6 1 38 67 49 28 71 43 53 50 72 76 34 4 89 40 48 62 87 73 63 86 21 18 61 96 97 65 
0 19 31 77 90 23 79 55 107 24 29 27 54 92 46 17 8 9 75 85 7 35 20 11 59 22 42 25 70 44 37 45 83 109 68 94 81 93 5 32 51 2 69 82 36 78 33 14 57 80 66 52 106 108 64 84 103 100 39 101 74 99 10 15 98 16 105 12 47 26 58 56 102 104 95 3 13 91 60 30 41 88 6 1 38 67 49 28 71 43 53 50 72 73 76 34 4 89 40 48 62 87 63 86 21 18 61 96 97 65 
0 19 31 77 90 23 79 55 107 24 29 27 54 92 46 17 8 9 75 85 82 69 2 51 32 5 93 81 94 68 109 83 45 37 44 70 25 42 22 59 11 20 35 7 36 78 33 14 57 80 66 52 106 108 64 84 103 100 39 101 74 99 10 15 98 16 91 12 47 26 58 56 102 104 60 105 13 3 95 30 41 88 6 1 38 67 49 28 71 43 53 50 72 73 76 34 4 89 40 48 62 87 63 86 21 18 61 96 97 65 
0 19 31 77 90 23 79 55 107 24 29 27 54 92 46 17 8 9 75 85 7 35 20 11 59 22 42 25 70 44 37 45 83 109 68 94 81 93 5 32 51 2 69 82 36 78 33 14 57 80 66 56 106 108 64 84 103 100 39 101 74 99 10 15 98 16 91 12 47 26 58 102 104 60 105 13 3 95 30 41 1 88 6 38 67 49 28 71 43 53 50 72 73 76 34 4 89 52 40 48 62 87 63 21 86 18 61 96 97 65 
0 19 31 77 90 23 79 55 107 24 29 27 54 92 46 17 8 9 75 85 7 35 20 11 59 22 42 25 70 44 37 45 83 109 68 94 81 93 71 28 49 67 38 1 6 88 41 30 95 3 13 105 60 104 102 56 58 26 47 12 91 16 98 15 10 99 74 101 39 100 103 84 64 108 106 52 66 80 57 14 33 78 36 82 69 2 51 32 5 43 53 50 72 73 76 34 4 89 40 48 62 87 63 86 21 18 61 96 97 65 
0 19 31 77 90 23 79 55 107 24 29 27 54 92 46 17 8 9 75 85 7 35 20 11 59 22 42 25 70 44 37 45 83 109 68 94 81 93 5 32 51 2 69 82 36 78 33 14 57 80 66 52 106 108 64 84 103 100 39 101 74 99 89 15 98 16 10 91 12 47 26 58 56 102 104 60 105 13 3 95 30 41 88 6 1 38 67 49 28 71 43 53 50 72 73 76 34 4 40 48 62 87 63 86 21 18 61 96 97 65 
0 19 31 77 90 23 79 55 107 24 29 27 54 92 46 17 8 9 75 85 7 35 20 11 59 22 42 25 70 44 37 45 83 109 68 94 81 93 5 32 51 2 69 82 36 64 33 14 57 80 66 52 106 108 78 84 103 100 39 101 74 99 10 15 98 16 89 91 12 47 26 58 56 102 104 60 105 13 3 95 30 41 88 6 1 38 67 49 28 71 43 53 50 72 73 76 34 4 40 48 62 87 63 86 21 18 61 96 97 65 
0 19 31 77 90 23 79 55 107 24 29 27 54 92 46 17 8 9 75 85 7 35 20 11 59 22 42 25 70 44 37 45 53 43 71 28 49 38 1 6 88 41 30 95 3 13 105 60 104 102 56 58 26 47 12 91 16 98 15 10 99 74 101 39 100 103 84 64 108 106 52 67 66 80 57 14 33 78 36 82 69 2 51 32 5 93 81 94 68 109 83 50 72 73 76 34 4 89 40 48 62 87 63 86 21 18 61 96 97 65 
0 19 31 77 90 23 79 55 107 24 29 27 54 92 46 17 8 9 75 85 7 35 20 11 59 22 42 25 70 44 37 45 53 43 71 28 49 38 1 6 88 41 30 95 3 13 105 60 104 102 56 58 26 47 12 91 16 98 15 10 99 74 101 39 100 103 84 64 108 106 52 67 66 80 57 14 33 78 36 82 69 2 51 32 5 93 81 94 68 109 83 50 72 73 76 34 4 89 40 48 62 87 63 86 21 18 61 96 97 65 
0 19 31 77 90 23 79 55 107 24 29 27 54 92 46 17 8 9 75 85 7 35 20 11 59 22 42 25 70 44 37 45 83 109 68 94 81 93 5 32 51 2 69 82 36 78 33 14 57 80 66 52 106 108 64 84 103 100 39 101 74 99 10 15 98 16 91 12 47 72 58 56 102 104 60 105 13 3 95 30 41 88 6 1 38 67 49 28 71 43 53 50 26 73 76 34 4 89 40 48 62 87 63 86 21 18 61 96 97 65 
0 19 31 77 90 23 79 55 107 24 29 27 54 83 45 37 44 70 25 42 22 59 11 20 35 7 85 75 9 8 17 46 92 109 68 94 81 93 5 32 51 2 69 82 36 78 33 14 57 80 66 52 106 108 64 84 103 100 39 101 74 99 10 15 98 16 91 12 47 26 58 56 102 104 60 105 13 3 95 30 41 88 6 1 38 67 49 28 71 43 53 50 72 73 76 34 4 89 40 48 62 87 63 86 21 18 61 96 97 65 
0 19 31 77 90 23 79 55 107 24 29 27 54 92 46 17 8 9 75 85 7 35 20 11 59 22 42 25 70 44 37 45 83 109 68 94 81 93 32 51 2 69 82 36 78 33 14 57 80 66 52 106 108 64 84 103 100 39 101 74 99 10 15 98 16 5 91 12 47 26 58 56 102 104 60 105 13 3 95 30 41 88 6 1 38 67 49 28 71 43 53 50 72 73 76 34 4 89 40 48 62 87 63 86 21 18 61 96 97 65 
0 19 31 77 90 23 79 55 107 24 29 27 54 92 46 17 8 9 75 85 7 35 20 11 59 22 42 25 70 44 37 45 83 109 68 94 81 93 5 32 51 2 69 82 36 78 33 14 57 80 66 52 106 108 64 84 103 100 39 101 74 10 15 98 16 91 12 47 26 58 56 102 104 60 105 13 3 99 95 30 41 88 6 1 38 67 49 28 71 43 53 50 72 73 76 34 4 89 40 48 62 87 63 86 21 18 61 96 97 65 
0 19 31 77 90 23 79 55 107 24 29 27 54 92 46 17 8 9 75 85 7 35 20 11 59 22 42 25 70 44 37 45 83 109 68 94 81 93 5 32 51 2 69 82 36 78 33 14 57 80 66 52 106 108 64 84 103 100 39 101 74 99 10 15 98 4 91 12 47 26 58 56 102 104 60 105 13 3 95 30 41 88 6 1 38 67 49 28 71 43 53 50 72 73 76 34 16 89 40 48 62 87 63 86 21 18 61 96 97 65 
0 19 31 77 90 23 79 55 107 24 29 27 54 92 46 17 8 9 75 85 7 35 20 11 59 22 42 25 70 44 37 45 83 109 68 94 81 93 5 32 51 2 69 82 36 78 33 14 57 80 66 52 106 108 64 84 103 100 39 101 74 99 10 15 98 16 91 12 47 26 58 56 102 104 60 105 13 3 95 30 41 88 6 1 38 67 49 28 71 43 53 50 72 73 76 34 4 89 40 48 62 87 86 21 18 61 96 97 63 65 
0 19 31 77 90 23 79 55 107 24 29 27 54 92 46 17 8 9 75 85 7 35 20 11 59 22 42 25 70 44 37 45 83 109 68 94 81 93 5 32 51 2 69 82 36 78 33 14 80 66 52 106 108 64 84 103 100 39 101 74 99 10 15 98 16 91 12 47 26 58 56 102 104 60 105 13 3 95 30 41 88 6 1 38 67 49 28 71 43 53 50 72 73 76 34 4 89 40 48 62 87 57 63 86 21 18 61 96 97 65 
0 19 31 77 90 23 79 55 107 24 29 27 54 92 46 17 8 9 75 85 7 35 20 11 59 22 42 25 70 44 37 45 83 109 68 94 81 103 5 32 51 2 69 82 36 78 33 14 57 80 66 52 106 108 64 84 93 100 39 101 74 99 10 15 98 16 91 12 47 26 58 56 102 104 60 105 13 3 95 30 41 88 6 1 38 67 49 28 71 43 53 50 72 73 76 34 4 89 40 48 62 87 63 86 21 18 61 96 97 65 
0 19 31 77 90 23 79 55 107 24 29 27 54 92 46 17 8 9 75 85 7 35 20 11 59 22 42 25 70 44 37 45 83 109 68 94 81 93 5 32 51 2 69 82 36 78 33 14 57 80 102 56 58 26 47 12 91 16 98 15 66 52 106 108 64 84 103 100 39 101 74 99 10 104 60 13 3 95 30 41 105 88 6 1 38 67 49 28 71 43 53 50 72 73 76 34 4 89 40 48 62 87 63 86 21 18 61 96 97 65 
0 19 31 77 90 23 79 55 107 24 29 27 54 92 46 17 8 9 75 85 7 35 20 11 59 22 42 25 70 44 37 45 83 109 68 58 26 47 12 91 16 98 94 81 93 5 32 51 2 69 82 36 78 33 14 57 80 66 52 106 108 64 84 103 100 39 101 74 99 10 15 56 102 104 60 105 13 3 95 30 41 88 6 1 38 67 49 28 71 43 53 50 72 73 76 34 4 89 40 48 62 87 63 86 21 18 61 96 97 65 
0 19 31 77 90 23 79 55 107 24 29 27 54 92 46 17 8 9 75 85 7 35 20 11 59 22 42 25 70 44 37 45 83 109 68 94 81 93 5 32 51 2 71 43 53 50 33 14 57 80 69 82 36 78 66 52 106 108 64 84 103 100 39 101 74 99 10 15 98 16 91 12 47 26 58 56 102 104 60 105 13 3 95 30 41 88 6 1 38 67 49 28 72 73 76 34 4 89 40 48 62 87 63 86 21 18 61 96 97 65 
0 19 31 77 90 23 79 55 107 24 29 27 54 92 46 17 8 9 75 85 7 35 20 11 59 22 42 25 70 44 37 45 83 109 68 94 81 93 5 32 51 2 69 82 36 78 33 14 57 80 66 52 106 108 64 84 103 100 39 101 74 99 10 15 98 16 91 12 47 26 58 56 102 104 60 105 13 3 95 30 41 88 6 1 38 67 49 28 71 43 53 50 72 48 62 87 63 89 40 73 76 34 4 86 21 18 61 96 97 65 
0 19 31 77 90 23 79 55 107 24 29 27 54 92 46 17 8 9 103 84 64 108 106 52 66 80 57 14 33 78 36 82 69 2 51 32 5 93 81 94 68 109 83 45 37 44 70 25 42 22 59 11 20 35 7 85 75 100 39 101 74 99 10 15 98 16 91 12 47 26 58 56 102 104 60 105 13 3 95 30 41 88 6 1 38 67 49 28 71 43 53 50 72 73 76 34 4 89 40 48 62 87 63 86 21 18 61 96 97 65 
0 19 31 77 90 23 79 55 107 24 29 27 54 92 46 17 8 9 75 85 7 35 20 11 59 22 42 25 70 44 37 45 83 109 68 94 81 93 5 32 51 2 69 82 36 78 33 57 80 66 3 14 52 106 108 64 84 103 100 39 101 74 99 10 15 98 16 91 12 47 26 58 56 102 104 60 105 95 30 13 41 88 6 1 38 67 49 28 71 43 53 50 72 73 76 34 4 89 40 48 62 87 63 86 21 18 61 96 97 65 
0 19 31 77 90 23 79 55 107 24 29 54 92 46 17 8 9 75 85 7 35 20 11 59 22 42 25 70 44 37 45 83 109 68 94 81 93 5 32 51 27 2 69 82 36 78 33 14 57 80 66 52 106 108 64 84 103 100 39 101 74 99 10 15 98 16 91 12 47 26 58 56 102 104 60 105 13 3 95 30 41 88 6 1 38 67 49 28 71 43 53 50 72 73 76 34 4 89 40 48 62 87 63 86 21 18 61 96 97 65 
0 19 31 77 90 23 79 55 107 24 29 27 54 92 46 17 8 9 75 85 7 35 20 11 59 22 42 25 70 44 37 45 83 109 68 94 81 93 5 32 51 2 69 82 36 78 33 14 57 80 66 52 106 108 64 84 103 100 39 101 74 99 10 15 98 16 91 12 47 26 58 56 102 104 60 105 13 3 95 30 41 6 1 38 67 49 28 71 43 53 50 72 73 76 34 4 89 40 48 62 87 63 86 88 21 18 61 96 97 65 
0 19 31 77 90 23 79 55 107 24 29 27 54 92 46 17 8 9 75 85 7 35 20 11 59 22 42 25 70 44 37 45 83 109 68 94 81 93 5 32 51 2 69 82 36 78 33 14 57 80 66 76 106 108 64 84 103 100 39 101 74 99 10 98 16 91 12 47 26 58 56 102 104 60 105 13 3 95 30 41 88 6 1 15 38 67 49 28 71 43 53 50 72 73 52 34 4 89 40 48 62 87 63 86 21 18 61 96 97 65 
0 19 31 77 90 23 79 55 107 24 29 27 54 92 46 17 8 9 75 85 7 35 20 11 59 22 42 25 70 44 37 45 83 109 68 94 81 93 5 32 51 2 69 15 10 99 74 101 39 100 103 84 64 108 106 52 66 80 57 14 38 1 6 88 41 30 95 3 13 105 60 104 102 56 58 26 47 12 91 16 98 82 36 78 33 67 49 28 71 43 53 50 72 73 34 76 4 89 40 48 62 87 63 86 21 18 61 96 97 65 
0 19 31 77 90 23 79 55 107 24 29 27 54 92 46 17 8 9 75 85 7 35 20 11 59 22 42 25 70 44 37 45 83 109 68 94 81 93 5 32 51 2 69 82 36 78 33 14 57 80 66 52 106 108 64 84 103 100 39 101 74 99 10 15 98 16 91 12 47 26 58 56 102 104 105 13 3 95 30 41 88 6 71 38 67 49 28 1 43 53 50 72 73 76 34 4 89 40 48 60 62 87 86 63 21 18 61 96 97 65 
0 19 31 77 90 23 79 55 107 24 29 27 54 92 46 17 8 9 75 85 7 35 20 11 59 22 42 25 70 44 37 45 83 109 68 94 81 93 5 32 51 2 69 15 10 99 74 101 39 100 103 84 64 108 106 52 66 80 41 30 95 3 13 105 60 104 102 56 58 26 47 12 91 16 98 82 36 78 33 14 57 88 6 1 38 67 49 28 71 43 53 50 72 73 76 34 4 89 40 48 62 87 63 86 21 18 61 96 97 65 
0 19 31 77 90 23 79 55 107 24 29 27 54 92 46 17 8 9 75 85 7 35 20 11 59 22 42 25 70 44 37 45 83 95 30 41 88 6 1 109 68 94 81 93 5 32 51 2 69 82 36 78 33 14 57 80 66 52 106 108 64 84 103 100 39 101 74 99 10 15 98 16 91 12 47 26 58 56 102 104 60 105 13 3 38 67 49 28 71 43 53 50 72 73 76 34 4 89 40 48 62 87 63 86 21 18 61 96 97 65 
0 19 31 77 90 23 79 55 107 24 29 27 54 92 46 17 8 9 75 85 7 35 20 11 59 22 42 25 70 44 37 45 83 109 68 94 81 93 5 32 51 2 69 82 36 78 18 21 86 63 87 62 48 40 89 4 34 76 73 72 50 53 43 71 28 49 67 38 1 6 88 41 30 95 3 13 105 60 104 102 56 58 26 47 12 91 16 98 15 10 99 74 101 39 100 103 84 64 108 106 52 66 80 57 14 33 61 96 97 65 
0 19 31 77 90 23 79 55 107 24 29 27 54 92 46 17 8 9 75 85 7 35 20 11 59 22 42 25 70 44 37 45 83 109 68 94 81 93 5 32 51 2 69 82 36 78 33 14 57 80 66 52 106 108 64 84 103 100 39 101 74 99 10 15 98 89 91 12 47 26 58 56 102 104 60 105 13 3 95 30 41 88 6 1 38 67 49 28 71 43 53 50 72 73 76 34 4 16 40 48 62 87 63 86 21 18 61 96 97 65 
0 19 31 77 90 23 79 55 107 24 29 27 54 92 46 17 8 9 75 85 7 35 20 11 59 22 42 25 70 44 37 45 83 109 68 94 81 93 5 32 51 2 69 82 36 78 33 14 57 80 66 52 106 108 64 84 103 100 39 101 74 99 10 15 98 16 91 12 71 43 53 72 73 76 34 4 89 40 48 62 87 47 26 58 56 102 104 60 105 13 3 95 30 41 88 6 1 38 67 49 28 50 63 86 21 18 61 96 97 65 
0 19 31 77 90 23 79 55 107 24 29 27 54 92 46 17 8 9 75 85 7 35 20 11 59 42 25 70 44 37 45 83 109 68 94 81 93 5 32 51 2 69 82 36 78 33 14 57 80 66 52 106 108 64 84 103 100 39 101 74 99 22 10 15 98 16 91 12 47 26 58 56 102 104 60 105 13 3 95 30 41 88 6 1 38 67 49 28 71 43 53 50 72 73 76 34 4 89 40 48 62 87 63 86 21 18 61 96 97 65 
0 19 31 77 90 23 79 55 107 24 29 27 54 92 46 17 8 9 75 85 7 35 20 11 59 22 25 70 44 37 45 83 109 68 94 81 93 5 32 51 2 69 82 36 78 33 14 57 80 66 52 106 108 64 84 103 100 39 101 74 99 10 15 98 16 91 12 47 26 58 56 102 104 60 105 13 3 95 30 41 88 6 1 38 67 49 28 71 42 43 53 50 72 73 76 34 4 89 40 48 62 87 63 86 21 18 61 96 97 65 
0 19 31 77 90 23 79 55 107 24 29 27 54 92 46 17 8 9 75 85 7 35 20 11 59 22 42 25 70 44 37 45 83 109 68 94 81 93 5 32 51 2 69 36 78 33 14 57 80 66 52 106 108 64 84 103 100 39 101 74 99 10 15 98 16 91 12 47 26 58 56 102 104 60 13 3 95 105 76 30 41 88 6 1 38 67 49 28 71 43 53 50 72 82 73 34 4 89 40 48 62 87 63 86 21 18 61 96 97 65 
0 19 31 77 90 23 79 55 107 24 29 27 54 92 46 17 8 48 40 89 4 34 76 73 72 50 53 43 71 28 49 67 38 1 6 88 41 30 95 3 13 105 60 104 102 56 58 26 47 12 91 16 98 15 10 99 74 101 39 100 103 84 64 108 106 52 66 80 57 14 33 78 36 82 69 2 51 32 5 93 81 94 68 109 83 45 37 44 70 25 42 22 59 11 20 35 7 85 75 9 62 87 63 86 21 18 61 96 97 65 
0 19 31 77 90 23 79 55 107 24 29 27 54 92 46 17 8 9 75 85 7 35 20 11 59 22 42 25 70 44 37 45 83 109 101 94 81 93 5 32 51 2 69 82 36 78 33 14 57 80 66 52 106 108 64 84 103 100 39 68 74 99 10 15 98 16 91 12 47 26 58 56 102 104 60 105 13 3 95 30 41 88 6 1 38 67 49 28 71 43 53 50 72 73 76 34 4 89 40 48 62 87 63 86 21 18 61 96 97 65 
0 19 31 77 107 55 79 23 90 24 29 27 54 92 46 17 8 9 75 85 7 35 20 11 59 22 42 25 70 44 37 45 83 109 68 94 81 93 5 32 51 2 69 82 36 78 33 14 57 80 66 52 106 108 64 84 103 100 101 74 99 10 15 98 16 91 12 47 26 58 56 102 104 60 105 13 3 95 30 41 88 6 1 38 67 49 28 71 39 43 53 50 72 73 76 34 4 89 40 48 62 87 63 86 21 18 61 96 97 65 
0 19 31 77 90 23 79 55 107 24 29 27 54 92 46 17 8 9 75 85 7 35 20 11 59 22 42 25 70 44 37 45 83 109 68 94 93 5 32 51 2 69 82 36 78 33 14 57 80 66 52 106 108 64 84 103 100 39 101 74 99 10 15 98 16 91 12 47 26 58 56 102 104 60 105 13 3 95 30 41 81 88 6 1 38 67 49 28 71 43 53 50 72 73 76 34 4 89 40 48 62 63 86 21 18 61 96 87 97 65 
0 19 31 77 107 55 79 23 90 24 29 27 54 92 46 17 8 9 75 85 7 35 20 11 59 22 42 25 70 44 4 45 83 109 68 94 81 93 5 32 51 2 69 82 36 78 33 14 57 80 66 52 106 108 64 84 103 100 39 101 74 99 10 15 98 16 91 12 47 26 58 56 102 104 60 105 13 3 95 30 41 88 6 1 38 67 49 28 71 43 53 50 72 73 76 34 37 89 40 48 62 87 63 86 21 18 61 96 97 65 
0 19 31 77 90 23 79 55 107 24 29 27 54 92 46 17 8 9 75 85 7 35 20 11 59 22 42 25 70 44 37 45 83 109 68 94 81 93 95 3 13 105 60 104 102 56 58 26 47 12 91 16 98 15 10 99 74 101 39 100 103 84 64 108 106 52 66 80 57 14 33 78 36 82 69 2 51 32 5 30 41 88 6 1 38 67 49 28 71 43 53 50 72 73 76 34 4 89 40 48 62 87 63 86 21 18 61 96 97 65 
0 19 31 77 90 23 79 55 107 24 29 27 54 92 17 8 9 75 85 7 35 20 11 59 22 42 25 70 44 37 45 83 109 68 94 81 93 5 32 51 2 69 82 46 36 78 33 14 57 80 66 52 106 108 64 84 103 100 39 101 74 99 10 15 98 16 91 12 47 26 58 56 102 104 60 105 13 3 95 30 41 88 6 1 38 67 49 28 71 43 53 50 72 73 76 34 4 89 40 48 62 87 63 86 21 18 61 96 97 65 
0 19 31 77 90 23 79 55 107 24 29 27 54 92 46 17 8 9 75 85 7 35 20 11 59 22 42 25 70 44 37 45 83 68 94 81 93 5 32 51 2 69 82 36 78 33 14 57 80 66 52 71 108 64 84 103 100 39 101 74 99 10 15 98 16 91 12 47 109 106 26 58 56 102 104 60 105 13 3 95 30 41 88 6 1 38 67 49 28 43 53 50 72 73 76 34 4 40 48 89 62 87 63 86 21 18 61 96 97 65 
0 19 31 77 90 23 79 55 107 24 29 27 54 92 46 17 8 9 75 85 7 35 20 11 59 22 42 25 70 44 37 45 83 109 68 94 81 93 5 32 51 2 69 82 36 78 33 14 57 80 66 52 106 108 64 84 103 100 39 101 74 99 10 15 98 16 91 12 47 26 58 56 102 104 60 105 13 3 95 30 41 88 6 1 38 67 49 28 71 43 53 72 73 76 34 4 89 40 48 62 87 63 86 21 18 61 96 97 65 50 
0 19 31 77 90 23 79 55 107 24 29 27 54 92 46 17 8 9 75 85 7 35 20 11 59 22 42 25 70 44 37 45 83 109 68 94 81 93 5 32 51 2 69 82 36 78 33 14 57 80 66 52 106 108 64 84 103 100 39 101 102 99 10 15 98 16 91 12 47 26 58 56 74 104 60 105 13 3 95 30 41 88 6 1 38 67 49 28 71 43 53 50 72 73 76 34 4 89 40 48 62 87 63 86 21 18 61 96 97 65 
0 19 31 77 90 23 79 55 107 24 29 27 54 92 46 33 78 36 82 69 2 51 32 5 93 81 94 68 109 83 45 37 44 70 25 42 22 59 11 20 35 7 85 75 9 8 17 14 57 80 66 52 106 108 64 84 103 100 39 101 74 99 10 15 98 16 91 12 47 26 58 56 102 104 60 105 13 3 95 30 41 88 6 1 38 67 49 28 71 43 53 50 72 73 76 34 4 89 40 48 62 87 63 86 21 18 61 96 97 65 
0 19 31 77 90 23 79 55 107 24 29 27 54 92 46 17 8 9 75 85 7 35 20 11 59 22 42 25 70 44 37 45 83 109 68 94 81 93 66 80 57 14 33 39 36 82 69 2 51 32 5 52 106 108 64 84 103 100 78 101 74 99 10 15 98 16 91 12 47 26 58 56 102 104 60 105 13 3 95 30 41 88 6 1 38 67 49 28 71 43 53 50 72 73 76 34 4 89 40 48 62 87 63 86 21 18 61 96 97 65 
0 19 31 77 90 23 79 55 107 24 29 27 54 92 46 17 8 9 75 85 35 20 11 59 22 42 25 70 44 37 45 83 109 68 94 81 93 5 32 51 2 69 82 36 78 33 14 7 57 80 66 52 106 108 64 84 103 100 39 101 74 99 10 15 98 16 91 12 47 1 58 56 102 104 60 105 13 3 95 30 41 88 6 26 38 67 49 28 71 43 53 50 72 73 76 34 4 89 40 48 62 87 63 18 86 21 61 96 97 65 
0 19 31 77 90 23 79 55 107 24 29 27 54 92 46 17 8 9 75 85 7 35 20 11 59 22 42 70 44 37 45 83 109 68 94 81 93 5 32 51 2 69 82 36 78 33 14 57 80 66 52 106 108 64 84 103 100 39 101 74 99 10 15 98 16 91 25 12 47 26 58 56 102 104 60 105 13 3 95 30 41 88 6 1 38 67 49 34 76 73 72 50 53 43 71 28 4 89 40 48 62 87 63 86 21 18 61 96 97 65 
0 19 31 77 90 23 79 55 107 24 29 27 54 92 46 17 8 9 75 85 7 35 20 11 59 22 42 25 70 98 16 91 12 47 26 58 56 102 104 60 105 13 3 95 30 41 88 6 1 38 67 49 28 71 43 53 50 72 73 76 34 4 89 15 44 37 45 83 109 68 94 81 93 5 32 51 2 69 82 36 78 33 14 57 80 66 52 106 108 64 84 103 100 39 101 74 99 10 40 48 62 87 63 86 21 18 61 96 97 65 
0 19 31 77 90 23 79 55 107 24 29 27 54 92 46 17 8 9 75 85 7 35 20 11 59 22 42 95 3 13 105 60 104 102 56 58 26 47 25 70 44 37 45 83 109 68 94 81 93 5 32 51 2 69 82 36 78 33 14 57 80 66 52 106 108 64 84 103 100 39 101 74 99 10 15 98 16 91 12 30 41 88 6 1 38 67 49 28 71 43 53 50 72 73 76 34 4 89 40 48 62 87 63 86 21 18 61 96 97 65 
0 19 31 77 90 23 79 55 107 24 29 27 54 92 46 17 8 9 75 85 7 35 20 11 59 22 42 25 70 44 37 45 83 15 68 94 81 93 5 32 51 2 69 82 36 78 33 14 57 80 71 43 53 50 66 52 106 108 64 84 103 100 39 101 74 99 10 109 98 16 91 12 47 26 58 56 102 104 60 105 13 3 95 30 41 88 6 1 38 67 49 28 72 73 76 34 4 89 40 48 62 87 63 86 21 18 61 96 97 65 
0 19 31 77 90 23 79 55 107 24 29 27 54 92 46 17 8 9 75 85 7 35 20 11 59 22 42 25 70 44 37 45 83 109 68 94 81 93 5 32 51 2 58 26 47 12 91 16 98 15 10 99 74 101 39 100 103 84 64 108 89 52 66 80 57 14 33 78 36 82 69 56 102 104 60 105 13 3 95 30 41 88 6 1 38 67 49 28 71 43 53 50 72 73 76 34 4 106 40 48 62 87 63 86 21 18 61 96 97 65 
0 19 31 77 90 23 79 55 107 24 29 27 54 92 46 17 8 9 75 85 7 35 20 11 80 66 52 106 108 64 84 103 100 39 101 74 99 93 5 32 51 2 69 82 36 78 33 14 57 59 22 42 25 70 44 37 45 83 109 68 94 81 10 15 98 16 91 12 47 26 58 56 102 104 60 105 13 3 95 30 41 88 6 1 38 67 49 28 71 43 53 50 72 73 76 34 4 89 40 48 62 87 63 86 21 18 61 96 97 65 
0 19 31 77 90 23 79 55 107 24 29 27 54 92 46 17 8 9 75 85 7 35 20 11 59 22 42 25 70 44 37 45 53 43 83 109 68 94 81 93 5 32 51 2 69 82 36 78 33 14 4 89 40 57 80 66 52 106 108 64 84 103 100 39 101 74 99 10 15 98 3 95 30 41 88 6 1 38 104 60 105 13 16 91 12 47 26 58 56 102 67 49 28 71 50 72 73 76 34 48 62 87 63 86 21 18 61 96 97 65 
0 19 31 77 90 23 79 55 107 24 29 27 54 92 46 17 8 9 75 81 7 35 20 11 59 22 42 25 70 44 37 45 83 109 68 94 85 93 5 32 51 82 69 2 36 78 33 14 57 80 66 52 106 108 64 84 103 100 39 101 74 99 10 15 98 16 91 12 47 26 58 56 102 104 60 105 13 3 95 30 41 88 6 1 50 67 49 28 71 43 53 38 72 73 76 34 4 89 40 48 62 87 63 86 21 18 61 96 97 65 
0 19 31 77 90 23 79 55 107 24 29 27 54 92 46 17 8 9 75 85 7 35 20 59 22 42 25 70 44 37 45 83 109 68 94 81 93 5 32 51 2 69 82 36 78 33 14 57 80 43 52 106 108 64 84 103 100 39 101 74 99 10 15 98 16 91 12 47 26 58 56 102 104 60 105 13 3 95 30 41 88 6 1 38 11 71 53 50 66 67 49 28 72 73 76 34 4 89 40 48 62 87 63 86 21 18 61 96 97 65 
0 19 31 77 90 23 79 55 107 24 29 27 54 92 46 17 8 9 75 85 7 35 20 11 59 22 42 25 70 44 37 45 83 109 68 94 81 93 5 32 51 2 69 82 36 18 21 86 63 87 62 48 40 89 4 34 76 73 72 50 53 43 71 28 49 67 38 1 6 88 41 30 95 3 13 105 60 104 102 56 58 26 47 16 98 15 10 99 74 101 39 91 12 100 103 84 64 108 106 52 66 80 57 14 33 78 61 96 97 65 
0 19 31 77 90 23 79 55 107 24 29 27 54 92 46 17 8 9 75 85 7 35 11 59 22 42 25 70 44 37 45 83 109 68 94 81 93 5 32 51 2 69 82 20 36 78 33 14 57 80 66 52 106 108 64 84 103 100 39 101 16 99 10 15 98 74 91 12 47 58 56 102 104 60 38 105 13 3 95 30 41 88 6 1 67 49 28 71 43 26 53 50 72 73 76 34 4 89 40 48 62 87 63 86 21 18 61 96 97 65 
0 19 31 77 90 23 79 55 107 24 29 27 54 92 46 17 8 9 75 85 7 35 20 11 59 22 42 25 70 44 37 45 83 109 68 94 81 93 5 32 51 2 69 82 36 78 33 14 57 80 66 52 106 108 64 84 103 100 39 101 74 99 10 15 98 16 91 12 47 26 58 56 102 104 60 105 13 3 95 30 41 88 6 71 38 67 49 28 1 43 53 50 72 73 87 34 4 89 40 48 62 76 86 63 21 18 61 96 97 65 
0 19 31 77 90 23 79 55 107 24 29 27 54 92 46 17 8 9 75 85 7 35 20 11 59 22 42 25 70 44 37 45 83 109 68 94 81 93 5 32 51 2 69 82 36 78 33 14 57 80 66 52 106 108 64 84 103 100 39 101 74 99 10 15 98 16 91 12 47 26 58 56 102 104 60 105 13 3 95 30 41 88 6 61 38 67 49 28 71 43 53 50 72 73 76 34 4 89 40 48 62 87 63 86 21 18 1 96 97 65 
0 19 31 77 90 23 79 55 107 24 29 27 54 92 46 17 8 9 75 85 7 35 20 11 59 22 42 25 70 44 37 45 83 109 68 94 81 93 5 32 51 87 69 82 36 78 33 14 57 80 66 52 106 108 64 84 103 100 39 101 74 99 10 15 98 16 91 12 47 26 58 56 102 104 60 105 13 3 95 30 41 88 6 1 38 67 49 28 71 43 53 50 72 73 76 34 4 89 40 48 62 2 63 86 21 18 61 96 97 65 
0 19 31 77 90 23 79 55 107 24 29 27 54 92 46 17 8 9 75 85 7 35 20 11 59 22 42 25 70 44 37 45 83 109 68 94 81 93 5 32 51 2 69 82 36 78 33 14 57 80 66 52 106 108 64 84 103 100 39 101 74 99 10 15 98 16 91 12 47 26 58 56 102 104 60 105 13 3 95 30 41 71 43 53 72 73 76 34 4 89 40 48 62 87 63 86 21 18 50 61 96 88 6 1 38 67 49 28 97 65 
0 19 31 77 90 23 79 55 107 24 29 27 54 92 46 17 8 9 75 85 7 35 20 11 59 39 42 25 70 44 37 45 83 109 68 94 81 93 5 32 51 2 69 82 36 78 33 14 57 80 66 52 106 108 64 84 103 100 22 101 74 99 10 15 98 16 91 12 47 26 58 56 102 104 60 105 13 3 95 30 41 88 6 1 38 67 49 28 71 43 53 50 72 73 76 34 89 4 40 48 62 87 63 86 21 18 61 96 97 65 
0 19 31 77 90 23 79 55 107 24 29 27 54 92 46 17 8 9 75 85 7 101 20 11 59 22 42 25 70 44 37 45 83 109 68 94 81 93 5 32 51 2 69 82 36 78 33 14 57 80 66 52 106 108 64 84 103 100 39 35 74 99 10 15 98 16 91 12 47 26 58 56 102 104 60 105 13 3 95 30 41 88 6 1 38 67 49 28 71 43 53 50 72 73 76 34 4 89 40 48 62 87 63 86 21 18 61 96 97 65 
0 19 31 77 90 23 79 55 107 24 29 27 54 92 46 17 8 9 75 85 7 35 20 11 59 22 42 25 70 44 37 45 83 109 68 94 81 93 5 32 51 2 69 82 36 78 33 14 57 80 66 52 106 108 64 84 103 74 39 101 100 99 10 15 98 16 91 12 47 26 58 56 102 21 86 63 87 62 48 40 89 4 34 73 72 50 53 43 71 28 49 67 38 1 6 76 88 104 60 105 13 3 95 30 41 18 61 96 97 65 
0 19 31 77 90 23 79 55 107 48 40 89 4 34 76 73 72 50 53 43 71 28 49 67 38 1 6 88 41 30 95 3 13 105 60 104 102 56 58 26 47 12 91 16 98 15 10 99 74 101 39 100 103 84 70 64 108 106 52 66 80 57 14 33 78 36 82 69 2 51 32 5 93 81 94 68 109 83 45 37 44 25 42 22 59 11 20 35 7 85 75 9 8 17 46 92 54 27 29 24 62 87 63 86 21 18 61 96 97 65 
0 19 31 77 90 23 79 55 107 24 29 27 54 92 46 17 8 9 75 85 7 35 20 11 59 22 42 25 70 44 37 45 83 109 68 94 88 93 5 32 51 2 69 82 36 78 33 14 57 80 66 52 106 108 64 84 103 100 39 101 74 99 10 15 98 16 91 12 47 26 58 56 102 104 60 105 13 3 95 30 41 81 6 1 38 67 49 28 71 43 53 50 72 73 76 34 4 89 40 48 62 87 63 86 21 18 61 96 97 65 
0 19 31 77 90 23 79 55 107 24 29 27 54 92 46 89 4 34 76 73 72 50 53 43 71 28 49 17 8 9 75 85 7 35 20 11 59 22 42 25 70 44 37 45 83 109 68 94 81 93 5 32 51 2 69 82 36 78 33 14 57 80 66 52 106 108 64 84 103 100 39 101 74 99 10 15 98 16 91 12 47 26 58 56 102 104 60 105 13 3 95 30 41 88 6 1 38 67 40 48 62 87 63 86 21 18 61 96 97 65 
0 19 31 77 90 23 79 55 107 24 29 27 54 92 46 17 8 9 75 85 7 35 20 11 59 22 42 25 70 44 37 45 83 109 68 94 93 5 32 51 2 69 82 36 78 33 14 57 80 66 52 106 108 84 103 100 39 101 74 99 10 15 98 16 91 12 47 26 58 56 102 104 60 81 105 13 3 64 95 30 41 88 6 1 38 67 49 28 71 43 53 50 72 73 76 34 4 89 40 48 62 87 63 86 21 18 61 96 97 65 
0 19 31 77 90 23 79 55 107 108 64 84 103 100 39 101 74 99 10 15 98 16 91 12 47 26 58 56 102 104 60 105 13 3 95 30 41 88 6 1 38 67 49 28 71 43 53 50 72 73 76 34 4 75 29 27 54 92 46 17 8 9 24 85 7 35 20 11 59 22 42 25 70 44 37 45 83 109 68 94 81 93 5 32 51 2 69 82 36 78 33 14 57 80 66 52 106 89 40 48 62 87 63 86 21 18 61 96 97 65 
0 19 31 77 90 23 79 55 107 24 29 27 54 92 17 8 9 75 85 7 35 20 11 59 22 42 25 70 44 37 45 83 109 68 94 81 93 5 32 51 2 69 82 36 78 33 14 57 80 66 52 106 108 64 84 103 100 39 101 74 99 10 15 98 16 91 12 47 26 58 56 102 104 60 105 13 3 95 30 41 88 6 1 38 67 46 49 28 71 43 53 50 72 73 76 34 4 89 40 48 62 87 63 86 21 18 61 96 97 65 
0 19 31 77 23 79 55 107 24 29 27 54 92 46 17 8 9 75 85 7 35 20 11 59 22 42 25 70 44 37 45 83 109 68 94 81 93 5 32 51 2 69 82 36 78 33 14 57 80 66 52 106 108 64 84 103 100 39 101 74 99 10 15 98 90 16 91 12 47 26 58 56 102 104 60 105 13 3 95 30 41 88 6 1 38 67 49 28 71 43 53 50 72 73 76 34 4 89 40 48 62 87 63 86 21 18 61 96 97 65 
0 19 31 77 90 23 79 55 32 24 29 27 54 92 46 17 8 9 75 85 7 35 20 11 59 22 42 25 70 44 37 45 83 109 68 94 81 93 5 107 51 2 69 82 36 78 33 14 57 80 66 52 106 108 64 84 103 100 39 101 74 99 10 15 98 16 91 12 47 26 58 56 102 104 60 105 13 3 95 30 41 88 6 1 38 67 49 28 71 43 53 50 72 73 76 34 4 89 40 48 62 87 63 86 21 18 61 96 97 65 
0 19 31 77 90 23 79 55 107 24 29 27 54 92 46 17 8 9 75 85 7 35 20 11 59 22 42 25 70 44 37 45 83 109 68 94 81 93 5 32 51 2 69 82 36 78 33 14 57 80 66 52 106 108 64 84 103 100 39 13 74 99 10 15 98 16 91 12 47 26 58 56 102 104 60 105 101 3 95 30 41 88 6 1 38 67 49 28 71 43 53 50 72 73 76 34 4 89 40 48 62 87 63 86 21 18 61 96 97 65 
0 19 31 77 90 23 79 55 107 24 29 27 54 92 46 17 8 9 75 85 7 35 20 11 59 22 42 25 70 44 37 45 109 68 94 81 93 5 32 51 2 69 82 36 78 33 14 57 80 66 52 106 108 64 84 103 100 39 101 16 99 10 15 98 74 91 12 47 58 56 102 104 60 38 105 13 3 95 30 41 88 6 1 67 49 83 28 71 43 26 53 50 72 73 76 34 4 89 40 48 62 87 63 86 21 18 61 96 97 65 
0 19 31 77 90 23 79 55 107 24 29 27 54 92 46 17 8 9 75 85 7 20 11 59 22 42 25 70 44 37 83 109 68 94 81 93 5 32 51 2 69 82 36 78 33 14 57 80 66 52 91 108 64 45 84 103 100 39 101 74 99 10 15 98 16 106 12 47 26 58 56 102 104 60 105 13 3 95 30 41 88 6 1 38 67 49 28 71 43 53 50 72 35 73 76 34 4 89 40 48 62 87 63 86 21 18 61 96 97 65 
0 19 31 95 3 13 105 60 104 102 56 58 26 47 12 91 16 98 15 10 99 74 101 39 100 103 84 64 108 106 52 66 80 57 14 33 78 36 82 69 2 51 32 5 93 81 94 68 109 83 45 37 44 70 25 42 22 59 11 20 35 7 85 75 9 8 17 46 92 54 27 29 24 107 55 79 23 90 77 30 41 88 6 1 38 67 49 28 71 43 53 50 72 73 76 34 4 89 40 48 62 87 63 86 21 18 61 96 97 65 
0 19 31 77 90 23 79 55 64 84 103 100 39 101 74 99 10 15 98 16 91 12 47 26 58 56 102 104 60 105 13 3 95 30 41 88 6 1 38 67 49 28 71 43 36 78 33 14 57 80 66 52 106 108 107 24 29 27 54 92 46 17 8 9 75 85 7 35 20 11 59 22 42 25 70 44 37 45 83 109 68 94 81 93 5 32 51 2 69 82 53 50 72 73 76 34 4 89 40 48 62 87 63 86 21 18 61 96 97 65 
0 19 31 77 90 23 79 107 24 29 27 54 92 46 17 8 9 75 85 7 35 20 11 59 22 42 25 70 44 37 45 83 109 68 94 81 93 5 32 51 2 69 82 36 78 33 14 57 80 66 52 106 108 64 84 103 100 39 101 74 99 10 15 98 16 91 12 47 26 55 58 56 102 104 60 105 13 3 95 30 41 88 6 1 38 67 49 28 71 43 53 50 72 73 76 34 4 89 40 48 62 87 63 86 21 18 61 96 97 65 
0 19 31 77 90 23 79 55 107 24 29 27 54 92 46 17 8 9 75 85 7 35 20 11 59 22 42 25 70 44 37 45 83 109 68 94 81 93 5 32 51 2 69 82 36 78 33 14 57 80 66 52 106 108 64 84 103 100 39 101 74 99 10 15 98 67 16 91 12 47 26 58 56 102 104 60 105 13 3 95 30 41 88 6 1 38 49 28 71 43 53 50 72 73 76 34 4 89 40 48 62 87 65 86 21 18 61 96 97 63 
0 19 31 77 90 23 79 55 107 24 29 27 54 92 46 17 8 9 75 85 7 35 20 11 59 22 42 25 70 44 37 45 83 109 68 94 81 93 5 32 51 97 69 82 36 78 33 14 57 80 66 52 106 108 64 84 103 100 39 101 74 99 10 15 98 16 91 12 47 26 58 56 102 104 2 60 105 13 3 95 30 41 88 6 1 38 67 49 28 71 43 53 50 72 73 76 34 4 89 40 48 62 87 63 86 21 18 61 96 65 
0 19 31 77 90 23 79 55 107 24 29 27 54 92 46 17 8 9 101 39 100 103 84 64 108 106 52 104 60 105 13 3 95 30 41 88 6 1 38 67 49 28 43 71 53 50 72 73 76 34 4 89 40 48 62 87 63 86 21 18 61 96 97 65 75 85 7 35 20 11 59 22 42 25 70 44 37 45 83 109 68 94 81 93 5 32 51 2 69 82 36 78 33 14 57 80 66 102 56 58 26 47 12 91 16 98 15 10 99 74 
0 19 31 77 90 23 79 37 107 24 29 27 54 92 46 17 8 9 75 85 7 35 20 11 59 22 42 25 70 55 44 45 83 109 68 94 81 93 5 32 51 2 69 82 36 78 33 14 57 80 66 52 106 64 84 103 100 39 101 74 99 10 15 98 16 91 12 47 26 58 56 102 104 60 105 13 3 95 30 41 88 6 1 108 38 67 49 28 71 43 53 50 72 73 76 34 4 89 40 48 62 87 63 86 21 18 61 96 97 65 
0 19 31 77 102 56 58 26 47 12 91 16 98 15 10 99 74 101 39 100 103 84 64 108 106 52 66 80 57 14 33 78 36 82 69 2 51 32 5 93 81 94 68 109 83 45 37 44 70 25 42 22 59 11 20 35 7 85 75 9 8 17 46 92 54 27 29 24 107 55 79 23 90 104 60 105 13 3 95 30 41 88 6 1 38 67 49 28 71 43 53 50 72 73 76 34 4 89 40 48 62 87 63 86 21 18 61 96 97 65 
0 19 31 77 90 23 79 55 107 24 29 27 54 92 46 17 8 9 75 85 7 35 20 11 59 22 42 25 70 44 82 37 45 83 109 68 94 81 93 5 32 51 2 69 36 78 103 14 57 80 66 52 106 108 64 21 58 26 47 12 91 16 98 15 10 99 74 101 39 100 33 84 56 102 104 60 105 13 3 95 30 41 88 6 1 38 67 49 28 71 43 53 50 72 73 76 34 4 89 40 48 62 87 63 86 18 61 96 97 65 
0 19 31 77 90 23 79 55 53 43 71 28 49 67 38 1 6 88 41 30 95 3 13 105 60 104 102 74 56 58 26 47 12 91 16 98 15 10 99 101 39 100 103 84 64 108 106 52 66 80 57 14 33 78 36 82 69 2 51 32 5 93 81 94 68 109 83 45 37 44 70 25 42 22 59 11 20 35 7 85 75 9 8 17 46 92 54 27 29 24 107 50 72 73 76 34 4 89 40 48 62 87 63 86 21 18 61 96 97 65 
0 19 31 77 90 23 79 55 107 24 29 27 54 92 46 17 8 9 75 85 7 35 20 11 59 42 25 70 44 37 45 83 109 68 94 81 93 5 32 51 2 69 82 36 78 33 14 57 80 66 52 106 108 64 84 103 100 39 12 74 99 10 15 98 16 91 101 47 26 58 56 102 104 60 105 13 3 95 30 41 88 6 1 38 67 49 28 71 22 43 53 50 72 73 76 34 4 89 40 48 62 87 63 86 21 18 61 96 97 65 
0 19 31 77 90 23 79 55 107 24 29 64 103 100 39 101 74 84 99 10 15 98 30 95 3 13 105 60 104 102 56 58 26 47 12 91 16 41 88 6 1 38 67 49 28 71 43 53 57 80 66 52 106 108 27 54 92 46 17 8 9 75 85 7 35 20 11 59 22 42 25 70 44 37 45 83 109 68 94 81 93 5 32 51 2 69 82 36 78 33 14 50 72 73 76 34 4 89 40 48 62 87 63 86 21 18 61 96 97 65 
0 19 31 77 90 23 79 55 107 24 29 64 103 100 39 101 74 84 99 10 15 98 30 95 3 13 105 60 104 102 56 58 26 47 12 91 16 41 88 6 1 38 67 49 28 71 43 53 57 80 66 52 106 108 27 54 92 46 17 8 9 75 85 7 35 20 11 59 22 42 25 70 44 37 45 83 109 68 94 81 93 5 32 51 2 69 82 36 78 33 14 50 72 73 76 34 4 89 40 48 62 87 63 86 21 18 61 96 97 65 
0 19 31 77 90 23 79 55 107 24 29 27 54 92 46 17 8 9 75 85 7 35 20 11 59 22 42 3 70 44 37 45 83 109 68 94 81 93 5 32 51 2 69 82 36 78 33 14 57 80 25 66 52 106 108 64 84 103 100 39 101 74 99 10 15 98 16 91 12 47 26 58 56 102 104 60 105 13 95 30 41 88 6 1 38 67 49 28 71 43 53 50 72 73 76 34 4 89 40 48 62 87 63 86 21 18 61 96 97 65 
0 19 31 77 90 23 79 55 107 24 29 27 54 92 46 17 8 9 75 85 7 35 20 11 59 22 42 1 70 44 37 45 83 109 68 94 81 93 5 32 51 2 69 82 36 78 33 14 57 80 66 52 106 108 64 84 103 100 39 101 74 99 10 15 98 16 91 12 47 26 58 56 102 104 60 105 13 3 95 30 41 88 6 25 38 67 49 28 71 43 53 50 72 73 76 34 4 89 40 48 62 87 63 86 21 18 61 96 97 65 
0 19 31 77 90 23 79 55 107 24 29 27 54 46 17 8 9 75 85 7 35 20 92 11 59 22 42 25 70 44 37 45 83 109 68 94 81 93 5 32 51 2 69 82 36 78 33 63 57 80 66 52 106 108 64 84 103 100 39 101 74 99 10 15 98 16 91 12 47 26 58 56 102 104 60 105 13 3 95 30 41 88 6 1 38 67 49 28 71 43 53 50 72 73 76 34 4 89 40 48 62 87 14 86 21 18 61 96 97 65 
0 19 31 77 58 26 47 91 16 98 15 10 99 74 101 39 100 103 84 64 108 106 52 66 80 57 14 33 78 36 82 69 2 51 32 5 93 81 94 68 109 83 45 37 44 70 25 42 22 59 11 20 35 7 85 75 9 8 17 46 92 54 27 29 24 107 55 79 23 90 56 102 104 60 105 13 3 12 95 30 41 88 6 1 38 67 49 28 71 43 53 50 72 73 76 34 4 89 40 48 62 87 63 86 21 18 61 96 97 65 
0 19 31 77 90 23 79 55 107 24 29 27 54 92 46 17 8 9 75 85 7 35 20 11 59 22 42 25 26 58 56 102 104 60 105 13 3 95 30 41 88 6 1 38 67 49 28 71 43 53 50 72 73 76 34 4 89 57 48 62 87 63 86 21 18 61 96 97 65 70 44 37 45 83 109 68 94 81 93 5 32 51 2 69 82 36 78 33 14 40 80 66 52 106 108 64 84 103 100 39 101 74 99 10 15 98 16 91 12 47 
0 19 31 77 90 23 79 55 107 24 29 27 54 92 46 17 8 9 75 85 7 35 20 11 59 22 42 25 70 44 37 45 83 109 68 94 49 74 5 32 51 2 69 82 36 78 33 14 57 80 93 66 52 106 108 64 84 103 100 39 101 99 10 15 98 16 91 12 47 26 58 56 102 104 60 105 13 3 95 30 41 88 6 1 38 67 81 28 71 43 53 50 72 73 76 34 4 89 40 48 62 87 63 86 21 18 61 96 97 65 
0 19 31 77 90 23 79 55 107 60 105 13 45 69 24 29 27 54 92 46 17 8 9 75 85 7 35 20 11 59 22 42 25 70 44 37 83 109 68 94 81 93 5 32 51 2 82 36 78 33 14 57 80 66 52 106 108 64 84 103 100 39 101 74 99 10 15 98 16 91 12 47 26 58 56 102 104 3 95 30 41 88 6 1 38 67 49 28 71 43 53 50 72 73 76 34 4 89 40 48 62 87 63 86 21 18 61 96 97 65 
0 19 31 77 90 23 79 55 107 24 29 27 54 92 46 17 8 9 75 85 21 7 35 20 11 59 22 42 25 70 44 37 45 83 109 68 94 81 93 5 32 51 2 69 82 36 78 33 14 57 80 66 52 106 108 64 84 103 100 76 101 74 99 10 15 98 16 91 12 47 26 58 56 102 104 60 105 13 3 95 30 41 88 6 1 38 67 49 28 71 43 53 50 72 73 39 34 4 89 40 48 62 87 63 86 18 61 96 97 65 
0 19 31 77 90 23 79 55 107 24 29 27 54 92 46 17 8 9 75 85 7 35 20 11 59 22 42 25 70 44 37 60 83 109 68 94 81 93 5 32 51 2 69 82 36 78 33 14 57 80 66 52 106 108 64 84 103 100 39 101 74 99 10 15 98 16 91 12 47 26 58 56 102 104 45 105 67 13 3 95 30 41 88 6 1 38 49 28 71 43 53 50 72 73 76 34 4 89 40 48 62 87 63 86 21 18 61 96 97 65 
0 19 31 77 90 23 79 55 107 24 29 27 54 92 46 17 8 9 75 85 7 35 11 59 22 42 25 70 44 37 45 83 109 68 94 81 93 5 32 51 2 80 57 14 33 78 36 82 69 66 52 106 108 64 20 84 103 100 39 101 74 99 10 15 98 16 91 12 47 26 58 56 102 104 60 105 13 3 95 30 41 88 6 1 38 67 49 28 71 43 53 50 72 73 76 4 89 40 48 62 87 63 86 21 18 61 96 97 65 34 
0 19 31 77 90 23 79 55 107 24 29 27 54 92 46 17 8 9 75 43 7 35 20 11 59 22 42 25 70 44 37 45 83 109 68 94 81 93 5 32 51 2 69 82 36 78 33 14 57 80 66 52 106 108 64 84 103 100 39 101 74 99 10 15 98 16 91 12 47 26 58 56 102 104 60 105 13 3 95 30 41 88 6 1 38 67 49 28 71 85 53 50 72 73 76 34 4 89 40 48 62 87 63 86 21 18 61 96 97 65 
0 19 31 77 90 23 79 55 107 24 29 27 54 46 17 8 9 75 85 7 35 20 11 59 22 42 25 70 44 37 45 83 109 68 94 81 93 66 80 57 14 33 39 36 82 69 2 51 32 5 52 106 108 64 84 103 92 100 78 101 74 99 10 15 98 16 91 12 47 26 58 56 102 104 60 105 13 3 95 30 41 88 6 1 38 67 49 28 71 43 53 50 72 73 76 34 4 89 40 48 62 87 63 86 21 18 61 96 97 65 
0 19 31 77 90 23 79 55 107 24 29 27 54 92 46 17 8 9 75 85 7 35 84 11 59 22 42 25 70 44 37 45 83 109 68 94 81 93 5 32 51 2 69 82 36 78 33 14 57 80 66 52 106 108 64 20 103 100 39 101 74 99 10 15 98 16 49 12 47 26 58 102 104 60 105 13 3 95 30 41 88 56 6 1 38 67 91 28 71 43 53 50 72 73 76 96 61 18 21 86 63 87 62 48 40 89 4 34 97 65 
0 19 31 77 90 23 79 55 107 24 29 27 54 92 46 17 8 9 75 85 7 35 20 11 59 22 42 25 70 44 37 45 83 109 68 94 81 93 5 32 51 2 69 82 36 78 33 14 57 80 66 52 106 108 64 84 103 100 39 101 74 99 10 15 98 16 91 12 47 97 58 56 102 104 60 105 13 3 95 30 41 88 6 1 38 67 49 28 71 43 53 50 72 73 76 34 4 89 40 48 62 87 63 86 21 18 61 96 26 65 
0 19 31 77 90 15 98 16 91 12 47 26 58 56 102 104 60 105 13 3 95 30 41 88 6 1 38 67 49 28 71 43 53 50 72 73 76 34 4 89 40 48 62 87 63 86 21 18 61 80 66 52 106 108 64 84 103 100 39 101 74 99 10 23 79 55 107 24 29 27 54 92 46 17 8 9 75 85 7 35 20 11 59 22 42 25 70 44 37 45 83 109 68 94 81 93 5 32 51 2 69 82 36 78 33 14 57 96 97 65 
0 19 31 77 90 79 55 107 24 29 27 54 92 23 46 17 8 9 75 85 7 35 20 11 59 22 42 25 70 44 37 45 83 109 68 86 21 93 5 32 51 2 69 82 36 78 33 14 57 80 4 34 76 73 72 50 53 43 71 28 49 67 38 1 6 88 41 30 95 3 13 105 60 104 102 56 58 26 47 12 91 16 98 15 10 99 74 101 39 100 103 84 64 108 106 52 66 89 40 48 62 87 63 94 81 18 61 96 97 65 
0 19 31 77 90 23 79 55 107 24 29 27 54 92 46 17 8 9 75 85 7 35 20 11 59 22 42 25 70 44 37 45 83 109 68 94 81 93 5 32 51 2 69 82 36 78 33 14 57 80 66 52 106 108 64 84 103 100 101 74 99 10 15 98 16 91 12 47 26 58 56 102 104 60 105 13 3 95 30 41 88 6 1 38 67 49 28 71 43 63 50 72 73 76 34 4 89 40 48 62 39 87 53 86 21 18 61 96 97 65 
0 19 31 77 90 23 79 55 107 24 29 89 4 34 76 27 54 92 46 17 8 9 75 85 7 35 20 11 59 22 42 25 70 44 37 66 80 57 14 33 78 36 82 69 2 51 32 5 93 81 94 68 109 83 45 52 106 108 64 84 103 39 101 74 99 10 15 98 16 91 12 47 26 58 56 102 104 60 105 13 3 95 30 41 88 6 1 38 67 49 28 71 43 53 100 50 72 73 40 48 62 87 63 86 21 18 61 96 97 65 
0 19 31 77 90 23 79 55 107 24 29 27 54 92 46 17 8 28 75 85 7 35 20 11 59 22 42 25 70 44 37 45 83 109 68 94 81 93 5 32 51 2 69 82 36 78 33 14 57 80 66 52 106 108 64 84 103 100 39 101 74 99 10 15 98 16 91 12 47 26 58 56 102 104 60 105 13 3 95 30 41 88 6 1 38 67 49 9 71 43 53 50 72 73 76 34 4 89 40 48 62 87 63 86 21 18 61 96 97 65 
0 19 31 77 90 23 79 55 107 24 29 27 54 92 46 17 8 9 75 85 7 35 20 11 59 22 42 25 70 37 44 45 83 109 68 94 81 93 5 32 51 2 69 82 36 78 33 14 57 80 66 52 15 108 64 84 103 100 39 101 74 99 10 18 98 16 91 12 47 26 58 56 102 104 60 105 13 3 95 30 41 88 6 1 38 67 49 28 71 53 50 43 72 73 76 34 4 89 40 48 62 87 63 106 86 21 61 96 97 65 
0 19 31 77 90 78 79 55 107 24 29 27 54 92 46 17 8 9 75 85 7 35 20 11 59 22 42 25 70 44 37 45 83 109 68 94 81 93 5 32 51 2 69 82 36 23 33 14 57 80 66 52 106 108 64 84 103 100 39 101 74 99 10 15 98 16 91 12 47 26 58 56 102 104 60 105 13 3 95 30 41 88 6 1 38 67 49 28 71 43 53 50 72 73 76 34 4 89 40 48 62 87 63 86 21 18 61 96 97 65 
0 19 31 77 90 23 79 55 107 24 29 27 54 92 46 17 8 9 75 85 7 35 60 11 59 22 42 25 70 44 37 45 83 109 68 94 81 93 5 32 51 2 69 82 36 78 33 14 57 80 66 52 106 108 64 84 103 100 39 101 74 99 10 15 98 16 91 12 47 26 58 56 102 104 20 105 13 3 95 30 41 88 6 1 38 67 49 28 71 43 53 50 72 73 76 34 4 89 40 48 62 87 63 86 21 18 61 96 97 65 
0 19 31 77 90 23 79 55 107 24 29 27 54 92 46 17 8 9 75 85 7 35 20 11 59 22 42 25 70 44 37 45 83 109 68 58 26 47 12 91 16 98 15 10 99 74 101 39 100 103 84 64 108 89 52 66 80 57 14 33 40 106 4 34 76 105 72 50 53 43 71 28 49 67 38 1 6 88 41 30 95 3 13 73 60 104 102 56 94 81 93 5 32 51 2 69 82 36 78 48 62 87 63 86 21 18 61 96 97 65 
0 19 31 77 90 23 79 55 24 29 27 54 92 46 107 17 8 74 99 10 15 98 16 91 12 47 9 75 85 7 35 20 11 59 22 42 25 70 44 37 45 83 109 68 94 81 93 5 32 51 2 69 82 36 78 33 14 57 80 66 52 106 108 64 84 103 100 39 101 26 58 56 102 104 60 105 13 3 95 30 41 88 72 1 38 67 49 28 71 43 53 50 6 73 76 34 4 89 40 48 62 87 63 86 21 18 61 96 97 65 
0 19 31 77 90 23 79 55 107 24 29 27 54 92 46 17 8 9 75 85 7 35 20 11 59 22 42 25 70 21 86 63 87 62 48 40 89 4 34 76 73 72 2 50 53 43 71 28 49 67 38 1 6 88 41 30 95 3 13 105 60 104 102 56 58 26 100 12 91 16 98 15 10 99 74 101 39 47 103 84 64 108 106 52 66 80 57 14 33 78 36 82 69 51 32 5 93 81 94 68 109 83 45 37 44 18 61 96 97 65 
0 19 31 77 90 23 79 55 107 24 29 27 54 92 102 56 58 26 15 47 12 91 16 98 10 99 74 101 39 100 103 84 71 108 106 52 66 80 57 14 33 78 36 82 69 2 51 32 5 93 81 94 68 109 83 45 37 44 70 25 42 22 59 11 20 35 7 85 75 9 8 17 46 104 60 105 13 3 95 30 41 88 6 1 38 67 49 28 64 43 53 50 72 73 76 34 4 89 40 48 62 87 63 86 21 18 61 96 97 65 
0 19 31 77 90 23 79 55 107 24 29 27 54 92 46 17 8 9 75 85 7 35 20 11 59 22 42 25 70 104 102 56 58 26 47 12 91 16 98 15 10 99 74 101 39 100 103 84 64 108 106 52 66 67 2 69 82 36 78 33 14 57 80 51 32 5 93 81 94 68 109 83 45 37 44 60 105 13 3 95 30 41 88 6 1 38 49 71 43 53 50 72 73 76 34 4 89 40 48 62 87 63 28 86 21 18 61 96 97 65 
0 73 31 77 90 23 79 107 24 29 27 55 54 92 46 17 8 9 75 85 7 35 20 11 59 22 42 25 70 44 37 45 83 109 68 94 81 93 5 32 51 2 69 82 36 78 33 14 57 80 66 52 106 108 64 84 103 100 39 101 74 99 10 15 98 16 91 12 47 26 58 56 102 104 60 105 13 3 95 30 41 88 6 1 38 67 49 28 71 43 53 50 72 19 76 34 4 89 40 48 62 87 63 86 21 18 61 96 97 65 
0 19 31 77 90 23 79 55 107 24 29 27 54 92 46 17 10 99 74 101 39 100 103 84 64 108 106 52 66 80 57 14 33 78 36 82 69 2 51 32 5 93 81 94 68 109 83 45 37 44 70 25 42 22 59 11 20 35 7 85 75 9 8 15 98 16 91 12 47 26 58 56 102 104 60 105 13 3 95 30 41 88 6 1 38 67 49 28 63 43 53 50 72 73 76 34 4 89 40 48 62 87 71 86 21 18 61 96 97 65 
0 19 31 77 90 23 79 55 107 24 29 27 54 92 46 17 8 9 103 85 7 35 20 11 59 22 42 25 70 44 37 45 83 68 94 81 93 5 32 51 2 69 82 36 78 33 14 57 80 66 52 106 108 64 84 75 100 39 101 74 99 10 15 98 16 91 12 47 26 58 56 102 104 60 105 13 3 95 30 88 6 1 38 67 109 49 28 71 43 53 50 72 73 76 34 4 89 40 41 48 62 87 63 86 21 18 61 96 97 65 
0 19 31 77 90 23 79 55 107 24 29 27 54 92 34 17 8 9 75 85 7 35 20 11 59 22 42 25 70 44 37 45 83 109 68 94 81 93 5 32 51 2 69 82 36 78 33 14 57 80 66 52 106 108 64 84 103 100 39 101 74 99 10 15 98 16 91 12 47 26 58 56 43 104 60 105 13 3 95 30 41 88 6 1 38 67 49 28 71 102 53 50 72 73 76 46 4 89 40 48 62 87 63 86 21 18 61 96 97 65 
0 19 31 77 90 23 79 55 107 24 29 27 54 92 46 17 8 9 75 85 7 35 20 11 59 22 42 95 30 41 88 6 1 38 67 49 28 71 43 53 50 72 73 76 34 4 14 57 80 62 87 63 86 21 64 84 103 100 39 101 74 99 10 15 98 16 91 12 47 26 58 56 102 104 60 105 13 3 25 70 44 37 45 83 109 68 94 81 93 5 32 51 2 69 82 36 78 33 89 40 48 66 52 106 108 18 61 96 97 65 
0 19 31 77 90 23 79 105 60 104 102 56 58 26 47 12 91 16 98 15 10 99 74 101 39 100 103 84 64 108 106 52 66 80 57 14 33 78 36 82 69 2 51 32 5 93 81 94 68 109 83 45 37 44 70 25 42 22 59 11 20 35 7 85 75 9 8 17 46 92 54 27 29 24 107 55 13 3 95 30 41 88 6 1 38 48 62 87 63 43 53 50 72 73 76 34 4 89 40 67 49 28 71 86 21 18 61 96 97 65 
0 19 31 77 90 23 79 55 107 24 29 27 54 92 46 17 8 9 75 85 7 35 20 11 59 22 42 25 70 44 37 45 83 109 68 94 81 93 5 32 51 2 69 82 36 78 33 14 57 80 66 52 106 108 64 84 103 100 39 101 74 99 10 15 13 16 91 12 47 26 58 56 102 104 60 105 98 3 95 30 41 88 1 38 86 49 28 71 43 53 6 50 72 73 76 34 4 89 40 48 62 87 63 67 21 18 61 96 97 65 
0 19 31 77 90 23 79 55 107 24 29 27 54 92 46 17 8 9 75 85 7 35 20 11 59 104 42 25 70 44 37 45 83 109 68 94 81 93 5 32 51 2 69 82 36 78 33 14 57 80 66 52 106 108 64 84 103 100 39 101 74 99 10 15 98 16 91 12 47 26 58 56 102 22 60 105 13 3 95 30 41 88 6 1 50 67 49 28 71 43 53 38 72 73 76 34 4 89 40 48 62 87 63 86 21 18 61 96 65 97 
0 19 31 77 90 23 79 55 107 24 29 27 54 92 46 17 8 9 75 85 7 35 20 11 59 22 42 25 70 44 37 102 104 60 105 13 3 95 30 41 88 6 1 38 67 106 49 28 71 43 53 72 73 76 34 4 50 40 48 62 87 63 86 21 18 61 96 5 93 81 94 56 45 83 109 68 58 26 47 12 91 16 98 15 10 99 74 101 39 100 103 84 64 108 89 52 66 80 57 14 33 78 36 82 69 2 51 32 97 65 
0 19 31 77 90 23 79 55 107 24 29 27 54 92 10 15 98 16 91 12 47 26 58 56 102 104 60 105 13 3 95 30 41 88 1 38 67 49 28 71 43 53 50 72 73 76 34 4 89 40 48 62 87 63 86 21 18 61 96 97 65 99 46 17 8 9 75 85 7 35 20 11 59 22 42 25 70 44 37 45 83 109 68 94 81 93 5 32 51 2 69 82 36 78 33 14 57 80 66 52 106 108 64 84 103 100 39 101 74 6 
0 19 31 4 89 40 79 55 107 29 27 54 92 46 17 8 24 9 75 85 7 35 20 11 59 22 42 70 44 37 45 83 109 68 94 81 93 5 32 51 2 69 82 36 78 33 14 57 80 66 77 90 23 25 53 43 52 106 108 64 84 103 100 39 101 74 99 10 15 98 16 91 12 47 26 58 56 102 104 60 105 13 3 95 30 41 88 6 1 38 67 49 28 71 50 72 73 76 34 48 62 87 63 86 21 18 61 96 97 65 
0 19 31 77 90 23 79 55 107 24 29 27 54 92 46 17 8 9 75 85 7 35 20 11 59 22 25 70 44 37 45 83 109 68 94 81 74 5 32 51 2 69 82 36 78 33 14 57 80 66 52 106 108 64 84 103 100 93 39 101 99 10 98 16 91 12 47 26 58 56 102 104 60 105 13 3 95 30 41 88 6 1 38 67 42 49 28 71 43 53 50 72 73 76 34 4 89 40 48 62 87 63 86 21 18 61 96 15 97 65 
0 19 31 77 90 103 79 55 107 24 29 27 54 92 46 17 8 9 75 85 7 35 20 11 59 22 42 25 70 44 37 45 83 109 68 94 81 93 5 32 51 2 69 82 36 78 33 14 57 80 66 52 106 108 64 84 23 100 39 101 74 99 10 15 98 16 91 12 47 26 58 56 102 104 60 105 13 3 95 30 41 88 6 1 38 67 49 28 71 43 53 50 72 73 76 34 4 89 40 62 87 63 86 21 18 48 61 96 97 65 
0 19 31 77 90 23 79 55 107 24 29 27 54 4 34 76 28 73 72 50 53 43 71 49 42 38 1 6 88 41 30 95 3 13 105 60 104 102 56 58 26 47 12 91 16 98 15 10 99 74 101 39 100 103 84 64 108 106 52 66 80 57 14 33 78 36 82 69 2 51 32 5 93 81 94 68 109 83 45 37 44 70 25 67 22 59 11 20 35 7 85 75 9 8 17 46 92 89 40 48 62 87 63 86 21 18 61 96 97 65 
0 19 31 77 90 23 79 55 107 24 29 27 54 92 46 17 8 9 106 108 64 84 103 100 39 101 74 75 85 7 35 20 11 59 22 42 25 70 44 37 45 83 109 68 94 81 93 86 32 51 2 69 82 36 78 33 14 57 80 66 52 99 10 15 98 16 91 12 47 26 58 56 102 104 60 105 13 3 95 30 41 88 6 1 38 67 49 28 71 43 53 50 72 73 76 34 4 89 40 48 62 87 63 5 21 18 61 96 97 65 
0 19 31 77 90 23 79 55 107 106 29 27 54 92 46 17 8 9 75 85 7 35 20 11 59 22 42 25 70 44 37 45 83 109 68 94 81 93 5 32 51 2 69 82 36 78 33 14 57 80 66 52 24 108 64 84 103 100 39 101 74 99 10 15 98 16 91 12 47 26 58 56 102 104 60 105 13 3 95 30 41 88 6 1 38 67 28 71 43 53 50 72 49 73 76 34 4 89 40 48 62 87 63 86 21 18 61 96 97 65 
0 19 31 77 90 23 79 55 107 24 29 27 54 92 46 17 76 9 75 85 7 35 20 11 59 22 42 25 70 5 93 81 94 68 109 83 45 37 44 32 51 2 69 82 36 78 33 80 66 52 106 108 64 84 103 100 39 101 74 99 10 15 98 16 91 12 47 26 58 56 102 14 104 60 105 13 3 95 30 41 88 57 6 1 38 67 49 28 71 43 53 50 72 73 8 34 4 89 40 48 62 87 63 86 21 18 61 96 97 65 
0 19 31 77 90 23 79 55 107 24 29 27 54 92 46 38 8 9 75 85 7 35 20 11 59 22 42 25 70 44 37 45 83 109 68 94 81 93 5 32 51 2 69 82 36 78 33 14 57 80 66 52 106 108 64 84 103 100 39 101 74 99 10 15 98 16 91 12 47 26 58 56 102 104 60 105 13 3 95 30 41 88 6 1 17 67 49 28 71 43 53 50 72 73 76 34 4 89 40 48 62 87 63 86 21 18 61 96 97 65 
0 19 31 52 90 23 79 55 107 24 29 27 54 92 46 17 8 9 75 85 7 35 20 11 59 22 42 25 70 44 37 45 83 68 94 81 93 5 32 51 2 109 69 82 36 78 33 14 57 80 66 77 106 108 64 84 103 100 39 101 74 99 10 15 98 16 91 12 47 26 58 56 102 104 60 105 13 3 95 30 41 88 6 1 38 67 49 28 71 43 53 50 72 73 76 34 4 89 40 48 62 87 63 86 21 18 61 96 97 65 
0 19 31 77 90 23 79 55 107 24 29 27 54 92 46 17 8 9 75 85 7 35 20 11 59 22 42 25 70 102 56 58 96 47 12 104 16 98 15 10 99 74 101 39 100 103 84 64 108 106 52 66 80 57 14 33 78 36 82 69 2 51 32 5 93 81 94 68 109 83 45 37 44 91 60 105 13 3 95 30 41 88 6 1 38 67 49 28 71 43 53 50 72 73 76 34 4 89 40 48 62 87 63 86 21 18 61 26 97 65 
0 19 31 77 90 67 79 55 107 24 29 27 54 92 46 17 8 9 75 85 7 35 20 11 59 22 42 25 70 44 37 45 83 109 68 94 81 93 5 32 51 2 69 82 36 78 33 14 57 80 66 52 106 108 64 84 103 100 39 101 74 99 10 15 98 16 91 12 47 26 58 56 102 104 60 105 13 3 95 30 41 88 6 1 38 23 49 28 71 43 53 50 72 73 76 34 4 89 40 48 62 87 63 86 21 18 61 96 97 65 
0 68 94 81 93 5 32 51 2 69 82 36 78 33 14 57 80 43 52 106 108 64 20 59 22 42 25 70 44 37 45 83 109 19 31 77 90 23 79 55 107 24 29 27 54 92 46 17 8 9 75 85 7 35 84 103 100 39 101 74 99 10 15 98 16 91 12 47 26 58 56 102 104 60 105 13 3 95 30 41 11 66 88 6 1 38 67 49 28 71 53 72 73 76 34 4 50 89 40 48 62 87 63 86 21 18 61 96 97 65 
0 19 31 77 90 23 79 55 107 24 29 89 4 34 76 73 72 50 53 43 71 44 37 45 83 92 46 17 8 9 75 85 7 35 20 11 59 22 42 25 70 28 49 27 54 109 68 94 81 93 5 32 51 2 69 82 36 78 33 14 57 80 66 52 106 108 98 84 103 100 39 101 74 99 10 15 64 16 91 12 47 26 58 56 102 104 60 105 13 3 95 30 41 88 6 1 38 67 40 48 62 87 63 86 21 18 61 96 97 65 
0 19 31 77 90 23 79 55 107 24 29 27 104 92 46 17 8 9 75 85 7 35 20 11 59 22 42 25 70 44 37 45 83 109 68 94 81 93 5 32 51 2 69 82 36 78 33 14 57 80 66 52 106 108 64 84 103 100 39 101 74 99 10 15 98 16 91 12 47 26 58 56 102 54 60 105 13 3 95 30 41 88 6 1 38 67 49 28 71 43 53 50 72 73 76 34 4 89 40 48 62 87 63 86 21 18 61 96 97 65 
0 19 31 77 90 23 79 55 107 24 29 27 54 92 46 17 8 9 75 85 7 35 20 11 59 22 42 25 52 44 37 45 83 109 68 94 81 93 5 32 3 13 105 60 104 102 56 18 21 86 63 87 62 48 40 89 4 34 76 73 72 50 53 43 71 28 49 67 38 1 6 88 41 30 95 51 2 69 82 36 78 33 14 57 80 66 70 106 108 64 84 103 100 39 101 74 99 10 15 98 16 91 12 47 26 58 61 96 97 65 
0 19 31 77 90 23 79 107 24 55 29 48 54 92 46 17 8 9 75 85 7 35 20 11 59 22 42 25 70 44 37 45 83 109 68 94 81 93 5 32 51 2 69 82 36 78 33 14 57 80 66 52 106 108 64 84 103 100 39 101 74 99 10 15 98 16 91 12 47 26 58 56 102 104 60 34 4 89 40 30 41 88 6 1 38 67 49 28 71 43 53 50 72 73 76 105 13 3 95 27 62 87 63 86 21 18 61 96 97 65 
0 19 31 77 90 23 79 55 107 24 29 27 54 92 46 17 8 9 75 85 7 35 20 11 59 22 74 99 10 15 98 16 91 12 47 26 58 56 102 104 60 105 13 3 95 30 41 88 6 1 38 67 49 28 71 43 53 50 72 73 76 34 4 89 84 40 100 39 101 42 25 70 44 37 45 83 109 68 94 81 93 5 32 51 2 69 65 36 78 33 14 57 80 66 52 106 108 64 103 48 62 87 63 86 21 18 61 96 97 82 
0 19 31 77 90 23 79 55 107 24 29 46 92 54 27 17 8 9 75 85 7 35 20 11 59 22 42 25 70 44 37 45 83 109 68 94 81 93 5 32 51 2 69 89 6 1 38 67 49 28 71 76 18 108 10 15 98 99 21 86 63 87 62 48 40 4 34 73 72 50 53 43 64 84 103 100 39 101 74 16 91 12 47 26 58 56 102 104 60 105 13 3 95 30 41 88 82 36 78 33 14 57 80 66 52 106 61 96 97 65 
0 19 31 77 90 23 79 55 107 24 29 27 54 92 46 10 15 98 16 91 12 47 26 58 56 102 104 60 105 13 3 95 30 41 88 6 1 38 67 49 28 71 43 53 50 72 73 76 34 4 89 40 48 62 87 63 86 21 18 61 35 99 17 8 9 75 85 7 96 20 11 59 22 42 25 70 44 37 45 83 109 68 94 81 93 5 32 51 2 69 82 36 78 33 14 57 80 66 52 106 108 64 84 103 100 39 101 74 97 65 
0 19 100 39 101 74 99 10 15 98 16 91 12 47 26 58 56 102 104 60 105 13 3 95 30 41 88 6 1 38 67 49 28 71 43 53 50 72 73 76 34 4 89 40 48 62 87 63 86 21 18 61 106 108 64 84 103 31 77 90 23 79 55 107 24 29 27 54 92 46 17 8 9 75 85 7 35 33 11 59 22 42 25 70 44 37 45 83 109 68 94 81 93 5 32 51 2 69 82 36 78 20 14 57 80 66 52 96 97 65 
0 19 31 77 90 23 79 55 107 29 27 54 24 92 46 17 82 9 75 85 7 35 20 11 59 22 42 25 70 44 8 37 45 83 109 68 94 81 104 60 105 50 53 43 71 28 49 67 38 1 6 88 41 30 95 3 13 72 73 76 34 4 89 40 48 62 87 63 86 21 18 61 96 97 93 5 32 51 2 69 36 78 33 14 57 80 66 52 106 108 64 84 103 100 39 101 74 99 10 15 98 16 91 12 47 26 58 56 102 65 
0 19 31 77 90 23 79 55 107 104 29 27 54 92 46 17 8 9 75 85 7 35 20 11 59 22 42 25 70 44 37 45 83 109 68 94 81 93 5 32 51 2 69 82 36 78 33 14 57 80 66 52 106 108 64 84 103 100 39 101 74 99 10 15 98 16 91 12 47 26 58 56 102 24 60 105 13 3 95 30 41 88 6 1 38 67 49 28 71 43 53 50 72 73 76 34 4 89 40 48 62 87 63 86 21 18 61 96 97 65 
0 19 31 77 90 23 79 55 107 24 29 27 54 92 46 17 8 9 75 85 18 35 20 59 22 42 25 70 44 37 45 83 109 68 94 81 93 5 32 51 2 69 82 62 48 40 89 4 34 36 78 33 14 57 80 66 52 106 108 64 84 103 100 39 101 74 99 11 10 15 98 16 91 12 47 26 58 56 102 104 60 105 13 3 95 30 41 88 6 1 38 67 49 28 71 43 53 50 72 73 76 87 63 86 21 7 61 96 97 65 
0 19 31 77 90 23 79 55 107 24 29 27 54 92 46 17 8 102 58 26 47 12 104 16 98 15 10 99 9 75 85 7 35 20 11 59 22 42 25 70 57 37 45 83 109 68 94 56 81 93 5 32 51 2 69 82 36 78 33 14 44 80 66 52 106 108 64 84 103 100 39 101 74 91 60 105 13 3 95 30 41 88 6 1 38 67 49 28 71 43 53 50 72 73 76 34 4 89 40 48 62 87 63 86 21 18 61 96 97 65 
0 19 31 77 90 43 79 55 107 24 29 27 54 92 46 17 8 9 75 85 7 35 20 11 59 22 42 25 70 44 37 45 83 109 68 103 100 39 101 74 99 10 15 98 16 91 12 47 26 58 56 102 104 60 64 84 94 81 93 5 32 51 2 69 82 36 78 33 14 57 80 66 52 106 108 105 13 3 95 30 41 88 6 1 38 67 49 28 71 23 53 50 72 73 76 34 4 89 40 48 62 87 63 86 21 18 61 96 97 65 
0 19 31 77 90 23 79 55 107 24 29 27 54 60 104 102 56 58 26 47 12 91 16 98 15 10 99 74 101 39 100 103 84 64 108 106 52 66 80 57 14 33 78 36 82 69 2 51 32 95 93 81 94 68 109 83 45 44 37 70 25 42 22 59 11 20 35 7 85 75 9 8 17 46 92 105 13 3 5 30 41 88 6 1 38 67 49 28 71 43 53 50 72 73 76 34 4 89 40 48 62 87 63 86 21 18 61 96 97 65 
0 19 31 77 89 23 79 55 107 24 29 84 103 100 39 101 74 99 10 15 98 16 91 12 47 26 58 56 102 104 60 105 13 3 95 30 41 88 6 1 38 67 49 28 71 43 53 50 72 73 76 34 4 108 64 27 54 92 46 17 8 9 75 85 7 35 20 11 59 22 42 25 70 44 37 45 83 109 68 94 81 93 5 32 51 2 69 82 36 78 33 14 57 80 66 52 106 90 40 48 62 87 63 86 21 18 61 96 97 65 
0 19 31 77 90 23 79 55 107 24 29 27 21 92 46 17 8 9 75 85 54 7 35 20 11 59 22 42 25 70 44 37 16 83 109 68 94 81 93 5 32 51 2 69 18 86 63 87 62 48 40 89 4 34 76 73 72 50 53 43 71 28 49 67 38 1 6 88 41 30 95 3 13 105 60 104 102 56 58 26 47 12 91 45 98 15 10 99 74 101 39 100 103 84 64 108 106 52 66 80 57 14 33 78 36 82 61 96 97 65 
0 19 31 77 90 23 79 55 107 24 29 27 54 92 46 17 8 9 75 85 7 91 20 11 59 22 42 25 70 44 37 45 83 109 68 94 81 93 5 32 51 2 69 82 36 78 33 14 87 80 66 52 106 108 64 84 103 100 39 101 74 99 76 10 15 98 16 35 12 47 26 58 56 102 104 60 105 13 3 95 30 41 88 6 1 38 67 49 28 71 43 53 50 72 73 34 4 89 40 48 62 57 63 86 21 18 61 96 97 65 
0 19 31 77 102 23 79 55 107 24 29 27 54 92 46 17 8 9 75 85 7 35 20 11 59 22 42 25 70 44 37 45 83 109 68 94 81 93 5 32 51 2 69 82 36 78 33 14 57 80 66 52 106 108 64 84 103 100 39 101 74 99 10 15 98 53 50 72 47 26 58 56 90 104 60 105 13 3 95 30 41 88 6 1 38 67 49 28 71 43 16 91 12 73 76 34 4 89 40 48 62 87 63 86 21 18 61 96 97 65 
0 19 31 77 90 23 79 55 107 24 29 27 54 92 46 74 99 10 8 57 15 98 16 91 12 47 26 58 56 102 104 60 105 13 3 95 30 41 88 6 1 38 69 82 36 78 33 14 80 66 52 106 108 64 84 103 100 39 101 17 76 9 75 85 7 35 20 11 59 22 42 25 70 5 93 81 94 68 109 83 45 37 44 32 51 2 67 49 28 71 43 53 50 72 73 34 4 89 40 48 62 87 63 86 21 18 61 96 97 65 
0 19 31 77 90 23 79 55 107 24 29 27 54 92 46 17 8 9 75 85 7 35 43 71 28 49 67 38 1 6 88 41 30 95 3 13 105 109 83 45 37 44 70 25 42 22 59 11 20 53 50 72 73 76 34 4 89 40 48 62 87 63 10 15 98 16 91 12 47 26 58 56 102 104 97 60 68 94 81 93 5 32 51 2 69 82 36 78 33 14 57 80 66 52 106 108 64 84 103 100 39 101 74 99 86 21 18 61 96 65 
0 19 31 77 90 23 71 55 107 24 29 27 54 92 46 17 8 9 75 85 7 35 20 11 59 22 42 25 70 44 37 45 83 109 68 94 81 93 5 32 51 2 69 82 36 78 33 14 57 80 66 52 106 108 64 84 103 100 39 101 30 95 3 13 105 60 104 102 56 58 26 47 12 91 16 98 15 10 99 74 41 88 6 1 38 61 18 21 86 63 87 62 48 40 89 4 34 76 73 72 50 53 43 79 28 49 67 96 97 65 
0 19 31 77 90 23 79 55 107 24 29 27 54 92 46 17 76 9 75 44 53 50 72 73 8 34 4 89 40 48 62 87 63 86 21 18 61 96 97 65 2 69 82 36 78 33 14 80 66 52 106 108 64 84 103 100 39 101 74 99 10 15 98 16 91 12 47 26 58 56 102 104 60 105 13 3 95 30 41 88 57 6 1 38 67 49 28 71 43 85 7 35 20 11 59 22 42 25 70 5 93 81 94 68 109 83 45 37 32 51 
0 19 31 77 90 23 79 55 107 24 29 27 21 92 46 17 8 9 75 85 7 35 20 11 59 22 42 25 70 44 37 45 83 109 68 94 81 26 58 56 102 104 60 105 13 3 95 30 41 88 6 1 38 67 49 28 71 43 53 50 72 73 39 34 4 16 91 12 47 93 5 32 51 2 69 82 36 78 33 14 57 80 66 52 106 108 64 84 103 100 76 101 74 99 10 15 98 89 40 48 62 87 63 86 54 18 61 96 97 65 
0 2 31 77 90 23 79 55 8 17 46 92 54 27 29 24 107 102 104 60 105 13 3 95 30 22 42 25 70 44 37 45 83 109 68 94 81 93 5 32 51 19 69 82 36 78 33 14 57 80 66 52 106 108 64 84 103 100 39 101 74 99 10 15 9 75 85 7 35 20 11 59 98 16 91 12 47 26 58 56 41 88 6 1 38 67 49 28 71 43 53 50 72 73 76 34 4 89 40 48 62 87 63 86 21 18 61 96 97 65 
0 19 31 77 90 23 79 55 107 74 99 10 22 98 16 91 12 47 26 58 56 102 104 60 105 13 3 95 30 41 33 88 6 1 38 67 49 28 43 53 72 73 76 50 34 4 89 40 48 71 62 87 63 86 21 18 61 96 101 24 29 27 54 92 46 17 8 9 75 85 7 35 20 11 59 15 42 25 70 44 37 45 83 109 68 94 81 93 5 32 51 2 69 82 36 78 14 57 80 66 52 106 108 64 84 103 100 39 97 65 
0 103 100 39 101 74 99 84 19 31 77 90 52 66 80 57 14 33 78 36 82 69 2 51 32 5 93 81 94 68 109 83 45 37 44 70 25 42 22 59 11 20 35 7 85 75 9 8 17 46 92 54 96 97 64 10 15 98 16 91 12 47 26 58 56 102 104 60 105 13 3 95 30 41 88 6 1 38 67 49 28 71 43 53 50 72 73 76 34 4 89 40 48 62 87 63 86 21 18 61 27 29 24 107 55 79 23 106 108 65 
0 84 103 100 9 8 86 46 92 54 27 29 24 107 55 79 23 90 77 31 19 64 96 61 18 21 17 63 87 62 48 40 89 4 34 76 73 72 50 53 43 71 28 49 67 38 1 6 88 41 30 95 3 13 105 60 104 102 56 58 26 47 12 91 16 98 15 10 99 74 101 39 75 85 7 35 20 11 59 22 42 25 70 44 37 45 83 109 68 94 81 93 5 32 51 2 69 82 36 78 33 14 57 80 66 52 106 108 97 65 
0 19 31 77 90 23 79 55 107 24 29 27 54 92 60 105 13 45 69 3 91 16 98 15 10 99 74 101 39 100 103 104 102 56 58 26 47 12 95 30 41 88 6 1 38 9 28 43 53 50 72 73 76 34 4 89 40 48 62 87 63 86 21 18 61 96 71 97 65 14 57 80 66 52 106 108 64 84 46 17 8 49 75 85 7 35 20 11 59 22 42 25 70 44 37 83 109 68 94 81 93 5 32 51 2 67 82 36 78 33 
