0 19 31 77 90 23 79 55 107 24 29 27 54 92 46 17 8 9 75 85 7 35 20 11 59 22 42 25 70 44 37 45 83 109 68 94 81 93 5 32 51 2 69 82 36 78 33 14 57 80 66 52 106 108 64 84 103 100 39 101 74 99 10 15 98 16 91 12 47 26 58 56 102 104 60 105 13 3 95 30 41 88 6 1 38 67 49 28 71 43 53 50 72 73 76 34 4 89 40 48 62 87 63 86 21 18 61 96 97 65 
0 19 31 77 90 23 79 55 107 24 29 27 54 92 46 17 8 9 75 85 7 35 20 11 59 22 42 25 70 44 37 45 83 109 68 94 81 93 5 32 51 2 69 82 36 78 33 14 57 80 66 52 106 108 64 84 103 100 39 101 74 99 10 15 98 16 91 12 47 26 58 56 102 104 60 105 13 3 95 30 41 88 6 1 38 67 49 28 71 43 53 50 72 73 76 34 4 89 40 48 62 87 63 86 21 18 61 96 97 65 
0 19 31 77 90 23 79 55 107 24 29 27 54 92 46 17 8 9 75 85 7 35 20 11 59 22 42 25 70 44 37 45 83 109 68 94 81 93 5 32 51 2 69 82 36 78 33 14 57 80 66 52 106 108 64 84 103 100 39 101 74 99 10 15 98 16 91 12 47 26 58 56 102 104 60 105 13 3 95 30 41 88 6 1 38 67 49 28 71 43 53 50 72 73 76 34 4 89 40 48 62 87 63 86 21 18 61 96 97 65 
0 19 31 77 90 23 79 55 107 24 29 27 54 92 46 17 8 9 75 85 7 35 20 11 59 22 42 25 70 44 37 45 83 109 68 94 81 93 5 32 51 2 69 82 36 78 33 14 57 80 66 52 106 108 64 84 103 100 39 101 74 99 10 15 98 16 91 12 47 26 58 56 102 104 60 105 13 3 95 30 41 88 6 1 38 67 49 28 71 43 53 50 72 73 76 34 4 89 40 48 62 87 63 86 21 18 61 96 97 65 
0 19 31 77 90 23 79 55 107 24 29 27 54 92 46 17 8 9 75 85 7 35 20 11 59 22 42 25 70 44 37 45 83 109 68 94 81 93 5 32 51 2 69 82 36 78 33 14 57 80 66 52 106 108 64 84 103 100 39 101 74 99 10 15 98 16 91 12 47 26 58 56 102 104 60 105 13 3 95 30 41 88 6 1 38 67 49 28 71 43 53 50 72 73 76 34 4 89 40 48 62 87 63 86 21 18 61 96 97 65 
0 19 31 77 90 23 79 55 107 24 29 27 54 92 46 17 8 9 75 85 7 35 20 11 59 22 42 25 70 44 37 45 83 109 68 94 81 93 5 32 51 2 69 82 36 78 33 14 57 80 66 52 106 108 64 84 103 100 39 101 74 99 10 15 98 16 91 12 47 26 58 56 102 104 60 105 13 3 95 30 41 88 6 1 38 67 49 28 71 43 53 50 72 73 76 34 4 89 40 48 62 87 63 86 21 18 61 96 97 65 
0 19 31 77 90 23 79 55 107 24 29 27 54 92 46 17 8 9 75 85 7 35 20 11 59 22 42 25 70 44 37 45 83 109 68 94 81 93 5 32 51 2 69 82 36 78 33 14 57 80 66 52 106 108 64 84 103 100 39 101 74 99 10 15 98 16 91 12 47 26 58 56 102 104 60 105 13 3 95 30 41 88 6 1 38 67 49 28 71 43 53 50 72 73 76 34 4 89 40 48 62 87 63 86 21 18 61 96 97 65 
0 19 31 77 90 23 79 55 107 24 29 27 54 92 46 17 8 9 75 85 7 35 20 11 59 22 42 25 70 44 37 45 83 109 68 94 81 93 5 32 51 2 69 82 36 78 33 14 57 80 66 52 106 108 64 84 103 100 39 101 74 99 10 15 98 16 91 12 47 26 58 56 102 104 60 105 13 3 95 30 41 88 6 1 38 67 49 28 71 43 53 50 72 73 76 34 4 89 40 48 62 87 63 86 21 18 61 96 97 65 
0 19 31 77 90 23 79 55 107 24 29 27 54 92 46 17 8 9 75 85 7 35 20 11 59 22 42 25 70 44 37 45 83 109 68 94 81 93 5 32 51 2 69 82 36 78 33 14 57 80 66 52 106 108 64 84 103 100 39 101 74 99 10 15 98 16 91 12 47 26 58 56 102 104 60 105 13 3 95 30 41 88 6 1 38 67 49 28 71 43 53 50 72 73 76 34 4 89 40 48 62 87 63 86 21 18 61 96 97 65 
0 19 31 77 90 23 79 55 107 24 29 27 54 92 46 17 8 9 75 85 7 35 20 11 59 22 42 25 70 44 37 45 83 109 68 94 81 93 5 32 51 2 69 82 36 78 33 14 57 80 66 52 106 108 64 84 103 100 39 101 74 99 10 15 98 16 91 12 47 26 58 56 102 104 60 105 13 3 95 30 41 88 6 1 38 67 49 28 71 43 53 50 72 73 76 34 4 89 40 48 62 87 63 86 21 18 61 96 97 65 
0 19 31 77 90 23 79 55 107 24 29 27 54 92 46 17 8 9 75 85 7 35 20 11 59 22 42 25 70 44 37 45 83 109 68 94 81 93 5 32 51 2 69 82 36 78 33 14 57 80 66 52 106 108 64 84 103 100 39 101 74 99 10 15 98 16 91 12 47 26 58 56 102 104 60 105 13 3 95 30 41 88 6 1 38 67 49 28 71 43 53 50 72 73 76 34 4 89 40 48 62 87 63 86 21 18 61 96 97 65 
0 19 31 77 90 23 79 55 107 24 29 27 54 92 46 17 8 9 75 85 7 35 20 11 59 22 42 25 70 44 37 45 83 109 68 94 81 93 5 32 51 2 69 82 36 78 33 14 57 80 66 52 106 108 64 84 103 100 39 101 74 99 10 15 98 16 91 12 47 26 58 56 102 104 60 105 13 3 95 30 41 88 6 1 38 67 49 28 71 43 53 50 72 73 76 34 4 89 40 48 62 87 63 86 21 18 61 96 97 65 
0 19 31 77 90 23 79 55 107 24 29 27 54 92 46 17 8 9 75 85 7 35 20 11 59 22 42 25 70 44 37 45 83 109 68 94 81 93 5 32 51 2 69 82 36 78 33 14 57 80 66 52 106 108 64 84 103 100 39 101 74 99 10 15 98 16 91 12 47 26 58 56 102 104 60 105 13 3 95 30 41 88 6 1 38 67 49 28 71 43 53 50 72 73 76 34 4 89 40 48 62 87 63 86 21 18 61 96 97 65 
0 19 31 77 90 23 79 55 107 24 29 27 54 92 46 17 8 9 75 85 7 35 20 11 59 22 42 25 70 44 37 45 83 109 68 94 81 93 5 32 51 2 69 82 36 78 33 14 57 80 66 52 106 108 64 84 103 100 39 101 74 99 10 15 98 16 91 12 47 26 58 56 102 104 60 105 13 3 95 30 41 88 6 1 38 67 49 28 71 43 53 50 72 73 76 34 4 89 40 48 62 87 63 86 21 18 61 96 97 65 
0 19 31 77 90 23 79 55 107 24 29 27 54 92 46 17 8 9 75 85 7 35 20 11 59 22 42 25 70 44 37 45 83 109 68 94 81 93 5 32 51 2 69 82 36 78 33 14 57 80 66 52 106 108 64 84 103 100 39 101 74 99 10 15 98 16 91 12 47 26 58 56 102 104 60 105 13 3 95 30 41 88 6 1 38 67 49 28 71 43 53 50 72 73 76 34 4 89 40 48 62 87 63 86 21 18 61 96 97 65 
0 19 31 77 90 23 79 55 107 24 29 27 54 92 46 17 8 9 75 85 7 35 20 11 59 22 42 25 70 44 37 45 83 109 68 94 81 93 5 32 51 2 69 82 36 78 33 14 57 80 66 52 106 108 64 84 103 100 39 101 74 99 10 15 98 16 91 12 47 26 58 56 102 104 60 105 13 3 95 30 41 88 6 1 38 67 49 28 71 43 53 50 72 73 76 34 4 89 40 48 62 87 63 86 21 18 61 96 97 65 
0 19 31 77 90 23 79 55 107 24 29 27 54 92 46 17 8 9 75 85 7 35 20 11 59 22 42 25 70 44 37 45 83 109 68 94 81 93 5 32 51 2 69 82 36 78 33 14 57 80 66 52 106 108 64 84 103 100 39 101 74 99 10 15 98 16 91 12 47 26 58 56 102 104 60 105 13 3 95 30 41 88 6 1 38 67 49 28 71 43 53 50 72 73 76 34 4 89 40 48 62 87 63 86 21 18 61 96 97 65 
0 19 31 77 90 23 79 55 107 24 29 27 54 92 46 17 8 9 75 85 7 35 20 11 59 22 42 25 70 44 37 45 83 109 68 94 81 93 5 32 51 2 69 82 36 78 33 14 57 80 66 52 106 108 64 84 103 100 39 101 74 99 10 15 98 16 91 12 47 26 58 56 102 104 60 105 13 3 95 30 41 88 6 1 38 67 49 28 71 43 53 50 72 73 76 34 4 89 40 48 62 87 63 86 21 18 61 96 97 65 
0 19 31 77 90 23 79 55 107 24 29 27 54 92 46 17 8 9 75 85 7 35 20 11 59 22 42 25 70 44 37 45 83 109 68 94 81 93 5 32 51 2 69 82 36 78 33 14 57 80 66 52 106 108 64 84 103 100 39 101 74 99 10 15 98 16 91 12 47 26 58 56 102 104 60 105 13 3 95 30 41 88 6 1 38 67 49 28 71 43 53 50 72 73 76 34 4 89 40 48 62 87 63 86 21 18 61 96 97 65 
0 19 31 77 90 23 79 55 107 24 29 27 54 92 46 17 8 9 75 85 7 35 20 11 59 22 42 25 70 44 37 45 83 109 68 94 81 93 5 32 51 2 69 82 36 78 33 14 57 80 66 52 106 108 64 84 103 100 39 101 74 99 10 15 98 16 91 12 47 26 58 56 102 104 60 105 13 3 95 30 41 88 6 1 38 67 49 28 71 43 53 50 72 73 76 34 4 89 40 48 62 87 63 86 21 18 61 96 97 65 
0 19 31 77 90 23 79 55 107 24 29 27 54 92 46 17 8 9 75 85 7 35 20 11 59 22 42 25 70 44 37 45 83 109 68 94 81 93 5 32 51 2 69 82 36 78 33 14 57 80 66 52 106 108 64 84 103 100 39 101 74 99 10 15 98 16 91 12 47 26 58 56 102 104 60 105 13 3 95 30 41 88 6 1 38 67 49 28 71 43 53 50 72 73 76 34 4 89 40 48 62 87 63 86 21 18 61 96 97 65 
0 19 31 77 90 23 79 55 107 24 29 27 54 92 46 17 8 9 75 85 7 35 20 11 59 22 42 25 70 44 37 45 83 109 68 94 81 93 5 32 51 2 69 82 36 78 33 14 57 80 66 52 106 108 64 84 103 100 39 101 74 99 10 15 98 16 91 12 47 26 58 56 102 104 60 105 13 3 95 30 41 88 6 1 38 67 49 28 71 43 53 50 72 73 76 34 4 89 40 48 62 87 63 86 21 18 61 96 97 65 
0 19 31 77 90 23 79 55 107 24 29 27 54 92 46 17 8 9 75 85 7 35 20 11 59 22 42 25 70 44 37 45 83 109 68 94 81 93 5 32 51 2 69 82 36 78 33 14 57 80 66 52 106 108 64 84 103 100 39 101 74 99 10 15 98 16 91 12 47 26 58 56 102 104 60 105 13 3 95 30 41 88 6 1 38 67 49 28 71 43 53 50 72 73 76 34 4 89 40 48 62 87 63 86 21 18 61 96 97 65 
0 19 31 77 90 23 79 55 107 24 29 27 54 92 46 17 8 9 75 85 7 35 20 11 59 22 42 25 70 44 37 45 83 109 68 94 81 93 5 32 51 2 69 82 36 78 33 14 57 80 66 52 106 108 64 84 103 100 39 101 74 99 10 15 98 16 91 12 47 26 58 56 102 104 60 105 13 3 95 30 41 88 6 1 38 67 49 28 71 43 53 50 72 73 76 34 4 89 40 48 62 87 63 86 21 18 61 96 97 65 
0 19 31 77 90 23 79 55 107 24 29 27 54 92 46 17 8 9 75 85 7 35 20 11 59 22 42 25 70 44 37 45 83 109 68 94 81 93 5 32 51 2 69 82 36 78 33 14 57 80 66 52 106 108 64 84 103 100 39 101 74 99 10 15 98 16 91 12 47 26 58 56 102 104 60 105 13 3 95 30 41 88 6 1 38 67 49 28 71 43 53 50 72 73 76 34 4 89 40 48 62 87 63 86 21 18 61 96 97 65 
0 19 31 77 90 23 79 55 107 24 29 27 54 92 46 17 8 9 75 85 7 35 20 11 59 22 42 25 70 44 37 45 83 109 68 94 81 93 5 32 51 2 69 82 36 78 33 14 57 80 66 52 106 108 64 84 103 100 39 101 74 99 10 15 98 16 91 12 47 26 58 56 102 104 60 105 13 3 95 30 41 88 6 1 38 67 49 28 71 43 53 50 72 73 76 34 4 89 40 48 62 87 63 86 21 18 61 96 97 65 
0 19 31 77 90 23 79 55 107 24 29 27 54 92 46 17 8 9 75 85 7 35 20 11 59 22 42 25 70 44 37 45 83 109 68 94 81 93 5 32 51 2 69 82 36 78 33 14 57 80 66 52 106 108 64 84 103 100 39 101 74 99 10 15 98 16 91 12 47 26 58 56 102 104 60 105 13 3 95 30 41 88 6 1 38 67 49 28 71 43 53 50 72 73 76 34 4 89 40 48 62 87 63 86 21 18 61 96 97 65 
0 19 31 77 90 23 79 55 107 24 29 27 54 92 46 17 8 9 75 85 7 35 20 11 59 22 42 25 70 44 37 45 83 109 68 94 81 93 5 32 51 2 69 82 36 78 33 14 57 80 66 52 106 108 64 84 103 100 39 101 74 99 10 15 98 16 91 12 47 26 58 56 102 104 60 105 13 3 95 30 41 88 6 1 38 67 49 28 71 43 53 50 72 73 76 34 4 89 40 48 62 87 63 86 21 18 61 96 97 65 
0 19 31 77 90 23 79 55 107 24 29 27 54 92 46 17 8 9 75 85 7 35 20 11 59 22 42 25 70 44 37 45 83 109 68 94 81 93 5 32 51 2 69 82 36 78 33 14 57 80 66 52 106 108 64 84 103 100 39 101 74 99 10 15 98 16 91 12 47 26 58 56 102 104 60 105 13 3 95 30 41 88 6 1 38 67 49 28 71 43 53 50 72 73 76 34 4 89 40 48 62 87 63 86 21 18 61 96 97 65 
0 19 31 77 90 23 79 55 107 24 29 27 54 92 46 17 8 9 75 85 7 35 20 11 59 22 42 25 70 44 37 45 83 109 68 94 81 93 5 32 51 2 69 82 36 78 33 14 57 80 66 52 106 108 64 84 103 100 39 101 74 99 10 15 98 16 91 12 47 26 58 56 102 104 60 105 13 3 95 30 41 88 6 1 38 67 49 28 71 43 53 50 72 73 76 34 4 89 40 48 62 87 63 86 21 18 61 96 97 65 
0 19 31 77 90 23 79 55 107 24 29 27 54 92 46 17 8 9 75 85 7 35 20 11 59 22 42 25 70 44 37 45 83 109 68 94 81 93 5 32 51 2 69 82 36 78 33 14 57 80 66 52 106 108 64 84 103 100 39 101 74 99 10 15 98 16 91 12 47 26 58 56 102 104 60 105 13 3 95 30 41 88 6 1 38 67 49 28 71 43 53 50 72 73 76 34 4 89 40 48 62 87 63 86 21 18 61 96 97 65 
0 19 31 77 90 23 79 55 107 24 29 27 54 92 46 17 8 9 75 85 7 35 20 11 59 22 42 25 70 44 37 45 83 109 68 94 81 93 5 32 51 2 69 82 36 78 33 14 57 80 66 52 106 108 64 84 103 100 39 101 74 99 10 15 98 16 91 12 47 26 58 56 102 104 60 105 13 3 95 30 41 88 6 1 38 67 49 28 71 43 53 50 72 73 76 34 4 89 40 48 62 87 63 86 21 18 61 96 97 65 
0 19 31 77 90 23 79 55 107 24 29 27 54 92 46 17 8 9 75 85 7 35 20 11 59 22 42 25 70 44 37 45 83 109 68 94 81 93 5 32 51 2 69 82 36 78 33 14 57 80 66 52 106 108 64 84 103 100 39 101 74 99 10 15 98 16 91 12 47 26 58 56 102 104 60 105 13 3 95 30 41 88 6 1 38 67 49 28 71 43 53 50 72 73 76 34 4 89 40 48 62 87 63 86 21 18 61 96 97 65 
0 19 31 77 90 23 79 55 107 24 29 27 54 92 46 17 8 9 75 85 7 35 20 11 59 22 42 25 70 44 37 45 83 109 68 94 81 93 5 32 51 2 69 82 36 78 33 14 57 80 66 52 106 108 64 84 103 100 39 101 74 99 10 15 98 16 91 12 47 26 58 56 102 104 60 105 13 3 95 30 41 88 6 1 38 67 49 28 71 43 53 50 72 73 76 34 4 89 40 48 62 87 63 86 21 18 61 96 97 65 
0 19 31 77 90 23 79 55 107 24 29 27 54 92 46 17 8 9 75 85 7 35 20 11 59 22 42 25 70 44 37 45 83 109 68 94 81 93 5 32 51 2 69 82 36 78 33 14 57 80 66 52 106 108 64 84 103 100 39 101 74 99 10 15 98 16 91 12 47 26 58 56 102 104 60 105 13 3 95 30 41 88 6 1 38 67 49 28 71 43 53 50 72 73 76 34 4 89 40 48 62 87 63 86 21 18 61 96 97 65 
0 19 31 77 90 23 79 55 107 24 29 27 54 92 46 17 8 9 75 85 7 35 20 11 59 22 42 25 70 44 37 45 83 109 68 94 81 93 5 32 51 2 69 82 36 78 33 14 57 80 66 52 106 108 64 84 103 100 39 101 74 99 10 15 98 16 91 12 47 26 58 56 102 104 60 105 13 3 95 30 41 88 6 1 38 67 49 28 71 43 53 50 72 73 76 34 4 89 40 48 62 87 63 86 21 18 61 96 97 65 
0 19 31 77 90 23 79 55 107 24 29 27 54 92 46 17 8 9 75 85 7 35 20 11 59 22 42 25 70 44 37 45 83 109 68 94 81 93 5 32 51 2 69 82 36 78 33 14 57 80 66 52 106 108 64 84 103 100 39 101 74 99 10 15 98 16 91 12 47 26 58 56 102 104 60 105 13 3 95 30 41 88 6 1 38 67 49 28 71 43 53 50 72 73 76 34 4 89 40 48 62 87 63 86 21 18 61 96 97 65 
0 19 31 77 90 23 79 55 107 24 29 27 54 92 46 17 8 9 75 85 7 35 20 11 59 22 42 25 70 44 37 45 83 109 68 94 81 93 5 32 51 2 69 82 36 78 33 14 57 80 66 52 106 108 64 84 103 100 39 101 74 99 10 15 98 16 91 12 47 26 58 56 102 104 60 105 13 3 95 30 41 88 6 1 38 67 49 28 71 43 53 50 72 73 76 34 4 89 40 48 62 87 63 86 21 18 61 96 97 65 
0 19 31 77 90 23 79 55 107 24 29 27 54 92 46 17 8 9 75 85 7 35 20 11 59 22 42 25 70 44 37 45 83 109 68 94 81 93 5 32 51 2 69 82 36 78 33 14 57 80 66 52 106 108 64 84 103 100 39 101 74 99 10 15 98 16 91 12 47 26 58 56 102 104 60 105 13 3 95 30 41 88 6 1 38 67 49 28 71 43 53 50 72 73 76 34 4 89 40 48 62 87 63 86 21 18 61 96 97 65 
0 19 31 77 90 23 79 55 107 24 29 27 54 92 46 17 8 9 75 85 7 35 20 11 59 22 42 25 70 44 37 45 83 109 68 94 81 93 5 32 51 2 69 82 36 78 33 14 57 80 66 52 106 108 64 84 103 100 39 101 74 99 10 15 98 16 91 12 47 26 58 56 102 104 60 105 13 3 95 30 41 88 6 1 38 67 49 28 71 43 53 50 72 73 76 34 4 89 40 48 62 87 63 86 21 18 61 96 97 65 
0 19 31 77 90 23 79 55 107 24 29 27 54 92 46 17 8 9 75 85 7 35 20 11 59 22 42 25 70 44 37 45 83 109 68 94 81 93 5 32 51 2 69 82 36 78 33 14 57 80 66 52 106 108 64 84 103 100 39 101 74 99 10 15 98 16 91 12 47 26 58 56 102 104 60 105 13 3 95 30 41 88 6 1 38 67 49 28 71 43 53 50 72 73 76 34 4 89 40 48 62 87 63 86 21 18 61 96 97 65 
0 19 31 77 90 23 79 55 107 24 29 27 54 92 46 17 8 9 75 85 7 35 20 11 59 22 42 25 70 44 37 45 83 109 68 94 81 93 5 32 51 2 69 82 36 78 33 14 57 80 66 52 106 108 64 84 103 100 39 101 74 99 10 15 98 16 91 12 47 26 58 56 102 104 60 105 13 3 95 30 41 88 6 1 38 67 49 28 71 43 53 50 72 73 76 34 4 89 40 48 62 87 63 86 21 18 61 96 97 65 
0 19 31 77 90 23 79 55 107 24 29 27 54 92 46 17 8 9 75 85 7 35 20 11 59 22 42 25 70 44 37 45 83 109 68 94 81 93 5 32 51 2 69 82 36 78 33 14 57 80 66 52 106 108 64 84 103 100 39 101 74 99 10 15 98 16 91 12 47 26 58 56 102 104 60 105 13 3 95 30 41 88 6 1 38 67 49 28 71 43 53 50 72 73 76 34 4 89 40 48 62 87 63 86 21 18 61 96 97 65 
0 19 31 77 90 23 79 55 107 24 29 27 54 92 46 17 8 9 75 85 7 35 20 11 59 22 42 25 70 44 37 45 83 109 68 94 81 93 5 32 51 2 69 82 36 78 33 14 57 80 66 52 106 108 64 84 103 100 39 101 74 99 10 15 98 16 91 12 47 26 58 56 102 104 60 105 13 3 95 30 41 88 6 1 38 67 49 28 71 43 53 50 72 73 76 34 4 89 40 48 62 87 63 86 21 18 61 96 97 65 
0 19 31 77 90 23 79 55 107 24 29 27 54 92 46 17 8 9 75 85 7 35 20 11 59 22 42 25 70 44 37 45 83 109 68 94 81 93 5 32 51 2 69 82 36 78 33 14 57 80 66 52 106 108 64 84 103 100 39 101 74 99 10 15 98 16 91 12 47 26 58 56 102 104 60 105 13 3 95 30 41 88 6 1 38 67 49 28 71 43 53 50 72 73 76 34 4 89 40 48 62 87 63 86 21 18 61 96 97 65 
0 19 31 77 90 23 79 55 107 24 29 27 54 92 46 17 8 9 75 85 7 35 20 11 59 22 42 25 70 44 37 45 83 109 68 94 81 93 5 32 51 2 69 82 36 78 33 14 57 80 66 52 106 108 64 84 103 100 39 101 74 99 10 15 98 16 91 12 47 26 58 56 102 104 60 105 13 3 95 30 41 88 6 1 38 67 49 28 71 43 53 50 72 73 76 34 4 89 40 48 62 87 63 86 21 18 61 96 97 65 
0 19 31 77 90 23 79 55 107 24 29 27 54 92 46 17 8 9 75 85 7 35 20 11 59 22 42 25 70 44 37 45 83 109 68 94 81 93 5 32 51 2 69 82 36 78 33 14 57 80 66 52 106 108 64 84 103 100 39 101 74 99 10 15 98 16 91 12 47 26 58 56 102 104 60 105 13 3 95 30 41 88 6 1 38 67 49 28 71 43 53 50 72 73 76 34 4 89 40 48 62 87 63 86 21 18 61 96 97 65 
0 19 31 77 90 23 79 55 107 24 29 27 54 92 46 17 8 9 75 85 7 35 20 11 59 22 42 25 70 44 37 45 83 109 68 94 81 93 5 32 51 2 69 82 36 78 33 14 57 80 66 52 106 108 64 84 103 100 39 101 74 99 10 15 98 16 91 12 47 26 58 56 102 104 60 105 13 3 95 30 41 88 6 1 38 67 49 28 71 43 53 50 72 73 76 34 4 89 40 48 62 87 63 86 21 18 61 96 97 65 
0 19 31 77 90 23 79 55 107 24 29 27 54 92 46 17 8 9 75 85 7 35 20 11 59 22 42 25 70 44 37 45 83 109 68 94 81 93 5 32 51 2 69 82 36 78 33 14 57 80 66 52 106 108 64 84 103 100 39 101 74 99 10 15 98 16 91 12 47 26 58 56 102 104 60 105 13 3 95 30 41 88 6 1 38 67 49 28 71 43 53 50 72 73 76 34 4 89 40 48 62 87 63 86 21 18 61 96 97 65 
0 19 31 77 90 23 79 55 107 24 29 27 54 92 46 17 8 9 75 85 7 35 20 11 59 22 42 25 70 44 37 45 83 109 68 94 81 93 5 32 51 2 69 82 36 78 33 14 57 80 66 52 106 108 64 84 103 100 39 101 74 99 10 15 98 16 91 12 47 26 58 56 102 104 60 105 13 3 95 30 41 88 6 1 38 67 49 28 71 43 53 50 72 73 76 34 4 89 40 48 62 87 63 86 21 18 61 96 97 65 
0 19 31 77 90 23 79 55 107 24 29 27 54 92 46 17 8 9 75 85 7 35 20 11 59 22 42 25 70 44 37 45 83 109 68 94 81 93 5 32 51 2 69 82 36 78 33 14 57 80 66 52 106 108 64 84 103 100 39 101 74 99 10 15 98 16 91 12 47 26 58 56 102 104 60 105 13 3 95 30 41 88 6 1 38 67 49 28 71 43 53 50 72 73 76 34 4 89 40 48 62 87 63 86 21 18 61 96 97 65 
0 19 31 77 90 23 79 55 107 24 29 27 54 92 46 17 8 9 75 85 7 35 20 11 59 22 42 25 70 44 37 45 83 109 68 94 81 93 5 32 51 2 69 82 36 78 33 14 57 80 66 52 106 108 64 84 103 100 39 101 74 99 10 15 98 16 91 12 47 26 58 56 102 104 60 105 13 3 95 30 41 88 6 1 38 67 49 28 71 43 53 50 72 73 76 34 4 89 40 48 62 87 63 86 21 18 61 96 97 65 
0 19 31 77 90 23 79 55 107 24 29 27 54 92 46 17 8 9 75 85 7 35 20 11 59 22 42 25 70 44 37 45 83 109 68 94 81 93 5 32 51 2 69 82 36 78 33 14 57 80 66 52 106 108 64 84 103 100 39 101 74 99 10 15 98 16 91 12 47 26 58 56 102 104 60 105 13 3 95 30 41 88 6 1 38 67 49 28 71 43 53 50 72 73 76 34 4 89 40 48 62 87 63 86 21 18 61 96 97 65 
0 19 31 77 90 23 79 55 107 24 29 27 54 92 46 17 8 9 75 85 7 35 20 11 59 22 42 25 70 44 37 45 83 109 68 94 81 93 5 32 51 2 69 82 36 78 33 14 57 80 66 52 106 108 64 84 103 100 39 101 74 99 10 15 98 16 91 12 47 26 58 56 102 104 60 105 13 3 95 30 41 88 6 1 38 67 49 28 71 43 53 50 72 73 76 34 4 89 40 48 62 87 63 86 21 18 61 96 97 65 
0 19 31 77 90 23 79 55 107 24 29 27 54 92 46 17 8 9 75 85 7 35 20 11 59 22 42 25 70 44 37 45 83 109 68 94 81 93 5 32 51 2 69 82 36 78 33 14 57 80 66 52 106 108 64 84 103 100 39 101 74 99 10 15 98 16 91 12 47 26 58 56 102 104 60 105 13 3 95 30 41 88 6 1 38 67 49 28 71 43 53 50 72 73 76 34 4 89 40 48 62 87 63 86 21 18 61 96 97 65 
0 19 31 77 90 23 79 55 107 24 29 27 54 92 46 17 8 9 75 85 7 35 20 11 59 22 42 25 70 44 37 45 83 109 68 94 81 93 5 32 51 2 69 82 36 78 33 14 57 80 66 52 106 108 64 84 103 100 39 101 74 99 10 15 98 16 91 12 47 26 58 56 102 104 60 105 13 3 95 30 41 88 6 1 38 67 49 28 71 43 53 50 72 73 76 34 4 89 40 48 62 87 63 86 21 18 61 96 97 65 
0 19 31 77 90 23 79 55 107 24 29 27 54 92 46 17 8 9 75 85 7 35 20 11 59 22 42 25 70 44 37 45 83 109 68 94 81 93 5 32 51 2 69 82 36 78 33 14 57 80 66 52 106 108 64 84 103 100 39 101 74 99 10 15 98 16 91 12 47 26 58 56 102 104 60 105 13 3 95 30 41 88 6 1 38 67 49 28 71 43 53 50 72 73 76 34 4 89 40 48 62 87 63 86 21 18 61 96 97 65 
0 19 31 77 90 23 79 55 107 24 29 27 54 92 46 17 8 9 75 85 7 35 20 11 59 22 42 25 70 44 37 45 83 109 68 94 81 93 5 32 51 2 69 82 36 78 33 14 57 80 66 52 106 108 64 84 103 100 39 101 74 99 10 15 98 16 91 12 47 26 58 56 102 104 60 105 13 3 95 30 41 88 6 1 38 67 49 28 71 43 53 50 72 73 76 34 4 89 40 48 62 87 63 86 21 18 61 96 97 65 
0 19 31 77 90 23 79 55 107 24 29 27 54 92 46 17 8 9 75 85 7 35 20 11 59 22 42 25 70 44 37 45 83 109 68 94 81 93 5 32 51 2 69 82 36 78 33 14 57 80 66 52 106 108 64 84 103 100 39 101 74 99 10 15 98 16 91 12 47 26 58 56 102 104 60 105 13 3 95 30 41 88 6 1 38 67 49 28 71 43 53 50 72 73 76 34 4 89 40 48 62 87 63 86 21 18 61 96 97 65 
0 19 31 77 90 23 79 55 107 24 29 27 54 92 46 17 8 9 75 85 7 35 20 11 59 22 42 25 70 44 37 45 83 109 68 94 81 93 5 32 51 2 69 82 36 78 33 14 57 80 66 52 106 108 64 84 103 100 39 101 74 99 10 15 98 16 91 12 47 26 58 56 102 104 60 105 13 3 95 30 41 88 6 1 38 67 49 28 71 43 53 50 72 73 76 34 4 89 40 48 62 87 63 86 21 18 61 96 97 65 
0 19 31 77 90 23 79 55 107 24 29 27 54 92 46 17 8 9 75 85 7 35 20 11 59 22 42 25 70 44 37 45 83 109 68 94 81 93 5 32 51 2 69 82 36 78 33 14 57 80 66 52 106 108 64 84 103 100 39 101 74 99 10 15 98 16 91 12 47 26 58 56 102 104 60 105 13 3 95 30 41 88 6 1 38 67 49 28 71 43 53 50 72 73 76 34 4 89 40 48 62 87 63 86 21 18 61 96 97 65 
0 19 31 77 90 23 79 55 107 24 29 27 54 92 46 17 8 9 75 85 7 35 20 11 59 22 42 25 70 44 37 45 83 109 68 94 81 93 5 32 51 2 69 82 36 78 33 14 57 80 66 52 106 108 64 84 103 100 39 101 74 99 10 15 98 16 91 12 47 26 58 56 102 104 60 105 13 3 95 30 41 88 6 1 38 67 49 28 71 43 53 50 72 73 76 34 4 89 40 48 62 87 63 86 21 18 61 96 97 65 
0 19 31 77 90 23 79 55 107 24 29 27 54 92 46 17 8 9 75 85 7 35 20 11 59 22 42 25 70 44 37 45 83 109 68 94 81 93 5 32 51 2 69 82 36 78 33 14 57 80 66 52 106 108 64 84 103 100 39 101 74 99 10 15 98 16 91 12 47 26 58 56 102 104 60 105 13 3 95 30 41 88 6 1 38 67 49 28 71 43 53 50 72 73 76 34 4 89 40 48 62 87 63 86 21 18 61 96 97 65 
0 19 31 77 90 23 79 55 107 24 29 27 54 92 46 17 8 9 75 85 7 35 20 11 59 22 42 25 70 44 37 45 83 109 68 94 81 93 5 32 51 2 69 82 36 78 33 14 57 80 66 52 106 108 64 84 103 100 39 101 74 99 10 15 98 16 91 12 47 26 58 56 102 104 60 105 13 3 95 30 41 88 6 1 38 67 49 28 71 43 53 50 72 73 76 34 4 89 40 48 62 87 63 86 21 18 61 96 97 65 
0 19 31 77 90 23 79 55 107 24 29 27 54 92 46 17 8 9 75 85 7 35 20 11 59 22 42 25 70 44 37 45 83 109 68 94 81 93 5 32 51 2 69 82 36 78 33 14 57 80 66 52 106 108 64 84 103 100 39 101 74 99 10 15 98 16 91 12 47 26 58 56 102 104 60 105 13 3 95 30 41 88 6 1 38 67 49 28 71 43 53 50 72 73 76 34 4 89 40 48 62 87 63 86 21 18 61 96 97 65 
0 19 31 77 90 23 79 55 107 24 29 27 54 92 46 17 8 9 75 85 7 35 20 11 59 22 42 25 70 44 37 45 83 109 68 94 81 93 5 32 51 2 69 82 36 78 33 14 57 80 66 52 106 108 64 84 103 100 39 101 74 99 10 15 98 16 91 12 47 26 58 56 102 104 60 105 13 3 95 30 41 88 6 1 38 67 49 28 71 43 53 50 72 73 76 34 4 89 40 48 62 87 63 86 21 18 61 96 97 65 
0 19 31 77 90 23 79 55 107 24 29 27 54 92 46 17 8 9 75 85 7 35 20 11 59 22 42 25 70 44 37 45 83 109 68 94 81 93 5 32 51 2 69 82 36 78 33 14 57 80 66 52 106 108 64 84 103 100 39 101 74 99 10 15 98 16 91 12 47 26 58 56 102 104 60 105 13 3 95 30 41 88 6 1 38 67 49 28 71 43 53 50 72 73 76 34 4 89 40 48 62 87 63 86 21 18 61 96 97 65 
0 19 31 77 90 23 79 55 107 24 29 27 54 92 46 17 8 9 75 85 7 35 20 11 59 22 42 25 70 44 37 45 83 109 68 94 81 93 5 32 51 2 69 82 36 78 33 14 57 80 66 52 106 108 64 84 103 100 39 101 74 99 10 15 98 16 91 12 47 26 58 56 102 104 60 105 13 3 95 30 41 88 6 1 38 67 49 28 71 43 53 50 72 73 76 34 4 89 40 48 62 87 63 86 21 18 61 96 97 65 
0 19 31 77 90 23 79 55 107 24 29 27 54 92 46 17 8 9 75 85 7 35 20 11 59 22 42 25 70 44 37 45 83 109 68 94 81 93 5 32 51 2 69 82 36 78 33 14 57 80 66 52 106 108 64 84 103 100 39 101 74 99 10 15 98 16 91 12 47 26 58 56 102 104 60 105 13 3 95 30 41 88 6 1 38 67 49 28 71 43 53 50 72 73 76 34 4 89 40 48 62 87 63 86 21 18 61 96 97 65 
0 19 31 77 90 23 79 55 107 24 29 27 54 92 46 17 8 9 75 85 7 35 20 11 59 22 42 25 70 44 37 45 83 109 68 94 81 93 5 32 51 2 69 82 36 78 33 14 57 80 66 52 106 108 64 84 103 100 39 101 74 99 10 15 98 16 91 12 47 26 58 56 102 104 60 105 13 3 95 30 41 88 6 1 38 67 49 28 71 43 53 50 72 73 76 34 4 89 40 48 62 87 63 86 21 18 61 96 97 65 
0 19 31 77 90 23 79 55 107 24 29 27 54 92 46 17 8 9 75 85 7 35 20 11 59 22 42 25 70 44 37 45 83 109 68 94 81 93 5 32 51 2 69 82 36 78 33 14 57 80 66 52 106 108 64 84 103 100 39 101 74 99 10 15 98 16 91 12 47 26 58 56 102 104 60 105 13 3 95 30 41 88 6 1 38 67 49 28 71 43 53 50 72 73 76 34 4 89 40 48 62 87 63 86 21 18 61 96 97 65 
0 19 31 77 90 23 79 55 107 24 29 27 54 92 46 17 8 9 75 85 7 35 20 11 59 22 42 25 70 44 37 45 83 109 68 94 81 93 5 32 51 2 69 82 36 78 33 14 57 80 66 52 106 108 64 84 103 100 39 101 74 99 10 15 98 16 91 12 47 26 58 56 102 104 60 105 13 3 95 30 41 88 6 1 38 67 49 28 71 43 53 50 72 73 76 34 4 89 40 48 62 87 63 86 21 18 61 96 97 65 
0 19 31 77 90 23 79 55 107 24 29 27 54 92 46 17 8 9 75 85 7 35 20 11 59 22 42 25 70 44 37 45 83 109 68 94 81 93 5 32 51 2 69 82 36 78 33 14 57 80 66 52 106 108 64 84 103 100 39 101 74 99 10 15 98 16 91 12 47 26 58 56 102 104 60 105 13 3 95 30 41 88 6 1 38 67 49 28 71 43 53 50 72 73 76 34 4 89 40 48 62 87 63 86 21 18 61 96 97 65 
0 19 31 77 90 23 79 55 107 24 29 27 54 92 46 17 8 9 75 85 7 35 20 11 59 22 42 25 70 44 37 45 83 109 68 94 81 93 5 32 51 2 69 82 36 78 33 14 57 80 66 52 106 108 64 84 103 100 39 101 74 99 10 15 98 16 91 12 47 26 58 56 102 104 60 105 13 3 95 30 41 88 6 1 38 67 49 28 71 43 53 50 72 73 76 34 4 89 40 48 62 87 63 86 21 18 61 96 97 65 
0 19 31 77 90 23 79 55 107 24 29 27 54 92 46 17 8 9 75 85 7 35 20 11 59 22 42 25 70 44 37 45 83 109 68 94 81 93 5 32 51 2 69 82 36 78 33 14 57 80 66 52 106 108 64 84 103 100 39 101 74 99 10 15 98 16 91 12 47 26 58 56 102 104 60 105 13 3 95 30 41 88 6 1 38 67 49 28 71 43 53 50 72 73 76 34 4 89 40 48 62 87 63 86 21 18 61 96 97 65 
0 19 31 77 90 23 79 55 107 24 29 27 54 92 46 17 8 9 75 85 7 35 20 11 59 22 42 25 70 44 37 45 83 109 68 94 81 93 5 32 51 2 69 82 36 78 33 14 57 80 66 52 106 108 64 84 103 100 39 101 74 99 10 15 98 16 91 12 47 26 58 56 102 104 60 105 13 3 95 30 41 88 6 1 38 67 49 28 71 43 53 50 72 73 76 34 4 89 40 48 62 87 63 86 21 18 61 96 97 65 
0 19 31 77 90 23 79 55 107 24 29 27 54 92 46 17 8 9 75 85 7 35 20 11 59 22 42 25 70 44 37 45 83 109 68 94 81 93 5 32 51 2 69 82 36 78 33 14 57 80 66 52 106 108 64 84 103 100 39 101 74 99 10 15 98 16 91 12 47 26 58 56 102 104 60 105 13 3 95 30 41 88 6 1 38 67 49 28 71 43 53 50 72 73 76 34 4 89 40 48 62 87 63 86 21 18 61 96 97 65 
0 19 31 77 90 23 79 55 107 24 29 27 54 92 46 17 8 9 75 85 7 35 20 11 59 22 42 25 70 44 37 45 83 109 68 94 81 93 5 32 51 2 69 82 36 78 33 14 57 80 66 52 106 108 64 84 103 100 39 101 74 99 10 15 98 16 91 12 47 26 58 56 102 104 60 105 13 3 95 30 41 88 6 1 38 67 49 28 71 43 53 50 72 73 76 34 4 89 40 48 62 87 63 86 21 18 61 96 97 65 
0 19 31 77 90 23 79 55 107 24 29 27 54 92 46 17 8 9 75 85 7 35 20 11 59 22 42 25 70 44 37 45 83 109 68 94 81 93 5 32 51 2 69 82 36 78 33 14 57 80 66 52 106 108 64 84 103 100 39 101 74 99 10 15 98 16 91 12 47 26 58 56 102 104 60 105 13 3 95 30 41 88 6 1 38 67 49 28 71 43 53 50 72 73 76 34 4 89 40 48 62 87 63 86 21 18 61 96 97 65 
0 19 31 77 90 23 79 55 107 24 29 27 54 92 46 17 8 9 75 85 7 35 20 11 59 22 42 25 70 44 37 45 83 109 68 94 81 93 5 32 51 2 69 82 36 78 33 14 57 80 66 52 106 108 64 84 103 100 39 101 74 99 10 15 98 16 91 12 47 26 58 56 102 104 60 105 13 3 95 30 41 88 6 1 38 67 49 28 71 43 53 50 72 73 76 34 4 89 40 48 62 87 63 86 21 18 61 96 97 65 
0 19 31 77 90 23 79 55 107 24 29 27 54 92 46 17 8 9 75 85 7 35 20 11 59 22 42 25 70 44 37 45 83 109 68 94 81 93 5 32 51 2 69 82 36 78 33 14 57 80 66 52 106 108 64 84 103 100 39 101 74 99 10 15 98 16 91 12 47 26 58 56 102 104 60 105 13 3 95 30 41 88 6 1 38 67 49 28 71 43 53 50 72 73 76 34 4 89 40 48 62 87 63 86 21 18 61 96 97 65 
0 19 31 77 90 23 79 55 107 24 29 27 54 92 46 17 8 9 75 85 7 35 20 11 59 22 42 25 70 44 37 45 83 109 68 94 81 93 5 32 51 2 69 82 36 78 33 14 57 80 66 52 106 108 64 84 103 100 39 101 74 99 10 15 98 16 91 12 47 26 58 56 102 104 60 105 13 3 95 30 41 88 6 1 38 67 49 28 71 43 53 50 72 73 76 34 4 89 40 48 62 87 63 86 21 18 61 96 97 65 
0 19 31 77 90 23 79 55 107 24 29 27 54 92 46 17 8 9 75 85 7 35 20 11 59 22 42 25 70 44 37 45 83 109 68 94 81 93 5 32 51 2 69 82 36 78 33 14 57 80 66 52 106 108 64 84 103 100 39 101 74 99 10 15 98 16 91 12 47 26 58 56 102 104 60 105 13 3 95 30 41 88 6 1 38 67 49 28 71 43 53 50 72 73 76 34 4 89 40 48 62 87 63 86 21 18 61 96 97 65 
0 19 31 77 90 23 79 55 107 24 29 27 54 92 46 17 8 9 75 85 7 35 20 11 59 22 42 25 70 44 37 45 83 109 68 94 81 93 5 32 51 2 69 82 36 78 33 14 57 80 66 52 106 108 64 84 103 100 39 101 74 99 10 15 98 16 91 12 47 26 58 56 102 104 60 105 13 3 95 30 41 88 6 1 38 67 49 28 71 43 53 50 72 73 76 34 4 89 40 48 62 87 63 86 21 18 61 96 97 65 
0 19 31 77 90 23 79 55 107 24 29 27 54 92 46 17 8 9 75 85 7 35 20 11 59 22 42 25 70 44 37 45 83 109 68 94 81 93 5 32 51 2 69 82 36 78 33 14 57 80 66 52 106 108 64 84 103 100 39 101 74 99 10 15 98 16 91 12 47 26 58 56 102 104 60 105 13 3 95 30 41 88 6 1 38 67 49 28 71 43 53 50 72 73 76 34 4 89 40 48 62 87 63 86 21 18 61 96 97 65 
0 19 31 77 90 23 79 55 107 24 29 27 54 92 46 17 8 9 75 85 7 35 20 11 59 22 42 25 70 44 37 45 83 109 68 94 81 93 5 32 51 2 69 82 36 78 33 14 57 80 66 52 106 108 64 84 103 100 39 101 74 99 10 15 98 16 91 12 47 26 58 56 102 104 60 105 13 3 95 30 41 88 6 1 38 67 49 28 71 43 53 50 72 73 76 34 4 89 40 48 62 87 63 86 21 18 61 96 97 65 
0 19 31 77 90 23 79 55 107 24 29 27 54 92 46 17 8 9 75 85 7 35 20 11 59 22 42 25 70 44 37 45 83 109 68 94 81 93 5 32 51 2 69 82 36 78 33 14 57 80 66 52 106 108 64 84 103 100 39 101 74 99 10 15 98 16 91 12 47 26 58 56 102 104 60 105 13 3 95 30 41 88 6 1 38 67 49 28 71 43 53 50 72 73 76 34 4 89 40 48 62 87 63 86 21 18 61 96 97 65 
0 19 31 77 90 23 79 55 107 24 29 27 54 92 46 17 8 9 75 85 7 35 20 11 59 22 42 25 70 44 37 45 83 109 68 94 81 93 5 32 51 2 69 82 36 78 33 14 57 80 66 52 106 108 64 84 103 100 39 101 74 99 10 15 98 16 91 12 47 26 58 56 102 104 60 105 13 3 95 30 41 88 6 1 38 67 49 28 71 43 53 50 72 73 76 34 4 89 40 48 62 87 63 86 21 18 61 96 97 65 
0 19 31 77 90 23 79 55 107 24 29 27 54 92 46 17 8 9 75 85 7 35 20 11 59 22 42 25 70 44 37 45 83 109 68 94 81 93 5 32 51 2 69 82 36 78 33 14 57 80 66 52 106 108 64 84 103 100 39 101 74 99 10 15 98 16 91 12 47 26 58 56 102 104 60 105 13 3 95 30 41 88 6 1 38 67 49 28 71 43 53 50 72 73 76 34 4 89 40 48 62 87 63 86 21 18 61 96 97 65 
0 19 31 77 90 23 79 55 107 24 29 27 54 92 46 17 8 9 75 85 7 35 20 11 59 22 42 25 70 44 37 45 83 109 68 94 81 93 5 32 51 2 69 82 36 78 33 14 57 80 66 52 106 108 64 84 103 100 39 101 74 99 10 15 98 16 91 12 47 26 58 56 102 104 60 105 13 3 95 30 41 88 6 1 38 67 49 28 71 43 53 50 72 73 76 34 4 89 40 48 62 87 63 86 21 18 61 96 97 65 
0 19 31 77 90 23 79 55 107 24 29 27 54 92 46 17 8 9 75 85 7 35 20 11 59 22 42 25 70 44 37 45 83 109 68 94 81 93 5 32 51 2 69 82 36 78 33 14 57 80 66 52 106 108 64 84 103 100 39 101 74 99 10 15 98 16 91 12 47 26 58 56 102 104 60 105 13 3 95 30 41 88 6 1 38 67 49 28 71 43 53 50 72 73 76 34 4 89 40 48 62 87 63 86 21 18 61 96 97 65 
0 19 31 77 90 23 79 55 107 24 29 27 54 92 46 17 8 9 75 85 7 35 20 11 59 22 42 25 70 44 37 45 83 109 68 94 81 93 5 32 51 2 69 82 36 78 33 14 57 80 66 52 106 108 64 84 103 100 39 101 74 99 10 15 98 16 91 12 47 26 58 56 102 104 60 105 13 3 95 30 41 88 6 1 38 67 49 28 71 43 53 50 72 73 76 34 4 89 40 48 62 87 63 86 21 18 61 96 97 65 
0 19 31 77 90 23 79 55 107 24 29 27 54 92 46 17 8 9 75 85 7 35 20 11 59 22 42 25 70 44 37 45 83 109 68 94 81 93 5 32 51 2 69 82 36 78 33 14 57 80 66 52 106 108 64 84 103 100 39 101 74 99 10 15 98 16 91 12 47 26 58 56 102 104 60 105 13 3 95 30 41 88 6 1 38 67 49 28 71 43 53 50 72 73 76 34 4 89 40 48 62 87 63 86 21 18 61 96 97 65 
0 19 31 77 90 23 79 55 107 24 29 27 54 92 46 17 8 9 75 85 7 35 20 11 59 22 42 25 70 44 37 45 83 109 68 94 81 93 5 32 51 2 69 82 36 78 33 14 57 80 66 52 106 108 64 84 103 100 39 101 74 99 10 15 98 16 91 12 47 26 58 56 102 104 60 105 13 3 95 30 41 88 6 1 38 67 49 28 71 43 53 50 72 73 76 34 4 89 40 48 62 87 63 86 21 18 61 96 97 65 
0 19 31 77 90 23 79 55 107 24 29 27 54 92 46 17 8 9 75 85 7 35 20 11 59 22 42 25 70 44 37 45 83 109 68 94 81 93 5 32 51 2 69 82 36 78 33 14 57 80 66 52 106 108 64 84 103 100 39 101 74 99 10 15 98 16 91 12 47 26 58 56 102 104 60 105 13 3 95 30 41 88 6 1 38 67 49 28 71 43 53 50 72 73 76 34 4 89 40 48 62 87 63 86 21 18 61 96 97 65 
0 19 31 77 90 23 79 55 107 24 29 27 54 92 46 17 8 9 75 85 7 35 20 11 59 22 42 25 70 44 37 45 83 109 68 94 81 93 5 32 51 2 69 82 36 78 33 14 57 80 66 52 106 108 64 84 103 100 39 101 74 99 10 15 98 16 91 12 47 26 58 56 102 104 60 105 13 3 95 30 41 88 6 1 38 67 49 28 71 43 53 50 72 73 76 34 4 89 40 48 62 87 63 86 21 18 61 96 97 65 
0 19 31 77 90 23 79 55 107 24 29 27 54 92 46 17 8 9 75 85 7 35 20 11 59 22 42 25 70 44 37 45 83 109 68 94 81 93 5 32 51 2 69 82 36 78 33 14 57 80 66 52 106 108 64 84 103 100 39 101 74 99 10 15 98 16 91 12 47 26 58 56 102 104 60 105 13 3 95 30 41 88 6 1 38 67 49 28 71 43 53 50 72 73 76 34 4 89 40 48 62 87 63 86 21 18 61 96 97 65 
0 19 31 77 90 23 79 55 107 24 29 27 54 92 46 17 8 9 75 85 7 35 20 11 59 22 42 25 70 44 37 45 83 109 68 94 81 93 5 32 51 2 69 82 36 78 33 14 57 80 66 52 106 108 64 84 103 100 39 101 74 99 10 15 98 16 91 12 47 26 58 56 102 104 60 105 13 3 95 30 41 88 6 1 38 67 49 28 71 43 53 50 72 73 76 34 4 89 40 48 62 87 63 86 21 18 61 96 97 65 
0 19 31 77 90 23 79 55 107 24 29 27 54 92 46 17 8 9 75 85 7 35 20 11 59 22 42 25 70 44 37 45 83 109 68 94 81 93 5 32 51 2 69 82 36 78 33 14 57 80 66 52 106 108 64 84 103 100 39 101 74 99 10 15 98 16 91 12 47 26 58 56 102 104 60 105 13 3 95 30 41 88 6 1 38 67 49 28 71 43 53 50 72 73 76 34 4 89 40 48 62 87 63 86 21 18 61 96 97 65 
0 19 31 77 90 23 79 55 107 24 29 27 54 92 46 17 8 9 75 85 7 35 20 11 59 22 42 25 70 44 37 45 83 109 68 94 81 93 5 32 51 2 69 82 36 78 33 14 57 80 66 52 106 108 64 84 103 100 39 101 74 99 10 15 98 16 91 12 47 26 58 56 102 104 60 105 13 3 95 30 41 88 6 1 38 67 49 28 71 43 53 50 72 73 76 34 4 89 40 48 62 87 63 86 21 18 61 96 97 65 
0 19 31 77 90 23 79 55 107 24 29 27 54 92 46 17 8 9 75 85 7 35 20 11 59 22 42 25 70 44 37 45 83 109 68 94 81 93 5 32 51 2 69 82 36 78 33 14 57 80 66 52 106 108 64 84 103 100 39 101 74 99 10 15 98 16 91 12 47 26 58 56 102 104 60 105 13 3 95 30 41 88 6 1 38 67 49 28 71 43 53 50 72 73 76 34 4 89 40 48 62 87 63 86 21 18 61 96 97 65 
0 19 31 77 90 23 79 55 107 24 29 27 54 92 46 17 8 9 75 85 7 35 20 11 59 22 42 25 70 44 37 45 83 109 68 94 81 93 5 32 51 2 69 82 36 78 33 14 57 80 66 52 106 108 64 84 103 100 39 101 74 99 10 15 98 16 91 12 47 26 58 56 102 104 60 105 13 3 95 30 41 88 6 1 38 67 49 28 71 43 53 50 72 73 76 34 4 89 40 48 62 87 63 86 21 18 61 96 97 65 
0 19 31 77 90 23 79 55 107 24 29 27 54 92 46 17 8 9 75 85 7 35 20 11 59 22 42 25 70 44 37 45 83 109 68 94 81 93 5 32 51 2 69 82 36 78 33 14 57 80 66 52 106 108 64 84 103 100 39 101 74 99 10 15 98 16 91 12 47 26 58 56 102 104 60 105 13 3 95 30 41 88 6 1 38 67 49 28 71 43 53 50 72 73 76 34 4 89 40 48 62 87 63 86 21 18 61 96 97 65 
0 19 31 77 90 23 79 55 107 24 29 27 54 92 46 17 8 9 75 85 7 35 20 11 59 22 42 25 70 44 37 45 83 109 68 94 81 93 5 32 51 2 69 82 36 78 33 14 57 80 66 52 106 108 64 84 103 100 39 101 74 99 10 15 98 16 91 12 47 26 58 56 102 104 60 105 13 3 95 30 41 88 6 1 38 67 49 28 71 43 53 50 72 73 76 34 4 89 40 48 62 87 63 86 21 18 61 96 97 65 
0 19 31 77 90 23 79 55 107 24 29 27 54 92 46 17 8 9 75 85 7 35 20 11 59 22 42 25 70 44 37 45 83 109 68 94 81 93 5 32 51 2 69 82 36 78 33 14 57 80 66 52 106 108 64 84 103 100 39 101 74 99 10 15 98 16 91 12 47 26 58 56 102 104 60 105 13 3 95 30 41 88 6 1 38 67 49 28 71 43 53 50 72 73 76 34 4 89 40 48 62 87 63 86 21 18 61 96 97 65 
0 19 31 77 90 23 79 55 107 24 29 27 54 92 46 17 8 9 75 85 7 35 20 11 59 22 42 25 70 44 37 45 83 109 68 94 81 93 5 32 51 2 69 82 36 78 33 14 57 80 66 52 106 108 64 84 103 100 39 101 74 99 10 15 98 16 91 12 47 26 58 56 102 104 60 105 13 3 95 30 41 88 6 1 38 67 49 28 71 43 53 50 72 73 76 34 4 89 40 48 62 87 63 86 21 18 61 96 97 65 
0 19 31 77 90 23 79 55 107 24 29 27 54 92 46 17 8 9 75 85 7 35 20 11 59 22 42 25 70 44 37 45 83 109 68 94 81 93 5 32 51 2 69 82 36 78 33 14 57 80 66 52 106 108 64 84 103 100 39 101 74 99 10 15 98 16 91 12 47 26 58 56 102 104 60 105 13 3 95 30 41 88 6 1 38 67 49 28 71 43 53 50 72 73 76 34 4 89 40 48 62 87 63 86 21 18 61 96 97 65 
0 19 31 77 90 23 79 55 107 24 29 27 54 92 46 17 8 9 75 85 7 35 20 11 59 22 42 25 70 44 37 45 83 109 68 94 81 93 5 32 51 2 69 82 36 78 33 14 57 80 66 52 106 108 64 84 103 100 39 101 74 99 10 15 98 16 91 12 47 26 58 56 102 104 60 105 13 3 95 30 41 88 6 1 38 67 49 28 71 43 53 50 72 73 76 34 4 89 40 48 62 87 63 86 21 18 61 96 97 65 
0 19 31 77 90 23 79 55 107 24 29 27 54 92 46 17 8 9 75 85 7 35 20 11 59 22 42 25 70 44 37 45 83 109 68 94 81 93 5 32 51 2 69 82 36 78 33 14 57 80 66 52 106 108 64 84 103 100 39 101 74 99 10 15 98 16 91 12 47 26 58 56 102 104 60 105 13 3 95 30 41 88 6 1 38 67 49 28 71 43 53 50 72 73 76 34 4 89 40 48 62 87 63 86 21 18 61 96 97 65 
0 19 31 77 90 23 79 55 107 24 29 27 54 92 46 17 8 9 75 85 7 35 20 11 59 22 42 25 70 44 37 45 83 109 68 94 81 93 5 32 51 2 69 82 36 78 33 14 57 80 66 52 106 108 64 84 103 100 39 101 74 99 10 15 98 16 91 12 47 26 58 56 102 104 60 105 13 3 95 30 41 88 6 1 38 67 49 28 71 43 53 50 72 73 76 34 4 89 40 48 62 87 63 86 21 18 61 96 97 65 
0 19 31 77 90 23 79 55 107 24 29 27 54 92 46 17 8 9 75 85 7 35 20 11 59 22 42 25 70 44 37 45 83 109 68 94 81 93 5 32 51 2 69 82 36 78 33 14 57 80 66 52 106 108 64 84 103 100 39 101 74 99 10 15 98 16 91 12 47 26 58 56 102 104 60 105 13 3 95 30 41 88 6 1 38 67 49 28 71 43 53 50 72 73 76 34 4 89 40 48 62 87 63 86 21 18 61 96 97 65 
0 19 31 77 90 23 79 55 107 24 29 27 54 92 46 17 8 9 75 85 7 35 20 11 59 22 42 25 70 44 37 45 83 109 68 94 81 93 5 32 51 2 69 82 36 78 33 14 57 80 66 52 106 108 64 84 103 100 39 101 74 99 10 15 98 16 91 12 47 26 58 56 102 104 60 105 13 3 95 30 41 88 6 1 38 67 49 71 28 43 53 50 72 73 76 34 4 89 40 48 62 87 63 86 21 18 61 96 97 65 
0 19 31 77 90 23 79 55 107 24 29 27 54 92 46 17 8 9 75 85 7 35 20 11 59 22 42 25 70 44 37 45 83 109 68 94 81 93 5 32 51 2 69 82 34 76 73 72 50 53 43 71 28 49 67 38 1 6 88 41 30 95 3 13 105 60 104 102 56 58 26 47 12 91 16 98 15 10 99 74 101 39 100 103 84 64 108 106 52 66 80 57 14 33 78 36 4 89 40 48 62 87 63 86 21 18 61 96 97 65 
0 19 31 77 90 23 79 55 107 24 29 27 54 92 46 17 8 9 75 85 7 35 20 11 59 22 42 25 70 44 37 45 83 109 68 94 81 93 5 32 51 69 2 82 36 78 33 14 57 80 66 52 106 108 64 84 103 100 39 101 74 99 10 15 98 16 91 12 47 26 58 56 102 104 60 105 13 3 95 30 41 88 6 1 38 67 49 28 71 43 53 50 72 73 76 34 4 89 40 48 62 87 63 86 21 18 61 96 97 65 
0 19 31 77 90 23 79 55 107 24 29 27 54 92 46 17 8 9 75 85 7 35 20 11 59 22 42 25 70 44 37 45 83 109 68 94 81 93 5 32 51 2 69 82 36 78 33 14 57 80 66 52 106 108 64 84 103 100 39 101 74 99 10 15 98 16 91 12 47 26 58 56 102 104 60 105 13 3 95 30 41 88 6 1 38 71 49 28 67 43 53 50 72 73 76 34 4 89 40 48 62 87 63 86 21 18 61 96 97 65 
0 19 31 77 90 23 79 55 107 24 29 27 54 92 46 17 8 9 75 85 7 35 20 11 59 22 42 25 70 44 37 45 83 109 68 94 81 93 5 32 51 2 69 82 36 78 33 73 72 50 53 43 71 28 49 67 38 1 6 88 41 30 95 3 13 105 60 104 102 56 58 26 47 12 91 16 98 15 10 99 74 101 39 100 103 84 64 108 106 52 66 80 57 14 76 34 4 89 40 48 62 87 63 86 21 18 61 96 97 65 
0 19 31 77 90 23 79 55 107 24 29 27 54 92 46 17 8 9 75 85 7 35 20 11 59 22 42 25 70 44 37 45 83 109 68 94 81 93 5 32 51 2 69 82 36 78 33 14 57 80 66 52 106 108 64 84 103 100 39 101 74 99 10 15 98 16 91 12 47 26 58 56 102 104 60 3 13 105 95 30 41 88 6 1 38 67 49 28 71 43 53 50 72 73 76 34 4 89 40 48 62 87 63 86 21 18 61 96 97 65 
0 19 31 77 90 23 79 55 107 24 29 27 54 92 46 17 8 75 9 85 7 35 20 11 59 22 42 25 70 44 37 45 83 109 68 94 81 93 5 32 51 2 69 82 36 78 33 14 57 80 66 52 106 108 64 84 103 100 39 101 74 99 10 15 98 16 91 12 47 26 58 56 102 104 60 105 13 3 95 30 41 88 6 1 38 67 49 28 71 43 53 50 72 73 76 34 4 89 40 48 62 87 63 86 21 18 61 96 97 65 
0 19 31 77 90 23 79 55 107 24 29 27 54 92 46 17 8 9 75 85 7 35 59 11 20 22 42 25 70 44 37 45 83 109 68 94 81 93 5 32 51 2 69 82 36 78 33 14 57 80 66 52 106 108 64 84 103 100 39 101 74 99 10 15 98 16 91 12 47 26 58 56 102 104 60 105 13 3 95 30 41 88 6 1 38 67 49 28 71 43 53 50 72 73 76 34 4 89 40 48 62 87 63 86 21 18 61 96 97 65 
0 19 31 77 90 23 79 55 107 24 29 27 54 92 46 17 8 9 75 85 7 35 20 11 59 22 42 25 70 44 37 45 83 109 68 94 81 93 5 32 51 2 69 82 36 78 33 14 57 80 66 52 106 84 64 108 103 100 39 101 74 99 10 15 98 16 91 12 47 26 58 56 102 104 60 105 13 3 95 30 41 88 6 1 38 67 49 28 71 43 53 50 72 73 76 34 4 89 40 48 62 87 63 86 21 18 61 96 97 65 
0 77 31 19 90 23 79 55 107 24 29 27 54 92 46 17 8 9 75 85 7 35 20 11 59 22 42 25 70 44 37 45 83 109 68 94 81 93 5 32 51 2 69 82 36 78 33 14 57 80 66 52 106 108 64 84 103 100 39 101 74 99 10 15 98 16 91 12 47 26 58 56 102 104 60 105 13 3 95 30 41 88 6 1 38 67 49 28 71 43 53 50 72 73 76 34 4 89 40 48 62 87 63 86 21 18 61 96 97 65 
0 19 31 77 90 23 79 55 107 24 29 27 54 92 46 17 8 9 75 85 7 35 20 11 59 22 42 25 70 44 37 45 83 109 68 94 81 93 5 32 51 2 69 82 36 78 33 14 57 80 66 52 106 108 64 84 103 100 39 101 74 99 10 15 98 16 91 12 47 26 58 56 102 104 105 13 3 95 30 41 88 60 6 1 38 67 49 28 71 43 53 50 72 73 76 34 4 89 40 48 62 87 63 86 21 18 61 96 97 65 
0 19 31 77 90 23 79 55 107 24 29 27 54 92 46 17 8 9 75 85 7 35 20 11 59 22 42 25 70 44 37 45 83 109 68 94 81 93 5 32 51 2 69 82 36 78 33 14 57 80 66 52 106 108 64 84 103 100 39 101 74 99 10 15 98 16 91 12 47 26 58 56 102 104 60 105 13 3 95 30 41 88 6 1 38 67 49 28 71 43 53 50 72 73 89 4 34 76 40 48 62 87 63 86 21 18 61 96 97 65 
0 19 31 77 90 23 79 55 107 24 29 27 54 92 46 17 8 9 75 85 7 35 20 11 59 22 42 25 70 44 37 45 83 109 68 94 81 93 5 32 51 2 69 82 36 78 33 14 57 80 66 52 106 108 64 84 103 100 39 101 74 99 10 15 98 16 91 12 47 26 58 56 102 104 88 41 30 95 3 13 105 60 6 1 38 67 49 28 71 43 53 50 72 73 76 34 4 89 40 48 62 87 63 86 21 18 61 96 97 65 
0 19 31 77 90 23 79 55 107 24 29 27 54 92 46 17 8 9 75 85 7 35 20 11 59 22 42 25 70 44 37 45 83 109 68 94 81 93 5 32 51 2 69 82 36 78 33 14 57 80 66 52 106 108 64 84 103 100 39 101 74 99 10 15 98 16 91 12 47 26 58 56 102 104 60 105 13 3 95 30 41 88 6 1 38 67 49 28 71 43 53 72 73 76 34 4 89 40 50 48 62 87 63 86 21 18 61 96 97 65 
0 19 31 77 90 23 79 55 107 24 29 27 54 92 46 17 8 9 75 85 7 35 20 11 59 22 42 25 70 44 37 45 83 109 68 94 81 93 5 32 51 2 69 103 84 64 108 106 52 66 80 57 14 33 78 36 82 100 39 101 74 99 10 15 98 16 91 12 47 26 58 56 102 104 60 105 13 3 95 30 41 88 6 1 38 67 49 28 71 43 53 50 72 73 76 34 4 89 40 48 62 87 63 86 21 18 61 96 97 65 
0 19 31 77 90 23 79 55 107 24 29 27 54 92 46 17 8 9 75 85 7 35 20 11 59 22 42 25 70 44 37 45 83 109 68 94 81 93 5 32 51 2 69 82 36 78 33 14 57 80 66 52 106 108 64 84 103 100 39 101 74 99 10 15 98 16 91 12 104 26 58 56 102 47 60 105 13 3 95 30 41 88 6 1 38 67 49 28 71 43 53 50 72 73 76 34 4 89 40 48 62 87 63 86 21 18 61 96 97 65 
0 19 31 77 90 23 79 55 107 24 29 27 54 92 46 17 8 9 75 85 7 35 20 11 59 22 42 25 70 44 37 45 83 109 68 94 81 93 5 32 51 2 69 82 36 78 33 14 57 80 66 52 106 108 64 84 103 100 39 101 74 99 10 15 98 16 91 12 47 26 58 56 102 104 60 105 13 3 95 30 41 88 6 1 38 67 49 50 53 43 71 28 72 73 76 34 4 89 40 48 62 87 63 86 21 18 61 96 97 65 
0 19 31 77 90 23 79 55 107 24 29 27 54 92 46 17 8 9 75 85 7 35 20 11 59 22 42 25 70 44 37 45 83 109 68 94 81 93 5 32 51 2 69 82 36 78 33 14 57 80 66 52 106 108 64 84 103 100 39 101 74 99 10 15 98 16 91 12 47 26 58 56 102 104 60 105 13 3 95 30 41 88 6 1 38 67 49 28 71 43 53 50 72 73 76 34 4 89 40 48 62 63 86 21 87 18 61 96 97 65 
0 19 31 77 90 23 79 55 107 24 29 27 54 92 46 17 8 9 75 85 7 35 20 11 59 22 42 25 70 44 37 45 83 109 68 94 81 93 5 32 51 2 69 82 36 78 33 14 57 80 66 52 106 108 64 84 103 100 39 101 74 99 10 15 98 16 91 12 47 26 58 56 102 104 60 105 13 3 95 30 41 88 6 1 38 67 49 28 71 43 50 72 73 76 34 53 4 89 40 48 62 87 63 86 21 18 61 96 97 65 
0 19 31 77 90 23 79 55 107 24 29 27 54 92 46 17 8 9 75 85 7 35 20 11 59 22 42 25 70 44 37 45 83 109 68 94 81 93 5 32 51 2 69 82 36 78 33 14 57 80 66 52 106 108 64 84 103 100 39 101 74 10 99 15 98 16 91 12 6 88 41 30 95 3 13 105 60 104 102 56 58 26 47 1 38 67 49 28 71 43 53 50 72 73 76 34 4 89 40 48 62 87 63 86 21 18 61 96 97 65 
0 19 31 77 90 23 79 55 107 24 29 27 54 92 46 17 8 9 75 85 7 35 20 11 59 22 42 25 70 44 37 45 83 109 68 94 81 93 5 32 51 2 69 82 36 78 33 14 57 80 66 52 106 108 64 84 103 100 39 101 74 99 10 15 98 16 91 12 47 26 58 102 104 60 105 13 3 95 30 41 88 6 1 38 67 49 28 71 43 53 56 50 72 73 76 34 4 89 40 48 62 87 63 86 21 18 61 96 97 65 
0 19 31 77 90 23 79 55 107 24 29 27 54 92 46 17 8 9 75 85 7 35 20 11 59 22 42 25 70 44 37 45 83 109 68 94 81 93 5 32 51 2 69 82 36 78 33 14 57 80 66 52 106 108 64 84 103 100 39 101 74 99 10 15 98 16 91 12 47 26 58 56 102 104 60 105 13 3 95 30 41 88 6 1 72 50 53 43 71 28 49 67 38 73 76 34 4 89 40 48 62 87 63 86 21 18 61 96 97 65 
0 19 31 77 90 23 79 55 107 24 29 27 54 92 46 17 8 9 75 85 7 35 20 11 59 22 42 25 70 44 37 45 83 109 68 94 81 93 5 32 51 2 69 82 36 78 33 14 57 66 52 106 108 64 84 80 103 100 39 101 74 99 10 15 98 16 91 12 47 26 58 56 102 104 60 105 13 3 95 30 41 88 6 1 38 67 49 28 71 43 53 50 72 73 76 34 4 89 40 48 62 87 63 86 21 18 61 96 97 65 
0 19 31 77 90 23 79 55 107 24 29 27 54 92 46 17 8 9 75 85 7 35 20 11 59 22 42 25 70 44 37 45 83 109 68 94 81 93 5 32 51 2 69 82 36 78 33 14 57 66 52 106 108 64 84 103 100 39 101 74 99 10 15 98 16 91 12 47 26 80 58 56 102 104 60 105 13 3 95 30 41 88 6 1 38 67 49 28 71 43 53 50 72 73 76 34 4 89 40 48 62 87 63 86 21 18 61 96 97 65 
0 19 31 77 90 23 79 55 107 24 29 27 54 92 46 17 8 9 75 85 7 35 20 11 59 22 42 25 70 44 37 45 83 109 68 94 81 93 5 32 51 2 69 82 74 36 78 33 14 57 80 66 52 106 108 64 84 103 100 39 101 99 10 15 98 16 91 12 47 26 58 56 102 104 60 105 13 3 95 30 41 88 6 1 38 67 49 28 71 43 53 50 72 73 76 34 4 89 40 48 62 87 63 86 21 18 61 96 97 65 
0 19 31 77 90 23 79 55 107 24 29 27 54 92 46 17 8 9 75 85 7 35 20 11 59 22 42 25 70 44 37 45 83 109 68 94 81 93 5 32 51 2 69 82 36 78 33 14 57 80 66 52 106 108 64 84 103 100 39 101 74 99 10 15 98 16 91 12 47 58 56 102 104 60 105 13 3 95 26 30 41 88 6 1 38 71 28 49 67 43 53 50 72 73 76 34 4 89 40 48 62 87 63 86 21 18 61 96 97 65 
0 19 31 77 90 23 79 55 107 24 29 27 54 92 46 17 8 9 75 37 44 70 25 42 22 59 11 20 35 7 85 45 83 109 68 94 81 93 5 32 51 2 69 82 36 78 33 14 57 80 66 52 106 108 64 84 103 100 39 101 74 99 10 15 98 16 91 12 47 26 58 56 102 104 60 105 13 3 95 30 41 88 6 1 38 67 49 28 71 43 53 50 72 73 76 34 4 89 40 48 62 87 63 86 21 18 61 96 97 65 
0 19 31 77 90 23 79 55 107 24 29 35 7 85 75 9 8 17 46 92 54 27 20 11 59 22 42 25 70 44 37 45 83 109 68 94 81 93 5 32 51 2 69 82 36 78 33 14 57 80 66 52 106 108 64 84 103 100 39 101 74 99 10 15 98 16 91 12 47 26 58 56 102 104 60 105 13 3 95 30 41 88 6 1 38 67 49 28 71 43 53 50 72 73 76 34 4 89 40 48 62 87 63 86 21 18 61 96 97 65 
0 19 31 77 90 23 79 55 107 24 29 27 54 92 46 17 8 9 75 85 7 35 20 11 59 22 42 25 70 44 37 45 83 109 68 94 81 93 5 32 51 2 69 82 36 78 33 14 57 80 66 52 106 64 84 103 100 39 101 74 99 10 15 98 16 91 12 47 26 58 108 56 102 104 60 105 13 3 95 30 41 88 6 1 38 67 49 28 71 43 53 50 72 73 76 34 4 89 40 48 62 87 63 86 21 18 61 96 97 65 
0 19 31 77 90 23 79 55 107 24 29 27 54 92 46 17 8 9 75 85 7 35 20 11 59 22 42 25 70 44 37 45 83 109 68 94 81 93 5 32 51 2 69 82 15 10 99 74 101 39 100 103 84 64 108 106 52 66 80 57 14 33 78 36 98 16 91 12 47 26 58 56 102 104 60 105 13 3 95 30 41 88 6 1 38 67 49 28 71 43 53 50 72 73 76 34 4 89 40 48 62 87 63 86 21 18 61 96 97 65 
0 19 31 77 90 23 79 55 107 24 29 27 54 92 46 17 8 9 75 85 7 35 20 11 59 22 42 25 70 44 37 45 51 109 68 94 81 93 5 32 83 2 69 82 36 78 33 14 57 80 66 52 106 108 64 84 103 100 39 101 74 99 10 15 98 16 91 12 47 26 58 56 102 104 60 105 13 3 95 30 41 88 6 1 38 67 49 28 71 43 53 50 72 73 76 34 4 89 40 48 62 87 63 86 21 18 61 96 97 65 
0 19 31 77 90 23 79 55 107 24 29 27 54 92 46 17 8 9 75 85 7 35 20 11 59 22 42 25 70 44 37 45 83 109 68 94 81 84 64 108 106 52 66 80 57 14 33 78 36 82 69 2 51 93 5 32 103 100 39 101 74 99 10 15 98 16 91 12 47 26 58 56 102 104 60 105 13 3 95 30 41 88 6 1 38 67 49 28 71 43 53 50 72 73 76 34 4 89 40 48 62 87 63 86 21 18 61 96 97 65 
0 19 31 77 90 23 79 55 107 24 29 27 54 92 46 17 8 9 75 85 7 35 20 11 59 22 42 25 70 44 37 45 83 109 68 94 81 93 5 32 51 2 69 82 36 78 33 14 57 80 66 52 108 64 84 103 100 39 101 74 99 10 15 98 16 91 12 47 26 58 56 102 104 60 105 13 3 95 30 41 88 6 1 38 67 49 28 71 43 53 50 72 73 76 34 4 89 40 106 48 62 87 63 86 21 18 61 96 97 65 
0 19 31 77 90 23 79 55 107 24 29 27 54 92 46 17 8 9 75 85 7 35 20 11 59 22 42 25 70 44 37 45 83 109 68 94 81 93 5 32 51 2 69 82 36 78 33 14 57 80 66 52 106 108 64 84 103 100 39 101 74 10 99 15 98 16 12 47 26 58 56 102 104 60 105 13 3 95 30 41 88 6 1 38 67 49 28 71 43 53 50 91 72 73 76 34 4 89 40 48 62 87 63 86 21 18 61 96 97 65 
0 19 31 77 90 23 79 55 107 24 29 27 54 92 46 17 8 9 75 85 7 35 20 11 59 22 42 25 70 44 37 45 83 109 68 94 81 93 5 32 51 2 69 82 36 78 33 14 57 80 66 52 106 108 64 84 103 100 39 101 74 99 10 15 98 16 91 12 47 26 58 102 104 60 105 13 3 95 30 41 88 6 1 38 67 49 28 71 43 53 50 72 73 76 56 34 4 89 40 48 62 87 63 86 21 18 61 96 97 65 
0 19 31 77 90 23 79 55 107 24 29 27 54 92 46 17 8 9 75 85 7 35 20 11 59 22 42 25 70 44 37 51 83 109 68 94 81 93 5 32 45 2 69 82 36 78 33 14 57 80 66 52 106 108 64 84 103 100 39 101 74 99 10 15 98 16 91 12 47 26 58 56 102 104 60 105 13 3 95 30 41 88 6 1 38 67 49 28 71 43 53 50 72 73 76 34 4 89 40 48 62 87 63 86 21 18 61 96 97 65 
0 19 31 77 90 23 79 55 107 24 29 27 54 92 46 17 8 9 75 85 7 35 20 11 59 22 42 25 70 44 37 45 83 109 68 94 81 93 5 32 51 2 69 82 36 78 33 14 57 80 66 52 106 108 64 84 103 71 28 49 67 38 1 6 88 41 30 95 3 13 105 60 104 102 56 58 26 47 12 91 16 98 15 10 99 74 101 39 100 43 53 50 72 73 76 34 4 89 40 48 62 87 63 86 21 18 61 96 97 65 
0 19 31 77 90 23 79 55 107 24 29 27 54 92 46 17 8 9 75 85 7 35 20 11 59 22 42 25 70 44 37 45 83 109 68 94 81 93 5 32 51 2 69 82 36 78 33 14 57 80 66 52 106 108 64 84 103 71 28 49 67 38 1 6 88 41 30 95 3 13 105 60 104 102 56 58 26 47 12 91 16 98 15 10 99 74 101 39 100 43 53 50 72 73 76 34 4 89 40 48 62 87 63 86 21 18 61 96 97 65 
0 19 31 77 90 23 79 55 107 24 29 27 54 92 46 17 8 9 75 85 7 35 20 11 59 22 42 25 70 44 37 45 83 109 68 94 81 93 5 89 4 34 76 32 51 2 69 82 36 78 33 14 57 80 66 52 106 108 64 84 103 100 39 101 74 99 10 15 98 16 91 12 47 26 58 56 102 104 60 105 13 3 95 30 41 88 6 1 38 67 49 28 71 43 53 50 72 73 40 48 62 87 63 86 21 18 61 96 97 65 
0 19 31 77 90 23 79 55 107 24 29 27 54 92 46 17 8 9 75 85 7 35 20 11 59 22 42 25 70 44 37 45 83 109 94 81 93 5 32 51 2 69 82 36 78 33 14 57 80 66 52 106 108 64 84 103 100 39 101 74 99 10 68 15 98 16 91 12 47 26 58 56 102 104 60 105 13 3 95 30 41 88 6 1 38 67 49 28 71 43 53 50 72 73 76 34 4 89 40 48 62 87 63 86 21 18 61 96 97 65 
0 19 31 77 90 23 79 55 107 24 29 27 54 92 46 17 8 9 75 85 7 35 20 11 59 22 42 25 70 44 37 45 83 109 68 94 81 93 5 32 51 2 69 82 36 78 33 14 57 80 66 52 106 108 64 84 103 100 39 101 74 99 10 15 98 16 91 12 4 34 76 73 72 50 53 43 71 28 49 67 38 1 6 88 41 30 95 3 13 105 60 104 102 56 58 26 47 89 40 48 62 87 63 86 21 18 61 96 97 65 
0 19 31 77 90 23 79 55 107 24 29 27 54 92 46 17 8 9 75 85 7 35 20 11 59 22 42 25 70 44 37 45 83 109 68 94 81 93 5 32 51 2 69 82 36 78 33 14 57 80 66 52 106 108 64 84 103 100 39 101 74 99 10 15 98 16 91 12 47 26 58 56 102 104 60 105 13 3 95 30 41 88 6 1 38 49 28 71 43 53 50 72 73 76 34 4 89 67 40 48 62 87 63 86 21 18 61 96 97 65 
0 19 31 77 90 23 79 55 107 24 29 27 54 92 46 17 8 9 75 85 7 35 20 11 59 22 42 25 70 44 37 45 83 109 62 48 40 89 4 34 76 73 72 50 53 43 71 28 49 67 38 1 6 88 41 30 95 3 13 105 60 104 102 56 58 26 47 12 91 16 98 15 10 99 74 101 39 100 103 84 64 108 106 52 66 80 57 14 33 78 36 82 69 2 51 32 5 93 81 94 68 87 63 86 21 18 61 96 97 65 
0 19 31 77 90 23 79 55 107 24 29 27 54 92 46 17 8 9 75 85 7 35 20 11 59 22 42 25 70 44 37 45 83 109 68 94 81 93 5 32 51 2 69 82 36 78 33 14 57 80 66 52 106 108 64 84 100 39 101 74 99 10 15 98 16 91 12 47 26 58 103 56 102 104 60 105 13 3 95 30 41 88 6 1 38 67 49 28 71 43 53 50 72 73 76 34 4 89 40 48 62 87 63 86 21 18 61 96 97 65 
0 19 31 77 90 23 79 55 107 24 29 27 54 92 46 17 8 9 75 85 7 35 20 11 59 42 25 70 44 37 45 83 109 68 94 81 93 5 32 51 2 69 82 36 78 33 14 57 80 66 52 106 108 64 84 103 100 39 101 74 99 10 15 98 16 91 12 47 26 58 56 102 104 60 105 13 3 95 30 41 88 6 1 38 67 49 28 71 43 53 50 72 73 76 34 4 89 40 48 62 87 63 86 21 18 61 96 97 22 65 
0 19 31 77 90 23 79 55 107 24 29 27 54 92 46 17 8 9 75 85 7 35 20 11 59 22 42 25 70 44 37 45 83 109 68 94 81 93 5 32 51 2 15 69 82 36 78 33 14 57 80 66 52 106 108 64 84 103 100 39 101 74 99 10 98 16 91 12 47 26 58 56 102 104 60 105 13 3 95 30 41 88 6 1 38 67 49 28 71 43 53 50 72 73 76 34 4 89 40 48 62 87 63 86 21 18 61 96 97 65 
0 19 31 77 90 23 79 55 107 24 29 27 54 92 46 17 8 9 75 85 7 35 20 11 59 22 42 25 70 44 37 45 83 109 68 94 81 93 5 74 32 51 2 69 82 36 78 33 14 57 80 66 52 106 108 64 84 103 100 39 101 99 10 15 98 16 91 12 47 26 58 56 102 104 60 105 13 3 95 30 41 88 6 1 38 67 49 28 71 43 53 50 72 73 76 34 4 89 40 48 62 87 63 86 21 18 61 96 97 65 
0 19 31 77 90 23 79 55 107 24 29 27 54 92 46 17 8 9 75 85 7 35 20 11 59 22 42 25 70 44 37 45 83 109 68 94 81 93 5 32 51 2 69 82 36 78 33 14 57 80 66 52 106 108 64 84 103 100 39 101 74 99 10 15 98 16 91 12 47 58 56 102 104 60 105 13 3 95 30 41 88 6 1 38 67 49 28 71 43 53 50 72 73 76 34 4 89 40 48 26 62 87 63 86 21 18 61 96 97 65 
0 19 31 77 90 23 79 55 107 24 29 27 54 92 46 17 8 9 75 85 7 35 20 11 59 4 34 76 73 72 50 53 43 71 28 49 67 38 1 6 88 41 30 95 3 13 105 60 104 102 56 58 26 47 12 91 16 98 15 10 99 74 101 39 100 103 84 64 108 106 52 66 80 57 14 33 78 36 82 69 2 51 32 5 93 81 94 68 109 83 45 37 44 70 25 42 22 89 40 48 62 87 63 86 21 18 61 96 97 65 
0 19 31 77 90 23 79 55 107 24 29 27 54 92 46 17 8 9 75 85 7 35 20 11 59 22 42 25 72 50 53 43 71 28 49 67 38 1 6 88 41 30 95 3 13 105 60 104 102 56 58 26 47 12 91 16 98 15 10 99 74 101 39 100 103 84 64 108 106 52 66 80 57 14 33 78 36 82 69 2 51 32 5 93 81 94 68 109 83 45 37 44 70 73 76 34 4 89 40 48 62 87 63 86 21 18 61 96 97 65 
0 19 31 77 90 23 79 55 107 24 27 54 92 46 17 8 9 75 85 7 35 20 11 59 22 42 25 70 44 37 45 83 109 68 94 81 93 5 32 51 2 69 82 36 78 33 14 57 80 66 52 106 108 64 84 103 100 39 101 74 99 10 15 98 16 91 12 47 26 58 56 102 104 60 105 13 3 95 30 41 88 6 1 38 67 49 28 71 43 53 50 72 73 76 34 4 89 40 48 62 87 63 86 21 18 61 96 97 29 65 
0 19 31 77 90 23 79 55 107 24 29 27 54 92 46 17 8 9 75 85 7 35 20 11 59 22 42 25 70 44 37 45 83 109 68 94 81 93 5 32 51 2 69 82 36 78 33 14 57 80 66 52 106 108 64 84 103 100 39 101 74 99 10 15 98 16 91 12 47 26 58 56 102 104 60 105 13 3 95 30 41 88 6 1 38 67 49 28 71 43 53 72 73 76 34 4 89 40 48 62 87 50 63 86 21 18 61 96 97 65 
0 19 31 77 90 23 79 55 107 24 29 27 54 92 46 17 8 9 75 85 7 35 20 11 59 22 42 25 70 44 37 45 83 109 82 94 81 93 5 32 51 2 69 68 36 78 33 14 57 80 66 52 106 108 64 84 103 100 39 101 99 10 15 98 16 91 12 47 26 58 56 102 104 60 105 13 3 95 30 41 88 6 1 38 67 49 28 71 43 53 50 72 73 76 34 74 4 89 40 48 62 87 63 86 21 18 61 96 97 65 
0 19 31 77 90 23 79 55 107 24 29 27 54 92 46 17 8 9 75 85 7 35 20 11 59 22 42 25 70 44 37 45 83 109 68 94 81 93 5 32 51 2 69 82 36 78 33 14 57 80 66 52 106 108 64 84 103 100 39 101 74 99 15 98 16 91 12 47 26 58 56 102 104 60 105 13 3 95 30 41 88 6 10 1 38 67 49 28 71 43 53 50 72 73 76 34 4 89 40 48 62 87 63 86 21 18 61 96 97 65 
0 19 31 77 90 23 79 55 107 24 29 27 54 92 46 17 8 9 75 85 7 35 20 11 59 22 42 25 70 44 37 45 83 109 68 94 81 93 5 32 51 2 69 82 36 78 33 14 57 80 66 52 106 108 64 84 103 100 39 101 74 99 10 15 98 16 91 12 47 26 58 56 102 104 60 105 13 3 95 30 41 88 1 38 67 49 28 71 43 53 50 72 73 76 34 4 89 40 48 62 6 87 63 86 21 18 61 96 97 65 
0 19 31 77 90 23 79 55 107 44 70 25 42 22 59 11 20 35 7 85 75 9 8 17 46 92 54 27 29 24 37 45 83 109 68 94 81 93 5 32 51 2 69 82 36 78 33 14 57 80 66 52 106 108 64 84 103 100 39 101 74 99 10 15 98 16 91 12 47 26 58 56 102 104 60 105 13 3 95 30 41 88 6 1 38 67 49 28 71 43 53 50 72 73 76 34 4 89 40 48 62 87 63 86 21 18 61 96 97 65 
0 19 31 77 90 23 79 55 107 24 29 27 54 92 46 17 8 9 75 85 7 35 20 11 59 22 42 25 70 44 37 45 83 109 68 94 81 93 5 32 51 2 69 82 36 78 33 14 57 80 66 52 106 108 64 84 89 100 39 101 74 99 10 15 98 16 91 12 47 26 58 56 102 104 60 105 13 3 95 30 41 88 6 1 38 67 49 28 71 43 53 50 72 73 76 34 4 103 40 48 62 87 63 86 21 18 61 96 97 65 
0 19 31 77 90 23 79 55 107 24 29 27 54 92 46 17 8 9 75 85 7 35 20 11 59 22 42 25 70 44 37 45 83 109 68 94 81 93 5 32 51 2 69 82 36 78 33 14 57 80 66 52 106 108 64 84 103 100 39 101 74 99 10 15 98 16 91 12 47 26 58 56 102 104 60 105 13 3 95 30 41 88 6 1 38 67 49 28 71 43 53 50 72 73 76 34 89 40 48 62 87 4 63 86 21 18 61 96 97 65 
0 19 31 77 90 23 79 55 107 24 29 27 54 92 46 17 8 9 75 85 7 35 20 11 59 22 42 25 70 44 37 45 83 109 68 94 81 93 5 32 51 2 69 82 36 33 14 57 80 66 52 106 108 64 84 103 100 39 101 74 99 10 15 98 16 91 12 47 26 58 56 102 104 60 105 13 3 95 30 41 78 88 6 1 38 67 49 28 71 43 53 50 72 73 76 34 4 89 40 48 62 87 63 86 21 18 61 96 97 65 
0 19 31 77 90 23 79 55 107 24 29 27 54 92 46 17 8 9 75 85 7 35 20 11 59 22 42 25 70 44 37 45 83 109 68 94 81 93 5 40 51 2 69 82 36 78 33 14 57 80 66 52 106 108 64 84 103 100 39 101 74 99 10 15 98 16 91 12 47 26 58 56 102 104 60 105 13 3 95 30 41 88 6 1 38 67 49 28 71 43 53 50 72 73 76 34 4 89 32 48 62 87 63 86 21 18 61 96 97 65 
0 19 31 37 44 70 25 42 22 59 11 20 35 7 85 75 9 8 17 46 92 54 27 29 24 107 55 79 23 90 77 45 83 109 68 94 81 93 5 32 51 2 69 82 36 78 33 14 57 80 66 52 106 108 64 84 103 100 39 101 74 99 10 15 98 16 91 12 47 26 58 56 102 104 60 105 13 3 95 30 41 88 6 1 38 67 49 28 71 43 53 50 72 73 76 34 4 89 40 48 62 87 63 86 21 18 61 96 97 65 
0 19 31 77 90 23 79 55 107 24 29 27 54 92 46 17 8 9 75 85 7 35 20 11 59 22 42 25 70 44 37 45 83 109 68 94 81 93 5 32 51 2 69 82 36 78 33 14 57 80 66 52 106 108 64 84 103 100 39 74 99 10 15 98 16 91 12 47 26 58 56 102 104 60 105 13 3 95 30 41 88 6 1 38 67 101 49 28 71 43 53 50 72 73 76 34 4 89 40 48 62 87 63 86 21 18 61 96 97 65 
0 19 31 77 90 23 79 55 107 24 29 27 54 92 46 17 8 9 75 85 7 35 20 11 59 22 42 25 70 44 37 45 83 109 68 94 81 93 5 32 51 2 69 82 36 78 33 14 57 80 66 52 106 108 64 84 103 100 39 101 74 99 10 15 98 16 91 12 47 26 58 56 102 104 60 105 13 3 95 30 41 88 6 1 38 67 49 28 71 53 50 72 73 76 34 4 89 40 48 62 87 63 86 21 18 61 43 96 97 65 
0 19 31 77 90 23 79 55 107 24 27 54 92 46 17 8 9 75 85 7 35 20 11 59 22 42 25 70 29 44 37 45 83 109 68 94 81 93 5 32 51 2 69 82 36 78 33 14 57 80 66 52 106 108 64 84 103 100 39 101 74 99 10 15 98 16 91 12 47 26 58 56 102 104 60 105 13 3 95 30 41 88 6 1 38 67 49 28 71 43 53 50 72 73 76 34 4 89 40 48 62 87 63 86 21 18 61 96 97 65 
0 19 31 77 90 23 79 55 107 24 29 27 54 92 46 17 8 9 75 85 7 35 20 11 59 22 42 25 70 44 37 45 83 109 68 94 78 36 82 69 2 51 32 5 93 81 33 14 57 91 98 15 10 99 74 101 39 100 103 84 64 108 106 52 66 80 12 47 26 58 56 102 104 60 105 13 3 95 30 41 88 6 1 38 67 49 28 71 43 53 16 50 72 73 76 34 4 89 40 48 62 87 63 86 21 18 61 96 97 65 
0 19 31 77 90 23 79 55 107 24 29 27 54 92 46 17 8 9 75 85 7 35 20 11 59 22 42 25 70 44 37 45 83 109 68 94 81 93 5 32 51 2 69 82 36 78 33 14 57 80 66 52 106 108 64 84 103 100 39 101 74 99 10 15 98 16 91 12 47 26 58 56 102 104 60 105 13 3 95 30 41 6 1 38 67 49 28 71 43 53 50 72 73 76 34 4 89 40 48 62 87 63 86 21 18 88 61 96 97 65 
0 19 31 77 90 23 79 55 107 24 29 27 54 92 46 17 8 9 75 85 7 35 20 11 59 22 42 25 70 44 37 45 83 109 68 94 81 93 5 32 51 2 69 82 36 78 33 14 57 80 66 52 106 108 64 84 103 100 39 101 74 99 10 15 98 16 91 12 47 26 58 56 102 104 60 105 53 3 95 30 41 88 6 1 38 67 49 28 71 43 13 50 72 73 76 34 4 89 40 48 62 87 63 86 21 18 61 96 97 65 
0 19 31 77 90 23 79 55 107 24 29 27 54 92 46 17 8 9 75 85 7 35 20 11 59 22 42 25 70 44 37 45 83 68 94 81 93 5 32 51 2 69 82 36 78 33 14 57 80 66 52 106 108 64 84 103 100 39 101 74 99 10 15 98 16 91 12 47 26 58 56 102 109 4 104 60 105 13 3 95 30 41 88 6 1 38 67 49 28 71 43 53 50 72 73 76 34 89 40 48 62 87 63 86 21 18 61 96 97 65 
0 19 31 77 90 23 79 55 107 24 29 27 54 92 46 17 8 9 75 85 7 35 20 11 59 22 42 25 70 44 37 45 83 109 68 94 81 93 5 32 51 2 69 82 36 78 33 14 57 80 66 52 106 108 64 84 103 100 39 101 74 99 10 15 98 16 91 12 47 26 58 56 102 104 60 105 13 3 95 18 21 86 63 87 62 48 40 89 4 34 76 73 72 50 53 43 71 28 49 67 38 1 6 88 41 30 61 96 97 65 
0 19 31 77 90 23 79 55 107 24 29 27 54 92 46 17 8 9 75 85 7 35 20 11 59 22 42 25 70 44 37 45 83 109 68 94 81 93 5 32 51 2 69 82 36 78 33 14 57 80 66 52 106 108 64 84 103 100 39 101 74 99 10 15 98 16 12 47 26 58 56 102 104 60 105 13 3 95 30 41 88 6 1 38 67 49 28 71 91 43 53 50 72 73 76 34 4 89 40 48 62 87 63 86 21 18 61 97 96 65 
0 19 31 77 90 23 79 55 107 24 29 27 54 92 46 17 8 9 75 85 7 35 20 11 59 22 42 25 70 44 37 45 83 109 68 94 81 93 5 32 51 2 69 82 36 78 33 14 57 80 66 52 106 108 64 84 103 100 39 101 74 99 10 15 98 16 91 38 67 49 28 71 43 53 50 72 73 76 34 4 89 40 48 62 12 47 26 58 56 102 104 60 105 13 3 95 30 41 88 6 1 87 63 86 21 18 61 96 97 65 
0 19 31 77 90 23 79 55 107 24 29 27 54 92 46 17 8 9 75 85 7 35 20 11 59 22 42 25 70 44 37 45 83 109 68 94 81 93 87 62 48 40 89 4 34 76 73 72 50 53 43 71 28 49 67 38 1 6 88 41 30 95 3 13 105 60 104 102 56 58 26 47 12 91 16 98 15 10 99 74 101 39 100 103 84 64 108 106 52 66 80 57 14 33 78 36 82 69 2 51 32 5 63 86 21 18 61 96 97 65 
0 19 31 77 90 23 79 55 107 24 29 27 54 92 46 17 8 9 75 85 7 35 20 11 59 22 42 25 70 44 37 45 83 109 68 94 81 93 5 32 51 2 69 82 36 78 33 14 57 80 66 52 106 108 64 84 103 100 39 101 74 99 10 15 98 16 91 87 62 48 40 89 4 34 76 73 72 50 53 43 71 28 49 67 38 1 6 88 41 30 95 3 13 105 60 104 102 56 58 26 47 12 63 86 21 18 61 96 97 65 
0 19 31 77 90 23 79 55 107 24 29 27 54 92 46 17 35 9 75 85 7 8 20 11 59 22 42 25 70 44 37 45 83 109 68 94 81 93 5 32 51 2 69 82 36 78 33 14 57 80 66 52 106 108 64 84 103 100 39 101 74 99 10 15 98 16 91 12 47 26 58 56 4 34 76 73 72 50 53 43 71 28 49 67 38 1 6 88 41 30 95 3 13 105 60 104 102 89 40 48 62 87 63 86 21 18 61 96 97 65 
0 19 31 77 90 23 79 55 107 24 29 27 54 92 46 17 8 9 75 85 7 35 20 11 59 22 42 25 70 44 37 45 83 109 68 94 81 93 5 32 51 2 69 82 36 78 33 14 57 80 66 52 106 108 64 84 103 100 101 74 99 10 15 98 16 91 12 47 26 58 56 102 104 105 13 3 60 95 30 41 88 6 39 1 38 67 49 28 71 43 53 50 72 73 76 34 4 89 40 48 62 87 63 86 21 18 61 96 97 65 
0 19 31 77 54 23 79 55 107 24 29 27 90 92 46 17 8 9 75 85 7 35 20 11 59 22 42 25 70 44 37 45 83 109 68 94 81 93 5 32 51 2 69 82 36 78 33 14 57 80 66 52 106 108 64 84 103 100 39 101 74 99 10 15 98 16 91 12 47 26 58 56 102 104 60 105 13 3 95 30 41 88 6 1 38 67 49 28 71 43 53 50 72 73 76 34 4 89 40 48 62 87 63 86 21 18 61 96 97 65 
0 19 31 77 90 23 79 55 107 24 29 27 54 78 92 46 17 8 9 75 85 7 35 20 11 59 22 42 25 70 44 37 45 83 109 68 94 81 93 5 32 51 2 69 82 36 33 14 57 80 66 52 106 108 64 84 103 100 39 101 74 99 10 15 98 16 91 12 47 26 58 56 102 104 60 105 13 3 95 30 41 88 6 1 38 67 49 28 71 43 53 50 72 73 76 34 4 89 40 48 62 87 63 86 21 18 61 96 97 65 
0 19 31 77 90 23 79 55 107 24 29 27 54 92 46 17 8 9 75 85 7 35 20 99 10 15 98 16 91 12 47 26 58 56 102 104 60 105 13 3 95 30 41 88 6 1 38 67 49 28 71 43 53 50 72 73 103 100 39 101 74 11 59 22 42 25 70 44 37 45 83 109 68 94 81 93 5 32 51 2 69 82 36 78 33 14 57 80 66 52 106 108 64 84 76 34 4 89 40 48 62 87 63 86 21 18 61 96 97 65 
0 19 31 77 90 23 79 55 107 24 29 27 54 92 46 17 8 9 75 85 7 35 20 11 59 22 42 25 70 44 37 45 83 109 68 94 81 93 5 32 51 2 69 82 36 78 33 14 57 80 66 52 106 108 64 84 103 100 39 101 74 99 10 15 98 16 91 12 47 26 58 56 86 63 87 62 48 40 89 4 34 76 73 72 50 53 43 71 102 104 60 105 13 3 95 30 41 88 6 1 38 67 49 28 21 18 61 96 97 65 
0 19 31 77 90 23 79 55 107 24 29 27 54 92 46 17 8 9 75 85 7 35 20 11 59 22 42 25 70 44 37 45 83 109 68 94 81 93 5 32 51 69 82 36 78 33 14 80 66 52 106 108 64 84 103 100 39 101 74 99 10 15 57 98 16 91 12 47 26 58 56 102 104 60 105 13 3 95 30 41 88 6 1 38 67 49 28 71 43 53 50 72 73 76 34 4 89 40 48 62 87 2 63 86 21 18 61 96 97 65 
0 19 31 77 90 23 79 55 107 24 29 27 54 92 46 17 8 9 75 85 7 35 20 11 59 22 42 25 70 44 105 60 104 102 56 58 26 47 12 91 16 98 15 10 99 74 101 39 100 103 108 64 84 106 52 66 80 57 14 33 78 36 82 69 2 51 32 5 93 81 94 68 109 83 45 37 13 3 95 30 41 88 6 1 38 67 49 28 71 43 53 50 72 73 76 34 4 89 40 48 62 87 63 86 21 18 61 96 97 65 
0 19 31 77 90 23 79 55 107 24 29 27 54 92 46 17 8 9 75 85 7 35 20 11 59 22 42 25 70 44 37 45 83 109 68 94 81 93 5 32 51 2 69 82 36 78 33 14 57 80 66 52 106 108 64 84 103 39 101 74 99 10 15 98 16 91 12 47 26 58 56 102 104 60 105 13 3 95 30 41 88 6 1 38 67 49 28 71 43 53 50 72 73 76 34 4 89 40 48 62 87 63 86 21 18 61 96 97 100 65 
0 19 31 77 90 23 79 55 107 24 29 27 54 92 46 17 8 9 75 85 7 35 20 11 59 22 42 25 70 44 37 45 83 109 68 94 81 93 5 32 51 2 69 82 36 78 33 14 57 80 66 52 106 108 64 84 103 100 39 101 74 99 10 30 98 16 91 12 47 26 58 56 102 104 60 105 13 3 95 15 41 88 6 1 38 67 49 28 71 43 53 50 72 73 76 34 4 89 40 48 62 87 63 86 21 18 61 96 97 65 
0 19 31 77 90 23 79 55 107 24 29 27 54 52 66 80 57 14 33 78 36 82 69 2 51 32 5 93 81 94 68 109 83 45 37 44 70 25 42 22 59 11 20 35 7 85 75 9 8 17 46 92 106 108 64 84 103 100 39 101 74 99 10 15 98 16 91 12 47 26 58 56 102 104 60 105 13 3 95 30 41 88 6 1 38 67 49 28 71 43 53 50 72 73 76 34 4 89 40 48 62 87 63 86 21 18 61 96 97 65 
0 19 31 77 90 23 79 55 107 24 29 27 54 92 46 17 8 9 75 85 7 35 20 11 22 42 25 70 44 37 45 83 109 68 94 81 93 5 32 51 2 69 82 36 78 33 14 57 80 66 52 106 108 64 84 103 100 39 101 74 99 10 15 98 16 91 12 47 26 58 56 102 104 59 60 105 13 3 95 30 41 88 6 1 38 67 49 28 71 43 53 50 72 73 76 34 4 89 40 48 62 87 63 86 21 18 61 96 97 65 
0 19 31 77 90 23 79 55 107 24 29 27 54 92 46 17 8 9 75 85 7 35 20 11 59 22 42 25 70 44 37 45 83 109 68 94 81 15 5 32 51 2 69 82 36 78 33 14 57 80 66 52 106 108 64 84 103 100 39 101 74 99 10 93 98 16 91 12 47 26 58 56 102 104 60 105 13 3 95 30 41 88 6 1 38 67 49 28 71 43 53 50 72 73 76 34 4 89 40 48 62 87 63 86 21 18 61 96 97 65 
0 19 31 77 90 23 79 55 107 24 29 27 54 92 46 17 8 9 75 85 7 35 20 11 59 22 42 25 70 44 37 45 83 109 68 94 81 93 5 32 51 2 69 82 16 78 33 14 57 80 66 52 106 108 64 84 103 100 39 101 74 99 10 15 98 36 91 12 47 26 58 56 102 104 60 105 13 3 95 30 41 88 6 1 38 67 49 28 71 43 53 50 72 73 76 34 4 89 40 48 62 87 63 86 21 18 61 97 96 65 
0 19 31 77 90 23 79 55 107 24 29 27 54 92 46 17 8 9 75 85 7 35 20 11 59 22 42 25 70 44 37 45 83 109 68 94 81 93 5 32 51 2 69 82 36 78 33 14 57 80 66 52 106 108 64 84 103 100 39 101 74 99 10 15 98 16 91 12 47 26 58 56 102 104 60 105 13 3 95 30 41 88 6 1 38 67 49 28 71 43 53 50 72 73 63 86 21 18 61 96 97 65 76 34 4 89 40 48 62 87 
0 19 31 77 90 23 79 55 107 24 29 27 54 15 10 99 74 101 39 100 103 84 64 108 106 52 66 80 57 14 33 78 36 82 69 2 51 32 5 93 81 94 68 109 83 45 37 44 70 25 42 22 59 11 20 35 7 85 75 9 8 17 46 92 98 16 91 12 47 26 58 56 102 104 60 105 13 3 95 30 41 88 6 1 38 67 49 28 71 43 53 50 72 73 76 34 4 89 40 48 62 87 63 86 21 18 61 96 97 65 
0 19 31 77 90 23 79 55 107 24 29 27 54 92 46 17 8 9 75 85 7 35 20 11 59 22 42 25 70 44 37 45 83 109 68 94 81 93 5 32 51 2 69 82 36 78 33 14 57 80 66 52 106 108 64 84 103 100 47 101 74 99 10 15 98 16 91 12 39 26 58 56 102 104 60 105 13 3 95 30 41 88 6 1 38 67 49 28 71 43 53 50 72 73 76 34 4 89 40 48 62 87 63 86 21 18 61 96 97 65 
0 19 31 77 90 23 79 55 107 24 29 27 97 92 46 17 8 9 75 85 7 35 20 11 59 22 42 25 70 44 37 45 83 109 68 94 81 93 5 32 51 2 69 82 36 78 33 14 57 80 66 52 106 108 64 84 103 100 39 101 74 99 10 15 98 16 91 12 47 26 58 56 102 104 60 105 13 3 95 30 41 88 6 1 38 71 49 28 67 43 53 50 72 73 76 34 4 89 40 48 62 87 63 86 21 18 61 96 54 65 
0 19 31 77 90 23 79 55 107 24 29 27 54 92 46 17 8 9 75 85 7 35 20 11 59 22 42 25 70 44 37 45 83 109 68 94 81 93 5 32 51 2 69 82 108 36 78 33 14 57 80 66 52 106 64 84 103 100 39 101 74 99 10 15 98 16 91 12 47 26 58 56 102 104 60 105 13 3 95 30 41 88 6 76 73 72 50 53 43 71 28 49 67 38 1 34 4 89 40 48 62 87 63 21 18 61 96 97 86 65 
0 19 31 77 90 23 79 55 107 24 29 27 54 92 46 17 8 9 75 85 7 35 20 11 59 22 42 25 70 44 37 45 83 109 68 94 81 93 5 32 51 2 69 82 36 78 33 14 57 80 66 52 106 108 64 84 103 100 39 101 74 99 10 15 98 16 91 12 47 26 58 56 102 104 60 105 13 3 95 30 41 88 6 1 38 67 49 28 71 43 53 50 72 73 63 34 4 89 40 48 62 87 76 86 21 18 61 96 97 65 
0 19 31 77 90 23 79 55 107 24 29 27 54 92 46 17 8 9 75 85 7 35 20 11 59 22 42 25 70 44 47 26 58 56 102 104 60 105 13 3 95 30 41 88 6 1 38 67 49 28 71 43 53 50 72 73 34 4 89 40 48 76 10 15 98 16 91 12 37 45 83 109 68 94 81 93 5 32 51 2 69 82 36 78 33 14 57 80 66 52 106 108 64 84 103 100 39 101 74 99 62 87 63 86 21 18 61 96 97 65 
0 19 31 77 90 23 79 55 107 24 29 27 54 92 46 17 8 9 75 85 7 35 20 11 59 22 42 25 70 44 37 45 83 109 68 94 81 93 5 32 51 2 69 82 36 78 33 14 57 80 66 52 106 108 64 84 103 100 39 101 74 87 62 48 40 89 4 76 34 99 10 1 6 88 41 30 95 3 13 105 60 104 102 56 58 26 47 12 91 16 98 15 38 67 49 28 71 43 53 50 72 73 63 86 21 18 61 96 97 65 
0 19 31 77 90 23 79 55 107 24 29 27 54 92 46 17 8 9 75 85 7 35 20 11 59 22 42 25 70 44 37 45 83 109 68 94 81 93 5 32 51 2 69 82 36 78 33 14 80 66 52 106 108 64 84 103 16 91 12 47 26 58 56 102 104 60 105 13 3 95 30 41 88 6 1 38 67 49 28 71 43 53 50 72 73 76 34 4 89 40 48 62 87 63 10 15 98 57 100 39 101 74 99 96 61 18 21 86 97 65 
0 19 31 77 90 23 79 55 107 24 29 27 54 92 46 17 8 9 75 85 7 35 20 11 59 22 42 25 70 44 37 45 83 109 68 94 81 93 5 32 51 2 69 82 36 78 33 14 57 80 66 52 106 108 64 84 103 100 39 101 74 99 10 15 98 16 91 12 47 26 58 56 102 104 60 105 13 3 95 30 41 88 96 1 38 67 49 28 71 43 53 50 72 73 76 34 4 89 40 48 62 87 63 86 21 18 61 6 97 65 
0 19 31 77 90 23 79 55 107 24 29 27 54 92 46 17 8 9 75 85 7 35 20 11 59 22 42 25 70 44 37 45 83 109 68 94 81 93 5 32 51 2 69 82 36 78 33 14 57 80 66 52 106 108 64 84 103 100 39 101 74 99 10 15 98 16 91 12 47 26 58 56 102 104 60 105 13 3 95 30 41 88 6 1 38 67 28 71 43 53 50 72 73 76 34 62 4 89 40 48 87 63 86 21 49 18 61 96 97 65 
0 19 31 77 90 23 79 55 107 24 29 27 54 92 46 17 8 9 75 85 7 35 20 11 59 22 42 25 70 44 37 45 83 68 94 50 93 5 32 51 2 69 82 36 78 33 14 57 80 66 52 106 108 64 84 103 100 39 101 74 99 10 15 98 16 91 12 47 26 58 109 56 102 104 60 105 13 3 95 30 41 88 6 1 38 67 49 28 71 43 53 81 72 73 76 34 4 89 40 48 62 87 63 86 21 18 61 96 97 65 
0 19 31 77 90 23 79 55 107 24 29 27 54 92 46 17 8 9 75 85 7 35 20 11 59 22 42 25 70 44 37 45 83 109 68 94 81 93 5 32 51 2 69 82 36 78 33 14 28 71 43 53 50 72 73 76 34 4 89 40 48 62 87 63 86 21 16 41 30 95 3 13 105 60 104 102 56 58 26 47 12 91 49 98 15 10 99 74 101 39 100 103 84 64 108 106 52 66 80 57 67 38 1 6 88 18 61 96 97 65 
0 19 31 77 90 23 79 55 107 24 29 27 54 92 46 17 8 9 75 85 7 35 20 11 59 22 42 25 70 44 37 45 83 109 68 94 81 93 5 32 51 2 69 82 36 78 33 14 57 80 66 52 106 108 64 84 103 100 39 101 74 99 10 15 98 16 91 12 47 26 58 56 102 104 65 97 96 61 18 21 86 63 87 62 48 40 89 4 34 76 73 72 50 53 43 71 28 49 67 38 1 6 88 41 30 95 3 13 105 60 
0 19 31 77 90 23 79 55 107 24 29 35 7 38 1 6 88 41 30 95 3 13 105 60 104 102 56 58 26 47 12 91 16 98 15 10 99 74 101 39 100 103 84 64 108 85 75 9 8 17 46 92 54 27 20 11 59 22 42 25 70 44 37 45 83 109 68 94 81 93 5 32 51 2 69 82 36 78 33 14 57 80 66 52 106 67 49 28 71 43 53 50 72 73 76 34 4 89 40 48 62 87 63 86 21 18 61 96 97 65 
0 19 31 77 90 23 78 55 107 24 29 27 54 79 92 46 17 8 9 75 85 7 35 20 11 59 22 42 25 70 44 37 45 83 109 68 94 81 93 5 32 51 2 69 82 36 33 14 57 80 66 52 106 108 64 84 103 100 39 101 74 99 10 15 98 16 91 12 47 26 58 56 102 104 60 105 13 3 95 30 41 88 6 1 38 67 49 28 71 43 53 50 72 73 76 34 4 89 40 48 62 87 63 86 21 18 61 96 97 65 
0 31 77 90 23 79 55 107 24 29 27 54 92 46 17 8 9 75 85 7 35 20 11 59 22 42 25 82 94 68 109 83 45 37 44 70 93 5 32 51 2 69 81 36 78 19 33 14 57 80 66 52 106 108 64 84 103 100 39 101 74 99 10 15 98 16 91 12 47 26 58 56 102 104 60 105 13 3 95 30 41 88 6 1 38 67 49 28 71 43 53 50 72 73 76 34 4 89 40 48 62 87 63 86 21 18 61 96 97 65 
0 19 31 77 6 88 41 30 95 3 13 105 60 104 102 56 58 26 47 12 91 16 98 15 10 99 74 101 39 100 103 84 64 108 106 52 66 80 57 14 33 78 36 82 69 2 51 32 5 93 81 94 68 109 83 45 37 44 70 25 42 22 59 11 20 35 7 85 75 9 8 17 46 92 54 27 29 24 107 55 79 23 90 1 38 67 49 28 71 43 53 50 72 73 76 34 4 89 40 48 62 87 63 86 21 18 61 96 97 65 
0 19 31 77 90 23 79 55 107 24 29 27 54 92 46 17 8 9 75 85 7 35 20 11 59 22 42 25 70 44 37 45 15 109 68 94 81 93 5 32 51 2 83 69 82 72 50 53 43 71 28 49 98 38 1 6 88 41 30 95 3 13 105 60 104 102 56 58 26 47 12 91 16 67 10 99 74 101 39 100 103 84 64 108 106 52 66 80 57 14 33 78 36 73 76 34 4 89 40 48 62 87 63 86 21 18 61 96 97 65 
0 19 31 77 90 23 79 55 107 24 82 69 2 51 5 93 81 94 68 109 83 45 37 44 70 25 42 22 29 27 54 92 46 17 8 9 75 85 7 35 20 11 59 32 36 78 33 14 57 80 66 52 106 108 64 84 103 100 39 101 74 10 15 98 16 91 12 47 26 58 56 102 104 60 105 13 3 95 30 41 88 99 6 1 38 67 49 28 71 43 53 50 72 73 76 34 4 89 40 48 62 87 63 86 21 18 61 96 97 65 
0 19 31 77 90 23 101 74 99 10 15 98 16 91 12 47 26 58 56 102 104 60 105 13 3 95 30 41 88 6 1 38 67 49 28 71 43 79 55 107 24 29 27 54 92 46 17 8 9 75 85 7 35 20 11 59 22 42 25 70 44 37 45 83 109 68 94 81 93 5 32 51 2 69 82 36 78 33 14 57 80 66 52 106 108 64 84 103 100 39 53 50 72 73 76 34 4 89 40 48 62 87 63 86 21 18 61 96 97 65 
0 19 31 77 90 23 79 95 3 13 105 60 104 102 56 58 26 47 12 91 16 98 15 10 99 74 101 39 100 103 84 64 108 106 52 66 80 57 14 33 78 36 82 69 2 51 32 5 93 81 94 68 109 83 45 37 44 70 25 42 22 59 11 20 35 7 85 75 9 8 17 46 92 54 27 29 24 107 55 30 41 88 6 1 38 67 49 28 71 43 53 50 72 73 76 34 4 89 40 48 62 87 63 86 21 18 61 96 97 65 
0 19 31 77 90 23 79 55 107 24 29 27 54 92 46 17 8 9 75 85 7 35 20 11 59 22 42 25 70 44 37 45 83 109 68 94 81 93 5 51 2 69 82 16 78 33 14 57 80 66 52 106 108 64 84 103 100 39 101 74 99 10 15 98 36 91 12 47 26 58 56 102 104 60 105 13 3 95 30 50 53 43 32 71 28 49 67 38 1 6 88 41 72 73 76 34 4 89 40 48 62 87 63 86 21 18 61 96 97 65 
0 19 31 77 90 23 79 55 107 24 29 27 54 92 46 17 8 9 75 85 7 35 20 11 59 22 42 25 70 44 37 45 88 43 71 28 49 67 38 1 6 41 30 95 3 13 105 60 104 102 56 58 26 47 12 91 16 98 15 10 99 74 101 39 100 103 84 64 108 106 52 66 80 57 14 33 78 36 82 69 51 32 5 93 81 94 68 109 83 53 50 72 73 76 34 4 89 40 48 62 87 63 2 86 21 18 61 96 97 65 
0 19 31 77 90 23 79 55 107 24 29 27 54 92 46 17 8 9 75 82 69 2 51 32 5 93 81 94 68 109 83 45 37 44 70 25 42 22 59 11 20 35 7 85 36 78 104 14 57 80 66 52 106 108 64 84 103 100 39 101 74 99 10 15 98 16 91 12 47 26 58 56 102 33 60 105 13 3 95 30 41 88 6 1 38 67 49 28 71 43 53 50 72 73 76 34 4 89 40 48 62 87 63 86 21 18 61 96 97 65 
0 19 31 77 90 23 79 55 107 24 29 27 54 92 46 17 8 9 75 85 7 35 20 11 59 22 42 25 70 44 37 45 83 109 68 94 81 93 5 32 51 2 69 82 36 78 33 14 57 80 66 52 106 108 64 84 103 100 39 101 74 99 10 15 98 16 91 12 47 26 58 56 102 104 60 105 13 3 21 30 41 88 6 1 38 67 49 28 71 43 53 50 72 73 76 34 4 89 40 48 62 87 63 86 95 18 61 96 97 65 
0 19 31 77 90 23 79 55 107 24 29 27 54 92 46 8 9 75 85 7 35 20 11 59 22 42 25 70 44 37 45 83 109 68 94 81 93 5 32 17 51 2 69 82 36 78 33 14 57 80 66 52 106 108 64 84 103 100 39 101 74 99 10 15 98 16 38 1 6 88 41 30 95 3 13 105 60 104 102 56 58 26 47 12 91 67 49 28 71 53 50 72 73 76 34 4 89 40 48 62 87 63 86 21 43 18 61 96 97 65 
0 19 31 77 90 23 79 55 107 24 29 27 54 57 80 66 52 106 108 64 84 103 100 39 101 74 99 10 15 98 16 91 12 47 26 58 81 93 5 32 51 2 69 82 36 78 33 14 92 46 17 8 9 75 85 7 35 20 11 59 22 42 25 70 44 37 45 83 109 68 94 56 102 104 60 105 13 3 95 30 41 88 6 1 38 67 49 28 71 43 53 50 72 73 76 34 4 89 40 48 62 87 63 86 21 18 61 96 97 65 
0 19 31 77 90 23 79 55 107 24 29 27 54 92 46 17 8 9 75 85 7 35 20 11 59 22 42 25 83 44 73 76 34 4 89 40 48 62 87 63 86 21 18 61 96 97 33 14 57 80 66 52 106 108 64 84 103 100 39 101 74 99 10 15 98 16 91 12 47 26 58 56 102 104 60 105 13 3 95 30 41 88 6 1 38 67 49 28 71 43 53 50 72 37 45 70 109 68 94 81 93 5 32 51 2 69 82 36 78 65 
0 19 31 77 90 23 79 55 107 24 29 27 54 92 46 17 8 9 75 85 7 35 20 11 59 22 42 25 70 44 37 45 83 109 68 94 81 93 5 32 51 2 69 82 36 63 87 62 48 40 89 4 34 76 73 72 50 53 43 71 28 49 67 38 1 6 88 41 30 95 3 13 86 78 33 14 57 80 66 52 106 108 64 84 103 100 39 101 74 99 10 15 98 16 91 12 47 26 58 56 105 60 104 102 21 18 61 96 97 65 
0 19 31 77 90 23 79 55 107 24 29 27 54 92 68 17 8 9 75 85 7 35 20 11 59 22 42 25 70 44 37 45 83 109 46 94 81 93 5 32 51 2 69 82 36 78 33 14 57 80 66 52 106 108 64 84 103 100 39 101 74 99 10 15 98 16 91 12 47 26 58 56 102 104 60 105 13 3 95 30 41 88 6 1 38 67 49 28 71 43 53 50 72 73 76 34 4 89 40 48 62 63 86 21 87 18 61 96 97 65 
0 19 31 77 90 23 79 55 107 24 29 27 54 92 46 17 8 9 75 85 7 35 20 11 59 22 42 25 70 44 37 45 83 109 68 94 81 93 5 32 51 2 69 82 36 78 33 14 57 80 66 52 106 108 64 84 103 100 39 101 74 99 10 15 98 16 91 12 47 26 58 56 102 104 60 105 13 3 95 30 41 21 18 61 96 97 49 28 71 43 53 50 72 73 76 34 4 89 40 48 62 87 63 86 88 6 1 38 67 65 
0 19 31 77 90 23 79 55 107 24 29 27 54 53 43 71 92 46 17 8 9 75 85 7 35 20 11 59 22 42 25 70 44 37 45 83 109 68 4 81 93 5 32 51 2 69 82 36 78 94 15 33 14 57 80 66 52 106 108 64 84 103 100 39 101 74 99 10 98 16 91 12 47 26 58 56 102 104 60 105 13 3 95 30 41 88 6 1 38 67 49 28 50 72 73 76 34 89 40 48 62 87 63 86 21 18 61 96 97 65 
0 19 31 77 90 23 79 55 107 24 29 27 54 92 46 17 8 9 75 85 7 35 20 11 59 22 42 25 70 44 37 45 83 109 68 94 81 60 5 32 51 2 69 82 36 78 33 14 57 80 66 52 106 108 64 84 103 100 39 101 74 99 10 15 98 16 91 12 47 26 58 56 102 104 93 105 13 6 95 30 41 88 3 1 38 67 49 28 71 43 53 50 72 73 76 34 4 89 40 48 62 87 63 86 21 18 61 96 97 65 
0 19 31 77 90 23 79 55 107 24 29 27 54 92 46 17 8 9 75 85 7 35 20 11 59 22 42 25 70 44 37 45 83 109 68 94 81 93 5 60 105 13 3 95 30 41 88 6 1 38 67 49 28 71 43 53 50 72 73 76 34 4 89 40 48 62 87 63 86 21 18 61 96 97 80 57 14 33 78 36 82 69 2 51 32 66 52 106 108 64 84 103 100 39 101 74 99 10 15 98 16 91 12 47 26 58 56 102 104 65 
0 19 31 77 90 23 79 55 107 24 29 27 54 92 46 17 8 9 75 85 7 35 20 11 59 22 42 25 70 44 37 45 83 109 68 94 81 93 5 32 51 2 69 82 36 78 33 57 80 66 52 106 108 64 84 103 100 39 101 74 99 10 15 98 16 91 12 47 26 58 56 102 104 60 105 13 96 95 30 41 88 6 1 38 67 49 28 71 43 14 53 50 72 73 76 34 4 89 40 48 62 87 63 86 21 18 61 3 97 65 
0 19 31 77 90 23 79 55 107 24 29 27 54 92 46 17 8 9 75 85 7 35 20 11 59 22 42 25 70 44 37 45 83 109 68 94 81 93 5 32 51 2 69 82 36 78 33 14 57 66 52 106 108 64 84 103 15 100 39 101 74 99 10 98 16 91 12 21 86 63 87 62 48 40 89 4 34 76 73 72 50 53 43 71 28 49 67 38 1 6 88 41 30 95 3 13 105 60 104 102 56 58 26 47 18 80 61 96 97 65 
0 19 31 77 90 23 79 55 107 24 29 27 54 92 46 17 8 9 75 85 7 35 20 1 38 67 49 28 70 44 37 45 83 109 68 94 81 93 5 32 51 2 69 82 36 78 33 14 57 80 66 52 106 108 64 84 103 100 39 101 74 99 10 15 98 16 91 12 47 26 58 56 102 104 60 105 13 3 95 30 41 88 6 11 59 22 42 25 71 43 53 50 72 73 76 34 4 89 40 48 87 63 86 21 18 62 61 96 97 65 
0 19 31 77 90 23 79 55 107 24 29 27 54 92 46 17 8 9 75 52 7 35 20 11 59 22 42 25 70 44 37 45 83 109 68 94 81 93 5 32 51 2 69 82 36 78 33 14 57 80 66 85 106 108 64 84 103 100 39 101 74 99 10 15 98 16 91 12 47 26 58 56 102 104 60 105 13 3 95 30 41 88 6 1 38 67 49 28 71 43 53 50 72 73 76 34 4 89 40 48 62 87 63 86 21 18 61 96 97 65 
0 19 31 77 90 23 79 55 107 24 29 27 54 92 46 17 8 9 75 85 7 35 20 11 59 22 42 25 70 44 37 45 83 109 68 94 81 93 5 32 51 2 69 82 36 78 33 14 97 96 61 18 21 86 63 87 62 48 40 89 4 34 76 73 66 80 57 1 52 106 108 64 84 103 100 39 101 74 99 10 15 98 88 6 38 67 49 28 71 43 53 50 72 91 12 47 26 58 56 102 16 104 60 105 13 3 95 30 41 65 
0 19 31 77 90 23 79 18 107 24 29 27 54 92 46 17 8 9 75 85 7 35 20 11 59 22 42 25 70 44 37 45 83 109 68 94 81 93 5 32 51 2 69 82 36 78 33 14 57 80 66 52 106 108 64 84 103 100 39 101 74 99 10 15 98 16 91 12 47 26 58 56 102 104 60 105 13 3 95 30 41 88 6 1 38 67 49 28 71 43 53 50 72 73 76 34 4 89 40 48 62 87 63 86 21 55 61 96 97 65 
0 19 20 77 90 23 79 55 107 24 29 27 54 92 46 17 8 9 75 85 7 35 31 11 59 22 42 25 70 44 37 45 83 109 68 94 81 93 5 32 51 2 69 82 36 78 33 14 57 80 66 52 106 108 64 84 103 100 39 101 74 99 10 15 98 16 91 12 47 26 58 56 102 104 60 105 13 3 95 30 41 88 6 1 38 71 28 67 43 53 50 72 73 76 34 4 89 40 48 62 87 63 86 21 18 61 96 49 97 65 
0 19 31 77 90 65 97 96 61 18 63 86 21 87 62 48 40 89 4 34 76 73 85 50 53 43 71 28 49 67 38 1 6 88 41 30 95 3 13 105 60 104 102 56 58 26 47 12 91 16 98 15 10 99 74 101 39 100 103 84 64 108 106 52 66 80 57 14 33 78 36 82 69 2 51 32 5 93 81 94 68 109 83 45 37 44 70 25 42 22 59 11 20 35 7 72 75 9 8 17 46 92 54 27 29 24 107 55 79 23 
0 19 31 77 90 23 79 55 107 24 29 27 54 92 46 17 8 9 75 85 7 35 20 11 59 22 42 25 70 44 37 45 83 109 68 94 81 93 5 32 51 2 69 82 36 78 33 14 57 80 66 52 96 108 64 84 103 100 39 101 74 99 10 15 98 16 91 12 47 26 58 56 102 104 60 105 13 95 30 41 88 6 1 38 67 49 28 71 43 53 3 50 72 73 76 34 4 89 40 48 62 87 63 86 21 18 61 106 97 65 
0 19 31 77 90 23 79 55 107 24 29 27 54 92 46 17 8 9 75 85 95 3 13 105 60 104 102 56 58 26 47 12 91 16 98 15 10 99 74 101 39 100 103 84 64 108 106 52 66 80 57 14 33 78 36 82 69 2 51 32 5 93 81 94 68 109 83 45 37 44 70 25 42 22 59 11 20 35 7 30 41 88 6 1 38 67 49 28 71 43 53 50 72 73 76 34 4 89 40 48 62 87 63 86 18 61 96 97 65 21 
0 19 31 77 90 23 79 55 107 24 29 27 54 92 46 17 8 9 75 85 7 35 20 11 59 22 42 25 70 44 37 45 83 109 94 16 93 5 32 51 2 69 82 36 78 33 14 57 80 66 52 106 108 64 84 103 100 39 101 74 99 10 68 15 98 81 91 12 47 26 58 56 104 60 105 13 3 95 30 41 88 6 1 38 67 49 28 71 43 53 50 72 73 102 76 34 4 89 40 48 62 87 63 86 21 18 61 96 97 65 
0 19 31 77 90 23 79 55 107 24 29 27 54 92 46 48 8 9 75 85 7 35 20 11 59 22 42 25 70 44 37 45 83 109 68 94 81 93 5 32 51 2 69 82 36 78 33 14 57 80 66 52 106 108 64 84 103 100 39 101 74 99 10 15 98 16 91 12 47 26 58 56 102 104 60 105 13 3 95 30 41 88 6 1 38 67 49 28 71 43 53 50 72 73 76 34 4 89 40 17 62 87 63 86 21 18 61 96 97 65 
0 19 31 77 90 23 79 55 107 24 29 27 54 92 46 17 8 9 75 85 7 35 20 11 59 22 42 25 70 44 37 21 86 63 87 62 48 40 89 4 34 76 73 72 50 53 43 71 28 49 67 38 1 6 88 41 30 95 3 13 105 60 104 102 56 58 82 69 2 51 32 5 93 81 94 68 109 83 45 18 61 96 97 36 78 33 14 57 80 66 52 106 108 64 84 103 100 39 101 74 99 10 15 98 16 91 12 47 26 65 
0 19 31 77 90 23 79 55 107 24 29 27 54 92 46 17 8 9 75 85 7 35 20 11 59 22 42 25 70 44 37 45 83 109 68 94 81 93 5 32 69 64 84 15 100 39 101 74 99 10 103 98 16 91 12 47 26 58 56 108 106 52 66 80 57 14 33 78 36 3 13 105 60 72 50 53 43 71 28 49 67 38 1 6 88 41 30 95 82 2 51 102 104 73 76 34 4 89 40 48 62 87 63 86 21 18 61 96 97 65 
0 19 33 14 57 80 66 52 106 108 64 84 103 100 39 101 74 99 10 15 98 16 91 12 47 26 58 56 102 104 60 105 13 3 95 94 81 93 5 32 51 2 69 82 36 78 31 77 90 23 79 55 107 24 29 27 54 92 46 17 8 9 75 85 7 35 20 11 59 22 42 25 70 44 37 45 83 109 68 30 41 88 6 1 38 50 53 43 71 28 49 67 72 73 76 34 4 89 40 48 62 87 63 86 21 18 61 96 97 65 
0 19 31 77 90 23 79 55 107 24 74 99 10 15 98 16 91 12 47 26 58 56 102 104 60 105 13 3 95 30 41 88 6 1 38 67 49 28 71 43 53 50 72 73 76 34 4 89 40 48 62 87 63 86 21 18 61 96 39 101 29 27 54 92 46 17 8 9 75 85 7 35 20 11 59 22 42 25 70 44 37 45 83 109 68 94 81 93 5 32 51 2 69 82 36 78 33 14 57 80 66 52 106 108 64 84 103 100 97 65 
0 19 31 77 90 23 79 55 83 45 37 44 70 25 42 22 59 11 20 35 7 85 75 9 8 17 46 92 54 27 29 24 107 109 68 94 81 93 5 32 51 2 69 82 36 78 33 14 57 80 66 52 106 108 64 84 103 100 39 101 74 99 10 15 98 16 91 12 47 26 58 56 102 104 60 105 13 3 95 30 41 88 18 6 1 38 67 49 28 71 43 53 61 21 86 63 87 62 48 40 89 4 34 76 73 72 50 96 97 65 
0 19 31 77 90 23 79 55 107 24 29 27 54 92 46 17 8 9 75 85 7 35 20 11 59 22 42 25 70 44 37 45 83 109 68 94 81 93 5 32 51 2 69 6 36 78 33 14 57 80 66 52 106 108 64 84 103 100 39 101 99 10 15 98 16 91 12 47 26 58 56 102 104 60 105 13 3 28 30 41 88 82 1 38 67 49 95 71 43 53 50 72 74 73 76 34 4 89 40 48 62 87 63 86 21 18 61 96 97 65 
0 19 31 77 90 23 79 55 107 24 29 27 54 92 46 17 8 9 75 85 7 93 78 36 82 69 2 51 32 39 100 103 84 64 108 106 52 66 80 57 14 33 45 37 44 70 25 42 22 59 20 83 109 68 94 81 35 5 101 74 99 10 15 98 16 91 12 47 26 58 56 102 104 60 105 13 3 95 30 41 88 6 1 38 67 49 28 71 43 53 50 11 72 73 76 34 4 89 40 48 62 87 63 86 21 18 61 96 97 65 
0 19 31 77 90 23 79 55 107 24 29 27 54 92 46 17 8 9 75 85 7 35 20 11 59 22 42 25 70 44 37 45 83 109 68 21 81 93 5 32 51 2 69 82 36 78 33 14 57 80 66 52 106 108 64 84 103 100 39 101 74 99 10 15 98 16 91 12 47 26 58 56 102 104 60 105 13 3 95 30 41 88 6 1 38 67 49 28 71 43 86 53 50 72 73 76 34 4 89 40 48 62 87 63 94 18 61 96 97 65 
0 19 31 77 90 23 79 55 107 24 29 27 54 92 46 17 8 9 75 85 7 35 20 11 59 22 42 25 70 44 37 45 83 109 68 94 81 93 5 32 51 2 69 82 36 101 74 99 10 15 98 16 91 12 47 26 58 56 102 104 60 105 13 95 30 41 88 6 1 38 67 49 28 71 43 53 50 72 73 76 34 4 89 40 48 62 87 63 86 21 108 64 84 103 100 39 78 33 14 57 80 66 52 106 18 61 3 96 97 65 
0 19 31 77 90 23 79 55 107 24 29 27 54 92 46 17 8 9 75 85 7 35 20 11 59 22 42 25 70 44 37 45 83 109 68 94 81 93 5 32 51 2 69 82 36 78 33 14 57 80 66 52 106 108 64 84 103 100 39 101 74 99 10 15 98 16 91 12 47 26 58 56 102 104 60 105 13 97 95 30 41 88 6 1 38 67 49 28 71 43 53 50 72 73 76 34 4 89 40 48 62 87 63 86 21 18 61 96 3 65 
0 19 31 77 90 23 79 55 107 24 29 27 54 92 46 17 8 9 75 85 7 35 20 11 59 22 42 25 70 44 37 45 83 109 68 94 81 93 5 32 51 2 69 82 36 78 33 14 57 80 66 52 21 71 43 53 50 72 73 76 34 4 89 40 48 16 62 87 63 86 28 49 67 38 1 6 88 41 30 95 3 13 105 60 104 102 56 58 26 47 12 91 98 15 10 99 74 101 39 100 103 84 64 108 106 18 61 96 97 65 
0 19 31 77 90 23 79 55 107 24 29 27 54 92 46 17 8 9 75 85 7 35 20 11 59 22 42 25 58 26 47 91 16 98 15 10 99 74 101 39 100 103 84 64 12 108 106 52 66 80 57 14 33 94 68 109 83 45 37 44 70 86 63 87 62 48 40 69 2 51 32 82 36 78 81 93 5 89 4 34 76 73 72 50 53 43 71 28 49 67 38 1 6 88 41 30 95 3 13 105 60 104 102 56 21 18 61 96 97 65 
0 19 31 77 90 23 39 101 74 99 10 15 98 16 91 12 47 26 58 56 102 104 60 105 13 3 95 30 41 88 6 1 38 67 49 28 71 43 53 50 72 73 76 34 4 89 40 48 62 87 63 86 21 18 61 96 97 100 79 55 107 24 29 27 54 92 46 17 8 9 75 85 7 35 20 11 59 22 42 25 70 44 37 45 83 109 68 94 81 93 5 32 51 2 69 82 36 78 33 14 57 80 66 52 106 108 64 84 103 65 
0 19 31 77 90 23 43 53 50 72 73 76 34 4 89 40 48 62 87 63 7 35 20 11 59 22 42 25 70 44 37 45 83 109 68 94 81 93 5 32 51 2 69 82 36 78 33 14 57 80 66 52 106 108 64 84 103 100 39 101 74 99 10 15 98 16 91 12 47 26 58 56 102 104 60 105 13 3 95 30 41 88 6 1 38 67 49 28 71 79 55 107 24 29 27 54 92 46 17 8 9 75 85 86 21 18 61 96 97 65 
0 19 31 77 90 23 79 55 107 24 29 76 54 92 46 17 8 9 75 85 7 35 20 11 59 22 42 25 70 44 37 45 83 109 68 94 81 93 5 32 51 2 69 82 36 78 33 14 57 80 66 52 106 108 64 84 103 100 39 101 74 99 10 15 98 16 91 12 47 26 58 56 102 104 60 105 13 3 95 30 41 88 6 1 38 67 49 28 71 53 50 72 73 27 43 34 4 89 40 48 62 87 63 86 21 18 61 96 97 65 
0 19 31 77 90 23 79 55 107 24 29 27 54 92 46 8 84 75 85 7 35 9 20 11 16 91 12 47 26 58 56 102 104 60 105 13 3 95 30 41 88 6 1 38 67 49 28 71 43 53 50 72 73 76 34 4 17 59 22 42 25 70 44 37 45 83 109 68 94 81 93 5 32 51 2 69 82 36 78 33 14 80 66 52 106 108 64 103 100 39 101 74 99 10 15 98 57 89 40 48 62 87 63 86 21 18 61 96 97 65 
0 19 31 78 90 23 79 55 107 24 29 27 54 92 46 17 8 9 75 85 7 35 20 11 59 22 42 25 70 44 37 45 83 109 68 94 81 93 5 32 51 2 69 82 36 77 33 14 57 80 66 52 106 108 64 84 103 100 39 101 74 99 10 15 98 16 91 12 47 26 58 56 102 104 60 105 13 3 95 30 41 88 6 1 38 67 49 28 71 43 53 50 72 73 76 34 4 89 40 48 62 87 63 86 21 18 61 96 97 65 
0 19 31 77 90 23 101 74 99 10 15 98 16 91 12 47 26 58 56 102 104 60 105 13 3 95 30 41 88 6 1 38 67 49 28 71 43 79 55 107 24 29 27 54 92 46 17 8 9 75 85 7 35 20 11 59 22 42 25 70 44 37 45 83 109 68 94 81 93 5 32 51 2 69 82 36 78 33 14 57 80 66 52 106 64 84 103 100 39 53 50 72 73 76 34 4 89 40 48 62 108 87 63 86 21 18 61 96 97 65 
0 19 31 77 90 23 79 55 86 24 29 27 54 92 46 17 8 9 75 85 7 35 20 11 59 22 42 25 70 44 37 45 83 109 68 94 81 93 5 32 51 2 69 82 36 78 33 14 57 80 66 52 106 108 64 84 103 100 39 101 74 99 10 15 98 16 91 12 47 26 58 56 102 104 60 105 13 3 95 30 41 88 6 1 38 67 49 28 71 43 107 53 50 72 73 76 34 4 89 40 48 62 87 63 21 18 61 96 97 65 
0 19 31 77 90 23 79 55 107 24 29 27 54 92 46 17 8 9 75 85 7 35 20 11 59 22 42 25 70 44 37 45 83 109 68 94 81 93 5 32 51 2 69 82 36 16 33 14 57 80 66 52 106 108 64 84 18 21 86 63 87 62 48 40 89 4 34 76 73 50 53 43 71 28 49 67 38 1 6 88 41 30 95 3 13 105 60 104 102 56 58 26 47 12 91 78 98 15 10 99 74 101 39 100 103 61 96 97 65 72 
0 19 31 77 90 23 79 55 107 24 29 51 54 92 46 17 8 9 75 85 7 35 20 11 59 22 42 25 13 105 60 104 102 56 58 26 47 12 91 16 98 15 10 99 74 101 39 100 103 84 64 108 106 52 66 80 57 14 33 78 36 82 69 2 27 32 5 93 81 94 68 109 83 45 37 44 70 3 95 30 41 88 6 1 38 67 49 28 71 43 53 50 72 73 76 34 4 89 40 48 62 87 63 86 21 18 61 96 97 65 
0 19 31 78 33 14 57 80 66 52 106 108 64 84 103 100 39 9 74 99 10 15 77 90 23 79 55 107 24 29 27 54 92 46 17 8 75 85 7 35 20 11 59 22 42 25 70 44 37 45 83 109 68 94 81 93 5 32 51 2 69 82 36 101 98 16 91 12 47 26 58 56 102 104 60 105 13 3 95 30 41 88 6 1 38 67 49 28 71 43 53 50 72 73 76 34 4 89 40 48 62 87 63 86 21 18 61 96 97 65 
0 19 70 77 90 23 79 55 107 24 29 27 54 92 46 17 8 9 75 85 7 35 20 63 87 62 48 40 89 4 34 76 73 72 50 53 43 71 28 49 67 38 1 6 88 41 30 95 3 13 105 60 104 102 56 58 26 47 12 91 16 98 10 99 74 101 39 100 15 103 84 64 108 106 52 66 80 57 14 33 78 36 82 69 2 51 32 5 93 81 94 68 109 83 45 37 44 31 25 42 22 59 11 86 21 18 61 96 97 65 
0 19 31 77 90 23 79 55 107 24 29 27 54 92 46 17 8 9 87 62 48 40 89 4 34 76 73 72 50 53 43 71 28 49 67 38 1 6 88 82 30 95 3 13 105 60 104 102 56 58 26 47 12 91 16 98 15 10 99 74 101 39 100 103 84 64 108 106 52 66 80 57 14 33 78 36 41 69 2 51 5 93 81 94 68 109 83 45 37 44 70 25 42 32 22 59 11 20 35 7 85 75 63 86 21 18 61 96 97 65 
0 19 31 77 90 23 79 55 4 24 29 27 54 92 46 17 8 9 75 85 7 35 20 11 59 22 42 25 70 44 37 45 83 109 68 94 81 93 5 32 51 2 69 82 36 78 33 14 57 80 66 52 106 108 64 84 103 100 39 101 74 99 10 15 98 16 91 12 47 26 58 56 102 107 104 60 105 13 3 95 30 41 88 6 1 38 67 49 28 71 43 53 50 72 73 76 34 89 40 48 62 87 63 86 21 18 61 96 97 65 
0 19 31 77 90 23 79 55 107 24 29 27 54 92 46 17 8 9 75 85 7 35 20 11 59 22 42 25 70 44 37 45 83 109 68 94 81 101 74 99 10 15 98 16 91 12 47 26 58 56 102 104 60 105 13 3 95 30 41 88 6 1 38 67 49 28 71 43 53 50 72 73 76 34 4 89 40 48 62 87 63 86 21 106 18 61 96 97 39 93 5 32 51 2 69 82 36 78 33 14 57 80 66 52 108 64 84 103 100 65 
0 19 31 77 90 23 79 55 107 24 29 27 54 92 46 17 8 9 75 85 7 35 20 11 59 22 42 25 70 44 37 45 83 109 68 94 81 101 74 99 10 15 98 16 91 12 47 26 58 56 102 104 60 105 13 3 95 30 41 88 6 1 38 67 49 28 71 43 53 50 72 73 76 34 4 89 40 48 62 87 63 86 21 106 18 61 96 97 39 93 5 32 51 2 69 82 36 78 33 14 57 80 66 52 108 64 84 103 100 65 
0 19 31 77 90 23 79 55 107 24 29 27 54 92 46 17 8 9 13 105 60 104 102 56 58 26 47 91 16 98 15 10 99 74 101 39 100 103 84 64 12 108 106 52 66 80 57 14 33 78 36 82 40 48 62 87 63 86 21 88 41 30 95 3 75 85 7 35 20 11 59 22 42 25 70 44 37 45 83 109 68 94 81 93 5 32 51 2 69 89 4 34 76 73 72 50 53 43 71 28 49 67 38 1 6 18 61 96 97 65 
0 19 101 77 90 23 79 55 107 24 29 27 54 92 46 17 8 9 75 85 7 35 20 11 59 22 42 25 70 44 37 45 83 109 68 94 81 93 5 32 51 2 69 82 36 78 33 14 57 80 66 52 106 108 64 84 103 100 39 31 74 99 10 15 98 16 91 12 47 26 58 56 102 104 60 105 13 3 95 30 41 88 6 1 38 67 49 28 71 43 53 50 72 73 76 34 4 89 40 48 62 87 63 86 21 18 61 96 97 65 
0 19 79 23 90 77 31 55 107 24 29 27 54 92 46 17 8 9 75 85 7 35 78 33 14 57 80 66 52 106 108 64 84 103 100 39 74 99 10 15 98 16 91 12 47 26 1 38 67 49 28 71 43 53 50 72 73 76 34 4 89 40 48 62 87 63 86 21 18 61 96 97 2 69 82 36 101 20 11 59 22 42 25 70 44 37 58 56 102 104 60 105 13 3 95 30 41 88 6 45 83 109 68 94 81 93 5 32 51 65 
0 19 31 77 90 23 79 55 107 24 29 27 54 92 46 17 8 30 75 85 7 35 20 11 59 22 42 25 70 44 37 45 83 109 68 94 81 93 5 32 51 2 69 82 36 78 33 14 57 80 66 52 106 108 64 84 103 100 39 101 74 99 10 15 98 16 91 12 47 26 58 56 102 104 60 105 13 3 95 9 41 88 6 1 38 67 49 28 71 43 53 50 72 73 76 34 4 89 40 48 62 87 63 86 21 18 61 96 97 65 
0 19 31 8 17 46 92 54 27 29 24 107 55 78 23 90 77 9 75 85 7 35 20 11 59 22 42 25 70 44 37 45 83 109 68 94 81 93 5 32 51 2 69 82 36 79 33 14 57 80 66 52 106 108 64 84 103 100 39 101 74 99 10 15 98 16 91 12 47 26 58 56 102 104 60 105 13 3 95 30 41 88 6 1 38 67 49 28 71 43 53 50 72 73 76 34 4 89 40 48 62 87 63 86 21 18 61 96 97 65 
0 19 31 77 90 23 79 55 107 24 29 27 36 92 46 17 8 9 75 85 7 35 20 11 59 22 42 25 70 44 37 45 83 109 68 94 81 93 5 32 51 2 69 82 54 78 33 14 57 80 66 52 108 64 84 103 100 39 101 74 99 10 106 15 98 16 91 21 86 63 87 62 48 40 89 4 34 76 73 72 50 49 12 47 26 58 56 102 104 60 105 13 3 95 30 41 88 6 1 38 67 28 71 43 53 18 61 96 97 65 
0 19 31 77 90 23 79 50 72 73 76 27 54 92 46 17 8 9 75 85 7 35 20 11 59 22 42 25 70 44 37 45 83 109 68 94 81 93 5 32 51 2 69 82 78 33 14 57 80 43 52 106 108 64 84 103 100 39 101 74 99 10 15 98 16 91 12 47 26 58 56 102 104 60 105 13 3 95 30 41 88 6 1 38 36 67 49 28 71 66 53 55 107 24 29 34 4 89 40 48 62 87 63 86 21 18 61 96 97 65 
0 19 31 77 90 23 79 55 107 24 27 54 92 46 17 8 9 75 85 7 35 20 11 59 22 21 25 70 44 37 45 83 109 68 94 81 93 5 32 51 2 69 82 36 78 33 14 57 80 66 52 106 108 64 84 103 100 39 101 74 99 10 15 98 16 91 12 47 26 58 56 102 104 60 105 13 3 95 30 41 88 6 1 38 67 49 28 71 43 53 50 72 73 76 34 4 89 40 48 62 87 63 86 42 18 29 61 96 97 65 
0 29 31 77 90 23 79 55 107 24 19 27 54 92 74 99 10 15 98 16 91 12 47 26 58 56 102 25 70 44 37 45 83 109 68 94 81 93 5 32 51 2 69 82 36 78 33 14 57 80 66 52 106 108 64 84 103 100 39 101 46 17 8 9 75 85 7 35 20 11 59 22 42 104 60 105 13 3 95 30 41 88 6 1 38 67 49 28 71 43 53 50 72 73 76 34 4 89 40 48 62 87 63 86 21 18 61 96 97 65 
0 19 31 77 90 23 79 55 107 24 4 27 54 92 46 17 8 9 75 85 7 35 20 11 103 100 39 101 74 99 10 15 98 16 91 12 47 26 58 56 102 104 60 105 13 3 95 30 41 88 6 1 38 108 64 84 59 22 42 25 70 44 37 45 83 109 68 94 81 93 5 32 51 2 69 82 36 78 33 14 57 80 66 52 106 67 49 28 43 71 53 50 72 73 76 34 29 89 40 48 62 87 63 86 21 18 61 96 97 65 
0 19 31 77 98 23 79 55 107 24 29 27 54 92 46 17 8 9 75 85 7 35 20 11 59 22 42 25 70 44 37 45 83 109 68 94 81 93 5 32 51 2 69 82 36 78 33 14 57 80 66 52 106 108 64 84 103 100 39 101 74 99 10 15 90 16 91 12 47 26 58 56 102 104 60 105 13 3 95 30 41 88 6 1 38 67 49 28 71 43 53 50 72 73 76 34 4 89 40 48 62 87 63 86 21 18 61 96 97 65 
0 19 31 77 90 23 79 55 107 24 38 27 54 92 46 17 8 9 75 85 7 35 20 11 59 22 42 25 70 44 37 45 83 109 68 94 81 93 5 32 51 2 69 82 36 78 33 14 57 80 66 52 106 108 64 84 103 100 39 101 74 99 10 15 98 16 91 12 47 26 58 56 102 104 60 105 13 3 95 30 41 88 6 1 29 67 49 28 71 43 53 50 72 73 76 34 4 89 40 48 62 63 86 21 87 18 61 96 97 65 
0 80 66 52 106 108 64 84 103 100 39 101 74 99 10 15 98 16 91 12 47 26 58 56 102 104 60 105 13 3 95 30 41 88 6 38 81 93 5 32 51 2 69 82 36 78 33 14 57 19 31 77 90 23 79 55 107 24 29 27 54 92 46 17 8 9 75 85 7 35 20 11 59 22 42 65 70 44 37 45 83 109 68 94 67 49 28 71 1 43 53 50 72 73 76 34 4 89 40 48 62 87 63 86 21 18 61 96 97 25 
0 19 31 83 109 68 94 81 93 5 32 51 2 69 82 36 78 9 75 85 7 35 20 11 59 22 42 25 70 44 37 45 77 90 23 79 55 107 95 3 13 105 60 104 102 56 58 26 47 12 91 16 98 15 10 99 74 101 39 100 103 84 64 108 106 52 66 80 57 14 33 8 17 46 92 54 27 29 24 30 41 88 6 1 38 67 49 28 71 43 53 50 72 73 76 34 4 89 40 48 62 87 63 86 21 18 61 96 97 65 
0 106 108 64 84 103 100 39 101 74 10 15 98 16 91 12 47 26 58 85 7 35 20 11 59 22 42 25 70 44 37 45 83 109 68 94 81 93 5 32 51 2 69 82 36 78 33 14 57 80 66 52 19 31 77 90 23 79 55 107 24 29 27 54 92 46 17 8 9 75 56 102 104 60 105 99 13 3 95 30 41 88 6 1 38 67 49 28 71 43 53 50 72 73 76 34 4 89 40 48 62 87 63 86 21 18 61 96 97 65 
0 19 31 77 90 23 79 55 107 24 29 27 54 92 46 17 8 9 75 30 7 35 20 11 59 22 42 25 70 44 37 45 83 109 68 94 81 93 5 32 51 2 15 69 82 36 78 33 14 53 43 71 4 57 80 66 52 106 108 64 84 103 100 39 101 74 99 10 98 16 91 12 47 26 58 56 102 104 60 105 13 3 95 85 41 88 6 1 38 67 49 28 50 72 73 76 34 89 40 48 62 87 63 86 21 18 61 96 97 65 
0 19 31 77 90 23 79 55 107 24 29 27 54 92 46 2 8 9 75 87 62 48 40 89 4 44 76 85 7 35 20 11 59 22 42 25 70 34 37 45 83 109 68 94 81 93 5 32 51 17 69 82 36 78 33 14 57 80 66 52 106 108 64 84 103 100 39 101 74 99 10 15 98 16 91 12 47 26 58 56 102 104 60 105 13 3 95 30 41 88 6 1 38 67 49 28 71 43 53 50 72 73 63 86 21 18 61 96 97 65 
0 19 38 77 90 23 79 55 107 24 29 27 54 92 46 17 8 9 75 85 7 35 20 11 59 22 42 25 70 44 37 45 83 109 68 94 81 93 5 32 51 2 69 82 36 78 33 14 57 80 66 52 106 108 64 84 103 100 39 101 99 10 15 98 16 91 12 47 26 58 56 102 104 60 105 13 3 28 30 41 88 6 1 31 67 49 95 71 43 53 50 72 74 73 76 34 4 89 40 48 62 87 63 86 21 18 61 96 97 65 
0 19 31 77 90 70 25 42 22 59 11 20 35 7 85 75 9 8 46 92 54 27 29 24 107 55 79 23 44 37 45 83 109 68 94 81 5 32 51 2 69 82 36 93 78 33 14 57 80 66 52 106 108 64 84 103 100 39 101 74 99 10 15 98 16 91 12 47 26 58 56 102 104 62 105 13 3 95 30 41 88 6 1 17 38 67 49 28 71 43 53 50 72 73 76 34 60 4 89 40 48 87 63 86 21 18 61 96 97 65 
0 82 31 77 90 23 79 55 101 74 99 10 15 98 16 91 12 47 26 58 56 102 104 60 105 13 95 30 41 88 6 1 38 67 49 28 71 43 53 50 72 73 76 34 4 107 24 29 27 54 92 46 17 8 9 75 85 7 35 20 11 59 22 42 25 70 44 37 45 83 109 68 94 81 93 5 32 51 2 69 19 36 78 33 14 57 80 66 52 106 108 64 84 103 100 39 3 89 40 48 62 87 63 86 21 18 61 96 97 65 
0 19 66 80 57 14 33 78 36 69 2 51 32 5 93 81 94 82 68 109 83 45 37 44 70 25 42 22 59 11 20 35 7 85 75 9 8 17 46 92 54 1 29 24 107 55 79 23 90 77 31 52 106 108 64 84 103 100 39 101 74 99 10 15 27 97 96 61 18 21 86 63 87 62 48 40 89 4 34 76 73 72 50 53 43 71 28 49 67 38 6 88 41 30 95 3 13 105 60 104 102 56 58 26 47 12 91 16 98 65 
0 19 31 77 90 23 79 55 3 24 29 27 54 92 46 17 8 9 75 85 7 35 20 11 59 22 42 25 70 44 37 45 83 109 68 94 81 93 5 32 51 2 69 82 36 78 33 14 57 80 66 52 71 43 53 50 72 73 76 34 4 89 40 48 62 87 63 86 47 26 58 56 102 104 60 105 13 107 95 30 41 88 6 1 38 67 49 28 106 108 64 84 103 100 39 101 74 99 10 15 98 16 91 12 21 18 61 96 97 65 
0 19 31 77 107 88 6 1 38 67 49 28 71 43 53 50 72 73 34 4 89 35 20 11 59 22 42 25 70 44 37 45 83 109 68 94 81 93 5 32 51 2 69 82 36 78 33 14 57 80 66 52 106 108 64 84 103 100 39 101 74 99 10 15 98 16 91 12 47 26 58 56 102 104 60 105 13 3 95 30 90 23 79 55 41 24 29 27 54 92 46 17 8 9 75 85 7 40 48 62 87 63 86 21 76 18 61 96 97 65 
0 19 31 77 106 103 100 39 101 74 99 10 15 98 16 91 12 47 85 26 58 56 102 104 105 13 3 95 30 41 88 6 1 38 67 49 28 71 43 53 50 72 73 76 36 78 33 14 57 80 66 52 108 64 84 90 23 79 55 107 24 29 27 54 92 46 17 8 9 75 60 7 20 11 59 22 42 25 70 44 37 45 83 109 68 94 81 93 5 32 51 2 69 82 35 34 4 89 40 48 62 87 63 86 21 18 61 96 97 65 
0 69 31 77 90 23 79 55 107 24 29 27 54 92 46 14 57 80 66 52 106 108 102 104 60 105 13 99 10 103 98 16 91 12 47 26 58 56 32 5 19 7 35 20 11 59 22 42 25 70 44 37 45 83 109 68 94 81 93 51 2 82 36 78 33 17 8 9 75 85 64 84 15 100 39 101 74 3 95 30 41 88 6 1 38 67 49 28 71 43 53 50 72 73 76 34 4 89 40 48 62 87 63 86 21 18 61 96 97 65 
0 19 43 77 90 23 79 55 107 24 29 27 54 92 46 17 8 9 75 85 35 20 11 59 22 42 25 70 44 37 45 83 91 12 47 26 58 56 102 104 60 105 13 7 3 95 30 41 88 6 1 38 67 49 103 100 39 101 74 99 10 15 98 16 109 68 94 81 93 5 32 51 2 69 82 36 78 33 14 57 80 66 52 106 108 64 28 71 84 31 53 50 72 73 76 34 4 89 40 48 62 87 63 86 21 18 61 96 97 65 
0 19 31 77 90 23 79 55 107 24 29 27 54 92 38 17 53 43 71 28 49 67 46 1 6 88 41 30 95 3 13 105 60 104 102 56 58 26 5 47 12 91 16 98 15 10 99 74 101 39 100 103 84 64 108 106 52 66 80 57 14 33 78 36 82 2 51 32 69 93 81 94 68 109 83 45 37 44 70 25 22 59 11 20 35 7 85 42 8 75 9 50 72 73 76 34 4 89 40 48 62 87 63 86 21 18 61 96 97 65 
0 19 31 74 90 23 79 55 107 24 29 27 54 92 46 8 84 75 85 7 35 9 20 11 59 22 42 25 70 44 37 45 83 109 68 94 81 93 5 32 51 2 69 82 36 78 33 14 57 80 66 17 52 106 108 64 103 100 39 101 77 99 10 15 98 16 91 12 47 26 58 56 102 104 87 105 13 3 95 30 41 88 6 1 38 67 49 28 71 43 53 50 72 73 76 34 4 89 40 48 62 60 63 86 21 18 61 96 97 65 
