0 65 97 96 61 18 21 86 63 87 62 48 72 50 73 76 34 14 57 80 66 52 28 49 67 71 53 43 38 1 6 88 41 30 95 3 13 105 60 104 102 56 58 26 47 12 91 16 106 108 98 15 10 99 64 33 84 103 74 101 39 100 32 93 5 51 2 69 82 78 36 4 89 40 109 68 94 81 83 45 37 44 70 25 20 35 11 42 22 59 7 85 75 9 8 17 46 92 54 27 29 24 107 55 79 23 90 77 31 19 
0 65 97 96 61 18 21 86 63 87 62 48 72 50 73 76 34 14 57 80 66 52 28 49 67 71 53 43 38 1 6 88 41 30 95 3 13 105 60 104 102 56 58 26 47 12 91 16 106 108 98 15 10 99 64 33 84 103 74 101 39 100 32 93 5 51 2 69 82 78 36 4 89 40 109 68 94 81 83 45 37 44 70 25 20 35 11 42 22 59 7 85 75 9 8 17 46 92 54 27 29 24 107 55 79 23 90 77 31 19 
0 65 97 96 61 18 21 86 63 87 62 48 72 50 73 76 34 14 57 80 66 52 28 49 67 71 53 43 38 1 6 88 41 30 95 3 13 105 60 104 102 56 58 26 47 12 91 16 106 108 98 15 10 99 64 33 84 103 74 101 39 100 32 93 5 51 2 69 82 78 36 4 89 40 109 68 94 81 83 45 37 44 70 25 20 35 11 42 22 59 7 85 75 9 8 17 46 92 54 27 29 24 107 55 79 23 90 77 31 19 
0 65 97 96 61 18 21 86 63 87 62 48 72 50 73 76 34 14 57 80 66 52 28 49 67 71 53 43 38 1 6 88 41 30 95 3 13 105 60 104 102 56 58 26 47 12 91 16 106 108 98 15 10 99 64 33 84 103 74 101 39 100 32 93 5 51 2 69 82 78 36 4 89 40 109 68 94 81 83 45 37 44 70 25 20 35 11 42 22 59 7 85 75 9 8 17 46 92 54 27 29 24 107 55 79 23 90 77 31 19 
0 65 97 96 61 18 21 86 63 87 62 48 72 50 73 76 34 14 57 80 66 52 28 49 67 71 53 43 38 1 6 88 41 30 95 3 13 105 60 104 102 56 58 26 47 12 91 16 106 108 98 15 10 99 64 33 84 103 74 101 39 100 32 93 5 51 2 69 82 78 36 4 89 40 109 68 94 81 83 45 37 44 70 25 20 35 11 42 22 59 7 85 75 9 8 17 46 92 54 27 29 24 107 55 79 23 90 77 31 19 
0 65 97 96 61 18 21 86 63 87 62 48 72 50 73 76 34 14 57 80 66 52 28 49 67 71 53 43 38 1 6 88 41 30 95 3 13 105 60 104 102 56 58 26 47 12 91 16 106 108 98 15 10 99 64 33 84 103 74 101 39 100 32 93 5 51 2 69 82 78 36 4 89 40 109 68 94 81 83 45 37 44 70 25 20 35 11 42 22 59 7 85 75 9 8 17 46 92 54 27 29 24 107 55 79 23 90 77 31 19 
0 65 97 96 61 18 21 86 63 87 62 48 72 50 73 76 34 14 57 80 66 52 28 49 67 71 53 43 38 1 6 88 41 30 95 3 13 105 60 104 102 56 58 26 47 12 91 16 106 108 98 15 10 99 64 33 84 103 74 101 39 100 32 93 5 51 2 69 82 78 36 4 89 40 109 68 94 81 83 45 37 44 70 25 20 35 11 42 22 59 7 85 75 9 8 17 46 92 54 27 29 24 107 55 79 23 90 77 31 19 
0 65 97 96 61 18 21 86 63 87 62 48 72 50 73 76 34 14 57 80 66 52 28 49 67 71 53 43 38 1 6 88 41 30 95 3 13 105 60 104 102 56 58 26 47 12 91 16 106 108 98 15 10 99 64 33 84 103 74 101 39 100 32 93 5 51 2 69 82 78 36 4 89 40 109 68 94 81 83 45 37 44 70 25 20 35 11 42 22 59 7 85 75 9 8 17 46 92 54 27 29 24 107 55 79 23 90 77 31 19 
0 65 97 96 61 18 21 86 63 87 62 48 72 50 73 76 34 14 57 80 66 52 28 49 67 71 53 43 38 1 6 88 41 30 95 3 13 105 60 104 102 56 58 26 47 12 91 16 106 108 98 15 10 99 64 33 84 103 74 101 39 100 32 93 5 51 2 69 82 78 36 4 89 40 109 68 94 81 83 45 37 44 70 25 20 35 11 42 22 59 7 85 75 9 8 17 46 92 54 27 29 24 107 55 79 23 90 77 31 19 
0 65 97 96 61 18 21 86 63 87 62 48 72 50 73 76 34 14 57 80 66 52 28 49 67 71 53 43 38 1 6 88 41 30 95 3 13 105 60 104 102 56 58 26 47 12 91 16 106 108 98 15 10 99 64 33 84 103 74 101 39 100 32 93 5 51 2 69 82 78 36 4 89 40 109 68 94 81 83 45 37 44 70 25 20 35 11 42 22 59 7 85 75 9 8 17 46 92 54 27 29 24 107 55 79 23 90 77 31 19 
0 65 97 96 61 18 21 86 63 87 62 48 72 50 73 76 34 14 57 80 66 52 28 49 67 71 53 43 38 1 6 88 41 30 95 3 13 105 60 104 102 56 58 26 47 12 91 16 106 108 98 15 10 99 64 33 84 103 74 101 39 100 32 93 5 51 2 69 82 78 36 4 89 40 109 68 94 81 83 45 37 44 70 25 20 35 11 42 22 59 7 85 75 9 8 17 46 92 54 27 29 24 107 55 79 23 90 77 31 19 
0 65 97 96 61 18 21 86 63 87 62 48 72 50 73 76 34 14 57 80 66 52 28 49 67 71 53 43 38 1 6 88 41 30 95 3 13 105 60 104 102 56 58 26 47 12 91 16 106 108 98 15 10 99 64 33 84 103 74 101 39 100 32 93 5 51 2 69 82 78 36 4 89 40 109 68 94 81 83 45 37 44 70 25 20 35 11 42 22 59 7 85 75 9 8 17 46 92 54 27 29 24 107 55 79 23 90 77 31 19 
0 65 97 96 61 18 21 86 63 87 62 48 72 50 73 76 34 14 57 80 66 52 28 49 67 71 53 43 38 1 6 88 41 30 95 3 13 105 60 104 102 56 58 26 47 12 91 16 106 108 98 15 10 99 64 33 84 103 74 101 39 100 32 93 5 51 2 69 82 78 36 4 89 40 109 68 94 81 83 45 37 44 70 25 20 35 11 42 22 59 7 85 75 9 8 17 46 92 54 27 29 24 107 55 79 23 90 77 31 19 
0 65 97 96 61 18 21 86 63 87 62 48 72 50 73 76 34 14 57 80 66 52 28 49 67 71 53 43 38 1 6 88 41 30 95 3 13 105 60 104 102 56 58 26 47 12 91 16 106 108 98 15 10 99 64 33 84 103 74 101 39 100 32 93 5 51 2 69 82 78 36 4 89 40 109 68 94 81 83 45 37 44 70 25 20 35 11 42 22 59 7 85 75 9 8 17 46 92 54 27 29 24 107 55 79 23 90 77 31 19 
0 65 97 96 61 18 21 86 63 87 62 48 72 50 73 76 34 14 57 80 66 52 28 49 67 71 53 43 38 1 6 88 41 30 95 3 13 105 60 104 102 56 58 26 47 12 91 16 106 108 98 15 10 99 64 33 84 103 74 101 39 100 32 93 5 51 2 69 82 78 36 4 89 40 109 68 94 81 83 45 37 44 70 25 20 35 11 42 22 59 7 85 75 9 8 17 46 92 54 27 29 24 107 55 79 23 90 77 31 19 
0 65 97 96 61 18 21 86 63 87 62 48 72 50 73 76 34 14 57 80 66 52 28 49 67 71 53 43 38 1 6 88 41 30 95 3 13 105 60 104 102 56 58 26 47 12 91 16 106 108 98 15 10 99 64 33 84 103 74 101 39 100 32 93 5 51 2 69 82 78 36 4 89 40 109 68 94 81 83 45 37 44 70 25 20 35 11 42 22 59 7 85 75 9 8 17 46 92 54 27 29 24 107 55 79 23 90 77 31 19 
0 65 97 96 61 18 21 86 63 87 62 48 72 50 73 76 34 14 57 80 66 52 28 49 67 71 53 43 38 1 6 88 41 30 95 3 13 105 60 104 102 56 58 26 47 12 91 16 106 108 98 15 10 99 64 33 84 103 74 101 39 100 32 93 5 51 2 69 82 78 36 4 89 40 109 68 94 81 83 45 37 44 70 25 20 35 11 42 22 59 7 85 75 9 8 17 46 92 54 27 29 24 107 55 79 23 90 77 31 19 
0 65 97 96 61 18 21 86 63 87 62 48 72 50 73 76 34 14 57 80 66 52 28 49 67 71 53 43 38 1 6 88 41 30 95 3 13 105 60 104 102 56 58 26 47 12 91 16 106 108 98 15 10 99 64 33 84 103 74 101 39 100 32 93 5 51 2 69 82 78 36 4 89 40 109 68 94 81 83 45 37 44 70 25 20 35 11 42 22 59 7 85 75 9 8 17 46 92 54 27 29 24 107 55 79 23 90 77 31 19 
0 65 97 96 61 18 21 86 63 87 62 48 72 50 73 76 34 14 57 80 66 52 28 49 67 71 53 43 38 1 6 88 41 30 95 3 13 105 60 104 102 56 58 26 47 12 91 16 106 108 98 15 10 99 64 33 84 103 74 101 39 100 32 93 5 51 2 69 82 78 36 4 89 40 109 68 94 81 83 45 37 44 70 25 20 35 11 42 22 59 7 85 75 9 8 17 46 92 54 27 29 24 107 55 79 23 90 77 31 19 
0 65 97 96 61 18 21 86 63 87 62 48 72 50 73 76 34 14 57 80 66 52 28 49 67 71 53 43 38 1 6 88 41 30 95 3 13 105 60 104 102 56 58 26 47 12 91 16 106 108 98 15 10 99 64 33 84 103 74 101 39 100 32 93 5 51 2 69 82 78 36 4 89 40 109 68 94 81 83 45 37 44 70 25 20 35 11 42 22 59 7 85 75 9 8 17 46 92 54 27 29 24 107 55 79 23 90 77 31 19 
0 65 97 96 61 18 21 86 63 87 62 48 72 50 73 76 34 14 57 80 66 52 28 49 67 71 53 43 38 1 6 88 41 30 95 3 13 105 60 104 102 56 58 26 47 12 91 16 106 108 98 15 10 99 64 33 84 103 74 101 39 100 32 93 5 51 2 69 82 78 36 4 89 40 109 68 94 81 83 45 37 44 70 25 20 35 11 42 22 59 7 85 75 9 8 17 46 92 54 27 29 24 107 55 79 23 90 77 31 19 
0 65 97 96 61 18 21 86 63 87 62 48 72 50 73 76 34 14 57 80 66 52 28 49 67 71 53 43 38 1 6 88 41 30 95 3 13 105 60 104 102 56 58 26 47 12 91 16 106 108 98 15 10 99 64 33 84 103 74 101 39 100 32 93 5 51 2 69 82 78 36 4 89 40 109 68 94 81 83 45 37 44 70 25 20 35 11 42 22 59 7 85 75 9 8 17 46 92 54 27 29 24 107 55 79 23 90 77 31 19 
0 65 97 96 61 18 21 86 63 87 62 48 72 50 73 76 34 14 57 80 66 52 28 49 67 71 53 43 38 1 6 88 41 30 95 3 13 105 60 104 102 56 58 26 47 12 91 16 106 108 98 15 10 99 64 33 84 103 74 101 39 100 32 93 5 51 2 69 82 78 36 4 89 40 109 68 94 81 83 45 37 44 70 25 20 35 11 42 22 59 7 85 75 9 8 17 46 92 54 27 29 24 107 55 79 23 90 77 31 19 
0 65 97 96 61 18 21 86 63 87 62 48 72 50 73 76 34 14 57 80 66 52 28 49 67 71 53 43 38 1 6 88 41 30 95 3 13 105 60 104 102 56 58 26 47 12 91 16 106 108 98 15 10 99 64 33 84 103 74 101 39 100 32 93 5 51 2 69 82 78 36 4 89 40 109 68 94 81 83 45 37 44 70 25 20 35 11 42 22 59 7 85 75 9 8 17 46 92 54 27 29 24 107 55 79 23 90 77 31 19 
0 65 97 96 61 18 21 86 63 87 62 48 72 50 73 76 34 14 57 80 66 52 28 49 67 71 53 43 38 1 6 88 41 30 95 3 13 105 60 104 102 56 58 26 47 12 91 16 106 108 98 15 10 99 64 33 84 103 74 101 39 100 32 93 5 51 2 69 82 78 36 4 89 40 109 68 94 81 83 45 37 44 70 25 20 35 11 42 22 59 7 85 75 9 8 17 46 92 54 27 29 24 107 55 79 23 90 77 31 19 
0 65 97 96 61 18 21 86 63 87 62 48 72 50 73 76 34 14 57 80 66 52 28 49 67 71 53 43 38 1 6 88 41 30 95 3 13 105 60 104 102 56 58 26 47 12 91 16 106 108 98 15 10 99 64 33 84 103 74 101 39 100 32 93 5 51 2 69 82 78 36 4 89 40 109 68 94 81 83 45 37 44 70 25 20 35 11 42 22 59 7 85 75 9 8 17 46 92 54 27 29 24 107 55 79 23 90 77 31 19 
0 65 97 96 61 18 21 86 63 87 62 48 72 50 73 76 34 14 57 80 66 52 28 49 67 71 53 43 38 1 6 88 41 30 95 3 13 105 60 104 102 56 58 26 47 12 91 16 106 108 98 15 10 99 64 33 84 103 74 101 39 100 32 93 5 51 2 69 82 78 36 4 89 40 109 68 94 81 83 45 37 44 70 25 20 35 11 42 22 59 7 85 75 9 8 17 46 92 54 27 29 24 107 55 79 23 90 77 31 19 
0 65 97 96 61 18 21 86 63 87 62 48 72 50 73 76 34 14 57 80 66 52 28 49 67 71 53 43 38 1 6 88 41 30 95 3 13 105 60 104 102 56 58 26 47 12 91 16 106 108 98 15 10 99 64 33 84 103 74 101 39 100 32 93 5 51 2 69 82 78 36 4 89 40 109 68 94 81 83 45 37 44 70 25 20 35 11 42 22 59 7 85 75 9 8 17 46 92 54 27 29 24 107 55 79 23 90 77 31 19 
0 65 97 96 61 18 21 86 63 87 62 48 72 50 73 76 34 14 57 80 66 52 28 49 67 71 53 43 38 1 6 88 41 30 95 3 13 105 60 104 102 56 58 26 47 12 91 16 106 108 98 15 10 99 64 33 84 103 74 101 39 100 32 93 5 51 2 69 82 78 36 4 89 40 109 68 94 81 83 45 37 44 70 25 20 35 11 42 22 59 7 85 75 9 8 17 46 92 54 27 29 24 107 55 79 23 90 77 31 19 
0 65 97 96 61 18 21 86 63 87 62 48 72 50 73 76 34 14 57 80 66 52 28 49 67 71 53 43 38 1 6 88 41 30 95 3 13 105 60 104 102 56 58 26 47 12 91 16 106 108 98 15 10 99 64 33 84 103 74 101 39 100 32 93 5 51 2 69 82 78 36 4 89 40 109 68 94 81 83 45 37 44 70 25 20 35 11 42 22 59 7 85 75 9 8 17 46 92 54 27 29 24 107 55 79 23 90 77 31 19 
0 65 97 96 61 18 21 86 63 87 62 48 72 50 73 76 34 14 57 80 66 52 28 49 67 71 53 43 38 1 6 88 41 30 95 3 13 105 60 104 102 56 58 26 47 12 91 16 106 108 98 15 10 99 64 33 84 103 74 101 39 100 32 93 5 51 2 69 82 78 36 4 89 40 109 68 94 81 83 45 37 44 70 25 20 35 11 42 22 59 7 85 75 9 8 17 46 92 54 27 29 24 107 55 79 23 90 77 31 19 
0 65 97 96 61 18 21 86 63 87 62 48 72 50 73 76 34 14 57 80 66 52 28 49 67 71 53 43 38 1 6 88 41 30 95 3 13 105 60 104 102 56 58 26 47 12 91 16 106 108 98 15 10 99 64 33 84 103 74 101 39 100 32 93 5 51 2 69 82 78 36 4 89 40 109 68 94 81 83 45 37 44 70 25 20 35 11 42 22 59 7 85 75 9 8 17 46 92 54 27 29 24 107 55 79 23 90 77 31 19 
0 65 97 96 61 18 21 86 63 87 62 48 72 50 73 76 34 14 57 80 66 52 28 49 67 71 53 43 38 1 6 88 41 30 95 3 13 105 60 104 102 56 58 26 47 12 91 16 106 108 98 15 10 99 64 33 84 103 74 101 39 100 32 93 5 51 2 69 82 78 36 4 89 40 109 68 94 81 83 45 37 44 70 25 20 35 11 42 22 59 7 85 75 9 8 17 46 92 54 27 29 24 107 55 79 23 90 77 31 19 
0 65 97 96 61 18 21 86 63 87 62 48 72 50 73 76 34 14 57 80 66 52 28 49 67 71 53 43 38 1 6 88 41 30 95 3 13 105 60 104 102 56 58 26 47 12 91 16 106 108 98 15 10 99 64 33 84 103 74 101 39 100 32 93 5 51 2 69 82 78 36 4 89 40 109 68 94 81 83 45 37 44 70 25 20 35 11 42 22 59 7 85 75 9 8 17 46 92 54 27 29 24 107 55 79 23 90 77 31 19 
0 65 97 96 61 18 21 86 63 87 62 48 72 50 73 76 34 14 57 80 66 52 28 49 67 71 53 43 38 1 6 88 41 30 95 3 13 105 60 104 102 56 58 26 47 12 91 16 106 108 98 15 10 99 64 33 84 103 74 101 39 100 32 93 5 51 2 69 82 78 36 4 89 40 109 68 94 81 83 45 37 44 70 25 20 35 11 42 22 59 7 85 75 9 8 17 46 92 54 27 29 24 107 55 79 23 90 77 31 19 
0 65 97 96 61 18 21 86 63 87 62 48 72 50 73 76 34 14 57 80 66 52 28 49 67 71 53 43 38 1 6 88 41 30 95 3 13 105 60 104 102 56 58 26 47 12 91 16 106 108 98 15 10 99 64 33 84 103 74 101 39 100 32 93 5 51 2 69 82 78 36 4 89 40 109 68 94 81 83 45 37 44 70 25 20 35 11 42 22 59 7 85 75 9 8 17 46 92 54 27 29 24 107 55 79 23 90 77 31 19 
0 65 97 96 61 18 21 86 63 87 62 48 72 50 73 76 34 14 57 80 66 52 28 49 67 71 53 43 38 1 6 88 41 30 95 3 13 105 60 104 102 56 58 26 47 12 91 16 106 108 98 15 10 99 64 33 84 103 74 101 39 100 32 93 5 51 2 69 82 78 36 4 89 40 109 68 94 81 83 45 37 44 70 25 20 35 11 42 22 59 7 85 75 9 8 17 46 92 54 27 29 24 107 55 79 23 90 77 31 19 
0 65 97 96 61 18 21 86 63 87 62 48 72 50 73 76 34 14 57 80 66 52 28 49 67 71 53 43 38 1 6 88 41 30 95 3 13 105 60 104 102 56 58 26 47 12 91 16 106 108 98 15 10 99 64 33 84 103 74 101 39 100 32 93 5 51 2 69 82 78 36 4 89 40 109 68 94 81 83 45 37 44 70 25 20 35 11 42 22 59 7 85 75 9 8 17 46 92 54 27 29 24 107 55 79 23 90 77 31 19 
0 65 97 96 61 18 21 86 63 87 62 48 72 50 73 76 34 14 57 80 66 52 28 49 67 71 53 43 38 1 6 88 41 30 95 3 13 105 60 104 102 56 58 26 47 12 91 16 106 108 98 15 10 99 64 33 84 103 74 101 39 100 32 93 5 51 2 69 82 78 36 4 89 40 109 68 94 81 83 45 37 44 70 25 20 35 11 42 22 59 7 85 75 9 8 17 46 92 54 27 29 24 107 55 79 23 90 77 31 19 
0 65 97 96 61 18 21 86 63 87 62 48 72 50 73 76 34 14 57 80 66 52 28 49 67 71 53 43 38 1 6 88 41 30 95 3 13 105 60 104 102 56 58 26 47 12 91 16 106 108 98 15 10 99 64 33 84 103 74 101 39 100 32 93 5 51 2 69 82 78 36 4 89 40 109 68 94 81 83 45 37 44 70 25 20 35 11 42 22 59 7 85 75 9 8 17 46 92 54 27 29 24 107 55 79 23 90 77 31 19 
0 65 97 96 61 18 21 86 63 87 62 48 72 50 73 76 34 14 57 80 66 52 28 49 67 71 53 43 38 1 6 88 41 30 95 3 13 105 60 104 102 56 58 26 47 12 91 16 106 108 98 15 10 99 64 33 84 103 74 101 39 100 32 93 5 51 2 69 82 78 36 4 89 40 109 68 94 81 83 45 37 44 70 25 20 35 11 42 22 59 7 85 75 9 8 17 46 92 54 27 29 24 107 55 79 23 90 77 31 19 
0 65 97 96 61 18 21 86 63 87 62 48 72 50 73 76 34 14 57 80 66 52 28 49 67 71 53 43 38 1 6 88 41 30 95 3 13 105 60 104 102 56 58 26 47 12 91 16 106 108 98 15 10 99 64 33 84 103 74 101 39 100 32 93 5 51 2 69 82 78 36 4 89 40 109 68 94 81 83 45 37 44 70 25 20 35 11 42 22 59 7 85 75 9 8 17 46 92 54 27 29 24 107 55 79 23 90 77 31 19 
0 65 97 96 61 18 21 86 63 87 62 48 72 50 73 76 34 14 57 80 66 52 28 49 67 71 53 43 38 1 6 88 41 30 95 3 13 105 60 104 102 56 58 26 47 12 91 16 106 108 98 15 10 99 64 33 84 103 74 101 39 100 32 93 5 51 2 69 82 78 36 4 89 40 109 68 94 81 83 45 37 44 70 25 20 35 11 42 22 59 7 85 75 9 8 17 46 92 54 27 29 24 107 55 79 23 90 77 31 19 
0 65 97 96 61 18 21 86 63 87 62 48 72 50 73 76 34 14 57 80 66 52 28 49 67 71 53 43 38 1 6 88 41 30 95 3 13 105 60 104 102 56 58 26 47 12 91 16 106 108 98 15 10 99 64 33 84 103 74 101 39 100 32 93 5 51 2 69 82 78 36 4 89 40 109 68 94 81 83 45 37 44 70 25 20 35 11 42 22 59 7 85 75 9 8 17 46 92 54 27 29 24 107 55 79 23 90 77 31 19 
0 65 97 96 61 18 21 86 63 87 62 48 72 50 73 76 34 14 57 80 66 52 28 49 67 71 53 43 38 1 6 88 41 30 95 3 13 105 60 104 102 56 58 26 47 12 91 16 106 108 98 15 10 99 64 33 84 103 74 101 39 100 32 93 5 51 2 69 82 78 36 4 89 40 109 68 94 81 83 45 37 44 70 25 20 35 11 42 22 59 7 85 75 9 8 17 46 92 54 27 29 24 107 55 79 23 90 77 31 19 
0 65 97 96 61 18 21 86 63 87 62 48 72 50 73 76 34 14 57 80 66 52 28 49 67 71 53 43 38 1 6 88 41 30 95 3 13 105 60 104 102 56 58 26 47 12 91 16 106 108 98 15 10 99 64 33 84 103 74 101 39 100 32 93 5 51 2 69 82 78 36 4 89 40 109 68 94 81 83 45 37 44 70 25 20 35 11 42 22 59 7 85 75 9 8 17 46 92 54 27 29 24 107 55 79 23 90 77 31 19 
0 65 97 96 61 18 21 86 63 87 62 48 72 50 73 76 34 14 57 80 66 52 28 49 67 71 53 43 38 1 6 88 41 30 95 3 13 105 60 104 102 56 58 26 47 12 91 16 106 108 98 15 10 99 64 33 84 103 74 101 39 100 32 93 5 51 2 69 82 78 36 4 89 40 109 68 94 81 83 45 37 44 70 25 20 35 11 42 22 59 7 85 75 9 8 17 46 92 54 27 29 24 107 55 79 23 90 77 31 19 
0 65 97 96 61 18 21 86 63 87 62 48 72 50 73 76 34 14 57 80 66 52 28 49 67 71 53 43 38 1 6 88 41 30 95 3 13 105 60 104 102 56 58 26 47 12 91 16 106 108 98 15 10 99 64 33 84 103 74 101 39 100 32 93 5 51 2 69 82 78 36 4 89 40 109 68 94 81 83 45 37 44 70 25 20 35 11 42 22 59 7 85 75 9 8 17 46 92 54 27 29 24 107 55 79 23 90 77 31 19 
0 65 97 96 61 18 21 86 63 87 62 48 72 50 73 76 34 14 57 80 66 52 28 49 67 71 53 43 38 1 6 88 41 30 95 3 13 105 60 104 102 56 58 26 47 12 91 16 106 108 98 15 10 99 64 33 84 103 74 101 39 100 32 93 5 51 2 69 82 78 36 4 89 40 109 68 94 81 83 45 37 44 70 25 20 35 11 42 22 59 7 85 75 9 8 17 46 92 54 27 29 24 107 55 79 23 90 77 31 19 
0 65 97 96 61 18 21 86 63 87 62 48 72 50 73 76 34 14 57 80 66 52 28 49 67 71 53 43 38 1 6 88 41 30 95 3 13 105 60 104 102 56 58 26 47 12 91 16 106 108 98 15 10 99 64 33 84 103 74 101 39 100 32 93 5 51 2 69 82 78 36 4 89 40 109 68 94 81 83 45 37 44 70 25 20 35 11 42 22 59 7 85 75 9 8 17 46 92 54 27 29 24 107 55 79 23 90 77 31 19 
0 65 97 96 61 18 21 86 63 87 62 48 72 50 73 76 34 14 57 80 66 52 28 49 67 71 53 43 38 1 6 88 41 30 95 3 13 105 60 104 102 56 58 26 47 12 91 16 106 108 98 15 10 99 64 33 84 103 74 101 39 100 32 93 5 51 2 69 82 78 36 4 89 40 109 68 94 81 83 45 37 44 70 25 20 35 11 42 22 59 7 85 75 9 8 17 46 92 54 27 29 24 107 55 79 23 90 77 31 19 
0 65 97 96 61 18 21 86 63 87 62 48 72 50 73 76 34 14 57 80 66 52 28 49 67 71 53 43 38 1 6 88 41 30 95 3 13 105 60 104 102 56 58 26 47 12 91 16 106 108 98 15 10 99 64 33 84 103 74 101 39 100 32 93 5 51 2 69 82 78 36 4 89 40 109 68 94 81 83 45 37 44 70 25 20 35 11 42 22 59 7 85 75 9 8 17 46 92 54 27 29 24 107 55 79 23 90 77 31 19 
0 65 97 96 61 18 21 86 63 87 62 48 72 50 73 76 34 14 57 80 66 52 28 49 67 71 53 43 38 1 6 88 41 30 95 3 13 105 60 104 102 56 58 26 47 12 91 16 106 108 98 15 10 99 64 33 84 103 74 101 39 100 32 93 5 51 2 69 82 78 36 4 89 40 109 68 94 81 83 45 37 44 70 25 20 35 11 42 22 59 7 85 75 9 8 17 46 92 54 27 29 24 107 55 79 23 90 77 31 19 
0 65 97 96 61 18 21 86 63 87 62 48 72 50 73 76 34 14 57 80 66 52 28 49 67 71 53 43 38 1 6 88 41 30 95 3 13 105 60 104 102 56 58 26 47 12 91 16 106 108 98 15 10 99 64 33 84 103 74 101 39 100 32 93 5 51 2 69 82 78 36 4 89 40 109 68 94 81 83 45 37 44 70 25 20 35 11 42 22 59 7 85 75 9 8 17 46 92 54 27 29 24 107 55 79 23 90 77 31 19 
0 65 97 96 61 18 21 86 63 87 62 48 72 50 73 76 34 14 57 80 66 52 28 49 67 71 53 43 38 1 6 88 41 30 95 3 13 105 60 104 102 56 58 26 47 12 91 16 106 108 98 15 10 99 64 33 84 103 74 101 39 100 32 93 5 51 2 69 82 78 36 4 89 40 109 68 94 81 83 45 37 44 70 25 20 35 11 42 22 59 7 85 75 9 8 17 46 92 54 27 29 24 107 55 79 23 90 77 31 19 
0 65 97 96 61 18 21 86 63 87 62 48 72 50 73 76 34 14 57 80 66 52 28 49 67 71 53 43 38 1 6 88 41 30 95 3 13 105 60 104 102 56 58 26 47 12 91 16 106 108 98 15 10 99 64 33 84 103 74 101 39 100 32 93 5 51 2 69 82 78 36 4 89 40 109 68 94 81 83 45 37 44 70 25 20 35 11 42 22 59 7 85 75 9 8 17 46 92 54 27 29 24 107 55 79 23 90 77 31 19 
0 65 97 96 61 18 21 86 63 87 62 48 72 50 73 76 34 14 57 80 66 52 28 49 67 71 53 43 38 1 6 88 41 30 95 3 13 105 60 104 102 56 58 26 47 12 91 16 106 108 98 15 10 99 64 33 84 103 74 101 39 100 32 93 5 51 2 69 82 78 36 4 89 40 109 68 94 81 83 45 37 44 70 25 20 35 11 42 22 59 7 85 75 9 8 17 46 92 54 27 29 24 107 55 79 23 90 77 31 19 
0 65 97 96 61 18 21 86 63 87 62 48 72 50 73 76 34 14 57 80 66 52 28 49 67 71 53 43 38 1 6 88 41 30 95 3 13 105 60 104 102 56 58 26 47 12 91 16 106 108 98 15 10 99 64 33 84 103 74 101 39 100 32 93 5 51 2 69 82 78 36 4 89 40 109 68 94 81 83 45 37 44 70 25 20 35 11 42 22 59 7 85 75 9 8 17 46 92 54 27 29 24 107 55 79 23 90 77 31 19 
0 65 97 96 61 18 21 86 63 87 62 48 72 50 73 76 34 14 57 80 66 52 28 49 67 71 53 43 38 1 6 88 41 30 95 3 13 105 60 104 102 56 58 26 47 12 91 16 106 108 98 15 10 99 64 33 84 103 74 101 39 100 32 93 5 51 2 69 82 78 36 4 89 40 109 68 94 81 83 45 37 44 70 25 20 35 11 42 22 59 7 85 75 9 8 17 46 92 54 27 29 24 107 55 79 23 90 77 31 19 
0 65 97 96 61 18 21 86 63 87 62 48 72 50 73 76 34 14 57 80 66 52 28 49 67 71 53 43 38 1 6 88 41 30 95 3 13 105 60 104 102 56 58 26 47 12 91 16 106 108 98 15 10 99 64 33 84 103 74 101 39 100 32 93 5 51 2 69 82 78 36 4 89 40 109 68 94 81 83 45 37 44 70 25 20 35 11 42 22 59 7 85 75 9 8 17 46 92 54 27 29 24 107 55 79 23 90 77 31 19 
0 65 97 96 61 18 21 86 63 87 62 48 72 50 73 76 34 14 57 80 66 52 28 49 67 71 53 43 38 1 6 88 41 30 95 3 13 105 60 104 102 56 58 26 47 12 91 16 106 108 98 15 10 99 64 33 84 103 74 101 39 100 32 93 5 51 2 69 82 78 36 4 89 40 109 68 94 81 83 45 37 44 70 25 20 35 11 42 22 59 7 85 75 9 8 17 46 92 54 27 29 24 107 55 79 23 90 77 31 19 
0 65 97 96 61 18 21 86 63 87 62 48 72 50 73 76 34 14 57 80 66 52 28 49 67 71 53 43 38 1 6 88 41 30 95 3 13 105 60 104 102 56 58 26 47 12 91 16 106 108 98 15 10 99 64 33 84 103 74 101 39 100 32 93 5 51 2 69 82 78 36 4 89 40 109 68 94 81 83 45 37 44 70 25 20 35 11 42 22 59 7 85 75 9 8 17 46 92 54 27 29 24 107 55 79 23 90 77 31 19 
0 65 97 96 61 18 21 86 63 87 62 48 72 50 73 76 34 14 57 80 66 52 28 49 67 71 53 43 38 1 6 88 41 30 95 3 13 105 60 104 102 56 58 26 47 12 91 16 106 108 98 15 10 99 64 33 84 103 74 101 39 100 32 93 5 51 2 69 82 78 36 4 89 40 109 68 94 81 83 45 37 44 70 25 20 35 11 42 22 59 7 85 75 9 8 17 46 92 54 27 29 24 107 55 79 23 90 77 31 19 
0 65 97 96 61 18 21 86 63 87 62 48 72 50 73 76 34 14 57 80 66 52 28 49 67 71 53 43 38 1 6 88 41 30 95 3 13 105 60 104 102 56 58 26 47 12 91 16 106 108 98 15 10 99 64 33 84 103 74 101 39 100 32 93 5 51 2 69 82 78 36 4 89 40 109 68 94 81 83 45 37 44 70 25 20 35 11 42 22 59 7 85 75 9 8 17 46 92 54 27 29 24 107 55 79 23 90 77 31 19 
0 65 97 96 61 18 21 86 63 87 62 48 72 50 73 76 34 14 57 80 66 52 28 49 67 71 53 43 38 1 6 88 41 30 95 3 13 105 60 104 102 56 58 26 47 12 91 16 106 108 98 15 10 99 64 33 84 103 74 101 39 100 32 93 5 51 2 69 82 78 36 4 89 40 109 68 94 81 83 45 37 44 70 25 20 35 11 42 22 59 7 85 75 9 8 17 46 92 54 27 29 24 107 55 79 23 90 77 31 19 
0 65 97 96 61 18 21 86 63 87 62 48 72 50 73 76 34 14 57 80 66 52 28 49 67 71 53 43 38 1 6 88 41 30 95 3 13 105 60 104 102 56 58 26 47 12 91 16 106 108 98 15 10 99 64 33 84 103 74 101 39 100 32 93 5 51 2 69 82 78 36 4 89 40 109 68 94 81 83 45 37 44 70 25 20 35 11 42 22 59 7 85 75 9 8 17 46 92 54 27 29 24 107 55 79 23 90 77 31 19 
0 65 97 96 61 18 21 86 63 87 62 48 72 50 73 76 34 14 57 80 66 52 28 49 67 71 53 43 38 1 6 88 41 30 95 3 13 105 60 104 102 56 58 26 47 12 91 16 106 108 98 15 10 99 64 33 84 103 74 101 39 100 32 93 5 51 2 69 82 78 36 4 89 40 109 68 94 81 83 45 37 44 70 25 20 35 11 42 22 59 7 85 75 9 8 17 46 92 54 27 29 24 107 55 79 23 90 77 31 19 
0 65 97 96 61 18 21 86 63 87 62 48 72 50 73 76 34 14 57 80 66 52 28 49 67 71 53 43 38 1 6 88 41 30 95 3 13 105 60 104 102 56 58 26 47 12 91 16 106 108 98 15 10 99 64 33 84 103 74 101 39 100 32 93 5 51 2 69 82 78 36 4 89 40 109 68 94 81 83 45 37 44 70 25 20 35 11 42 22 59 7 85 75 9 8 17 46 92 54 27 29 24 107 55 79 23 90 77 31 19 
0 65 97 96 61 18 21 86 63 87 62 48 72 50 73 76 34 14 57 80 66 52 28 49 67 71 53 43 38 1 6 88 41 30 95 3 13 105 60 104 102 56 58 26 47 12 91 16 106 108 98 15 10 99 64 33 84 103 74 101 39 100 32 93 5 51 2 69 82 78 36 4 89 40 109 68 94 81 83 45 37 44 70 25 20 35 11 42 22 59 7 85 75 9 8 17 46 92 54 27 29 24 107 55 79 23 90 77 31 19 
0 65 97 96 61 18 21 86 63 87 62 48 72 50 73 76 34 14 57 80 66 52 28 49 67 71 53 43 38 1 6 88 41 30 95 3 13 105 60 104 102 56 58 26 47 12 91 16 106 108 98 15 10 99 64 33 84 103 74 101 39 100 32 93 5 51 2 69 82 78 36 4 89 40 109 68 94 81 83 45 37 44 70 25 20 35 11 42 22 59 7 85 75 9 8 17 46 92 54 27 29 24 107 55 79 23 90 77 31 19 
0 65 97 96 61 18 21 86 63 87 62 48 72 50 73 76 34 14 57 80 66 52 28 49 67 71 53 43 38 1 6 88 41 30 95 3 13 105 60 104 102 56 58 26 47 12 91 16 106 108 98 15 10 99 64 33 84 103 74 101 39 100 32 93 5 51 2 69 82 78 36 4 89 40 109 68 94 81 83 45 37 44 70 25 20 35 11 42 22 59 7 85 75 9 8 17 46 92 54 27 29 24 107 55 79 23 90 77 31 19 
0 65 97 96 61 18 21 86 63 87 62 48 72 50 73 76 34 14 57 80 66 52 28 49 67 71 53 43 38 1 6 88 41 30 95 3 13 105 60 104 102 56 58 26 47 12 91 16 106 108 98 15 10 99 64 33 84 103 74 101 39 100 32 93 5 51 2 69 82 78 36 4 89 40 109 68 94 81 83 45 37 44 70 25 20 35 11 42 22 59 7 85 75 9 8 17 46 92 54 27 29 24 107 55 79 23 90 77 31 19 
0 65 97 96 61 18 21 86 63 87 62 48 72 50 73 76 34 14 57 80 66 52 28 49 67 71 53 43 38 1 6 88 41 30 95 3 13 105 60 104 102 56 58 26 47 12 91 16 106 108 98 15 10 99 64 33 84 103 74 101 39 100 32 93 5 51 2 69 82 78 36 4 89 40 109 68 94 81 83 45 37 44 70 25 20 35 11 42 22 59 7 85 75 9 8 17 46 92 54 27 29 24 107 55 79 23 90 77 31 19 
0 65 97 96 61 18 21 86 63 87 62 48 72 50 73 76 34 14 57 80 66 52 28 49 67 71 53 43 38 1 6 88 41 30 95 3 13 105 60 104 102 56 58 26 47 12 91 16 106 108 98 15 10 99 64 33 84 103 74 101 39 100 32 93 5 51 2 69 82 78 36 4 89 40 109 68 94 81 83 45 37 44 70 25 20 35 11 42 22 59 7 85 75 9 8 17 46 92 54 27 29 24 107 55 79 23 90 77 31 19 
0 65 97 96 61 18 21 86 63 87 62 48 72 50 73 76 34 14 57 80 66 52 28 49 67 71 53 43 38 1 6 88 41 30 95 3 13 105 60 104 102 56 58 26 47 12 91 16 106 108 98 15 10 99 64 33 84 103 74 101 39 100 32 93 5 51 2 69 82 78 36 4 89 40 109 68 94 81 83 45 37 44 70 25 20 35 11 42 22 59 7 85 75 9 8 17 46 92 54 27 29 24 107 55 79 23 90 77 31 19 
0 65 97 96 61 18 21 86 63 87 62 48 72 50 73 76 34 14 57 80 66 52 28 49 67 71 53 43 38 1 6 88 41 30 95 3 13 105 60 104 102 56 58 26 47 12 91 16 106 108 98 15 10 99 64 33 84 103 74 101 39 100 32 93 5 51 2 69 82 78 36 4 89 40 109 68 94 81 83 45 37 44 70 25 20 35 11 42 22 59 7 85 75 9 8 17 46 92 54 27 29 24 107 55 79 23 90 77 31 19 
0 65 97 96 61 18 21 86 63 87 62 48 72 50 73 76 34 14 57 80 66 52 28 49 67 71 53 43 38 1 6 88 41 30 95 3 13 105 60 104 102 56 58 26 47 12 91 16 106 108 98 15 10 99 64 33 84 103 74 101 39 100 32 93 5 51 2 69 82 78 36 4 89 40 109 68 94 81 83 45 37 44 70 25 20 35 11 42 22 59 7 85 75 9 8 17 46 92 54 27 29 24 107 55 79 23 90 77 31 19 
0 65 97 96 61 18 21 86 63 87 62 48 72 50 73 76 34 14 57 80 66 52 28 49 67 71 53 43 38 1 6 88 41 30 95 3 13 105 60 104 102 56 58 26 47 12 91 16 106 108 98 15 10 99 64 33 84 103 74 101 39 100 32 93 5 51 2 69 82 78 36 4 89 40 109 68 94 81 83 45 37 44 70 25 20 35 11 42 22 59 7 85 75 9 8 17 46 92 54 27 29 24 107 55 79 23 90 77 31 19 
0 65 97 96 61 18 21 86 63 87 62 48 72 50 73 76 34 14 57 80 66 52 28 49 67 71 53 43 38 1 6 88 41 30 95 3 13 105 60 104 102 56 58 26 47 12 91 16 106 108 98 15 10 99 64 33 84 103 74 101 39 100 32 93 5 51 2 69 82 78 36 4 89 40 109 68 94 81 83 45 37 44 70 25 20 35 11 42 22 59 7 85 75 9 8 17 46 92 54 27 29 24 107 55 79 23 90 77 31 19 
0 65 97 96 61 18 21 86 63 87 62 48 72 50 73 76 34 14 57 80 66 52 28 49 67 71 53 43 38 1 6 88 41 30 95 3 13 105 60 104 102 56 58 26 47 12 91 16 106 108 98 15 10 99 64 33 84 103 74 101 39 100 32 93 5 51 2 69 82 78 36 4 89 40 109 68 94 81 83 45 37 44 70 25 20 35 11 42 22 59 7 85 75 9 8 17 46 92 54 27 29 24 107 55 79 23 90 77 31 19 
0 65 97 96 61 18 21 86 63 87 62 48 72 50 73 76 34 14 57 80 66 52 28 49 67 71 53 43 38 1 6 88 41 30 95 3 13 105 60 104 102 56 58 26 47 12 91 16 106 108 98 15 10 99 64 33 84 103 74 101 39 100 32 93 5 51 2 69 82 78 36 4 89 40 109 68 94 81 83 45 37 44 70 25 20 35 11 42 22 59 7 85 75 9 8 17 46 92 54 27 29 24 107 55 79 23 90 77 31 19 
0 65 97 96 61 18 21 86 63 87 62 48 72 50 73 76 34 14 57 80 66 52 28 49 67 71 53 43 38 1 6 88 41 30 95 3 13 105 60 104 102 56 58 26 47 12 91 16 106 108 98 15 10 99 64 33 84 103 74 101 39 100 32 93 5 51 2 69 82 78 36 4 89 40 109 68 94 81 83 45 37 44 70 25 20 35 11 42 22 59 7 85 75 9 8 17 46 92 54 27 29 24 107 55 79 23 90 77 31 19 
0 65 97 96 61 18 21 86 63 87 62 48 72 50 73 76 34 14 57 80 66 52 28 49 67 71 53 43 38 1 6 88 41 30 95 3 13 105 60 104 102 56 58 26 47 12 91 16 106 108 98 15 10 99 64 33 84 103 74 101 39 100 32 93 5 51 2 69 82 78 36 4 89 40 109 68 94 81 83 45 37 44 70 25 20 35 11 42 22 59 7 85 75 9 8 17 46 92 54 27 29 24 107 55 79 23 90 77 31 19 
0 65 97 96 61 18 21 86 63 87 62 48 72 50 73 76 34 14 57 80 66 52 28 49 67 71 53 43 38 1 6 88 41 30 95 3 13 105 60 104 102 56 58 26 47 12 91 16 106 108 98 15 10 99 64 33 84 103 74 101 39 100 32 93 5 51 2 69 82 78 36 4 89 40 109 68 94 81 83 45 37 44 70 25 20 35 11 42 22 59 7 85 75 9 8 17 46 92 54 27 29 24 107 55 79 23 90 77 31 19 
0 65 97 96 61 18 21 86 63 87 62 48 72 50 73 76 34 14 57 80 66 52 28 49 67 71 53 43 38 1 6 88 41 30 95 3 13 105 60 104 102 56 58 26 47 12 91 16 106 108 98 15 10 99 64 33 84 103 74 101 39 100 32 93 5 51 2 69 82 78 36 4 89 40 109 68 94 81 83 45 37 44 70 25 20 35 11 42 22 59 7 85 75 9 8 17 46 92 54 27 29 24 107 55 79 23 90 77 31 19 
0 65 97 96 61 18 21 86 63 87 62 48 72 50 73 76 34 14 57 80 66 52 28 49 67 71 53 43 38 1 6 88 41 30 95 3 13 105 60 104 102 56 58 26 47 12 91 16 106 108 98 15 10 99 64 33 84 103 74 101 39 100 32 93 5 51 2 69 82 78 36 4 89 40 109 68 94 81 83 45 37 44 70 25 20 35 11 42 22 59 7 85 75 9 8 17 46 92 54 27 29 24 107 55 79 23 90 77 31 19 
0 65 97 96 61 18 21 86 63 87 62 48 72 50 73 76 34 14 57 80 66 52 28 49 67 71 53 43 38 1 6 88 41 30 95 3 13 105 60 104 102 56 58 26 47 12 91 16 106 108 98 15 10 99 64 33 84 103 74 101 39 100 32 93 5 51 2 69 82 78 36 4 89 40 109 68 94 81 83 45 37 44 70 25 20 35 11 42 22 59 7 85 75 9 8 17 46 92 54 27 29 24 107 55 79 23 90 77 31 19 
0 65 97 96 61 18 21 86 63 87 62 48 72 50 73 76 34 14 57 80 66 52 28 49 67 71 53 43 38 1 6 88 41 30 95 3 13 105 60 104 102 56 58 26 47 12 91 16 106 108 98 15 10 99 64 33 84 103 74 101 39 100 32 93 5 51 2 69 82 78 36 4 89 40 109 68 94 81 83 45 37 44 70 25 20 35 11 42 22 59 7 85 75 9 8 17 46 92 54 27 29 24 107 55 79 23 90 77 31 19 
0 65 97 96 61 18 21 86 63 87 62 48 72 50 73 76 34 14 57 80 66 52 28 49 67 71 53 43 38 1 6 88 41 30 95 3 13 105 60 104 102 56 58 26 47 12 91 16 106 108 98 15 10 99 64 33 84 103 74 101 39 100 32 93 5 51 2 69 82 78 36 4 89 40 109 68 94 81 83 45 37 44 70 25 20 35 11 42 22 59 7 85 75 9 8 17 46 92 54 27 29 24 107 55 79 23 90 77 31 19 
0 65 97 96 61 18 21 86 63 87 62 48 72 50 73 76 34 14 57 80 66 52 28 49 67 71 53 43 38 1 6 88 41 30 95 3 13 105 60 104 102 56 58 26 47 12 91 16 106 108 98 15 10 99 64 33 84 103 74 101 39 100 32 93 5 51 2 69 82 78 36 4 89 40 109 68 94 81 83 45 37 44 70 25 20 35 11 42 22 59 7 85 75 9 8 17 46 92 54 27 29 24 107 55 79 23 90 77 31 19 
0 65 97 96 61 18 21 86 63 87 62 48 72 50 73 76 34 14 57 80 66 52 28 49 67 71 53 43 38 1 6 88 41 30 95 3 13 105 60 104 102 56 58 26 47 12 91 16 106 108 98 15 10 99 64 33 84 103 74 101 39 100 32 93 5 51 2 69 82 78 36 4 89 40 109 68 94 81 83 45 37 44 70 25 20 35 11 42 22 59 7 85 75 9 8 17 46 92 54 27 29 24 107 55 79 23 90 77 31 19 
0 65 97 96 61 18 21 86 63 87 62 48 72 50 73 76 34 14 57 80 66 52 28 49 67 71 53 43 38 1 6 88 41 30 95 3 13 105 60 104 102 56 58 26 47 12 91 16 106 108 98 15 10 99 64 33 84 103 74 101 39 100 32 93 5 51 2 69 82 78 36 4 89 40 109 68 94 81 83 45 37 44 70 25 20 35 11 42 22 59 7 85 75 9 8 17 46 92 54 27 29 24 107 55 79 23 90 77 31 19 
0 65 97 96 61 18 21 86 63 87 62 48 72 50 73 76 34 14 57 80 66 52 28 49 67 71 53 43 38 1 6 88 41 30 95 3 13 105 60 104 102 56 58 26 47 12 91 16 106 108 98 15 10 99 64 33 84 103 74 101 39 100 32 93 5 51 2 69 82 78 36 4 89 40 109 68 94 81 83 45 37 44 70 25 20 35 11 42 22 59 7 85 75 9 8 17 46 92 54 27 29 24 107 55 79 23 90 77 31 19 
0 65 97 96 61 18 21 86 63 87 62 48 72 50 73 76 34 14 57 80 66 52 28 49 67 71 53 43 38 1 6 88 41 30 95 3 13 105 60 104 102 56 58 26 47 12 91 16 106 108 98 15 10 99 64 33 84 103 74 101 39 100 32 93 5 51 2 69 82 78 36 4 89 40 109 68 94 81 83 45 37 44 70 25 20 35 11 42 22 59 7 85 75 9 8 17 46 92 54 27 29 24 107 55 79 23 90 77 31 19 
0 65 97 96 61 18 21 86 63 87 62 48 72 50 73 76 34 14 57 80 66 52 28 49 67 71 53 43 38 1 6 88 41 30 95 3 13 105 60 104 102 56 58 26 47 12 91 16 106 108 98 15 10 99 64 33 84 103 74 101 39 100 32 93 5 51 2 69 82 78 36 4 89 40 109 68 94 81 83 45 37 44 70 25 20 35 11 42 22 59 7 85 75 9 8 17 46 92 54 27 29 24 107 55 79 23 90 77 31 19 
0 65 97 96 61 18 21 86 63 87 62 48 72 50 73 76 34 14 57 80 66 52 28 49 67 71 53 43 38 1 6 88 41 30 95 3 13 105 60 104 102 56 58 26 47 12 91 16 106 108 98 15 10 99 64 33 84 103 74 101 39 100 32 93 5 51 2 69 82 78 36 4 89 40 109 68 94 81 83 45 37 44 70 25 20 35 11 42 22 59 7 85 75 9 8 17 46 92 54 27 29 24 107 55 79 23 90 77 31 19 
0 65 97 96 61 18 21 86 63 87 62 48 72 50 73 76 34 14 57 80 66 52 28 49 67 71 53 43 38 1 6 88 41 30 95 3 13 105 60 104 102 56 58 26 47 12 91 16 106 108 98 15 10 99 64 33 84 103 74 101 39 100 32 93 5 51 2 69 82 78 36 4 89 40 109 68 94 81 83 45 37 44 70 25 20 35 11 42 22 59 7 85 75 9 8 17 46 92 54 27 29 24 107 55 79 23 90 77 31 19 
0 65 97 96 61 18 21 86 63 87 62 48 72 50 73 76 34 14 57 80 66 52 28 49 67 71 53 43 38 1 6 88 41 30 95 3 13 105 60 104 102 56 58 26 47 12 91 16 106 108 98 15 10 99 64 33 84 103 74 101 39 100 32 93 5 51 2 69 82 78 36 4 89 40 109 68 94 81 83 45 37 44 70 25 20 35 11 42 22 59 7 85 75 9 8 17 46 92 54 27 29 24 107 55 79 23 90 77 31 19 
0 65 97 96 61 18 21 86 63 87 62 48 72 50 73 76 34 14 57 80 66 52 28 49 67 71 53 43 38 1 6 88 41 30 95 3 13 105 60 104 102 56 58 26 47 12 91 16 106 108 98 15 10 99 64 33 84 103 74 101 39 100 32 93 5 51 2 69 82 78 36 4 89 40 109 68 94 81 83 45 37 44 70 25 20 35 11 42 22 59 7 85 75 9 8 17 46 92 54 27 29 24 107 55 79 23 90 77 31 19 
0 65 97 96 61 18 21 86 63 87 62 48 72 50 73 76 34 14 57 80 66 52 28 49 67 71 53 43 38 1 6 88 41 30 95 3 13 105 60 104 102 56 58 26 47 12 91 16 106 108 98 15 10 99 64 33 84 103 74 101 39 100 32 93 5 51 2 69 82 78 36 4 89 40 109 68 94 81 83 45 37 44 70 25 20 35 11 42 22 59 7 85 75 9 8 17 46 92 54 27 29 24 107 55 79 23 90 77 31 19 
0 65 97 96 61 18 21 86 63 87 62 48 72 50 73 76 34 14 57 80 66 52 28 49 67 71 53 43 38 1 6 88 41 30 95 3 13 105 60 104 102 56 58 26 47 12 91 16 106 108 98 15 10 99 64 33 84 103 74 101 39 100 32 93 5 51 2 69 82 78 36 4 89 40 109 68 94 81 83 45 37 44 70 25 20 35 11 42 22 59 7 85 75 9 8 17 46 92 54 27 29 24 107 55 79 23 90 77 31 19 
0 65 97 96 61 18 21 86 63 87 62 48 72 50 73 76 34 14 57 80 66 52 28 49 67 71 53 43 38 1 6 88 41 30 95 3 13 105 60 104 102 56 58 26 47 12 91 16 106 108 98 15 10 99 64 33 84 103 74 101 39 100 32 93 5 51 2 69 82 78 36 4 89 40 109 68 94 81 83 45 37 44 70 25 20 35 11 42 22 59 7 85 75 9 8 17 46 92 54 27 29 24 107 55 79 23 90 77 31 19 
0 65 97 96 61 18 21 86 63 87 62 48 72 50 73 76 34 14 57 80 66 52 28 49 67 71 53 43 38 1 6 88 41 30 95 3 13 105 60 104 102 56 58 26 47 12 91 16 106 108 98 15 10 99 64 33 84 103 74 101 39 100 32 93 5 51 2 69 82 78 36 4 89 40 109 68 94 81 83 45 37 44 70 25 20 35 11 42 22 59 7 85 75 9 8 17 46 92 54 27 29 24 107 55 79 23 90 77 31 19 
0 65 97 96 61 18 21 86 63 87 62 48 72 50 73 34 76 14 57 80 66 52 28 49 67 71 53 43 38 1 6 88 41 30 95 3 13 105 60 104 102 56 58 26 47 12 91 16 106 108 98 15 10 99 64 33 84 103 74 101 39 100 32 93 5 51 2 69 82 78 36 4 89 40 109 68 94 81 83 45 37 44 70 25 20 35 11 42 22 59 7 85 75 9 8 17 46 92 54 27 29 24 107 55 79 23 90 77 31 19 
0 65 97 96 61 18 21 86 63 87 62 48 72 50 73 76 34 14 57 80 66 52 28 49 67 71 53 43 38 1 6 88 41 30 95 60 105 13 3 104 102 56 58 26 47 12 91 16 106 108 98 15 10 99 64 33 84 103 74 101 39 100 32 93 5 51 2 69 82 78 36 4 89 40 109 68 94 81 83 45 37 44 70 25 20 35 11 42 22 59 7 85 75 9 8 17 46 92 54 27 29 24 107 55 79 23 90 77 31 19 
0 65 97 96 61 18 21 86 63 87 62 48 72 50 73 76 34 14 57 80 66 52 28 49 67 71 53 43 38 1 6 88 41 30 95 3 13 105 60 104 102 56 58 26 47 12 91 16 106 108 98 15 10 99 64 33 84 103 74 101 39 100 32 93 5 51 2 69 82 78 36 4 89 40 109 68 94 81 83 45 37 44 70 25 20 35 11 42 22 59 7 85 75 8 9 17 46 92 54 27 29 24 107 55 79 23 90 77 31 19 
0 65 97 96 61 18 21 86 63 87 62 48 72 50 73 76 34 14 57 80 66 52 28 49 67 71 53 43 38 1 6 88 41 30 95 3 13 105 60 104 102 56 58 26 47 12 91 16 106 108 98 15 10 99 64 33 103 74 101 39 100 32 93 5 51 2 69 82 78 84 36 4 89 40 109 68 94 81 83 45 37 44 70 25 20 35 11 42 22 59 7 85 75 9 8 17 46 92 54 27 29 24 107 55 79 23 90 77 31 19 
0 65 97 96 61 18 21 86 63 87 62 48 72 50 73 76 34 14 57 80 66 52 28 49 67 71 53 43 38 1 6 88 41 30 95 3 13 105 60 104 102 56 58 26 47 12 91 106 108 98 16 15 10 99 64 33 84 103 74 101 39 100 32 93 5 51 2 69 82 78 36 4 89 40 109 68 94 81 83 45 37 44 70 25 20 35 11 42 22 59 7 85 75 9 8 17 46 92 54 27 29 24 107 55 79 23 90 77 31 19 
0 65 97 96 61 18 21 86 63 87 62 48 72 50 73 76 34 14 57 80 66 52 28 49 67 71 53 43 38 1 6 88 41 30 95 3 13 105 60 104 102 56 58 26 47 12 91 16 106 108 98 15 10 99 64 33 84 103 74 101 39 100 32 93 5 51 69 82 2 78 36 4 89 40 109 68 94 81 83 45 37 44 70 25 20 35 11 42 22 59 7 85 75 9 8 17 46 92 54 27 29 24 107 55 79 23 90 77 31 19 
0 65 97 96 61 18 21 86 63 87 62 48 72 50 73 76 34 14 57 80 66 52 28 49 67 71 53 43 38 1 6 88 41 30 95 3 13 105 60 104 102 56 58 26 47 12 91 16 106 108 98 15 10 99 64 33 84 103 74 101 39 100 32 93 51 2 69 82 78 36 4 89 40 109 68 94 81 83 45 37 44 70 5 25 20 35 11 42 22 59 7 85 75 9 8 17 46 92 54 27 29 24 107 55 79 23 90 77 31 19 
0 65 97 96 61 18 21 86 63 87 62 48 72 50 73 76 34 14 57 80 66 52 28 49 67 71 53 43 38 1 6 88 41 30 95 3 13 105 60 47 26 58 56 102 104 12 91 16 106 108 98 15 10 99 64 33 84 103 74 101 39 100 32 93 5 51 2 69 82 78 36 4 89 40 109 68 94 81 83 45 37 44 70 25 20 35 11 42 22 59 7 85 75 9 8 17 46 92 54 27 29 24 107 55 79 23 90 77 31 19 
0 65 97 96 61 18 21 86 63 87 62 48 72 50 73 76 34 14 57 80 66 52 28 49 67 71 53 43 38 1 6 88 41 30 95 3 13 105 60 104 102 56 58 26 47 12 91 16 106 108 98 15 10 99 64 33 84 103 74 101 39 100 32 93 5 51 2 69 82 78 36 4 89 40 109 68 94 81 83 45 59 22 42 11 35 20 25 70 44 37 7 85 75 9 8 17 46 92 54 27 29 24 107 55 79 23 90 77 31 19 
0 65 97 96 61 18 21 86 63 87 62 48 72 50 73 76 34 14 57 80 66 52 28 49 67 71 53 43 38 1 6 88 41 30 95 3 13 105 60 104 102 56 58 26 47 12 91 16 106 108 98 15 10 99 64 33 84 103 74 101 39 100 32 93 5 51 2 69 82 78 36 4 89 40 109 68 94 81 83 45 37 44 70 25 20 35 11 42 22 59 7 85 75 9 8 17 92 54 27 46 29 24 107 55 79 23 90 77 31 19 
0 65 97 96 61 18 21 86 63 87 62 48 72 50 73 76 34 57 80 66 52 28 49 67 71 53 43 38 1 6 88 41 30 95 3 13 105 60 104 102 56 58 26 47 12 91 16 106 108 98 15 10 99 64 33 84 14 103 74 101 39 100 32 93 5 51 2 69 82 78 36 4 89 40 109 68 94 81 83 45 37 44 70 25 20 35 11 42 22 59 7 85 75 9 8 17 46 92 54 27 29 24 107 55 79 23 90 77 31 19 
0 65 97 96 61 18 21 86 63 87 62 48 72 50 73 76 34 14 57 91 12 47 26 58 56 102 104 60 105 13 3 95 30 41 88 6 1 38 43 53 71 67 49 28 52 66 80 16 106 108 98 15 10 99 64 33 84 103 74 101 39 100 32 93 5 51 2 69 82 78 36 4 89 40 109 68 94 81 83 45 37 44 70 25 20 35 11 42 22 59 7 85 75 9 8 17 46 92 54 27 29 24 107 55 79 23 90 77 31 19 
0 65 97 96 61 18 21 86 63 87 62 48 72 50 73 76 34 14 57 80 66 52 28 49 67 71 53 43 38 1 6 88 41 30 95 3 13 105 60 104 102 56 58 26 47 12 91 16 106 108 98 15 10 99 64 33 84 103 74 101 39 100 32 93 5 51 2 69 89 4 36 78 82 40 109 68 94 81 83 45 37 44 70 25 20 35 11 42 22 59 7 85 75 9 8 17 46 92 54 27 29 24 107 55 79 23 90 77 31 19 
0 65 97 96 61 18 21 86 63 87 62 48 72 50 73 76 34 14 57 80 66 52 28 49 67 71 53 43 38 1 6 88 41 30 95 3 13 105 60 104 102 56 58 26 47 12 91 16 106 108 98 15 10 99 64 33 84 103 74 101 39 100 32 93 5 51 2 69 82 78 36 4 89 40 109 68 94 81 83 45 37 44 70 25 20 35 11 42 22 7 85 75 59 9 8 17 46 92 54 27 29 24 107 55 79 23 90 77 31 19 
0 65 97 96 61 18 21 86 63 87 62 48 72 50 73 76 34 14 57 80 66 52 28 49 67 71 53 43 38 1 6 88 41 30 95 3 13 105 60 104 102 56 58 26 47 12 91 16 106 108 98 15 10 99 64 33 101 74 103 84 39 100 32 93 5 51 2 69 82 78 36 4 89 40 109 68 94 81 83 45 37 44 70 25 20 35 11 42 22 59 7 85 75 9 8 17 46 92 54 27 29 24 107 55 79 23 90 77 31 19 
0 65 97 96 61 18 21 86 63 87 62 48 72 38 43 53 71 67 49 28 52 66 80 57 14 34 76 73 50 1 6 88 41 30 95 3 13 105 60 104 102 56 58 26 47 12 91 16 106 108 98 15 10 99 64 33 84 103 74 101 39 100 32 93 5 51 2 69 82 78 36 4 89 40 109 68 94 81 83 45 37 44 70 25 20 35 11 42 22 59 7 85 75 9 8 17 46 92 54 27 29 24 107 55 79 23 90 77 31 19 
0 65 97 96 61 18 21 86 63 87 62 48 72 50 73 76 34 89 4 36 78 82 69 2 51 5 93 32 100 39 101 74 103 84 33 64 99 10 15 98 108 106 16 91 12 47 26 58 56 102 104 60 105 13 3 95 30 41 88 6 1 38 43 53 71 67 49 28 14 57 80 66 52 40 109 68 94 81 83 45 37 44 70 25 20 35 11 42 22 59 7 85 75 9 8 17 46 92 54 27 29 24 107 55 79 23 90 77 31 19 
0 65 97 96 61 18 21 86 63 87 62 48 72 50 73 76 34 14 57 80 66 52 28 49 67 71 104 53 43 38 1 6 88 41 30 95 3 13 105 60 102 56 58 26 47 12 91 16 106 108 98 15 10 99 64 33 84 103 74 101 39 100 32 93 5 51 2 69 82 78 36 4 89 40 109 68 94 81 83 45 37 44 70 25 20 35 11 42 22 59 7 85 75 9 8 17 46 92 54 27 29 24 107 55 79 23 90 77 31 19 
0 65 97 96 61 18 21 86 63 87 62 48 72 50 73 76 34 14 57 80 66 52 28 49 67 71 53 43 38 1 6 88 41 30 3 13 105 60 104 102 56 58 95 26 47 12 91 16 106 108 98 15 10 99 64 33 84 103 74 101 39 100 32 93 5 51 2 69 82 78 36 4 89 40 109 68 94 81 83 45 37 44 70 25 20 35 11 42 22 59 7 85 75 9 8 17 46 92 54 27 29 24 107 55 79 23 90 77 31 19 
0 65 97 96 61 18 21 86 63 87 62 48 72 50 73 76 34 14 57 80 66 52 28 49 67 71 53 43 38 1 6 88 41 30 95 3 13 105 60 104 102 56 58 26 47 12 91 16 106 108 98 15 10 99 64 33 84 103 74 101 39 100 32 5 51 2 69 82 78 36 93 4 89 40 109 68 94 81 83 45 37 44 70 25 20 35 11 42 22 59 7 85 75 9 8 17 46 92 54 27 29 24 107 55 79 23 90 77 31 19 
0 65 97 96 61 18 21 86 63 87 62 48 72 50 73 76 34 14 57 80 66 52 28 49 67 71 53 43 38 1 6 88 41 30 95 3 13 105 60 104 102 56 58 26 47 12 91 16 106 108 98 15 10 99 64 33 84 103 74 101 39 100 32 93 5 51 2 69 82 78 36 4 89 40 109 68 94 81 83 45 37 44 70 25 20 35 11 42 22 59 7 85 75 9 8 17 46 92 54 27 29 24 55 79 23 90 77 107 31 19 
0 65 97 96 61 18 21 86 63 87 62 48 72 50 73 76 34 14 57 80 66 89 4 36 78 82 69 2 51 5 93 32 100 39 101 74 103 84 33 64 99 10 15 98 108 106 16 91 12 47 26 58 56 102 104 60 105 13 3 95 30 41 88 6 1 38 43 53 71 67 49 28 52 40 109 68 94 81 83 45 37 44 70 25 20 35 11 42 22 59 7 85 75 9 8 17 46 92 54 27 29 24 107 55 79 23 90 77 31 19 
0 65 97 96 61 18 21 86 63 87 62 48 72 38 43 53 71 67 49 28 52 66 80 57 14 34 76 73 50 1 6 88 41 30 95 3 13 105 60 104 102 56 58 26 47 12 91 16 106 108 98 15 10 99 64 33 84 103 74 101 39 100 32 93 51 2 69 82 78 36 4 89 40 109 68 94 81 83 45 37 44 5 70 25 20 35 11 42 22 59 7 85 75 9 8 17 46 92 54 27 29 24 107 55 79 23 90 77 31 19 
0 65 97 96 61 18 21 86 63 87 62 48 72 50 73 76 34 14 57 80 66 52 28 49 67 71 53 43 38 1 6 88 41 30 95 3 13 105 60 104 102 56 58 26 47 12 91 16 106 108 98 15 10 99 64 33 84 103 74 101 39 100 32 93 5 51 2 69 82 78 36 4 89 40 109 68 94 81 83 45 37 44 70 25 20 35 11 42 22 59 7 107 85 75 9 8 17 46 92 54 27 29 24 55 79 23 90 77 31 19 
0 65 97 96 61 18 21 86 63 87 62 48 72 50 73 76 34 14 57 80 66 52 28 49 67 71 53 43 104 1 6 88 41 30 95 3 13 105 60 38 102 56 58 26 47 12 91 16 106 108 98 15 10 99 64 33 84 103 74 101 39 100 32 93 5 51 2 69 82 78 36 4 89 40 109 68 94 81 83 45 37 44 70 25 20 35 11 42 22 59 7 85 75 9 8 17 46 92 54 27 29 24 107 55 79 23 90 77 31 19 
0 65 97 96 61 18 21 86 63 87 62 48 72 50 73 76 34 14 57 80 66 52 28 49 67 71 53 43 38 1 6 88 41 30 95 3 13 105 60 104 102 56 58 26 47 12 91 16 106 108 98 15 10 99 64 33 84 103 74 101 39 100 32 93 5 51 2 69 82 78 36 4 89 40 109 68 94 81 83 45 37 44 70 25 20 35 11 42 22 59 7 85 75 9 8 17 46 92 54 27 29 107 55 79 23 90 24 77 31 19 
0 65 97 96 61 18 21 86 63 87 62 48 72 50 73 76 34 14 57 80 66 52 28 49 67 71 53 43 38 1 6 88 41 30 95 3 13 105 60 104 102 56 58 26 47 12 91 16 106 108 98 15 10 99 64 33 84 103 74 101 39 100 32 93 4 51 2 5 69 82 78 36 89 40 109 68 94 81 83 45 37 44 70 25 20 35 11 42 22 59 7 85 75 9 8 17 46 92 54 27 29 24 107 55 79 23 90 77 31 19 
0 65 97 96 61 18 21 86 63 87 62 48 72 50 76 78 14 57 80 66 52 28 49 67 71 53 43 38 1 6 88 41 30 95 3 13 105 60 104 102 56 58 26 47 12 91 16 106 108 98 15 10 99 64 73 33 84 103 74 101 39 100 32 93 5 51 2 69 82 34 36 4 89 40 109 68 94 81 83 45 37 44 70 25 20 35 11 42 22 59 7 85 75 9 8 17 46 92 54 27 29 24 107 55 79 23 90 77 31 19 
0 65 97 96 61 18 21 86 63 87 62 48 72 50 73 76 34 14 57 80 66 52 28 49 67 71 53 43 38 1 6 88 41 30 95 3 13 105 60 104 102 56 58 26 47 12 91 16 106 108 98 15 10 99 64 33 84 103 74 101 39 100 32 93 5 51 2 69 82 78 36 4 89 40 109 68 94 81 83 45 37 44 70 25 20 35 11 42 59 7 85 75 9 8 17 46 92 54 22 27 29 24 107 55 79 23 90 77 31 19 
0 65 97 96 61 18 21 86 63 87 62 48 72 94 68 109 40 89 4 36 78 82 69 2 51 5 93 32 100 39 101 74 103 84 33 64 99 10 15 98 108 106 16 91 12 47 26 58 56 102 104 60 105 13 3 95 30 41 88 6 1 38 43 53 71 67 49 28 52 66 80 57 14 34 76 73 50 81 83 45 37 44 70 25 20 35 11 42 22 59 7 85 75 9 8 17 46 92 54 27 29 24 107 55 79 23 90 77 31 19 
0 65 97 96 61 18 21 86 63 87 62 48 72 50 73 76 34 57 80 66 52 28 49 67 71 53 43 38 1 6 88 41 30 95 3 13 105 60 104 102 14 56 58 26 47 12 91 16 106 108 98 15 10 99 64 33 84 103 74 101 39 100 32 93 5 51 2 69 82 78 36 4 89 40 109 68 94 81 83 45 37 44 70 25 20 35 11 42 22 59 7 85 75 9 8 17 46 92 54 27 29 24 107 55 79 23 90 77 31 19 
0 65 97 96 61 18 21 86 63 87 62 48 72 50 73 76 34 14 57 80 66 52 28 49 67 71 53 43 38 1 6 88 41 30 95 3 13 105 60 104 102 56 58 26 64 99 10 15 98 108 106 16 91 12 47 33 84 103 74 101 39 100 32 93 5 51 2 69 82 78 36 4 89 40 109 68 94 81 83 45 37 44 70 25 20 35 11 42 22 59 7 85 75 9 8 17 46 92 54 27 29 24 107 55 79 23 90 77 31 19 
0 65 97 96 61 18 21 86 63 87 62 48 72 50 73 76 34 14 57 80 66 52 28 49 67 71 53 43 38 1 6 88 41 30 95 3 13 105 60 104 102 56 58 26 47 91 16 106 108 98 15 10 99 64 33 84 103 74 101 39 100 32 93 5 51 2 69 82 78 12 36 4 89 40 109 68 94 81 83 45 37 44 70 25 20 35 11 42 22 59 7 85 75 9 8 17 46 92 54 27 29 24 107 55 79 23 90 77 31 19 
0 65 97 96 61 18 21 86 63 87 62 48 72 50 73 76 34 14 104 60 105 13 3 95 30 41 88 6 1 38 43 53 71 67 49 28 52 66 80 57 102 56 58 26 47 12 91 16 106 108 98 15 10 99 64 33 84 103 74 101 39 100 32 93 5 51 2 69 82 78 36 4 89 40 109 68 94 81 83 45 37 44 70 25 20 35 11 42 22 59 7 85 75 9 8 17 46 92 54 27 29 24 107 55 79 23 90 77 31 19 
0 65 97 96 61 18 21 86 63 87 62 48 72 50 73 76 34 14 57 80 66 52 28 49 67 71 53 43 38 1 6 88 41 30 95 3 13 105 60 104 102 56 58 26 47 12 91 16 106 108 98 15 10 99 64 33 84 103 74 101 39 100 32 93 5 51 2 69 82 78 36 4 89 40 109 68 94 81 83 45 37 44 70 59 22 42 11 35 20 25 7 85 75 9 8 107 46 17 92 54 27 29 24 55 79 23 90 77 31 19 
0 65 97 96 61 18 21 86 63 87 62 48 72 50 73 76 34 14 57 80 66 52 28 49 67 71 53 43 38 1 6 88 41 30 95 3 13 105 60 104 102 56 58 26 47 12 91 16 106 108 98 15 10 99 64 33 84 103 74 101 39 100 32 93 5 51 2 69 82 78 36 4 89 40 109 68 94 81 83 45 37 44 70 25 20 24 29 27 54 92 46 17 8 9 75 85 7 59 22 42 11 35 107 55 79 23 90 77 31 19 
0 65 97 96 61 18 21 86 63 87 62 48 72 50 73 76 34 14 57 80 66 52 28 49 67 71 53 43 38 1 6 88 41 30 95 3 13 105 60 104 102 56 58 26 47 12 91 16 106 108 98 15 10 99 64 33 84 103 74 101 39 100 32 93 5 51 2 69 82 78 36 4 89 40 109 68 94 81 83 45 37 44 70 25 20 35 11 42 59 7 85 75 9 8 22 17 46 92 54 27 29 24 107 55 79 23 90 77 31 19 
0 65 97 96 61 18 21 86 63 87 62 48 72 50 73 76 34 14 57 80 66 52 28 49 67 71 53 43 38 1 6 88 41 30 95 3 13 105 60 104 102 56 58 26 47 12 91 106 108 98 15 10 99 64 33 84 103 74 101 16 39 100 32 93 5 51 2 69 82 78 36 4 89 40 109 68 94 81 83 45 37 44 70 25 20 35 11 42 22 59 7 85 75 9 8 17 46 92 54 27 29 24 107 55 79 23 90 77 31 19 
0 65 97 96 61 18 21 86 63 87 62 48 72 50 73 76 34 14 57 80 66 52 28 49 67 98 53 43 38 1 6 88 41 30 95 3 13 105 60 104 102 56 58 26 47 12 91 16 106 108 71 15 10 99 64 33 84 103 74 101 39 100 32 93 5 51 2 69 82 78 36 4 89 40 109 68 94 81 83 45 37 44 70 25 20 35 11 42 22 59 7 85 75 9 8 17 46 92 54 27 29 24 107 55 79 23 90 77 31 19 
0 65 97 96 61 18 21 86 63 87 62 48 72 50 73 76 34 14 57 80 66 52 28 49 67 71 53 43 38 1 6 88 41 30 95 3 13 105 60 104 102 56 58 26 47 12 91 16 106 108 98 15 10 99 64 33 84 103 74 101 39 100 32 93 5 51 2 69 82 78 36 4 89 40 109 68 94 81 83 45 37 44 70 25 20 35 11 42 22 7 85 75 9 8 17 46 92 59 54 27 29 24 107 31 77 90 23 79 55 19 
0 65 97 96 61 18 21 86 63 87 62 48 72 50 73 76 34 14 57 80 66 52 28 49 67 71 53 43 38 1 6 88 41 30 95 3 13 105 60 104 102 56 58 26 47 12 91 16 106 108 98 15 10 99 64 33 84 103 74 101 100 32 93 5 51 2 69 82 78 36 4 89 40 109 68 94 81 39 83 45 37 44 70 25 20 35 11 42 22 59 7 85 75 9 8 17 46 92 54 27 29 24 107 55 79 23 90 77 31 19 
0 65 97 96 61 18 21 86 63 87 62 48 72 50 73 76 34 14 57 80 66 52 28 49 67 71 53 43 38 1 6 88 41 30 95 3 13 105 60 104 102 56 58 26 47 12 91 16 106 108 98 15 10 99 33 84 103 74 101 39 100 32 93 5 51 2 82 64 78 36 4 89 40 109 68 94 81 83 45 37 44 70 25 20 35 69 11 42 22 59 7 85 75 9 8 17 46 92 54 27 29 24 107 55 79 23 90 77 31 19 
0 65 97 96 61 18 21 86 63 87 62 48 72 50 73 76 34 14 57 80 66 52 28 49 67 71 53 43 38 1 6 88 41 30 95 3 13 105 60 104 102 56 58 26 47 12 91 16 106 108 98 15 10 99 64 33 84 103 74 101 39 100 32 93 5 51 2 69 82 78 36 4 89 40 109 68 94 81 83 45 37 44 70 25 20 35 11 42 90 23 79 55 107 24 29 27 54 92 46 17 8 9 75 85 7 59 22 77 31 19 
0 65 97 96 61 18 21 86 63 87 62 48 72 50 73 76 34 14 57 80 66 52 28 49 67 71 53 43 38 1 6 88 41 30 95 3 13 105 60 10 15 98 108 106 16 91 12 47 26 104 102 56 58 99 64 33 84 103 74 101 39 100 32 93 5 51 2 69 82 78 36 4 89 40 109 68 94 81 83 45 37 44 70 25 20 35 11 42 22 59 7 85 75 9 27 54 92 46 17 8 29 24 107 55 79 23 90 77 31 19 
0 65 97 96 61 18 21 86 63 87 62 48 72 50 73 76 34 14 57 80 66 52 28 49 67 71 53 43 38 1 6 88 41 30 95 13 105 60 104 102 56 58 26 47 12 91 16 106 98 3 10 15 108 99 64 33 84 103 74 101 39 100 32 93 5 51 2 69 82 78 36 4 89 40 109 68 94 81 83 45 37 44 70 25 20 35 11 42 22 59 7 85 75 9 8 17 46 92 54 27 29 24 107 55 79 23 90 77 31 19 
0 65 97 96 61 18 21 86 63 87 62 48 72 50 73 76 34 14 57 80 66 52 28 49 67 71 53 43 38 1 6 88 41 30 95 3 13 105 60 104 102 56 58 26 47 12 91 16 106 108 98 15 10 99 64 33 84 103 74 101 39 100 32 93 5 51 2 69 82 78 36 4 89 40 109 68 81 83 45 37 44 70 25 20 35 11 42 22 59 7 85 75 9 8 17 46 92 54 94 27 29 24 107 55 79 23 90 77 31 19 
0 65 97 96 61 18 21 86 63 87 62 48 72 50 73 76 34 14 57 80 66 52 28 49 67 71 53 43 38 1 6 88 41 30 95 3 13 105 60 104 102 56 58 26 12 91 16 106 108 98 15 10 99 64 33 84 103 74 101 39 100 47 32 93 5 51 2 69 82 78 36 4 89 40 109 68 94 81 83 45 37 44 70 25 20 35 11 42 22 59 7 85 75 9 8 17 46 92 54 27 29 24 107 90 55 79 23 77 31 19 
0 65 97 96 61 18 21 86 63 87 62 48 72 50 73 76 34 14 32 80 52 66 28 49 67 71 53 43 38 1 6 88 41 30 95 3 13 105 60 104 102 56 58 26 47 12 91 16 106 108 98 15 10 99 64 33 84 103 74 101 39 100 57 93 5 51 2 69 82 78 36 4 89 40 109 68 94 81 83 45 37 44 70 25 20 35 11 42 22 59 7 85 75 9 8 17 46 92 54 27 29 24 107 55 79 23 90 77 31 19 
0 65 97 96 61 18 21 86 63 87 62 48 72 50 73 76 34 14 57 80 66 52 28 49 67 71 53 43 38 1 6 88 41 30 95 3 13 105 60 104 102 56 58 26 47 12 91 16 106 108 98 15 10 99 64 33 84 103 74 101 39 100 32 93 5 51 2 69 82 78 36 4 89 40 109 68 81 83 45 37 44 70 25 20 35 11 42 22 59 7 85 75 9 8 94 17 46 92 54 27 29 24 107 55 79 23 90 77 31 19 
0 65 97 96 18 21 86 63 87 62 48 72 50 73 76 34 14 57 80 66 52 28 49 61 67 71 53 43 38 1 6 88 41 30 95 3 13 105 60 104 102 56 58 26 47 12 91 16 106 108 98 15 10 99 64 33 84 103 74 101 39 100 32 93 5 51 2 69 82 78 36 4 89 40 109 68 94 81 83 45 37 44 70 25 20 35 11 42 22 59 7 85 75 9 8 17 46 92 54 27 29 24 107 55 79 23 90 77 31 19 
0 65 97 96 61 18 21 86 63 87 62 48 72 50 73 76 34 14 57 80 66 52 28 49 67 71 53 43 38 1 6 88 41 30 95 3 13 105 60 104 102 56 58 26 47 91 16 106 108 98 15 10 99 64 33 84 103 74 101 39 100 32 93 12 5 51 2 69 82 78 36 4 89 40 109 68 94 81 83 45 37 44 70 25 20 35 11 42 22 59 7 85 75 9 8 17 46 92 54 27 29 24 107 55 79 23 90 77 31 19 
0 65 97 96 61 18 21 86 63 87 62 48 72 50 73 76 34 14 57 80 66 52 28 49 67 71 53 43 38 1 6 88 41 30 95 3 13 105 60 104 102 56 58 26 47 12 91 16 106 108 98 15 10 99 64 33 84 103 74 101 39 100 32 93 5 51 2 69 82 78 36 4 89 40 109 68 94 81 83 45 37 44 25 20 35 11 42 22 59 7 85 75 9 8 17 46 92 54 27 29 24 107 55 79 23 90 77 70 31 19 
0 65 97 96 61 18 21 86 63 87 62 48 72 50 73 76 34 14 57 80 66 52 28 49 67 71 53 43 38 1 6 88 41 30 95 3 13 105 60 104 102 56 58 26 47 74 91 16 106 108 98 15 10 99 64 33 84 103 12 101 39 100 32 93 5 51 2 69 82 78 36 4 89 40 109 68 94 81 83 45 37 44 70 25 20 35 11 42 22 59 7 85 75 9 8 17 46 92 54 27 29 24 107 55 79 23 90 77 31 19 
0 65 97 96 61 18 21 86 63 87 62 48 72 50 73 76 34 14 57 80 66 52 28 49 67 71 53 43 38 1 6 88 41 30 95 3 13 105 60 104 102 56 58 26 47 12 91 16 106 108 98 15 10 99 64 33 84 103 74 101 39 100 32 93 5 51 2 83 81 94 25 109 40 89 4 36 78 82 69 45 37 44 70 68 20 35 11 42 22 59 7 85 75 9 8 17 46 92 54 27 29 24 107 55 79 23 90 77 31 19 
0 65 97 96 61 18 21 86 63 87 62 48 72 50 73 76 34 14 57 80 66 52 28 49 67 71 53 43 38 1 6 88 41 30 95 3 13 105 60 104 102 56 58 26 47 12 91 16 106 108 98 15 10 99 64 33 84 103 74 101 39 100 32 93 5 51 2 69 82 78 36 4 89 40 109 68 94 24 29 27 54 92 46 17 8 9 75 85 7 59 22 42 11 35 20 25 70 44 37 45 83 81 107 55 79 23 90 77 31 19 
0 65 97 96 61 18 21 86 63 87 62 48 72 50 73 76 34 14 57 80 66 52 28 49 67 71 53 43 38 1 6 88 41 30 95 3 13 60 104 102 56 58 26 47 12 91 16 106 108 105 98 15 10 99 64 33 4 103 74 101 39 100 32 93 5 51 2 69 82 78 36 84 89 40 109 68 94 81 83 45 37 44 70 25 20 35 11 42 22 59 7 85 75 9 8 17 46 92 54 27 29 24 107 55 79 23 90 77 31 19 
0 65 97 96 61 18 21 86 63 87 62 48 72 50 73 76 34 14 57 80 66 52 28 49 67 71 53 43 38 1 6 88 41 30 95 3 13 105 60 104 102 56 58 26 47 12 91 16 106 108 98 15 10 99 64 33 37 44 70 25 20 35 32 93 5 51 2 69 82 78 36 4 89 40 109 68 94 81 83 45 84 103 74 101 39 100 11 42 22 59 7 85 75 9 8 17 46 92 54 27 29 24 107 55 79 23 90 77 31 19 
0 65 97 96 61 18 21 86 63 87 62 48 72 50 73 76 34 14 57 80 94 52 28 49 67 71 53 43 38 1 6 88 41 30 95 3 13 105 60 104 102 56 58 26 47 12 91 16 106 108 98 15 10 99 64 33 84 103 74 101 39 100 32 93 5 51 2 69 82 78 36 4 89 40 109 68 66 81 83 45 37 44 70 25 20 35 11 42 22 59 7 85 75 9 8 17 46 92 54 27 29 24 107 55 79 23 90 77 31 19 
0 65 97 96 61 18 21 86 63 87 62 48 72 50 73 76 34 14 57 80 66 52 28 49 67 71 53 43 38 1 6 88 41 30 95 3 13 105 60 104 102 56 58 26 47 12 91 16 106 108 98 15 10 99 64 33 84 103 74 101 39 100 45 93 5 51 2 69 82 78 36 4 89 40 109 68 7 59 22 42 11 35 20 25 70 44 37 32 83 81 94 85 75 9 8 17 46 92 54 27 29 24 107 55 79 23 90 77 31 19 
0 65 97 96 61 18 21 86 63 87 62 48 72 50 73 76 34 14 57 80 66 52 28 49 67 71 53 43 38 1 6 88 41 30 95 3 13 105 60 104 102 56 58 26 37 45 83 81 94 68 109 40 89 4 36 78 82 69 2 51 5 93 32 100 39 101 74 103 84 33 64 99 10 15 98 108 106 16 91 12 47 44 70 25 20 35 11 42 22 59 7 85 75 9 8 17 46 92 54 27 29 24 107 55 79 23 90 77 31 19 
0 65 97 96 61 18 21 86 63 87 62 48 72 50 73 76 34 14 49 28 52 66 80 57 67 83 81 94 68 109 40 89 4 36 78 82 69 2 51 5 93 32 100 39 101 74 103 84 33 64 99 10 15 98 108 106 16 91 12 47 26 58 56 102 104 60 105 13 3 95 30 41 88 6 1 38 43 53 71 45 37 44 70 25 20 35 11 42 22 59 7 85 75 9 8 17 46 92 54 27 29 24 107 55 79 23 90 77 31 19 
0 65 97 96 61 18 21 86 63 103 84 33 64 99 10 15 98 108 106 16 91 12 47 26 58 56 102 104 60 105 13 3 95 30 41 88 6 1 38 43 53 71 67 49 28 52 66 80 57 14 34 76 73 50 72 48 62 87 74 101 39 100 32 93 5 51 2 69 82 78 36 4 89 40 109 68 94 81 83 45 37 44 70 25 20 35 11 42 22 59 7 85 75 9 8 17 46 92 54 27 29 24 107 55 79 23 90 77 31 19 
0 65 97 96 61 18 21 86 63 87 62 48 72 50 73 76 34 14 57 80 66 52 28 49 67 71 53 43 38 1 6 88 41 95 3 13 105 60 104 102 56 58 26 47 12 91 16 106 108 98 15 10 99 64 33 84 103 74 101 30 39 100 32 93 5 51 2 69 82 78 36 4 89 40 109 68 94 81 83 45 37 44 70 25 20 35 11 42 22 59 7 85 75 9 8 17 46 92 54 27 29 24 107 55 79 23 90 77 31 19 
0 65 97 96 61 94 68 109 40 89 4 36 78 5 69 2 51 82 93 32 100 39 101 74 103 84 33 64 99 10 15 98 108 106 16 91 12 47 26 58 56 102 104 60 105 13 3 95 30 41 88 6 1 38 43 53 71 67 49 28 52 66 80 57 14 34 76 73 50 72 48 62 87 63 86 21 18 81 83 45 37 44 70 25 20 35 11 42 22 59 7 85 75 9 8 17 46 92 54 27 29 24 107 55 79 23 90 77 31 19 
0 65 97 96 61 18 21 86 63 87 62 48 72 51 73 76 34 14 57 80 66 52 28 49 67 71 53 43 38 1 6 88 41 30 95 3 13 105 60 104 102 56 58 26 47 12 91 16 106 108 98 15 10 99 64 33 84 103 74 101 39 100 32 93 5 50 2 69 82 78 36 4 89 40 109 68 94 81 83 45 37 44 70 25 20 35 11 42 22 59 7 85 75 9 8 17 46 92 54 27 29 24 107 79 23 90 55 77 31 19 
0 65 97 96 61 18 21 86 63 87 62 48 72 50 69 82 78 36 4 89 40 109 68 94 81 83 45 37 44 70 25 20 35 11 42 22 59 7 85 75 9 8 17 46 92 54 73 76 34 14 57 80 66 52 28 49 67 71 53 43 38 1 6 88 41 30 95 3 13 105 60 104 102 56 58 26 47 12 91 16 106 108 98 15 10 99 64 33 84 103 74 101 39 100 32 93 5 51 2 27 29 24 107 55 79 23 90 77 31 19 
0 65 97 96 61 18 21 86 63 87 62 48 72 50 73 76 34 14 57 80 66 52 28 49 67 71 53 43 38 1 6 88 41 30 95 3 13 105 60 33 102 56 58 26 47 12 91 16 106 108 98 15 10 99 64 104 84 103 74 101 39 100 32 93 5 51 2 69 82 78 36 4 89 40 109 68 94 81 83 45 37 44 70 25 20 35 11 42 22 59 7 85 75 9 8 17 46 92 54 27 29 24 107 55 79 23 90 77 31 19 
0 65 97 96 61 18 21 86 63 87 62 48 72 50 73 76 34 14 57 80 66 52 28 49 67 71 53 43 38 1 6 88 41 30 95 3 13 105 60 104 102 56 58 26 47 12 91 16 106 108 98 15 10 99 64 33 84 103 74 101 39 100 32 93 5 51 90 23 79 55 107 24 29 27 54 92 46 17 8 9 75 85 7 59 22 42 11 35 20 25 70 44 37 45 83 81 94 68 109 40 89 4 36 78 82 69 2 77 31 19 
0 65 97 96 61 18 21 86 63 87 62 48 72 50 73 49 34 47 26 58 56 102 104 60 105 13 3 95 30 41 88 6 1 38 43 53 71 67 76 28 52 66 80 57 14 12 91 16 106 108 98 15 10 99 64 33 84 103 74 101 39 100 32 93 5 51 2 4 69 82 78 36 89 40 109 68 94 81 83 45 37 44 70 25 20 35 11 42 22 59 7 85 75 9 8 17 46 92 54 27 29 24 107 55 79 23 90 77 31 19 
0 65 97 96 61 18 21 86 63 3 95 30 41 88 6 1 38 43 53 71 67 49 28 52 66 80 57 14 34 76 73 50 72 48 62 87 13 105 60 104 102 56 58 26 47 12 91 16 106 108 98 15 10 99 64 33 84 103 74 101 39 100 32 93 5 51 2 69 82 78 36 4 89 40 109 68 94 81 83 45 37 44 70 25 20 35 11 42 22 59 7 85 75 9 8 17 92 54 27 29 24 46 107 55 79 23 90 77 31 19 
0 65 97 96 61 18 21 86 63 87 62 48 72 50 73 76 34 83 57 80 66 52 28 49 67 71 53 43 38 1 6 88 41 30 95 3 13 105 60 104 102 56 58 26 47 12 91 16 106 108 98 15 10 99 64 33 84 103 74 101 39 100 32 93 5 51 2 69 82 78 36 4 89 40 109 68 94 81 14 45 37 44 70 25 20 35 11 42 22 59 7 85 75 9 8 17 46 92 54 27 29 24 77 90 23 79 55 107 31 19 
0 65 97 96 61 18 21 86 63 87 62 48 72 50 73 76 34 14 57 80 66 52 28 49 67 71 53 43 38 1 6 88 41 30 95 3 13 105 60 104 102 56 58 26 47 12 91 16 106 108 98 15 10 99 64 33 84 103 74 101 39 100 32 93 5 51 2 69 82 78 36 4 89 109 68 94 81 83 45 37 44 70 25 20 35 11 42 22 59 7 85 75 9 8 17 46 92 54 27 29 24 107 55 79 23 40 90 77 31 19 
0 65 97 96 61 18 21 86 63 87 62 48 72 50 73 76 34 14 57 80 66 52 28 49 67 71 53 43 38 1 6 88 41 30 95 3 13 105 60 104 102 56 58 26 47 12 91 16 106 108 98 15 10 99 64 33 84 103 74 39 100 32 93 5 51 2 69 82 78 36 4 89 40 109 68 94 81 83 45 37 44 70 25 20 35 11 42 22 59 7 85 75 9 8 17 46 92 54 101 27 29 24 107 55 79 23 90 77 31 19 
0 65 97 96 61 18 21 86 63 87 62 48 72 50 73 76 34 14 57 80 66 52 28 49 67 71 53 43 38 1 6 88 41 30 95 3 13 105 60 104 36 56 58 26 47 12 91 16 106 108 98 15 10 99 64 33 84 103 74 101 39 100 32 93 5 51 2 69 82 78 102 4 89 40 109 68 94 81 83 45 37 44 70 25 20 35 11 42 22 59 7 85 75 9 8 17 46 92 54 27 29 24 107 55 79 23 90 77 31 19 
0 65 97 96 61 18 21 86 63 87 62 48 72 50 73 76 34 14 57 80 66 52 28 49 67 71 53 43 38 1 6 88 41 30 95 3 13 105 60 104 102 56 58 26 47 12 91 16 106 108 98 15 10 99 64 33 84 103 74 101 39 100 32 93 5 51 69 82 78 36 4 89 40 109 68 92 46 17 8 9 75 85 7 59 22 42 25 2 11 35 70 44 37 45 83 81 94 20 54 27 29 24 107 55 79 23 90 77 31 19 
0 65 97 96 61 18 21 86 63 87 62 48 72 50 73 76 34 14 57 80 66 52 28 49 67 71 53 43 38 1 6 88 41 30 95 3 13 33 60 104 102 56 58 26 47 12 91 16 106 108 98 15 10 99 64 105 84 103 74 101 39 100 32 93 5 51 2 69 82 78 36 4 89 40 109 68 94 81 83 45 37 44 70 25 20 35 11 42 22 59 7 85 75 9 8 17 46 92 54 27 29 24 107 55 79 23 90 77 31 19 
0 65 97 96 61 18 21 86 63 87 62 48 72 50 73 76 34 14 57 80 94 68 109 40 89 4 36 78 82 69 2 51 5 93 32 100 39 101 103 84 33 66 52 28 49 67 71 53 43 38 74 1 6 88 41 30 95 3 13 105 60 104 102 56 58 26 47 12 91 16 106 108 98 15 10 99 64 81 83 45 37 44 70 25 20 35 11 42 22 59 7 85 75 9 8 17 46 92 54 27 29 24 107 55 79 23 90 77 31 19 
0 65 97 96 61 18 21 86 63 87 62 48 72 50 73 76 34 14 57 80 66 52 28 49 67 71 53 43 38 1 6 88 41 30 95 3 13 105 60 104 102 56 58 26 47 12 91 16 106 108 98 15 10 99 64 33 84 17 8 9 75 85 7 59 22 42 11 35 20 25 70 44 37 45 83 81 94 68 109 40 89 4 36 78 82 69 2 51 5 93 32 100 39 101 74 103 46 92 54 27 29 24 107 55 79 23 90 77 31 19 
0 65 97 96 61 18 21 86 63 87 62 48 72 50 73 76 34 14 57 80 66 52 28 49 67 71 53 43 38 1 6 88 41 30 95 3 13 105 60 104 102 56 58 26 47 12 91 81 106 108 98 15 10 99 64 33 84 103 74 101 39 100 32 93 5 51 2 69 82 78 36 4 89 40 109 68 94 16 83 45 37 44 70 25 20 35 11 42 22 59 7 85 75 9 8 17 46 92 54 27 29 24 107 55 79 23 90 77 31 19 
0 65 97 96 61 18 21 86 63 87 62 48 72 50 73 76 34 14 57 80 66 52 28 49 67 71 53 43 38 1 6 88 41 30 95 3 13 105 60 104 40 56 58 26 47 12 91 16 106 108 98 15 10 99 64 33 84 103 74 101 39 100 32 93 5 51 2 69 82 78 36 4 89 102 109 68 94 81 83 45 37 44 70 25 20 35 11 42 22 59 7 85 75 9 8 17 46 92 54 27 29 24 107 55 79 23 90 77 31 19 
0 65 97 96 61 18 21 86 63 87 62 48 72 50 73 76 34 14 57 80 66 52 28 49 67 71 53 43 38 1 6 88 41 30 95 3 13 36 4 89 40 109 68 94 81 83 45 37 44 70 25 20 35 11 42 22 59 7 85 75 9 8 32 93 5 51 2 69 82 78 105 60 104 102 56 58 26 47 12 91 16 106 108 98 15 10 99 64 33 84 103 74 101 39 100 17 46 92 54 27 29 24 107 55 79 23 90 77 31 19 
0 65 9 96 61 18 21 86 63 87 62 48 72 50 73 76 34 14 57 80 66 52 28 49 67 71 53 43 38 1 6 88 41 30 95 3 13 105 60 104 102 56 58 26 47 12 91 16 106 108 98 15 10 99 64 33 84 103 74 101 39 100 32 93 5 51 2 69 82 78 36 4 89 40 109 68 94 81 83 45 37 44 70 25 20 35 11 42 22 59 7 85 75 97 8 17 46 92 54 27 29 24 107 55 79 23 90 77 31 19 
0 65 97 96 61 18 21 86 63 87 62 48 72 50 73 76 34 14 57 80 66 52 28 49 67 71 53 43 38 1 6 88 41 30 95 3 13 105 60 104 59 22 42 11 35 20 25 70 44 37 45 83 81 94 68 109 40 89 4 36 78 82 69 2 51 5 93 32 100 39 101 74 103 84 33 64 99 10 15 98 108 106 16 91 12 47 26 58 56 102 7 85 75 9 8 17 46 92 54 27 29 24 107 55 79 23 90 77 31 19 
0 86 21 18 61 96 97 65 63 87 62 48 72 50 73 76 34 14 57 80 66 52 28 49 98 71 53 43 38 67 1 6 88 41 30 95 3 13 105 60 104 102 56 58 26 47 12 91 10 15 108 106 16 99 64 33 84 103 74 101 39 100 32 93 5 51 2 69 82 78 36 4 89 40 109 68 94 81 83 45 37 44 70 25 20 35 11 42 22 59 7 85 75 9 8 17 46 92 54 27 29 24 107 55 79 23 90 77 31 19 
0 65 97 96 61 18 21 86 63 87 62 48 72 50 73 76 34 14 57 80 66 52 28 49 67 71 53 43 38 1 6 88 41 30 95 3 13 105 60 104 102 56 58 26 68 12 91 16 106 108 98 15 10 99 64 33 84 103 74 101 39 100 32 93 5 51 2 69 82 78 36 4 89 40 109 47 94 81 83 45 37 44 70 25 20 35 11 42 22 59 7 85 75 9 8 17 46 92 54 27 29 24 107 55 79 23 90 77 31 19 
0 65 97 96 61 18 21 86 63 87 62 48 72 50 73 76 34 14 57 80 66 52 28 49 67 71 53 43 38 1 6 88 41 30 95 3 13 105 60 104 102 56 58 26 47 12 91 16 106 46 17 8 9 75 85 7 59 22 42 11 35 20 25 70 44 37 45 83 81 94 68 109 40 89 4 36 78 82 69 2 51 5 93 32 100 39 101 74 103 84 33 64 99 10 15 98 108 92 54 27 29 24 107 55 79 23 90 77 31 19 
0 101 74 103 84 33 64 99 10 15 98 108 106 16 91 12 47 26 58 56 102 104 60 105 13 3 95 30 41 88 6 1 38 43 53 71 67 49 28 52 66 80 57 14 34 76 73 50 72 48 62 87 63 86 21 18 61 96 97 65 39 100 32 93 5 51 2 69 82 78 36 4 89 40 109 68 94 81 83 45 37 44 70 25 20 35 11 42 22 59 7 85 75 9 8 17 46 92 54 27 29 24 107 55 79 23 90 77 31 19 
0 65 97 96 61 18 21 86 63 87 62 48 72 50 73 76 34 14 57 80 66 52 28 49 67 71 53 43 38 1 6 88 41 30 95 3 13 105 60 104 102 56 58 26 47 12 91 16 106 108 98 22 42 11 35 20 25 70 44 37 45 83 81 94 68 109 40 89 4 36 78 82 69 2 51 5 93 32 100 39 101 74 103 84 33 64 99 10 15 59 7 85 9 8 17 46 92 54 27 29 24 107 55 75 79 23 90 77 31 19 
0 65 97 96 61 18 21 86 63 87 62 48 72 50 73 76 34 14 57 80 66 52 28 49 67 71 53 43 38 1 6 88 41 30 95 3 13 105 60 104 102 56 58 26 47 12 91 16 106 108 98 83 10 99 64 33 84 103 74 101 39 100 32 93 5 51 2 69 82 78 36 4 89 40 109 68 94 81 15 45 37 44 70 25 20 35 11 42 22 59 7 85 75 9 8 17 46 92 54 27 29 24 107 55 79 23 90 77 31 19 
0 65 97 96 61 18 21 86 63 87 62 48 72 50 73 76 34 14 57 80 66 52 28 49 67 71 53 43 38 1 6 88 41 30 95 3 13 105 60 104 102 58 26 47 12 91 16 106 108 98 15 10 99 64 33 84 103 74 101 39 100 32 93 5 51 2 69 82 78 36 4 89 40 109 68 94 81 83 45 37 44 70 25 20 35 11 42 22 59 7 85 75 9 56 8 17 46 92 54 27 29 24 107 55 79 23 90 77 31 19 
0 65 97 96 61 18 21 86 63 49 62 48 72 50 73 76 34 14 57 80 66 52 28 87 67 71 53 43 38 1 6 88 41 30 95 3 13 105 60 104 102 56 58 26 47 12 91 16 106 108 98 15 10 99 64 33 84 103 74 101 39 100 32 93 5 51 2 69 82 78 36 4 89 40 109 68 94 81 83 45 37 44 70 25 20 35 11 42 22 59 7 85 75 9 8 17 46 92 54 27 29 24 107 55 79 23 90 77 31 19 
0 65 97 96 61 18 21 86 63 87 62 48 72 50 73 76 34 14 57 80 66 52 28 49 67 71 53 43 38 1 6 88 41 30 95 3 13 105 60 104 102 56 58 26 47 12 91 16 108 98 15 10 99 64 33 84 103 74 101 39 100 32 93 5 51 2 69 82 78 36 4 89 40 109 68 94 81 83 45 37 44 70 25 20 35 11 42 22 59 7 85 75 9 8 17 46 92 54 27 29 24 107 55 79 23 90 77 31 19 106 
0 65 97 96 61 18 74 103 84 33 64 99 10 15 98 108 106 16 91 12 47 26 58 56 102 104 60 105 13 3 95 30 41 88 6 1 38 43 53 71 67 49 28 52 66 80 57 14 34 73 50 72 48 62 87 63 86 21 101 39 100 32 93 5 51 2 69 82 76 78 36 4 89 40 109 68 94 81 83 45 37 44 70 25 20 35 11 42 22 59 7 85 75 9 8 17 46 92 54 27 29 24 107 55 79 23 90 77 31 19 
0 65 97 96 61 18 21 86 63 87 62 48 72 50 73 34 14 57 80 66 52 28 49 67 71 53 43 38 1 6 88 41 30 95 3 13 105 60 104 102 56 58 26 47 12 91 16 106 108 98 15 10 99 64 33 84 103 74 101 39 100 32 5 51 2 69 82 78 36 93 4 89 40 109 68 94 81 83 45 37 44 70 25 20 35 11 42 22 59 7 85 75 9 8 17 46 92 54 27 76 29 24 107 55 79 23 90 77 31 19 
0 65 97 96 61 18 21 86 63 87 62 48 72 50 73 76 34 14 57 80 66 52 28 49 67 71 53 43 38 1 6 88 41 30 95 3 13 105 60 104 102 56 58 26 47 12 91 16 106 108 98 15 10 99 64 33 84 103 74 101 39 100 32 93 5 51 2 69 82 78 36 4 17 8 9 75 85 7 59 22 42 11 35 20 25 70 44 37 45 83 81 94 68 109 40 89 77 46 92 54 27 29 24 107 55 79 23 90 31 19 
0 65 97 96 61 18 21 86 63 87 62 48 72 50 73 76 34 14 57 80 94 52 28 49 67 71 53 43 38 1 6 88 30 95 3 13 105 60 104 102 56 58 26 47 12 91 16 106 108 41 98 15 10 99 64 33 84 103 74 101 39 100 32 93 5 51 2 69 82 78 36 4 89 40 109 68 66 81 83 45 37 44 70 25 20 35 11 42 22 59 7 85 75 9 8 17 46 92 54 27 29 24 107 55 79 23 90 77 31 19 
0 65 97 96 61 18 21 86 63 87 91 16 106 108 98 15 10 99 64 33 84 103 74 101 39 100 32 93 5 51 2 69 82 78 36 4 89 40 109 68 94 81 83 67 49 28 52 66 80 57 14 34 76 73 50 72 48 62 12 47 26 58 56 102 104 60 105 13 3 95 30 41 88 6 1 38 43 53 71 45 37 44 70 25 20 35 11 42 22 59 7 85 75 9 8 17 46 92 54 27 29 24 107 55 79 23 90 77 31 19 
0 65 97 96 61 18 21 86 63 70 62 48 72 50 73 76 34 14 57 80 66 52 28 49 67 71 53 43 38 1 6 88 41 30 95 3 13 105 60 104 102 56 58 26 47 12 91 16 106 108 98 15 10 99 64 33 84 103 74 101 39 100 32 93 5 51 2 69 82 78 36 4 89 40 109 68 94 81 83 45 37 44 87 25 20 35 11 42 22 59 7 85 75 9 8 17 46 92 54 27 29 24 107 55 79 23 90 77 31 19 
0 65 97 96 61 18 21 86 63 87 62 48 72 50 73 76 34 14 57 80 66 52 28 49 67 71 53 43 38 1 6 88 41 30 95 3 13 105 60 104 102 56 58 26 47 12 91 16 44 70 25 20 35 11 42 22 59 7 85 75 39 100 32 93 5 51 2 69 82 78 36 4 89 40 109 68 94 81 83 45 37 106 108 98 15 10 99 64 33 84 103 74 101 9 8 17 46 92 54 27 29 24 107 55 79 23 90 77 31 19 
0 65 97 96 61 18 21 86 63 87 62 48 72 50 73 76 34 14 57 80 66 52 28 49 67 71 53 43 38 1 6 88 41 30 95 3 13 105 60 104 102 56 58 26 64 99 10 15 98 108 106 16 91 12 47 33 84 103 101 39 100 17 8 9 75 85 7 59 22 42 11 35 74 32 93 5 51 2 69 82 78 36 4 89 40 109 68 94 81 83 45 37 44 70 25 20 46 92 54 27 29 24 107 55 79 23 90 77 31 19 
0 65 97 96 61 18 21 86 63 87 62 48 72 50 73 76 34 14 57 80 66 52 28 49 67 71 53 43 38 1 6 88 41 30 95 3 13 105 60 104 102 56 58 26 47 12 91 16 106 108 98 15 10 99 64 11 42 22 59 7 85 100 32 93 5 51 2 69 82 78 36 4 89 40 109 68 94 81 83 45 37 44 70 25 20 35 33 84 103 74 101 39 75 9 8 17 46 92 54 27 29 24 107 55 79 23 90 77 31 19 
0 65 97 96 61 18 21 86 63 87 48 72 50 73 76 34 14 57 80 66 52 28 62 67 71 53 43 38 1 6 88 41 30 95 3 13 105 60 104 102 56 58 26 47 12 91 16 106 108 98 15 10 99 64 33 84 103 74 101 39 100 32 93 5 51 2 69 82 78 36 4 89 40 109 68 94 81 83 45 37 44 70 25 49 20 35 11 42 22 59 7 85 75 9 8 17 46 92 54 27 29 24 107 55 79 23 90 77 31 19 
0 65 97 96 61 18 21 86 63 87 62 48 72 50 73 76 34 14 57 80 66 52 28 49 67 71 53 43 38 6 88 41 30 95 3 13 105 60 104 102 56 58 26 47 12 91 16 106 108 98 15 10 99 64 33 84 103 74 101 39 100 32 93 5 51 2 69 82 78 36 4 89 40 109 68 94 81 83 45 37 44 70 25 20 35 11 42 22 59 7 85 75 9 8 17 46 92 54 27 29 24 107 55 79 23 1 90 77 31 19 
0 65 97 96 61 18 21 86 63 87 62 48 37 50 73 76 34 14 57 80 66 52 28 49 67 71 53 43 38 1 6 88 41 30 95 3 13 105 60 104 102 56 58 26 47 12 91 16 106 108 98 15 10 99 64 33 84 103 74 101 39 100 32 93 51 2 69 82 78 36 4 89 40 109 68 94 81 83 45 72 44 70 25 20 35 11 42 22 59 7 85 75 9 8 17 46 92 54 5 27 29 24 107 55 79 23 90 77 31 19 
0 65 68 94 81 83 45 37 44 70 25 20 35 11 42 22 59 7 85 80 66 52 28 49 67 71 53 43 38 1 6 88 41 30 95 3 13 105 60 104 102 56 58 26 47 12 91 16 106 108 98 15 10 99 64 33 84 103 74 101 39 100 32 93 5 51 2 69 82 78 36 4 89 40 109 97 96 61 18 21 86 63 87 62 48 72 50 73 76 34 14 57 75 9 8 17 46 92 54 27 29 24 107 55 79 23 90 77 31 19 
0 65 97 96 61 18 21 86 63 87 62 48 72 50 73 76 34 14 57 80 66 52 28 49 67 71 53 43 38 1 6 88 41 30 95 3 13 105 60 104 102 56 58 26 47 12 91 16 106 108 25 20 35 11 42 22 59 7 85 75 9 8 17 46 92 54 27 29 24 107 55 79 23 90 109 68 94 81 83 45 37 44 70 98 15 10 99 64 33 84 103 74 101 39 100 32 93 5 51 2 69 82 78 36 4 89 40 77 31 19 
0 65 97 96 61 18 21 86 63 87 62 48 72 50 73 76 34 14 57 80 66 52 28 49 67 71 53 43 38 1 6 88 41 30 95 3 13 105 60 104 102 56 58 26 47 12 91 16 106 108 42 15 10 99 64 33 84 103 74 101 39 100 32 93 5 51 2 69 82 78 36 4 89 40 109 68 94 81 83 45 37 44 70 25 20 35 11 98 22 59 7 85 75 9 8 17 46 92 54 27 29 24 107 55 79 23 90 77 31 19 
0 65 97 96 61 18 21 86 63 87 62 48 72 50 73 76 34 14 57 80 66 52 28 49 67 71 53 43 38 1 6 88 41 30 95 3 13 105 60 104 102 56 58 26 12 91 16 106 108 98 15 10 99 64 33 84 103 74 101 39 100 32 93 5 51 2 69 82 78 36 4 89 40 109 68 94 81 83 45 37 44 70 25 20 35 11 42 22 59 7 85 75 9 8 17 46 92 54 27 29 24 107 55 79 23 47 90 77 31 19 
0 65 97 96 61 89 21 86 63 87 62 48 72 50 73 76 34 14 57 80 66 52 28 49 67 71 53 43 38 1 108 106 16 91 12 47 26 58 56 102 104 60 105 13 3 95 30 41 88 6 98 15 10 99 64 33 84 103 74 101 39 100 32 93 5 51 2 69 82 78 36 4 18 40 109 68 94 81 83 45 37 44 70 25 20 35 11 42 22 59 7 85 75 9 8 17 46 92 54 27 29 24 107 55 79 23 90 77 31 19 
0 65 97 96 61 18 21 86 63 87 62 48 72 50 73 76 34 14 57 80 66 52 28 49 67 71 53 43 38 1 6 88 41 30 95 3 13 105 60 104 102 56 58 26 47 20 25 70 44 37 45 78 83 81 94 68 109 40 89 4 36 82 74 101 39 100 32 93 5 51 2 69 103 84 33 64 99 10 15 98 108 106 16 91 12 35 11 42 22 59 7 85 75 9 8 17 46 92 54 27 29 24 107 55 79 23 90 77 31 19 
0 65 97 96 61 18 21 86 63 87 62 48 72 50 73 76 34 14 57 80 66 52 12 91 16 106 108 98 15 10 99 64 41 30 95 3 13 105 60 104 102 56 58 47 28 49 67 71 53 43 38 1 6 88 33 84 103 74 101 39 100 32 93 5 51 2 69 82 78 36 4 89 40 109 68 94 81 83 45 37 44 70 25 20 35 11 42 26 22 59 7 85 75 9 8 17 46 92 54 27 29 24 107 55 79 23 90 77 31 19 
0 65 97 96 61 18 21 86 63 87 62 48 72 50 73 76 34 14 57 80 66 52 28 49 67 71 53 43 38 1 6 88 41 30 95 3 13 105 60 83 102 56 58 26 47 12 91 16 106 108 98 15 10 99 64 33 84 103 74 101 39 100 32 93 5 51 2 69 82 78 36 4 89 40 109 68 94 81 104 45 37 44 70 25 20 35 11 42 22 59 7 85 75 9 8 17 46 92 54 27 29 24 107 55 79 23 90 77 31 19 
0 65 97 96 61 18 21 86 63 87 62 48 72 50 73 76 34 14 17 8 9 75 85 7 59 22 42 35 20 25 70 44 37 45 83 81 94 68 109 40 89 4 36 78 82 69 2 51 5 93 32 100 39 101 74 103 84 33 64 99 10 15 98 108 106 16 91 12 47 26 58 56 102 104 60 105 13 3 95 30 41 88 6 1 38 43 53 71 67 49 28 52 66 80 57 46 92 54 27 29 24 107 55 11 79 23 90 77 31 19 
0 97 96 61 18 21 86 63 87 62 48 39 50 73 76 34 14 57 80 66 52 28 49 67 71 53 43 38 1 6 88 41 30 95 3 13 105 60 104 102 56 58 26 47 12 91 16 106 108 98 15 10 99 64 33 84 103 74 101 72 100 32 93 5 51 2 69 82 78 36 4 89 40 109 68 94 81 65 83 45 37 44 70 25 20 35 11 42 22 59 7 85 75 9 8 17 46 92 54 27 29 24 107 55 79 23 90 77 31 19 
0 65 97 96 61 18 21 86 63 87 62 48 72 50 73 76 34 14 57 80 66 52 28 49 67 71 53 43 38 1 6 88 41 30 95 3 13 105 60 104 102 56 58 26 47 12 91 16 106 108 98 15 10 99 64 33 84 103 74 101 39 100 32 93 5 51 2 69 82 78 36 4 89 40 109 79 94 81 83 45 37 44 70 25 20 35 11 42 22 59 7 85 75 9 8 17 46 92 54 27 29 24 107 55 68 23 90 77 31 19 
0 65 97 96 61 18 21 86 63 87 62 48 72 50 73 76 34 14 57 80 66 52 28 49 67 71 53 43 38 1 6 88 41 30 95 3 13 105 60 104 102 56 58 26 47 12 91 16 106 108 98 15 10 99 64 33 84 103 74 101 8 100 32 93 5 51 2 69 82 78 36 4 89 40 109 68 94 81 83 45 37 44 70 25 20 35 11 42 22 59 7 85 75 9 39 17 46 92 54 27 29 24 107 55 79 23 90 77 31 19 
0 65 97 96 61 18 21 86 63 87 62 48 72 50 73 76 39 100 32 93 5 51 2 69 82 78 36 4 89 40 109 68 94 81 83 45 37 44 70 25 20 35 11 42 22 59 7 85 75 9 8 17 10 99 64 33 84 103 74 101 34 14 57 80 66 52 28 49 67 71 53 43 38 1 6 88 41 30 95 3 13 105 60 104 102 56 58 26 47 12 91 16 106 108 98 15 46 92 54 27 29 24 107 55 79 23 90 77 31 19 
0 65 97 96 61 18 21 86 63 87 62 48 72 50 73 76 34 14 57 80 66 52 28 49 67 71 53 43 38 1 6 88 41 30 95 3 13 105 60 17 8 9 75 85 7 59 22 42 11 35 20 25 70 44 37 45 83 81 94 68 109 40 89 4 36 78 82 69 2 51 5 93 32 100 39 101 74 103 84 33 99 10 15 98 64 108 106 16 91 12 47 26 58 56 102 104 46 92 54 27 29 24 107 55 79 23 90 77 31 19 
0 65 97 96 61 18 77 90 23 79 55 107 24 29 27 54 92 46 17 8 9 75 85 7 59 22 42 11 35 20 25 70 44 37 45 83 81 94 68 109 88 41 30 95 3 13 105 60 104 102 56 58 26 47 12 91 16 106 108 98 15 10 99 64 33 84 103 74 101 39 100 32 93 5 51 2 69 82 78 36 4 89 40 6 1 38 43 53 71 67 49 28 52 66 80 57 14 34 76 73 50 72 21 86 63 87 62 48 31 19 
0 65 97 96 61 18 21 69 63 87 62 48 72 50 73 76 34 14 57 80 66 52 28 49 67 71 53 43 38 1 6 88 41 30 95 3 13 105 60 104 102 56 58 26 47 12 91 16 106 108 98 15 10 99 64 33 84 103 74 101 39 100 32 93 5 51 2 86 82 78 36 4 89 40 109 68 94 81 83 45 37 44 70 25 20 35 11 42 22 59 7 85 75 9 8 17 46 92 54 27 29 24 107 55 79 23 90 77 31 19 
0 65 97 96 61 18 21 86 28 52 66 80 57 14 34 76 73 50 72 48 62 87 63 49 67 71 53 43 38 1 6 88 41 30 95 3 13 105 60 104 102 56 58 26 47 12 91 32 93 5 98 108 106 16 100 39 101 74 103 84 33 64 99 10 15 51 2 69 82 78 36 4 89 40 109 68 94 81 83 45 37 44 70 25 20 35 11 42 22 59 7 85 75 9 8 17 46 92 54 27 29 24 107 55 79 23 90 77 31 19 
0 65 97 96 61 18 21 86 71 53 43 38 1 6 88 41 30 95 82 69 2 51 5 93 32 100 39 101 74 103 84 33 64 99 10 15 98 108 106 16 91 12 47 26 58 56 102 104 60 105 80 57 14 34 76 73 50 72 48 62 87 63 67 49 28 52 66 13 3 78 36 4 89 40 109 68 94 81 83 45 37 44 70 25 20 35 11 42 22 59 7 85 75 9 8 17 46 92 54 27 29 24 107 55 79 23 90 77 31 19 
0 65 97 96 61 18 21 86 63 58 87 62 48 72 50 73 76 34 14 57 80 66 52 49 28 67 71 53 43 38 1 6 88 41 30 95 3 13 60 104 102 56 26 47 12 91 16 106 105 108 98 15 10 99 64 33 84 103 74 101 39 100 32 59 5 51 2 69 82 78 36 4 89 40 109 68 94 81 83 45 37 44 70 25 20 35 11 42 22 93 7 85 75 9 8 17 46 92 54 27 29 24 107 55 79 23 90 77 31 19 
0 65 97 96 61 18 21 86 63 87 62 48 72 50 73 76 34 14 57 80 66 52 28 49 67 71 53 43 38 1 68 94 81 83 45 37 44 70 25 20 35 11 42 22 59 7 85 75 9 8 17 46 92 54 27 29 24 107 55 101 39 100 32 93 5 51 2 69 82 78 36 4 89 40 109 6 88 41 30 95 3 13 105 60 104 102 56 58 26 47 12 91 16 106 108 98 15 10 99 64 33 84 103 74 79 23 90 77 31 19 
0 65 97 96 61 18 21 86 63 87 62 48 72 50 73 76 34 14 57 80 66 52 28 49 67 71 53 43 38 1 6 88 41 30 95 3 13 105 60 104 102 56 58 26 47 12 91 16 106 108 98 15 10 99 64 33 84 103 74 101 39 100 32 93 5 51 2 69 82 78 4 89 40 109 68 94 17 83 45 36 37 44 70 25 20 35 11 42 22 59 7 85 75 9 8 81 46 92 54 27 29 24 107 55 79 23 90 77 31 19 
0 65 97 96 61 18 21 86 63 87 62 48 72 50 73 76 34 14 57 80 66 52 28 49 67 71 53 43 38 1 6 88 41 30 95 3 13 105 60 104 102 56 58 26 47 12 91 16 106 108 98 15 99 64 33 84 103 74 101 39 100 32 7 5 51 2 69 82 78 36 4 89 40 109 68 94 81 83 45 37 44 70 25 20 35 11 42 22 59 93 85 75 9 8 17 46 92 54 27 10 29 24 107 55 79 23 90 77 31 19 
0 65 97 96 61 18 21 86 63 45 62 48 72 50 73 76 34 14 57 80 66 52 28 49 67 71 53 43 38 1 6 88 41 30 95 3 13 105 60 104 102 56 58 26 47 12 91 16 106 108 98 15 10 99 64 33 84 103 74 101 39 100 32 93 5 51 2 69 82 78 36 4 89 40 109 68 94 81 83 87 37 44 25 20 35 11 42 22 59 7 85 75 9 8 17 46 92 54 27 29 24 107 55 79 23 90 77 70 31 19 
0 65 97 96 61 18 21 86 63 87 48 72 50 73 76 34 14 57 80 66 52 28 49 67 71 53 43 38 1 6 88 41 30 95 3 13 105 60 104 102 56 58 26 47 12 91 16 106 108 98 15 10 99 64 33 27 54 92 46 17 8 9 75 85 7 59 22 42 11 62 35 20 25 70 44 37 45 83 81 94 68 109 40 89 4 36 78 82 69 2 51 5 93 32 100 39 101 74 103 84 29 24 107 55 79 23 90 77 31 19 
0 65 97 96 61 18 21 86 63 12 62 72 50 73 76 34 14 57 80 66 52 28 48 49 67 71 53 43 38 1 6 88 41 30 95 3 13 105 60 104 102 56 58 26 47 87 91 16 106 108 98 15 10 99 64 33 84 103 74 101 39 100 32 93 5 51 2 69 82 78 36 4 89 40 109 68 94 81 83 45 37 44 70 25 20 35 11 42 22 59 7 85 75 9 8 17 46 92 54 27 29 24 107 55 79 23 90 77 31 19 
0 65 97 96 61 18 21 86 63 87 62 48 72 50 73 76 34 14 57 80 66 52 28 49 67 71 53 43 38 1 6 88 41 30 95 3 13 105 60 104 102 56 58 26 47 12 91 16 106 108 98 15 10 99 64 33 84 103 74 101 39 100 32 68 94 81 83 45 37 70 25 20 35 2 51 5 93 79 109 40 89 4 36 78 82 69 11 42 22 59 7 85 75 9 8 17 46 92 54 27 29 24 44 107 55 23 90 77 31 19 
0 65 97 96 61 18 21 40 63 87 62 48 72 50 73 76 34 14 57 80 66 52 28 45 83 81 94 68 109 86 89 4 36 78 82 69 2 51 5 93 32 100 39 101 74 103 84 33 64 99 10 15 98 108 106 16 91 12 47 26 58 56 102 104 60 105 13 3 95 30 41 88 6 1 38 43 53 71 67 49 37 44 70 25 20 35 11 42 22 59 7 85 75 9 8 17 46 92 54 27 29 24 107 55 79 23 90 77 31 19 
0 65 97 96 61 18 21 86 63 87 62 48 72 50 73 76 34 14 57 80 66 52 28 49 67 71 53 43 38 1 6 88 41 30 95 3 13 105 60 104 102 56 58 26 47 12 91 16 85 108 98 15 10 99 64 33 84 103 74 101 39 100 32 93 5 51 2 69 82 78 36 4 89 40 109 68 94 81 83 45 37 44 70 25 20 35 11 42 22 59 7 106 75 9 8 17 46 92 54 27 29 24 107 55 79 23 90 77 31 19 
0 65 97 96 61 18 21 86 63 87 62 48 72 50 73 76 34 14 57 80 66 52 28 49 67 71 53 43 38 1 6 88 41 30 95 3 13 105 60 104 102 56 58 26 47 12 91 16 37 108 98 15 10 99 64 33 5 103 74 101 39 100 32 93 84 51 2 69 82 78 36 4 89 40 109 68 94 81 83 45 106 44 70 25 20 35 11 42 22 59 7 85 75 9 8 17 46 92 54 27 29 24 107 55 79 23 90 77 31 19 
0 65 97 96 61 18 21 86 63 87 62 48 72 50 73 76 34 14 57 80 66 52 28 49 67 71 53 43 38 1 6 88 41 30 95 3 13 105 60 104 102 56 58 26 47 12 91 16 106 79 55 107 24 29 27 54 92 46 17 8 83 81 94 68 109 40 89 4 36 78 82 69 2 37 45 9 75 85 7 59 22 42 11 35 20 25 70 44 51 5 93 32 100 39 101 74 103 84 33 64 99 10 15 98 108 23 90 77 31 19 
0 65 97 96 100 32 93 5 51 2 69 82 78 36 4 89 40 109 68 94 81 83 45 49 67 71 53 43 38 1 6 88 41 30 95 3 13 105 60 104 102 56 58 26 47 12 91 16 106 108 98 15 10 99 64 33 66 80 57 14 34 76 73 50 72 48 62 87 63 86 21 18 61 39 101 74 103 84 52 28 37 44 70 25 20 35 11 42 22 59 7 85 75 9 8 17 46 92 54 27 29 24 107 55 79 23 90 77 31 19 
0 65 97 96 61 18 21 86 63 87 62 48 72 50 73 76 34 14 57 80 66 52 28 49 67 71 53 43 38 1 6 88 41 30 95 3 13 105 60 104 102 56 58 26 37 44 70 25 20 35 11 42 22 59 7 85 75 9 8 17 46 92 54 27 29 24 107 55 79 23 90 4 89 40 109 68 94 81 83 45 47 12 91 16 106 108 98 15 10 99 64 33 84 103 74 101 39 100 32 93 5 51 2 69 82 78 36 77 31 19 
0 65 97 96 61 18 21 9 63 87 62 48 72 50 73 76 34 28 52 66 80 57 14 49 67 71 53 43 86 38 1 6 88 41 30 95 3 13 105 60 104 102 56 58 26 47 12 91 16 106 108 98 15 10 99 64 33 84 103 74 101 39 100 32 93 5 51 2 69 82 78 36 4 89 40 109 68 94 81 83 45 37 44 70 25 20 35 11 42 22 59 7 85 75 8 17 46 92 54 27 29 24 107 55 79 23 90 77 31 19 
0 65 97 96 61 18 21 86 63 87 62 48 72 50 73 76 34 14 57 80 66 52 28 49 67 71 53 43 38 1 6 88 41 30 95 3 13 105 60 104 102 56 58 20 47 12 91 16 106 108 98 15 10 99 64 33 84 103 74 101 39 100 32 93 5 51 2 69 82 78 36 4 89 40 109 68 94 81 83 45 37 44 70 25 26 35 11 42 22 59 7 85 75 9 8 17 46 92 54 27 29 24 107 55 79 23 90 77 31 19 
0 65 97 96 61 18 21 86 63 87 62 48 72 50 73 76 34 14 57 80 66 52 28 49 67 71 53 43 38 1 6 88 41 30 95 3 13 105 60 104 102 56 58 26 47 12 91 16 106 108 98 15 10 99 64 33 84 103 74 101 39 100 32 93 5 51 2 69 82 78 31 4 89 40 109 68 94 81 83 45 37 44 70 25 20 35 11 42 22 59 7 85 75 9 8 17 46 92 54 27 29 24 107 55 79 23 90 77 36 19 
0 65 97 96 61 18 21 86 63 87 62 48 72 50 73 35 20 25 70 44 37 91 12 47 26 58 56 102 104 60 105 13 3 95 30 41 88 6 1 38 43 53 71 67 49 28 52 66 80 57 14 34 76 11 42 22 59 7 85 75 9 8 17 46 5 51 2 69 82 78 36 4 89 40 109 68 94 81 83 45 16 106 108 98 15 10 99 64 33 84 103 74 101 39 100 32 93 92 54 27 29 24 107 55 79 23 90 77 31 19 
0 65 97 96 33 84 103 74 101 39 100 32 93 5 51 2 69 82 78 36 4 89 40 109 68 94 81 83 45 37 44 70 25 20 35 11 42 22 59 7 85 75 9 8 17 46 92 54 27 29 24 107 10 99 64 61 18 21 86 63 87 62 48 72 50 73 76 34 14 57 80 66 52 28 49 67 71 53 43 38 1 6 88 41 30 95 3 13 105 60 104 102 56 58 26 47 12 91 16 106 108 98 15 55 79 23 90 77 31 19 
0 65 97 96 61 18 21 86 63 87 62 48 72 50 73 76 34 14 57 80 66 52 28 49 67 71 53 102 104 60 105 13 3 95 30 41 88 6 1 38 43 56 58 26 47 5 91 16 106 108 98 15 10 99 64 33 84 103 74 101 39 32 93 12 51 2 69 82 78 36 4 89 40 109 68 94 81 83 45 37 44 70 25 100 20 35 11 42 22 59 7 85 75 9 8 17 46 92 54 27 29 24 107 55 79 23 90 77 31 19 
0 65 97 96 61 64 33 84 103 74 101 39 100 32 93 5 51 2 69 82 78 36 4 89 40 109 68 94 81 83 45 37 44 70 25 3 13 105 60 104 102 56 58 26 47 12 91 16 106 108 98 15 10 99 18 21 86 63 87 62 48 72 50 73 76 34 14 57 80 66 52 28 49 67 71 53 43 38 1 6 88 41 30 95 20 35 11 42 22 59 7 85 75 54 92 46 17 8 9 27 29 24 107 55 79 23 90 77 31 19 
0 65 97 96 61 18 21 86 63 87 62 48 72 50 90 23 79 55 107 24 29 27 54 92 46 17 8 9 75 85 7 59 22 42 11 35 20 25 70 44 37 45 83 81 94 68 109 40 89 4 36 78 82 69 2 51 5 93 32 100 39 101 74 103 84 33 64 99 10 15 98 108 106 16 91 12 47 26 58 56 102 104 60 105 13 3 95 30 34 88 6 1 38 43 53 71 67 49 28 52 66 80 57 14 41 76 73 77 31 19 
0 65 97 96 61 18 21 86 63 27 62 48 72 50 73 76 34 14 57 80 66 52 28 49 67 71 53 43 38 1 6 88 41 30 95 3 13 105 60 104 102 56 58 26 47 12 91 16 106 108 98 15 10 99 64 33 84 103 74 101 39 100 32 93 5 51 2 69 82 78 36 4 89 40 109 68 94 81 83 45 37 44 70 25 20 35 11 42 22 59 7 85 75 9 8 17 46 92 54 87 29 24 107 55 79 23 90 77 31 19 
0 65 97 96 61 18 21 86 63 87 62 48 72 50 73 76 34 14 57 37 44 70 25 20 35 11 42 22 59 7 85 75 9 8 17 46 92 54 27 29 24 107 55 79 23 90 77 31 106 108 98 15 10 99 64 33 84 103 74 101 39 100 32 93 5 51 2 69 82 78 36 4 89 40 109 68 94 81 83 45 80 66 52 28 49 67 71 53 43 16 1 6 88 41 30 95 3 13 105 60 104 102 56 58 26 47 12 91 38 19 
0 65 97 96 61 18 21 86 63 87 62 48 72 50 73 76 34 14 57 80 66 52 28 49 67 71 53 43 38 1 6 88 41 30 95 3 13 5 51 2 69 82 78 36 4 89 40 109 68 94 81 83 45 37 70 25 20 103 74 101 39 100 32 93 105 60 104 102 56 58 26 47 12 91 16 106 108 98 15 10 99 64 33 84 35 11 42 22 59 7 85 75 9 8 17 46 92 54 27 29 44 24 107 55 79 23 90 77 31 19 
0 65 97 96 61 18 21 86 63 87 62 52 72 50 73 76 34 14 57 80 66 48 28 49 67 71 53 43 38 15 10 99 64 33 84 103 74 105 60 104 102 56 58 26 47 12 91 16 106 108 98 1 6 88 41 30 95 3 13 101 39 100 32 93 5 51 2 69 82 78 36 4 89 40 109 68 94 81 83 45 37 44 70 25 22 59 7 85 75 9 8 17 46 92 54 27 29 24 107 55 79 23 90 77 31 20 35 11 42 19 
0 65 84 103 74 101 39 100 32 93 5 51 2 69 26 78 36 4 89 40 109 68 94 81 83 45 37 44 70 25 20 35 11 42 22 59 7 85 75 9 8 17 46 92 54 27 29 24 107 55 79 23 90 77 31 19 97 96 61 18 21 86 63 87 62 48 72 50 73 76 34 14 57 80 66 52 28 49 67 71 53 43 38 1 6 88 41 30 95 3 13 105 60 104 102 56 58 82 47 12 91 16 106 108 98 15 10 99 64 33 
0 65 97 96 61 18 21 86 63 87 62 48 72 50 73 76 34 55 57 80 66 52 28 49 67 71 53 43 38 1 6 88 41 30 95 3 13 105 60 104 102 56 58 26 47 12 91 16 106 108 98 15 10 99 64 33 84 103 74 101 39 100 32 93 5 51 2 69 82 78 36 4 89 40 109 68 94 81 83 45 37 44 70 25 20 35 11 42 22 59 7 85 75 9 8 17 46 92 54 27 29 24 107 14 79 23 90 77 31 19 
0 65 97 96 61 18 21 86 63 87 62 48 72 50 73 76 34 14 57 80 66 52 28 49 67 71 53 43 38 1 6 88 41 11 95 3 13 105 60 104 102 56 58 26 47 12 91 16 106 108 98 15 10 99 64 33 84 103 74 101 39 100 32 93 5 51 2 69 82 78 36 4 89 40 109 68 94 81 83 45 37 44 70 25 20 35 30 42 22 59 7 85 75 9 8 17 46 92 54 27 29 24 107 55 79 23 90 77 31 19 
0 65 97 103 74 101 39 100 32 93 5 51 2 69 82 78 36 4 89 40 109 68 94 81 83 45 37 44 70 25 20 35 11 42 22 59 7 29 75 9 8 17 46 92 54 27 85 24 107 55 79 23 90 77 31 19 84 96 61 18 21 86 63 87 62 48 72 50 73 76 34 14 57 80 66 52 28 49 67 71 53 43 38 1 6 88 41 30 95 3 13 105 60 104 102 56 58 26 47 12 91 16 106 108 98 15 10 99 64 33 
0 65 97 96 61 18 21 86 63 87 62 48 72 50 73 76 34 14 57 66 52 28 49 67 71 53 43 38 1 6 88 41 30 95 3 13 105 60 104 102 56 58 26 47 12 91 16 106 108 98 15 10 99 64 19 31 77 90 23 79 55 107 24 29 27 80 54 92 46 17 8 9 75 85 7 59 22 42 11 35 20 25 70 44 37 45 83 81 94 68 109 40 89 4 36 78 82 69 2 51 5 93 32 100 39 101 74 103 84 33 
0 65 97 96 61 18 21 86 63 87 62 48 72 50 76 34 54 57 80 66 52 28 49 67 71 53 43 38 1 73 6 88 41 30 95 3 13 105 60 104 102 56 58 26 47 12 91 16 106 108 98 15 10 99 64 33 84 103 74 101 39 100 32 93 5 51 2 69 82 78 36 4 89 40 109 68 94 81 83 45 37 44 70 25 20 35 11 42 22 59 7 85 75 9 8 17 46 92 14 27 29 24 107 55 79 23 90 77 31 19 
0 65 97 96 61 18 21 86 63 87 62 48 72 50 73 76 34 14 57 80 66 52 28 49 67 71 53 43 38 1 6 88 41 30 95 3 13 105 60 104 102 56 58 26 47 12 91 8 106 108 98 15 10 99 64 33 84 103 74 101 39 100 32 93 5 51 2 69 82 78 36 4 89 40 109 68 94 81 83 45 37 44 70 25 20 35 11 42 22 59 7 85 75 9 16 17 46 92 54 27 29 24 107 55 79 23 90 77 31 19 
0 65 97 96 61 18 21 86 63 87 35 48 72 50 73 76 34 14 57 80 66 52 28 49 67 71 53 43 38 1 6 88 41 30 95 3 13 105 60 104 102 56 58 26 47 12 91 16 106 108 98 15 10 99 64 33 84 103 74 101 39 100 32 93 5 51 2 69 82 36 4 89 40 109 68 94 81 83 45 37 44 70 25 20 62 11 42 22 59 7 85 75 9 8 17 46 92 78 54 27 29 24 107 55 79 23 90 77 31 19 
0 65 97 96 61 18 21 86 63 87 62 48 72 50 73 76 34 14 57 80 66 52 28 49 67 71 53 43 38 1 6 88 41 30 95 3 13 105 60 104 102 56 58 26 47 12 91 16 106 108 98 107 10 99 64 33 84 103 74 101 39 100 32 93 5 51 2 69 82 78 36 4 89 40 109 68 94 81 83 45 37 44 70 25 20 35 11 42 22 59 7 15 85 75 9 8 17 46 92 54 27 29 24 55 79 23 90 77 31 19 
0 65 97 44 37 45 83 81 94 68 109 40 89 4 36 78 82 69 2 51 5 93 32 100 39 101 74 103 84 33 64 99 10 15 98 108 106 16 91 12 42 26 58 56 102 104 60 105 13 3 95 30 41 88 6 1 38 43 53 71 67 49 28 52 66 80 57 14 34 76 73 50 72 48 62 87 63 86 21 18 61 96 70 25 20 35 11 47 22 59 7 85 75 9 8 17 46 92 54 27 29 24 107 55 79 23 90 77 31 19 
0 65 97 96 61 18 21 86 63 87 62 48 72 50 73 76 34 14 57 80 66 52 28 49 67 71 53 43 38 1 6 88 41 30 95 3 13 105 60 104 102 56 58 26 47 12 91 16 108 20 106 15 10 99 64 33 84 103 74 101 39 100 32 93 5 51 2 69 82 78 36 4 89 40 109 8 9 75 85 7 68 94 81 83 45 37 44 70 25 98 35 11 42 22 59 17 46 92 54 27 29 24 107 55 79 23 90 77 31 19 
0 65 97 96 61 18 21 86 63 87 62 48 72 50 73 76 34 14 57 80 66 52 28 49 67 71 53 43 38 1 6 88 41 30 95 3 13 105 60 104 102 56 58 26 47 12 69 82 78 36 4 89 40 109 68 94 81 83 45 37 44 70 100 20 35 11 42 22 59 7 85 75 9 8 17 46 92 54 27 29 24 107 55 79 23 90 77 33 84 103 74 101 39 25 32 93 5 51 2 91 16 106 108 98 15 10 99 64 31 19 
0 65 58 96 61 18 21 86 63 97 87 62 48 72 50 73 76 34 14 57 80 66 52 28 49 67 71 53 2 38 1 6 88 41 30 95 3 13 105 60 104 102 56 26 47 12 91 16 106 108 98 15 10 99 64 33 84 103 74 101 39 100 32 93 5 51 43 69 82 78 36 4 89 40 109 68 94 81 83 45 37 44 70 25 20 35 11 42 22 59 7 85 75 9 8 17 46 92 54 27 29 24 107 55 79 23 90 77 31 19 
0 65 97 96 61 18 21 86 63 87 62 48 72 50 73 76 34 14 22 80 66 52 92 46 17 8 9 75 85 7 59 57 42 11 35 20 25 70 44 37 45 83 81 94 68 109 40 89 4 36 78 82 69 2 51 5 93 32 100 39 101 74 103 84 33 64 99 10 15 98 108 106 16 91 12 47 26 58 56 102 104 60 105 13 3 95 30 41 88 6 1 38 43 53 71 67 49 28 54 27 29 24 107 55 79 23 90 77 31 19 
0 65 97 96 61 18 21 86 63 87 62 48 72 50 73 76 34 14 57 80 66 52 28 49 67 71 53 43 38 1 6 88 41 30 95 3 13 105 60 104 68 94 81 83 45 37 44 70 25 20 35 2 51 5 93 32 100 39 101 74 103 79 33 102 56 58 26 47 15 91 16 106 108 98 12 10 99 64 84 69 82 78 36 4 89 40 109 11 42 22 59 7 85 75 9 8 17 46 92 54 27 29 24 107 55 23 90 77 31 19 
0 65 97 96 61 18 21 86 63 87 62 48 72 50 73 76 34 14 57 80 66 52 28 49 67 71 53 43 38 1 6 88 41 30 95 3 13 105 60 104 102 56 58 26 75 12 91 16 106 108 98 15 10 99 64 33 84 103 74 101 39 100 32 93 5 51 2 69 82 78 36 4 89 40 109 68 94 81 83 45 37 44 70 25 20 35 11 42 22 59 7 85 47 9 8 17 46 92 27 54 29 24 107 55 79 23 90 77 31 19 
0 65 97 96 61 18 21 86 101 87 62 48 72 50 73 76 34 14 57 80 66 52 28 49 67 71 53 43 38 1 6 88 41 30 95 3 13 105 60 104 102 56 58 26 47 12 91 16 106 108 98 15 10 99 64 33 84 103 74 63 39 100 32 93 5 51 2 69 82 78 36 4 89 40 109 68 94 81 83 45 37 44 70 25 35 11 42 22 59 7 85 75 9 8 17 46 92 54 27 20 29 24 107 55 79 23 90 77 31 19 
0 65 97 96 61 18 21 86 63 87 62 48 72 50 73 76 34 14 57 80 66 52 28 49 67 71 53 43 9 38 1 6 88 23 79 55 107 24 29 27 54 92 46 17 8 75 85 7 59 22 42 11 35 20 25 70 44 37 45 83 81 94 68 109 40 89 4 36 78 82 69 2 51 5 93 32 100 39 101 74 103 84 33 64 99 10 15 98 108 106 16 91 12 47 26 58 56 102 104 60 105 13 3 95 30 41 90 77 31 19 
0 65 97 96 61 18 29 27 54 92 46 17 37 44 70 25 20 35 11 42 22 59 7 85 75 9 8 45 83 81 94 68 109 40 89 4 36 78 82 69 2 51 5 93 32 100 39 101 58 103 84 33 64 99 10 15 98 108 106 16 91 12 47 26 74 56 102 104 60 105 13 3 95 30 41 88 6 1 38 43 53 71 67 49 28 52 66 80 57 14 34 76 73 50 72 48 62 87 63 86 21 24 107 55 79 23 90 77 31 19 
0 65 96 61 18 21 86 63 87 62 48 72 58 73 76 34 14 57 80 66 52 28 49 67 71 53 43 38 1 6 88 41 30 95 3 13 105 60 104 102 74 50 26 47 97 12 91 16 106 108 98 15 10 99 64 33 84 103 56 101 39 100 32 93 5 51 2 69 82 78 36 4 89 40 109 68 94 81 83 45 37 44 70 25 20 35 11 42 22 59 7 85 75 9 8 17 46 92 54 27 29 24 107 55 79 23 90 77 31 19 
0 65 84 103 74 101 39 100 32 93 5 51 2 69 82 78 36 4 89 40 109 68 94 81 83 45 37 44 70 25 20 35 11 42 22 59 7 85 75 9 8 17 46 92 54 27 29 24 107 55 79 23 90 77 31 19 97 96 61 18 33 21 86 63 87 62 48 72 50 73 76 34 14 57 80 66 52 28 49 67 71 53 43 38 47 12 91 16 106 108 98 15 10 99 104 102 56 58 26 1 6 88 41 30 95 3 13 105 60 64 
0 65 97 96 61 18 21 86 63 87 62 48 72 50 73 76 34 57 80 66 52 28 49 67 71 53 43 38 1 6 88 41 30 95 3 13 105 60 104 102 14 56 58 26 47 12 91 16 106 108 98 92 10 99 64 33 84 103 74 101 39 100 32 93 5 51 2 69 82 78 36 4 89 40 109 68 94 81 83 45 37 44 70 25 20 35 11 42 22 59 7 85 75 9 8 17 46 15 54 27 29 24 107 55 79 23 90 77 31 19 
0 65 97 96 61 18 21 86 63 87 62 48 72 50 73 76 34 14 57 80 66 52 28 49 67 71 53 43 90 1 6 88 41 30 95 3 13 105 60 104 102 56 58 26 47 12 91 16 106 108 98 15 10 99 64 33 84 103 74 101 39 100 32 93 5 51 2 69 82 78 36 4 89 40 109 68 94 81 83 45 37 44 70 25 20 35 11 42 22 59 7 85 75 9 8 17 46 92 54 27 29 24 107 55 79 23 38 77 31 19 
0 65 97 96 61 18 21 86 63 87 62 48 72 50 73 76 34 14 57 80 66 52 28 49 67 71 53 43 38 1 6 88 41 30 95 3 13 105 39 47 26 58 56 102 104 12 91 16 106 108 98 15 10 99 64 33 84 103 74 101 60 100 32 93 5 51 69 82 78 36 4 89 40 109 68 94 81 83 45 107 2 24 29 27 54 92 46 17 8 9 75 85 7 59 22 42 11 35 20 25 70 44 37 55 79 23 90 77 31 19 
0 65 97 96 61 18 21 86 63 87 62 48 72 17 73 76 34 14 57 80 66 52 28 49 67 71 53 43 38 1 6 88 41 84 33 64 99 10 15 98 108 106 16 91 12 47 26 58 56 102 104 60 105 13 3 95 30 103 74 101 39 100 32 93 5 51 2 69 82 78 36 4 89 40 109 68 94 81 83 45 37 44 70 25 20 35 11 42 22 59 7 85 75 9 8 50 46 92 54 27 29 24 107 55 79 23 90 77 31 19 
0 65 97 33 84 103 74 101 39 100 32 93 51 2 69 82 78 36 4 89 40 109 68 94 81 83 45 37 44 5 70 49 28 52 66 80 57 14 34 76 73 50 72 48 62 87 63 86 21 18 61 96 64 99 10 15 107 24 29 27 54 92 46 17 8 9 75 85 7 59 22 42 11 35 20 25 67 71 53 43 38 1 6 88 41 30 95 3 13 105 60 104 102 56 58 26 47 12 91 16 106 108 98 55 79 23 90 77 31 19 
0 65 97 96 74 101 39 100 32 93 5 51 2 69 82 78 36 4 89 40 1 68 43 94 81 83 45 37 44 70 25 20 35 11 42 22 59 7 85 75 9 8 17 46 92 54 27 29 24 107 55 79 23 90 77 31 19 61 18 21 86 63 87 62 48 72 50 73 76 34 14 57 80 66 52 28 49 67 71 53 38 109 6 88 41 30 95 3 13 105 60 104 102 56 58 26 47 12 91 16 106 108 98 15 10 99 64 33 84 103 
0 65 97 96 61 18 21 86 63 87 62 48 72 50 73 76 34 14 57 80 75 52 28 49 67 71 53 43 38 1 6 88 41 30 95 3 13 105 60 104 102 56 58 26 47 12 91 16 106 108 98 15 10 99 64 33 84 103 74 101 39 100 32 93 5 51 2 69 82 78 36 4 89 40 109 68 94 81 83 45 37 44 70 25 20 35 11 42 22 59 7 79 23 90 77 31 46 92 54 27 29 24 107 55 85 66 9 8 17 19 
0 65 97 96 61 18 21 86 63 87 62 48 72 50 73 76 34 14 57 80 66 52 28 49 67 71 53 43 38 1 6 88 41 30 54 3 13 105 60 104 102 56 58 26 47 12 91 16 106 108 98 15 10 99 64 33 84 103 74 101 39 100 32 93 5 51 2 69 82 78 36 4 89 40 109 68 94 81 83 45 37 44 70 25 20 35 11 42 22 59 7 85 75 9 8 17 46 92 95 27 29 24 107 55 79 23 90 77 31 19 
0 65 97 96 61 18 21 86 63 87 62 48 72 50 73 76 34 14 57 80 66 52 28 49 67 71 53 43 38 1 6 88 79 30 95 3 13 105 60 104 102 56 58 26 47 12 91 16 106 108 98 15 10 99 64 33 84 103 74 101 39 100 32 93 5 51 2 69 82 78 36 4 89 40 109 68 94 81 83 45 37 44 70 25 20 35 11 42 22 59 7 85 75 9 8 17 46 92 54 27 29 24 107 55 41 23 77 31 90 19 
0 65 97 96 61 18 21 86 63 87 62 48 72 50 73 76 34 14 57 80 66 52 28 49 67 71 53 43 38 1 6 88 41 30 95 3 13 105 60 104 102 56 58 26 47 12 24 16 106 108 98 15 10 99 64 33 84 103 74 101 39 100 32 93 5 51 2 69 82 78 36 81 89 40 109 68 94 4 83 45 37 44 70 25 20 35 11 42 22 59 7 85 75 9 8 17 46 92 54 27 29 91 107 55 79 23 90 77 31 19 
0 65 97 96 61 18 21 86 63 39 100 32 93 5 51 2 69 82 78 36 4 89 40 109 68 94 81 83 37 45 44 70 25 20 35 11 42 22 59 7 85 75 9 8 17 46 92 54 27 29 24 107 55 30 64 33 84 103 74 101 87 62 48 72 50 73 76 34 14 57 80 66 52 28 49 67 71 53 43 38 99 10 15 98 108 106 16 91 12 47 26 58 56 102 104 60 105 13 3 95 1 6 88 41 79 23 90 77 31 19 
0 65 97 96 61 18 21 86 63 87 62 48 72 50 73 76 34 14 57 80 66 52 28 49 92 71 53 43 38 1 6 88 41 30 95 3 13 105 60 104 102 56 58 26 47 12 91 16 106 108 98 15 10 99 64 33 84 103 74 101 39 100 32 7 5 51 2 69 82 78 36 4 89 40 109 68 94 81 83 45 37 44 70 25 20 35 11 42 22 59 93 85 75 9 8 17 46 67 54 27 29 24 107 55 79 23 90 77 31 19 
0 65 97 96 3 13 105 60 104 102 56 58 26 47 12 91 16 106 22 59 7 85 75 9 8 17 46 43 38 1 6 88 41 89 40 109 68 94 81 83 45 37 44 70 25 20 35 11 42 108 98 15 10 99 64 33 84 103 74 101 39 100 32 93 5 51 2 69 82 78 36 4 30 95 61 18 21 86 63 87 62 48 72 50 73 76 34 14 57 80 66 52 28 49 67 71 53 92 54 27 29 24 107 55 79 23 90 77 31 19 
0 65 97 96 61 18 21 86 63 87 62 48 72 50 73 76 34 14 57 80 36 4 89 40 109 32 93 5 51 2 69 82 78 68 94 81 83 45 37 44 70 25 20 35 11 42 22 59 7 85 75 9 8 17 92 54 27 29 24 107 55 79 23 90 98 15 10 99 64 33 84 103 74 101 39 100 66 52 28 49 67 71 53 43 38 1 6 88 41 46 30 95 3 13 105 60 104 102 56 58 26 47 12 91 16 106 108 77 31 19 
0 65 97 96 61 18 21 86 63 87 62 48 72 50 73 76 34 14 57 80 66 52 28 49 67 71 53 43 38 1 102 88 41 30 95 3 13 105 60 104 68 94 81 83 45 37 44 70 25 20 35 2 51 5 93 32 100 39 101 74 103 79 33 64 99 10 15 98 108 106 16 91 12 47 26 58 56 6 109 40 89 4 36 78 82 69 11 42 22 59 7 85 75 9 8 17 46 92 54 27 29 24 107 55 84 23 90 77 31 19 
0 65 97 96 61 18 21 86 63 87 62 48 72 50 73 76 34 14 57 80 66 52 28 49 67 71 53 43 38 1 74 88 41 30 95 3 13 105 60 104 102 56 58 26 42 12 91 16 106 108 98 15 10 99 64 33 84 103 6 101 39 100 32 93 5 51 2 69 82 78 36 4 89 40 109 68 94 81 83 45 37 44 70 25 20 35 11 47 22 59 7 85 75 9 8 17 46 92 54 27 55 29 24 107 23 90 77 79 31 19 
0 65 97 96 61 18 21 86 63 87 62 48 72 50 2 69 82 78 36 4 89 40 109 68 94 81 83 45 37 44 70 25 20 35 11 42 22 59 91 85 75 9 8 17 46 92 54 27 106 108 98 15 10 99 64 33 84 103 74 101 39 100 32 93 5 51 73 76 34 14 57 80 66 52 28 49 67 71 53 43 38 1 6 88 41 30 95 3 13 105 60 104 102 56 58 26 47 12 7 16 29 24 107 55 79 23 90 77 31 19 
0 65 97 96 61 18 21 86 63 87 62 72 50 73 76 34 14 57 80 66 52 28 49 67 71 53 43 38 1 6 88 41 30 4 89 40 109 68 94 81 83 45 37 44 70 25 20 35 11 42 22 59 7 85 75 9 8 17 46 92 54 27 29 24 107 55 79 23 90 77 31 95 3 13 105 2 104 102 56 58 26 47 12 91 16 106 108 98 15 10 99 64 33 84 103 74 48 101 39 100 32 93 5 51 60 69 82 78 36 19 
0 65 97 96 61 18 21 86 63 87 48 72 50 73 76 34 14 57 80 66 52 28 49 67 71 53 43 38 1 6 88 41 30 95 3 98 105 60 104 102 56 58 26 47 12 91 16 106 108 62 99 10 15 13 64 33 84 17 74 101 39 100 32 93 5 51 2 69 82 78 36 4 89 40 109 68 94 81 83 45 37 44 70 25 20 35 11 42 22 59 7 85 75 9 8 103 46 92 54 27 29 24 107 55 79 23 90 77 31 19 
0 65 97 59 61 18 21 86 63 87 62 48 72 50 73 76 34 14 57 80 66 52 28 49 67 71 53 43 38 1 6 88 41 30 95 3 13 105 60 104 102 56 58 26 47 81 83 45 37 44 70 25 20 35 11 42 22 96 55 74 103 84 33 64 99 10 15 98 108 106 16 91 12 17 8 9 75 85 101 39 32 93 5 51 2 69 82 78 36 4 89 40 109 100 94 68 7 46 92 54 27 29 24 107 79 23 90 77 31 19 
0 65 97 96 18 21 86 63 87 62 48 72 50 73 76 34 14 57 80 66 52 28 49 98 71 53 43 8 67 1 6 88 41 30 95 3 13 105 60 104 84 33 64 99 15 108 106 16 61 10 91 12 47 26 58 56 102 103 74 101 39 100 32 93 5 51 2 69 82 78 36 4 89 40 109 68 94 81 83 45 37 44 70 25 20 35 11 42 22 59 7 85 75 9 38 17 46 92 54 27 29 24 107 55 79 23 90 77 31 19 
0 97 96 61 18 21 86 63 87 62 48 72 50 73 76 34 14 57 93 84 51 2 69 82 78 36 4 89 40 109 68 94 81 83 45 37 44 9 25 20 35 11 42 22 59 7 85 75 70 8 17 46 92 54 27 29 24 107 55 79 39 100 32 80 66 52 28 49 67 71 53 43 38 1 6 88 41 30 95 3 13 105 60 104 102 56 58 26 47 65 12 91 16 106 108 98 15 10 99 64 33 5 103 74 101 23 90 77 31 19 
0 65 97 96 61 18 21 86 63 87 62 48 31 50 73 76 34 14 57 80 66 52 28 49 67 71 53 43 38 1 6 88 41 30 95 3 13 105 60 104 102 56 58 26 47 12 91 16 106 108 98 15 10 99 64 107 84 103 74 101 39 100 32 93 5 51 2 69 82 78 36 4 89 40 109 68 94 81 83 45 37 44 70 25 20 35 11 42 22 59 7 85 75 9 8 17 46 33 92 54 27 29 24 55 79 23 90 77 72 19 
0 65 97 96 61 32 93 5 51 2 69 82 78 36 4 89 40 109 68 94 81 83 45 37 44 18 21 86 63 87 62 48 72 50 73 76 34 14 57 80 70 25 20 35 11 42 22 59 7 100 39 101 74 103 84 33 64 99 10 15 98 108 106 16 91 27 29 24 107 67 71 53 43 38 1 6 88 41 30 95 3 13 105 60 104 102 56 58 26 47 12 85 75 9 8 17 46 92 54 66 52 28 49 55 79 23 90 77 31 19 
0 65 97 96 61 18 21 86 63 87 48 72 50 73 76 34 14 57 80 66 52 28 62 67 71 1 43 38 53 49 6 88 41 30 95 3 13 105 60 104 102 56 58 26 47 12 91 16 106 108 93 15 10 99 64 33 84 103 74 101 39 100 32 98 5 51 69 82 78 36 4 92 46 2 17 8 9 75 85 7 59 22 42 25 11 35 40 70 44 37 45 83 81 94 68 109 20 89 54 27 29 24 107 55 79 23 90 77 31 19 
0 65 97 96 61 18 21 86 63 87 62 48 72 50 73 76 34 14 57 80 94 59 22 42 11 35 20 25 70 44 37 45 83 81 75 68 109 40 89 4 36 78 82 69 2 51 5 93 32 100 39 101 74 103 84 33 90 99 10 15 98 108 106 16 91 12 47 26 58 56 102 104 60 105 13 3 95 30 41 88 6 1 38 43 53 71 67 49 28 52 85 66 9 8 17 46 92 54 7 27 29 24 107 64 55 79 23 77 31 19 
0 65 97 96 61 18 21 86 63 87 62 48 72 50 73 76 81 14 57 80 66 52 28 49 67 53 43 38 1 6 88 41 30 95 3 13 105 60 104 102 56 58 26 47 12 91 16 106 108 98 15 10 74 71 103 84 33 64 99 101 39 37 32 93 34 83 45 44 70 25 20 35 11 42 22 59 55 85 75 9 8 17 46 92 54 27 29 100 5 51 2 69 82 78 36 24 107 7 23 40 4 89 90 109 68 94 79 77 31 19 
0 65 97 96 61 18 21 86 63 87 62 48 72 50 73 76 34 55 57 80 66 52 28 49 67 71 53 43 38 1 6 88 41 30 95 3 24 105 60 104 102 56 58 26 47 12 91 16 106 108 98 15 10 99 64 33 84 103 74 101 39 100 32 93 5 51 2 69 82 78 36 4 89 40 68 94 81 83 45 37 44 70 25 20 35 11 42 22 59 7 85 75 109 9 8 17 46 92 54 27 29 13 107 14 79 23 90 77 31 19 
