0 19 31 77 90 23 79 55 107 24 29 27 54 92 46 17 8 9 75 85 7 35 20 11 59 22 42 25 70 44 37 45 83 109 68 94 81 93 5 32 51 2 69 82 36 78 33 14 57 80 66 52 106 108 64 84 103 100 39 101 74 99 10 15 98 16 91 12 47 26 58 56 102 104 60 105 13 3 95 30 41 88 6 1 38 67 49 28 71 43 53 50 72 73 76 34 4 89 40 48 62 87 63 86 21 18 61 96 97 65 
0 19 31 77 90 23 79 55 107 24 29 27 54 92 46 17 8 9 75 85 7 35 20 11 59 22 42 25 70 44 37 45 83 109 68 94 81 93 5 32 51 2 69 82 36 78 33 14 57 80 66 52 106 108 64 84 103 100 39 101 74 99 10 15 98 16 91 12 47 26 58 56 102 104 60 105 13 3 95 30 41 88 6 1 38 67 49 28 71 43 53 50 72 73 76 34 4 89 40 48 62 87 63 86 21 18 61 96 97 65 
0 19 31 77 90 23 79 55 107 24 29 27 54 92 46 17 8 9 75 85 7 35 20 11 59 22 42 25 70 44 37 45 83 109 68 94 81 93 5 32 51 2 69 82 36 78 33 14 57 80 66 52 106 108 64 84 103 100 39 101 74 99 10 15 98 16 91 12 47 26 58 56 102 104 60 105 13 3 95 30 41 88 6 1 38 67 49 28 71 43 53 50 72 73 76 34 4 89 40 48 62 87 63 86 21 18 61 96 97 65 
0 19 31 77 90 23 79 55 107 24 29 27 54 92 46 17 8 9 75 85 7 35 20 11 59 22 42 25 70 44 37 45 83 109 68 94 81 93 5 32 51 2 69 82 36 78 33 14 57 80 66 52 106 108 64 84 103 100 39 101 74 99 10 15 98 16 91 12 47 26 58 56 102 104 60 105 13 3 95 30 41 88 6 1 38 67 49 28 71 43 53 50 72 73 76 34 4 89 40 48 62 87 63 86 21 18 61 96 97 65 
0 19 31 77 90 23 79 55 107 24 29 27 54 92 46 17 8 9 75 85 7 35 20 11 59 22 42 25 70 44 37 45 83 109 68 94 81 93 5 32 51 2 69 82 36 78 33 14 57 80 66 52 106 108 64 84 103 100 39 101 74 99 10 15 98 16 91 12 47 26 58 56 102 104 60 105 13 3 95 30 41 88 6 1 38 67 49 28 71 43 53 50 72 73 76 34 4 89 40 48 62 87 63 86 21 18 61 96 97 65 
0 19 31 77 90 23 79 55 107 24 29 27 54 92 46 17 8 9 75 85 7 35 20 11 59 22 42 25 70 44 37 45 83 109 68 94 81 93 5 32 51 2 69 82 36 78 33 14 57 80 66 52 106 108 64 84 103 100 39 101 74 99 10 15 98 16 91 12 47 26 58 56 102 104 60 105 13 3 95 30 41 88 6 1 38 67 49 28 71 43 53 50 72 73 76 34 4 89 40 48 62 87 63 86 21 18 61 96 97 65 
0 19 31 77 90 23 79 55 107 24 29 27 54 92 46 17 8 9 75 85 7 35 20 11 59 22 42 25 70 44 37 45 83 109 68 94 81 93 5 32 51 2 69 82 36 78 33 14 57 80 66 52 106 108 64 84 103 100 39 101 74 99 10 15 98 16 91 12 47 26 58 56 102 104 60 105 13 3 95 30 41 88 6 1 38 67 49 28 71 43 53 50 72 73 76 34 4 89 40 48 62 87 63 86 21 18 61 96 97 65 
0 19 31 77 90 23 79 55 107 24 29 27 54 92 46 17 8 9 75 85 7 35 20 11 59 22 42 25 70 44 37 45 83 109 68 94 81 93 5 32 51 2 69 82 36 78 33 14 57 80 66 52 106 108 64 84 103 100 39 101 74 99 10 15 98 16 91 12 47 26 58 56 102 104 60 105 13 3 95 30 41 88 6 1 38 67 49 28 71 43 53 50 72 73 76 34 4 89 40 48 62 87 63 86 21 18 61 96 97 65 
0 19 31 77 90 23 79 55 107 24 29 27 54 92 46 17 8 9 75 85 7 35 20 11 59 22 42 25 70 44 37 45 83 109 68 94 81 93 5 32 51 2 69 82 36 78 33 14 57 80 66 52 106 108 64 84 103 100 39 101 74 99 10 15 98 16 91 12 47 26 58 56 102 104 60 105 13 3 95 30 41 88 6 1 38 67 49 28 71 43 53 50 72 73 76 34 4 89 40 48 62 87 63 86 21 18 61 96 97 65 
0 19 31 77 90 23 79 55 107 24 29 27 54 92 46 17 8 9 75 85 7 35 20 11 59 22 42 25 70 44 37 45 83 109 68 94 81 93 5 32 51 2 69 82 36 78 33 14 57 80 66 52 106 108 64 84 103 100 39 101 74 99 10 15 98 16 91 12 47 26 58 56 102 104 60 105 13 3 95 30 41 88 6 1 38 67 49 28 71 43 53 50 72 73 76 34 4 89 40 48 62 87 63 86 21 18 61 96 97 65 
0 19 31 77 90 23 79 55 107 24 29 27 54 92 46 17 8 9 75 85 7 35 20 11 59 22 42 25 70 44 37 45 83 109 68 94 81 93 5 32 51 2 69 82 36 78 33 14 57 80 66 52 106 108 64 84 103 100 39 101 74 99 10 15 98 16 91 12 47 26 58 56 102 104 60 105 13 3 95 30 41 88 6 1 38 67 49 28 71 43 53 50 72 73 76 34 4 89 40 48 62 87 63 86 21 18 61 96 97 65 
0 19 31 77 90 23 79 55 107 24 29 27 54 92 46 17 8 9 75 85 7 35 20 11 59 22 42 25 70 44 37 45 83 109 68 94 81 93 5 32 51 2 69 82 36 78 33 14 57 80 66 52 106 108 64 84 103 100 39 101 74 99 10 15 98 16 91 12 47 26 58 56 102 104 60 105 13 3 95 30 41 88 6 1 38 67 49 28 71 43 53 50 72 73 76 34 4 89 40 48 62 87 63 86 21 18 61 96 97 65 
0 19 31 77 90 23 79 55 107 24 29 27 54 92 46 17 8 9 75 85 7 35 20 11 59 22 42 25 70 44 37 45 83 109 68 94 81 93 5 32 51 2 69 82 36 78 33 14 57 80 66 52 106 108 64 84 103 100 39 101 74 99 10 15 98 16 91 12 47 26 58 56 102 104 60 105 13 3 95 30 41 88 6 1 38 67 49 28 71 43 53 50 72 73 76 34 4 89 40 48 62 87 63 86 21 18 61 96 97 65 
0 19 31 77 90 23 79 55 107 24 29 27 54 92 46 17 8 9 75 85 7 35 20 11 59 22 42 25 70 44 37 45 83 109 68 94 81 93 5 32 51 2 69 82 36 78 33 14 57 80 66 52 106 108 64 84 103 100 39 101 74 99 10 15 98 16 91 12 47 26 58 56 102 104 60 105 13 3 95 30 41 88 6 1 38 67 49 28 71 43 53 50 72 73 76 34 4 89 40 48 62 87 63 86 21 18 61 96 97 65 
0 19 31 77 90 23 79 55 107 24 29 27 54 92 46 17 8 9 75 85 7 35 20 11 59 22 42 25 70 44 37 45 83 109 68 94 81 93 5 32 51 2 69 82 36 78 33 14 57 80 66 52 106 108 64 84 103 100 39 101 74 99 10 15 98 16 91 12 47 26 58 56 102 104 60 105 13 3 95 30 41 88 6 1 38 67 49 28 71 43 53 50 72 73 76 34 4 89 40 48 62 87 63 86 21 18 61 96 97 65 
0 19 31 77 90 23 79 55 107 24 29 27 54 92 46 17 8 9 75 85 7 35 20 11 59 22 42 25 70 44 37 45 83 109 68 94 81 93 5 32 51 2 69 82 36 78 33 14 57 80 66 52 106 108 64 84 103 100 39 101 74 99 10 15 98 16 91 12 47 26 58 56 102 104 60 105 13 3 95 30 41 88 6 1 38 67 49 28 71 43 53 50 72 73 76 34 4 89 40 48 62 87 63 86 21 18 61 96 97 65 
0 19 31 77 90 23 79 55 107 24 29 27 54 92 46 17 8 9 75 85 7 35 20 11 59 22 42 25 70 44 37 45 83 109 68 94 81 93 5 32 51 2 69 82 36 78 33 14 57 80 66 52 106 108 64 84 103 100 39 101 74 99 10 15 98 16 91 12 47 26 58 56 102 104 60 105 13 3 95 30 41 88 6 1 38 67 49 28 71 43 53 50 72 73 76 34 4 89 40 48 62 87 63 86 21 18 61 96 97 65 
0 19 31 77 90 23 79 55 107 24 29 27 54 92 46 17 8 9 75 85 7 35 20 11 59 22 42 25 70 44 37 45 83 109 68 94 81 93 5 32 51 2 69 82 36 78 33 14 57 80 66 52 106 108 64 84 103 100 39 101 74 99 10 15 98 16 91 12 47 26 58 56 102 104 60 105 13 3 95 30 41 88 6 1 38 67 49 28 71 43 53 50 72 73 76 34 4 89 40 48 62 87 63 86 21 18 61 96 97 65 
0 19 31 77 90 23 79 55 107 24 29 27 54 92 46 17 8 9 75 85 7 35 20 11 59 22 42 25 70 44 37 45 83 109 68 94 81 93 5 32 51 2 69 82 36 78 33 14 57 80 66 52 106 108 64 84 103 100 39 101 74 99 10 15 98 16 91 12 47 26 58 56 102 104 60 105 13 3 95 30 41 88 6 1 38 67 49 28 71 43 53 50 72 73 76 34 4 89 40 48 62 87 63 86 21 18 61 96 97 65 
0 19 31 77 90 23 79 55 107 24 29 27 54 92 46 17 8 9 75 85 7 35 20 11 59 22 42 25 70 44 37 45 83 109 68 94 81 93 5 32 51 2 69 82 36 78 33 14 57 80 66 52 106 108 64 84 103 100 39 101 74 99 10 15 98 16 91 12 47 26 58 56 102 104 60 105 13 3 95 30 41 88 6 1 38 67 49 28 71 43 53 50 72 73 76 34 4 89 40 48 62 87 63 86 21 18 61 96 97 65 
0 19 31 77 90 23 79 55 107 24 29 27 54 92 46 17 8 9 75 85 7 35 20 11 59 22 42 25 70 44 37 45 83 109 68 94 81 93 5 32 51 2 69 82 36 78 33 14 57 80 66 52 106 108 64 84 103 100 39 101 74 99 10 15 98 16 91 12 47 26 58 56 102 104 60 105 13 3 95 30 41 88 6 1 38 67 49 28 71 43 53 50 72 73 76 34 4 89 40 48 62 87 63 86 21 18 61 96 97 65 
0 19 31 77 90 23 79 55 107 24 29 27 54 92 46 17 8 9 75 85 7 35 20 11 59 22 42 25 70 44 37 45 83 109 68 94 81 93 5 32 51 2 69 82 36 78 33 14 57 80 66 52 106 108 64 84 103 100 39 101 74 99 10 15 98 16 91 12 47 26 58 56 102 104 60 105 13 3 95 30 41 88 6 1 38 67 49 28 71 43 53 50 72 73 76 34 4 89 40 48 62 87 63 86 21 18 61 96 97 65 
0 19 31 77 90 23 79 55 107 24 29 27 54 92 46 17 8 9 75 85 7 35 20 11 59 22 42 25 70 44 37 45 83 109 68 94 81 93 5 32 51 2 69 82 36 78 33 14 57 80 66 52 106 108 64 84 103 100 39 101 74 99 10 15 98 16 91 12 47 26 58 56 102 104 60 105 13 3 95 30 41 88 6 1 38 67 49 28 71 43 53 50 72 73 76 34 4 89 40 48 62 87 63 86 21 18 61 96 97 65 
0 19 31 77 90 23 79 55 107 24 29 27 54 92 46 17 8 9 75 85 7 35 20 11 59 22 42 25 70 44 37 45 83 109 68 94 81 93 5 32 51 2 69 82 36 78 33 14 57 80 66 52 106 108 64 84 103 100 39 101 74 99 10 15 98 16 91 12 47 26 58 56 102 104 60 105 13 3 95 30 41 88 6 1 38 67 49 28 71 43 53 50 72 73 76 34 4 89 40 48 62 87 63 86 21 18 61 96 97 65 
0 19 31 77 90 23 79 55 107 24 29 27 54 92 46 17 8 9 75 85 7 35 20 11 59 22 42 25 70 44 37 45 83 109 68 94 81 93 5 32 51 2 69 82 36 78 33 14 57 80 66 52 106 108 64 84 103 100 39 101 74 99 10 15 98 16 91 12 47 26 58 56 102 104 60 105 13 3 95 30 41 88 6 1 38 67 49 28 71 43 53 50 72 73 76 34 4 89 40 48 62 87 63 86 21 18 61 96 97 65 
0 19 31 77 90 23 79 55 107 24 29 27 54 92 46 17 8 9 75 85 7 35 20 11 59 22 42 25 70 44 37 45 83 109 68 94 81 93 5 32 51 2 69 82 36 78 33 14 57 80 66 52 106 108 64 84 103 100 39 101 74 99 10 15 98 16 91 12 47 26 58 56 102 104 60 105 13 3 95 30 41 88 6 1 38 67 49 28 71 43 53 50 72 73 76 34 4 89 40 48 62 87 63 86 21 18 61 96 97 65 
0 19 31 77 90 23 79 55 107 24 29 27 54 92 46 17 8 9 75 85 7 35 20 11 59 22 42 25 70 44 37 45 83 109 68 94 81 93 5 32 51 2 69 82 36 78 33 14 57 80 66 52 106 108 64 84 103 100 39 101 74 99 10 15 98 16 91 12 47 26 58 56 102 104 60 105 13 3 95 30 41 88 6 1 38 67 49 28 71 43 53 50 72 73 76 34 4 89 40 48 62 87 63 86 21 18 61 96 97 65 
0 19 31 77 90 23 79 55 107 24 29 27 54 92 46 17 8 9 75 85 7 35 20 11 59 22 42 25 70 44 37 45 83 109 68 94 81 93 5 32 51 2 69 82 36 78 33 14 57 80 66 52 106 108 64 84 103 100 39 101 74 99 10 15 98 16 91 12 47 26 58 56 102 104 60 105 13 3 95 30 41 88 6 1 38 67 49 28 71 43 53 50 72 73 76 34 4 89 40 48 62 87 63 86 21 18 61 96 97 65 
0 19 31 77 90 23 79 55 107 24 29 27 54 92 46 17 8 9 75 85 7 35 20 11 59 22 42 25 70 44 37 45 83 109 68 94 81 93 5 32 51 2 69 82 36 78 33 14 57 80 66 52 106 108 64 84 103 100 39 101 74 99 10 15 98 16 91 12 47 26 58 56 102 104 60 105 13 3 95 30 41 88 6 1 38 67 49 28 71 43 53 50 72 73 76 34 4 89 40 48 62 87 63 86 21 18 61 96 97 65 
0 19 31 77 90 23 79 55 107 24 29 27 54 92 46 17 8 9 75 85 7 35 20 11 59 22 42 25 70 44 37 45 83 109 68 94 81 93 5 32 51 2 69 82 36 78 33 14 57 80 66 52 106 108 64 84 103 100 39 101 74 99 10 15 98 16 91 12 47 26 58 56 102 104 60 105 13 3 95 30 41 88 6 1 38 67 49 28 71 43 53 50 72 73 76 34 4 89 40 48 62 87 63 86 21 18 61 96 97 65 
0 19 31 77 90 23 79 55 107 24 29 27 54 92 46 17 8 9 75 85 7 35 20 11 59 22 42 25 70 44 37 45 83 109 68 94 81 93 5 32 51 2 69 82 36 78 33 14 57 80 66 52 106 108 64 84 103 100 39 101 74 99 10 15 98 16 91 12 47 26 58 56 102 104 60 105 13 3 95 30 41 88 6 1 38 67 49 28 71 43 53 50 72 73 76 34 4 89 40 48 62 87 63 86 21 18 61 96 97 65 
0 19 31 77 90 23 79 55 107 24 29 27 54 92 46 17 8 9 75 85 7 35 20 11 59 22 42 25 70 44 37 45 83 109 68 94 81 93 5 32 51 2 69 82 36 78 33 14 57 80 66 52 106 108 64 84 103 100 39 101 74 99 10 15 98 16 91 12 47 26 58 56 102 104 60 105 13 3 95 30 41 88 6 1 38 67 49 28 71 43 53 50 72 73 76 34 4 89 40 48 62 87 63 86 21 18 61 96 97 65 
0 19 31 77 90 23 79 55 107 24 29 27 54 92 46 17 8 9 75 85 7 35 20 11 59 22 42 25 70 44 37 45 83 109 68 94 81 93 5 32 51 2 69 82 36 78 33 14 57 80 66 52 106 108 64 84 103 100 39 101 74 99 10 15 98 16 91 12 47 26 58 56 102 104 60 105 13 3 95 30 41 88 6 1 38 67 49 28 71 43 53 50 72 73 76 34 4 89 40 48 62 87 63 86 21 18 61 96 97 65 
0 19 31 77 90 23 79 55 107 24 29 27 54 92 46 17 8 9 75 85 7 35 20 11 59 22 42 25 70 44 37 45 83 109 68 94 81 93 5 32 51 2 69 82 36 78 33 14 57 80 66 52 106 108 64 84 103 100 39 101 74 99 10 15 98 16 91 12 47 26 58 56 102 104 60 105 13 3 95 30 41 88 6 1 38 67 49 28 71 43 53 50 72 73 76 34 4 89 40 48 62 87 63 86 21 18 61 96 97 65 
0 19 31 77 90 23 79 55 107 24 29 27 54 92 46 17 8 9 75 85 7 35 20 11 59 22 42 25 70 44 37 45 83 109 68 94 81 93 5 32 51 2 69 82 36 78 33 14 57 80 66 52 106 108 64 84 103 100 39 101 74 99 10 15 98 16 91 12 47 26 58 56 102 104 60 105 13 3 95 30 41 88 6 1 38 67 49 28 71 43 53 50 72 73 76 34 4 89 40 48 62 87 63 86 21 18 61 96 97 65 
0 19 31 77 90 23 79 55 107 24 29 27 54 92 46 17 8 9 75 85 7 35 20 11 59 22 42 25 70 44 37 45 83 109 68 94 81 93 5 32 51 2 69 82 36 78 33 14 57 80 66 52 106 108 64 84 103 100 39 101 74 99 10 15 98 16 91 12 47 26 58 56 102 104 60 105 13 3 95 30 41 88 6 1 38 67 49 28 71 43 53 50 72 73 76 34 4 89 40 48 62 87 63 86 21 18 61 96 97 65 
0 19 31 77 90 23 79 55 107 24 29 27 54 92 46 17 8 9 75 85 7 35 20 11 59 22 42 25 70 44 37 45 83 109 68 94 81 93 5 32 51 2 69 82 36 78 33 14 57 80 66 52 106 108 64 84 103 100 39 101 74 99 10 15 98 16 91 12 47 26 58 56 102 104 60 105 13 3 95 30 41 88 6 1 38 67 49 28 71 43 53 50 72 73 76 34 4 89 40 48 62 87 63 86 21 18 61 96 97 65 
0 19 31 77 90 23 79 55 107 24 29 27 54 92 46 17 8 9 75 85 7 35 20 11 59 22 42 25 70 44 37 45 83 109 68 94 81 93 5 32 51 2 69 82 36 78 33 14 57 80 66 52 106 108 64 84 103 100 39 101 74 99 10 15 98 16 91 12 47 26 58 56 102 104 60 105 13 3 95 30 41 88 6 1 38 67 49 28 71 43 53 50 72 73 76 34 4 89 40 48 62 87 63 86 21 18 61 96 97 65 
0 19 31 77 90 23 79 55 107 24 29 27 54 92 46 17 8 9 75 85 7 35 20 11 59 22 42 25 70 44 37 45 83 109 68 94 81 93 5 32 51 2 69 82 36 78 33 14 57 80 66 52 106 108 64 84 103 100 39 101 74 99 10 15 98 16 91 12 47 26 58 56 102 104 60 105 13 3 95 30 41 88 6 1 38 67 49 28 71 43 53 50 72 73 76 34 4 89 40 48 62 87 63 86 21 18 61 96 97 65 
0 19 31 77 90 23 79 55 107 24 29 27 54 92 46 17 8 9 75 85 7 35 20 11 59 22 42 25 70 44 37 45 83 109 68 94 81 93 5 32 51 2 69 82 36 78 33 14 57 80 66 52 106 108 64 84 103 100 39 101 74 99 10 15 98 16 91 12 47 26 58 56 102 104 60 105 13 3 95 30 41 88 6 1 38 67 49 28 71 43 53 50 72 73 76 34 4 89 40 48 62 87 63 86 21 18 61 96 97 65 
0 19 31 77 90 23 79 55 107 24 29 27 54 92 46 17 8 9 75 85 7 35 20 11 59 22 42 25 70 44 37 45 83 109 68 94 81 93 5 32 51 2 69 82 36 78 33 14 57 80 66 52 106 108 64 84 103 100 39 101 74 99 10 15 98 16 91 12 47 26 58 56 102 104 60 105 13 3 95 30 41 88 6 1 38 67 49 28 71 43 53 50 72 73 76 34 4 89 40 48 62 87 63 86 21 18 61 96 97 65 
0 19 31 77 90 23 79 55 107 24 29 27 54 92 46 17 8 9 75 85 7 35 20 11 59 22 42 25 70 44 37 45 83 109 68 94 81 93 5 32 51 2 69 82 36 78 33 14 57 80 66 52 106 108 64 84 103 100 39 101 74 99 10 15 98 16 91 12 47 26 58 56 102 104 60 105 13 3 95 30 41 88 6 1 38 67 49 28 71 43 53 50 72 73 76 34 4 89 40 48 62 87 63 86 21 18 61 96 97 65 
0 19 31 77 90 23 79 55 107 24 29 27 54 92 46 17 8 9 75 85 7 35 20 11 59 22 42 25 70 44 37 45 83 109 68 94 81 93 5 32 51 2 69 82 36 78 33 14 57 80 66 52 106 108 64 84 103 100 39 101 74 99 10 15 98 16 91 12 47 26 58 56 102 104 60 105 13 3 95 30 41 88 6 1 38 67 49 28 71 43 53 50 72 73 76 34 4 89 40 48 62 87 63 86 21 18 61 96 97 65 
0 19 31 77 90 23 79 55 107 24 29 27 54 92 46 17 8 9 75 85 7 35 20 11 59 22 42 25 70 44 37 45 83 109 68 94 81 93 5 32 51 2 69 82 36 78 33 14 57 80 66 52 106 108 64 84 103 100 39 101 74 99 10 15 98 16 91 12 47 26 58 56 102 104 60 105 13 3 95 30 41 88 6 1 38 67 49 28 71 43 53 50 72 73 76 34 4 89 40 48 62 87 63 86 21 18 61 96 97 65 
0 19 31 77 90 23 79 55 107 24 29 27 54 92 46 17 8 9 75 85 7 35 20 11 59 22 42 25 70 44 37 45 83 109 68 94 81 93 5 32 51 2 69 82 36 78 33 14 57 80 66 52 106 108 64 84 103 100 39 101 74 99 10 15 98 16 91 12 47 26 58 56 102 104 60 105 13 3 95 30 41 88 6 1 38 67 49 28 71 43 53 50 72 73 76 34 4 89 40 48 62 87 63 86 21 18 61 96 97 65 
0 19 31 77 90 23 79 55 107 24 29 27 54 92 46 17 8 9 75 85 7 35 20 11 59 22 42 25 70 44 37 45 83 109 68 94 81 93 5 32 51 2 69 82 36 78 33 14 57 80 66 52 106 108 64 84 103 100 39 101 74 99 10 15 98 16 91 12 47 26 58 56 102 104 60 105 13 3 95 30 41 88 6 1 38 67 49 28 71 43 53 50 72 73 76 34 4 89 40 48 62 87 63 86 21 18 61 96 97 65 
0 19 31 77 90 23 79 55 107 24 29 27 54 92 46 17 8 9 75 85 7 35 20 11 59 22 42 25 70 44 37 45 83 109 68 94 81 93 5 32 51 2 69 82 36 78 33 14 57 80 66 52 106 108 64 84 103 100 39 101 74 99 10 15 98 16 91 12 47 26 58 56 102 104 60 105 13 3 95 30 41 88 6 1 38 67 49 28 71 43 53 50 72 73 76 34 4 89 40 48 62 87 63 86 21 18 61 96 97 65 
0 19 31 77 90 23 79 55 107 24 29 27 54 92 46 17 8 9 75 85 7 35 20 11 59 22 42 25 70 44 37 45 83 109 68 94 81 93 5 32 51 2 69 82 36 78 33 14 57 80 66 52 106 108 64 84 103 100 39 101 74 99 10 15 98 16 91 12 47 26 58 56 102 104 60 105 13 3 95 30 41 88 6 1 38 67 49 28 71 43 53 50 72 73 76 34 4 89 40 48 62 87 63 86 21 18 61 96 97 65 
0 19 31 77 90 23 79 55 107 24 29 27 54 92 46 17 8 9 75 85 7 35 20 11 59 22 42 25 70 44 37 45 83 109 68 94 81 93 5 32 51 2 69 82 36 78 33 14 57 80 66 52 106 108 64 84 103 100 39 101 74 99 10 15 98 16 91 12 47 26 58 56 102 104 60 105 13 3 95 30 41 88 6 1 38 67 49 28 71 43 53 50 72 73 76 34 4 89 40 48 62 87 63 86 21 18 61 96 97 65 
0 19 31 77 90 23 79 55 107 24 29 27 54 92 46 17 8 9 75 85 7 35 20 11 59 22 42 25 70 44 37 45 83 109 68 94 81 93 5 32 51 2 69 82 36 78 33 14 57 80 66 52 106 108 64 84 103 100 39 101 74 99 10 15 98 16 91 12 47 26 58 56 102 104 60 105 13 3 95 30 41 88 6 1 38 67 49 28 71 43 53 50 72 73 76 34 4 89 40 48 62 87 63 86 21 18 61 96 97 65 
0 19 31 77 90 23 79 55 107 24 29 27 54 92 46 17 8 9 75 85 7 35 20 11 59 22 42 25 70 44 37 45 83 109 68 94 81 93 5 32 51 2 69 82 36 78 33 14 57 80 66 52 106 108 64 84 103 100 39 101 74 99 10 15 98 16 91 12 47 26 58 56 102 104 60 105 13 3 95 30 41 88 6 1 38 67 49 28 71 43 53 50 72 73 76 34 4 89 40 48 62 87 63 86 21 18 61 96 97 65 
0 19 31 77 90 23 79 55 107 24 29 27 54 92 46 17 8 9 75 85 7 35 20 11 59 22 42 25 70 44 37 45 83 109 68 94 81 93 5 32 51 2 69 82 36 78 33 14 57 80 66 52 106 108 64 84 103 100 39 101 74 99 10 15 98 16 91 12 47 26 58 56 102 104 60 105 13 3 95 30 41 88 6 1 38 67 49 28 71 43 53 50 72 73 76 34 4 89 40 48 62 87 63 86 21 18 61 96 97 65 
0 19 31 77 90 23 79 55 107 24 29 27 54 92 46 17 8 9 75 85 7 35 20 11 59 22 42 25 70 44 37 45 83 109 68 94 81 93 5 32 51 2 69 82 36 78 33 14 57 80 66 52 106 108 64 84 103 100 39 101 74 99 10 15 98 16 91 12 47 26 58 56 102 104 60 105 13 3 95 30 41 88 6 1 38 67 49 28 71 43 53 50 72 73 76 34 4 89 40 48 62 87 63 86 21 18 61 96 97 65 
0 19 31 77 90 23 79 55 107 24 29 27 54 92 46 17 8 9 75 85 7 35 20 11 59 22 42 25 70 44 37 45 83 109 68 94 81 93 5 32 51 2 69 82 36 78 33 14 57 80 66 52 106 108 64 84 103 100 39 101 74 99 10 15 98 16 91 12 47 26 58 56 102 104 60 105 13 3 95 30 41 88 6 1 38 67 49 28 71 43 53 50 72 73 76 34 4 89 40 48 62 87 63 86 21 18 61 96 97 65 
0 19 31 77 90 23 79 55 107 24 29 27 54 92 46 17 8 9 75 85 7 35 20 11 59 22 42 25 70 44 37 45 83 109 68 94 81 93 5 32 51 2 69 82 36 78 33 14 57 80 66 52 106 108 64 84 103 100 39 101 74 99 10 15 98 16 91 12 47 26 58 56 102 104 60 105 13 3 95 30 41 88 6 1 38 67 49 28 71 43 53 50 72 73 76 34 4 89 40 48 62 87 63 86 21 18 61 96 97 65 
0 19 31 77 90 23 79 55 107 24 29 27 54 92 46 17 8 9 75 85 7 35 20 11 59 22 42 25 70 44 37 45 83 109 68 94 81 93 5 32 51 2 69 82 36 78 33 14 57 80 66 52 106 108 64 84 103 100 39 101 74 99 10 15 98 16 91 12 47 26 58 56 102 104 60 105 13 3 95 30 41 88 6 1 38 67 49 28 71 43 53 50 72 73 76 34 4 89 40 48 62 87 63 86 21 18 61 96 97 65 
0 19 31 77 90 23 79 55 107 24 29 27 54 92 46 17 8 9 75 85 7 35 20 11 59 22 42 25 70 44 37 45 83 109 68 94 81 93 5 32 51 2 69 82 36 78 33 14 57 80 66 52 106 108 64 84 103 100 39 101 74 99 10 15 98 16 91 12 47 26 58 56 102 104 60 105 13 3 95 30 41 88 6 1 38 67 49 28 71 43 53 50 72 73 76 34 4 89 40 48 62 87 63 86 21 18 61 96 97 65 
0 19 31 77 90 23 79 55 107 24 29 27 54 92 46 17 8 9 75 85 7 35 20 11 59 22 42 25 70 44 37 45 83 109 68 94 81 93 5 32 51 2 69 82 36 78 33 14 57 80 66 52 106 108 64 84 103 100 39 101 74 99 10 15 98 16 91 12 47 26 58 56 102 104 60 105 13 3 95 30 41 88 6 1 38 67 49 28 71 43 53 50 72 73 76 34 4 89 40 48 62 87 63 86 21 18 61 96 97 65 
0 19 31 77 90 23 79 55 107 24 29 27 54 92 46 17 8 9 75 85 7 35 20 11 59 22 42 25 70 44 37 45 83 109 68 94 81 93 5 32 51 2 69 82 36 78 33 14 57 80 66 52 106 108 64 84 103 100 39 101 74 99 10 15 98 16 91 12 47 26 58 56 102 104 60 105 13 3 95 30 41 88 6 1 38 67 49 28 71 43 53 50 72 73 76 34 4 89 40 48 62 87 63 86 21 18 61 96 97 65 
0 19 31 77 90 23 79 55 107 24 29 27 54 92 46 17 8 9 75 85 7 35 20 11 59 22 42 25 70 44 37 45 83 109 68 94 81 93 5 32 51 2 69 82 36 78 33 14 57 80 66 52 106 108 64 84 103 100 39 101 74 99 10 15 98 16 91 12 47 26 58 56 102 104 60 105 13 3 95 30 41 88 6 1 38 67 49 28 71 43 53 50 72 73 76 34 4 89 40 48 62 87 63 86 21 18 61 96 97 65 
0 19 31 77 90 23 79 55 107 24 29 27 54 92 46 17 8 9 75 85 7 35 20 11 59 22 42 25 70 44 37 45 83 109 68 94 81 93 5 32 51 2 69 82 36 78 33 14 57 80 66 52 106 108 64 84 103 100 39 101 74 99 10 15 98 16 91 12 47 26 58 56 102 104 60 105 13 3 95 30 41 88 6 1 38 67 49 28 71 43 53 50 72 73 76 34 4 89 40 48 62 87 63 86 21 18 61 96 97 65 
0 19 31 77 90 23 79 55 107 24 29 27 54 92 46 17 8 9 75 85 7 35 20 11 59 22 42 25 70 44 37 45 83 109 68 94 81 93 5 32 51 2 69 82 36 78 33 14 57 80 66 52 106 108 64 84 103 100 39 101 74 99 10 15 98 16 91 12 47 26 58 56 102 104 60 105 13 3 95 30 41 88 6 1 38 67 49 28 71 43 53 50 72 73 76 34 4 89 40 48 62 87 63 86 21 18 61 96 97 65 
0 19 31 77 90 23 79 55 107 24 29 27 54 92 46 17 8 9 75 85 7 35 20 11 59 22 42 25 70 44 37 45 83 109 68 94 81 93 5 32 51 2 69 82 36 78 33 14 57 80 66 52 106 108 64 84 103 100 39 101 74 99 10 15 98 16 91 12 47 26 58 56 102 104 60 105 13 3 95 30 41 88 6 1 38 67 49 28 71 43 53 50 72 73 76 34 4 89 40 48 62 87 63 86 21 18 61 96 97 65 
0 19 31 77 90 23 79 55 107 24 29 27 54 92 46 17 8 9 75 85 7 35 20 11 59 22 42 25 70 44 37 45 83 109 68 94 81 93 5 32 51 2 69 82 36 78 33 14 57 80 66 52 106 108 64 84 103 100 39 101 74 99 10 15 98 16 91 12 47 26 58 56 102 104 60 105 13 3 95 30 41 88 6 1 38 67 49 28 71 43 53 50 72 73 76 34 4 89 40 48 62 87 63 86 21 18 61 96 97 65 
0 19 31 77 90 23 79 55 107 24 29 27 54 92 46 17 8 9 75 85 7 35 20 11 59 22 42 25 70 44 37 45 83 109 68 94 81 93 5 32 51 2 69 82 36 78 33 14 57 80 66 52 106 108 64 84 103 100 39 101 74 99 10 15 98 16 91 12 47 26 58 56 102 104 60 105 13 3 95 30 41 88 6 1 38 67 49 28 71 43 53 50 72 73 76 34 4 89 40 48 62 87 63 86 21 18 61 96 97 65 
0 19 31 77 90 23 79 55 107 24 29 27 54 92 46 17 8 9 75 85 7 35 20 11 59 22 42 25 70 44 37 45 83 109 68 94 81 93 5 32 51 2 69 82 36 78 33 14 57 80 66 52 106 108 64 84 103 100 39 101 74 99 10 15 98 16 91 12 47 26 58 56 102 104 60 105 13 3 95 30 41 88 6 1 38 67 49 28 71 43 53 50 72 73 76 34 4 89 40 48 62 87 63 86 21 18 61 96 97 65 
0 19 31 77 90 23 79 55 107 24 29 27 54 92 46 17 8 9 75 85 7 35 20 11 59 22 42 25 70 44 37 45 83 109 68 94 81 93 5 32 51 2 69 82 36 78 33 14 57 80 66 52 106 108 64 84 103 100 39 101 74 99 10 15 98 16 91 12 47 26 58 56 102 104 60 105 13 3 95 30 41 88 6 1 38 67 49 28 71 43 53 50 72 73 76 34 4 89 40 48 62 87 63 86 21 18 61 96 97 65 
0 19 31 77 90 23 79 55 107 24 29 27 54 92 46 17 8 9 75 85 7 35 20 11 59 22 42 25 70 44 37 45 83 109 68 94 81 93 5 32 51 2 69 82 36 78 33 14 57 80 66 52 106 108 64 84 103 100 39 101 74 99 10 15 98 16 91 12 47 26 58 56 102 104 60 105 13 3 95 30 41 88 6 1 38 67 49 28 71 43 53 50 72 73 76 34 4 89 40 48 62 87 63 86 21 18 61 96 97 65 
0 19 31 77 90 23 79 55 107 24 29 27 54 92 46 17 8 9 75 85 7 35 20 11 59 22 42 25 70 44 37 45 83 109 68 94 81 93 5 32 51 2 69 82 36 78 33 14 57 80 66 52 106 108 64 84 103 100 39 101 74 99 10 15 98 16 91 12 47 26 58 56 102 104 60 105 13 3 95 30 41 88 6 1 38 67 49 28 71 43 53 50 72 73 76 34 4 89 40 48 62 87 63 86 21 18 61 96 97 65 
0 19 31 77 90 23 79 55 107 24 29 27 54 92 46 17 8 9 75 85 7 35 20 11 59 22 42 25 70 44 37 45 83 109 68 94 81 93 5 32 51 2 69 82 36 78 33 14 57 80 66 52 106 108 64 84 103 100 39 101 74 99 10 15 98 16 91 12 47 26 58 56 102 104 60 105 13 3 95 30 41 88 6 1 38 67 49 28 71 43 53 50 72 73 76 34 4 89 40 48 62 87 63 86 21 18 61 96 97 65 
0 19 31 77 90 23 79 55 107 24 29 27 54 92 46 17 8 9 75 85 7 35 20 11 59 22 42 25 70 44 37 45 83 109 68 94 81 93 5 32 51 2 69 82 36 78 33 14 57 80 66 52 106 108 64 84 103 100 39 101 74 99 10 15 98 16 91 12 47 26 58 56 102 104 60 105 13 3 95 30 41 88 6 1 38 67 49 28 71 43 53 50 72 73 76 34 4 89 40 48 62 87 63 86 21 18 61 96 97 65 
0 19 31 77 90 23 79 55 107 24 29 27 54 92 46 17 8 9 75 85 7 35 20 11 59 22 42 25 70 44 37 45 83 109 68 94 81 93 5 32 51 2 69 82 36 78 33 14 57 80 66 52 106 108 64 84 103 100 39 101 74 99 10 15 98 16 91 12 47 26 58 56 102 104 60 105 13 3 95 30 41 88 6 1 38 67 49 28 71 43 53 50 72 73 76 34 4 89 40 48 62 87 63 86 21 18 61 96 97 65 
0 19 31 77 90 23 79 55 107 24 29 27 54 92 46 17 8 9 75 85 7 35 20 11 59 22 42 25 70 44 37 45 83 109 68 94 81 93 5 32 51 2 69 82 36 78 33 14 57 80 66 52 106 108 64 84 103 100 39 101 74 99 10 15 98 16 91 12 47 26 58 56 102 104 60 105 13 3 95 30 41 88 6 1 38 67 49 28 71 43 53 50 72 73 76 34 4 89 40 48 62 87 63 86 21 18 61 96 97 65 
0 19 31 77 90 23 79 55 107 24 29 27 54 92 46 17 8 9 75 85 7 35 20 11 59 22 42 25 70 44 37 45 83 109 68 94 81 93 5 32 51 2 69 82 36 78 33 14 57 80 66 52 106 108 64 84 103 100 39 101 74 99 10 15 98 16 91 12 47 26 58 56 102 104 60 105 13 3 95 30 41 88 6 1 38 67 49 28 71 43 53 50 72 73 76 34 4 89 40 48 62 87 63 86 21 18 61 96 97 65 
0 19 31 77 90 23 79 55 107 24 29 27 54 92 46 17 8 9 75 85 7 35 20 11 59 22 42 25 70 44 37 45 83 109 68 94 81 93 5 32 51 2 69 82 36 78 33 14 57 80 66 52 106 108 64 84 103 100 39 101 74 99 10 15 98 16 91 12 47 26 58 56 102 104 60 105 13 3 95 30 41 88 6 1 38 67 49 28 71 43 53 50 72 73 76 34 4 89 40 48 62 87 63 86 21 18 61 96 97 65 
0 19 31 77 90 23 79 55 107 24 29 27 54 92 46 17 8 9 75 85 7 35 20 11 59 22 42 25 70 44 37 45 83 109 68 94 81 93 5 32 51 2 69 82 36 78 33 14 57 80 66 52 106 108 64 84 103 100 39 101 74 99 10 15 98 16 91 12 47 26 58 56 102 104 60 105 13 3 95 30 41 88 6 1 38 67 49 28 71 43 53 50 72 73 76 34 4 89 40 48 62 87 63 86 21 18 61 96 97 65 
0 19 31 77 90 23 79 55 107 24 29 27 54 92 46 17 8 9 75 85 7 35 20 11 59 22 42 25 70 44 37 45 83 109 68 94 81 93 5 32 51 2 69 82 36 78 33 14 57 80 66 52 106 108 64 84 103 100 39 101 74 99 10 15 98 16 91 12 47 26 58 56 102 104 60 105 13 3 95 30 41 88 6 1 38 67 49 28 71 43 53 50 72 73 76 34 4 89 40 48 62 87 63 86 21 18 61 96 97 65 
0 19 31 77 90 23 79 55 107 24 29 27 54 92 46 17 8 9 75 85 7 35 20 11 59 22 42 25 70 44 37 45 83 109 68 94 81 93 5 32 51 2 69 82 36 78 33 14 57 80 66 52 106 108 64 84 103 100 39 101 74 99 10 15 98 16 91 12 47 26 58 56 102 104 60 105 13 3 95 30 41 88 6 1 38 67 49 28 71 43 53 50 72 73 76 34 4 89 40 48 62 87 63 86 21 18 61 96 97 65 
0 19 31 77 90 23 79 55 107 24 29 27 54 92 46 17 8 9 75 85 7 35 20 11 59 22 42 25 70 44 37 45 83 109 68 94 81 93 5 32 51 2 69 82 36 78 33 14 57 80 66 52 106 108 64 84 103 100 39 101 74 99 10 15 98 16 91 12 47 26 58 56 102 104 60 105 13 3 95 30 41 88 6 1 38 67 49 28 71 43 53 50 72 73 76 34 4 89 40 48 62 87 63 86 21 18 61 96 97 65 
0 19 31 77 90 23 79 55 107 24 29 27 54 92 46 17 8 9 75 85 7 35 20 11 59 22 42 25 70 44 37 45 83 109 68 94 81 93 5 32 51 2 69 82 36 78 33 14 57 80 66 52 106 108 64 84 103 100 39 101 74 99 10 15 98 16 91 12 47 26 58 56 102 104 60 105 13 3 95 30 41 88 6 1 38 67 49 28 71 43 53 50 72 73 76 34 4 89 40 48 62 87 63 86 21 18 61 96 97 65 
0 19 31 77 90 23 79 55 107 24 29 27 54 92 46 17 8 9 75 85 7 35 20 11 59 22 42 25 70 44 37 45 83 109 68 94 81 93 5 32 51 2 69 82 36 78 33 14 57 80 66 52 106 108 64 84 103 100 39 101 74 99 10 15 98 16 91 12 47 26 58 56 102 104 60 105 13 3 95 30 41 88 6 1 38 67 49 28 71 43 53 50 72 73 76 34 4 89 40 48 62 87 63 86 21 18 61 96 97 65 
0 19 31 77 90 23 79 55 107 24 29 27 54 92 46 17 8 9 75 85 7 35 20 11 59 22 42 25 70 44 37 45 83 109 68 94 81 93 5 32 51 2 69 82 36 78 33 14 57 80 66 52 106 108 64 84 103 100 39 101 74 99 10 15 98 16 91 12 47 26 58 56 102 104 60 105 13 3 95 30 41 88 6 1 38 67 49 28 71 43 53 50 72 73 76 34 4 89 40 48 62 87 63 86 21 18 61 96 97 65 
0 19 31 77 90 23 79 55 107 24 29 27 54 92 46 17 8 9 75 85 7 35 20 11 59 22 42 25 70 44 37 45 83 109 68 94 81 93 5 32 51 2 69 82 36 78 33 14 57 80 66 52 106 108 64 84 103 100 39 101 74 99 10 15 98 16 91 12 47 26 58 56 102 104 60 105 13 3 95 30 41 88 6 1 38 67 49 28 71 43 53 50 72 73 76 34 4 89 40 48 62 87 63 86 21 18 61 96 97 65 
0 19 31 77 90 23 79 55 107 24 29 27 54 92 46 17 8 9 75 85 7 35 20 11 59 22 42 25 70 44 37 45 83 109 68 94 81 93 5 32 51 2 69 82 36 78 33 14 57 80 66 52 106 108 64 84 103 100 39 101 74 99 10 15 98 16 91 12 47 26 58 56 102 104 60 105 13 3 95 30 41 88 6 1 38 67 49 28 71 43 53 50 72 73 76 34 4 89 40 48 62 87 63 86 21 18 61 96 97 65 
0 19 31 77 90 23 79 55 107 24 29 27 54 92 46 17 8 9 75 85 7 35 20 11 59 22 42 25 70 44 37 45 83 109 68 94 81 93 5 32 51 2 69 82 36 78 33 14 57 80 66 52 106 108 64 84 103 100 39 101 74 99 10 15 98 16 91 12 47 26 58 56 102 104 60 105 13 3 95 30 41 88 6 1 38 67 49 28 71 43 53 50 72 73 76 34 4 89 40 48 62 87 63 86 21 18 61 96 97 65 
0 19 31 77 90 23 79 55 107 24 29 27 54 92 46 17 8 9 75 85 7 35 20 11 59 22 42 25 70 44 37 45 83 109 68 94 81 93 5 32 51 2 69 82 36 78 33 14 57 80 66 52 106 108 64 84 103 100 39 101 74 99 10 15 98 16 91 12 47 26 58 56 102 104 60 105 13 3 95 30 41 88 6 1 38 67 49 28 71 43 53 50 72 73 76 34 4 89 40 48 62 87 63 86 21 18 61 96 97 65 
0 19 31 77 90 23 79 55 107 24 29 27 54 92 46 17 8 9 75 85 7 35 20 11 59 22 42 25 70 44 37 45 83 109 68 94 81 93 5 32 51 2 69 82 36 78 33 14 57 80 66 52 106 108 64 84 103 100 39 101 74 99 10 15 98 16 91 12 47 26 58 56 102 104 60 105 13 3 95 30 41 88 6 1 38 67 49 28 71 43 53 50 72 73 76 34 4 89 40 48 62 87 63 86 21 18 61 96 97 65 
0 19 31 77 90 23 79 55 107 24 29 27 54 92 46 17 8 9 75 85 7 35 20 11 59 22 42 25 70 44 37 45 83 109 68 94 81 93 5 32 51 2 69 82 36 78 33 14 57 80 66 52 106 108 64 84 103 100 39 101 74 99 10 15 98 16 91 12 47 26 58 56 102 104 60 105 13 3 95 30 41 88 6 1 38 67 49 28 71 43 53 50 72 73 76 34 4 89 40 48 62 87 63 86 21 18 61 96 97 65 
0 19 31 77 90 23 79 55 107 24 29 27 54 92 46 17 8 9 75 85 7 35 20 11 59 22 42 25 70 44 37 45 83 109 68 94 81 93 5 32 51 2 69 82 36 78 33 14 57 80 66 52 106 108 64 84 103 100 39 101 74 99 10 15 98 16 91 12 47 26 58 56 102 104 60 105 13 3 95 30 41 88 6 1 38 67 49 28 71 43 53 50 72 73 76 34 4 89 40 48 62 87 63 86 21 18 61 96 97 65 
0 19 31 77 90 23 79 55 107 24 29 27 54 92 46 17 8 9 75 85 7 35 20 11 59 22 42 25 70 44 37 45 83 109 68 94 81 93 5 32 51 2 69 82 36 78 33 14 57 80 66 52 106 108 64 84 103 100 39 101 74 99 10 15 98 16 91 12 47 26 58 56 102 104 60 105 13 3 95 30 41 88 6 1 38 67 49 28 71 43 53 50 72 73 76 34 4 89 40 48 62 87 63 86 21 18 61 96 97 65 
0 19 31 77 90 23 79 55 107 24 29 27 54 92 46 17 8 9 75 85 7 35 20 11 59 22 42 25 70 44 37 45 83 109 68 94 81 93 5 32 51 2 69 82 36 78 33 14 57 80 66 52 106 108 64 84 103 100 39 101 74 99 10 15 98 16 91 12 47 26 58 56 102 104 60 105 13 3 95 30 41 88 6 1 38 67 49 28 71 43 53 50 72 73 76 34 4 89 40 48 62 87 63 86 21 18 61 96 97 65 
0 19 31 77 90 23 79 55 107 24 29 27 54 92 46 17 8 9 75 85 7 35 20 11 59 22 42 25 70 44 37 45 83 109 68 94 81 93 5 32 51 2 69 82 36 78 33 14 57 80 66 52 106 108 64 84 103 100 39 101 74 99 10 15 98 16 91 12 47 26 58 56 102 104 60 105 13 3 95 30 41 88 6 1 38 67 49 28 71 43 53 50 72 73 76 34 4 89 40 48 62 87 63 86 21 18 61 96 97 65 
0 19 31 77 90 23 79 55 107 24 29 27 54 92 46 17 8 9 75 85 7 35 20 11 59 22 42 25 70 44 37 45 83 109 68 94 81 93 5 32 51 2 69 82 36 78 33 14 57 80 66 52 106 108 64 84 103 100 39 101 74 99 10 15 98 16 91 12 47 26 58 56 102 104 60 105 13 3 95 30 41 88 6 1 38 67 49 28 71 43 53 50 72 73 76 34 4 89 40 48 62 87 63 86 21 18 61 96 97 65 
0 19 31 77 90 23 79 55 107 24 29 27 54 92 46 17 8 9 75 85 7 35 20 11 59 22 42 25 70 44 37 45 83 109 68 94 81 93 5 32 51 2 69 82 36 78 33 14 57 80 66 52 106 108 64 84 103 100 39 101 74 99 10 15 98 16 91 12 47 26 58 56 102 104 60 105 13 3 95 30 41 88 6 1 38 67 49 28 71 43 53 50 72 73 76 34 4 89 40 48 62 87 63 86 21 18 61 96 97 65 
0 19 31 77 90 23 79 55 107 24 29 27 54 92 46 17 8 9 75 85 7 35 20 11 59 22 42 25 70 44 37 45 83 109 68 94 81 93 5 32 51 2 69 82 36 78 33 14 57 80 66 52 106 108 64 84 103 100 39 101 74 99 10 15 98 16 91 12 47 26 58 56 102 104 60 105 13 3 95 30 41 88 6 1 38 67 49 28 71 43 53 50 72 73 76 34 4 89 40 48 62 87 63 86 21 18 61 96 97 65 
0 19 31 77 90 23 79 55 107 24 29 27 54 92 46 17 8 9 75 85 7 35 20 11 59 22 42 25 70 44 37 45 83 109 68 94 81 93 5 32 51 2 69 82 36 78 33 14 57 80 66 52 106 108 64 84 103 100 39 101 74 99 10 15 98 16 91 12 47 26 58 56 102 104 60 105 13 3 95 30 41 88 6 1 38 67 49 28 71 43 53 50 72 73 76 34 4 89 40 48 62 87 63 86 21 18 61 96 97 65 
0 19 31 77 90 23 79 55 107 24 29 27 54 92 46 17 8 9 75 85 7 35 20 11 59 22 42 25 70 44 37 45 83 109 68 94 81 93 5 32 51 2 69 82 36 78 33 14 57 80 66 52 106 108 64 84 103 100 39 101 74 99 10 15 98 16 91 12 47 26 58 56 102 104 60 105 13 3 95 30 41 88 6 1 38 67 49 28 71 43 53 50 72 73 76 34 4 89 40 48 62 87 63 86 21 18 61 96 97 65 
0 19 31 77 90 23 79 55 107 24 29 27 54 92 46 17 8 9 75 85 7 35 20 11 59 22 42 25 70 44 37 45 83 109 68 94 81 93 5 32 51 2 69 82 36 78 33 14 57 80 66 52 106 108 64 84 103 100 39 101 74 99 10 15 98 16 91 12 47 26 58 56 102 104 60 105 13 3 95 30 41 88 6 1 38 67 49 28 71 43 53 50 72 73 76 34 4 89 40 48 62 87 63 86 21 18 61 96 97 65 
0 19 31 77 90 23 79 55 107 24 29 27 54 92 46 17 8 9 75 85 7 35 20 11 59 22 42 25 70 44 37 45 83 109 68 94 81 93 5 32 51 2 69 82 36 78 33 14 57 80 66 52 106 108 64 84 103 100 39 101 74 99 10 15 98 16 91 12 47 26 58 56 102 104 60 105 13 3 95 30 41 88 6 1 38 67 49 28 71 43 53 50 72 73 76 34 4 89 40 48 62 87 63 86 21 18 61 96 97 65 
0 19 31 77 90 23 79 55 107 24 29 27 54 92 46 17 8 9 75 85 7 35 20 11 59 22 42 25 70 44 37 45 83 109 68 94 81 93 5 32 51 2 69 82 36 78 33 14 57 80 66 52 106 108 64 84 103 100 39 101 74 99 10 15 98 16 91 12 47 26 58 56 102 104 60 105 13 3 95 30 41 88 6 1 38 67 49 28 71 43 53 50 72 73 76 34 4 89 40 48 62 87 63 86 21 18 61 96 97 65 
0 19 31 77 90 23 79 55 107 24 29 27 54 92 46 17 8 9 75 85 7 35 20 11 59 22 42 25 70 44 37 45 83 109 68 94 81 93 5 32 51 2 69 82 36 78 33 14 57 80 66 52 106 108 64 84 103 100 39 101 74 99 10 15 98 16 91 12 47 26 58 56 102 104 60 105 13 3 95 30 41 88 6 1 38 67 49 28 71 43 53 50 72 73 76 34 4 89 40 48 62 87 63 86 21 18 61 96 97 65 
0 19 31 77 90 23 79 55 107 24 29 27 54 92 46 17 8 9 75 85 7 35 20 11 59 22 42 25 70 44 37 45 83 109 68 94 81 93 5 32 51 2 69 82 36 78 33 14 57 80 66 52 106 108 64 84 103 100 39 101 74 99 10 15 98 16 91 12 47 26 58 56 102 104 60 105 13 3 95 30 41 88 6 1 38 67 49 28 71 43 53 50 72 73 76 34 4 89 40 48 62 87 63 86 21 18 61 96 97 65 
0 19 31 77 90 23 79 55 107 24 29 27 54 92 46 17 8 9 75 85 7 35 20 11 59 22 42 25 70 44 37 45 83 109 68 94 81 93 5 32 51 2 69 82 36 78 33 14 57 80 66 52 106 108 64 84 103 100 39 101 74 99 10 15 98 16 91 12 47 26 58 56 102 104 60 105 13 3 95 30 41 88 6 1 38 67 49 28 71 43 53 50 72 73 76 34 4 89 40 48 62 87 63 86 21 18 61 96 97 65 
0 19 31 77 90 23 79 55 107 24 29 27 54 92 46 17 8 9 75 85 7 35 20 11 59 22 42 25 70 44 37 45 83 109 68 94 81 93 5 32 51 2 69 82 36 78 33 14 57 80 66 52 106 108 64 84 103 100 39 101 74 99 10 15 98 16 91 12 47 26 58 56 102 104 60 105 13 3 95 30 41 88 6 1 38 67 49 28 71 43 53 50 72 73 76 34 4 89 40 48 62 87 63 86 21 18 61 96 97 65 
0 19 31 77 90 23 79 55 107 24 29 27 54 92 46 17 8 9 75 85 7 35 20 11 59 22 42 25 70 44 37 45 83 109 68 94 81 93 5 32 51 2 69 82 36 78 33 14 57 80 66 52 106 108 64 84 103 100 39 101 74 99 10 15 98 16 91 12 47 26 58 56 102 104 60 105 13 3 95 30 41 88 6 1 38 67 49 28 71 43 53 50 72 73 76 34 4 89 40 48 62 87 63 86 21 18 61 96 97 65 
0 19 31 77 90 23 79 55 107 24 29 27 54 92 46 17 8 9 75 85 7 35 20 11 59 22 42 25 70 44 37 45 83 109 68 94 81 93 5 32 51 2 69 82 36 78 33 14 57 80 66 52 106 108 64 84 103 100 39 101 74 99 10 15 98 16 91 12 47 26 58 56 102 104 60 105 13 3 95 30 41 88 6 1 38 67 49 28 71 43 53 50 72 73 76 34 4 89 40 48 62 87 63 86 21 18 61 96 97 65 
0 19 31 77 90 23 79 55 107 24 29 27 54 92 46 17 8 9 75 85 7 35 20 11 59 22 42 25 70 44 37 45 83 109 68 94 81 93 5 32 51 2 69 82 36 78 33 14 57 80 66 52 106 108 64 84 103 100 39 101 74 99 10 15 98 16 91 12 47 26 58 56 102 104 60 105 13 3 95 30 41 88 6 1 38 67 49 28 71 43 53 50 72 73 76 34 4 89 40 48 62 87 63 86 21 18 61 96 97 65 
0 19 31 77 90 23 79 55 107 24 29 27 54 92 46 17 8 9 75 85 7 35 20 11 59 22 42 25 70 44 37 45 83 109 68 94 81 93 5 32 51 2 69 82 36 78 33 14 57 80 66 52 106 108 64 84 103 100 39 101 74 99 10 15 98 16 91 12 47 26 58 56 102 104 60 105 13 3 95 30 41 88 6 1 38 67 49 28 71 43 53 50 72 73 76 34 4 89 40 48 62 87 63 86 21 18 61 96 97 65 
0 19 31 77 90 23 79 55 107 24 29 27 54 92 46 17 8 9 75 85 7 35 20 11 59 22 42 25 70 44 37 45 83 109 68 94 81 93 5 32 51 2 69 82 36 78 33 14 57 80 66 52 106 108 64 84 103 100 39 101 74 99 10 15 98 16 91 12 47 26 58 56 102 104 60 105 13 3 95 30 41 88 6 1 38 67 49 28 71 43 53 50 72 73 76 34 4 89 40 48 62 87 63 21 86 18 61 96 97 65 
0 19 31 77 90 23 79 55 107 24 29 27 54 92 46 17 8 9 75 85 7 35 20 11 59 22 42 25 70 44 37 45 83 109 68 94 81 93 5 32 51 2 69 82 36 78 33 14 57 80 66 52 106 108 64 84 103 100 39 101 74 99 10 15 98 16 91 12 47 26 58 56 102 104 105 60 13 3 95 30 41 88 6 1 38 67 49 28 71 43 53 50 72 73 76 34 4 89 40 48 62 87 63 86 21 18 61 96 97 65 
0 19 31 77 90 23 79 55 107 24 29 27 54 92 46 17 8 9 75 85 35 7 20 11 59 22 42 25 70 44 37 45 83 109 68 94 81 93 5 32 51 2 69 82 36 78 33 14 57 80 66 52 106 108 64 84 103 100 39 101 74 99 10 15 98 16 91 12 47 26 58 56 102 104 60 105 13 3 95 30 41 88 6 1 38 67 49 28 71 43 53 50 72 73 76 34 4 89 40 48 62 87 63 86 21 18 61 96 97 65 
0 19 31 77 90 23 79 55 107 24 29 27 54 92 46 17 8 9 75 85 7 35 20 11 59 22 42 25 70 44 37 45 83 109 68 94 81 93 5 32 51 2 69 82 36 78 33 14 57 80 66 52 106 108 64 84 103 100 39 101 74 99 10 15 98 16 91 12 47 26 58 56 102 104 60 105 13 3 95 30 41 88 6 1 38 67 49 28 71 43 53 50 72 73 76 34 4 89 40 48 62 61 18 21 86 63 87 96 97 65 
0 19 31 77 90 23 79 55 107 24 29 27 54 92 46 17 8 9 75 85 7 35 20 11 59 22 42 25 70 44 37 45 83 109 68 94 81 93 5 2 51 32 69 82 36 78 33 14 57 80 66 52 106 108 64 84 103 100 39 101 74 99 10 15 98 16 91 12 47 26 58 56 102 104 60 105 13 3 95 30 41 88 6 1 38 67 49 28 71 43 53 50 72 73 76 34 4 89 40 48 62 87 63 86 21 18 61 96 97 65 
0 19 31 77 90 23 79 55 107 24 29 27 54 92 46 17 8 9 75 85 7 35 20 11 59 22 42 25 70 44 37 45 83 109 68 94 81 93 5 32 51 2 69 82 36 78 33 14 57 80 66 52 106 108 64 84 103 100 39 101 74 99 10 15 98 16 91 12 47 26 58 56 102 104 60 105 13 3 95 30 41 88 6 1 38 67 49 28 71 43 53 50 72 73 76 34 4 89 40 48 62 87 63 86 21 18 61 96 65 97 
0 19 31 77 90 23 79 55 107 24 29 27 54 92 46 17 8 9 75 85 7 35 20 11 59 22 42 25 70 44 37 45 83 109 68 94 81 93 5 32 51 2 69 82 36 78 33 14 57 80 66 52 106 108 64 84 103 100 39 101 74 99 10 15 98 16 91 12 47 26 58 56 102 104 60 105 13 3 95 30 41 88 6 1 38 67 49 28 71 43 53 50 72 73 76 34 4 89 40 48 62 87 63 86 21 61 18 96 97 65 
0 19 31 77 90 23 79 55 107 24 29 27 54 92 46 17 8 9 75 85 7 35 20 11 59 22 42 25 93 44 37 45 83 109 68 94 81 70 5 32 51 2 69 82 36 78 33 14 57 80 66 52 106 108 64 84 103 100 39 101 74 99 10 15 98 16 91 12 47 26 58 56 102 104 60 105 13 3 95 30 41 88 6 1 38 67 49 28 71 43 53 50 72 73 76 34 4 89 40 48 62 87 63 86 21 18 61 96 97 65 
0 19 31 77 90 23 79 55 107 24 29 27 54 92 46 17 8 9 75 85 7 35 20 11 59 22 42 25 70 44 37 45 83 109 68 94 81 93 5 32 51 2 69 82 36 78 33 14 57 80 66 52 106 108 64 84 103 100 39 101 74 99 10 16 98 15 91 12 47 26 58 56 102 104 60 105 13 3 95 30 41 88 6 1 38 67 49 28 71 43 53 50 72 73 76 34 4 89 40 48 62 87 63 86 21 18 61 96 97 65 
0 19 31 77 90 23 79 55 107 24 29 27 54 92 46 17 8 9 75 85 7 35 20 11 59 22 42 25 70 44 37 45 83 109 68 94 81 93 5 32 51 2 69 82 36 78 33 14 57 80 66 52 106 108 64 84 103 100 39 101 74 99 10 15 98 16 91 12 47 26 58 56 102 104 60 105 13 3 95 30 41 88 6 1 38 43 49 28 71 67 53 50 72 73 76 34 4 89 40 48 62 87 63 86 21 18 61 96 97 65 
0 19 31 77 90 23 79 55 107 24 29 27 54 92 46 17 8 9 75 85 7 35 20 11 59 22 42 25 70 44 37 45 83 109 68 94 81 93 5 32 51 2 69 82 36 78 33 14 57 80 66 52 106 108 64 84 103 100 39 101 74 10 15 98 99 16 91 12 47 26 58 56 102 104 60 105 13 3 95 30 41 88 6 1 38 67 49 28 71 43 53 50 72 73 76 34 4 89 40 48 62 87 63 86 21 18 61 96 97 65 
0 19 31 77 90 23 79 55 107 24 29 27 54 92 46 17 8 9 75 85 7 35 20 11 59 22 42 25 70 44 37 45 83 109 68 94 81 93 5 32 51 2 69 36 78 33 82 14 57 80 66 52 106 108 64 84 103 100 39 101 74 99 10 15 98 16 91 12 47 26 58 56 102 104 60 105 13 3 95 30 41 88 6 1 38 67 49 28 71 43 53 50 72 73 76 34 4 89 40 48 62 87 63 86 21 18 61 96 97 65 
0 19 31 77 90 23 79 55 107 24 29 27 54 92 46 17 8 9 75 85 7 35 20 11 59 22 42 25 70 44 37 45 83 109 68 94 81 93 5 32 51 2 69 82 36 78 33 57 80 66 52 106 108 64 84 103 100 39 101 74 99 10 15 98 16 91 12 47 26 58 56 102 104 60 105 13 3 95 30 41 88 6 1 38 67 49 28 71 43 53 50 14 72 73 76 34 4 89 40 48 62 87 63 86 21 18 61 96 97 65 
0 19 31 77 90 23 79 55 107 24 29 27 54 92 46 17 8 9 75 85 7 35 20 11 59 22 42 25 70 44 37 45 83 109 94 81 93 5 32 51 2 69 82 36 78 33 68 14 57 80 66 52 106 108 64 84 103 100 39 101 74 99 10 15 98 16 91 12 47 26 58 56 102 104 60 105 13 3 95 30 41 88 6 1 38 67 49 28 71 43 53 50 72 73 76 34 4 89 40 48 62 87 63 86 21 18 61 96 97 65 
0 19 31 77 90 23 79 55 107 24 29 27 54 92 46 17 8 9 75 85 7 35 20 11 59 22 42 25 70 44 37 45 83 109 68 94 81 93 5 32 51 2 69 82 36 78 33 14 57 80 66 52 106 108 64 84 103 100 39 101 74 99 10 15 98 16 38 1 6 88 41 30 95 3 13 105 60 104 102 56 58 26 47 12 91 67 49 28 71 43 53 50 72 73 76 34 4 89 40 48 62 87 63 86 21 18 61 96 97 65 
0 19 31 77 90 23 79 55 107 24 29 27 54 92 46 17 8 9 75 85 7 35 20 11 59 22 42 25 70 44 37 45 83 109 68 94 81 93 5 32 51 2 69 82 36 78 33 14 57 80 66 52 106 74 108 64 84 103 100 39 101 99 10 15 98 16 91 12 47 26 58 56 102 104 60 105 13 3 95 30 41 88 6 1 38 67 49 28 71 43 53 50 72 73 76 34 4 89 40 48 62 87 63 86 21 18 61 96 97 65 
0 19 31 77 90 23 79 55 107 24 29 27 54 92 46 17 8 9 75 85 7 35 20 11 59 22 42 25 70 44 37 45 83 109 68 94 81 93 5 32 51 2 69 82 36 78 33 14 57 80 66 52 106 108 64 84 103 100 39 101 74 99 10 15 98 16 91 6 88 41 30 95 3 13 105 60 104 102 56 58 26 47 12 1 38 67 49 28 71 43 53 50 72 73 76 34 4 89 40 48 62 87 63 86 21 18 61 96 97 65 
0 19 31 77 90 23 79 55 107 24 29 27 54 92 46 17 8 9 75 85 7 35 20 11 59 22 42 25 70 44 37 45 83 109 68 94 81 93 5 32 51 2 69 82 36 78 33 14 57 80 66 52 106 108 64 84 103 100 39 101 74 99 10 15 98 16 91 12 47 26 58 56 102 104 60 105 13 3 95 30 41 88 6 1 38 67 49 28 71 43 53 50 72 73 76 34 4 89 40 48 87 63 86 21 62 18 61 96 97 65 
0 19 31 77 90 23 79 55 107 24 29 27 54 92 46 17 8 9 75 85 7 35 20 11 59 22 42 25 70 44 37 45 83 109 68 94 81 93 5 32 51 2 69 82 36 78 33 14 57 80 66 52 106 108 64 84 103 100 39 101 74 99 10 15 98 16 91 12 47 26 58 56 102 104 60 105 13 3 95 30 41 88 6 1 38 67 49 28 71 43 53 50 72 73 76 34 4 89 40 48 87 63 86 62 21 18 61 96 97 65 
0 19 31 77 90 23 79 55 107 24 29 27 54 92 46 17 8 9 75 85 7 35 20 11 59 32 5 93 81 94 68 109 83 45 37 44 70 25 42 22 51 2 69 82 36 78 33 14 57 80 66 52 106 108 64 84 103 100 39 101 74 99 10 15 98 16 91 12 47 26 58 56 102 104 60 105 13 3 95 30 41 88 6 1 38 67 49 28 71 43 53 50 72 73 76 34 4 89 40 48 62 87 63 86 21 18 61 96 97 65 
0 19 31 77 90 23 79 55 107 24 29 27 54 92 46 17 8 9 75 85 7 35 20 11 59 22 42 25 70 44 37 45 83 109 68 94 33 78 36 82 69 2 51 32 5 93 81 14 57 80 66 52 106 108 64 84 103 100 39 101 74 99 10 15 98 16 91 12 47 26 58 56 102 104 60 105 13 3 95 30 41 88 6 1 38 67 49 28 71 43 53 50 72 73 76 34 4 89 40 48 62 87 63 86 21 18 61 96 97 65 
0 19 31 77 90 23 79 55 107 24 29 27 54 92 46 17 8 9 75 85 7 35 20 11 59 22 42 25 70 44 37 45 36 82 69 2 51 32 5 93 81 94 68 109 83 78 33 14 57 80 66 52 106 108 64 84 103 100 39 101 74 99 10 15 98 16 91 12 47 26 58 56 102 104 60 105 13 3 95 30 41 88 6 1 38 67 49 28 71 43 53 50 72 73 76 34 4 89 40 48 62 87 63 86 21 18 61 96 97 65 
0 19 31 77 90 23 79 55 107 24 29 27 54 92 46 17 8 9 75 85 7 35 20 11 59 22 42 25 70 44 37 45 83 109 68 94 81 93 5 32 51 2 69 82 36 78 33 14 57 80 66 52 106 108 64 84 103 100 39 101 74 99 10 15 98 16 12 47 26 58 56 102 104 60 105 13 3 91 95 30 41 88 6 1 38 67 49 28 71 43 53 50 72 73 76 34 4 89 40 48 62 87 63 86 21 18 61 96 97 65 
0 19 31 77 90 23 79 55 107 24 29 27 54 92 46 17 8 9 75 85 7 35 20 11 59 22 42 25 70 44 37 45 83 109 68 94 81 93 5 32 51 2 69 82 36 66 33 14 57 80 78 52 106 108 64 84 103 100 39 101 74 99 10 15 98 16 91 12 47 26 58 56 102 104 60 105 13 3 95 30 41 88 6 1 38 67 49 28 71 43 53 50 72 73 76 34 4 89 40 48 62 87 63 86 21 18 61 96 97 65 
0 19 31 77 90 23 79 55 107 24 29 27 54 92 46 17 8 9 75 85 7 35 20 11 59 22 42 25 70 44 37 45 83 109 71 28 49 67 38 1 6 88 41 30 95 3 13 105 60 104 102 56 58 26 47 12 91 16 98 15 10 99 74 101 39 100 103 84 64 108 106 52 66 80 57 14 33 78 36 82 69 2 51 32 5 93 81 94 68 43 53 50 72 73 76 34 4 89 40 48 62 87 63 86 21 18 61 96 97 65 
0 19 31 77 90 23 79 55 107 24 29 27 54 92 46 17 8 9 75 85 7 35 20 11 59 22 42 25 70 44 37 45 83 109 68 94 81 93 5 32 51 2 69 82 36 78 33 14 57 80 66 52 106 108 64 84 103 100 39 101 74 99 10 15 98 16 91 12 47 26 58 56 30 104 60 105 13 3 95 102 41 88 6 1 38 67 49 28 71 43 53 50 72 73 76 34 4 89 40 48 62 87 63 86 21 18 61 96 97 65 
0 19 31 77 90 23 79 55 107 24 29 27 54 92 46 17 8 9 75 85 7 35 20 11 59 22 42 25 70 44 37 45 83 109 68 94 81 93 5 32 51 2 69 82 36 78 33 14 57 80 66 52 106 108 64 34 103 100 39 101 74 99 10 15 98 16 91 12 47 26 58 56 102 104 60 105 13 3 95 30 41 88 6 1 38 67 49 28 71 43 53 50 72 73 76 84 4 89 40 48 62 87 63 86 21 18 61 96 97 65 
0 19 31 77 90 23 79 55 107 24 29 27 54 92 46 17 8 9 75 85 7 35 20 11 59 22 42 25 70 44 37 45 83 109 68 94 81 93 5 32 51 2 69 82 36 78 16 14 57 80 66 52 106 108 64 84 103 100 39 101 74 99 10 15 98 33 91 12 47 26 58 56 102 104 60 105 13 3 95 30 41 88 6 1 38 67 49 28 71 43 53 50 72 73 76 34 4 89 40 48 62 87 63 86 21 18 61 96 97 65 
0 19 31 77 90 23 79 55 107 24 29 27 54 92 46 17 8 9 75 85 7 35 20 11 59 22 42 25 70 44 37 45 83 109 68 94 81 93 5 32 51 2 69 82 36 78 33 14 57 80 66 52 106 108 64 84 103 100 39 101 74 99 10 15 98 16 91 12 47 26 58 56 102 104 60 105 13 3 95 30 41 6 1 38 67 49 28 71 43 53 50 72 73 88 76 34 4 89 40 48 62 87 63 86 21 18 61 96 97 65 
0 19 31 77 90 23 79 55 107 24 29 27 54 92 46 17 8 9 75 85 7 35 20 11 59 22 42 25 70 44 37 45 83 109 68 94 81 93 5 32 51 2 69 82 36 78 33 14 80 66 106 57 108 64 84 103 100 39 101 74 99 10 15 98 16 91 12 47 26 58 56 102 104 60 105 13 3 95 30 41 88 6 1 38 67 49 28 71 43 53 50 72 73 76 34 4 89 40 52 48 62 87 63 86 21 18 61 96 97 65 
0 19 31 77 90 23 79 55 107 24 29 27 54 92 46 17 8 9 75 85 7 35 20 11 59 22 42 25 70 44 37 45 83 109 68 94 81 93 5 32 51 2 69 82 36 78 33 14 57 80 66 52 106 108 64 84 103 100 39 101 74 40 89 4 34 76 73 72 50 53 43 71 28 49 67 38 1 6 88 41 30 95 3 13 105 60 104 102 56 58 26 47 12 91 16 98 15 10 99 48 62 87 63 86 21 18 61 96 97 65 
0 19 31 77 90 23 79 55 107 24 29 27 54 92 46 17 8 9 75 85 7 35 20 11 59 22 42 25 70 44 37 45 83 109 68 94 81 93 5 32 51 2 69 82 36 78 33 14 57 80 66 52 106 108 64 84 103 100 39 101 74 99 10 60 105 13 3 95 30 41 88 6 1 38 15 98 16 91 12 47 26 58 56 102 104 67 49 28 71 43 53 50 72 73 76 34 4 89 40 48 62 87 63 86 21 18 61 96 97 65 
0 19 31 77 90 23 79 55 107 24 29 27 54 92 46 17 8 9 75 85 7 35 20 11 59 22 42 25 70 44 37 45 83 109 68 94 81 93 5 32 51 2 69 82 36 78 33 14 57 80 66 52 106 108 64 84 103 100 39 101 74 99 10 15 98 16 91 12 47 58 56 102 104 60 105 13 3 95 30 41 88 6 1 38 67 49 28 71 43 53 50 72 73 76 34 4 89 40 48 26 62 87 63 86 21 18 61 96 97 65 
0 19 31 77 90 23 79 55 107 24 29 27 54 92 46 17 8 9 75 85 7 35 20 11 59 22 42 25 70 44 37 45 83 109 68 94 81 93 5 32 51 2 69 82 36 78 33 14 57 80 66 52 106 108 64 84 103 100 39 101 74 99 10 15 98 16 91 12 47 58 56 102 104 60 105 13 3 95 30 41 88 6 1 38 67 49 28 71 43 53 50 72 73 76 34 4 89 40 48 26 62 87 63 86 21 18 61 96 97 65 
0 19 31 77 90 23 79 55 107 24 29 27 54 92 46 17 8 9 75 85 7 35 11 59 22 42 25 70 44 37 45 83 109 68 94 81 93 5 32 51 2 69 82 36 78 33 14 57 80 66 52 106 108 64 84 103 20 100 39 101 74 99 10 15 98 16 91 12 47 26 58 56 102 104 60 105 13 3 95 30 41 88 6 1 38 67 49 28 71 43 53 50 72 73 76 34 4 89 40 48 62 87 63 86 21 18 61 96 97 65 
0 19 31 77 90 23 79 55 107 24 29 27 54 92 46 17 8 9 75 85 7 35 20 11 59 22 42 25 70 44 37 45 83 109 68 94 81 93 5 32 51 2 69 82 36 78 33 14 57 80 66 52 106 108 64 84 103 100 39 101 74 99 10 15 98 16 91 12 47 26 58 56 102 104 60 105 13 3 95 30 41 88 6 1 38 67 49 28 71 43 53 50 72 73 76 34 4 89 40 48 62 87 63 86 21 61 96 97 18 65 
0 19 31 77 90 23 79 55 107 24 29 27 54 92 46 17 8 9 75 85 7 35 20 11 59 22 42 25 70 44 37 45 83 109 68 94 81 10 99 74 101 39 100 103 84 64 108 106 52 66 80 57 14 33 78 36 82 69 2 51 32 5 93 15 98 16 91 12 47 26 58 56 102 104 60 105 13 3 95 30 41 88 6 1 38 67 49 28 71 43 53 50 72 73 76 34 4 89 40 48 62 87 63 86 21 18 61 96 97 65 
0 19 31 77 90 23 79 55 107 24 29 27 54 92 46 17 8 9 75 68 109 83 45 37 44 70 85 7 35 20 11 59 22 42 25 94 81 93 5 32 51 2 69 82 36 78 33 14 57 80 66 52 106 108 64 84 103 100 39 101 74 99 10 15 98 16 91 12 47 26 58 56 102 104 60 105 13 3 95 30 41 88 6 1 38 67 49 28 71 43 53 50 72 73 76 34 4 89 40 48 62 87 63 86 21 18 61 96 97 65 
0 19 31 77 90 23 79 55 107 24 29 27 54 92 46 17 8 9 75 85 7 35 20 11 59 22 42 25 70 44 37 45 83 109 68 94 81 62 48 40 89 4 34 76 73 72 50 53 43 71 28 49 67 38 1 6 88 41 30 95 3 13 105 60 104 102 56 58 26 47 12 91 16 98 15 10 99 74 101 39 100 103 84 64 108 106 52 66 80 57 14 33 78 36 82 69 2 51 32 5 93 87 63 86 21 18 61 96 97 65 
0 19 31 77 90 23 79 55 107 24 29 27 54 92 46 17 8 9 75 85 7 35 20 11 59 22 42 25 70 44 37 45 83 109 68 94 81 93 5 32 51 2 108 106 52 66 80 74 69 82 36 78 33 14 57 64 84 103 100 39 101 99 10 15 98 16 91 12 47 26 58 56 102 104 60 105 13 3 95 30 41 88 6 1 38 67 49 28 71 43 53 50 72 73 76 34 4 89 40 48 62 87 63 86 21 18 61 96 97 65 
0 19 31 77 90 23 79 55 107 24 29 27 54 92 46 17 8 9 75 85 7 35 20 11 59 22 42 25 70 44 37 45 48 109 68 94 81 93 5 32 51 2 69 82 78 33 14 57 80 66 52 106 108 64 84 103 100 39 101 74 99 10 15 98 16 91 12 47 26 58 56 102 104 60 105 13 3 95 30 41 88 6 1 38 67 49 28 71 43 53 50 72 73 76 34 4 89 40 83 36 62 87 63 86 21 18 61 96 97 65 
0 19 31 77 90 23 79 55 107 24 29 27 54 92 46 17 8 9 75 85 7 35 20 11 59 22 42 25 70 44 37 45 83 109 68 94 81 93 5 32 51 2 69 82 36 78 33 14 57 80 66 52 106 108 64 84 103 100 39 101 74 99 10 15 98 16 91 12 47 26 58 56 102 104 60 105 13 3 95 30 41 88 6 1 38 67 49 28 71 43 53 50 72 73 34 4 89 40 48 62 87 63 86 21 18 61 76 96 97 65 
0 19 31 77 90 23 79 55 107 24 29 27 54 92 46 17 8 9 75 85 7 35 20 11 59 22 42 25 70 44 37 45 83 109 68 94 81 93 57 5 32 51 2 69 82 36 78 33 14 80 66 52 106 108 64 84 103 100 39 101 74 99 10 15 98 16 91 12 1 47 26 58 56 102 104 60 105 13 3 95 30 41 88 6 38 67 49 28 71 43 53 50 72 73 76 34 4 89 40 48 62 87 63 86 21 18 61 96 97 65 
0 19 31 77 90 23 79 55 107 24 29 27 54 92 46 17 8 9 75 85 7 35 20 11 59 22 42 25 70 44 37 45 83 109 68 94 81 93 5 32 51 2 69 82 15 98 16 91 12 47 26 58 56 102 104 60 105 13 3 95 30 41 88 6 36 78 33 14 57 80 66 52 106 108 64 84 103 100 39 101 74 99 10 1 38 67 49 28 71 43 53 50 72 73 76 34 4 89 40 48 62 87 63 86 21 18 61 96 97 65 
0 19 31 77 90 23 79 55 107 24 29 27 54 92 94 68 109 83 45 37 44 70 25 42 22 59 11 20 35 7 85 75 46 17 8 9 81 93 5 32 51 2 69 82 36 78 33 14 57 80 66 52 106 108 64 84 103 100 39 101 74 99 10 15 98 16 91 12 47 26 58 56 102 104 60 105 13 3 95 30 41 88 6 1 38 67 49 28 71 43 53 50 72 73 76 34 4 89 40 48 62 87 63 86 21 18 61 96 97 65 
0 19 31 77 90 23 79 55 107 24 29 27 54 92 46 17 8 9 75 85 7 35 20 11 59 22 42 25 70 44 37 45 83 109 68 94 81 93 5 32 51 2 69 82 36 78 33 39 57 80 66 52 106 108 64 84 103 100 14 101 74 99 10 15 98 16 91 12 47 26 58 56 102 104 60 105 13 3 95 30 41 88 6 1 38 67 49 28 71 43 53 50 72 73 76 34 4 89 40 48 62 87 63 86 21 18 61 96 97 65 
0 19 31 77 90 23 79 55 107 24 29 27 54 92 46 17 8 9 75 85 7 35 20 11 59 22 42 25 70 44 37 45 83 109 68 94 81 93 5 32 51 2 69 82 36 78 33 14 57 80 66 52 106 108 64 84 103 100 39 101 74 99 10 15 98 91 12 47 26 58 56 102 104 60 105 3 95 16 30 41 88 6 1 38 67 49 28 71 43 13 53 50 72 73 76 34 4 89 40 48 62 87 63 86 21 18 61 96 97 65 
0 19 31 77 90 23 79 55 107 24 29 27 54 92 46 17 8 9 75 85 7 35 20 11 59 22 42 25 70 44 37 45 83 109 68 94 81 93 5 32 51 2 69 82 36 78 33 14 80 66 52 106 108 64 84 103 100 39 101 74 99 10 15 98 16 91 12 47 26 58 56 102 104 60 105 13 3 95 30 41 88 6 1 38 67 49 28 71 43 53 50 72 73 76 34 4 89 40 48 62 87 63 86 21 18 61 57 96 97 65 
0 19 31 77 90 23 79 55 107 24 29 27 54 92 46 17 8 9 75 7 35 20 11 59 22 42 25 70 44 37 45 83 109 68 94 81 93 5 32 51 2 69 82 36 78 33 14 57 80 66 52 106 108 64 84 103 100 39 101 74 99 10 15 98 16 91 12 47 26 58 56 102 104 60 105 13 3 95 30 41 88 6 1 38 67 49 28 71 43 53 50 72 73 76 34 85 4 89 40 48 62 87 63 86 21 18 61 96 97 65 
0 19 31 77 90 23 79 55 107 24 29 27 54 92 46 17 8 9 75 85 7 35 20 11 59 22 42 25 70 44 37 45 83 109 68 94 81 93 5 32 51 2 69 82 36 78 33 14 12 47 26 58 56 102 104 60 105 13 3 95 30 41 88 15 98 16 91 57 80 66 52 106 108 64 84 103 100 39 101 74 99 10 6 1 38 67 49 28 71 43 53 50 72 73 76 34 4 89 40 48 62 87 63 86 21 18 61 96 97 65 
0 19 31 77 90 23 79 55 107 24 29 27 54 92 46 17 8 9 75 85 7 35 20 11 59 22 42 25 70 44 37 45 83 109 68 94 81 93 5 32 51 2 69 82 36 78 33 14 57 80 66 52 106 108 64 84 103 100 39 101 74 99 10 15 98 16 91 12 47 26 76 56 102 104 60 105 13 3 95 30 41 88 6 1 38 67 49 28 71 43 53 50 72 73 58 34 4 89 40 48 62 87 63 86 21 18 61 96 97 65 
0 19 31 77 90 23 79 55 107 24 29 27 54 92 46 17 8 9 75 85 7 35 20 11 59 22 42 25 70 44 37 45 83 109 68 94 81 93 5 32 51 2 69 82 36 78 33 14 57 80 66 52 106 108 64 84 103 100 39 101 74 99 10 98 16 71 12 47 26 58 56 102 104 60 105 13 3 95 30 41 88 6 1 38 67 49 28 91 43 53 50 72 73 76 34 4 89 15 40 48 62 87 63 86 21 18 61 96 97 65 
0 19 31 77 90 23 79 55 107 24 29 27 54 92 46 17 8 9 75 85 7 35 20 11 59 22 42 25 70 44 37 45 83 109 68 94 81 93 5 51 2 69 82 36 78 33 14 57 80 66 32 52 106 108 39 100 103 84 64 101 74 99 10 15 98 16 91 12 47 26 58 56 102 104 60 105 13 3 95 30 41 88 6 1 38 67 49 28 71 43 53 50 72 73 76 34 4 89 40 48 62 87 63 86 21 18 61 96 97 65 
0 19 31 77 90 23 79 55 107 24 29 27 54 92 46 17 8 9 75 85 7 35 20 11 59 22 42 25 70 44 37 45 83 109 68 94 81 93 5 32 51 2 69 82 36 78 33 14 57 80 66 52 106 108 64 84 103 100 39 101 74 99 10 15 98 16 91 12 47 26 58 56 102 104 60 105 13 3 95 30 41 88 6 1 38 67 49 28 71 43 53 50 72 73 76 34 4 89 40 48 62 87 86 21 18 61 96 97 65 63 
0 19 31 77 90 23 79 55 107 24 29 27 54 92 46 17 8 9 75 85 7 35 20 11 59 22 42 25 70 44 37 45 83 109 68 94 81 93 5 32 51 2 69 82 36 78 33 14 57 80 66 52 106 108 64 84 103 100 39 101 74 99 10 15 98 16 91 12 47 26 58 56 102 104 60 105 13 3 95 30 41 88 6 1 38 67 49 28 71 43 53 50 72 76 34 4 89 40 48 62 87 63 86 73 21 18 61 96 97 65 
0 19 31 77 90 23 79 55 107 24 29 27 54 92 46 17 8 9 75 85 7 35 20 11 59 22 42 25 70 44 37 45 83 109 68 94 81 93 5 32 51 2 69 82 36 78 33 14 57 80 66 52 106 108 64 84 103 91 39 101 74 99 10 15 98 16 100 12 47 26 58 56 102 104 60 105 13 3 95 30 41 88 6 1 38 67 49 28 71 43 53 50 72 73 76 34 4 89 40 48 62 87 63 86 21 18 61 96 97 65 
0 19 31 77 90 23 79 55 107 24 29 27 54 92 46 17 8 9 75 85 7 35 20 11 59 22 42 25 70 44 37 45 83 109 68 94 81 93 5 32 51 10 69 82 36 78 33 14 57 80 66 52 106 108 64 84 103 100 39 101 74 99 2 15 98 16 91 12 47 26 58 56 102 104 60 105 13 3 95 30 41 88 6 1 38 67 49 28 71 43 53 50 72 73 76 34 4 89 40 48 62 87 63 86 21 18 61 96 97 65 
0 19 31 77 90 23 79 55 107 24 29 27 54 92 46 17 8 9 75 85 7 35 20 11 59 22 42 25 70 37 45 83 94 68 109 44 93 5 32 81 51 2 69 82 57 78 33 14 36 80 66 52 106 108 64 84 103 100 39 101 74 99 10 15 98 16 91 12 47 26 58 56 102 104 60 105 13 3 95 30 41 88 6 1 38 67 49 76 34 4 89 40 48 73 28 71 43 53 50 72 62 87 63 86 21 18 61 96 97 65 
0 19 31 77 90 23 79 55 107 24 29 27 54 92 46 17 8 9 75 85 7 35 20 11 59 22 42 57 70 44 37 45 109 83 68 94 81 93 25 5 32 51 2 69 82 36 78 33 14 80 66 52 106 108 64 84 103 100 39 101 74 99 10 15 98 16 91 12 47 26 58 56 102 104 60 105 13 3 95 30 41 88 6 1 38 67 49 28 71 43 53 50 72 73 76 34 4 89 40 48 62 87 63 86 21 18 61 96 97 65 
0 19 31 77 90 23 79 55 107 24 29 27 54 92 46 17 8 9 75 85 7 35 20 11 59 22 42 25 70 44 37 45 83 109 68 94 81 93 5 51 2 69 82 36 78 33 14 57 80 66 52 106 108 64 84 103 100 39 101 74 99 10 15 98 16 91 12 47 26 58 56 102 104 60 105 13 3 95 30 41 88 32 6 1 38 67 49 28 71 43 53 50 72 73 76 34 4 89 40 48 62 87 63 86 21 18 61 96 97 65 
0 19 31 77 90 23 79 55 107 24 29 27 54 92 46 17 8 9 39 75 85 7 35 20 11 59 22 42 25 70 44 37 45 83 109 68 94 81 93 5 32 51 2 69 82 36 78 33 14 57 80 66 52 106 108 64 84 103 100 101 74 99 10 15 98 16 91 12 47 26 58 56 102 104 60 105 13 3 95 30 41 88 6 1 38 67 49 28 71 43 53 50 72 73 76 34 4 89 40 48 62 87 63 86 21 18 61 96 97 65 
0 19 31 77 90 23 79 55 107 24 29 27 54 92 46 17 8 9 75 85 7 35 20 11 59 22 42 25 70 44 37 45 83 109 68 94 81 93 5 32 51 2 69 82 67 78 33 14 57 80 66 52 106 108 64 84 103 100 39 101 74 99 10 15 98 16 91 12 47 26 58 56 102 104 60 105 13 3 95 30 41 88 6 1 38 36 49 28 71 43 53 50 72 73 76 34 4 89 40 48 62 87 63 86 21 18 61 96 97 65 
0 19 31 77 90 23 79 55 107 24 29 27 54 92 46 17 8 9 75 85 7 32 5 93 81 94 68 109 83 45 84 64 108 106 52 66 80 57 14 33 78 36 82 69 2 51 35 20 11 59 22 42 25 70 44 37 103 100 39 101 74 99 10 15 98 16 91 12 47 26 58 56 102 104 60 105 13 3 95 30 41 88 6 1 38 67 49 28 71 43 53 50 72 73 76 34 4 89 40 48 62 87 63 86 21 18 61 96 97 65 
0 19 31 77 90 23 79 55 107 24 29 27 54 92 46 17 8 9 70 25 42 22 59 11 20 35 7 85 75 44 37 45 83 109 68 94 81 93 5 32 51 2 69 82 36 78 33 14 57 80 66 52 106 108 64 84 103 100 39 101 74 99 10 15 98 16 91 12 47 26 58 56 102 104 60 105 13 3 95 30 41 88 6 1 38 67 49 28 71 43 53 50 72 73 76 34 4 40 48 62 87 89 63 86 21 18 61 96 97 65 
0 19 31 77 90 23 79 55 107 24 29 27 54 92 46 32 5 93 81 94 68 109 83 45 37 44 70 25 42 22 59 11 20 35 7 85 75 9 8 17 51 2 69 82 36 78 33 14 57 80 66 52 106 108 64 84 103 100 39 101 74 99 10 15 98 16 91 12 47 26 58 56 102 104 60 105 13 6 95 30 41 88 3 1 38 67 49 28 71 43 53 50 72 73 76 34 4 89 40 48 62 87 63 86 21 18 61 96 97 65 
0 19 31 77 90 23 79 55 107 24 29 27 54 92 46 17 8 9 75 85 7 35 16 98 15 10 99 74 101 39 100 103 84 64 108 106 52 66 80 57 14 33 78 36 82 69 2 51 32 5 93 81 94 68 109 83 45 37 44 70 25 42 22 59 11 20 91 12 47 26 58 56 102 104 60 105 13 3 95 30 41 88 6 1 38 67 49 28 71 43 53 50 72 73 76 34 4 89 40 48 62 87 63 86 21 18 61 96 97 65 
0 19 31 77 90 23 79 55 107 24 29 27 54 92 46 82 69 2 51 32 5 93 81 94 68 109 83 45 37 44 70 25 42 22 59 11 20 35 7 85 75 9 8 17 36 78 33 14 57 80 66 52 106 108 64 84 103 100 39 101 74 99 10 15 98 16 91 12 47 26 58 56 102 104 60 105 13 3 95 30 41 88 6 1 38 67 49 28 71 43 53 50 72 73 76 34 4 89 40 48 62 87 63 86 21 18 61 96 97 65 
0 19 31 77 90 23 79 55 107 24 29 27 54 92 46 17 8 9 75 85 63 87 62 48 40 89 4 34 76 73 72 50 53 43 71 28 49 67 38 1 6 88 41 30 95 3 13 105 60 104 102 56 58 26 47 12 91 16 98 15 10 99 74 101 39 100 103 84 64 108 106 52 66 80 57 14 33 78 36 82 69 2 51 32 5 93 81 94 68 109 83 45 37 44 70 25 42 22 59 11 20 35 7 86 21 18 61 96 97 65 
0 19 31 77 90 23 79 55 107 24 29 27 54 92 46 17 8 9 75 85 7 35 20 11 59 22 42 25 70 44 37 45 83 109 68 94 81 93 5 32 51 2 69 82 36 78 33 14 57 80 66 52 106 108 64 84 103 100 39 101 74 99 10 15 98 16 91 12 47 26 58 56 102 104 60 105 13 3 95 30 41 88 6 1 38 67 49 28 71 43 53 50 72 73 76 4 89 40 48 62 87 63 86 21 18 61 96 97 65 34 
0 19 31 77 90 23 79 55 107 24 29 27 54 92 46 17 8 9 75 85 7 35 20 11 59 22 42 25 70 44 37 45 83 109 68 94 81 53 43 71 28 49 67 38 1 6 88 41 30 95 3 13 105 60 104 102 56 58 26 47 12 91 16 98 15 10 99 74 101 39 100 103 84 64 108 106 52 48 80 57 14 33 78 36 82 69 2 51 32 5 93 50 72 73 76 34 4 89 40 66 62 87 63 86 21 18 61 96 97 65 
0 19 31 77 90 23 79 55 107 24 29 27 54 92 46 17 8 9 75 85 7 35 20 11 59 22 42 25 70 44 37 45 83 109 68 94 81 93 5 52 51 2 69 82 36 78 33 14 57 80 66 32 106 108 64 84 103 100 39 101 74 99 10 15 98 16 91 12 47 26 58 56 102 104 60 105 13 3 95 30 41 88 6 1 38 67 49 28 71 43 53 50 72 73 76 34 4 89 40 48 62 87 63 86 21 18 61 96 97 65 
0 19 31 77 90 23 79 55 107 24 29 27 54 92 46 17 8 9 75 85 7 35 20 11 59 22 42 25 70 44 37 45 83 109 68 97 81 93 5 32 51 2 69 82 36 78 33 14 57 80 66 52 106 108 64 84 103 100 39 101 74 99 10 15 98 16 91 12 47 26 58 56 102 104 60 105 13 3 95 30 41 88 6 1 38 67 49 28 71 43 53 50 72 73 76 34 4 89 40 48 62 87 63 86 21 18 61 96 94 65 
0 19 31 77 90 23 79 55 107 24 29 27 54 92 46 17 8 9 75 85 7 35 20 11 59 22 42 25 70 57 37 45 83 109 68 94 81 93 5 32 51 2 69 82 36 78 33 14 44 80 66 52 106 108 64 84 103 100 39 101 74 99 10 15 98 16 91 12 47 26 58 56 102 104 60 105 13 3 95 30 41 88 6 1 38 67 49 28 71 43 53 50 72 73 76 34 4 89 40 48 62 87 63 86 21 18 61 96 97 65 
0 19 31 77 90 23 79 55 107 24 29 27 54 92 46 17 8 9 75 85 7 35 20 11 59 47 12 91 16 98 15 10 99 74 101 39 100 103 84 64 108 106 52 66 80 57 14 33 78 36 82 69 2 51 32 5 93 81 94 68 109 83 45 37 44 70 25 42 22 26 58 56 102 104 60 105 13 3 95 30 41 88 6 1 38 67 49 28 71 43 53 50 72 73 76 34 4 89 40 48 62 87 63 86 21 18 61 96 97 65 
0 19 31 77 90 23 79 55 107 24 29 27 54 92 46 17 8 9 75 85 7 35 20 11 59 22 42 25 70 44 37 45 74 109 68 94 81 93 5 32 51 2 69 82 36 78 33 83 108 106 52 66 80 57 14 64 84 103 100 39 101 99 10 15 98 16 91 12 47 26 58 56 102 104 60 105 13 3 95 30 41 88 6 1 38 67 49 28 71 43 53 50 72 73 76 34 4 89 40 48 62 87 63 86 21 18 61 96 97 65 
0 19 31 77 90 23 79 55 107 24 29 27 54 92 46 17 8 9 75 85 7 35 20 11 59 22 42 25 70 44 37 45 83 109 68 94 81 93 5 32 51 2 69 82 36 78 33 14 57 80 66 52 106 108 64 84 103 100 39 101 74 1 10 15 98 16 91 12 47 26 58 56 102 104 60 105 13 3 95 30 41 88 6 99 38 67 49 28 71 43 53 50 72 73 76 34 4 89 40 48 62 87 63 86 21 18 61 96 97 65 
0 19 31 77 90 23 79 55 107 24 29 27 54 92 46 17 8 16 91 12 47 26 58 56 102 104 60 105 13 3 95 30 41 88 6 1 38 67 49 28 71 43 53 50 72 73 76 34 4 89 40 9 75 85 7 35 20 11 59 22 42 25 70 44 37 45 83 109 68 94 81 93 5 32 51 2 69 82 36 78 33 14 57 80 66 52 106 108 64 84 103 100 39 101 74 99 10 15 98 48 62 87 63 86 21 18 61 96 97 65 
0 19 31 77 90 23 79 55 107 24 29 27 54 92 46 17 8 9 75 85 7 35 20 11 59 22 42 25 70 44 37 45 83 109 68 94 81 93 5 32 51 2 69 82 36 78 33 14 57 80 66 52 106 108 64 84 103 100 72 48 101 74 99 10 15 98 16 91 12 47 26 58 56 102 104 60 105 13 3 95 30 41 88 6 1 38 67 49 28 71 43 53 50 39 73 76 34 4 89 40 62 87 63 86 21 18 61 96 97 65 
0 19 31 77 90 23 79 55 107 24 29 27 54 92 46 17 8 9 75 85 7 35 20 11 59 22 42 25 70 44 37 45 83 109 68 94 81 93 5 32 51 2 69 82 36 78 33 14 57 80 66 52 106 108 64 84 103 100 39 101 74 99 15 98 16 91 12 47 26 58 56 102 104 60 105 13 3 95 30 41 88 6 1 38 67 49 28 71 43 53 50 72 73 76 34 4 89 40 48 62 87 86 21 18 10 63 61 96 97 65 
0 46 92 54 27 29 24 107 55 79 23 90 77 31 19 17 8 9 75 85 7 35 20 11 59 22 42 25 70 44 37 45 83 109 68 94 93 5 32 51 2 69 82 36 78 33 14 57 81 80 66 52 106 108 64 84 103 100 39 101 74 99 10 15 98 16 91 12 47 26 58 56 102 104 60 105 13 3 95 30 41 88 6 1 38 67 49 28 71 43 53 50 72 73 76 34 4 89 40 48 62 87 63 86 21 18 61 96 97 65 
0 19 31 77 90 23 79 55 107 24 29 27 54 92 46 17 8 9 75 85 7 35 20 11 59 22 42 25 70 44 37 45 83 109 68 94 81 93 5 32 51 2 69 82 36 78 33 14 57 80 66 52 106 108 64 84 103 100 39 101 74 99 10 15 98 16 91 12 47 26 58 56 102 104 60 105 13 3 95 30 41 88 6 1 38 67 49 28 71 43 53 50 72 73 76 34 61 89 40 48 62 87 63 86 21 18 4 96 97 65 
0 19 31 77 90 23 79 55 107 24 29 27 54 92 46 17 8 9 75 85 7 35 20 11 59 22 42 25 70 44 37 45 83 109 68 94 81 93 5 32 51 2 69 82 36 78 33 14 57 80 66 52 106 108 64 84 15 98 16 91 12 47 26 58 56 102 104 60 105 13 3 95 30 41 88 6 1 38 67 49 28 71 43 53 50 72 73 76 34 4 89 40 48 62 87 63 10 103 100 39 101 74 99 86 21 18 61 96 97 65 
0 19 31 77 90 23 79 55 107 24 29 27 54 92 46 17 8 9 75 85 7 35 20 11 59 22 42 96 70 44 37 45 83 109 68 94 81 93 5 32 51 2 69 82 36 78 33 14 57 80 66 52 106 108 64 84 103 100 39 101 74 99 10 15 98 16 91 12 47 26 58 56 102 104 60 105 13 3 95 30 41 88 6 1 38 67 49 28 71 43 53 50 72 73 76 34 4 89 40 48 62 87 63 86 21 18 61 25 97 65 
0 19 31 77 90 23 79 55 107 24 29 27 54 92 46 17 8 9 75 85 7 35 20 11 59 22 42 25 70 44 37 45 83 109 68 94 81 93 5 32 51 2 69 82 36 78 33 14 57 80 66 52 106 108 64 103 100 39 101 74 99 10 15 98 16 48 12 47 26 58 56 102 104 60 105 13 3 95 30 41 88 6 1 38 67 49 28 71 43 84 53 50 72 73 76 34 4 89 40 91 62 87 63 86 21 18 61 96 97 65 
0 19 31 77 90 23 79 55 107 24 29 27 54 92 46 17 8 9 1 6 88 41 30 95 3 13 105 60 104 102 56 58 26 47 12 91 16 98 15 10 99 74 101 39 100 103 84 64 108 106 52 66 80 57 14 33 78 36 82 69 2 51 32 5 93 81 94 68 109 83 45 37 44 70 25 42 22 59 11 20 35 7 85 75 38 67 49 28 71 43 53 50 72 73 76 34 4 89 40 48 62 87 63 86 21 18 61 96 97 65 
0 84 103 100 39 101 74 99 10 15 98 16 91 12 47 26 58 56 102 104 60 105 13 3 95 30 41 88 6 1 38 67 49 28 71 43 53 50 72 19 31 77 90 23 79 55 107 24 29 27 54 92 46 17 8 9 75 85 7 35 20 11 59 22 42 25 70 44 37 45 83 109 68 94 81 93 5 32 51 2 69 82 36 78 33 14 57 80 66 52 106 108 64 73 76 34 4 89 40 48 62 87 63 86 21 18 61 96 97 65 
0 19 31 77 90 23 79 55 107 24 29 27 54 92 46 17 8 9 75 85 7 35 20 11 59 22 42 25 70 44 37 45 83 109 68 94 81 93 5 32 51 2 69 82 36 78 33 14 57 80 66 52 106 108 64 84 103 100 39 101 74 99 10 15 98 16 91 12 47 26 58 56 102 104 60 105 13 3 95 30 41 88 6 1 38 49 28 71 43 53 50 72 73 76 34 4 89 40 48 62 87 67 63 86 21 18 61 97 96 65 
0 19 31 77 90 23 79 55 107 24 29 27 54 92 46 17 8 9 75 85 7 35 20 11 59 22 42 25 70 44 101 45 83 109 68 94 81 93 5 32 51 2 69 82 36 78 33 14 57 80 66 52 106 108 64 84 103 100 39 37 74 99 10 15 98 16 91 12 47 26 58 56 102 104 60 105 13 3 95 30 41 88 6 1 38 67 49 28 71 43 53 50 72 73 76 34 4 89 40 48 62 87 63 86 21 18 61 96 97 65 
0 19 31 77 90 23 79 55 107 24 29 27 54 92 46 17 8 9 75 85 7 56 58 26 47 12 91 16 98 15 10 99 74 101 39 100 103 84 64 108 106 52 66 80 57 14 33 78 36 82 69 2 51 32 5 93 81 94 68 109 83 45 37 44 70 25 42 22 59 11 20 35 102 104 60 105 13 3 95 30 41 88 6 1 38 67 49 28 71 43 53 50 72 73 76 34 4 89 40 48 62 87 63 86 21 18 61 96 65 97 
0 19 31 77 90 23 79 55 107 24 29 27 54 92 46 17 8 9 75 85 7 35 20 11 59 22 42 25 47 26 58 56 102 104 60 105 13 3 95 30 41 88 6 1 38 67 49 28 71 43 53 50 72 73 76 34 4 89 40 48 62 87 70 44 37 45 83 109 68 94 81 93 5 32 51 2 69 82 36 78 33 14 57 80 66 52 106 108 64 84 103 100 39 101 74 99 10 15 98 16 91 12 63 86 21 18 61 96 97 65 
0 19 31 77 90 79 55 107 24 29 27 54 92 46 17 8 9 75 85 7 35 20 11 59 22 42 25 70 44 37 45 83 109 68 94 81 93 5 32 51 2 69 82 36 78 33 14 57 80 66 52 106 108 64 84 103 100 39 101 74 99 10 15 98 16 91 12 47 26 58 56 102 104 60 105 13 3 95 30 41 88 6 1 38 67 49 28 71 43 53 23 50 72 73 76 34 4 89 40 48 62 87 63 86 21 18 61 96 97 65 
0 19 31 77 42 25 70 44 37 45 83 109 68 94 81 93 5 32 51 2 69 82 36 78 33 22 90 23 79 55 107 24 29 27 54 92 46 17 8 9 75 85 7 35 20 11 59 14 57 80 66 52 106 108 64 84 103 100 39 101 74 99 10 15 98 16 91 12 47 26 58 56 102 104 60 105 13 3 95 30 41 88 6 1 38 67 49 28 71 43 53 50 72 73 76 34 4 89 40 48 62 87 63 86 21 18 61 96 97 65 
0 19 31 77 90 23 79 55 107 24 29 27 54 92 69 2 51 32 5 93 81 94 68 109 83 45 37 44 70 25 42 22 59 11 20 35 7 85 75 9 8 17 46 82 36 78 33 57 80 66 52 106 108 64 99 74 101 39 100 103 84 10 15 98 16 91 12 47 26 58 56 14 102 104 60 105 13 3 95 30 41 88 6 1 38 67 49 28 71 43 53 50 72 73 76 34 4 89 40 48 62 87 63 86 21 18 61 96 97 65 
0 19 31 77 90 23 79 55 107 24 29 27 54 92 46 17 8 9 75 85 7 35 20 11 59 22 42 25 70 44 37 45 1 109 68 94 81 93 5 32 51 2 69 82 36 78 33 14 57 80 66 52 106 108 64 84 103 100 39 101 74 99 10 15 98 16 91 12 47 26 58 56 102 104 60 105 13 3 95 30 41 88 6 83 38 67 49 28 71 43 53 50 72 73 76 34 4 89 40 48 62 87 63 86 21 18 61 96 97 65 
0 19 31 77 90 23 79 55 107 24 71 28 49 67 38 1 6 88 41 30 95 3 13 105 60 104 102 56 58 26 47 12 91 16 98 15 10 99 74 101 39 100 103 84 64 108 106 52 66 80 57 14 33 78 36 82 69 2 51 32 5 93 81 94 68 109 83 45 37 44 70 25 42 22 59 11 20 35 7 85 75 9 8 17 46 92 54 27 29 43 53 50 72 73 76 34 4 89 40 48 62 87 63 86 21 18 61 96 97 65 
0 19 31 77 90 23 79 55 107 24 29 27 54 92 46 17 8 9 68 94 81 93 5 32 51 2 69 82 36 78 33 45 83 109 75 85 7 35 20 11 59 22 42 25 70 44 37 14 57 80 66 52 106 108 64 43 71 28 49 67 38 1 6 88 41 30 95 3 13 105 60 104 102 56 58 26 47 12 91 16 98 15 10 99 74 101 39 100 103 84 53 50 72 73 76 34 4 89 40 48 62 87 63 86 21 18 61 96 97 65 
0 19 31 77 90 23 79 55 107 24 29 27 54 92 46 17 8 9 75 85 7 35 20 11 59 22 42 25 70 44 37 45 83 109 68 94 81 93 5 32 51 2 69 82 36 78 76 34 4 89 40 48 62 87 63 86 21 18 61 96 97 65 10 15 98 16 91 12 47 26 58 56 102 104 60 105 13 3 95 30 41 88 6 1 38 67 49 28 71 43 53 50 72 73 33 14 57 80 66 52 106 108 64 84 103 100 39 101 74 99 
0 19 31 77 90 23 79 55 107 24 29 27 54 92 46 17 8 9 75 85 7 35 20 11 59 22 42 25 70 44 37 45 83 109 68 94 81 93 5 32 51 2 69 82 36 78 33 14 57 80 66 52 106 108 64 84 103 100 39 101 74 99 47 26 58 56 102 104 60 105 13 3 95 30 41 88 6 1 38 67 49 28 71 43 53 50 72 73 76 34 4 89 40 48 62 87 63 86 21 18 61 96 97 10 15 98 16 91 12 65 
0 19 31 77 90 23 79 55 107 24 29 27 54 92 46 17 8 9 75 85 7 35 20 11 59 22 42 25 70 44 37 45 83 109 68 94 81 93 5 32 51 2 69 82 36 78 33 14 57 80 66 52 106 108 64 84 103 100 39 101 74 99 10 40 48 62 87 63 86 21 58 56 102 104 60 105 13 3 95 30 41 88 6 1 38 67 49 28 71 43 53 50 72 73 76 34 4 89 15 98 16 91 12 47 26 18 61 96 97 65 
0 19 31 77 90 23 79 55 107 24 29 27 54 92 46 17 8 9 75 85 7 35 20 11 59 22 42 25 70 44 37 45 83 109 68 94 81 93 5 32 51 2 69 82 36 78 33 14 57 80 66 52 106 108 64 84 103 100 39 101 74 99 10 15 98 16 91 12 47 26 58 56 102 104 60 105 13 3 95 30 41 67 38 1 6 88 49 28 71 43 53 50 72 73 76 34 4 89 61 96 97 65 63 86 21 18 40 48 62 87 
0 19 31 77 90 23 79 55 107 24 29 27 54 92 46 17 8 9 75 85 7 35 20 11 59 22 42 25 70 44 37 45 83 109 68 94 81 93 5 32 51 2 15 98 69 82 36 78 33 14 57 80 66 52 106 108 64 84 103 100 39 101 74 99 10 16 91 12 47 26 58 56 102 104 60 105 13 3 95 30 41 88 6 1 38 67 49 28 71 43 53 50 72 73 76 4 89 40 48 62 87 63 86 21 18 61 96 97 65 34 
0 19 31 77 90 23 79 55 107 24 29 27 54 92 46 17 8 9 75 85 7 35 20 11 59 22 42 25 70 44 37 45 83 109 68 94 81 93 5 32 51 2 69 82 36 78 33 14 57 80 66 52 106 108 64 84 103 100 39 101 74 99 10 15 98 16 91 12 47 26 58 56 102 104 60 105 13 3 95 30 41 88 6 1 18 67 49 28 71 43 53 50 72 73 76 34 4 89 40 48 62 87 63 86 21 38 61 96 97 65 
0 19 31 77 90 23 79 55 107 24 29 27 92 46 17 8 9 75 85 7 35 20 11 59 22 42 25 70 44 37 45 83 109 68 94 81 93 5 32 51 2 69 82 36 78 49 67 38 1 6 88 41 30 95 3 13 105 60 104 102 56 58 26 47 12 91 66 98 15 10 99 74 101 54 39 100 103 84 64 108 106 52 16 80 57 14 33 28 71 43 53 50 72 73 76 34 4 89 40 48 62 87 63 86 21 18 61 96 97 65 
0 19 31 77 90 23 79 55 107 24 29 27 54 92 46 17 8 9 75 85 7 35 20 11 59 22 42 25 70 44 37 67 49 28 71 43 53 50 72 73 76 34 4 89 40 48 62 87 57 80 66 52 106 108 64 84 103 100 39 101 74 99 10 15 98 16 91 12 47 26 58 56 102 104 60 13 3 105 95 30 41 88 6 1 38 45 83 109 68 94 81 93 5 32 51 2 69 82 36 78 33 14 63 86 21 18 61 96 97 65 
0 19 31 77 90 23 79 55 107 24 29 27 54 92 46 17 8 9 75 85 7 35 20 11 59 22 42 25 70 44 37 45 83 109 68 94 81 93 5 32 51 2 69 82 36 78 33 14 57 80 66 52 108 67 84 103 100 39 101 74 99 10 15 98 16 91 12 47 26 58 56 102 104 60 105 13 3 95 30 41 88 6 1 38 64 49 28 71 43 53 50 72 73 76 34 4 89 40 48 62 87 106 63 86 21 18 61 96 97 65 
0 19 31 77 90 23 79 55 107 24 29 27 54 92 46 17 8 82 75 85 7 35 20 11 59 22 42 25 70 44 37 45 83 109 68 94 81 93 5 32 51 2 69 9 36 78 33 14 57 80 66 52 106 108 64 84 103 100 39 101 74 99 10 15 98 16 91 12 47 26 58 56 102 60 105 13 3 95 30 41 88 6 1 38 67 49 28 104 71 43 53 50 72 73 76 34 4 89 40 48 62 87 63 86 21 18 61 96 97 65 
0 19 31 77 90 23 79 55 107 24 29 27 54 92 46 17 34 76 73 72 50 53 43 71 28 49 67 38 1 6 88 41 30 95 3 13 105 60 104 102 56 58 26 47 12 91 16 98 15 10 99 74 101 39 100 103 84 64 108 106 52 66 80 25 57 14 33 78 36 82 69 2 51 32 5 93 81 94 68 109 83 45 37 44 70 42 22 59 11 20 35 7 85 75 9 8 4 89 40 48 62 87 63 86 21 18 61 96 97 65 
0 19 31 77 90 103 100 39 101 74 99 10 15 98 16 91 12 47 26 58 56 102 104 60 105 13 3 95 30 41 88 6 1 38 67 49 28 71 43 53 50 72 73 76 34 4 89 40 48 62 87 63 86 21 18 61 23 79 55 107 24 29 27 54 92 46 17 8 9 75 85 7 35 20 11 59 22 42 25 70 44 37 45 83 109 68 94 81 93 5 32 51 2 69 82 36 78 33 14 57 80 66 52 106 108 64 84 96 97 65 
0 19 31 77 90 23 79 55 107 24 29 27 54 92 46 17 8 9 75 85 7 35 20 11 59 22 42 25 70 44 37 45 83 109 68 94 81 93 5 32 51 2 69 82 36 78 33 14 1 80 66 52 106 108 64 84 103 100 39 101 74 99 10 15 30 41 88 6 57 38 67 49 28 71 43 53 50 3 95 98 16 91 12 47 26 58 56 102 104 60 105 13 72 73 76 34 4 89 40 48 62 87 63 86 21 18 61 96 97 65 
0 19 31 77 90 23 79 55 107 24 29 27 54 92 46 17 8 9 106 52 66 80 57 14 33 78 109 68 94 81 93 5 32 51 2 69 82 36 83 45 37 44 70 25 42 22 59 11 20 35 7 85 75 108 64 84 103 100 39 101 74 99 10 15 98 16 91 12 47 13 3 95 30 41 88 6 1 38 67 49 26 58 56 102 104 60 28 105 71 43 53 50 72 73 76 34 4 89 40 48 62 87 63 86 21 18 61 96 97 65 
0 19 31 77 90 23 79 55 107 24 29 27 54 92 46 17 8 9 75 85 7 35 20 11 59 22 42 25 70 44 37 45 83 102 56 58 26 47 12 91 16 98 15 10 99 74 101 39 100 103 84 64 108 106 52 66 80 57 62 33 78 36 82 69 2 51 32 5 93 81 94 68 109 104 60 105 13 3 95 30 41 88 6 1 38 67 49 28 71 43 53 50 72 73 76 34 4 89 40 48 14 87 63 86 21 18 61 96 97 65 
0 19 31 77 90 23 79 55 107 24 29 27 54 92 46 17 8 9 75 85 7 35 20 11 59 81 42 25 30 95 3 13 105 60 104 102 56 58 26 47 12 91 16 98 57 15 10 99 74 101 39 100 103 84 64 108 106 52 66 80 14 33 78 36 82 69 2 51 32 5 93 22 94 68 109 83 45 37 44 70 41 88 6 1 38 67 49 28 71 43 53 50 72 73 76 34 4 89 40 48 62 87 63 86 21 18 61 96 97 65 
0 21 31 77 90 23 79 55 107 24 29 27 54 92 46 17 8 9 75 85 7 35 20 11 59 22 42 25 70 44 37 45 83 109 68 94 81 93 5 32 51 2 69 82 36 78 33 14 57 80 66 52 106 108 64 84 103 100 39 101 74 99 10 15 98 16 91 12 47 26 58 56 102 104 60 105 13 3 95 30 41 88 6 1 38 67 49 28 71 43 53 50 72 73 76 34 4 89 40 48 62 87 63 86 19 18 61 96 97 65 
0 19 31 77 90 23 79 55 107 24 29 27 54 92 46 17 8 9 75 85 7 35 20 11 59 22 42 25 70 44 37 45 83 109 56 94 81 93 5 32 51 2 69 82 36 78 33 14 57 80 66 52 106 108 64 84 103 100 39 101 74 99 10 15 98 16 91 12 47 26 58 68 102 104 60 105 13 3 95 30 41 88 6 1 38 67 49 28 71 43 53 50 72 73 76 34 89 40 48 62 87 63 86 21 18 61 96 4 97 65 
0 19 31 77 90 23 79 55 107 24 29 27 54 92 46 17 8 9 106 85 7 35 20 11 59 22 42 25 70 44 75 37 45 83 109 68 94 81 93 5 32 51 2 69 82 36 78 33 14 57 80 66 52 108 64 84 103 100 39 101 74 99 10 15 98 16 91 12 47 26 58 56 102 104 60 105 13 3 95 30 41 88 6 1 38 67 49 40 89 4 34 76 73 72 50 53 43 71 28 48 62 87 63 86 21 18 61 96 97 65 
0 19 31 77 90 23 79 55 107 24 44 27 54 92 46 17 8 9 75 85 7 35 20 11 59 22 42 25 70 29 37 45 83 109 68 94 81 93 5 32 51 2 69 82 36 78 33 14 57 80 66 52 106 108 64 84 103 100 39 101 74 99 10 15 98 16 91 12 47 26 58 56 102 104 60 105 13 3 73 72 50 53 43 71 28 49 67 38 1 6 88 41 30 95 76 34 4 89 40 48 62 87 63 86 21 18 61 96 97 65 
0 19 31 77 90 32 79 55 107 24 29 27 54 92 46 17 8 9 75 85 7 35 20 11 59 22 42 25 70 44 37 45 83 109 68 94 81 93 5 23 51 2 69 82 36 78 33 14 57 80 66 52 106 108 64 84 103 100 39 101 74 99 10 15 98 16 91 12 47 26 58 56 102 104 60 105 13 3 95 30 41 88 6 1 38 67 49 28 71 43 53 50 72 73 76 34 4 89 40 48 62 87 63 86 21 18 61 96 97 65 
0 19 31 77 90 23 79 55 107 24 29 27 54 92 46 17 8 9 30 95 3 13 105 60 104 102 56 58 26 47 12 91 16 98 57 15 10 99 74 101 39 100 103 84 64 108 106 52 66 80 14 33 78 36 82 69 2 51 32 5 93 81 94 68 109 83 45 37 44 70 25 42 22 59 11 20 35 7 85 75 41 88 6 1 38 67 49 28 71 43 53 50 72 73 76 34 4 89 40 48 62 63 86 21 18 61 96 87 97 65 
0 19 31 77 90 23 79 55 107 24 29 27 54 92 46 17 8 9 75 85 7 35 20 11 59 22 42 25 70 44 37 45 83 109 68 94 81 93 5 32 51 2 69 49 28 71 43 53 50 72 73 76 34 4 89 40 48 62 87 63 86 21 18 61 96 97 91 12 47 26 58 56 102 104 60 105 13 3 95 30 41 88 6 1 38 67 82 36 78 33 14 57 80 66 52 106 108 64 84 103 100 39 101 74 99 10 15 98 16 65 
0 19 31 77 90 23 79 55 107 29 27 54 92 46 17 8 9 75 85 7 35 20 11 59 22 42 25 70 44 37 45 83 109 68 94 81 93 5 32 51 2 69 82 36 15 24 98 78 33 14 57 80 66 52 106 108 64 84 103 100 39 101 74 99 10 16 91 12 47 26 58 56 102 104 60 105 13 3 95 30 41 88 6 1 38 67 49 28 71 43 53 50 72 73 76 34 4 89 40 48 62 87 63 86 21 18 61 96 97 65 
0 19 31 77 90 23 79 55 107 24 29 27 54 92 46 17 8 9 75 85 7 35 103 11 59 22 100 25 42 70 44 37 45 83 109 68 94 81 93 5 32 51 2 69 82 36 78 33 14 57 80 66 52 106 108 64 84 20 39 101 74 99 10 15 98 16 91 12 47 26 58 56 102 104 60 105 13 3 95 30 41 88 6 1 38 67 49 28 71 43 53 50 72 73 76 34 4 89 40 48 62 87 63 86 21 18 61 96 97 65 
0 69 2 51 32 5 93 81 94 68 109 83 45 37 19 31 77 90 23 79 75 9 8 17 46 92 54 27 29 24 107 55 85 7 35 20 11 59 22 42 25 70 44 82 36 78 33 14 57 80 66 52 106 108 64 84 103 100 39 101 74 10 15 98 16 91 12 47 26 58 56 102 104 60 105 99 13 3 95 30 41 88 6 1 38 67 49 28 71 43 53 50 72 73 76 34 4 89 40 48 62 87 63 86 21 18 61 96 97 65 
0 19 31 77 90 23 79 55 107 24 29 27 54 92 46 17 8 9 75 85 7 35 20 11 59 22 42 25 70 44 37 45 109 68 94 81 93 5 32 51 2 69 82 36 78 33 30 41 88 6 1 38 67 49 28 71 43 53 50 72 73 76 34 4 89 40 48 62 87 26 58 56 102 104 60 105 13 3 95 14 57 83 80 66 52 106 108 64 84 103 100 39 101 74 99 10 15 98 16 91 12 47 63 86 21 18 61 96 97 65 
0 19 31 77 90 23 79 55 107 24 29 27 54 92 46 10 15 98 16 91 12 47 26 58 56 102 104 60 105 13 3 95 30 41 88 6 1 38 67 49 28 71 43 53 50 72 73 76 34 4 89 40 48 62 87 63 17 8 9 75 85 7 35 20 11 59 22 42 25 70 44 37 45 83 109 68 94 81 93 5 32 51 2 69 82 36 78 33 14 57 80 66 52 106 108 64 84 103 100 39 101 74 99 86 21 18 61 96 97 65 
0 19 31 77 90 23 79 55 107 24 29 27 54 92 46 17 8 9 75 12 47 26 58 56 102 104 60 105 13 3 95 30 41 88 6 1 38 67 49 28 71 43 53 50 72 73 76 34 4 80 66 52 106 108 64 84 103 100 39 101 74 99 10 15 98 16 91 85 7 35 20 11 59 22 42 25 70 44 69 45 83 109 68 94 81 93 5 32 51 2 37 82 36 78 33 14 57 89 40 48 62 87 63 86 21 18 61 96 97 65 
0 19 31 77 90 23 79 55 107 24 29 27 54 92 46 17 8 9 75 85 7 35 20 11 59 22 42 25 70 44 37 45 83 109 68 94 81 93 5 32 51 2 69 82 36 78 33 14 57 80 66 52 106 108 64 84 103 100 39 101 74 99 10 15 98 16 91 12 47 26 58 56 102 18 60 105 13 3 95 30 41 88 6 1 38 67 49 28 71 43 53 50 72 73 76 34 4 89 40 48 62 87 63 86 21 104 61 96 97 65 
0 19 31 77 90 23 79 55 107 24 29 27 54 92 46 17 8 9 72 85 7 35 20 11 59 22 42 25 70 44 37 45 83 109 68 75 94 81 93 5 32 51 2 69 82 36 78 14 57 80 66 52 106 108 64 84 103 100 39 101 74 99 10 15 98 16 91 12 47 33 26 58 56 102 104 60 105 13 3 95 30 41 88 6 1 38 67 49 28 71 43 53 50 73 76 34 4 89 40 48 62 87 63 86 21 18 61 96 97 65 
0 19 31 77 90 23 79 55 107 89 29 27 54 92 46 17 8 9 75 85 7 35 20 11 59 22 42 25 70 44 37 45 83 109 68 94 81 93 5 32 51 2 69 82 36 78 33 14 57 80 66 52 106 108 64 84 103 100 39 101 74 99 10 15 98 16 91 12 47 26 58 56 102 104 60 105 13 3 95 30 41 88 6 1 38 67 49 28 71 43 53 50 72 73 76 34 4 24 40 48 62 87 63 86 21 18 61 96 97 65 
0 19 31 77 90 23 79 55 107 24 29 27 54 92 46 17 8 9 75 85 7 35 20 11 59 22 42 25 70 44 37 45 83 109 68 94 81 93 5 95 30 41 88 6 1 38 67 49 28 71 43 53 50 72 73 76 34 4 89 40 48 62 87 63 86 21 91 12 47 26 58 56 102 104 60 105 13 3 32 51 2 69 82 36 78 33 14 57 80 66 52 106 108 64 84 103 100 39 101 74 99 10 15 98 16 18 61 96 97 65 
0 19 31 77 90 23 79 55 107 24 29 27 54 92 46 17 8 9 72 85 7 35 20 11 59 22 42 25 70 44 37 45 83 109 68 94 81 93 5 32 51 2 69 82 36 78 33 57 80 66 52 106 108 64 84 103 100 39 101 74 99 10 15 98 14 16 91 12 47 26 58 56 102 104 60 105 13 3 95 30 41 88 6 1 38 67 49 28 71 43 53 50 75 73 76 34 4 89 40 48 62 87 63 86 21 18 61 96 97 65 
0 19 31 77 90 23 79 55 107 24 29 27 54 92 46 17 8 9 75 85 7 35 20 11 59 22 42 25 70 44 37 45 83 109 68 94 81 93 5 32 51 2 69 82 36 78 33 14 57 80 66 52 106 108 64 84 103 100 39 101 74 99 10 15 98 97 91 12 47 26 58 56 102 104 60 105 13 3 95 30 41 88 6 1 38 67 49 28 71 43 53 50 72 73 76 34 4 89 40 48 62 87 63 86 21 18 61 96 16 65 
0 19 77 90 23 79 55 107 24 29 27 54 92 46 17 8 9 75 85 7 35 20 11 59 22 42 25 70 44 37 45 83 109 68 94 81 93 5 32 51 2 69 82 36 78 33 14 57 80 66 52 106 108 64 84 103 100 39 101 74 99 10 15 98 16 91 12 47 18 21 86 63 87 62 48 40 89 4 34 76 31 73 72 50 53 43 71 28 49 67 38 1 6 88 41 30 95 3 13 105 60 104 102 56 58 26 61 96 97 65 
0 19 31 77 90 23 79 55 107 24 29 48 54 92 46 17 8 9 75 85 7 35 20 11 59 22 42 25 70 44 37 45 83 109 68 94 81 93 5 32 51 2 69 82 36 78 33 14 57 80 66 52 106 108 64 84 103 100 39 27 101 74 99 10 15 98 16 91 12 47 26 58 56 102 104 60 105 13 3 95 30 41 88 6 1 38 67 49 28 71 43 53 50 72 73 76 34 4 89 40 62 87 63 86 21 18 61 96 97 65 
0 19 31 77 90 23 79 55 107 24 29 27 54 92 46 17 8 9 75 85 7 35 20 11 59 22 42 25 70 44 37 45 83 109 68 94 81 93 40 89 4 34 76 73 58 56 102 104 60 105 13 3 95 30 41 88 6 1 38 67 49 28 71 43 53 50 72 12 47 26 97 87 61 18 21 86 63 96 62 48 5 32 51 2 69 82 36 78 33 14 57 80 66 52 106 108 64 84 103 100 39 101 74 99 10 15 98 16 91 65 
0 19 31 77 90 23 79 55 107 24 29 27 54 92 46 17 8 9 75 85 7 35 20 11 59 22 42 25 70 44 37 45 83 109 68 94 81 93 5 32 51 2 69 82 36 78 33 14 57 80 66 52 50 53 43 71 28 49 67 38 1 6 88 41 30 95 3 13 105 60 104 102 56 58 26 47 86 91 16 98 15 10 99 74 101 39 100 103 84 64 108 106 72 73 76 34 4 89 40 48 62 87 63 12 21 18 61 96 97 65 
0 19 31 103 100 39 101 74 99 10 15 98 16 91 12 47 26 58 56 102 104 60 105 13 3 95 30 41 88 6 1 38 67 49 28 71 43 53 50 72 73 76 34 4 89 40 48 62 87 63 86 21 18 61 64 84 77 90 23 79 55 107 24 29 27 54 92 46 17 8 9 75 85 7 35 20 11 59 22 42 25 70 44 37 45 83 109 68 94 81 93 5 32 51 2 69 82 36 78 33 14 57 80 66 52 106 108 96 97 65 
0 19 31 77 90 23 79 55 107 24 29 27 54 92 46 17 8 9 75 85 7 35 20 11 59 22 42 25 70 44 39 82 69 2 51 32 5 93 81 94 68 109 83 45 97 36 78 33 14 57 80 66 52 106 108 64 84 103 100 101 74 99 10 15 98 16 91 12 47 26 58 56 102 104 37 60 105 13 3 95 30 41 88 6 1 38 67 49 28 71 43 53 50 72 73 76 34 4 89 40 48 62 87 63 86 21 18 61 96 65 
0 19 31 77 90 23 79 55 107 24 29 27 54 92 46 17 8 9 75 85 7 35 20 11 59 22 42 25 70 44 39 82 69 2 51 32 5 93 81 94 68 109 83 45 97 36 78 33 14 57 80 66 52 106 108 64 84 103 100 101 74 99 10 15 98 16 91 12 47 26 58 56 102 104 37 60 105 13 3 95 30 41 88 6 1 38 67 49 28 71 43 53 50 72 73 76 34 4 89 40 48 62 87 63 86 21 18 61 96 65 
0 19 31 77 90 17 79 55 107 24 29 72 50 53 43 71 28 49 67 38 1 6 88 41 30 95 3 13 105 60 104 102 56 58 26 47 12 91 16 98 15 10 99 74 101 39 100 103 84 64 108 106 52 66 80 57 14 33 78 36 82 69 2 51 32 5 93 81 94 68 109 83 45 37 44 70 25 42 22 59 11 20 35 7 85 75 9 8 23 46 92 54 27 73 76 34 4 89 40 48 62 87 63 86 21 18 61 96 97 65 
0 19 31 77 90 23 79 55 107 24 29 27 54 92 46 17 8 9 75 85 7 35 20 59 2 42 25 52 44 37 45 83 109 68 94 81 93 5 32 51 22 69 82 36 78 33 14 57 80 66 11 70 106 108 64 84 103 100 39 101 74 99 10 15 98 16 91 12 47 26 58 56 102 104 60 105 13 3 95 30 41 88 6 1 38 67 49 28 71 43 53 50 72 73 76 34 4 89 40 48 62 87 63 86 21 18 61 96 97 65 
0 19 31 77 90 23 79 55 107 24 29 27 54 92 46 17 99 10 15 98 16 91 12 47 26 58 56 102 104 60 105 13 3 95 30 41 88 6 1 38 67 49 28 71 43 53 50 72 73 76 34 4 89 40 48 62 87 63 86 21 18 8 9 75 85 7 35 20 11 59 22 42 25 70 44 37 45 101 39 100 103 84 64 108 106 52 66 80 57 14 33 78 36 82 69 2 51 32 5 93 81 94 68 109 83 74 61 96 97 65 
0 19 31 77 90 23 79 55 107 24 29 27 54 92 46 17 8 9 75 85 7 35 20 11 59 22 42 25 70 44 37 6 83 109 68 94 81 93 5 32 51 2 69 82 36 78 33 14 57 80 66 52 106 108 64 84 103 100 39 101 74 99 10 15 98 16 91 12 47 26 58 56 102 104 60 105 13 3 95 30 41 88 45 1 38 67 49 28 71 43 53 50 72 73 76 34 4 89 40 48 62 87 63 86 21 18 61 97 65 96 
0 52 106 108 64 84 103 100 39 101 74 99 10 15 98 16 91 12 47 26 58 56 102 104 60 105 13 3 95 30 41 88 6 1 38 67 49 28 71 43 53 50 72 73 76 34 4 14 57 80 66 19 31 77 90 23 79 55 107 24 29 27 54 92 17 8 9 75 85 7 35 20 11 59 22 42 25 70 44 37 45 83 109 68 46 94 81 93 5 32 51 2 69 82 36 78 33 89 40 48 62 87 63 86 21 18 61 96 97 65 
0 19 31 108 106 52 66 80 57 14 33 78 36 82 69 2 51 32 5 93 81 94 68 109 83 45 37 44 70 25 42 22 59 11 20 35 7 85 75 9 8 17 46 92 54 27 29 24 107 55 79 23 90 77 64 1 103 100 39 101 74 99 10 15 98 16 91 12 47 26 58 56 102 104 60 105 13 3 95 30 41 88 6 84 38 67 49 28 71 43 53 50 72 73 76 34 4 89 40 48 62 87 63 86 21 18 61 96 97 65 
0 19 31 77 90 23 79 55 107 24 29 27 54 92 46 57 8 9 75 85 7 35 20 11 59 22 42 25 70 44 37 45 83 109 68 94 81 93 5 32 51 2 69 82 36 78 33 14 17 80 66 52 106 108 64 84 103 100 39 101 74 99 10 15 98 16 91 12 47 26 58 56 102 104 60 105 13 3 95 30 41 88 6 1 38 67 49 28 71 43 53 50 72 73 76 34 4 89 40 48 62 87 63 86 21 18 61 96 97 65 
0 19 31 77 90 23 79 55 107 24 29 27 54 92 46 17 8 9 75 85 7 35 20 11 59 22 42 25 70 44 37 45 83 109 68 94 81 93 5 32 51 2 69 82 36 78 95 30 41 88 6 1 38 67 49 28 71 43 53 50 72 73 76 34 4 89 40 48 62 87 63 86 21 18 61 96 97 3 33 100 103 84 64 108 106 52 66 80 57 14 39 101 74 99 10 15 98 16 91 12 47 26 58 56 102 104 60 105 13 65 
0 19 31 77 90 23 79 55 107 24 29 27 54 92 46 10 98 16 91 12 47 26 58 56 102 104 60 105 13 3 95 30 41 88 6 1 38 67 49 28 71 43 53 50 72 73 76 34 4 89 40 48 62 87 63 15 103 100 39 101 74 99 17 8 9 75 85 7 35 20 11 59 22 42 25 70 44 37 45 83 109 68 94 81 93 5 32 51 2 69 82 36 78 33 14 57 80 66 52 106 108 64 84 86 21 18 61 96 97 65 
0 19 31 77 90 23 79 51 107 24 29 27 54 92 46 17 8 9 75 85 7 35 20 11 59 100 103 84 64 108 106 52 66 80 57 14 33 78 36 82 69 2 55 32 5 93 81 94 68 109 83 45 37 44 70 25 42 22 39 101 74 99 10 15 98 16 91 12 47 26 58 56 102 104 60 105 13 3 95 30 41 88 6 1 38 67 49 28 71 43 53 50 72 73 76 34 4 89 40 48 62 87 63 86 21 18 61 96 97 65 
0 19 31 77 90 23 79 55 107 24 29 27 54 92 46 17 8 9 75 85 7 35 20 11 59 22 101 25 70 44 37 45 83 109 68 94 81 93 5 32 51 2 69 82 36 78 33 14 57 80 66 52 106 108 64 84 103 100 39 42 74 63 87 62 48 40 89 4 34 76 73 72 50 53 43 71 28 49 67 38 1 6 88 41 30 95 3 13 105 60 104 102 56 58 26 47 12 91 16 98 15 10 99 86 21 18 61 96 97 65 
0 19 31 109 90 23 79 55 107 24 29 27 54 92 46 17 8 9 75 85 7 35 20 11 59 22 42 25 70 44 45 83 77 68 94 81 93 5 32 51 2 69 82 36 78 33 14 37 57 80 66 71 106 108 64 84 103 100 39 101 74 99 10 15 98 16 91 12 47 26 58 56 102 104 60 105 13 3 95 30 41 88 6 1 38 67 49 28 52 43 53 50 72 73 76 34 4 89 40 48 62 87 63 86 21 18 61 96 97 65 
0 19 31 77 90 23 79 55 107 24 29 27 54 92 46 61 8 9 75 85 7 35 20 11 59 22 42 25 70 44 37 45 83 109 68 94 81 93 5 32 51 2 69 82 36 78 33 14 57 80 66 52 106 108 64 84 103 100 39 101 74 99 10 15 98 16 91 12 47 26 58 56 102 104 60 105 13 3 95 30 41 88 6 1 38 67 49 28 71 43 53 50 72 73 76 34 4 89 40 48 62 87 63 86 21 18 17 96 97 65 
0 19 31 77 90 23 79 55 107 24 29 27 54 92 46 17 8 9 75 85 7 35 16 98 15 10 99 74 101 39 100 103 84 64 108 106 52 66 80 57 14 33 78 36 82 69 2 51 32 5 93 81 94 68 109 83 45 37 44 71 43 53 50 72 73 76 34 4 89 40 48 62 87 104 60 105 13 3 95 30 41 88 6 1 38 67 49 28 70 25 42 22 59 11 20 91 12 47 26 58 56 102 63 86 21 18 61 96 97 65 
0 19 104 102 56 58 26 47 12 91 16 98 15 10 99 74 101 39 100 103 84 64 108 67 49 28 71 43 53 50 72 73 76 34 4 89 40 48 62 87 63 86 21 18 61 96 33 14 57 80 66 52 106 38 1 6 88 41 30 95 3 13 105 60 31 77 90 23 79 55 107 24 29 27 54 92 46 17 8 9 75 85 7 35 20 11 59 22 42 25 70 44 37 45 83 109 68 94 81 93 5 32 51 2 69 82 36 78 97 65 
0 19 31 77 23 79 55 107 24 29 27 54 92 46 82 69 2 51 32 5 93 81 94 68 109 83 45 37 44 70 25 42 22 59 11 20 35 7 85 75 9 8 17 36 78 33 14 57 80 66 52 106 108 64 84 103 100 39 101 74 99 10 15 98 16 91 12 47 26 58 56 102 104 60 105 13 3 95 30 41 88 6 1 38 67 49 90 28 71 43 53 50 72 73 76 34 4 89 40 48 62 87 63 86 21 18 61 96 97 65 
0 19 31 77 90 23 79 55 107 24 29 27 54 92 82 17 8 9 75 85 7 35 20 11 59 22 42 25 70 44 37 45 83 109 68 94 81 93 5 32 51 2 69 46 36 78 33 14 57 80 66 52 106 108 64 84 103 100 39 101 99 10 15 98 16 91 12 47 26 58 56 102 104 60 74 105 13 3 95 30 41 88 6 1 38 67 49 28 71 43 53 50 72 73 76 34 4 89 40 48 62 87 63 86 21 18 61 96 97 65 
0 19 31 77 90 23 79 55 107 24 29 27 54 92 46 17 8 9 88 41 30 95 3 13 105 60 104 102 56 58 26 47 12 91 16 98 15 10 99 74 37 39 100 103 84 64 108 106 52 66 80 57 14 33 78 36 82 69 2 51 32 5 93 81 94 68 109 83 45 101 44 70 25 42 22 59 11 20 35 7 85 75 6 1 38 67 49 28 71 43 53 50 72 73 76 34 4 89 40 48 62 87 63 86 21 18 61 96 97 65 
0 19 31 77 90 23 79 55 107 24 29 27 54 71 46 17 8 9 75 85 7 35 20 11 59 22 42 25 70 44 37 45 83 109 68 94 81 93 5 32 51 2 69 82 36 78 33 14 57 80 66 52 106 108 64 84 103 100 39 101 74 99 10 15 98 16 91 12 47 26 58 56 102 104 60 105 13 3 95 30 41 88 6 1 38 67 49 28 92 43 53 50 72 73 76 34 4 89 40 48 62 87 63 86 21 18 61 96 97 65 
0 19 101 77 90 23 79 55 107 24 29 27 54 92 46 17 8 9 75 85 7 35 20 11 59 22 42 25 70 44 37 45 83 109 68 94 81 93 5 32 51 2 69 82 36 78 33 14 57 80 66 52 106 108 64 84 103 100 39 31 74 99 10 15 98 16 91 12 47 26 58 56 102 104 60 105 13 3 95 30 41 88 6 1 38 67 49 28 71 43 53 50 72 73 76 34 4 89 40 48 62 87 63 86 21 18 61 96 97 65 
0 19 31 77 90 23 79 55 39 24 29 27 54 92 46 17 8 9 75 85 7 35 20 11 59 22 42 25 70 44 37 45 83 109 68 94 81 93 5 32 51 2 69 82 36 78 33 14 57 80 66 52 106 108 64 84 103 107 101 74 99 10 15 100 98 16 91 12 47 26 58 56 102 104 60 105 13 3 95 30 41 88 6 1 38 67 49 28 71 43 53 50 72 73 76 34 4 89 40 48 62 87 63 86 21 18 61 96 97 65 
0 19 31 77 90 23 79 55 107 24 29 27 54 92 63 17 8 9 75 85 7 35 20 11 59 22 42 25 70 44 37 45 83 109 68 94 81 93 5 32 51 2 69 82 36 78 33 14 57 80 66 52 106 108 64 84 103 100 39 101 74 99 10 15 98 16 91 12 47 26 58 56 102 104 60 105 13 3 95 30 41 88 6 1 38 67 49 28 71 43 53 50 72 73 76 34 4 89 40 48 62 87 46 86 21 18 61 96 97 65 
0 19 31 77 90 23 79 55 107 24 29 27 54 92 46 17 8 9 75 85 7 35 105 13 3 95 30 41 88 6 1 38 67 49 28 71 43 53 50 72 73 76 34 4 89 40 48 62 57 80 66 52 106 108 64 84 103 100 39 101 74 99 10 15 98 16 91 12 47 26 58 56 102 104 60 20 11 59 22 42 78 70 44 37 45 83 109 68 94 81 93 5 32 51 2 69 82 36 25 33 14 87 63 86 21 18 61 96 97 65 
0 19 31 77 90 23 79 55 107 24 29 27 54 92 46 17 8 9 75 85 7 35 20 11 59 22 42 25 70 44 37 45 83 109 68 71 81 93 5 32 51 2 69 82 36 78 33 14 57 80 66 52 106 108 64 84 103 100 39 101 74 99 10 15 98 16 91 12 47 26 61 56 102 104 60 105 13 3 95 30 41 88 6 1 38 67 49 28 94 43 53 50 72 73 76 34 4 89 40 48 62 87 63 86 21 18 58 96 97 65 
0 19 39 101 74 99 10 15 98 16 91 12 47 26 56 102 104 60 105 13 3 95 30 41 88 6 1 38 67 49 28 71 43 53 50 72 73 76 34 4 89 40 48 62 58 87 63 86 21 18 61 52 106 108 64 84 103 100 31 77 90 23 79 55 107 24 29 27 54 92 46 17 8 9 75 85 7 35 20 11 59 22 42 25 70 44 37 45 83 109 68 94 81 93 5 32 51 2 69 82 36 78 33 14 57 80 66 96 97 65 
0 19 31 77 90 23 79 55 107 24 29 27 54 92 46 17 8 9 75 85 7 35 20 11 59 22 42 25 70 44 37 45 13 109 68 94 81 93 5 32 51 2 3 83 105 60 104 102 56 58 26 47 12 91 16 98 15 10 80 99 74 101 39 100 103 84 64 108 106 52 66 57 14 33 78 36 82 69 95 30 41 88 6 1 38 67 49 28 71 43 53 50 72 73 76 34 4 89 40 48 62 87 63 86 21 18 61 96 97 65 
0 19 31 77 90 23 79 55 107 24 29 27 54 92 46 17 8 9 75 85 7 35 20 11 59 56 58 26 47 12 91 16 98 15 10 99 74 66 52 108 64 84 103 39 101 80 57 14 33 78 36 82 69 2 51 32 5 93 81 94 68 109 83 45 37 44 70 100 25 42 22 102 104 60 105 13 3 95 30 41 88 6 1 38 67 49 28 71 43 53 50 72 73 76 34 4 89 40 48 62 87 63 86 21 18 106 61 96 97 65 
0 19 31 77 90 23 79 55 107 24 29 27 54 92 46 17 8 9 75 85 7 35 20 11 59 22 42 25 70 44 37 45 60 109 68 94 81 93 5 32 51 2 69 82 36 78 33 14 57 80 66 52 106 108 64 84 103 100 39 101 74 99 10 88 6 1 38 67 49 26 58 56 102 104 83 105 13 3 95 30 15 98 16 91 12 47 28 71 43 53 50 72 73 76 34 4 89 40 48 62 87 63 86 21 18 41 61 96 97 65 
0 19 31 77 90 23 79 55 107 24 29 27 54 92 46 17 8 9 75 85 7 35 20 11 59 42 25 70 44 37 45 22 83 109 68 94 81 13 3 95 30 41 88 39 1 38 67 49 28 71 43 53 50 72 64 84 103 100 6 101 74 99 10 15 98 16 91 12 47 26 58 56 102 104 60 105 93 5 32 51 2 69 82 36 78 33 14 57 80 66 52 106 108 73 76 34 4 89 40 48 62 87 63 86 21 18 61 96 97 65 
0 50 31 77 90 23 79 55 107 24 29 27 54 92 46 17 8 9 75 85 7 35 20 11 59 22 42 25 70 44 39 100 103 84 64 108 106 52 66 80 57 14 33 78 36 82 69 2 51 32 5 93 81 94 68 109 83 45 37 101 74 99 10 15 98 16 91 12 47 26 58 56 102 104 60 105 13 3 95 30 41 88 6 1 38 67 49 28 71 43 53 19 72 73 76 34 4 89 40 48 62 87 63 86 21 18 61 96 97 65 
0 19 31 77 90 23 79 55 107 10 15 98 16 91 12 47 26 58 56 102 104 60 105 13 3 95 30 41 80 88 6 1 38 67 49 28 71 43 53 50 72 73 76 34 4 89 40 48 62 87 63 86 21 18 61 96 97 65 101 74 99 24 29 27 54 92 46 17 8 9 75 85 7 35 20 11 59 22 42 25 70 44 37 45 83 109 68 94 81 93 5 32 51 2 69 82 36 78 33 14 57 66 52 106 108 64 84 103 100 39 
0 19 31 77 90 23 79 55 39 24 29 27 54 92 46 17 8 9 75 85 7 35 20 11 59 22 42 25 70 44 37 45 83 109 68 94 81 93 5 32 51 2 69 82 36 78 33 14 57 80 66 52 106 108 64 84 103 107 101 74 99 10 15 98 16 91 12 47 26 58 56 102 104 60 105 13 3 95 30 41 88 6 1 38 67 49 28 71 100 43 53 50 72 73 76 34 4 89 40 48 62 87 63 86 21 18 61 96 97 65 
0 19 31 77 90 23 79 55 107 24 29 27 54 92 46 17 8 9 75 85 7 35 20 96 61 18 21 86 63 87 62 48 40 89 4 34 76 73 72 50 53 43 71 28 15 10 99 74 101 39 100 103 84 64 14 33 78 36 82 69 57 80 66 52 58 108 2 51 32 5 93 81 94 42 25 70 44 37 45 83 109 68 22 59 11 97 65 98 16 91 12 47 26 106 56 102 104 60 105 13 3 95 30 41 88 6 1 38 67 49 
0 19 31 77 90 23 79 55 107 51 2 69 82 36 78 33 14 57 80 66 52 106 108 64 84 103 42 25 70 44 37 45 83 109 68 94 81 93 5 32 24 29 13 105 60 104 102 56 58 26 47 12 91 16 98 15 10 99 74 101 39 100 22 59 11 20 35 7 85 75 9 8 17 46 92 54 27 3 95 30 41 88 6 1 38 67 49 28 71 43 53 50 72 73 76 34 4 89 40 48 62 87 63 86 21 18 61 96 97 65 
0 19 31 77 90 23 79 55 107 24 29 27 54 92 46 17 101 39 100 103 84 64 108 106 52 66 80 57 14 78 36 82 69 2 51 32 5 93 81 94 68 109 83 45 37 44 70 25 42 22 59 11 20 35 7 85 75 9 8 74 99 10 15 98 16 91 12 47 18 58 56 102 104 60 105 13 3 95 30 41 88 6 1 38 67 49 28 71 43 53 50 72 73 76 33 34 4 89 40 48 62 87 63 86 21 26 61 96 97 65 
0 19 31 77 90 23 41 55 107 24 29 27 54 92 46 17 8 9 75 85 7 35 20 11 59 22 42 25 70 44 37 45 83 109 68 94 81 93 5 32 51 2 69 82 36 78 33 14 57 80 66 52 106 108 64 84 103 100 39 101 74 99 10 15 98 16 91 12 47 26 58 56 102 104 60 105 13 3 95 30 79 88 6 1 38 67 49 28 71 43 53 50 72 73 76 34 4 89 40 48 62 87 63 86 21 18 61 96 97 65 
0 19 31 2 51 32 5 93 81 94 68 109 83 45 37 44 70 25 42 22 59 11 20 35 7 85 75 9 8 17 46 92 54 27 29 24 107 100 61 18 21 86 63 87 62 48 40 89 4 34 76 73 72 50 53 43 71 28 49 67 38 1 6 88 41 30 95 3 13 105 60 104 102 56 58 26 47 12 91 16 98 15 10 99 74 101 39 55 79 23 90 77 69 82 36 78 33 14 57 80 66 52 106 108 64 84 103 96 97 65 
0 100 39 101 74 99 10 15 98 16 91 12 47 26 58 56 102 104 60 105 13 3 95 30 41 81 88 6 1 38 67 49 28 71 43 53 50 72 73 76 34 4 89 40 48 62 87 63 86 21 18 61 96 97 65 103 19 31 77 90 23 79 55 107 24 29 27 54 92 46 17 8 9 75 85 7 35 20 11 59 22 42 25 70 44 37 45 83 109 68 94 93 5 32 51 2 69 82 36 78 33 14 57 80 66 52 106 108 64 84 
0 19 31 77 90 23 79 55 107 24 29 27 54 92 46 17 8 9 75 35 7 85 20 11 59 22 42 25 70 44 37 45 83 109 68 94 81 93 5 32 51 2 69 82 36 78 33 14 57 80 66 52 86 106 108 64 84 103 100 39 101 74 99 10 15 98 16 91 12 47 26 58 56 102 104 60 105 13 3 30 41 88 6 21 38 67 49 28 95 71 43 48 40 89 4 34 76 73 72 50 53 62 87 63 1 18 61 96 97 65 
0 74 99 10 15 98 14 16 91 12 47 26 58 56 102 104 60 105 13 3 7 35 20 11 59 22 42 25 70 44 37 45 83 109 68 72 94 81 93 5 32 51 2 69 82 36 78 33 57 80 66 52 106 108 64 84 103 100 39 101 19 31 77 90 23 79 55 107 24 29 27 54 92 46 17 8 9 75 85 95 30 41 88 6 1 38 67 49 28 71 43 53 50 73 76 34 4 89 40 48 62 87 63 86 21 18 61 96 97 65 
0 19 31 77 90 47 79 55 107 24 29 27 54 92 46 17 8 9 75 85 7 35 20 11 59 22 42 25 70 44 37 45 83 109 68 94 81 93 5 32 51 2 69 82 36 78 33 14 57 80 66 52 106 108 64 84 103 100 39 101 74 99 10 15 98 16 91 12 23 26 58 56 102 104 60 105 13 3 95 30 41 88 6 1 38 67 49 28 71 43 53 50 72 73 76 34 4 89 40 48 62 87 63 86 21 18 61 96 97 65 
0 19 31 77 90 23 101 74 99 10 15 98 64 91 12 47 26 58 56 102 104 60 105 13 3 95 30 41 88 6 1 38 67 49 28 71 43 53 72 73 76 34 4 89 40 48 62 87 50 63 86 21 18 61 96 97 65 100 39 79 55 107 24 29 27 54 92 46 17 8 9 75 85 7 35 20 11 59 22 42 25 70 44 37 45 83 109 68 94 81 93 5 32 51 2 69 82 36 78 33 14 57 80 66 52 106 108 16 84 103 
0 19 31 77 39 23 79 55 107 24 29 27 54 92 46 17 8 9 90 75 85 7 35 20 11 59 22 42 25 70 44 37 45 83 109 68 94 81 93 5 32 51 2 69 41 36 78 33 14 57 80 66 52 106 108 64 84 103 100 101 74 99 10 15 98 16 91 12 47 26 58 56 102 104 60 105 13 3 95 30 82 88 6 1 38 67 49 28 71 43 53 50 72 73 76 34 4 89 40 48 62 87 63 86 21 18 61 96 97 65 
0 19 31 77 90 23 79 21 107 24 29 27 54 92 46 17 8 9 75 85 7 35 20 11 59 22 42 25 70 44 37 45 83 109 68 94 81 93 5 32 51 2 69 82 36 78 33 14 57 80 66 52 106 108 64 84 103 100 39 101 74 99 10 98 16 91 12 47 26 58 56 102 104 60 105 13 3 95 30 41 88 6 1 38 67 49 28 71 43 53 50 72 73 76 34 4 89 40 48 62 87 63 15 86 55 18 61 96 97 65 
0 103 100 39 101 74 99 10 15 98 16 91 12 47 26 58 56 102 104 97 60 105 13 3 95 30 41 88 6 1 38 67 49 28 71 43 53 50 72 73 76 34 4 89 40 48 62 87 63 86 21 52 106 108 64 84 19 31 77 90 23 79 55 107 24 29 27 54 92 46 17 8 9 75 85 7 35 20 11 59 22 42 25 70 44 37 45 83 109 68 94 81 93 5 32 51 2 69 82 36 78 33 14 57 80 66 18 61 96 65 
0 19 31 77 90 23 79 55 107 24 29 27 54 92 46 17 8 15 98 16 91 12 47 26 58 56 102 104 60 105 13 3 95 30 41 88 6 1 38 67 49 28 71 43 53 50 72 73 76 34 4 89 40 48 62 87 63 86 100 39 101 99 10 9 75 85 7 35 11 59 22 42 25 70 44 37 45 74 109 68 94 81 93 5 32 51 2 20 69 82 36 78 33 83 108 106 52 66 80 14 57 64 84 103 21 18 61 96 97 65 
0 19 31 77 90 23 79 55 107 24 29 27 54 92 46 101 8 9 75 85 91 12 47 26 58 56 102 104 60 105 13 3 30 41 88 6 1 38 67 49 28 71 43 53 50 95 72 73 57 80 66 52 106 108 64 84 103 100 39 17 74 99 10 15 98 16 7 35 20 11 59 22 42 25 70 44 37 45 83 109 68 94 81 93 5 32 51 2 69 82 36 78 33 14 76 34 4 89 40 48 62 87 63 86 21 18 61 96 97 65 
0 64 84 103 100 39 101 74 99 88 15 98 16 91 12 47 26 58 56 102 104 60 105 13 3 95 30 41 10 6 1 38 67 49 28 71 43 53 50 72 73 76 34 4 89 40 48 62 87 63 86 21 18 108 19 31 77 90 23 79 55 107 24 29 27 32 5 93 54 92 46 17 8 9 75 85 7 35 20 11 59 22 42 25 70 44 37 45 83 109 68 94 81 51 2 69 82 36 78 33 14 57 80 66 52 106 61 96 97 65 
0 19 1 77 90 23 79 55 107 24 29 27 54 92 46 17 8 9 75 85 7 35 20 11 59 22 42 25 70 44 37 45 83 109 68 94 81 93 5 84 103 100 39 101 74 99 10 15 98 16 91 12 47 26 58 56 102 104 60 105 13 3 95 30 41 88 6 31 38 67 49 28 71 43 53 50 72 73 76 34 4 89 40 48 62 87 63 86 21 18 61 96 97 32 51 2 69 82 36 78 33 14 57 80 66 52 106 108 64 65 
0 19 31 77 90 23 79 3 13 105 60 104 102 56 58 26 47 12 91 16 98 15 34 76 73 72 50 53 43 71 28 49 32 1 6 80 57 14 33 78 36 82 69 2 51 67 5 93 81 94 68 109 83 45 37 44 70 25 42 22 59 11 20 35 7 85 75 9 8 17 46 92 54 27 29 24 107 55 95 30 41 88 66 52 106 108 64 84 103 100 39 101 74 99 10 4 89 40 38 48 62 87 63 86 21 18 61 96 97 65 
0 19 31 77 102 104 60 105 13 3 95 30 41 88 6 1 38 67 49 28 71 43 53 50 72 73 76 34 4 24 107 55 79 23 90 56 58 26 47 12 91 16 66 80 57 14 33 78 36 15 10 65 97 96 61 18 21 86 63 87 62 48 40 89 29 27 54 92 46 17 8 9 75 85 7 35 20 11 59 22 42 25 70 44 37 45 83 109 68 94 81 93 5 32 51 2 69 82 98 52 106 108 64 84 103 74 39 101 100 99 
0 19 31 77 90 23 79 12 47 26 58 56 102 104 60 105 13 3 95 30 41 88 6 1 38 67 70 44 37 45 83 109 68 94 81 63 5 32 51 2 69 82 36 78 33 14 21 18 57 80 66 52 106 108 64 84 103 100 39 101 74 99 10 15 98 16 91 55 107 24 29 27 54 92 46 17 8 9 75 85 7 35 20 11 59 22 42 25 49 28 71 43 53 50 72 73 76 34 4 89 40 48 62 87 93 86 61 96 97 65 
0 19 31 77 4 23 79 55 107 24 29 27 54 92 46 17 8 9 75 85 7 35 20 11 59 22 42 25 70 44 37 45 83 109 68 94 81 93 32 51 2 69 82 95 3 13 105 60 104 102 56 97 96 61 18 21 86 63 87 62 5 48 40 89 34 76 73 72 50 53 43 71 28 49 90 58 26 47 12 91 16 98 15 10 99 74 101 39 100 103 84 64 108 106 52 66 80 57 14 33 78 36 30 41 88 6 1 38 67 65 
0 19 31 77 90 105 79 55 107 24 29 27 54 92 46 17 8 9 75 85 7 91 12 47 58 56 102 104 60 23 13 3 95 30 41 88 6 1 38 67 49 28 71 43 53 50 72 73 76 34 4 89 40 48 26 62 87 63 86 21 18 61 96 97 98 16 35 20 11 59 22 42 25 70 44 37 45 83 109 68 94 81 93 5 32 51 2 69 82 36 78 33 14 57 80 66 52 106 108 64 84 103 100 39 101 74 99 10 15 65 
