0 19 31 77 90 23 79 55 107 24 29 27 54 92 46 17 8 9 75 85 7 35 20 11 59 22 42 25 70 44 37 45 83 109 68 94 81 93 5 32 51 2 69 82 36 78 33 14 57 80 66 52 106 108 64 84 103 100 39 101 74 99 10 15 98 16 91 12 47 26 58 56 102 104 60 105 13 3 95 30 41 88 6 1 38 67 49 28 71 43 53 50 72 73 76 34 4 89 40 48 62 87 63 86 21 18 61 96 97 65 
0 19 31 77 90 23 79 55 107 24 29 27 54 92 46 17 8 9 75 85 7 35 20 11 59 22 42 25 70 44 37 45 83 109 68 94 81 93 5 32 51 2 69 82 36 78 33 14 57 80 66 52 106 108 64 84 103 100 39 101 74 99 10 15 98 16 91 12 47 26 58 56 102 104 60 105 13 3 95 30 41 88 6 1 38 67 49 28 71 43 53 50 72 73 76 34 4 89 40 48 62 87 63 86 21 18 61 96 97 65 
0 19 31 77 90 23 79 55 107 24 29 27 54 92 46 17 8 9 75 85 7 35 20 11 59 22 42 25 70 44 37 45 83 109 68 94 81 93 5 32 51 2 69 82 36 78 33 14 57 80 66 52 106 108 64 84 103 100 39 101 74 99 10 15 98 16 91 12 47 26 58 56 102 104 60 105 13 3 95 30 41 88 6 1 38 67 49 28 71 43 53 50 72 73 76 34 4 89 40 48 62 87 63 86 21 18 61 96 97 65 
0 19 31 77 90 23 79 55 107 24 29 27 54 92 46 17 8 9 75 85 7 35 20 11 59 22 42 25 70 44 37 45 83 109 68 94 81 93 5 32 51 2 69 82 36 78 33 14 57 80 66 52 106 108 64 84 103 100 39 101 74 99 10 15 98 16 91 12 47 26 58 56 102 104 60 105 13 3 95 30 41 88 6 1 38 67 49 28 71 43 53 50 72 73 76 34 4 89 40 48 62 87 63 86 21 18 61 96 97 65 
0 19 31 77 90 23 79 55 107 24 29 27 54 92 46 17 8 9 75 85 7 35 20 11 59 22 42 25 70 44 37 45 83 109 68 94 81 93 5 32 51 2 69 82 36 78 33 14 57 80 66 52 106 108 64 84 103 100 39 101 74 99 10 15 98 16 91 12 47 26 58 56 102 104 60 105 13 3 95 30 41 88 6 1 38 67 49 28 71 43 53 50 72 73 76 34 4 89 40 48 62 87 63 86 21 18 61 96 97 65 
0 19 31 77 90 23 79 55 107 24 29 27 54 92 46 17 8 9 75 85 7 35 20 11 59 22 42 25 70 44 37 45 83 109 68 94 81 93 5 32 51 2 69 82 36 78 33 14 57 80 66 52 106 108 64 84 103 100 39 101 74 99 10 15 98 16 91 12 47 26 58 56 102 104 60 105 13 3 95 30 41 88 6 1 38 67 49 28 71 43 53 50 72 73 76 34 4 89 40 48 62 87 63 86 21 18 61 96 97 65 
0 19 31 77 90 23 79 55 107 24 29 27 54 92 46 17 8 9 75 85 7 35 20 11 59 22 42 25 70 44 37 45 83 109 68 94 81 93 5 32 51 2 69 82 36 78 33 14 57 80 66 52 106 108 64 84 103 100 39 101 74 99 10 15 98 16 91 12 47 26 58 56 102 104 60 105 13 3 95 30 41 88 6 1 38 67 49 28 71 43 53 50 72 73 76 34 4 89 40 48 62 87 63 86 21 18 61 96 97 65 
0 19 31 77 90 23 79 55 107 24 29 27 54 92 46 17 8 9 75 85 7 35 20 11 59 22 42 25 70 44 37 45 83 109 68 94 81 93 5 32 51 2 69 82 36 78 33 14 57 80 66 52 106 108 64 84 103 100 39 101 74 99 10 15 98 16 91 12 47 26 58 56 102 104 60 105 13 3 95 30 41 88 6 1 38 67 49 28 71 43 53 50 72 73 76 34 4 89 40 48 62 87 63 86 21 18 61 96 97 65 
0 19 31 77 90 23 79 55 107 24 29 27 54 92 46 17 8 9 75 85 7 35 20 11 59 22 42 25 70 44 37 45 83 109 68 94 81 93 5 32 51 2 69 82 36 78 33 14 57 80 66 52 106 108 64 84 103 100 39 101 74 99 10 15 98 16 91 12 47 26 58 56 102 104 60 105 13 3 95 30 41 88 6 1 38 67 49 28 71 43 53 50 72 73 76 34 4 89 40 48 62 87 63 86 21 18 61 96 97 65 
0 19 31 77 90 23 79 55 107 24 29 27 54 92 46 17 8 9 75 85 7 35 20 11 59 22 42 25 70 44 37 45 83 109 68 94 81 93 5 32 51 2 69 82 36 78 33 14 57 80 66 52 106 108 64 84 103 100 39 101 74 99 10 15 98 16 91 12 47 26 58 56 102 104 60 105 13 3 95 30 41 88 6 1 38 67 49 28 71 43 53 50 72 73 76 34 4 89 40 48 62 87 63 86 21 18 61 96 97 65 
0 19 31 77 90 23 79 55 107 24 29 27 54 92 46 17 8 9 75 85 7 35 20 11 59 22 42 25 70 44 37 45 83 109 68 94 81 93 5 32 51 2 69 82 36 78 33 14 57 80 66 52 106 108 64 84 103 100 39 101 74 99 10 15 98 16 91 12 47 26 58 56 102 104 60 105 13 3 95 30 41 88 6 1 38 67 49 28 71 43 53 50 72 73 76 34 4 89 40 48 62 87 63 86 21 18 61 96 97 65 
0 19 31 77 90 23 79 55 107 24 29 27 54 92 46 17 8 9 75 85 7 35 20 11 59 22 42 25 70 44 37 45 83 109 68 94 81 93 5 32 51 2 69 82 36 78 33 14 57 80 66 52 106 108 64 84 103 100 39 101 74 99 10 15 98 16 91 12 47 26 58 56 102 104 60 105 13 3 95 30 41 88 6 1 38 67 49 28 71 43 53 50 72 73 76 34 4 89 40 48 62 87 63 86 21 18 61 96 97 65 
0 19 31 77 90 23 79 55 107 24 29 27 54 92 46 17 8 9 75 85 7 35 20 11 59 22 42 25 70 44 37 45 83 109 68 94 81 93 5 32 51 2 69 82 36 78 33 14 57 80 66 52 106 108 64 84 103 100 39 101 74 99 10 15 98 16 91 12 47 26 58 56 102 104 60 105 13 3 95 30 41 88 6 1 38 67 49 28 71 43 53 50 72 73 76 34 4 89 40 48 62 87 63 86 21 18 61 96 97 65 
0 19 31 77 90 23 79 55 107 24 29 27 54 92 46 17 8 9 75 85 7 35 20 11 59 22 42 25 70 44 37 45 83 109 68 94 81 93 5 32 51 2 69 82 36 78 33 14 57 80 66 52 106 108 64 84 103 100 39 101 74 99 10 15 98 16 91 12 47 26 58 56 102 104 60 105 13 3 95 30 41 88 6 1 38 67 49 28 71 43 53 50 72 73 76 34 4 89 40 48 62 87 63 86 21 18 61 96 97 65 
0 19 31 77 90 23 79 55 107 24 29 27 54 92 46 17 8 9 75 85 7 35 20 11 59 22 42 25 70 44 37 45 83 109 68 94 81 93 5 32 51 2 69 82 36 78 33 14 57 80 66 52 106 108 64 84 103 100 39 101 74 99 10 15 98 16 91 12 47 26 58 56 102 104 60 105 13 3 95 30 41 88 6 1 38 67 49 28 71 43 53 50 72 73 76 34 4 89 40 48 62 87 63 86 21 18 61 96 97 65 
0 19 31 77 90 23 79 55 107 24 29 27 54 92 46 17 8 9 75 85 7 35 20 11 59 22 42 25 70 44 37 45 83 109 68 94 81 93 5 32 51 2 69 82 36 78 33 14 57 80 66 52 106 108 64 84 103 100 39 101 74 99 10 15 98 16 91 12 47 26 58 56 102 104 60 105 13 3 95 30 41 88 6 1 38 67 49 28 71 43 53 50 72 73 76 34 4 89 40 48 62 87 63 86 21 18 61 96 97 65 
0 19 31 77 90 23 79 55 107 24 29 27 54 92 46 17 8 9 75 85 7 35 20 11 59 22 42 25 70 44 37 45 83 109 68 94 81 93 5 32 51 2 69 82 36 78 33 14 57 80 66 52 106 108 64 84 103 100 39 101 74 99 10 15 98 16 91 12 47 26 58 56 102 104 60 105 13 3 95 30 41 88 6 1 38 67 49 28 71 43 53 50 72 73 76 34 4 89 40 48 62 87 63 86 21 18 61 96 97 65 
0 19 31 77 90 23 79 55 107 24 29 27 54 92 46 17 8 9 75 85 7 35 20 11 59 22 42 25 70 44 37 45 83 109 68 94 81 93 5 32 51 2 69 82 36 78 33 14 57 80 66 52 106 108 64 84 103 100 39 101 74 99 10 15 98 16 91 12 47 26 58 56 102 104 60 105 13 3 95 30 41 88 6 1 38 67 49 28 71 43 53 50 72 73 76 34 4 89 40 48 62 87 63 86 21 18 61 96 97 65 
0 19 31 77 90 23 79 55 107 24 29 27 54 92 46 17 8 9 75 85 7 35 20 11 59 22 42 25 70 44 37 45 83 109 68 94 81 93 5 32 51 2 69 82 36 78 33 14 57 80 66 52 106 108 64 84 103 100 39 101 74 99 10 15 98 16 91 12 47 26 58 56 102 104 60 105 13 3 95 30 41 88 6 1 38 67 49 28 71 43 53 50 72 73 76 34 4 89 40 48 62 87 63 86 21 18 61 96 97 65 
0 19 31 77 90 23 79 55 107 24 29 27 54 92 46 17 8 9 75 85 7 35 20 11 59 22 42 25 70 44 37 45 83 109 68 94 81 93 5 32 51 2 69 82 36 78 33 14 57 80 66 52 106 108 64 84 103 100 39 101 74 99 10 15 98 16 91 12 47 26 58 56 102 104 60 105 13 3 95 30 41 88 6 1 38 67 49 28 71 43 53 50 72 73 76 34 4 89 40 48 62 87 63 86 21 18 61 96 97 65 
0 19 31 77 90 23 79 55 107 24 29 27 54 92 46 17 8 9 75 85 7 35 20 11 59 22 42 25 70 44 37 45 83 109 68 94 81 93 5 32 51 2 69 82 36 78 33 14 57 80 66 52 106 108 64 84 103 100 39 101 74 99 10 15 98 16 91 12 47 26 58 56 102 104 60 105 13 3 95 30 41 88 6 1 38 67 49 28 71 43 53 50 72 73 76 34 4 89 40 48 62 87 63 86 21 18 61 96 97 65 
0 19 31 77 90 23 79 55 107 24 29 27 54 92 46 17 8 9 75 85 7 35 20 11 59 22 42 25 70 44 37 45 83 109 68 94 81 93 5 32 51 2 69 82 36 78 33 14 57 80 66 52 106 108 64 84 103 100 39 101 74 99 10 15 98 16 91 12 47 26 58 56 102 104 60 105 13 3 95 30 41 88 6 1 38 67 49 28 71 43 53 50 72 73 76 34 4 89 40 48 62 87 63 86 21 18 61 96 97 65 
0 19 31 77 90 23 79 55 107 24 29 27 54 92 46 17 8 9 75 85 7 35 20 11 59 22 42 25 70 44 37 45 83 109 68 94 81 93 5 32 51 2 69 82 36 78 33 14 57 80 66 52 106 108 64 84 103 100 39 101 74 99 10 15 98 16 91 12 47 26 58 56 102 104 60 105 13 3 95 30 41 88 6 1 38 67 49 28 71 43 53 50 72 73 76 34 4 89 40 48 62 87 63 86 21 18 61 96 97 65 
0 19 31 77 90 23 79 55 107 24 29 27 54 92 46 17 8 9 75 85 7 35 20 11 59 22 42 25 70 44 37 45 83 109 68 94 81 93 5 32 51 2 69 82 36 78 33 14 57 80 66 52 106 108 64 84 103 100 39 101 74 99 10 15 98 16 91 12 47 26 58 56 102 104 60 105 13 3 95 30 41 88 6 1 38 67 49 28 71 43 53 50 72 73 76 34 4 89 40 48 62 87 63 86 21 18 61 96 97 65 
0 19 31 77 90 23 79 55 107 24 29 27 54 92 46 17 8 9 75 85 7 35 20 11 59 22 42 25 70 44 37 45 83 109 68 94 81 93 5 32 51 2 69 82 36 78 33 14 57 80 66 52 106 108 64 84 103 100 39 101 74 99 10 15 98 16 91 12 47 26 58 56 102 104 60 105 13 3 95 30 41 88 6 1 38 67 49 28 71 43 53 50 72 73 76 34 4 89 40 48 62 87 63 86 21 18 61 96 97 65 
0 19 31 77 90 23 79 55 107 24 29 27 54 92 46 17 8 9 75 85 7 35 20 11 59 22 42 25 70 44 37 45 83 109 68 94 81 93 5 32 51 2 69 82 36 78 33 14 57 80 66 52 106 108 64 84 103 100 39 101 74 99 10 15 98 16 91 12 47 26 58 56 102 104 60 105 13 3 95 30 41 88 6 1 38 67 49 28 71 43 53 50 72 73 76 34 4 89 40 48 62 87 63 86 21 18 61 96 97 65 
0 19 31 77 90 23 79 55 107 24 29 27 54 92 46 17 8 9 75 85 7 35 20 11 59 22 42 25 70 44 37 45 83 109 68 94 81 93 5 32 51 2 69 82 36 78 33 14 57 80 66 52 106 108 64 84 103 100 39 101 74 99 10 15 98 16 91 12 47 26 58 56 102 104 60 105 13 3 95 30 41 88 6 1 38 67 49 28 71 43 53 50 72 73 76 34 4 89 40 48 62 87 63 86 21 18 61 96 97 65 
0 19 31 77 90 23 79 55 107 24 29 27 54 92 46 17 8 9 75 85 7 35 20 11 59 22 42 25 70 44 37 45 83 109 68 94 81 93 5 32 51 2 69 82 36 78 33 14 57 80 66 52 106 108 64 84 103 100 39 101 74 99 10 15 98 16 91 12 47 26 58 56 102 104 60 105 13 3 95 30 41 88 6 1 38 67 49 28 71 43 53 50 72 73 76 34 4 89 40 48 62 87 63 86 21 18 61 96 97 65 
0 19 31 77 90 23 79 55 107 24 29 27 54 92 46 17 8 9 75 85 7 35 20 11 59 22 42 25 70 44 37 45 83 109 68 94 81 93 5 32 51 2 69 82 36 78 33 14 57 80 66 52 106 108 64 84 103 100 39 101 74 99 10 15 98 16 91 12 47 26 58 56 102 104 60 105 13 3 95 30 41 88 6 1 38 67 49 28 71 43 53 50 72 73 76 34 4 89 40 48 62 87 63 86 21 18 61 96 97 65 
0 19 31 77 90 23 79 55 107 24 29 27 54 92 46 17 8 9 75 85 7 35 20 11 59 22 42 25 70 44 37 45 83 109 68 94 81 93 5 32 51 2 69 82 36 78 33 14 57 80 66 52 106 108 64 84 103 100 39 101 74 99 10 15 98 16 91 12 47 26 58 56 102 104 60 105 13 3 95 30 41 88 6 1 38 67 49 28 71 43 53 50 72 73 76 34 4 89 40 48 62 87 63 86 21 18 61 96 97 65 
0 19 31 77 90 23 79 55 107 24 29 27 54 92 46 17 8 9 75 85 7 35 20 11 59 22 42 25 70 44 37 45 83 109 68 94 81 93 5 32 51 2 69 82 36 78 33 14 57 80 66 52 106 108 64 84 103 100 39 101 74 99 10 15 98 16 91 12 47 26 58 56 102 104 60 105 13 3 95 30 41 88 6 1 38 67 49 28 71 43 53 50 72 73 76 34 4 89 40 48 62 87 63 86 21 18 61 96 97 65 
0 19 31 77 90 23 79 55 107 24 29 27 54 92 46 17 8 9 75 85 7 35 20 11 59 22 42 25 70 44 37 45 83 109 68 94 81 93 5 32 51 2 69 82 36 78 33 14 57 80 66 52 106 108 64 84 103 100 39 101 74 99 10 15 98 16 91 12 47 26 58 56 102 104 60 105 13 3 95 30 41 88 6 1 38 67 49 28 71 43 53 50 72 73 76 34 4 89 40 48 62 87 63 86 21 18 61 96 97 65 
0 19 31 77 90 23 79 55 107 24 29 27 54 92 46 17 8 9 75 85 7 35 20 11 59 22 42 25 70 44 37 45 83 109 68 94 81 93 5 32 51 2 69 82 36 78 33 14 57 80 66 52 106 108 64 84 103 100 39 101 74 99 10 15 98 16 91 12 47 26 58 56 102 104 60 105 13 3 95 30 41 88 6 1 38 67 49 28 71 43 53 50 72 73 76 34 4 89 40 48 62 87 63 86 21 18 61 96 97 65 
0 19 31 77 90 23 79 55 107 24 29 27 54 92 46 17 8 9 75 85 7 35 20 11 59 22 42 25 70 44 37 45 83 109 68 94 81 93 5 32 51 2 69 82 36 78 33 14 57 80 66 52 106 108 64 84 103 100 39 101 74 99 10 15 98 16 91 12 47 26 58 56 102 104 60 105 13 3 95 30 41 88 6 1 38 67 49 28 71 43 53 50 72 73 76 34 4 89 40 48 62 87 63 86 21 18 61 96 97 65 
0 19 31 77 90 23 79 55 107 24 29 27 54 92 46 17 8 9 75 85 7 35 20 11 59 22 42 25 70 44 37 45 83 109 68 94 81 93 5 32 51 2 69 82 36 78 33 14 57 80 66 52 106 108 64 84 103 100 39 101 74 99 10 15 98 16 91 12 47 26 58 56 102 104 60 105 13 3 95 30 41 88 6 1 38 67 49 28 71 43 53 50 72 73 76 34 4 89 40 48 62 87 63 86 21 18 61 96 97 65 
0 19 31 77 90 23 79 55 107 24 29 27 54 92 46 17 8 9 75 85 7 35 20 11 59 22 42 25 70 44 37 45 83 109 68 94 81 93 5 32 51 2 69 82 36 78 33 14 57 80 66 52 106 108 64 84 103 100 39 101 74 99 10 15 98 16 91 12 47 26 58 56 102 104 60 105 13 3 95 30 41 88 6 1 38 67 49 28 71 43 53 50 72 73 76 34 4 89 40 48 62 87 63 86 21 18 61 96 97 65 
0 19 31 77 90 23 79 55 107 24 29 27 54 92 46 17 8 9 75 85 7 35 20 11 59 22 42 25 70 44 37 45 83 109 68 94 81 93 5 32 51 2 69 82 36 78 33 14 57 80 66 52 106 108 64 84 103 100 39 101 74 99 10 15 98 16 91 12 47 26 58 56 102 104 60 105 13 3 95 30 41 88 6 1 38 67 49 28 71 43 53 50 72 73 76 34 4 89 40 48 62 87 63 86 21 18 61 96 97 65 
0 19 31 77 90 23 79 55 107 24 29 27 54 92 46 17 8 9 75 85 7 35 20 11 59 22 42 25 70 44 37 45 83 109 68 94 81 93 5 32 51 2 69 82 36 78 33 14 57 80 66 52 106 108 64 84 103 100 39 101 74 99 10 15 98 16 91 12 47 26 58 56 102 104 60 105 13 3 95 30 41 88 6 1 38 67 49 28 71 43 53 50 72 73 76 34 4 89 40 48 62 87 63 86 21 18 61 96 97 65 
0 19 31 77 90 23 79 55 107 24 29 27 54 92 46 17 8 9 75 85 7 35 20 11 59 22 42 25 70 44 37 45 83 109 68 94 81 93 5 32 51 2 69 82 36 78 33 14 57 80 66 52 106 108 64 84 103 100 39 101 74 99 10 15 98 16 91 12 47 26 58 56 102 104 60 105 13 3 95 30 41 88 6 1 38 67 49 28 71 43 53 50 72 73 76 34 4 89 40 48 62 87 63 86 21 18 61 96 97 65 
0 19 31 77 90 23 79 55 107 24 29 27 54 92 46 17 8 9 75 85 7 35 20 11 59 22 42 25 70 44 37 45 83 109 68 94 81 93 5 32 51 2 69 82 36 78 33 14 57 80 66 52 106 108 64 84 103 100 39 101 74 99 10 15 98 16 91 12 47 26 58 56 102 104 60 105 13 3 95 30 41 88 6 1 38 67 49 28 71 43 53 50 72 73 76 34 4 89 40 48 62 87 63 86 21 18 61 96 97 65 
0 19 31 77 90 23 79 55 107 24 29 27 54 92 46 17 8 9 75 85 7 35 20 11 59 22 42 25 70 44 37 45 83 109 68 94 81 93 5 32 51 2 69 82 36 78 33 14 57 80 66 52 106 108 64 84 103 100 39 101 74 99 10 15 98 16 91 12 47 26 58 56 102 104 60 105 13 3 95 30 41 88 6 1 38 67 49 28 71 43 53 50 72 73 76 34 4 89 40 48 62 87 63 86 21 18 61 96 97 65 
0 19 31 77 90 23 79 55 107 24 29 27 54 92 46 17 8 9 75 85 7 35 20 11 59 22 42 25 70 44 37 45 83 109 68 94 81 93 5 32 51 2 69 82 36 78 33 14 57 80 66 52 106 108 64 84 103 100 39 101 74 99 10 15 98 16 91 12 47 26 58 56 102 104 60 105 13 3 95 30 41 88 6 1 38 67 49 28 71 43 53 50 72 73 76 34 4 89 40 48 62 87 63 86 21 18 61 96 97 65 
0 19 31 77 90 23 79 55 107 24 29 27 54 92 46 17 8 9 75 85 7 35 20 11 59 22 42 25 70 44 37 45 83 109 68 94 81 93 5 32 51 2 69 82 36 78 33 14 57 80 66 52 106 108 64 84 103 100 39 101 74 99 10 15 98 16 91 12 47 26 58 56 102 104 60 105 13 3 95 30 41 88 6 1 38 67 49 28 71 43 53 50 72 73 76 34 4 89 40 48 62 87 63 86 21 18 61 96 97 65 
0 19 31 77 90 23 79 55 107 24 29 27 54 92 46 17 8 9 75 85 7 35 20 11 59 22 42 25 70 44 37 45 83 109 68 94 81 93 5 32 51 2 69 82 36 78 33 14 57 80 66 52 106 108 64 84 103 100 39 101 74 99 10 15 98 16 91 12 47 26 58 56 102 104 60 105 13 3 95 30 41 88 6 1 38 67 49 28 71 43 53 50 72 73 76 34 4 89 40 48 62 87 63 86 21 18 61 96 97 65 
0 19 31 77 90 23 79 55 107 24 29 27 54 92 46 17 8 9 75 85 7 35 20 11 59 22 42 25 70 44 37 45 83 109 68 94 81 93 5 32 51 2 69 82 36 78 33 14 57 80 66 52 106 108 64 84 103 100 39 101 74 99 10 15 98 16 91 12 47 26 58 56 102 104 60 105 13 3 95 30 41 88 6 1 38 67 49 28 71 43 53 50 72 73 76 34 4 89 40 48 62 87 63 86 21 18 61 96 97 65 
0 19 31 77 90 23 79 55 107 24 29 27 54 92 46 17 8 9 75 85 7 35 20 11 59 22 42 25 70 44 37 45 83 109 68 94 81 93 5 32 51 2 69 82 36 78 33 14 57 80 66 52 106 108 64 84 103 100 39 101 74 99 10 15 98 16 91 12 47 26 58 56 102 104 60 105 13 3 95 30 41 88 6 1 38 67 49 28 71 43 53 50 72 73 76 34 4 89 40 48 62 87 63 86 21 18 61 96 97 65 
0 19 31 77 90 23 79 55 107 24 29 27 54 92 46 17 8 9 75 85 7 35 20 11 59 22 42 25 70 44 37 45 83 109 68 94 81 93 5 32 51 2 69 82 36 78 33 14 57 80 66 52 106 108 64 84 103 100 39 101 74 99 10 15 98 16 91 12 47 26 58 56 102 104 60 105 13 3 95 30 41 88 6 1 38 67 49 28 71 43 53 50 72 73 76 34 4 89 40 48 62 87 63 86 21 18 61 96 97 65 
0 19 31 77 90 23 79 55 107 24 29 27 54 92 46 17 8 9 75 85 7 35 20 11 59 22 42 25 70 44 37 45 83 109 68 94 81 93 5 32 51 2 69 82 36 78 33 14 57 80 66 52 106 108 64 84 103 100 39 101 74 99 10 15 98 16 91 12 47 26 58 56 102 104 60 105 13 3 95 30 41 88 6 1 38 67 49 28 71 43 53 50 72 73 76 34 4 89 40 48 62 87 63 86 21 18 61 96 97 65 
0 19 31 77 90 23 79 55 107 24 29 27 54 92 46 17 8 9 75 85 7 35 20 11 59 22 42 25 70 44 37 45 83 109 68 94 81 93 5 32 51 2 69 82 36 78 33 14 57 80 66 52 106 108 64 84 103 100 39 101 74 99 10 15 98 16 91 12 47 26 58 56 102 104 60 105 13 3 95 30 41 88 6 1 38 67 49 28 71 43 53 50 72 73 76 34 4 89 40 48 62 87 63 86 21 18 61 96 97 65 
0 19 31 77 90 23 79 55 107 24 29 27 54 92 46 17 8 9 75 85 7 35 20 11 59 22 42 25 70 44 37 45 83 109 68 94 81 93 5 32 51 2 69 82 36 78 33 14 57 80 66 52 106 108 64 84 103 100 39 101 74 99 10 15 98 16 91 12 47 26 58 56 102 104 60 105 13 3 95 30 41 88 6 1 38 67 49 28 71 43 53 50 72 73 76 34 4 89 40 48 62 87 63 86 21 18 61 96 97 65 
0 19 31 77 90 23 79 55 107 24 29 27 54 92 46 17 8 9 75 85 7 35 20 11 59 22 42 25 70 44 37 45 83 109 68 94 81 93 5 32 51 2 69 82 36 78 33 14 57 80 66 52 106 108 64 84 103 100 39 101 74 99 10 15 98 16 91 12 47 26 58 56 102 104 60 105 13 3 95 30 41 88 6 1 38 67 49 28 71 43 53 50 72 73 76 34 4 89 40 48 62 87 63 86 21 18 61 96 97 65 
0 19 31 77 90 23 79 55 107 24 29 27 54 92 46 17 8 9 75 85 7 35 20 11 59 22 42 25 70 44 37 45 83 109 68 94 81 93 5 32 51 2 69 82 36 78 33 14 57 80 66 52 106 108 64 84 103 100 39 101 74 99 10 15 98 16 91 12 47 26 58 56 102 104 60 105 13 3 95 30 41 88 6 1 38 67 49 28 71 43 53 50 72 73 76 34 4 89 40 48 62 87 63 86 21 18 61 96 97 65 
0 19 31 77 90 23 79 55 107 24 29 27 54 92 46 17 8 9 75 85 7 35 20 11 59 22 42 25 70 44 37 45 83 109 68 94 81 93 5 32 51 2 69 82 36 78 33 14 57 80 66 52 106 108 64 84 103 100 39 101 74 99 10 15 98 16 91 12 47 26 58 56 102 104 60 105 13 3 95 30 41 88 6 1 38 67 49 28 71 43 53 50 72 73 76 34 4 89 40 48 62 87 63 86 21 18 61 96 97 65 
0 19 31 77 90 23 79 55 107 24 29 27 54 92 46 17 8 9 75 85 7 35 20 11 59 22 42 25 70 44 37 45 83 109 68 94 81 93 5 32 51 2 69 82 36 78 33 14 57 80 66 52 106 108 64 84 103 100 39 101 74 99 10 15 98 16 91 12 47 26 58 56 102 104 60 105 13 3 95 30 41 88 6 1 38 67 49 28 71 43 53 50 72 73 76 34 4 89 40 48 62 87 63 86 21 18 61 96 97 65 
0 19 31 77 90 23 79 55 107 24 29 27 54 92 46 17 8 9 75 85 7 35 20 11 59 22 42 25 70 44 37 45 83 109 68 94 81 93 5 32 51 2 69 82 36 78 33 14 57 80 66 52 106 108 64 84 103 100 39 101 74 99 10 15 98 16 91 12 47 26 58 56 102 104 60 105 13 3 95 30 41 88 6 1 38 67 49 28 71 43 53 50 72 73 76 34 4 89 40 48 62 87 63 86 21 18 61 96 97 65 
0 19 31 77 90 23 79 55 107 24 29 27 54 92 46 17 8 9 75 85 7 35 20 11 59 22 42 25 70 44 37 45 83 109 68 94 81 93 5 32 51 2 69 82 36 78 33 14 57 80 66 52 106 108 64 84 103 100 39 101 74 99 10 15 98 16 91 12 47 26 58 56 102 104 60 105 13 3 95 30 41 88 6 1 38 67 49 28 71 43 53 50 72 73 76 34 4 89 40 48 62 87 63 86 21 18 61 96 97 65 
0 19 31 77 90 23 79 55 107 24 29 27 54 92 46 17 8 9 75 85 7 35 20 11 59 22 42 25 70 44 37 45 83 109 68 94 81 93 5 32 51 2 69 82 36 78 33 14 57 80 66 52 106 108 64 84 103 100 39 101 74 99 10 15 98 16 91 12 47 26 58 56 102 104 60 105 13 3 95 30 41 88 6 1 38 67 49 28 71 43 53 50 72 73 76 34 4 89 40 48 62 87 63 86 21 18 61 96 97 65 
0 19 31 77 90 23 79 55 107 24 29 27 54 92 46 17 8 9 75 85 7 35 20 11 59 22 42 25 70 44 37 45 83 109 68 94 81 93 5 32 51 2 69 82 36 78 33 14 57 80 66 52 106 108 64 84 103 100 39 101 74 99 10 15 98 16 91 12 47 26 58 56 102 104 60 105 13 3 95 30 41 88 6 1 38 67 49 28 71 43 53 50 72 73 76 34 4 89 40 48 62 87 63 86 21 18 61 96 97 65 
0 19 31 77 90 23 79 55 107 24 29 27 54 92 46 17 8 9 75 85 7 35 20 11 59 22 42 25 70 44 37 45 83 109 68 94 81 93 5 32 51 2 69 82 36 78 33 14 57 80 66 52 106 108 64 84 103 100 39 101 74 99 10 15 98 16 91 12 47 26 58 56 102 104 60 105 13 3 95 30 41 88 6 1 38 67 49 28 71 43 53 50 72 73 76 34 4 89 40 48 62 87 63 86 21 18 61 96 97 65 
0 19 31 77 90 23 79 55 107 24 29 27 54 92 46 17 8 9 75 85 7 35 20 11 59 22 42 25 70 44 37 45 83 109 68 94 81 93 5 32 51 2 69 82 36 78 33 14 57 80 66 52 106 108 64 84 103 100 39 101 74 99 10 15 98 16 91 12 47 26 58 56 102 104 60 105 13 3 95 30 41 88 6 1 38 67 49 28 71 43 53 50 72 73 76 34 4 89 40 48 62 87 63 86 21 18 61 96 97 65 
0 19 31 77 90 23 79 55 107 24 29 27 54 92 46 17 8 9 75 85 7 35 20 11 59 22 42 25 70 44 37 45 83 109 68 94 81 93 5 32 51 2 69 82 36 78 33 14 57 80 66 52 106 108 64 84 103 100 39 101 74 99 10 15 98 16 91 12 47 26 58 56 102 104 60 105 13 3 95 30 41 88 6 1 38 67 49 28 71 43 53 50 72 73 76 34 4 89 40 48 62 87 63 86 21 18 61 96 97 65 
0 19 31 77 90 23 79 55 107 24 29 27 54 92 46 17 8 9 75 85 7 35 20 11 59 22 42 25 70 44 37 45 83 109 68 94 81 93 5 32 51 2 69 82 36 78 33 14 57 80 66 52 106 108 64 84 103 100 39 101 74 99 10 15 98 16 91 12 47 26 58 56 102 104 60 105 13 3 95 30 41 88 6 1 38 67 49 28 71 43 53 50 72 73 76 34 4 89 40 48 62 87 63 86 21 18 61 96 97 65 
0 19 31 77 90 23 79 55 107 24 29 27 54 92 46 17 8 9 75 85 7 35 20 11 59 22 42 25 70 44 37 45 83 109 68 94 81 93 5 32 51 2 69 82 36 78 33 14 57 80 66 52 106 108 64 84 103 100 39 101 74 99 10 15 98 16 91 12 47 26 58 56 102 104 60 105 13 3 95 30 41 88 6 1 38 67 49 28 71 43 53 50 72 73 76 34 4 89 40 48 62 87 63 86 21 18 61 96 97 65 
0 19 31 77 90 23 79 55 107 24 29 27 54 92 46 17 8 9 75 85 7 35 20 11 59 22 42 25 70 44 37 45 83 109 68 94 81 93 5 32 51 2 69 82 36 78 33 14 57 80 66 52 106 108 64 84 103 100 39 101 74 99 10 15 98 16 91 12 47 26 58 56 102 104 60 105 13 3 95 30 41 88 6 1 38 67 49 28 71 43 53 50 72 73 76 34 4 89 40 48 62 87 63 86 21 18 61 96 97 65 
0 19 31 77 90 23 79 55 107 24 29 27 54 92 46 17 8 9 75 85 7 35 20 11 59 22 42 25 70 44 37 45 83 109 68 94 81 93 5 32 51 2 69 82 36 78 33 14 57 80 66 52 106 108 64 84 103 100 39 101 74 99 10 15 98 16 91 12 47 26 58 56 102 104 60 105 13 3 95 30 41 88 6 1 38 67 49 28 71 43 53 50 72 73 76 34 4 89 40 48 62 87 63 86 21 18 61 96 97 65 
0 19 31 77 90 23 79 55 107 24 29 27 54 92 46 17 8 9 75 85 7 35 20 11 59 22 42 25 70 44 37 45 83 109 68 94 81 93 5 32 51 2 69 82 36 78 33 14 57 80 66 52 106 108 64 84 103 100 39 101 74 99 10 15 98 16 91 12 47 26 58 56 102 104 60 105 13 3 95 30 41 88 6 1 38 67 49 28 71 43 53 50 72 73 76 34 4 89 40 48 62 87 63 86 21 18 61 96 97 65 
0 19 31 77 90 23 79 55 107 24 29 27 54 92 46 17 8 9 75 85 7 35 20 11 59 22 42 25 70 44 37 45 83 109 68 94 81 93 5 32 51 2 69 82 36 78 33 14 57 80 66 52 106 108 64 84 103 100 39 101 74 99 10 15 98 16 91 12 47 26 58 56 102 104 60 105 13 3 95 30 41 88 6 1 38 67 49 28 71 43 53 50 72 73 76 34 4 89 40 48 62 87 63 86 21 18 61 96 97 65 
0 19 31 77 90 23 79 55 107 24 29 27 54 92 46 17 8 9 75 85 7 35 20 11 59 22 42 25 70 44 37 45 83 109 68 94 81 93 5 32 51 2 69 82 36 78 33 14 57 80 66 52 106 108 64 84 103 100 39 101 74 99 10 15 98 16 91 12 47 26 58 56 102 104 60 105 13 3 95 30 41 88 6 1 38 67 49 28 71 43 53 50 72 73 76 34 4 89 40 48 62 87 63 86 21 18 61 96 97 65 
0 19 31 77 90 23 79 55 107 24 29 27 54 92 46 17 8 9 75 85 7 35 20 11 59 22 42 25 70 44 37 45 83 109 68 94 81 93 5 32 51 2 69 82 36 78 33 14 57 80 66 52 106 108 64 84 103 100 39 101 74 99 10 15 98 16 91 12 47 26 58 56 102 104 60 105 13 3 95 30 41 88 6 1 38 67 49 28 71 43 53 50 72 73 76 34 4 89 40 48 62 87 63 86 21 18 61 96 97 65 
0 19 31 77 90 23 79 55 107 24 29 27 54 92 46 17 8 9 75 85 7 35 20 11 59 22 42 25 70 44 37 45 83 109 68 94 81 93 5 32 51 2 69 82 36 78 33 14 57 80 66 52 106 108 64 84 103 100 39 101 74 99 10 15 98 16 91 12 47 26 58 56 102 104 60 105 13 3 95 30 41 88 6 1 38 67 49 28 71 43 53 50 72 73 76 34 4 89 40 48 62 87 63 86 21 18 61 96 97 65 
0 19 31 77 90 23 79 55 107 24 29 27 54 92 46 17 8 9 75 85 7 35 20 11 59 22 42 25 70 44 37 45 83 109 68 94 81 93 5 32 51 2 69 82 36 78 33 14 57 80 66 52 106 108 64 84 103 100 39 101 74 99 10 15 98 16 91 12 47 26 58 56 102 104 60 105 13 3 95 30 41 88 6 1 38 67 49 28 71 43 53 50 72 73 76 34 4 89 40 48 62 87 63 86 21 18 61 96 97 65 
0 19 31 77 90 23 79 55 107 24 29 27 54 92 46 17 8 9 75 85 7 35 20 11 59 22 42 25 70 44 37 45 83 109 68 94 81 93 5 32 51 2 69 82 36 78 33 14 57 80 66 52 106 108 64 84 103 100 39 101 74 99 10 15 98 16 91 12 47 26 58 56 102 104 60 105 13 3 95 30 41 88 6 1 38 67 49 28 71 43 53 50 72 73 76 34 4 89 40 48 62 87 63 86 21 18 61 96 97 65 
0 19 31 77 90 23 79 55 107 24 29 27 54 92 46 17 8 9 75 85 7 35 20 11 59 22 42 25 70 44 37 45 83 109 68 94 81 93 5 32 51 2 69 82 36 78 33 14 57 80 66 52 106 108 64 84 103 100 39 101 74 99 10 15 98 16 91 12 47 26 58 56 102 104 60 105 13 3 95 30 41 88 6 1 38 67 49 28 71 43 53 50 72 73 76 34 4 89 40 48 62 87 63 86 21 18 61 96 97 65 
0 19 31 77 90 23 79 55 107 24 29 27 54 92 46 17 8 9 75 85 7 35 20 11 59 22 42 25 70 44 37 45 83 109 68 94 81 93 5 32 51 2 69 82 36 78 33 14 57 80 66 52 106 108 64 84 103 100 39 101 74 99 10 15 98 16 91 12 47 26 58 56 102 104 60 105 13 3 95 30 41 88 6 1 38 67 49 28 71 43 53 50 72 73 76 34 4 89 40 48 62 87 63 86 21 18 61 96 97 65 
0 19 31 77 90 23 79 55 107 24 29 27 54 92 46 17 8 9 75 85 7 35 20 11 59 22 42 25 70 44 37 45 83 109 68 94 81 93 5 32 51 2 69 82 36 78 33 14 57 80 66 52 106 108 64 84 103 100 39 101 74 99 10 15 98 16 91 12 47 26 58 56 102 104 60 105 13 3 95 30 41 88 6 1 38 67 49 28 71 43 53 50 72 73 76 34 4 89 40 48 62 87 63 86 21 18 61 96 97 65 
0 19 31 77 90 23 79 55 107 24 29 27 54 92 46 17 8 9 75 85 7 35 20 11 59 22 42 25 70 44 37 45 83 109 68 94 81 93 5 32 51 2 69 82 36 78 33 14 57 80 66 52 106 108 64 84 103 100 39 101 74 99 10 15 98 16 91 12 47 26 58 56 102 104 60 105 13 3 95 30 41 88 6 1 38 67 49 28 71 43 53 50 72 73 76 34 4 89 40 48 62 87 63 86 21 18 61 96 97 65 
0 19 31 77 90 23 79 55 107 24 29 27 54 92 46 17 8 9 75 85 7 35 20 11 59 22 42 25 70 44 37 45 83 109 68 94 81 93 5 32 51 2 69 82 36 78 33 14 57 80 66 52 106 108 64 84 103 100 39 101 74 99 10 15 98 16 91 12 47 26 58 56 102 104 60 105 13 3 95 30 41 88 6 1 38 67 49 28 71 43 53 50 72 73 76 34 4 89 40 48 62 87 63 86 21 18 61 96 97 65 
0 19 31 77 90 23 79 55 107 24 29 27 54 92 46 17 8 9 75 85 7 35 20 11 59 22 42 25 70 44 37 45 83 109 68 94 81 93 5 32 51 2 69 82 36 78 33 14 57 80 66 52 106 108 64 84 103 100 39 101 74 99 10 15 98 16 91 12 47 26 58 56 102 104 60 105 13 3 95 30 41 88 6 1 38 67 49 28 71 43 53 50 72 73 76 34 4 89 40 48 62 87 63 86 21 18 61 96 97 65 
0 19 31 77 90 23 79 55 107 24 29 27 54 92 46 17 8 9 75 85 7 35 20 11 59 22 42 25 70 44 37 45 83 109 68 94 81 93 5 32 51 2 69 82 36 78 33 14 57 80 66 52 106 108 64 84 103 100 39 101 74 99 10 15 98 16 91 12 47 26 58 56 102 104 60 105 13 3 95 30 41 88 6 1 38 67 49 28 71 43 53 50 72 73 76 34 4 89 40 48 62 87 63 86 21 18 61 96 97 65 
0 19 31 77 90 23 79 55 107 24 29 27 54 92 46 17 8 9 75 85 7 35 20 11 59 22 42 25 70 44 37 45 83 109 68 94 81 93 5 32 51 2 69 82 36 78 33 14 57 80 66 52 106 108 64 84 103 100 39 101 74 99 10 15 98 16 91 12 47 26 58 56 102 104 60 105 13 3 95 30 41 88 6 1 38 67 49 28 71 43 53 50 72 73 76 34 4 89 40 48 62 87 63 86 21 18 61 96 97 65 
0 19 31 77 90 23 79 55 107 24 29 27 54 92 46 17 8 9 75 85 7 35 20 11 59 22 42 25 70 44 37 45 83 109 68 94 81 93 5 32 51 2 69 82 36 78 33 14 57 80 66 52 106 108 64 84 103 100 39 101 74 99 10 15 98 16 91 12 47 26 58 56 102 104 60 105 13 3 95 30 41 88 6 1 38 67 49 28 71 43 53 50 72 73 76 34 4 89 40 48 62 87 63 86 21 18 61 96 97 65 
0 19 31 77 90 23 79 55 107 24 29 27 54 92 46 17 8 9 75 85 7 35 20 11 59 22 42 25 70 44 37 45 83 109 68 94 81 93 5 32 51 2 69 82 36 78 33 14 57 80 66 52 106 108 64 84 103 100 39 101 74 99 10 15 98 16 91 12 47 26 58 56 102 104 60 105 13 3 95 30 41 88 6 1 38 67 49 28 71 43 53 50 72 73 76 34 4 89 40 48 62 87 63 86 21 18 61 96 97 65 
0 19 31 77 90 23 79 55 107 24 29 27 54 92 46 17 8 9 75 85 7 35 20 11 59 22 42 25 70 44 37 45 83 109 68 94 81 93 5 32 51 2 69 82 36 78 33 14 57 80 66 52 106 108 64 84 103 100 39 101 74 99 10 15 98 16 91 12 47 26 58 56 102 104 60 105 13 3 95 30 41 88 6 1 38 67 49 28 71 43 53 50 72 73 76 34 4 89 40 48 62 87 63 86 21 18 61 96 97 65 
0 19 31 77 90 23 79 55 107 24 29 27 54 92 46 17 8 9 75 85 7 35 20 11 59 22 42 25 70 44 37 45 83 109 68 94 81 93 5 32 51 2 69 82 36 78 33 14 57 80 66 52 106 108 64 84 103 100 39 101 74 99 10 15 98 16 91 12 47 26 58 56 102 104 60 105 13 3 95 30 41 88 6 1 38 67 49 28 71 43 53 50 72 73 76 34 4 89 40 48 62 87 63 86 21 18 61 96 97 65 
0 19 31 77 90 23 79 55 107 24 29 27 54 92 46 17 8 9 75 85 7 35 20 11 59 22 42 25 70 44 37 45 83 109 68 94 81 93 5 32 51 2 69 82 36 78 33 14 57 80 66 52 106 108 64 84 103 100 39 101 74 99 10 15 98 16 91 12 47 26 58 56 102 104 60 105 13 3 95 30 41 88 6 1 38 67 49 28 71 43 53 50 72 73 76 34 4 89 40 48 62 87 63 86 21 18 61 96 97 65 
0 19 31 77 90 23 79 55 107 24 29 27 54 92 46 17 8 9 75 85 7 35 20 11 59 22 42 25 70 44 37 45 83 109 68 94 81 93 5 32 51 2 69 82 36 78 33 14 57 80 66 52 106 108 64 84 103 100 39 101 74 99 10 15 98 16 91 12 47 26 58 56 102 104 60 105 13 3 95 30 41 88 6 1 38 67 49 28 71 43 53 50 72 73 76 34 4 89 40 48 62 87 63 86 21 18 61 96 97 65 
0 19 31 77 90 23 79 55 107 24 29 27 54 92 46 17 8 9 75 85 7 35 20 11 59 22 42 25 70 44 37 45 83 109 68 94 81 93 5 32 51 2 69 82 36 78 33 14 57 80 66 52 106 108 64 84 103 100 39 101 74 99 10 15 98 16 91 12 47 26 58 56 102 104 60 105 13 3 95 30 41 88 6 1 38 67 49 28 71 43 53 50 72 73 76 34 4 89 40 48 62 87 63 86 21 18 61 96 97 65 
0 19 31 77 90 23 79 55 107 24 29 27 54 92 46 17 8 9 75 85 7 35 20 11 59 22 42 25 70 44 37 45 83 109 68 94 81 93 5 32 51 2 69 82 36 78 33 14 57 80 66 52 106 108 64 84 103 100 39 101 74 99 10 15 98 16 91 12 47 26 58 56 102 104 60 105 13 3 95 30 41 88 6 1 38 67 49 28 71 43 53 50 72 73 76 34 4 89 40 48 62 87 63 86 21 18 61 96 97 65 
0 19 31 77 90 23 79 55 107 24 29 27 54 92 46 17 8 9 75 85 7 35 20 11 59 22 42 25 70 44 37 45 83 109 68 94 81 93 5 32 51 2 69 82 36 78 33 14 57 80 66 52 106 108 64 84 103 100 39 101 74 99 10 15 98 16 91 12 47 26 58 56 102 104 60 105 13 3 95 30 41 88 6 1 38 67 49 28 71 43 53 50 72 73 76 34 4 89 40 48 62 87 63 86 21 18 61 96 97 65 
0 19 31 77 90 23 79 55 107 24 29 27 54 92 46 17 8 9 75 85 7 35 20 11 59 22 42 25 70 44 37 45 83 109 68 94 81 93 5 32 51 2 69 82 36 78 33 14 57 80 66 52 106 108 64 84 103 100 39 101 74 99 10 15 98 16 91 12 47 26 58 56 102 104 13 105 60 3 95 30 41 88 6 1 38 67 49 28 71 43 53 50 72 73 76 34 4 89 40 48 62 87 63 86 21 18 61 96 97 65 
0 19 31 77 90 23 79 55 107 24 29 27 92 54 46 17 8 9 75 85 7 35 20 11 59 22 42 25 70 44 37 45 83 109 68 94 81 93 5 32 51 2 69 82 36 78 33 14 57 80 66 52 106 108 64 84 103 100 39 101 74 99 10 15 98 16 91 12 47 26 58 56 102 104 60 105 13 3 95 30 41 88 6 1 38 67 49 28 71 43 53 50 72 73 76 34 4 89 40 48 62 87 63 86 21 18 61 96 97 65 
0 19 31 77 90 23 79 55 107 24 29 27 54 92 46 17 8 9 75 85 7 35 20 11 59 22 42 25 70 44 37 45 83 109 68 94 81 93 5 32 51 2 69 82 36 78 33 14 57 80 28 52 106 108 64 84 103 100 39 101 74 99 10 15 98 16 91 12 47 26 58 56 102 104 60 105 13 3 95 30 41 88 6 1 38 67 49 66 71 43 53 50 72 73 76 34 4 89 40 48 62 87 63 86 21 18 61 96 97 65 
0 19 31 77 90 23 79 55 107 24 29 27 54 92 46 17 8 9 75 85 7 35 20 11 59 22 42 25 70 44 37 45 83 109 68 94 81 93 5 32 51 2 69 82 36 78 33 14 57 80 52 106 108 64 84 103 100 39 101 74 99 10 15 98 16 91 12 47 26 58 56 102 104 60 105 13 3 95 30 41 88 6 1 38 67 49 28 71 43 53 50 66 72 73 76 34 4 89 40 48 62 87 63 86 21 18 61 96 97 65 
0 19 31 77 90 23 79 55 107 24 29 27 54 92 46 17 8 9 75 85 7 35 20 11 59 22 42 25 70 44 37 45 83 109 68 94 81 93 5 32 51 2 69 82 36 78 33 14 57 80 66 52 106 108 64 84 103 100 39 101 74 99 10 15 98 16 91 12 47 26 58 56 102 104 60 105 13 3 95 41 88 6 30 1 38 67 49 28 71 43 53 50 72 73 76 34 4 89 40 48 62 87 63 86 21 18 61 96 97 65 
0 19 31 77 90 23 79 55 107 24 29 27 54 92 46 17 8 9 75 85 7 35 20 11 59 22 42 25 70 44 37 45 83 109 68 94 81 93 5 32 51 2 69 82 36 78 33 14 57 80 66 52 106 108 64 84 103 100 39 101 74 99 10 15 98 16 91 12 47 26 58 56 102 104 60 105 13 3 95 30 41 88 6 1 38 67 49 28 71 43 53 50 73 76 34 4 89 40 48 72 62 87 63 86 21 18 61 96 97 65 
0 19 31 77 90 23 79 55 107 24 29 27 54 92 46 17 8 9 75 85 7 35 20 11 59 22 42 25 70 44 37 45 83 109 68 94 81 93 5 32 51 2 69 82 36 78 33 14 57 80 66 52 106 108 64 10 103 100 39 101 74 99 84 15 98 16 91 12 47 26 58 56 102 104 60 105 13 3 95 30 41 88 6 1 38 67 49 28 71 43 53 50 72 73 76 34 4 89 40 48 62 87 63 86 21 18 61 96 97 65 
0 19 31 77 90 23 79 55 107 24 29 27 54 92 46 17 8 9 75 85 7 35 20 11 59 22 42 25 70 44 37 45 83 109 68 94 81 93 5 32 51 2 69 82 36 78 33 14 57 80 66 52 106 108 64 84 103 100 39 101 74 99 10 15 98 16 12 47 26 58 56 102 104 60 105 13 3 95 30 41 88 6 1 38 67 49 28 71 43 91 53 50 72 73 76 34 4 89 40 48 62 87 63 86 21 18 61 96 97 65 
0 19 31 77 90 23 79 55 107 24 29 27 54 92 46 17 8 42 22 59 11 20 35 7 85 75 9 25 70 44 37 45 83 109 68 94 81 93 5 32 51 2 69 82 36 78 33 14 57 80 66 52 106 108 64 84 103 100 39 101 74 99 10 15 98 16 91 12 47 26 58 56 102 104 60 105 13 3 95 30 41 88 6 1 38 67 49 28 71 43 53 50 72 73 76 34 4 89 40 48 62 87 63 86 21 18 61 96 97 65 
0 19 31 77 90 23 79 55 107 24 29 27 54 92 46 17 8 9 75 7 35 20 11 59 22 42 25 70 44 37 85 45 83 109 68 94 81 93 5 32 51 2 69 82 36 78 33 14 57 80 66 52 106 108 64 84 103 100 39 101 74 99 10 15 98 16 91 12 47 26 58 56 102 104 60 105 13 3 95 30 41 88 6 1 38 67 49 28 71 43 53 50 72 73 76 34 4 89 40 48 62 87 63 86 21 18 61 96 97 65 
0 19 31 77 90 23 79 55 107 24 29 27 54 92 46 17 8 9 75 7 35 20 11 59 22 42 25 70 44 37 85 45 83 109 68 94 81 93 5 32 51 2 69 82 36 78 33 14 57 80 66 52 106 108 64 84 103 100 39 101 74 99 10 15 98 16 91 12 47 26 58 56 102 104 60 105 13 3 95 30 41 88 6 1 38 67 49 28 71 43 53 50 72 73 76 34 4 89 40 48 62 87 63 86 21 18 61 96 97 65 
0 19 31 77 90 23 79 55 107 24 29 27 54 92 46 17 8 9 75 85 7 35 20 11 59 22 42 25 70 37 45 83 109 68 94 81 93 5 32 51 2 69 82 36 78 33 14 57 80 66 52 106 108 64 84 103 100 39 101 74 99 10 15 98 16 91 12 47 26 58 56 102 104 60 105 13 3 95 30 41 88 6 1 38 67 49 28 71 43 53 50 72 73 76 34 44 4 89 40 48 62 87 63 86 21 18 61 96 97 65 
0 19 31 77 90 23 79 55 107 24 29 27 54 92 46 17 8 9 75 85 7 35 20 11 59 22 42 25 70 44 37 45 83 109 68 94 81 93 5 32 51 2 69 82 36 52 33 14 57 80 66 78 106 108 64 84 103 100 39 101 74 99 10 15 98 16 91 12 47 26 58 56 102 104 60 105 13 3 95 30 41 88 6 1 38 67 49 28 71 43 53 50 72 73 76 34 4 89 40 48 62 87 63 86 21 18 61 96 97 65 
0 19 31 77 90 23 79 55 107 24 29 27 54 92 46 17 8 9 75 85 7 35 20 11 59 22 42 25 70 44 37 45 83 109 68 94 81 93 5 32 51 74 101 39 100 103 84 64 108 106 52 66 80 57 14 33 78 36 82 69 2 99 10 15 98 16 91 12 47 26 58 56 102 104 60 105 13 3 95 30 41 88 6 1 38 67 49 28 71 43 53 50 72 73 76 34 4 89 40 48 62 87 63 86 21 18 61 96 97 65 
0 19 31 77 90 23 79 55 107 24 29 27 54 92 46 17 8 9 75 85 7 35 20 11 59 22 42 25 70 44 37 45 83 109 68 94 81 93 5 32 51 2 69 82 36 78 33 14 57 80 66 52 106 108 64 84 103 100 39 101 74 99 10 15 98 16 91 12 43 26 58 56 102 104 60 105 13 3 95 30 41 88 6 1 38 67 49 28 71 47 53 50 72 73 76 34 4 89 40 48 62 87 63 86 21 18 61 96 97 65 
0 19 77 90 23 79 55 107 24 31 29 27 54 92 46 17 8 9 75 85 7 35 20 11 59 22 42 25 70 44 37 45 83 109 68 94 81 93 5 32 51 2 69 82 36 78 33 14 57 80 66 52 106 108 64 84 103 100 39 101 74 99 10 15 98 16 91 12 47 26 58 56 102 104 60 105 13 3 95 30 41 88 6 1 38 67 49 28 71 43 53 50 72 73 76 34 4 89 40 48 62 87 63 86 21 18 61 96 97 65 
0 19 31 77 90 23 79 55 107 24 29 27 54 92 46 17 8 9 75 85 7 35 20 11 59 22 42 25 70 44 37 45 83 109 68 94 81 93 5 32 51 2 69 82 36 78 33 14 57 80 66 52 106 108 64 84 103 100 39 101 74 10 15 98 16 91 12 47 26 58 56 102 104 60 105 13 3 95 30 41 88 6 1 38 67 49 28 71 43 99 53 50 72 73 76 34 4 89 40 48 62 87 63 86 21 18 61 96 97 65 
0 19 31 77 90 23 79 55 107 24 29 27 54 92 46 17 8 9 42 85 7 35 20 11 59 22 75 25 70 44 37 45 83 109 68 94 81 93 5 32 51 2 69 82 36 78 33 14 57 80 66 52 106 108 64 84 103 100 39 101 74 99 10 15 98 16 91 12 47 26 58 56 102 104 60 105 13 3 95 30 41 88 6 1 38 67 49 28 71 43 53 50 72 73 76 34 4 89 40 48 62 87 63 86 21 18 61 96 97 65 
0 19 31 77 90 23 79 55 107 24 29 27 54 92 46 17 8 9 75 85 7 35 20 11 59 22 42 25 70 44 37 45 5 109 68 94 81 93 83 32 51 2 69 82 36 78 33 14 57 66 52 106 108 64 84 103 100 39 101 74 99 10 15 98 16 91 12 47 26 58 56 102 104 60 105 13 3 95 30 41 88 6 1 38 67 49 28 71 43 53 50 72 73 80 76 34 4 89 40 48 62 87 63 86 21 18 61 96 97 65 
0 19 31 77 90 23 79 55 107 24 29 27 54 92 46 17 8 9 75 85 7 35 20 11 59 22 42 25 70 44 37 45 83 109 68 94 81 93 5 32 51 2 69 82 36 78 33 14 15 80 66 52 106 108 64 84 103 100 39 101 74 99 10 57 98 16 91 12 47 26 58 56 102 104 60 105 13 3 95 30 41 88 6 1 38 67 49 28 71 43 53 50 72 73 76 34 4 89 40 48 62 87 63 86 21 18 61 96 97 65 
0 19 31 77 90 23 79 55 107 24 29 27 54 92 46 17 8 9 75 85 7 35 20 11 59 22 42 25 70 44 37 45 83 109 68 94 81 93 5 32 51 2 69 82 36 78 33 14 15 80 66 52 106 108 64 84 103 100 39 101 74 99 10 57 98 16 91 12 47 26 58 56 102 104 60 105 13 3 95 30 41 88 6 1 38 67 49 28 71 43 53 50 72 73 76 34 4 89 40 48 62 87 63 86 21 18 61 96 97 65 
0 19 31 77 90 23 79 55 107 24 29 27 54 92 46 17 8 9 75 85 7 35 20 11 59 22 42 25 70 44 37 45 83 109 68 94 81 93 5 32 51 2 69 82 36 78 33 14 57 80 66 52 106 108 64 84 103 100 39 101 74 10 15 98 16 91 12 47 26 58 56 102 104 60 105 13 3 95 30 41 88 6 1 38 99 67 49 28 71 43 53 50 72 73 76 34 4 89 40 48 62 87 63 86 21 18 61 96 97 65 
0 19 31 77 90 23 79 55 107 24 29 27 54 92 46 17 8 9 75 85 7 35 20 11 59 22 42 25 70 44 37 45 83 109 68 94 81 93 5 32 51 2 69 82 36 78 33 14 57 80 66 52 26 108 64 84 103 100 39 101 74 99 10 15 98 16 91 12 47 106 58 56 102 104 60 105 13 3 95 30 41 88 6 1 38 67 49 28 71 43 53 50 72 73 76 34 4 89 40 48 62 87 63 86 21 18 61 96 97 65 
0 19 31 77 90 23 79 55 107 24 29 27 54 92 46 17 8 9 75 85 7 35 20 11 59 22 42 25 70 44 37 45 83 109 68 94 81 93 5 32 51 2 69 82 36 78 33 14 57 80 66 52 106 108 64 84 103 100 39 101 74 99 10 15 98 16 91 12 47 26 58 56 102 104 60 105 13 3 95 30 41 88 6 1 38 67 49 28 71 43 53 62 50 72 73 76 34 4 89 40 48 87 63 86 21 18 61 96 97 65 
0 19 31 77 90 23 79 55 107 24 29 27 54 92 46 17 8 9 75 85 7 35 20 11 59 22 42 25 70 44 37 45 83 109 68 94 81 93 5 32 51 2 69 82 36 78 33 14 57 80 66 106 108 64 84 103 100 74 52 101 39 99 10 15 98 16 91 12 47 26 58 56 102 104 60 105 13 3 95 30 41 88 6 1 38 67 49 28 71 43 53 50 72 73 76 34 4 89 40 48 62 87 63 86 21 18 61 96 97 65 
0 19 31 77 90 23 79 55 107 24 29 27 54 92 46 17 8 9 75 85 7 35 20 11 59 22 42 25 70 44 37 45 83 109 68 94 81 89 5 32 51 2 69 82 36 78 33 14 57 80 66 52 106 108 64 84 103 100 39 101 74 99 10 15 98 16 91 12 47 26 58 56 102 104 60 105 13 3 95 30 41 88 6 1 38 67 49 28 71 43 53 50 72 73 76 34 4 93 40 48 62 87 63 86 21 18 61 96 97 65 
0 19 31 77 90 23 79 55 107 24 29 27 54 92 46 17 8 9 75 85 7 35 20 11 59 22 42 25 70 44 37 45 83 109 68 94 81 93 5 32 51 2 69 82 36 78 33 16 57 80 66 52 106 108 64 10 103 100 39 101 74 99 84 15 98 14 91 12 47 26 58 56 102 104 60 105 13 3 95 30 41 88 6 1 38 67 49 28 71 43 53 50 72 73 76 34 4 89 40 48 62 87 63 86 21 18 61 96 97 65 
0 19 31 77 90 23 79 55 107 24 29 27 54 92 46 17 8 9 75 85 7 35 20 11 59 22 42 25 70 44 37 45 83 109 68 94 81 93 5 32 51 2 69 82 36 78 33 14 57 80 66 52 106 108 64 89 103 100 39 101 74 99 10 15 98 16 91 12 47 26 58 56 102 104 60 105 13 3 95 30 41 88 6 1 38 67 49 28 71 43 53 50 72 73 76 34 4 84 40 48 62 87 63 86 21 18 61 96 97 65 
0 19 31 77 90 23 79 55 107 24 29 27 54 92 46 17 8 9 75 85 7 35 20 11 59 22 42 25 70 44 37 45 83 109 68 94 81 93 5 32 51 2 69 82 36 78 33 14 57 80 66 52 106 108 64 89 103 100 39 101 74 99 10 15 98 16 91 12 47 26 58 56 102 104 60 105 13 3 95 30 41 88 6 1 38 67 49 28 71 43 53 50 72 73 76 34 4 84 40 48 62 87 63 86 21 18 61 96 97 65 
0 19 31 77 90 23 79 55 107 24 29 27 54 92 46 17 8 9 75 85 7 35 20 11 59 22 42 25 70 44 37 45 83 97 96 61 18 21 86 63 87 62 48 40 89 4 34 76 73 72 50 53 43 71 28 49 67 38 1 6 88 41 30 95 3 13 105 60 104 102 56 58 26 47 12 91 16 98 15 10 99 74 101 39 100 103 84 64 108 106 52 66 80 57 14 33 78 36 82 69 2 51 32 5 93 81 94 68 109 65 
0 19 31 77 90 23 79 55 107 24 29 27 54 92 46 17 8 9 75 85 7 35 20 11 59 22 42 25 70 44 37 45 83 109 68 94 81 93 5 32 51 2 69 82 36 78 33 14 57 80 66 52 106 108 64 84 103 100 39 101 74 99 10 15 98 16 6 12 47 26 58 56 102 104 60 105 13 3 95 30 41 88 1 38 67 49 28 71 43 53 50 72 91 73 76 34 4 89 40 48 62 87 63 86 21 18 61 96 97 65 
0 19 31 77 90 23 79 55 107 24 29 27 54 92 46 17 8 9 75 85 7 35 20 11 59 22 42 25 70 44 37 45 83 109 68 94 81 93 5 32 51 2 69 82 36 78 33 14 57 80 66 52 106 108 64 84 103 100 39 101 74 99 10 15 76 16 91 12 47 26 58 56 102 104 60 105 13 3 95 30 41 88 6 1 38 67 49 28 71 43 53 50 72 73 98 34 4 89 40 48 62 87 63 86 21 18 61 96 97 65 
0 19 31 77 90 23 79 55 107 24 29 27 54 92 46 17 8 9 75 85 7 35 20 11 59 22 42 25 70 44 37 45 83 109 68 94 81 93 5 32 51 2 1 69 82 36 78 33 14 57 80 66 52 106 108 64 84 103 100 39 101 74 99 10 15 98 16 91 12 47 26 58 56 102 104 60 105 13 3 95 30 41 88 6 38 67 49 28 71 43 53 50 72 73 76 34 4 89 40 48 62 87 63 86 21 18 61 96 97 65 
0 19 31 77 90 23 79 55 107 24 29 27 54 92 46 17 8 9 75 85 7 35 20 11 59 22 42 25 70 44 37 45 83 109 68 94 81 93 5 32 51 2 69 82 36 78 33 14 57 80 52 106 108 64 84 103 100 39 101 74 99 10 15 98 16 91 12 47 26 58 56 102 104 60 105 13 3 95 41 88 6 1 38 67 49 28 71 43 53 30 50 72 73 76 34 4 66 89 40 48 62 87 63 86 21 18 61 96 97 65 
0 19 31 77 90 23 79 55 107 24 29 27 54 92 46 17 8 9 75 85 7 35 20 11 59 22 42 25 70 44 37 45 83 109 68 94 81 93 5 32 51 2 69 82 36 78 33 14 57 74 66 52 106 108 64 84 103 100 39 101 80 99 10 15 98 16 91 12 47 26 58 56 102 104 60 105 13 3 95 30 41 88 6 1 38 67 49 28 71 43 53 50 72 73 76 34 4 89 40 48 62 87 63 86 21 18 61 96 97 65 
0 19 31 77 90 23 79 55 107 24 29 27 54 92 46 17 8 9 75 85 7 35 20 11 59 22 42 25 70 44 37 45 83 68 94 81 93 5 32 51 2 69 82 36 78 33 14 57 80 66 52 106 108 64 84 103 100 39 101 74 99 10 15 98 16 91 12 47 26 58 56 102 104 60 105 13 3 95 30 109 41 88 6 1 38 67 49 28 71 43 53 50 72 73 76 34 4 89 40 48 62 87 63 86 21 18 61 96 97 65 
0 19 31 77 90 23 79 55 107 24 29 27 54 92 46 17 8 9 75 85 7 35 20 11 59 22 42 25 70 44 37 83 109 10 99 74 101 39 100 103 84 64 108 106 52 66 80 57 14 33 78 36 82 69 2 51 32 5 45 93 81 94 68 15 98 16 91 12 47 26 58 56 102 104 60 105 13 3 95 30 41 88 6 1 38 67 49 28 71 43 53 50 72 73 76 34 4 89 40 48 62 87 63 86 21 18 61 96 97 65 
0 19 31 77 90 23 79 55 107 24 29 27 54 92 46 17 8 9 75 85 7 35 20 11 59 22 42 25 70 44 37 45 83 109 68 94 81 93 5 32 51 2 69 74 101 39 100 103 84 64 108 106 52 66 80 57 14 33 78 36 82 99 10 98 15 16 91 12 47 26 58 56 102 104 60 105 13 3 95 30 41 88 6 1 38 67 49 28 71 43 53 50 72 73 76 34 4 89 48 62 87 63 86 21 18 61 96 40 97 65 
0 19 31 77 90 23 79 55 107 24 29 27 54 92 46 17 8 9 75 85 7 35 20 11 59 22 42 25 70 44 37 45 83 109 68 94 81 93 5 32 51 2 69 82 36 78 33 14 80 66 52 106 108 64 84 103 100 39 101 74 99 10 15 98 16 91 12 47 26 58 56 102 104 60 105 13 3 95 30 41 88 6 1 38 67 49 28 71 43 96 61 18 21 86 63 87 62 48 40 89 4 34 76 73 72 57 50 53 97 65 
0 19 31 77 90 23 79 55 107 24 29 27 54 92 46 17 8 9 75 85 7 35 20 11 59 22 42 25 70 44 36 45 83 109 68 94 81 93 5 32 51 2 69 82 37 78 33 14 57 80 66 52 106 108 64 84 103 100 39 101 74 99 10 15 98 16 91 12 47 26 58 56 102 104 60 105 13 3 95 30 41 88 6 1 38 67 49 28 71 43 53 50 72 73 76 34 4 89 40 48 62 87 63 86 21 18 61 96 97 65 
0 19 31 77 90 23 79 55 107 24 29 27 54 92 46 17 8 9 75 85 7 35 20 11 59 22 42 25 70 44 37 45 83 109 68 94 81 93 5 32 51 2 69 82 36 78 33 14 57 80 66 52 106 108 64 84 103 100 39 101 74 99 10 15 98 16 91 12 47 26 58 56 102 104 60 105 13 3 95 30 41 88 6 1 38 67 49 28 71 43 53 50 72 73 76 34 4 89 40 48 62 65 97 96 61 18 21 86 63 87 
0 19 31 77 90 23 79 55 107 24 29 27 54 92 46 17 8 9 75 85 7 35 20 11 59 22 42 25 70 44 37 45 83 109 68 94 81 93 5 32 51 2 69 82 36 78 33 14 57 80 66 52 106 108 64 84 103 100 39 101 13 105 60 104 102 56 58 26 47 12 91 16 98 15 10 99 74 3 95 30 41 88 6 1 38 67 49 28 71 43 53 50 72 73 76 34 4 89 40 48 62 87 63 86 21 18 61 96 97 65 
0 19 31 77 90 23 79 55 107 24 29 27 54 92 46 17 8 9 75 85 7 35 20 11 59 22 42 25 70 44 37 45 83 109 68 94 81 93 5 32 51 2 69 82 43 78 33 14 57 80 66 52 106 108 64 84 103 100 39 101 74 99 10 15 98 16 91 12 47 26 58 56 102 104 60 105 13 3 95 30 41 88 6 1 38 67 49 28 71 36 53 50 72 73 76 34 4 89 40 48 62 63 86 21 18 61 87 96 97 65 
0 19 31 77 90 23 79 55 107 24 29 27 54 92 46 17 8 9 75 85 7 35 20 11 59 22 42 25 70 44 37 45 83 109 68 94 81 93 5 32 51 2 69 82 36 78 33 14 57 80 52 106 108 64 84 103 100 39 101 74 99 10 15 98 16 91 12 47 26 58 56 102 104 60 105 13 3 95 30 41 88 6 1 38 67 49 28 71 43 53 50 72 73 76 34 4 89 40 48 62 87 63 86 21 18 66 61 96 97 65 
0 19 31 77 90 23 79 55 107 24 29 27 54 92 46 17 8 75 85 7 35 20 11 59 22 42 25 70 44 37 45 83 109 68 94 81 93 5 32 51 2 69 82 36 78 33 14 57 80 66 52 106 108 64 84 103 100 39 101 74 99 10 15 98 16 91 12 47 26 58 56 102 104 60 105 13 3 95 30 41 88 6 1 38 67 49 28 71 43 53 50 72 73 76 34 4 89 9 40 48 62 87 63 86 21 18 61 96 97 65 
0 19 31 77 90 23 79 55 107 24 29 27 54 92 46 17 8 9 75 85 7 35 20 11 59 22 42 25 70 44 37 45 83 109 68 94 81 93 5 32 51 2 69 82 36 78 33 14 57 80 66 52 106 108 64 84 103 100 39 101 74 99 10 15 105 60 104 102 56 58 26 47 12 91 16 98 13 3 95 30 41 88 6 1 38 67 49 28 71 43 53 50 72 73 76 34 4 89 40 62 87 63 86 21 18 61 96 48 97 65 
0 19 31 77 90 23 79 55 107 24 29 27 54 92 46 17 8 9 75 85 7 35 20 11 59 22 42 25 70 44 37 45 83 109 68 94 81 5 32 51 2 69 82 36 78 33 14 57 80 66 52 106 108 64 84 103 100 39 101 74 99 10 15 98 16 91 12 93 47 26 58 56 102 104 60 105 13 3 95 30 41 88 6 1 38 67 49 28 71 43 53 50 72 73 76 34 4 89 40 48 62 87 63 86 21 18 61 96 97 65 
0 19 31 77 90 23 79 55 107 24 29 27 54 92 46 17 8 9 75 85 7 35 20 11 59 22 42 25 70 44 37 45 83 109 68 94 81 93 5 32 51 2 69 82 36 78 33 14 57 80 66 52 106 108 64 84 103 100 39 101 74 99 10 15 98 16 91 12 47 26 58 56 102 104 60 105 13 3 95 30 41 88 6 1 38 67 49 28 71 43 53 50 72 76 34 4 89 40 48 62 87 63 86 73 21 18 61 96 97 65 
0 19 31 77 90 23 79 55 107 24 29 27 54 92 46 17 8 9 75 85 7 35 20 11 59 22 42 25 70 44 37 45 83 109 68 94 81 93 5 32 51 102 56 58 26 47 12 91 16 98 15 10 99 74 101 39 100 103 84 64 108 106 52 66 80 57 14 33 78 36 82 69 2 104 60 105 13 3 95 30 41 88 6 1 38 67 49 28 71 43 53 50 72 73 76 34 4 89 40 48 62 87 63 86 21 18 61 96 97 65 
0 19 31 77 90 23 79 55 107 24 29 27 54 92 46 17 8 9 75 85 7 35 20 11 59 22 42 25 70 44 37 45 83 109 68 94 81 93 5 32 51 2 69 82 36 78 33 14 57 80 66 52 106 108 64 84 103 100 39 101 74 99 10 15 98 16 91 12 47 26 58 56 102 104 60 105 13 3 95 86 63 87 62 48 40 89 4 34 76 73 72 50 53 43 71 28 49 67 38 1 6 88 41 30 21 18 61 96 97 65 
0 19 31 77 90 23 79 55 107 24 29 27 54 92 46 17 8 9 75 85 7 35 20 11 59 22 42 25 70 44 37 45 83 109 68 94 81 93 5 32 51 2 69 82 36 63 87 62 48 40 89 4 34 76 73 72 50 53 43 71 28 49 67 38 1 6 88 41 30 95 3 13 105 60 104 102 56 58 26 47 12 91 16 98 15 10 99 74 101 39 100 103 84 64 108 106 52 66 80 57 14 33 78 86 21 18 61 96 97 65 
0 19 31 77 90 23 79 55 107 24 29 27 54 92 46 17 8 9 75 85 7 35 20 11 59 22 42 25 70 44 37 45 83 109 68 94 81 93 5 32 105 60 104 102 56 58 26 47 12 91 16 98 15 10 99 74 101 39 100 103 84 64 108 106 51 2 69 82 36 78 33 14 57 80 66 52 13 3 95 30 41 88 6 1 38 67 49 28 71 43 53 50 72 73 76 34 4 89 40 48 62 87 63 86 21 18 61 96 97 65 
0 19 31 77 90 23 79 55 107 24 29 27 54 92 46 17 8 9 75 85 7 35 20 11 59 22 42 25 70 44 37 45 83 109 68 94 81 93 5 32 51 2 69 82 36 78 33 14 57 80 66 52 106 108 64 84 103 100 39 101 74 99 10 15 98 16 91 12 47 26 58 56 102 104 60 105 13 3 95 67 49 28 71 43 53 50 72 73 76 34 4 89 40 48 62 87 63 86 21 18 61 1 38 30 41 88 6 96 97 65 
0 19 31 77 90 23 79 55 107 24 29 27 54 92 46 17 8 9 75 85 7 35 20 11 59 22 42 25 70 44 37 45 83 109 68 94 81 93 5 32 51 2 69 82 36 78 33 57 80 66 52 106 108 64 84 103 100 39 101 74 99 10 15 98 16 91 12 47 14 26 58 56 102 104 60 105 13 3 95 30 41 88 6 1 38 67 49 28 71 43 53 50 72 73 76 34 89 40 48 62 87 63 86 21 18 61 96 4 97 65 
0 19 31 77 90 23 79 55 107 24 29 27 54 92 46 17 8 9 75 85 7 35 20 11 59 22 42 25 70 44 37 45 83 109 68 94 81 93 5 32 51 2 69 82 36 78 33 14 88 80 66 52 106 108 64 84 103 100 39 101 74 99 10 15 98 16 91 12 47 26 58 56 102 104 60 105 13 6 57 41 30 95 3 1 38 67 49 28 71 43 53 50 72 73 76 34 4 89 40 48 62 87 63 86 21 18 61 96 97 65 
0 19 31 77 90 23 79 55 107 24 29 27 54 92 46 17 8 9 75 85 7 35 20 11 59 22 42 25 44 37 45 83 109 68 94 81 93 5 32 51 2 69 82 36 78 33 14 57 80 66 52 106 108 64 84 103 100 39 101 74 99 10 15 98 16 91 12 47 26 58 56 102 104 60 105 13 3 95 30 41 88 6 1 70 38 67 49 28 71 43 53 50 72 73 76 34 4 89 40 48 62 87 63 86 21 18 61 96 97 65 
0 19 31 77 90 23 79 55 107 24 29 27 54 92 46 17 8 9 75 85 7 35 20 11 59 22 42 25 70 44 37 45 83 109 68 94 81 93 5 32 51 2 69 82 36 78 33 14 57 80 66 52 106 108 64 84 12 100 39 101 74 99 10 15 98 16 91 103 47 26 58 56 102 104 60 105 13 3 95 30 41 88 6 1 38 67 49 71 43 53 50 72 28 73 76 34 4 89 40 48 62 87 63 86 21 18 61 96 97 65 
0 19 31 77 90 23 79 55 107 24 29 27 54 92 46 17 8 9 75 85 7 35 20 11 59 22 84 42 25 70 44 37 45 83 109 68 94 81 93 5 32 51 2 69 82 36 78 33 14 57 80 66 52 106 108 64 103 100 39 101 74 99 10 15 98 16 91 12 47 26 58 56 102 104 60 105 13 3 95 30 41 88 6 1 38 67 49 28 71 40 43 53 50 72 73 76 34 4 89 48 62 87 63 86 21 18 61 96 97 65 
0 19 31 77 90 23 79 55 107 24 29 27 54 92 46 17 8 9 75 85 7 35 20 11 59 22 42 25 70 44 37 45 83 109 68 94 81 93 5 32 51 2 69 82 36 78 33 14 57 80 66 52 106 108 64 84 103 100 39 101 74 99 10 15 98 16 91 12 47 26 58 56 102 104 60 105 3 95 30 41 88 6 1 38 67 49 28 71 43 53 50 72 73 76 34 4 89 40 48 62 87 63 86 21 18 13 61 96 97 65 
0 19 31 77 90 23 79 55 107 24 29 27 54 92 46 17 8 9 75 85 7 35 20 11 59 22 42 25 70 44 37 45 83 109 68 94 81 93 1 32 51 2 5 69 82 36 78 33 14 57 80 66 52 106 108 64 84 103 100 39 101 74 99 10 15 98 16 91 12 47 26 58 56 102 104 60 105 13 3 95 30 41 88 6 38 67 49 28 71 43 53 50 72 73 76 34 4 89 40 48 62 87 63 86 21 18 61 96 97 65 
0 19 31 77 90 23 79 55 107 24 29 27 54 92 46 17 8 9 75 85 7 35 20 11 59 22 42 25 70 44 37 45 83 109 68 94 81 93 5 32 2 69 82 36 78 33 14 57 80 66 52 106 108 64 84 103 100 39 101 74 99 10 15 98 16 91 12 47 26 58 56 102 104 60 105 51 95 3 13 30 41 88 6 1 38 67 49 28 71 43 53 50 72 73 76 34 4 89 40 48 62 87 63 86 21 18 61 96 97 65 
0 19 31 77 90 23 79 55 107 24 29 27 54 92 46 17 8 9 75 85 7 35 20 11 59 22 42 25 70 44 37 45 83 109 68 94 81 93 5 32 51 2 69 82 36 78 33 14 57 80 66 52 106 108 84 103 100 39 101 74 99 10 15 98 16 91 12 47 26 58 56 102 104 60 105 13 3 95 30 41 88 6 1 38 67 49 28 71 43 53 50 72 73 76 34 4 89 40 48 62 87 63 86 21 18 61 64 96 97 65 
0 19 31 77 90 23 79 2 51 32 5 93 81 94 68 109 83 45 37 44 70 25 42 22 59 11 20 35 7 85 75 9 8 17 46 92 54 27 29 24 107 55 69 82 36 78 33 14 57 80 66 52 106 108 64 84 103 100 39 101 74 99 10 15 98 16 91 12 47 26 58 56 102 104 60 105 13 3 95 30 41 88 6 1 38 67 49 28 71 43 53 50 72 73 76 34 4 89 40 48 62 87 63 86 21 18 61 96 97 65 
0 19 31 77 90 23 79 55 107 24 29 27 54 92 46 17 8 9 75 85 7 35 20 11 59 97 96 61 18 21 86 63 87 62 48 40 89 4 34 76 73 72 50 53 43 71 28 49 67 38 1 6 88 41 30 95 3 13 105 60 104 102 56 58 26 47 12 91 16 98 15 10 99 74 101 39 100 103 84 64 108 106 52 66 80 57 14 33 78 22 42 25 70 44 37 45 83 109 68 94 81 93 5 32 51 2 69 82 36 65 
0 19 31 77 90 23 79 55 107 24 29 27 54 92 46 17 8 9 75 85 7 35 20 11 59 22 42 25 70 44 37 45 83 109 68 94 81 93 5 32 51 2 69 82 36 78 33 14 57 80 66 52 106 108 64 84 103 100 39 101 74 99 10 15 98 16 91 12 47 26 58 56 102 104 60 105 13 3 95 30 41 88 6 1 38 67 49 62 71 43 53 50 72 73 76 34 4 89 40 48 28 87 63 86 21 18 61 96 97 65 
0 19 31 77 90 23 79 55 107 24 29 27 54 92 46 17 8 9 75 85 7 35 20 11 59 22 42 25 70 44 37 45 83 109 68 94 81 93 5 32 51 2 69 82 36 78 33 14 57 80 66 52 106 108 64 84 103 100 39 101 74 99 10 15 98 16 91 12 47 26 58 56 102 104 60 105 13 21 86 63 87 62 48 40 89 4 34 76 73 72 50 53 43 71 28 49 67 38 1 6 88 41 30 95 3 18 61 96 97 65 
0 19 31 77 90 23 79 55 107 24 29 27 54 92 46 17 8 9 75 85 7 35 20 11 59 22 42 25 70 44 37 45 83 109 68 94 52 93 5 32 51 2 69 82 36 78 33 14 57 80 66 81 106 108 64 84 103 100 39 101 74 99 10 15 98 16 91 12 47 26 58 56 102 104 60 105 13 3 95 30 41 88 6 1 38 67 49 28 71 43 53 50 72 73 76 34 4 89 40 48 62 87 63 86 21 18 61 96 97 65 
0 19 31 77 90 23 79 55 107 24 29 27 54 92 46 17 8 9 75 85 7 71 28 49 67 38 1 6 88 41 30 95 3 13 105 60 104 102 56 58 26 47 12 91 16 98 15 10 99 74 101 39 100 103 84 64 108 106 52 66 80 57 14 33 78 36 82 69 2 51 32 5 93 81 94 68 109 83 45 37 44 70 25 42 22 59 11 20 35 43 53 50 72 73 76 34 4 89 40 48 62 87 63 86 21 18 61 96 97 65 
0 19 31 77 90 23 79 55 107 24 29 27 54 92 46 17 8 9 75 85 7 35 20 11 59 22 42 25 28 49 67 38 1 6 88 41 30 95 3 13 105 60 69 2 51 32 5 93 81 94 68 109 83 45 37 44 70 82 36 78 33 14 57 80 66 52 106 108 64 84 103 100 39 101 74 99 10 15 98 16 91 12 47 26 58 56 102 104 71 43 53 50 72 73 76 34 4 89 40 48 62 87 63 86 21 18 61 96 97 65 
0 19 31 77 90 23 79 55 107 24 29 27 54 92 46 17 8 9 75 85 7 35 20 11 59 22 42 25 70 44 37 45 83 109 68 94 81 93 5 32 51 2 69 82 56 78 33 14 57 80 66 52 106 108 64 84 103 100 39 101 74 99 10 15 98 16 91 12 47 26 58 36 102 104 60 105 13 3 95 30 41 88 6 1 38 67 49 28 71 43 53 50 72 73 76 34 4 89 40 48 62 87 63 86 21 18 61 96 97 65 
0 19 31 77 90 23 79 55 107 24 29 27 54 92 46 17 8 9 75 85 7 35 20 11 59 22 42 25 70 44 37 45 83 109 84 103 100 39 101 74 99 57 15 98 16 91 12 47 26 58 66 52 106 108 64 68 94 81 5 93 32 51 2 69 82 36 78 33 14 10 80 56 102 104 60 105 13 3 95 30 41 88 6 1 38 67 49 28 71 43 53 50 72 73 76 34 4 89 40 48 62 87 63 86 21 18 61 96 97 65 
0 19 31 77 90 23 79 55 107 24 29 27 54 92 46 17 8 9 75 85 7 35 20 11 59 22 42 25 70 44 37 45 83 109 68 94 81 93 5 32 51 2 69 82 36 78 33 14 57 80 66 52 106 64 84 103 100 39 101 74 99 10 15 98 16 91 12 47 26 58 56 102 104 60 105 13 3 95 30 41 88 6 1 38 67 49 28 71 43 53 50 72 73 76 34 4 89 40 48 62 87 63 108 86 21 18 61 96 97 65 
0 19 31 77 90 23 79 55 107 24 29 27 54 92 46 17 8 9 75 85 7 35 20 11 59 22 42 33 70 44 37 45 83 109 68 94 81 93 5 32 51 2 69 82 36 78 25 14 57 80 66 52 106 108 64 84 103 100 39 101 74 99 10 15 98 16 91 12 47 26 58 56 102 104 60 105 13 3 95 30 41 88 6 1 38 67 49 28 71 43 53 50 72 73 76 34 4 89 40 48 62 87 63 86 21 18 61 96 97 65 
0 19 31 77 24 107 55 79 23 90 29 27 54 92 46 17 8 9 75 85 7 35 20 11 59 22 42 25 70 44 37 45 83 109 104 102 56 58 26 47 12 91 16 98 15 10 99 74 101 39 100 103 84 64 108 106 52 66 80 57 14 68 94 81 93 5 32 51 2 69 82 36 78 33 60 105 13 3 95 30 41 88 6 1 38 67 49 28 71 43 53 50 72 73 76 34 4 89 40 48 62 87 63 86 21 18 61 96 97 65 
0 19 31 77 90 23 79 55 107 24 29 27 54 92 46 17 8 9 11 85 7 35 20 75 59 22 42 25 28 49 67 38 1 6 88 41 30 95 3 13 105 60 104 102 56 58 26 47 12 91 16 98 15 10 99 74 101 39 100 103 84 64 108 106 52 66 80 57 14 33 78 36 82 69 2 51 32 5 93 81 94 68 109 83 45 37 44 70 71 43 53 50 72 73 76 34 4 89 40 48 62 87 63 86 21 18 61 96 97 65 
0 19 31 77 90 23 79 55 107 24 29 27 54 92 46 17 8 9 75 85 35 20 11 59 22 42 25 70 44 37 45 83 109 68 94 81 93 5 32 51 2 69 82 36 78 33 14 57 80 66 52 106 108 64 84 103 100 39 101 74 99 10 15 98 16 91 12 47 26 58 56 102 104 60 105 13 3 95 30 41 88 6 1 38 67 49 28 7 71 43 53 50 72 73 76 34 4 89 40 48 62 87 63 86 21 18 61 96 97 65 
0 19 31 77 90 23 79 55 107 24 29 27 54 92 46 17 8 9 75 85 7 35 20 11 59 22 42 25 70 44 37 45 83 109 68 94 81 93 5 32 51 2 69 82 78 38 14 57 80 66 52 106 108 64 84 103 100 39 101 36 74 99 10 15 98 16 91 12 47 26 58 56 102 104 60 105 13 3 95 30 41 88 6 1 33 67 49 28 71 43 53 50 72 73 76 34 4 89 40 48 62 87 63 86 21 18 61 96 97 65 
0 19 31 77 90 23 79 55 107 24 29 27 54 92 46 17 8 9 75 85 7 35 20 11 59 22 42 25 70 44 37 45 83 109 68 94 81 93 5 32 51 2 69 82 36 78 33 14 57 80 66 52 106 108 64 48 62 87 63 86 21 18 61 96 98 16 91 12 47 26 58 56 102 104 60 105 13 3 95 30 41 88 6 1 38 67 49 28 71 43 53 50 72 73 76 84 103 100 39 101 74 99 10 15 34 4 89 40 97 65 
0 19 31 77 90 23 79 55 107 24 29 27 54 92 46 17 8 9 15 10 99 74 101 39 100 103 84 64 108 106 52 66 80 57 14 33 78 36 82 69 2 51 32 5 93 81 94 68 109 83 45 37 44 70 25 42 22 59 11 20 35 7 85 75 98 16 91 12 47 26 58 56 102 104 60 105 13 3 95 30 41 88 6 1 38 67 49 28 71 43 53 50 72 73 76 34 4 89 40 48 62 87 63 86 21 18 61 96 97 65 
0 19 31 77 90 23 79 55 107 24 29 27 54 92 46 17 8 74 99 10 15 98 16 91 12 47 26 58 56 102 104 60 105 13 3 95 30 41 88 6 1 38 67 49 28 71 43 53 50 72 73 76 34 108 64 84 103 100 39 101 9 75 85 7 35 20 11 59 22 42 25 70 44 37 45 83 109 68 94 81 93 5 32 51 2 69 82 36 78 33 14 57 80 66 52 106 4 89 40 48 62 87 63 86 21 18 61 96 97 65 
0 19 31 77 90 23 79 55 107 24 29 27 54 92 46 48 40 89 4 34 76 73 72 50 53 43 71 28 49 67 38 1 6 88 41 30 95 3 13 105 60 104 102 56 58 26 47 12 91 16 98 15 10 99 74 101 39 100 103 84 64 108 106 52 66 80 57 14 33 78 36 82 69 2 51 32 5 93 81 94 68 109 83 45 37 44 70 25 42 22 59 11 20 35 7 85 75 9 8 17 62 87 63 86 21 18 61 96 97 65 
0 19 31 77 90 23 79 55 107 24 29 27 22 92 46 17 8 9 75 85 7 35 20 11 59 54 42 25 70 44 37 45 83 109 68 94 81 93 5 32 51 2 69 82 36 78 33 14 57 80 66 52 106 108 64 84 103 100 39 101 74 99 10 15 98 16 91 12 47 34 76 73 72 50 53 43 71 28 49 67 38 1 6 88 41 30 95 3 13 105 60 104 102 56 58 26 4 89 40 48 62 87 63 86 21 18 61 96 97 65 
0 19 31 77 90 23 79 55 107 24 29 27 54 92 46 17 8 9 75 85 7 35 20 11 59 22 42 102 38 1 6 88 41 30 95 3 13 105 60 104 49 56 58 26 47 12 91 16 98 15 10 99 74 101 39 100 103 84 64 108 106 52 66 80 57 14 33 78 36 82 69 2 51 32 5 93 81 94 68 109 83 45 37 44 70 25 67 28 71 43 53 50 72 73 76 34 4 89 40 48 62 87 63 86 21 18 61 96 97 65 
0 19 31 77 90 23 79 55 107 24 29 27 54 92 46 17 8 9 75 85 7 35 20 11 59 22 42 73 70 44 37 45 83 109 68 94 81 93 5 32 51 2 69 82 36 78 33 14 57 80 66 52 106 108 64 84 103 100 39 101 74 99 10 15 98 16 91 12 47 26 58 56 102 104 60 105 13 3 95 30 41 88 6 1 38 67 49 28 71 43 53 50 72 25 76 34 4 89 40 48 62 87 63 86 21 18 61 96 97 65 
0 19 31 77 90 23 79 55 107 24 29 27 54 92 46 17 8 9 75 85 7 35 20 11 59 22 42 25 70 44 37 45 83 109 68 94 81 93 5 32 51 2 69 82 36 78 33 14 57 80 66 106 108 64 84 103 100 39 101 74 99 10 15 98 16 91 12 47 26 58 56 102 104 60 105 13 3 95 30 41 88 6 1 38 67 49 28 71 43 53 50 72 73 76 34 4 89 40 48 62 87 63 86 21 18 61 96 97 52 65 
0 19 31 77 90 23 79 55 107 24 29 27 54 92 46 17 8 9 75 85 7 35 20 11 59 22 42 25 70 44 37 45 83 109 68 94 81 93 5 32 51 2 69 82 36 78 33 14 57 80 66 52 106 108 64 84 103 100 39 101 74 99 10 15 98 16 91 12 47 26 58 56 102 104 60 105 13 3 95 30 41 88 6 1 38 67 49 28 71 43 53 50 72 73 76 34 4 89 40 48 62 87 63 86 21 18 65 96 97 61 
0 9 31 77 90 23 79 55 107 24 29 27 54 92 46 17 8 19 75 85 7 35 20 11 59 22 42 25 70 44 37 45 83 109 68 94 81 93 5 32 51 2 69 82 36 78 33 14 57 80 66 52 106 108 64 84 103 100 39 101 74 99 10 15 98 16 91 12 47 26 58 56 102 104 60 105 13 3 95 30 41 88 6 1 38 67 49 28 71 43 53 50 72 73 76 34 4 89 40 48 62 87 63 86 21 18 61 96 97 65 
0 19 31 77 90 23 79 55 107 24 29 27 54 92 46 17 8 9 75 85 7 35 20 11 59 22 42 25 70 44 37 45 83 109 68 94 81 93 5 32 51 2 69 82 36 78 33 14 57 80 66 52 106 108 64 84 103 100 39 101 74 99 10 15 98 16 91 12 47 26 58 56 102 104 60 105 13 3 95 30 41 89 40 48 62 87 63 86 21 18 61 96 97 88 6 1 38 67 49 28 71 43 53 50 72 73 76 34 4 65 
0 19 31 77 90 23 79 55 107 24 29 27 54 92 46 17 8 9 75 85 7 35 20 11 59 22 42 25 70 44 37 100 103 84 64 108 106 52 66 80 57 14 33 36 82 69 2 51 32 5 93 81 94 68 109 83 45 39 101 74 99 10 15 98 16 91 12 47 26 58 56 102 104 60 105 13 3 95 30 41 78 88 6 1 38 67 49 28 71 43 53 50 72 73 76 34 4 89 40 48 62 87 63 86 21 18 61 96 97 65 
0 19 31 77 90 23 79 55 107 24 29 66 80 57 14 33 78 36 82 69 2 51 32 5 93 81 94 68 109 83 45 37 44 70 25 42 22 59 11 20 35 7 85 75 9 8 17 46 92 54 27 52 106 108 64 84 103 100 39 101 74 99 10 15 98 16 91 12 47 26 58 56 102 104 60 105 13 3 95 30 41 88 6 1 38 67 49 28 71 43 53 50 72 73 76 34 4 89 40 48 62 87 63 86 21 18 61 96 97 65 
0 19 31 77 90 23 79 55 107 24 29 27 54 92 46 17 8 9 75 85 7 35 20 11 59 22 42 25 70 44 37 45 83 109 68 94 81 93 5 32 51 2 69 82 36 78 33 14 57 80 66 52 106 108 64 84 103 100 39 101 18 21 86 63 87 62 48 40 89 4 34 76 73 72 50 53 43 71 28 49 67 38 105 6 88 41 30 95 3 13 1 60 104 102 56 58 26 47 12 91 16 98 15 10 99 74 61 96 97 65 
0 19 31 77 90 23 79 55 107 24 29 27 54 92 46 17 8 9 75 85 7 35 20 11 59 22 42 25 70 44 37 45 15 109 68 94 81 93 5 32 51 2 69 82 36 78 33 14 57 80 66 52 106 108 64 84 103 100 39 101 74 99 10 83 98 16 91 12 47 26 58 56 102 104 60 105 13 3 95 30 41 88 6 1 38 67 49 28 71 43 53 50 72 73 76 34 4 89 40 48 62 87 63 86 21 18 61 96 97 65 
0 19 31 77 90 23 79 55 107 24 29 27 54 92 46 17 8 9 75 85 7 35 20 78 11 59 22 42 25 70 44 37 45 83 109 68 94 81 93 5 32 51 2 69 82 36 33 14 57 66 52 106 108 64 84 103 100 39 101 74 99 10 15 98 16 91 12 47 26 58 56 102 104 60 105 13 3 95 30 41 88 6 1 38 67 49 28 71 43 53 50 72 73 76 34 4 89 40 48 62 87 63 86 21 18 61 96 80 97 65 
0 19 31 80 57 14 33 78 36 82 69 2 51 32 5 93 81 94 68 109 83 45 37 44 70 25 42 22 59 11 20 35 7 85 75 9 8 17 46 92 54 27 29 24 107 55 79 23 90 77 66 52 106 108 64 84 103 100 39 101 74 99 10 15 98 16 91 12 47 26 58 56 102 104 60 105 13 3 95 30 41 88 6 1 38 67 49 28 71 43 53 50 72 73 76 34 4 89 40 48 62 87 63 86 21 18 61 96 97 65 
0 19 31 77 90 23 79 55 107 24 29 27 8 92 18 21 86 63 87 62 48 40 89 4 34 76 73 72 50 53 43 71 28 49 67 38 1 6 88 41 30 95 3 13 105 60 104 102 56 58 26 47 12 91 16 98 15 10 99 74 101 39 100 103 84 64 108 106 52 66 80 57 14 33 78 36 82 69 2 51 32 5 93 81 94 68 109 83 45 37 44 70 25 42 22 59 11 20 35 7 85 75 9 54 17 46 61 96 97 65 
0 19 31 77 90 23 79 55 107 24 29 27 54 92 46 17 8 9 75 85 7 35 20 11 59 22 42 25 70 44 37 45 83 109 68 94 81 93 5 32 51 2 69 82 36 78 67 38 1 6 88 41 30 95 3 13 105 60 104 102 56 58 26 47 12 91 16 98 15 99 74 101 39 100 103 84 64 108 106 52 66 80 57 14 33 49 28 71 43 53 50 72 73 76 34 4 89 40 48 62 87 63 86 21 18 61 96 10 97 65 
0 19 31 77 90 23 79 55 107 24 29 27 54 92 46 17 8 9 75 85 7 35 20 11 59 22 42 25 70 44 37 45 83 109 68 94 81 93 5 51 2 69 82 36 78 33 14 57 80 66 52 32 106 108 64 84 103 100 39 101 74 99 10 15 98 16 91 12 47 26 58 56 102 104 60 105 13 3 95 30 41 88 6 1 38 67 49 28 71 43 53 50 72 73 18 76 34 4 89 40 48 62 87 63 86 21 61 96 97 65 
0 19 31 77 90 23 79 55 107 24 29 27 54 92 46 17 8 9 75 85 7 35 20 11 59 22 42 25 70 44 37 45 83 109 68 94 81 93 5 32 51 2 69 82 36 78 33 14 57 80 66 52 106 108 64 41 88 6 1 38 26 49 28 71 43 53 50 72 73 76 34 4 89 40 60 105 13 3 95 30 84 103 100 39 101 74 99 10 15 98 16 91 12 47 67 58 56 102 104 48 62 87 63 86 21 18 61 96 97 65 
0 49 67 38 1 6 88 41 30 95 3 13 105 60 104 102 56 58 26 47 12 91 16 98 15 10 99 74 101 39 100 103 84 64 108 106 52 66 80 57 14 33 78 36 82 69 2 51 32 5 93 81 94 68 109 83 45 37 44 70 25 42 22 59 11 20 35 7 85 75 9 8 17 46 92 54 27 29 24 107 55 79 23 90 77 31 19 28 71 43 53 50 72 73 76 34 4 89 40 48 62 87 63 86 21 18 61 96 97 65 
0 19 31 77 90 23 79 55 107 24 29 27 54 92 46 17 8 9 75 85 7 35 20 11 59 22 42 25 70 44 37 45 83 109 68 94 81 93 5 32 51 2 69 82 36 78 33 14 57 80 66 52 106 108 64 84 103 100 39 101 74 99 10 15 98 16 91 12 47 26 58 56 102 62 104 105 13 3 95 30 41 88 6 1 38 67 49 28 71 43 53 50 72 73 76 34 4 89 60 40 48 87 63 86 21 18 61 96 97 65 
0 19 31 77 90 23 79 55 107 24 29 27 54 92 46 17 8 9 75 85 7 35 20 11 59 22 42 25 70 44 37 45 83 109 68 94 81 93 32 51 2 69 82 36 78 33 14 57 80 66 52 106 108 64 84 103 100 39 101 74 99 10 72 98 16 5 91 12 47 26 58 56 102 104 60 105 13 3 95 30 41 88 6 1 38 67 49 28 71 43 53 50 15 73 76 34 4 89 40 48 62 87 63 86 21 18 61 96 97 65 
0 19 31 77 90 23 79 55 107 24 29 27 54 92 46 17 8 9 75 67 38 1 6 88 41 30 95 3 13 105 60 104 102 56 58 26 47 12 91 16 98 15 99 74 101 39 85 7 35 20 11 59 22 42 25 70 44 37 45 83 109 68 94 81 93 5 32 51 2 69 82 36 78 33 14 57 80 66 52 106 108 64 84 103 100 10 49 28 71 43 53 50 72 73 76 34 4 89 40 48 62 87 63 86 21 18 61 96 97 65 
0 19 31 77 90 23 79 55 107 24 29 27 54 92 46 17 8 9 75 85 7 35 20 11 59 22 42 25 70 44 37 45 83 109 68 94 81 93 5 32 51 2 100 72 84 64 108 106 52 66 80 15 14 33 78 36 82 69 39 101 74 99 10 57 98 16 91 12 47 26 58 56 102 104 60 105 13 3 95 30 41 88 6 1 38 67 49 28 71 43 53 50 103 73 76 34 4 89 40 48 62 87 63 86 21 18 61 96 97 65 
0 19 31 77 90 23 79 55 107 24 29 27 54 92 46 17 8 9 75 85 7 35 20 11 59 22 42 25 70 44 37 45 83 109 68 94 81 93 5 32 51 2 69 82 36 78 33 14 57 80 66 52 106 108 64 84 104 102 56 58 26 47 12 91 16 98 15 10 99 74 101 39 100 103 89 40 48 62 87 63 86 60 105 13 3 95 30 41 88 6 1 38 67 49 28 71 53 50 43 72 73 76 34 4 21 18 61 96 97 65 
0 19 31 77 90 23 79 55 107 24 29 27 54 92 46 17 8 9 75 13 105 60 104 102 56 58 26 47 12 91 16 98 15 10 99 74 101 39 100 103 84 64 108 106 52 66 80 57 14 33 78 36 82 69 2 51 32 5 93 81 94 68 109 83 45 37 44 70 25 42 22 59 11 20 35 7 85 3 95 30 41 88 6 1 38 67 49 28 71 43 53 50 72 73 76 34 4 89 40 48 62 87 63 86 21 18 61 96 97 65 
0 19 31 77 90 23 79 55 107 24 29 27 54 71 28 49 67 38 1 6 88 41 30 95 3 13 105 60 104 102 56 58 26 47 12 91 16 98 15 10 99 74 101 39 100 106 103 84 64 108 52 66 80 57 14 33 78 36 82 69 2 51 32 5 93 81 94 68 109 83 45 37 44 70 25 42 22 59 11 20 35 7 85 75 9 8 17 46 92 43 53 50 72 73 76 34 4 89 40 48 62 87 63 86 21 18 61 96 97 65 
0 19 31 77 90 23 79 55 107 101 74 99 10 15 98 16 91 12 47 26 58 56 102 104 60 105 13 3 95 30 41 88 6 1 38 67 49 28 71 43 53 50 72 73 76 34 4 89 40 48 62 87 63 86 21 18 61 96 97 24 29 27 54 92 46 17 8 9 75 85 7 35 20 11 59 22 42 25 70 44 37 45 83 109 68 94 81 93 5 32 51 2 69 82 36 78 33 14 57 80 66 52 106 108 64 84 103 100 39 65 
0 19 31 77 90 23 79 55 107 24 29 10 99 74 101 39 100 103 84 64 108 106 52 66 27 54 92 46 17 8 9 75 85 7 35 20 11 59 22 42 25 70 44 37 45 83 109 68 94 81 93 5 32 51 2 69 82 36 78 14 57 33 80 15 98 16 91 12 47 26 58 56 102 104 60 105 13 3 95 30 41 88 6 1 38 67 49 28 71 43 53 50 72 73 76 34 4 89 40 48 62 87 63 86 21 18 61 96 97 65 
0 19 31 77 90 23 55 107 24 29 27 54 92 46 17 8 9 75 85 7 35 20 11 59 22 42 25 70 44 37 45 83 109 68 94 81 93 5 32 51 2 69 82 36 78 33 14 57 80 66 52 106 108 64 84 103 100 39 101 74 99 10 15 98 16 91 12 47 26 58 56 102 104 60 105 13 3 95 30 41 88 6 1 79 38 67 49 28 71 43 53 50 72 73 76 34 4 89 40 48 62 87 63 86 21 18 61 96 97 65 
0 19 31 77 90 23 109 68 94 81 93 5 32 51 2 69 82 36 75 85 7 35 20 11 59 22 42 25 70 44 37 45 83 79 55 107 24 29 27 54 92 46 17 8 9 78 33 14 57 80 66 52 106 108 64 84 103 100 39 101 74 99 10 15 98 16 91 12 47 26 58 56 102 104 60 105 13 3 95 30 41 88 6 1 38 67 49 28 71 43 53 50 72 73 76 34 4 89 40 48 62 87 63 86 21 18 61 96 97 65 
0 19 31 77 90 23 79 55 107 24 29 27 54 92 46 17 8 75 85 7 35 20 11 59 22 42 25 70 44 37 45 83 109 68 94 81 93 5 32 51 2 69 82 36 78 33 14 9 57 80 66 104 106 108 64 84 103 100 39 101 74 99 10 15 98 16 91 12 47 26 58 56 102 52 60 105 13 3 95 30 41 88 6 1 38 67 49 28 71 43 53 50 72 73 76 34 4 89 40 48 62 87 63 86 21 18 61 96 97 65 
0 19 31 21 86 63 87 62 48 40 89 4 34 76 73 72 50 53 43 71 28 49 67 38 1 6 88 41 30 95 3 13 105 60 104 102 56 58 26 47 12 91 16 98 15 10 99 74 101 39 100 103 84 64 108 106 52 66 80 57 14 33 68 36 82 69 2 51 32 5 93 81 94 78 109 83 45 85 37 44 70 25 42 22 59 11 20 35 7 75 9 8 17 46 92 54 27 29 24 107 55 79 23 90 77 18 61 96 97 65 
0 19 31 90 23 79 14 57 80 66 52 106 108 64 84 103 100 39 77 55 107 24 29 27 54 92 46 17 8 9 75 85 7 35 20 11 59 22 42 25 70 44 37 45 83 109 68 94 81 93 5 32 51 2 69 82 36 78 33 101 74 99 10 15 98 16 91 12 47 26 58 56 102 104 60 105 13 3 95 30 41 88 6 1 38 67 49 28 71 43 53 50 72 73 76 34 4 89 40 48 62 87 63 86 21 18 61 96 97 65 
0 19 31 77 5 32 51 2 69 82 36 78 33 14 57 80 66 52 106 108 64 84 103 100 39 101 74 99 10 15 98 16 91 12 47 94 81 93 90 23 79 55 107 24 29 27 54 92 46 17 8 9 75 85 7 35 20 11 59 22 42 25 70 44 37 45 83 109 68 89 4 34 76 73 72 50 26 58 56 102 104 60 105 13 3 95 30 41 88 6 1 38 67 49 28 71 43 53 40 48 62 87 63 86 21 18 61 96 97 65 
0 19 31 77 90 23 79 55 107 24 29 27 54 92 46 17 8 9 75 85 7 20 11 59 22 42 25 70 44 37 45 83 109 68 94 81 93 5 32 51 2 106 82 36 78 33 14 57 80 35 66 52 69 108 64 84 103 100 39 101 74 99 10 15 98 16 91 12 47 26 58 56 102 104 60 105 13 3 95 30 41 88 6 1 38 67 49 28 71 43 53 50 72 73 76 34 4 89 40 48 62 87 63 86 21 18 61 96 97 65 
0 19 31 77 90 81 79 55 107 24 29 27 54 92 46 17 8 9 75 85 7 35 20 11 59 22 42 25 70 44 37 45 83 109 68 94 23 93 5 32 51 2 69 82 36 78 33 14 57 80 66 52 106 108 64 84 103 100 39 101 74 99 10 15 98 16 91 12 47 26 58 56 102 104 60 105 13 3 95 30 41 88 6 1 38 67 49 28 71 43 53 50 72 73 76 34 4 89 40 48 62 87 63 86 21 18 61 96 97 65 
0 19 31 77 90 23 79 55 107 24 29 27 54 92 46 17 8 9 75 85 7 35 20 11 59 22 42 25 70 44 37 45 83 109 68 94 81 93 5 32 51 2 69 82 36 78 33 14 57 80 66 52 106 108 64 84 103 100 39 101 74 99 10 15 98 16 91 12 47 26 58 56 102 104 60 105 13 3 95 30 41 88 6 1 38 67 49 28 71 43 53 21 18 61 96 97 65 89 40 48 62 87 63 86 50 72 73 76 34 4 
0 19 31 77 90 29 24 107 55 79 23 27 54 92 46 17 8 9 75 85 7 35 20 11 59 22 42 25 70 44 37 45 83 109 68 94 81 93 5 32 51 2 69 82 36 78 33 14 57 80 66 52 106 108 64 84 103 100 39 101 74 99 10 15 98 16 12 47 26 58 56 102 104 60 105 13 3 95 30 41 88 6 1 38 67 49 28 71 43 53 50 72 73 76 34 4 89 40 48 62 87 63 86 21 18 61 96 97 91 65 
0 19 31 77 90 23 79 55 107 24 30 95 3 13 105 60 104 102 56 58 26 47 12 91 16 98 15 10 99 74 101 39 100 103 84 64 108 106 52 66 80 57 14 33 78 36 82 69 2 51 93 32 5 81 94 68 109 83 45 37 44 70 25 42 22 59 11 20 35 7 85 75 9 8 17 46 92 54 27 29 41 88 6 1 38 67 49 28 71 43 53 50 72 73 76 34 4 89 40 48 62 87 63 86 21 18 61 96 97 65 
0 19 31 77 90 23 79 55 107 24 29 27 54 92 46 8 9 75 85 7 35 20 11 59 22 42 25 70 44 37 45 83 109 68 94 81 93 5 32 51 2 69 82 36 78 33 14 57 80 66 52 106 108 64 84 103 100 39 101 74 99 10 15 98 16 91 12 47 26 58 56 102 104 17 60 105 13 3 95 30 41 88 6 1 38 67 49 28 71 43 53 50 72 73 76 34 4 89 40 48 62 87 63 86 21 18 61 96 97 65 
0 19 31 77 90 23 79 55 107 24 29 27 54 80 66 52 106 108 64 84 103 100 39 101 74 99 10 15 98 16 91 12 47 26 58 56 102 104 60 105 13 3 95 30 41 78 33 14 57 92 46 17 8 9 75 85 7 35 20 11 59 22 42 25 70 44 37 45 83 109 68 94 81 93 5 32 51 2 69 82 36 88 6 1 38 67 49 28 71 43 53 50 72 73 76 34 4 89 40 48 62 87 63 86 21 18 61 96 97 65 
0 19 31 77 90 23 79 55 107 24 29 27 54 92 46 17 4 9 75 85 7 35 20 11 59 22 42 25 70 44 37 45 83 109 68 94 81 93 5 32 51 2 69 82 36 78 33 14 57 80 66 52 106 108 64 84 103 100 39 101 74 99 10 15 98 16 91 12 47 26 58 56 102 104 60 105 13 3 95 30 41 88 6 1 38 67 49 28 71 43 53 50 72 73 76 34 8 89 40 48 62 87 63 86 21 18 61 96 97 65 
0 19 31 77 90 23 79 55 107 24 29 27 54 92 46 17 8 9 75 85 7 35 20 11 59 22 42 25 70 37 45 83 109 68 94 81 93 5 32 51 2 69 82 36 78 33 14 100 80 66 52 106 108 64 84 103 57 39 101 74 99 10 15 98 16 91 12 47 26 58 56 102 104 60 105 13 3 44 95 30 41 88 6 1 38 67 49 28 71 43 53 50 72 73 76 34 4 89 40 48 62 87 63 86 21 18 61 96 97 65 
0 19 31 77 90 23 79 55 107 29 27 54 92 46 17 8 9 75 85 7 35 20 11 59 22 42 25 70 44 37 45 83 109 68 94 81 93 5 32 51 2 69 82 36 78 33 71 28 49 67 38 6 88 41 30 95 3 13 105 60 104 102 56 58 26 47 12 91 16 98 15 10 99 74 101 39 100 103 84 64 108 106 52 66 80 57 24 14 43 53 50 1 72 73 76 34 4 89 40 48 62 87 63 86 21 18 61 96 97 65 
0 19 31 77 90 23 79 55 7 85 75 9 8 17 46 92 54 27 29 24 107 35 20 11 59 22 42 25 70 44 37 45 83 109 68 94 81 93 5 32 51 2 69 82 36 78 33 14 57 80 66 52 106 108 64 84 103 100 39 101 74 99 10 15 98 16 91 12 47 26 58 56 102 104 60 105 13 3 95 30 28 1 38 41 88 6 67 49 71 43 53 50 72 73 76 34 4 89 18 48 62 87 63 86 21 40 61 96 97 65 
0 19 31 77 90 23 79 55 107 24 29 27 54 92 46 17 8 9 75 85 7 35 20 11 59 22 42 25 70 44 37 45 83 109 68 94 81 93 5 32 51 105 13 3 95 30 41 2 60 104 102 56 69 82 36 78 33 14 57 80 66 52 106 108 64 84 103 100 39 101 74 99 10 15 98 16 91 12 47 26 58 88 6 1 38 67 49 28 71 43 50 72 73 76 53 34 4 89 40 48 62 87 63 86 21 18 61 96 97 65 
0 19 31 77 90 23 79 55 107 24 29 27 54 92 46 17 8 9 75 85 7 35 20 11 59 22 42 25 70 44 37 45 83 109 68 94 81 93 5 32 51 2 69 82 36 78 33 14 57 80 66 52 106 108 64 84 103 100 39 101 10 99 74 73 15 50 16 91 12 34 26 58 56 102 104 60 105 13 3 95 30 41 88 6 1 38 67 49 28 71 43 53 98 72 76 47 4 89 40 48 62 87 63 86 21 18 61 96 97 65 
0 19 31 77 90 23 79 55 107 24 29 27 54 36 46 17 8 9 75 85 7 35 20 11 59 22 42 25 70 44 37 45 83 109 68 94 81 93 5 32 51 2 69 82 92 78 33 14 57 80 66 52 106 108 64 84 103 100 39 101 74 99 10 15 98 16 91 12 47 26 58 56 102 104 60 105 13 3 95 30 41 88 6 1 38 67 49 28 71 43 53 50 72 73 76 34 4 89 40 48 62 87 63 86 21 18 61 96 97 65 
0 19 31 77 90 23 39 101 74 99 10 15 98 16 91 12 47 26 58 56 102 104 60 105 13 3 95 30 41 88 6 1 38 67 49 28 71 43 53 50 72 73 76 34 4 89 40 48 62 80 66 52 106 108 64 84 103 100 79 55 107 24 29 27 54 92 46 17 8 9 75 85 7 35 20 11 59 22 42 25 70 44 37 45 83 109 68 94 81 93 5 32 51 2 69 82 36 78 33 14 57 87 63 86 21 18 61 96 97 65 
0 19 31 77 90 23 79 55 107 24 29 27 54 92 46 17 8 9 75 85 7 43 20 11 59 22 42 25 70 44 37 45 83 109 68 94 81 93 5 32 51 2 69 82 36 78 33 14 57 80 66 52 106 108 64 84 103 100 39 101 74 99 10 15 98 16 91 12 47 26 58 56 102 104 60 105 13 3 95 30 41 88 6 1 38 67 49 28 71 35 53 50 72 73 76 34 4 89 40 48 62 87 63 86 21 18 61 96 97 65 
0 19 31 77 90 23 79 55 107 24 29 27 54 92 46 17 8 9 75 85 7 62 20 11 59 22 42 25 70 44 37 45 83 109 68 94 81 93 5 32 51 2 69 82 36 78 33 14 57 80 66 52 106 108 64 84 103 100 39 101 74 99 10 15 98 105 60 104 102 56 58 26 47 12 91 16 13 3 95 30 41 88 6 1 38 67 49 28 71 43 53 50 72 73 76 34 4 89 40 48 35 87 63 86 21 18 61 96 97 65 
0 19 31 77 90 23 79 55 107 24 29 27 54 91 12 47 26 58 56 102 104 60 105 13 3 95 30 41 88 6 1 38 67 49 28 71 43 53 50 72 73 76 34 4 89 40 48 62 57 80 66 52 106 108 64 84 103 100 39 101 74 99 10 15 98 16 92 46 17 8 9 75 85 7 35 20 11 59 22 42 25 70 44 37 45 83 109 68 94 81 93 5 32 51 2 69 82 36 78 33 14 87 63 86 21 18 61 96 97 65 
0 19 31 77 90 23 79 55 107 24 29 27 54 92 46 17 8 9 80 66 52 106 108 64 84 103 100 39 101 74 99 10 15 98 16 91 12 47 26 58 56 102 104 60 105 13 33 14 57 75 85 7 35 20 11 59 22 42 25 70 44 37 45 83 109 68 94 81 93 5 32 51 2 69 82 36 78 3 95 30 41 88 6 1 38 67 49 71 43 53 50 72 73 76 34 4 89 28 40 48 62 87 63 86 21 18 61 96 97 65 
0 19 31 77 90 23 79 55 107 24 29 27 54 92 46 17 8 9 75 85 7 35 20 11 59 22 42 25 70 44 37 45 83 109 68 94 81 93 5 32 51 2 69 82 36 78 33 14 57 80 66 52 106 108 64 84 103 100 39 101 74 99 10 87 96 48 40 89 4 34 76 73 72 50 53 43 71 28 49 67 38 1 6 88 41 30 95 3 13 105 60 104 102 56 58 26 47 91 16 98 15 63 86 21 18 61 12 62 97 65 
0 19 31 77 23 79 55 107 24 29 27 54 92 11 20 35 7 85 75 9 8 17 46 59 22 42 25 70 44 37 45 83 109 68 94 81 93 5 32 51 2 69 82 36 78 33 14 57 80 66 52 106 108 64 84 103 100 39 101 74 99 10 15 98 16 91 12 47 26 58 56 102 104 60 105 13 3 95 30 41 90 88 6 1 38 67 49 28 71 43 53 50 72 73 76 34 4 89 40 48 62 87 63 86 21 18 61 96 97 65 
0 19 31 77 90 23 79 55 107 24 29 27 54 92 46 17 8 9 75 85 7 35 20 11 59 22 42 25 70 44 37 45 83 3 95 30 41 88 6 1 38 67 49 28 71 43 53 50 72 73 76 34 4 89 40 48 62 87 63 86 21 18 61 96 97 16 91 12 47 26 58 56 102 104 60 105 13 109 68 94 81 93 5 32 51 2 69 82 36 78 33 14 57 80 66 52 106 108 64 84 103 100 39 101 74 99 10 15 98 65 
0 19 31 77 90 23 79 55 107 24 29 27 54 92 46 17 8 9 75 85 7 35 20 59 22 42 25 70 44 37 45 83 109 68 94 81 93 5 32 51 2 69 82 36 78 33 14 57 80 66 52 106 108 64 84 103 100 39 101 74 99 10 15 98 16 91 12 47 26 58 56 102 104 60 105 13 3 11 95 30 41 88 6 1 38 67 40 28 71 43 53 50 72 73 76 34 4 89 49 48 62 87 63 86 21 18 61 96 97 65 
0 19 31 77 90 23 79 55 107 24 29 27 54 92 46 17 8 9 75 85 7 35 20 11 10 99 74 101 39 100 103 84 64 108 106 52 66 80 57 13 3 95 30 41 88 6 1 38 5 93 81 94 68 109 83 45 37 44 70 25 42 22 59 15 98 16 91 12 47 26 58 56 102 104 60 105 14 33 78 36 82 69 2 51 32 67 49 28 71 43 53 50 72 73 76 34 4 89 40 48 62 87 63 86 21 18 61 96 97 65 
0 19 31 77 90 23 79 55 107 24 29 52 106 108 64 84 103 100 39 101 74 99 10 15 98 16 91 12 47 26 58 56 102 104 60 105 13 3 95 30 41 40 89 4 34 76 73 72 50 53 43 27 54 92 46 17 8 9 75 85 7 35 20 11 59 22 42 25 70 44 37 45 83 109 68 94 81 93 5 32 51 2 69 82 36 78 33 14 57 80 66 71 28 49 67 38 1 6 88 63 48 62 87 86 21 18 61 96 97 65 
0 24 31 77 90 23 79 55 107 19 29 27 54 92 46 17 8 9 75 85 7 20 11 59 22 42 25 70 44 37 45 83 109 68 94 81 93 5 32 51 2 69 82 36 78 33 14 57 80 66 52 106 108 64 84 103 100 39 101 35 97 96 61 18 21 86 63 87 62 48 40 89 4 34 76 73 72 50 53 43 71 28 49 67 38 1 6 88 41 30 95 3 13 105 60 104 102 56 58 26 47 12 91 16 98 15 10 99 74 65 
0 19 31 77 90 23 79 55 107 24 29 27 51 2 69 82 36 78 33 14 57 80 66 52 106 108 64 84 103 44 37 45 83 109 68 94 81 93 5 32 54 92 46 17 8 9 75 85 7 35 20 11 59 22 42 25 70 100 39 101 74 99 10 15 98 16 91 12 47 26 58 56 102 104 60 105 13 3 95 30 41 88 6 1 38 67 49 28 71 97 96 61 18 21 86 63 87 62 48 40 89 4 34 76 73 72 50 53 43 65 
0 19 31 77 90 23 79 55 107 24 29 27 54 92 46 17 8 9 75 85 7 35 20 11 59 22 40 89 4 34 76 73 72 50 53 43 39 100 103 84 64 108 106 52 66 80 57 14 33 78 36 42 25 56 58 26 47 12 91 16 98 15 10 99 74 101 71 28 49 67 38 1 6 88 41 30 95 3 13 105 60 104 102 70 44 37 45 83 109 68 94 81 93 5 32 51 2 69 82 48 62 87 63 86 21 18 61 96 97 65 
0 19 31 77 90 23 79 55 107 24 29 27 54 92 46 17 8 9 75 85 7 35 20 11 59 22 42 25 70 44 37 45 83 109 68 94 81 93 26 32 51 2 69 82 36 78 33 14 57 80 66 52 106 108 64 84 103 100 39 101 74 99 10 15 98 16 91 12 47 5 58 56 102 104 60 105 13 3 95 30 41 88 6 1 38 67 49 28 71 43 53 50 72 73 76 48 62 87 63 86 21 18 61 96 34 4 89 40 97 65 
0 19 31 77 90 23 79 55 107 24 29 27 54 92 46 17 8 9 75 85 7 35 20 11 59 22 42 25 70 44 37 45 83 109 68 94 81 93 5 32 51 2 69 3 95 30 41 88 6 1 38 67 49 28 71 43 53 50 72 73 76 34 4 89 40 48 62 87 63 86 21 18 61 96 97 105 13 82 36 78 33 14 57 80 66 52 106 108 64 84 103 100 39 101 74 99 10 15 98 16 91 12 47 26 58 56 102 104 60 65 
0 19 31 77 90 23 79 93 5 32 51 2 69 82 36 78 33 14 57 80 66 35 20 11 59 22 42 25 70 44 37 45 83 109 68 94 81 55 107 24 29 27 54 92 46 17 8 9 75 85 7 52 106 43 64 84 103 100 39 101 74 99 10 15 98 16 91 12 47 26 58 56 102 104 60 105 13 3 95 30 41 88 6 1 38 67 49 28 71 108 53 50 72 73 76 34 4 89 40 48 62 87 63 86 21 18 61 96 97 65 
0 19 31 77 90 23 79 55 107 24 29 27 54 92 46 17 8 9 14 57 80 66 52 106 108 109 83 56 58 26 47 12 91 16 98 15 10 99 74 101 39 100 103 84 64 68 94 81 93 5 32 51 2 69 82 36 78 33 75 85 7 35 20 11 59 22 42 25 70 44 37 45 102 104 60 105 13 67 38 1 6 88 41 30 95 3 49 28 71 43 53 50 72 73 76 34 4 89 40 48 62 87 63 86 21 18 61 96 97 65 
0 19 31 77 90 23 79 55 38 67 49 28 71 43 53 50 72 73 76 34 4 89 40 48 59 22 42 25 70 44 37 45 83 109 68 94 81 93 5 32 51 2 69 82 36 78 33 14 57 80 66 52 106 108 64 84 103 100 39 101 74 99 10 15 98 16 91 12 47 26 58 56 3 104 60 105 13 102 95 30 41 88 6 1 107 24 29 27 54 92 46 17 8 9 75 85 7 35 20 11 62 87 63 86 21 18 61 96 97 65 
0 19 31 77 90 23 79 55 107 24 29 27 54 92 46 17 8 9 75 85 7 35 20 11 59 81 42 25 70 44 37 45 83 109 68 94 22 93 5 32 51 2 69 82 36 78 33 14 57 80 66 52 106 108 64 84 103 100 39 101 74 99 10 15 16 91 12 47 26 58 56 102 104 60 105 13 3 38 67 49 28 71 43 53 50 72 73 76 34 4 89 40 48 62 87 98 63 86 21 18 61 95 30 41 88 6 1 96 97 65 
0 19 31 77 90 23 79 55 107 24 29 54 92 46 17 8 9 75 85 58 26 47 12 91 16 98 15 10 99 74 101 39 100 103 84 64 108 106 52 66 80 57 14 33 27 78 36 82 69 2 51 32 5 93 81 94 68 109 83 45 37 44 70 25 42 22 59 11 20 35 7 56 102 104 60 105 13 3 95 30 41 88 6 1 38 67 49 28 71 43 53 50 72 73 76 34 4 89 40 48 62 87 63 86 21 18 61 96 97 65 
0 19 31 77 90 23 79 55 107 24 29 27 54 92 46 17 8 9 75 85 7 35 20 70 25 42 22 59 11 44 37 45 83 109 68 94 81 93 5 32 51 2 69 82 36 78 33 14 57 80 66 52 106 108 64 84 103 100 39 101 74 99 10 15 98 16 62 12 47 26 58 49 28 71 43 53 50 72 73 76 34 4 89 40 48 91 87 63 86 38 56 102 104 60 105 13 3 95 30 41 88 6 1 67 21 18 61 96 97 65 
0 19 31 77 90 23 79 55 107 24 29 27 54 92 46 17 8 9 75 85 7 35 20 70 25 42 22 59 11 44 37 45 83 109 68 94 81 93 5 32 51 2 69 82 36 78 33 14 57 80 66 52 106 108 64 84 103 100 39 101 74 99 10 15 98 16 62 12 47 26 58 49 28 71 43 53 50 72 73 76 34 4 89 40 48 91 87 63 86 38 56 102 104 60 105 13 3 95 30 41 88 6 1 67 21 18 61 96 97 65 
0 19 31 77 90 23 79 55 107 24 29 27 12 47 58 56 26 102 104 60 105 13 3 95 30 41 88 6 1 38 67 49 28 71 43 53 50 72 73 76 34 4 89 40 48 62 87 63 86 21 18 61 96 108 64 84 103 100 54 92 46 17 8 9 75 85 7 35 20 11 59 22 42 25 70 44 37 45 83 109 68 94 81 93 5 32 51 2 69 82 36 78 33 14 57 80 66 52 106 39 101 99 10 74 15 98 16 91 97 65 
0 19 31 77 90 23 79 55 103 24 29 27 54 92 46 17 8 9 75 85 7 35 20 59 11 22 42 25 70 44 37 45 83 109 68 94 81 93 5 32 51 2 69 82 36 78 33 14 57 80 66 52 106 108 64 84 107 100 39 101 74 99 10 15 98 16 91 12 47 26 58 56 102 104 60 105 13 3 95 30 41 88 6 1 38 67 49 28 71 43 53 50 72 73 76 34 4 89 40 48 62 87 63 86 21 18 61 96 97 65 
0 19 31 77 90 23 79 55 107 24 29 27 54 92 46 17 8 9 75 85 7 35 20 11 59 22 42 25 70 44 37 45 83 109 68 71 81 93 5 32 51 2 69 82 36 78 33 14 57 80 66 52 106 108 64 84 100 39 101 74 99 10 15 98 16 91 12 47 26 58 56 102 60 105 13 95 30 41 88 6 1 103 3 38 67 49 28 94 43 53 50 72 73 104 76 34 4 89 40 48 62 87 63 86 18 61 96 21 97 65 
0 19 31 77 90 23 79 55 107 24 29 27 54 92 46 17 8 9 75 85 47 35 20 11 59 22 42 25 70 44 37 45 83 109 68 94 81 93 5 32 51 2 69 82 36 78 33 14 57 80 66 52 106 108 64 84 103 100 39 101 74 99 10 15 98 16 91 12 7 26 58 56 102 104 60 105 13 3 95 30 41 88 6 1 38 67 49 28 71 43 53 50 72 73 76 34 4 89 40 48 62 87 63 86 21 18 61 96 97 65 
0 19 31 77 90 23 74 99 10 15 98 91 12 47 26 58 56 102 104 60 105 13 3 95 30 16 41 88 6 1 38 67 49 28 71 43 53 50 72 73 76 34 4 89 40 48 62 14 57 80 66 52 106 108 64 84 103 100 39 101 79 55 107 24 29 27 54 92 46 17 8 9 75 85 7 35 20 11 59 22 42 25 70 44 37 45 83 109 68 94 81 93 5 32 51 2 69 82 36 78 33 87 63 86 21 18 61 96 97 65 
0 19 31 77 90 23 79 107 24 29 27 54 92 46 17 8 9 75 85 7 35 20 11 59 22 42 25 70 55 44 37 45 83 109 68 94 81 108 5 32 51 2 69 82 36 78 33 14 57 80 66 52 106 93 64 84 103 100 39 101 74 99 10 15 98 16 91 12 47 26 58 56 102 104 60 105 13 3 95 30 41 88 6 1 38 67 49 28 71 43 53 50 72 73 76 34 4 89 40 48 62 87 63 86 21 65 97 96 61 18 
0 19 31 77 90 23 79 55 107 24 29 27 54 40 89 4 34 76 73 72 50 58 26 47 12 91 16 98 15 10 99 74 101 39 100 103 84 64 108 106 52 66 80 57 14 33 78 36 82 69 2 51 32 5 93 81 94 68 109 83 45 37 7 70 25 42 22 59 11 20 35 44 85 75 9 8 17 46 92 48 62 87 63 1 38 67 49 28 71 43 53 56 102 104 60 105 13 3 95 30 41 88 6 86 21 18 61 96 97 65 
0 98 16 91 12 47 26 58 56 102 104 60 105 13 3 95 30 41 88 6 1 38 67 49 28 71 43 53 50 72 73 76 34 4 89 40 48 62 87 63 86 2 69 82 36 78 33 14 57 80 66 52 106 108 64 84 103 100 39 101 74 99 10 15 19 31 77 90 23 79 55 107 24 29 27 54 92 46 17 8 9 75 85 7 35 20 11 59 22 42 25 70 44 37 45 83 109 68 94 81 93 5 32 51 21 18 61 96 97 65 
0 19 31 77 90 23 79 55 107 24 29 27 54 92 46 17 8 9 75 85 7 41 20 11 59 22 42 25 70 44 37 45 83 109 68 94 81 93 5 32 51 2 69 82 36 78 33 14 57 80 66 52 106 108 64 84 103 100 39 101 74 99 10 15 98 16 91 12 47 26 58 56 102 104 60 105 13 3 95 30 35 88 6 1 38 67 49 28 71 43 53 50 72 73 76 34 4 89 40 48 62 87 63 86 21 18 61 96 97 65 
0 19 31 77 90 23 79 55 107 24 29 27 54 92 46 17 8 9 75 85 7 35 20 11 59 22 42 25 70 44 37 45 83 109 68 94 81 93 5 32 51 2 69 82 36 78 33 14 57 80 66 52 106 108 64 84 86 91 103 100 39 101 74 99 10 15 98 105 13 3 95 30 41 48 6 1 38 67 49 28 71 43 53 72 50 12 47 26 58 56 102 104 60 88 73 16 76 34 4 89 40 62 87 63 21 18 61 96 97 65 
0 19 31 77 90 23 79 55 107 24 29 27 54 92 46 17 8 9 75 85 7 35 20 11 59 22 42 25 70 44 37 45 83 38 68 94 81 93 1 32 51 2 69 82 36 78 33 14 57 80 66 52 106 108 64 84 103 100 39 101 74 99 10 15 98 16 91 12 47 26 58 56 102 104 60 105 13 3 95 30 41 88 6 5 109 67 49 28 71 43 53 50 72 73 76 34 4 89 40 48 87 63 86 62 21 18 61 96 97 65 
0 19 31 77 90 23 79 55 107 24 29 99 10 15 98 16 91 12 47 26 7 35 20 11 59 22 42 25 70 44 37 45 83 109 68 94 81 93 5 32 51 2 69 82 36 78 33 14 57 80 66 52 106 108 64 84 103 100 39 101 74 27 54 92 46 17 8 9 75 85 58 56 102 104 60 105 13 3 95 30 41 88 6 1 38 67 49 28 71 43 53 50 72 73 76 34 4 89 40 48 62 87 63 86 21 18 61 96 97 65 
0 19 31 77 90 79 55 107 24 29 27 54 92 46 17 8 9 75 85 69 2 51 32 5 93 81 94 68 109 83 45 37 44 70 25 42 22 59 11 20 35 7 28 49 67 38 1 6 88 41 30 95 3 13 105 60 104 102 56 58 26 47 12 91 16 98 15 10 99 74 101 39 100 103 84 64 23 108 106 52 66 80 57 14 33 78 36 82 71 43 53 50 72 73 76 34 4 89 40 48 62 87 63 86 21 18 61 96 97 65 
0 69 2 51 32 5 93 81 94 68 109 83 86 37 44 70 25 42 22 59 11 20 35 7 85 75 9 8 17 46 92 54 27 29 24 107 55 79 23 90 77 31 19 82 36 78 33 14 57 80 66 52 106 108 64 84 103 100 39 101 74 99 10 15 98 16 91 12 47 26 58 56 102 104 60 105 13 3 95 30 41 88 6 1 38 67 49 28 71 43 53 50 72 73 76 34 4 89 40 48 62 87 63 45 21 18 61 96 97 65 
0 19 31 77 90 23 79 55 107 24 29 27 54 92 46 17 8 9 75 85 7 35 33 14 57 87 66 52 106 108 64 84 103 109 68 94 81 93 5 32 51 2 69 82 36 78 20 11 59 22 42 25 70 44 37 45 83 100 39 101 74 99 10 15 98 16 91 12 47 26 58 56 102 104 60 105 13 3 95 30 41 88 6 1 38 67 49 28 71 43 53 48 40 89 4 34 76 73 72 50 62 80 63 86 21 18 61 96 97 65 
0 19 31 77 90 23 79 55 107 24 29 27 54 92 46 17 8 9 75 85 7 35 20 11 59 22 42 25 70 44 37 45 83 109 68 94 81 93 5 32 51 2 105 82 104 60 69 13 3 95 30 41 88 6 1 38 67 49 28 71 43 53 50 72 73 76 34 12 47 26 58 56 102 36 78 33 14 57 80 66 52 106 108 64 84 103 100 39 101 74 99 10 15 98 16 91 4 89 40 48 62 87 63 86 21 18 61 96 97 65 
0 19 31 77 90 23 79 55 107 24 29 27 54 92 46 17 8 9 75 85 7 60 20 11 59 22 42 25 70 44 37 45 83 109 68 94 81 93 5 32 51 2 69 82 36 78 33 14 57 80 66 52 106 108 64 84 103 100 39 101 74 99 10 15 98 16 91 12 47 26 58 56 102 104 35 105 13 3 95 30 41 88 6 1 38 67 49 28 71 43 53 50 72 73 76 34 4 89 40 48 62 87 63 86 21 18 61 96 97 65 
0 19 31 77 90 23 79 55 107 24 29 27 54 92 46 17 8 9 75 85 7 35 20 11 59 22 42 25 70 44 37 45 83 109 68 94 81 93 5 32 51 2 69 82 36 78 33 14 57 80 66 52 106 108 64 30 103 100 39 101 74 99 50 72 73 76 34 4 89 40 48 62 87 104 60 105 13 3 95 84 41 88 6 1 38 67 49 28 71 43 53 10 15 98 16 91 12 47 26 58 56 102 63 86 21 18 61 96 97 65 
0 19 31 77 90 23 79 55 107 24 29 27 54 92 46 17 8 9 75 26 7 35 20 11 59 22 42 25 70 44 37 45 83 109 68 94 81 93 5 32 51 2 69 82 36 78 33 14 57 80 66 52 106 108 64 84 103 100 39 101 74 99 10 15 98 16 91 12 47 85 58 56 102 104 60 105 13 3 95 30 41 88 6 1 38 67 49 28 71 43 53 50 72 73 76 34 4 89 40 48 62 87 63 86 21 18 61 96 97 65 
0 19 31 77 90 23 79 55 107 24 29 27 54 92 46 18 8 9 75 85 7 35 20 11 59 22 42 25 70 44 37 45 83 109 68 94 81 93 5 32 51 2 69 82 36 78 33 14 57 80 66 52 106 108 64 84 103 100 39 101 74 99 10 15 98 16 91 12 47 26 58 56 102 104 60 105 13 3 95 30 41 88 6 1 38 67 49 28 71 43 53 50 72 73 76 34 4 89 40 48 62 87 63 86 21 17 61 96 97 65 
0 19 31 77 90 23 79 55 107 24 76 34 4 89 46 92 54 27 29 73 72 50 17 8 9 75 85 7 35 20 11 59 22 42 25 70 44 37 45 83 109 68 94 81 93 5 32 51 2 69 82 36 78 33 14 57 80 66 52 106 108 64 84 103 100 74 101 39 99 10 15 98 16 91 12 47 26 58 56 102 104 60 105 13 3 95 30 41 88 6 1 38 67 49 28 71 43 53 40 48 62 87 63 86 21 18 61 96 97 65 
0 19 31 77 90 23 79 55 107 24 29 27 54 92 46 17 8 9 75 85 7 35 20 11 59 22 25 70 44 37 45 83 109 68 94 81 93 5 32 51 2 69 82 36 78 42 87 62 48 40 89 4 34 76 73 72 50 53 43 71 28 49 67 38 1 6 88 41 95 3 13 105 60 104 102 56 58 26 47 12 91 16 98 15 10 99 74 101 80 103 84 64 108 106 52 66 39 100 57 14 33 63 86 21 18 61 96 30 97 65 
0 19 31 77 90 23 79 55 107 24 29 27 39 92 46 17 8 9 75 85 7 35 20 11 59 22 42 25 70 44 37 45 83 109 68 94 81 93 5 32 97 96 61 18 21 86 63 87 62 48 40 89 4 34 76 73 72 50 53 43 71 28 49 67 38 1 6 88 41 30 95 3 13 105 60 104 102 56 58 26 47 12 91 16 98 15 10 99 74 101 54 100 103 84 64 108 106 52 66 80 57 14 33 78 36 82 69 2 51 65 
0 19 31 77 90 23 79 55 107 24 29 27 54 45 46 17 8 9 75 85 7 35 20 11 59 22 42 25 70 44 37 92 83 109 68 94 81 93 5 32 51 2 69 82 36 78 33 14 57 80 66 52 106 108 64 84 103 100 39 101 74 99 10 15 98 16 91 12 47 26 58 56 102 104 60 105 13 3 95 30 41 88 6 1 38 67 49 96 71 43 53 50 72 73 76 34 4 89 40 48 62 87 63 86 21 18 61 28 97 65 
0 19 31 66 90 23 79 55 107 24 29 27 54 92 46 17 8 9 75 85 7 35 20 11 59 22 42 25 70 44 37 45 83 109 68 94 81 93 5 32 51 2 69 82 36 78 33 14 57 80 77 52 106 108 64 84 103 100 39 101 74 99 10 15 98 16 91 12 47 26 58 56 102 104 60 105 13 3 95 30 41 88 6 1 38 67 49 28 71 43 53 50 72 73 76 34 4 89 40 48 62 87 63 86 21 18 61 96 97 65 
0 19 31 77 90 23 79 55 107 24 29 27 54 92 46 17 8 9 75 85 21 35 20 11 59 22 42 25 70 44 37 45 83 109 68 94 81 93 5 32 51 2 69 82 36 78 33 14 57 80 66 52 106 108 64 84 103 100 39 101 74 99 10 15 98 16 91 12 47 26 58 56 102 104 60 105 13 3 95 30 41 88 6 1 38 67 49 28 71 43 53 50 72 73 76 34 4 89 40 48 62 87 63 86 7 18 96 97 65 61 
0 19 31 90 23 79 55 107 24 29 27 54 92 46 17 8 9 75 85 7 35 20 11 58 56 102 104 60 105 13 3 95 30 41 88 6 1 38 67 49 28 71 43 53 50 72 14 57 80 66 52 106 108 64 84 103 100 39 101 74 99 10 77 15 98 16 91 12 47 26 59 22 42 25 70 44 37 45 83 109 68 94 81 93 5 32 51 2 69 82 36 78 33 73 76 34 4 89 40 48 62 87 63 86 21 18 61 96 97 65 
0 19 31 77 90 23 79 55 107 24 29 27 54 92 46 17 8 104 75 85 7 35 20 11 59 22 42 25 70 44 37 45 83 109 68 94 81 93 5 32 51 2 69 82 36 78 33 14 57 80 66 52 106 108 64 84 103 100 39 101 74 99 10 15 98 16 91 12 47 26 58 56 102 9 60 105 13 3 95 30 41 88 6 1 38 67 49 28 71 43 53 50 72 73 76 34 4 89 40 48 62 87 63 86 21 18 61 96 97 65 
0 19 31 77 90 23 79 55 107 24 29 27 54 92 46 17 8 9 75 85 7 35 20 11 59 22 25 70 44 37 45 83 109 68 42 94 3 95 30 41 88 6 1 38 67 49 28 71 43 18 50 72 73 76 34 4 89 40 48 62 87 63 86 21 53 16 91 12 47 26 58 56 102 104 60 105 13 81 93 5 32 51 2 69 82 36 78 33 14 57 80 66 52 106 108 64 84 103 100 39 101 74 99 10 15 98 61 96 97 65 
0 19 31 77 90 23 79 55 107 24 29 27 54 92 46 17 8 9 75 85 7 35 20 11 59 22 42 25 70 44 37 45 83 109 68 94 105 13 3 95 30 41 88 6 1 38 67 49 28 39 71 43 53 50 72 73 76 34 4 89 40 48 62 87 63 86 21 18 61 96 97 65 104 60 81 93 5 32 51 2 69 82 36 78 33 14 57 80 66 52 106 108 64 84 103 100 101 74 99 10 15 98 16 91 12 47 26 58 56 102 
0 19 31 77 90 23 79 55 107 24 29 27 54 92 46 80 8 9 75 85 7 35 20 11 59 22 42 25 70 44 37 45 83 109 68 94 101 39 100 103 84 64 108 106 52 66 17 57 14 33 78 36 82 69 2 51 32 5 93 81 74 99 10 15 98 16 91 12 47 26 58 56 102 104 60 105 13 3 95 30 41 88 6 1 38 67 49 28 71 43 53 50 72 73 76 34 4 89 40 48 62 87 63 86 21 18 61 96 97 65 
0 19 31 77 90 23 79 55 82 24 29 27 54 92 46 17 8 9 75 85 7 35 20 11 59 22 42 25 70 44 37 45 83 109 68 94 81 93 5 32 51 2 69 107 36 78 33 14 57 80 66 52 106 47 12 91 16 98 15 10 99 74 101 39 100 103 84 64 108 26 58 56 102 104 60 105 13 3 95 30 41 88 6 1 38 67 40 28 71 49 43 53 50 72 73 76 34 4 89 62 87 48 63 86 21 18 61 96 97 65 
0 19 31 77 90 23 79 55 107 24 29 27 54 92 1 17 8 9 75 85 7 35 20 11 59 22 42 25 70 44 37 45 83 109 68 94 81 93 5 32 51 2 69 82 36 78 33 14 57 80 66 52 106 108 64 84 103 100 39 101 74 99 10 15 98 16 91 12 47 26 58 56 102 104 60 105 13 3 95 30 41 88 6 46 38 67 49 28 71 43 53 50 72 73 76 34 4 89 40 48 62 87 63 86 21 18 61 96 97 65 
0 19 31 77 90 23 79 55 107 24 29 27 54 92 46 17 8 9 75 85 7 2 51 32 5 93 81 94 68 109 83 45 37 44 70 25 42 22 59 11 20 35 14 33 78 36 30 41 88 6 1 38 67 49 28 71 43 53 50 72 73 76 34 4 89 40 48 62 87 63 86 21 18 61 26 96 3 95 82 69 57 80 66 52 106 108 64 84 103 100 39 101 74 99 10 15 98 16 91 12 47 58 56 102 104 60 105 13 97 65 
0 19 77 90 23 79 55 107 24 29 27 39 92 46 17 8 9 75 85 7 35 20 31 11 59 22 42 25 70 44 37 45 83 109 68 94 81 93 5 32 97 96 61 18 21 86 63 87 62 48 40 89 4 34 76 73 72 50 53 43 71 28 49 67 38 1 6 88 41 30 95 3 13 105 60 104 102 56 58 26 47 12 91 16 98 15 10 99 74 101 54 100 103 84 64 108 106 52 66 80 57 14 33 78 36 82 69 2 51 65 
0 86 91 14 57 80 66 52 106 108 64 84 103 100 39 101 74 99 10 15 98 105 13 43 71 28 49 67 38 1 6 48 41 30 95 3 53 50 72 19 31 77 90 23 79 55 107 24 29 27 54 92 46 17 8 9 75 85 7 35 20 11 59 22 42 25 70 44 37 45 83 109 68 94 81 93 5 32 51 2 69 82 36 78 33 12 47 26 58 56 102 104 60 88 73 76 34 4 89 40 16 62 87 63 21 18 61 96 97 65 
0 19 31 77 15 98 16 91 12 47 26 58 56 102 104 60 105 13 3 95 30 41 88 6 1 38 67 49 28 71 43 53 50 72 73 76 34 24 4 89 40 48 62 87 63 86 21 18 61 66 52 106 108 64 84 103 100 39 101 74 99 10 90 23 79 55 107 29 27 54 92 46 17 8 9 75 85 7 35 20 11 59 22 42 25 70 44 37 45 83 109 68 94 81 93 5 32 51 2 69 82 36 78 33 14 57 80 96 97 65 
0 19 31 77 90 23 79 55 107 24 29 27 54 92 46 17 8 9 75 85 43 53 50 72 73 76 34 4 89 40 48 62 87 63 99 10 15 98 16 91 12 47 26 58 56 102 104 60 105 13 3 95 30 41 88 6 1 38 86 21 18 61 96 97 65 7 35 20 11 59 22 42 25 70 44 37 45 84 109 68 94 81 93 5 32 51 2 69 82 36 78 33 14 57 80 66 52 106 108 64 83 103 100 39 101 74 67 49 28 71 
0 19 31 90 23 79 14 57 80 66 52 106 108 58 84 103 100 74 101 39 99 10 15 98 16 91 77 55 107 24 29 27 54 92 46 17 8 9 75 85 7 35 20 11 59 22 42 25 70 44 37 45 83 109 68 94 81 93 5 32 51 2 69 82 36 78 33 12 47 26 64 56 102 104 60 105 13 3 95 30 41 88 6 1 38 67 49 63 87 62 48 40 89 4 34 76 73 72 50 53 43 71 28 86 21 18 61 96 97 65 
0 19 31 77 90 82 69 2 51 32 5 93 81 94 68 109 83 45 37 44 70 25 42 22 59 11 20 35 7 85 75 101 39 100 103 84 64 108 106 52 66 80 57 14 33 78 36 23 38 1 6 88 41 30 95 3 13 105 60 104 102 56 58 26 47 12 91 16 98 15 10 99 74 9 8 17 46 92 54 27 29 24 107 55 79 67 49 28 71 43 53 50 72 73 76 34 4 89 40 48 62 87 63 86 21 18 61 96 97 65 
0 19 31 77 90 23 79 55 107 24 29 27 54 92 46 17 8 9 75 85 7 35 20 11 59 22 42 25 70 44 37 45 83 109 68 94 81 93 5 32 51 2 69 82 36 78 33 14 57 80 66 52 106 64 84 100 73 76 34 4 89 40 48 62 87 63 86 21 18 61 96 108 101 74 99 10 15 98 16 91 97 65 50 72 39 12 47 58 56 26 102 104 103 60 105 13 3 95 30 41 88 6 1 38 67 49 28 71 43 53 
0 19 31 77 90 23 79 55 107 24 29 56 54 92 46 17 8 9 75 85 7 35 20 11 103 84 64 108 106 52 66 80 57 14 33 78 36 82 69 2 51 32 5 93 81 94 68 109 83 45 37 44 70 25 42 22 59 100 39 101 74 99 10 15 98 16 91 12 47 26 58 27 102 104 60 105 13 3 95 30 41 88 6 1 38 67 49 28 71 43 53 50 72 73 76 34 4 89 40 48 62 87 63 86 21 18 61 96 97 65 
0 19 31 77 90 23 79 55 107 24 29 27 54 92 46 17 8 9 75 85 7 35 20 11 59 22 25 70 44 37 45 83 109 68 42 94 3 95 30 41 88 6 1 38 67 49 28 71 43 18 50 72 73 76 34 4 89 40 48 62 104 102 56 58 26 47 12 91 16 53 21 86 63 87 60 105 13 81 93 5 32 51 2 69 82 36 78 33 14 57 80 66 52 106 108 64 84 103 100 39 101 74 99 10 15 98 61 96 97 65 
0 19 31 77 90 23 79 55 107 24 29 27 54 92 46 17 8 9 75 85 16 91 12 47 26 58 56 102 104 60 105 13 3 95 30 41 88 6 1 38 67 49 28 71 43 53 50 72 73 76 34 4 89 40 48 62 87 63 86 21 61 96 97 65 98 7 35 20 11 59 22 42 33 70 44 37 45 83 109 68 94 81 93 5 32 51 2 69 82 36 78 25 14 57 80 66 52 106 108 64 84 103 100 39 101 74 99 10 15 18 
0 19 31 77 90 23 79 55 107 24 29 27 54 92 46 17 8 9 75 85 7 102 56 58 26 47 12 91 16 98 68 10 99 74 101 39 100 103 84 64 108 106 52 66 80 57 14 33 78 36 82 69 2 51 32 5 93 81 94 15 109 83 45 37 44 70 25 42 22 59 11 20 35 104 60 105 13 3 95 30 28 1 38 41 88 6 67 49 71 43 53 50 72 73 76 34 4 89 18 48 62 87 63 86 21 40 61 96 97 65 
0 19 31 100 39 101 74 99 10 15 98 16 91 12 47 26 58 56 102 104 60 105 13 3 95 30 41 88 6 1 38 67 49 71 43 53 50 72 73 76 34 4 40 89 48 62 87 63 28 86 66 52 106 108 64 84 103 77 90 23 79 55 107 24 29 27 54 92 46 17 8 9 75 85 44 70 25 42 59 11 20 35 7 37 45 83 109 68 94 81 93 5 32 51 2 69 22 82 36 78 33 14 57 80 21 18 61 96 97 65 
0 19 31 90 23 79 14 57 80 66 52 106 108 64 84 103 100 39 101 74 99 10 15 98 16 91 12 47 26 58 56 83 109 68 94 81 93 5 32 51 2 69 82 36 78 33 55 107 24 29 27 54 92 46 17 8 9 75 85 7 35 20 11 59 22 42 25 70 44 37 45 102 104 60 105 13 77 67 38 1 6 88 41 30 95 3 49 28 71 43 53 50 72 73 76 34 4 89 40 48 62 87 63 86 21 18 61 96 97 65 
0 49 28 71 43 53 50 72 73 76 19 31 77 90 23 79 55 107 24 29 27 54 92 46 17 8 9 75 85 7 35 20 11 59 22 42 25 70 44 37 45 83 109 64 108 106 52 66 80 57 14 33 78 36 82 34 69 2 51 32 5 93 81 94 68 84 103 100 39 101 74 10 15 98 16 91 12 3 95 30 41 88 6 1 38 67 4 89 40 48 62 87 63 86 21 18 61 96 97 105 13 99 47 26 58 56 102 104 60 65 
0 19 31 77 90 23 79 55 107 24 29 27 54 92 46 17 8 9 75 85 7 35 20 11 84 22 42 25 70 44 37 45 83 109 68 94 81 41 88 6 1 38 67 49 28 71 43 53 50 72 73 76 34 4 89 10 48 62 87 63 86 21 18 98 15 16 91 12 47 26 58 56 102 104 60 105 13 3 95 30 93 5 32 51 2 69 74 101 39 100 103 59 64 108 106 52 66 80 57 14 33 78 36 82 99 40 61 96 97 65 
0 19 31 77 90 23 52 106 108 64 84 103 100 62 101 74 99 10 15 98 16 91 12 47 26 58 56 102 39 104 60 105 13 3 95 30 41 88 6 1 38 67 49 28 71 43 53 50 80 66 79 55 107 24 29 27 54 92 46 17 8 9 75 85 7 35 20 11 59 22 42 25 70 44 37 45 83 109 68 94 81 93 5 32 51 2 69 82 78 33 14 57 72 73 76 34 4 89 40 48 87 63 36 86 21 18 61 96 97 65 
0 19 103 100 39 101 74 31 77 90 23 79 55 107 24 29 27 54 92 46 58 56 102 104 60 105 13 3 95 30 41 88 6 1 38 67 49 28 71 43 53 50 72 73 76 34 4 89 40 48 62 87 63 86 21 18 61 96 97 64 84 99 10 15 98 16 91 12 47 26 17 8 9 75 85 7 35 20 11 59 22 42 25 70 44 37 45 83 109 68 94 81 93 5 32 51 2 69 82 36 78 33 14 57 80 66 52 106 108 65 
0 19 31 36 90 23 79 55 107 24 29 27 54 92 46 17 8 9 75 85 7 35 20 11 59 22 42 25 70 44 37 45 83 109 68 94 81 93 5 49 28 71 43 53 50 72 73 76 34 4 89 40 48 62 87 63 86 21 18 101 74 99 10 15 98 16 91 12 47 26 58 56 102 104 60 105 13 3 95 30 41 88 6 1 38 67 32 51 2 69 82 77 78 33 14 57 80 66 52 106 108 64 84 103 100 39 61 96 97 65 
0 19 31 77 90 23 79 55 24 29 16 54 92 46 17 8 9 75 85 7 35 20 11 59 22 42 25 70 44 37 45 83 109 68 94 81 93 5 32 51 2 69 82 36 78 33 14 57 80 66 52 106 108 64 84 103 100 39 101 74 99 10 15 98 27 91 12 47 107 26 58 56 102 104 60 105 13 3 95 30 41 88 6 1 38 67 49 28 71 43 53 50 72 73 76 34 4 89 40 48 62 87 63 86 21 18 61 96 97 65 
0 19 31 77 90 98 15 10 99 89 40 48 62 87 63 86 21 18 61 96 97 105 13 3 95 30 41 88 6 1 38 67 49 28 71 43 53 50 72 73 76 34 4 60 65 78 33 14 57 80 66 52 106 108 64 84 103 100 39 101 74 104 102 56 58 26 47 12 91 16 23 79 55 107 24 29 27 54 92 46 17 8 9 75 85 7 35 20 11 59 22 42 25 70 44 37 45 83 109 68 94 81 93 5 32 51 2 69 82 36 
0 19 31 77 90 23 79 55 107 29 27 54 92 46 17 8 60 75 85 7 35 20 11 59 22 42 25 70 44 37 45 83 109 68 94 81 93 5 32 51 2 69 82 36 78 33 14 53 50 72 24 106 108 64 84 103 100 39 101 74 99 10 15 98 16 91 12 47 26 58 56 102 104 9 105 13 3 95 30 52 41 88 6 1 38 67 49 28 71 43 57 80 66 73 76 34 4 89 40 48 62 87 63 86 21 18 61 96 97 65 
0 19 77 90 23 79 55 107 24 29 27 39 92 46 17 8 9 75 85 7 35 20 31 11 59 22 42 25 70 44 37 45 83 109 68 94 81 93 5 32 97 96 58 26 47 12 91 16 98 15 10 99 74 101 100 103 84 64 108 106 52 66 80 57 14 33 78 36 82 69 2 51 54 53 50 72 73 76 34 62 4 89 40 48 87 63 86 21 18 61 56 102 104 60 105 13 3 95 30 41 88 6 1 38 67 49 28 71 43 65 
0 19 31 77 90 23 79 55 50 24 29 27 54 92 48 96 87 108 106 52 66 80 57 14 33 78 36 82 69 2 51 32 5 93 81 94 68 109 83 45 44 70 25 42 22 59 11 20 35 7 85 75 9 8 17 46 40 89 4 37 34 76 73 64 84 103 100 39 101 74 99 10 15 98 16 91 12 47 26 58 56 102 104 60 105 13 3 30 41 88 6 1 38 67 49 28 71 43 53 107 72 95 62 63 86 21 18 61 97 65 
0 86 91 14 57 66 52 106 108 64 84 103 100 39 101 74 99 10 15 98 105 13 3 95 30 41 48 6 1 38 67 49 28 62 43 53 32 72 19 31 77 90 23 79 55 107 80 24 29 27 54 92 46 17 8 9 75 85 7 35 20 11 59 22 42 25 70 44 37 45 83 109 68 94 81 93 5 51 2 69 82 36 78 33 16 12 47 26 58 56 102 104 60 88 50 73 76 34 4 89 40 71 87 63 21 18 61 96 97 65 
0 36 31 77 90 23 79 103 100 39 101 74 99 10 15 98 16 91 86 105 13 3 95 30 41 48 6 1 38 67 49 28 71 43 53 94 68 109 83 45 37 44 70 25 42 22 59 11 20 35 7 85 75 9 8 17 46 92 54 27 29 24 107 55 65 97 96 61 18 21 63 87 62 40 89 4 34 76 73 88 60 104 102 56 58 26 47 12 72 50 81 93 5 32 51 2 69 82 19 78 33 14 57 80 66 52 106 108 64 84 
0 19 31 95 30 41 88 66 80 57 14 25 70 44 37 45 92 46 17 8 9 75 85 7 35 20 11 59 22 42 84 103 100 39 101 74 99 10 15 98 16 91 12 47 26 58 56 105 13 3 77 90 50 79 55 107 24 29 27 54 83 109 68 94 81 93 5 32 51 2 69 82 36 78 33 52 106 108 64 6 1 38 67 49 28 71 43 53 23 72 73 76 34 60 102 104 4 89 40 48 62 87 63 86 21 18 61 96 97 65 
