0 19 31 77 90 23 79 55 107 24 29 27 85 75 54 92 46 17 8 9 35 7 11 59 22 42 20 25 70 44 37 45 83 109 68 94 81 93 5 32 51 2 69 82 36 78 33 14 57 80 52 106 108 64 84 103 100 39 101 74 99 10 15 98 16 91 12 47 26 58 56 49 67 1 6 13 105 60 102 104 3 95 30 41 88 38 43 71 28 66 53 50 72 73 76 34 4 89 40 48 62 87 63 86 21 18 61 96 97 65 
0 19 31 77 90 23 79 55 107 24 29 27 85 75 54 92 46 17 8 9 35 7 11 59 22 42 20 25 70 44 37 45 83 109 68 94 81 93 5 32 51 2 69 82 36 78 33 14 57 80 52 106 108 64 84 103 100 39 101 74 99 10 15 98 16 91 12 47 26 58 56 49 67 1 6 13 105 60 102 104 3 95 30 41 88 38 43 71 28 66 53 50 72 73 76 34 4 89 40 48 62 87 63 86 21 18 61 96 97 65 
0 19 31 77 90 23 79 55 107 24 29 27 85 75 54 92 46 17 8 9 35 7 11 59 22 42 20 25 70 44 37 45 83 109 68 94 81 93 5 32 51 2 69 82 36 78 33 14 57 80 52 106 108 64 84 103 100 39 101 74 99 10 15 98 16 91 12 47 26 58 56 49 67 1 6 13 105 60 102 104 3 95 30 41 88 38 43 71 28 66 53 50 72 73 76 34 4 89 40 48 62 87 63 86 21 18 61 96 97 65 
0 19 31 77 90 23 79 55 107 24 29 27 85 75 54 92 46 17 8 9 35 7 11 59 22 42 20 25 70 44 37 45 83 109 68 94 81 93 5 32 51 2 69 82 36 78 33 14 57 80 52 106 108 64 84 103 100 39 101 74 99 10 15 98 16 91 12 47 26 58 56 49 67 1 6 13 105 60 102 104 3 95 30 41 88 38 43 71 28 66 53 50 72 73 76 34 4 89 40 48 62 87 63 86 21 18 61 96 97 65 
0 19 31 77 90 23 79 55 107 24 29 27 85 75 54 92 46 17 8 9 35 7 11 59 22 42 20 25 70 44 37 45 83 109 68 94 81 93 5 32 51 2 69 82 36 78 33 14 57 80 52 106 108 64 84 103 100 39 101 74 99 10 15 98 16 91 12 47 26 58 56 49 67 1 6 13 105 60 102 104 3 95 30 41 88 38 43 71 28 66 53 50 72 73 76 34 4 89 40 48 62 87 63 86 21 18 61 96 97 65 
0 19 31 77 90 23 79 55 107 24 29 27 85 75 54 92 46 17 8 9 35 7 11 59 22 42 20 25 70 44 37 45 83 109 68 94 81 93 5 32 51 2 69 82 36 78 33 14 57 80 52 106 108 64 84 103 100 39 101 74 99 10 15 98 16 91 12 47 26 58 56 49 67 1 6 13 105 60 102 104 3 95 30 41 88 38 43 71 28 66 53 50 72 73 76 34 4 89 40 48 62 87 63 86 21 18 61 96 97 65 
0 19 31 77 90 23 79 55 107 24 29 27 85 75 54 92 46 17 8 9 35 7 11 59 22 42 20 25 70 44 37 45 83 109 68 94 81 93 5 32 51 2 69 82 36 78 33 14 57 80 52 106 108 64 84 103 100 39 101 74 99 10 15 98 16 91 12 47 26 58 56 49 67 1 6 13 105 60 102 104 3 95 30 41 88 38 43 71 28 66 53 50 72 73 76 34 4 89 40 48 62 87 63 86 21 18 61 96 97 65 
0 19 31 77 90 23 79 55 107 24 29 27 85 75 54 92 46 17 8 9 35 7 11 59 22 42 20 25 70 44 37 45 83 109 68 94 81 93 5 32 51 2 69 82 36 78 33 14 57 80 52 106 108 64 84 103 100 39 101 74 99 10 15 98 16 91 12 47 26 58 56 49 67 1 6 13 105 60 102 104 3 95 30 41 88 38 43 71 28 66 53 50 72 73 76 34 4 89 40 48 62 87 63 86 21 18 61 96 97 65 
0 19 31 77 90 23 79 55 107 24 29 27 85 75 54 92 46 17 8 9 35 7 11 59 22 42 20 25 70 44 37 45 83 109 68 94 81 93 5 32 51 2 69 82 36 78 33 14 57 80 52 106 108 64 84 103 100 39 101 74 99 10 15 98 16 91 12 47 26 58 56 49 67 1 6 13 105 60 102 104 3 95 30 41 88 38 43 71 28 66 53 50 72 73 76 34 4 89 40 48 62 87 63 86 21 18 61 96 97 65 
0 19 31 77 90 23 79 55 107 24 29 27 85 75 54 92 46 17 8 9 35 7 11 59 22 42 20 25 70 44 37 45 83 109 68 94 81 93 5 32 51 2 69 82 36 78 33 14 57 80 52 106 108 64 84 103 100 39 101 74 99 10 15 98 16 91 12 47 26 58 56 49 67 1 6 13 105 60 102 104 3 95 30 41 88 38 43 71 28 66 53 50 72 73 76 34 4 89 40 48 62 87 63 86 21 18 61 96 97 65 
0 19 31 77 90 23 79 55 107 24 29 27 85 75 54 92 46 17 8 9 35 7 11 59 22 42 20 25 70 44 37 45 83 109 68 94 81 93 5 32 51 2 69 82 36 78 33 14 57 80 52 106 108 64 84 103 100 39 101 74 99 10 15 98 16 91 12 47 26 58 56 49 67 1 6 13 105 60 102 104 3 95 30 41 88 38 43 71 28 66 53 50 72 73 76 34 4 89 40 48 62 87 63 86 21 18 61 96 97 65 
0 19 31 77 90 23 79 55 107 24 29 27 85 75 54 92 46 17 8 9 35 7 11 59 22 42 20 25 70 44 37 45 83 109 68 94 81 93 5 32 51 2 69 82 36 78 33 14 57 80 52 106 108 64 84 103 100 39 101 74 99 10 15 98 16 91 12 47 26 58 56 49 67 1 6 13 105 60 102 104 3 95 30 41 88 38 43 71 28 66 53 50 72 73 76 34 4 89 40 48 62 87 63 86 21 18 61 96 97 65 
0 19 31 77 90 23 79 55 107 24 29 27 85 75 54 92 46 17 8 9 35 7 11 59 22 42 20 25 70 44 37 45 83 109 68 94 81 93 5 32 51 2 69 82 36 78 33 14 57 80 52 106 108 64 84 103 100 39 101 74 99 10 15 98 16 91 12 47 26 58 56 49 67 1 6 13 105 60 102 104 3 95 30 41 88 38 43 71 28 66 53 50 72 73 76 34 4 89 40 48 62 87 63 86 21 18 61 96 97 65 
0 19 31 77 90 23 79 55 107 24 29 27 85 75 54 92 46 17 8 9 35 7 11 59 22 42 20 25 70 44 37 45 83 109 68 94 81 93 5 32 51 2 69 82 36 78 33 14 57 80 52 106 108 64 84 103 100 39 101 74 99 10 15 98 16 91 12 47 26 58 56 49 67 1 6 13 105 60 102 104 3 95 30 41 88 38 43 71 28 66 53 50 72 73 76 34 4 89 40 48 62 87 63 86 21 18 61 96 97 65 
0 19 31 77 90 23 79 55 107 24 29 27 85 75 54 92 46 17 8 9 35 7 11 59 22 42 20 25 70 44 37 45 83 109 68 94 81 93 5 32 51 2 69 82 36 78 33 14 57 80 52 106 108 64 84 103 100 39 101 74 99 10 15 98 16 91 12 47 26 58 56 49 67 1 6 13 105 60 102 104 3 95 30 41 88 38 43 71 28 66 53 50 72 73 76 34 4 89 40 48 62 87 63 86 21 18 61 96 97 65 
0 19 31 77 90 23 79 55 107 24 29 27 85 75 54 92 46 17 8 9 35 7 11 59 22 42 20 25 70 44 37 45 83 109 68 94 81 93 5 32 51 2 69 82 36 78 33 14 57 80 52 106 108 64 84 103 100 39 101 74 99 10 15 98 16 91 12 47 26 58 56 49 67 1 6 13 105 60 102 104 3 95 30 41 88 38 43 71 28 66 53 50 72 73 76 34 4 89 40 48 62 87 63 86 21 18 61 96 97 65 
0 19 31 77 90 23 79 55 107 24 29 27 85 75 54 92 46 17 8 9 35 7 11 59 22 42 20 25 70 44 37 45 83 109 68 94 81 93 5 32 51 2 69 82 36 78 33 14 57 80 52 106 108 64 84 103 100 39 101 74 99 10 15 98 16 91 12 47 26 58 56 49 67 1 6 13 105 60 102 104 3 95 30 41 88 38 43 71 28 66 53 50 72 73 76 34 4 89 40 48 62 87 63 86 21 18 61 96 97 65 
0 19 31 77 90 23 79 55 107 24 29 27 85 75 54 92 46 17 8 9 35 7 11 59 22 42 20 25 70 44 37 45 83 109 68 94 81 93 5 32 51 2 69 82 36 78 33 14 57 80 52 106 108 64 84 103 100 39 101 74 99 10 15 98 16 91 12 47 26 58 56 49 67 1 6 13 105 60 102 104 3 95 30 41 88 38 43 71 28 66 53 50 72 73 76 34 4 89 40 48 62 87 63 86 21 18 61 96 97 65 
0 19 31 77 90 23 79 55 107 24 29 27 85 75 54 92 46 17 8 9 35 7 11 59 22 42 20 25 70 44 37 45 83 109 68 94 81 93 5 32 51 2 69 82 36 78 33 14 57 80 52 106 108 64 84 103 100 39 101 74 99 10 15 98 16 91 12 47 26 58 56 49 67 1 6 13 105 60 102 104 3 95 30 41 88 38 43 71 28 66 53 50 72 73 76 34 4 89 40 48 62 87 63 86 21 18 61 96 97 65 
0 19 31 77 90 23 79 55 107 24 29 27 85 75 54 92 46 17 8 9 35 7 11 59 22 42 20 25 70 44 37 45 83 109 68 94 81 93 5 32 51 2 69 82 36 78 33 14 57 80 52 106 108 64 84 103 100 39 101 74 99 10 15 98 16 91 12 47 26 58 56 49 67 1 6 13 105 60 102 104 3 95 30 41 88 38 43 71 28 66 53 50 72 73 76 34 4 89 40 48 62 87 63 86 21 18 61 96 97 65 
0 19 31 77 90 23 79 55 107 24 29 27 85 75 54 92 46 17 8 9 35 7 11 59 22 42 20 25 70 44 37 45 83 109 68 94 81 93 5 32 51 2 69 82 36 78 33 14 57 80 52 106 108 64 84 103 100 39 101 74 99 10 15 98 16 91 12 47 26 58 56 49 67 1 6 13 105 60 102 104 3 95 30 41 88 38 43 71 28 66 53 50 72 73 76 34 4 89 40 48 62 87 63 86 21 18 61 96 97 65 
0 19 31 77 90 23 79 55 107 24 29 27 85 75 54 92 46 17 8 9 35 7 11 59 22 42 20 25 70 44 37 45 83 109 68 94 81 93 5 32 51 2 69 82 36 78 33 14 57 80 52 106 108 64 84 103 100 39 101 74 99 10 15 98 16 91 12 47 26 58 56 49 67 1 6 13 105 60 102 104 3 95 30 41 88 38 43 71 28 66 53 50 72 73 76 34 4 89 40 48 62 87 63 86 21 18 61 96 97 65 
0 19 31 77 90 23 79 55 107 24 29 27 85 75 54 92 46 17 8 9 35 7 11 59 22 42 20 25 70 44 37 45 83 109 68 94 81 93 5 32 51 2 69 82 36 78 33 14 57 80 52 106 108 64 84 103 100 39 101 74 99 10 15 98 16 91 12 47 26 58 56 49 67 1 6 13 105 60 102 104 3 95 30 41 88 38 43 71 28 66 53 50 72 73 76 34 4 89 40 48 62 87 63 86 21 18 61 96 97 65 
0 19 31 77 90 23 79 55 107 24 29 27 85 75 54 92 46 17 8 9 35 7 11 59 22 42 20 25 70 44 37 45 83 109 68 94 81 93 5 32 51 2 69 82 36 78 33 14 57 80 52 106 108 64 84 103 100 39 101 74 99 10 15 98 16 91 12 47 26 58 56 49 67 1 6 13 105 60 102 104 3 95 30 41 88 38 43 71 28 66 53 50 72 73 76 34 4 89 40 48 62 87 63 86 21 18 61 96 97 65 
0 19 31 77 90 23 79 55 107 24 29 27 85 75 54 92 46 17 8 9 35 7 11 59 22 42 20 25 70 44 37 45 83 109 68 94 81 93 5 32 51 2 69 82 36 78 33 14 57 80 52 106 108 64 84 103 100 39 101 74 99 10 15 98 16 91 12 47 26 58 56 49 67 1 6 13 105 60 102 104 3 95 30 41 88 38 43 71 28 66 53 50 72 73 76 34 4 89 40 48 62 87 63 86 21 18 61 96 97 65 
0 19 31 77 90 23 79 55 107 24 29 27 85 75 54 92 46 17 8 9 35 7 11 59 22 42 20 25 70 44 37 45 83 109 68 94 81 93 5 32 51 2 69 82 36 78 33 14 57 80 52 106 108 64 84 103 100 39 101 74 99 10 15 98 16 91 12 47 26 58 56 49 67 1 6 13 105 60 102 104 3 95 30 41 88 38 43 71 28 66 53 50 72 73 76 34 4 89 40 48 62 87 63 86 21 18 61 96 97 65 
0 19 31 77 90 23 79 55 107 24 29 27 85 75 54 92 46 17 8 9 35 7 11 59 22 42 20 25 70 44 37 45 83 109 68 94 81 93 5 32 51 2 69 82 36 78 33 14 57 80 52 106 108 64 84 103 100 39 101 74 99 10 15 98 16 91 12 47 26 58 56 49 67 1 6 13 105 60 102 104 3 95 30 41 88 38 43 71 28 66 53 50 72 73 76 34 4 89 40 48 62 87 63 86 21 18 61 96 97 65 
0 19 31 77 90 23 79 55 107 24 29 27 85 75 54 92 46 17 8 9 35 7 11 59 22 42 20 25 70 44 37 45 83 109 68 94 81 93 5 32 51 2 69 82 36 78 33 14 57 80 52 106 108 64 84 103 100 39 101 74 99 10 15 98 16 91 12 47 26 58 56 49 67 1 6 13 105 60 102 104 3 95 30 41 88 38 43 71 28 66 53 50 72 73 76 34 4 89 40 48 62 87 63 86 21 18 61 96 97 65 
0 19 31 77 90 23 79 55 107 24 29 27 85 75 54 92 46 17 8 9 35 7 11 59 22 42 20 25 70 44 37 45 83 109 68 94 81 93 5 32 51 2 69 82 36 78 33 14 57 80 52 106 108 64 84 103 100 39 101 74 99 10 15 98 16 91 12 47 26 58 56 49 67 1 6 13 105 60 102 104 3 95 30 41 88 38 43 71 28 66 53 50 72 73 76 34 4 89 40 48 62 87 63 86 21 18 61 96 97 65 
0 19 31 77 90 23 79 55 107 24 29 27 85 75 54 92 46 17 8 9 35 7 11 59 22 42 20 25 70 44 37 45 83 109 68 94 81 93 5 32 51 2 69 82 36 78 33 14 57 80 52 106 108 64 84 103 100 39 101 74 99 10 15 98 16 91 12 47 26 58 56 49 67 1 6 13 105 60 102 104 3 95 30 41 88 38 43 71 28 66 53 50 72 73 76 34 4 89 40 48 62 87 63 86 21 18 61 96 97 65 
0 19 31 77 90 23 79 55 107 24 29 27 85 75 54 92 46 17 8 9 35 7 11 59 22 42 20 25 70 44 37 45 83 109 68 94 81 93 5 32 51 2 69 82 36 78 33 14 57 80 52 106 108 64 84 103 100 39 101 74 99 10 15 98 16 91 12 47 26 58 56 49 67 1 6 13 105 60 102 104 3 95 30 41 88 38 43 71 28 66 53 50 72 73 76 34 4 89 40 48 62 87 63 86 21 18 61 96 97 65 
0 19 31 77 90 23 79 55 107 24 29 27 85 75 54 92 46 17 8 9 35 7 11 59 22 42 20 25 70 44 37 45 83 109 68 94 81 93 5 32 51 2 69 82 36 78 33 14 57 80 52 106 108 64 84 103 100 39 101 74 99 10 15 98 16 91 12 47 26 58 56 49 67 1 6 13 105 60 102 104 3 95 30 41 88 38 43 71 28 66 53 50 72 73 76 34 4 89 40 48 62 87 63 86 21 18 61 96 97 65 
0 19 31 77 90 23 79 55 107 24 29 27 85 75 54 92 46 17 8 9 35 7 11 59 22 42 20 25 70 44 37 45 83 109 68 94 81 93 5 32 51 2 69 82 36 78 33 14 57 80 52 106 108 64 84 103 100 39 101 74 99 10 15 98 16 91 12 47 26 58 56 49 67 1 6 13 105 60 102 104 3 95 30 41 88 38 43 71 28 66 53 50 72 73 76 34 4 89 40 48 62 87 63 86 21 18 61 96 97 65 
0 19 31 77 90 23 79 55 107 24 29 27 85 75 54 92 46 17 8 9 35 7 11 59 22 42 20 25 70 44 37 45 83 109 68 94 81 93 5 32 51 2 69 82 36 78 33 14 57 80 52 106 108 64 84 103 100 39 101 74 99 10 15 98 16 91 12 47 26 58 56 49 67 1 6 13 105 60 102 104 3 95 30 41 88 38 43 71 28 66 53 50 72 73 76 34 4 89 40 48 62 87 63 86 21 18 61 96 97 65 
0 19 31 77 90 23 79 55 107 24 29 27 85 75 54 92 46 17 8 9 35 7 11 59 22 42 20 25 70 44 37 45 83 109 68 94 81 93 5 32 51 2 69 82 36 78 33 14 57 80 52 106 108 64 84 103 100 39 101 74 99 10 15 98 16 91 12 47 26 58 56 49 67 1 6 13 105 60 102 104 3 95 30 41 88 38 43 71 28 66 53 50 72 73 76 34 4 89 40 48 62 87 63 86 21 18 61 96 97 65 
0 19 31 77 90 23 79 55 107 24 29 27 85 75 54 92 46 17 8 9 35 7 11 59 22 42 20 25 70 44 37 45 83 109 68 94 81 93 5 32 51 2 69 82 36 78 33 14 57 80 52 106 108 64 84 103 100 39 101 74 99 10 15 98 16 91 12 47 26 58 56 49 67 1 6 13 105 60 102 104 3 95 30 41 88 38 43 71 28 66 53 50 72 73 76 34 4 89 40 48 62 87 63 86 21 18 61 96 97 65 
0 19 31 77 90 23 79 55 107 24 29 27 85 75 54 92 46 17 8 9 35 7 11 59 22 42 20 25 70 44 37 45 83 109 68 94 81 93 5 32 51 2 69 82 36 78 33 14 57 80 52 106 108 64 84 103 100 39 101 74 99 10 15 98 16 91 12 47 26 58 56 49 67 1 6 13 105 60 102 104 3 95 30 41 88 38 43 71 28 66 53 50 72 73 76 34 4 89 40 48 62 87 63 86 21 18 61 96 97 65 
0 19 31 77 90 23 79 55 107 24 29 27 85 75 54 92 46 17 8 9 35 7 11 59 22 42 20 25 70 44 37 45 83 109 68 94 81 93 5 32 51 2 69 82 36 78 33 14 57 80 52 106 108 64 84 103 100 39 101 74 99 10 15 98 16 91 12 47 26 58 56 49 67 1 6 13 105 60 102 104 3 95 30 41 88 38 43 71 28 66 53 50 72 73 76 34 4 89 40 48 62 87 63 86 21 18 61 96 97 65 
0 19 31 77 90 23 79 55 107 24 29 27 85 75 54 92 46 17 8 9 35 7 11 59 22 42 20 25 70 44 37 45 83 109 68 94 81 93 5 32 51 2 69 82 36 78 33 14 57 80 52 106 108 64 84 103 100 39 101 74 99 10 15 98 16 91 12 47 26 58 56 49 67 1 6 13 105 60 102 104 3 95 30 41 88 38 43 71 28 66 53 50 72 73 76 34 4 89 40 48 62 87 63 86 21 18 61 96 97 65 
0 19 31 77 90 23 79 55 107 24 29 27 85 75 54 92 46 17 8 9 35 7 11 59 22 42 20 25 70 44 37 45 83 109 68 94 81 93 5 32 51 2 69 82 36 78 33 14 57 80 52 106 108 64 84 103 100 39 101 74 99 10 15 98 16 91 12 47 26 58 56 49 67 1 6 13 105 60 102 104 3 95 30 41 88 38 43 71 28 66 53 50 72 73 76 34 4 89 40 48 62 87 63 86 21 18 61 96 97 65 
0 19 31 77 90 23 79 55 107 24 29 27 85 75 54 92 46 17 8 9 35 7 11 59 22 42 20 25 70 44 37 45 83 109 68 94 81 93 5 32 51 2 69 82 36 78 33 14 57 80 52 106 108 64 84 103 100 39 101 74 99 10 15 98 16 91 12 47 26 58 56 49 67 1 6 13 105 60 102 104 3 95 30 41 88 38 43 71 28 66 53 50 72 73 76 34 4 89 40 48 62 87 63 86 21 18 61 96 97 65 
0 19 31 77 90 23 79 55 107 24 29 27 85 75 54 92 46 17 8 9 35 7 11 59 22 42 20 25 70 44 37 45 83 109 68 94 81 93 5 32 51 2 69 82 36 78 33 14 57 80 52 106 108 64 84 103 100 39 101 74 99 10 15 98 16 91 12 47 26 58 56 49 67 1 6 13 105 60 102 104 3 95 30 41 88 38 43 71 28 66 53 50 72 73 76 34 4 89 40 48 62 87 63 86 21 18 61 96 97 65 
0 19 31 77 90 23 79 55 107 24 29 27 85 75 54 92 46 17 8 9 35 7 11 59 22 42 20 25 70 44 37 45 83 109 68 94 81 93 5 32 51 2 69 82 36 78 33 14 57 80 52 106 108 64 84 103 100 39 101 74 99 10 15 98 16 91 12 47 26 58 56 49 67 1 6 13 105 60 102 104 3 95 30 41 88 38 43 71 28 66 53 50 72 73 76 34 4 89 40 48 62 87 63 86 21 18 61 96 97 65 
0 19 31 77 90 23 79 55 107 24 29 27 85 75 54 92 46 17 8 9 35 7 11 59 22 42 20 25 70 44 37 45 83 109 68 94 81 93 5 32 51 2 69 82 36 78 33 14 57 80 52 106 108 64 84 103 100 39 101 74 99 10 15 98 16 91 12 47 26 58 56 49 67 1 6 13 105 60 102 104 3 95 30 41 88 38 43 71 28 66 53 50 72 73 76 34 4 89 40 48 62 87 63 86 21 18 61 96 97 65 
0 19 31 77 90 23 79 55 107 24 29 27 85 75 54 92 46 17 8 9 35 7 11 59 22 42 20 25 70 44 37 45 83 109 68 94 81 93 5 32 51 2 69 82 36 78 33 14 57 80 52 106 108 64 84 103 100 39 101 74 99 10 15 98 16 91 12 47 26 58 56 49 67 1 6 13 105 60 102 104 3 95 30 41 88 38 43 71 28 66 53 50 72 73 76 34 4 89 40 48 62 87 63 86 21 18 61 96 97 65 
0 19 31 77 90 23 79 55 107 24 29 27 85 75 54 92 46 17 8 9 35 7 11 59 22 42 20 25 70 44 37 45 83 109 68 94 81 93 5 32 51 2 69 82 36 78 33 14 57 80 52 106 108 64 84 103 100 39 101 74 99 10 15 98 16 91 12 47 26 58 56 49 67 1 6 13 105 60 102 104 3 95 30 41 88 38 43 71 28 66 53 50 72 73 76 34 4 89 40 48 62 87 63 86 21 18 61 96 97 65 
0 19 31 77 90 23 79 55 107 24 29 27 85 75 54 92 46 17 8 9 35 7 11 59 22 42 20 25 70 44 37 45 83 109 68 94 81 93 5 32 51 2 69 82 36 78 33 14 57 80 52 106 108 64 84 103 100 39 101 74 99 10 15 98 16 91 12 47 26 58 56 49 67 1 6 13 105 60 102 104 3 95 30 41 88 38 43 71 28 66 53 50 72 73 76 34 4 89 40 48 62 87 63 86 21 18 61 96 97 65 
0 19 31 77 90 23 79 55 107 24 29 27 85 75 54 92 46 17 8 9 35 7 11 59 22 42 20 25 70 44 37 45 83 109 68 94 81 93 5 32 51 2 69 82 36 78 33 14 57 80 52 106 108 64 84 103 100 39 101 74 99 10 15 98 16 91 12 47 26 58 56 49 67 1 6 13 105 60 102 104 3 95 30 41 88 38 43 71 28 66 53 50 72 73 76 34 4 89 40 48 62 87 63 86 21 18 61 96 97 65 
0 19 31 77 90 23 79 55 107 24 29 27 85 75 54 92 46 17 8 9 35 7 11 59 22 42 20 25 70 44 37 45 83 109 68 94 81 93 5 32 51 2 69 82 36 78 33 14 57 80 52 106 108 64 84 103 100 39 101 74 99 10 15 98 16 91 12 47 26 58 56 49 67 1 6 13 105 60 102 104 3 95 30 41 88 38 43 71 28 66 53 50 72 73 76 34 4 89 40 48 62 87 63 86 21 18 61 96 97 65 
0 19 31 77 90 23 79 55 107 24 29 27 85 75 54 92 46 17 8 9 35 7 11 59 22 42 20 25 70 44 37 45 83 109 68 94 81 93 5 32 51 2 69 82 36 78 33 14 57 80 52 106 108 64 84 103 100 39 101 74 99 10 15 98 16 91 12 47 26 58 56 49 67 1 6 13 105 60 102 104 3 95 30 41 88 38 43 71 28 66 53 50 72 73 76 34 4 89 40 48 62 87 63 86 21 18 61 96 97 65 
0 19 31 77 90 23 79 55 107 24 29 27 85 75 54 92 46 17 8 9 35 7 11 59 22 42 20 25 70 44 37 45 83 109 68 94 81 93 5 32 51 2 69 82 36 78 33 14 57 80 52 106 108 64 84 103 100 39 101 74 99 10 15 98 16 91 12 47 26 58 56 49 67 1 6 13 105 60 102 104 3 95 30 41 88 38 43 71 28 66 53 50 72 73 76 34 4 89 40 48 62 87 63 86 21 18 61 96 97 65 
0 19 31 77 90 23 79 55 107 24 29 27 85 75 54 92 46 17 8 9 35 7 11 59 22 42 20 25 70 44 37 45 83 109 68 94 81 93 5 32 51 2 69 82 36 78 33 14 57 80 52 106 108 64 84 103 100 39 101 74 99 10 15 98 16 91 12 47 26 58 56 49 67 1 6 13 105 60 102 104 3 95 30 41 88 38 43 71 28 66 53 50 72 73 76 34 4 89 40 48 62 87 63 86 21 18 61 96 97 65 
0 19 31 77 90 23 79 55 107 24 29 27 85 75 54 92 46 17 8 9 35 7 11 59 22 42 20 25 70 44 37 45 83 109 68 94 81 93 5 32 51 2 69 82 36 78 33 14 57 80 52 106 108 64 84 103 100 39 101 74 99 10 15 98 16 91 12 47 26 58 56 49 67 1 6 13 105 60 102 104 3 95 30 41 88 38 43 71 28 66 53 50 72 73 76 34 4 89 40 48 62 87 63 86 21 18 61 96 97 65 
0 19 31 77 90 23 79 55 107 24 29 27 85 75 54 92 46 17 8 9 35 7 11 59 22 42 20 25 70 44 37 45 83 109 68 94 81 93 5 32 51 2 69 82 36 78 33 14 57 80 52 106 108 64 84 103 100 39 101 74 99 10 15 98 16 91 12 47 26 58 56 49 67 1 6 13 105 60 102 104 3 95 30 41 88 38 43 71 28 66 53 50 72 73 76 34 4 89 40 48 62 87 63 86 21 18 61 96 97 65 
0 19 31 77 90 23 79 55 107 24 29 27 85 75 54 92 46 17 8 9 35 7 11 59 22 42 20 25 70 44 37 45 83 109 68 94 81 93 5 32 51 2 69 82 36 78 33 14 57 80 52 106 108 64 84 103 100 39 101 74 99 10 15 98 16 91 12 47 26 58 56 49 67 1 6 13 105 60 102 104 3 95 30 41 88 38 43 71 28 66 53 50 72 73 76 34 4 89 40 48 62 87 63 86 21 18 61 96 97 65 
0 19 31 77 90 23 79 55 107 24 29 27 85 75 54 92 46 17 8 9 35 7 11 59 22 42 20 25 70 44 37 45 83 109 68 94 81 93 5 32 51 2 69 82 36 78 33 14 57 80 52 106 108 64 84 103 100 39 101 74 99 10 15 98 16 91 12 47 26 58 56 49 67 1 6 13 105 60 102 104 3 95 30 41 88 38 43 71 28 66 53 50 72 73 76 34 4 89 40 48 62 87 63 86 21 18 61 96 97 65 
0 19 31 77 90 23 79 55 107 24 29 27 85 75 54 92 46 17 8 9 35 7 11 59 22 42 20 25 70 44 37 45 83 109 68 94 81 93 5 32 51 2 69 82 36 78 33 14 57 80 52 106 108 64 84 103 100 39 101 74 99 10 15 98 16 91 12 47 26 58 56 49 67 1 6 13 105 60 102 104 3 95 30 41 88 38 43 71 28 66 53 50 72 73 76 34 4 89 40 48 62 87 63 86 21 18 61 96 97 65 
0 19 31 77 90 23 79 55 107 24 29 27 85 75 54 92 46 17 8 9 35 7 11 59 22 42 20 25 70 44 37 45 83 109 68 94 81 93 5 32 51 2 69 82 36 78 33 14 57 80 52 106 108 64 84 103 100 39 101 74 99 10 15 98 16 91 12 47 26 58 56 49 67 1 6 13 105 60 102 104 3 95 30 41 88 38 43 71 28 66 53 50 72 73 76 34 4 89 40 48 62 87 63 86 21 18 61 96 97 65 
0 19 31 77 90 23 79 55 107 24 29 27 85 75 54 92 46 17 8 9 35 7 11 59 22 42 20 25 70 44 37 45 83 109 68 94 81 93 5 32 51 2 69 82 36 78 33 14 57 80 52 106 108 64 84 103 100 39 101 74 99 10 15 98 16 91 12 47 26 58 56 49 67 1 6 13 105 60 102 104 3 95 30 41 88 38 43 71 28 66 53 50 72 73 76 34 4 89 40 48 62 87 63 86 21 18 61 96 97 65 
0 19 31 77 90 23 79 55 107 24 29 27 85 75 54 92 46 17 8 9 35 7 11 59 22 42 20 25 70 44 37 45 83 109 68 94 81 93 5 32 51 2 69 82 36 78 33 14 57 80 52 106 108 64 84 103 100 39 101 74 99 10 15 98 16 91 12 47 26 58 56 49 67 1 6 13 105 60 102 104 3 95 30 41 88 38 43 71 28 66 53 50 72 73 76 34 4 89 40 48 62 87 63 86 21 18 61 96 97 65 
0 19 31 77 90 23 79 55 107 24 29 27 85 75 54 92 46 17 8 9 35 7 11 59 22 42 20 25 70 44 37 45 83 109 68 94 81 93 5 32 51 2 69 82 36 78 33 14 57 80 52 106 108 64 84 103 100 39 101 74 99 10 15 98 16 91 12 47 26 58 56 49 67 1 6 13 105 60 102 104 3 95 30 41 88 38 43 71 28 66 53 50 72 73 76 34 4 89 40 48 62 87 63 86 21 18 61 96 97 65 
0 19 31 77 90 23 79 55 107 24 29 27 85 75 54 92 46 17 8 9 35 7 11 59 22 42 20 25 70 44 37 45 83 109 68 94 81 93 5 32 51 2 69 82 36 78 33 14 57 80 52 106 108 64 84 103 100 39 101 74 99 10 15 98 16 91 12 47 26 58 56 49 67 1 6 13 105 60 102 104 3 95 30 41 88 38 43 71 28 66 53 50 72 73 76 34 4 89 40 48 62 87 63 86 21 18 61 96 97 65 
0 19 31 77 90 23 79 55 107 24 29 27 85 75 54 92 46 17 8 9 35 7 11 59 22 42 20 25 70 44 37 45 83 109 68 94 81 93 5 32 51 2 69 82 36 78 33 14 57 80 52 106 108 64 84 103 100 39 101 74 99 10 15 98 16 91 12 47 26 58 56 49 67 1 6 13 105 60 102 104 3 95 30 41 88 38 43 71 28 66 53 50 72 73 76 34 4 89 40 48 62 87 63 86 21 18 61 96 97 65 
0 19 31 77 90 23 79 55 107 24 29 27 85 75 54 92 46 17 8 9 35 7 11 59 22 42 20 25 70 44 37 45 83 109 68 94 81 93 5 32 51 2 69 82 36 78 33 14 57 80 52 106 108 64 84 103 100 39 101 74 99 10 15 98 16 91 12 47 26 58 56 49 67 1 6 13 105 60 102 104 3 95 30 41 88 38 43 71 28 66 53 50 72 73 76 34 4 89 40 48 62 87 63 86 21 18 61 96 97 65 
0 19 31 77 90 23 79 55 107 24 29 27 85 75 54 92 46 17 8 9 35 7 11 59 22 42 20 25 70 44 37 45 83 109 68 94 81 93 5 32 51 2 69 82 36 78 33 14 57 80 52 106 108 64 84 103 100 39 101 74 99 10 15 98 16 91 12 47 26 58 56 49 67 1 6 13 105 60 102 104 3 95 30 41 88 38 43 71 28 66 53 50 72 73 76 34 4 89 40 48 62 87 63 86 21 18 61 96 97 65 
0 19 31 77 90 23 79 55 107 24 29 27 85 75 54 92 46 17 8 9 35 7 11 59 22 42 20 25 70 44 37 45 83 109 68 94 81 93 5 32 51 2 69 82 36 78 33 14 57 80 52 106 108 64 84 103 100 39 101 74 99 10 15 98 16 91 12 47 26 58 56 49 67 1 6 13 105 60 102 104 3 95 30 41 88 38 43 71 28 66 53 50 72 73 76 34 4 89 40 48 62 87 63 86 21 18 61 96 97 65 
0 19 31 77 90 23 79 55 107 24 29 27 85 75 54 92 46 17 8 9 35 7 11 59 22 42 20 25 70 44 37 45 83 109 68 94 81 93 5 32 51 2 69 82 36 78 33 14 57 80 52 106 108 64 84 103 100 39 101 74 99 10 15 98 16 91 12 47 26 58 56 49 67 1 6 13 105 60 102 104 3 95 30 41 88 38 43 71 28 66 53 50 72 73 76 34 4 89 40 48 62 87 63 86 21 18 61 96 97 65 
0 19 31 77 90 23 79 55 107 24 29 27 85 75 54 92 46 17 8 9 35 7 11 59 22 42 20 25 70 44 37 45 83 109 68 94 81 93 5 32 51 2 69 82 36 78 33 14 57 80 52 106 108 64 84 103 100 39 101 74 99 10 15 98 16 91 12 47 26 58 56 49 67 1 6 13 105 60 102 104 3 95 30 41 88 38 43 71 28 66 53 50 72 73 76 34 4 89 40 48 62 87 63 86 21 18 61 96 97 65 
0 19 31 77 90 23 79 55 107 24 29 27 85 75 54 92 46 17 8 9 35 7 11 59 22 42 20 25 70 44 37 45 83 109 68 94 81 93 5 32 51 2 69 82 36 78 33 14 57 80 52 106 108 64 84 103 100 39 101 74 99 10 15 98 16 91 12 47 26 58 56 49 67 1 6 13 105 60 102 104 3 95 30 41 88 38 43 71 28 66 53 50 72 73 76 34 4 89 40 48 62 87 63 86 21 18 61 96 97 65 
0 19 31 77 90 23 79 55 107 24 29 27 85 75 54 92 46 17 8 9 35 7 11 59 22 42 20 25 70 44 37 45 83 109 68 94 81 93 5 32 51 2 69 82 36 78 33 14 57 80 52 106 108 64 84 103 100 39 101 74 99 10 15 98 16 91 12 47 26 58 56 49 67 1 6 13 105 60 102 104 3 95 30 41 88 38 43 71 28 66 53 50 72 73 76 34 4 89 40 48 62 87 63 86 21 18 61 96 97 65 
0 19 31 77 90 23 79 55 107 24 29 27 85 75 54 92 46 17 8 9 35 7 11 59 22 42 20 25 70 44 37 45 83 109 68 94 81 93 5 32 51 2 69 82 36 78 33 14 57 80 52 106 108 64 84 103 100 39 101 74 99 10 15 98 16 91 12 47 26 58 56 49 67 1 6 13 105 60 102 104 3 95 30 41 88 38 43 71 28 66 53 50 72 73 76 34 4 89 40 48 62 87 63 86 21 18 61 96 97 65 
0 19 31 77 90 23 79 55 107 24 29 27 85 75 54 92 46 17 8 9 35 7 11 59 22 42 20 25 70 44 37 45 83 109 68 94 81 93 5 32 51 2 69 82 36 78 33 14 57 80 52 106 108 64 84 103 100 39 101 74 99 10 15 98 16 91 12 47 26 58 56 49 67 1 6 13 105 60 102 104 3 95 30 41 88 38 43 71 28 66 53 50 72 73 76 34 4 89 40 48 62 87 63 86 21 18 61 96 97 65 
0 19 31 77 90 23 79 55 107 24 29 27 85 75 54 92 46 17 8 9 35 7 11 59 22 42 20 25 70 44 37 45 83 109 68 94 81 93 5 32 51 2 69 82 36 78 33 14 57 80 52 106 108 64 84 103 100 39 101 74 99 10 15 98 16 91 12 47 26 58 56 49 67 1 6 13 105 60 102 104 3 95 30 41 88 38 43 71 28 66 53 50 72 73 76 34 4 89 40 48 62 87 63 86 21 18 61 96 97 65 
0 19 31 77 90 23 79 55 107 24 29 27 85 75 54 92 46 17 8 9 35 7 11 59 22 42 20 25 70 44 37 45 83 109 68 94 81 93 5 32 51 2 69 82 36 78 33 14 57 80 52 106 108 64 84 103 100 39 101 74 99 10 15 98 16 91 12 47 26 58 56 49 67 1 6 13 105 60 102 104 3 95 30 41 88 38 43 71 28 66 53 50 72 73 76 34 4 89 40 48 62 87 63 86 21 18 61 96 97 65 
0 19 31 77 90 23 79 55 107 24 29 27 85 75 54 92 46 17 8 9 35 7 11 59 22 42 20 25 70 44 37 45 83 109 68 94 81 93 5 32 51 2 69 82 36 78 33 14 57 80 52 106 108 64 84 103 100 39 101 74 99 10 15 98 16 91 12 47 26 58 56 49 67 1 6 13 105 60 102 104 3 95 30 41 88 38 43 71 28 66 53 50 72 73 76 34 4 89 40 48 62 87 63 86 21 18 61 96 97 65 
0 19 31 77 90 23 79 55 107 24 29 27 85 75 54 92 46 17 8 9 35 7 11 59 22 42 20 25 70 44 37 45 83 109 68 94 81 93 5 32 51 2 69 82 36 78 33 14 57 80 52 106 108 64 84 103 100 39 101 74 99 10 15 98 16 91 12 47 26 58 56 49 67 1 6 13 105 60 102 104 3 95 30 41 88 38 43 71 28 66 53 50 72 73 76 34 4 89 40 48 62 87 63 86 21 18 61 96 97 65 
0 19 31 77 90 23 79 55 107 24 29 27 85 75 54 92 46 17 8 9 35 7 11 59 22 42 20 25 70 44 37 45 83 109 68 94 81 93 5 32 51 2 69 82 36 78 33 14 57 80 52 106 108 64 84 103 100 39 101 74 99 10 15 98 16 91 12 47 26 58 56 49 67 1 6 13 105 60 102 104 3 95 30 41 88 38 43 71 28 66 53 50 72 73 76 34 4 89 40 48 62 87 63 86 21 18 61 96 97 65 
0 19 31 77 90 23 79 55 107 24 29 27 85 75 54 92 46 17 8 9 35 7 11 59 22 42 20 25 70 44 37 45 83 109 68 94 81 93 5 32 51 2 69 82 36 78 33 14 57 80 52 106 108 64 84 103 100 39 101 74 99 10 15 98 16 91 12 47 26 58 56 49 67 1 6 13 105 60 102 104 3 95 30 41 88 38 43 71 28 66 53 50 72 73 76 34 4 89 40 48 62 87 63 86 21 18 61 96 97 65 
0 19 31 77 90 23 79 55 107 24 29 27 85 75 54 92 46 17 8 9 35 7 11 59 22 42 20 25 70 44 37 45 83 109 68 94 81 93 5 32 51 2 69 82 36 78 33 14 57 80 52 106 108 64 84 103 100 39 101 74 99 10 15 98 16 91 12 47 26 58 56 49 67 1 6 13 105 60 102 104 3 95 30 41 88 38 43 71 28 66 53 50 72 73 76 34 4 89 40 48 62 87 63 86 21 18 61 96 97 65 
0 19 31 77 90 23 79 55 107 24 29 27 85 75 54 92 46 17 8 9 35 7 11 59 22 42 20 25 70 44 37 45 83 109 68 94 81 93 5 32 51 2 69 82 36 78 33 14 57 80 52 106 108 64 84 103 100 39 101 74 99 10 15 98 16 91 12 47 26 58 56 49 67 1 6 13 105 60 102 104 3 95 30 41 88 38 43 71 28 66 53 50 72 73 76 34 4 89 40 48 62 87 63 86 21 18 61 96 97 65 
0 19 31 77 90 23 79 55 107 24 29 27 85 75 54 92 46 17 8 9 35 7 11 59 22 42 20 25 70 44 37 45 83 109 68 94 81 93 5 32 51 2 69 82 36 78 33 14 57 80 52 106 108 64 84 103 100 39 101 74 99 10 15 98 16 91 12 47 26 58 56 49 67 1 6 13 105 60 102 104 3 95 30 41 88 38 43 71 28 66 53 50 72 73 76 34 4 89 40 48 62 87 63 86 21 18 61 96 97 65 
0 19 31 77 90 23 79 55 107 24 29 27 85 75 54 92 46 17 8 9 35 7 11 59 22 42 20 25 70 44 37 45 83 109 68 94 81 93 5 32 51 2 69 82 36 78 33 14 57 80 52 106 108 64 84 103 100 39 101 74 99 10 15 98 16 91 12 47 26 58 56 49 67 1 6 13 105 60 102 104 3 95 30 41 88 38 43 71 28 66 53 50 72 73 76 34 4 89 40 48 62 87 63 86 21 18 61 96 97 65 
0 19 31 77 90 23 79 55 107 24 29 27 85 75 54 92 46 17 8 9 35 7 11 59 22 42 20 25 70 44 37 45 83 109 68 94 81 93 5 32 51 2 69 82 36 78 33 14 57 80 52 106 108 64 84 103 100 39 101 74 99 10 15 98 16 91 12 47 26 58 56 49 67 1 6 13 105 60 102 104 3 95 30 41 88 38 43 71 28 66 53 50 72 73 76 34 4 89 40 48 62 87 63 86 21 18 61 96 97 65 
0 19 31 77 90 23 79 55 107 24 29 27 85 75 54 92 46 17 8 9 35 7 11 59 22 42 20 25 70 44 37 45 83 109 68 94 81 93 5 32 51 2 69 82 36 78 33 14 57 80 52 106 108 64 84 103 100 39 101 74 99 10 15 98 16 91 12 47 26 58 56 49 67 1 6 13 105 60 102 104 3 95 30 41 88 38 43 71 28 66 53 50 72 73 76 34 4 89 40 48 62 87 63 86 21 18 61 96 97 65 
0 19 31 77 90 23 79 55 107 24 29 27 85 75 54 92 46 17 8 9 35 7 11 59 22 42 20 25 70 44 37 45 83 109 68 94 81 93 5 32 51 2 69 82 36 78 33 14 57 80 52 106 108 64 84 103 100 39 101 74 99 10 15 98 16 91 12 47 26 58 56 49 67 1 6 13 105 60 102 104 3 95 30 41 88 38 43 71 28 66 53 50 72 73 76 34 4 89 40 48 62 87 63 86 21 18 61 96 97 65 
0 19 31 77 90 23 79 55 107 24 29 27 85 75 54 92 46 17 8 9 35 7 11 59 22 42 20 25 70 44 37 45 83 109 68 94 81 93 5 32 51 2 69 82 36 78 33 14 57 80 52 106 108 64 84 103 100 39 101 74 99 10 15 98 16 91 12 47 26 58 56 49 67 1 6 13 105 60 102 104 3 95 30 41 88 38 43 71 28 66 53 50 72 73 76 34 4 89 40 48 62 87 63 86 21 18 61 96 97 65 
0 19 31 77 90 23 79 55 107 24 29 27 85 75 54 92 46 17 8 9 35 7 11 59 22 42 20 25 70 44 37 45 83 109 68 94 81 93 5 32 51 2 69 82 36 78 33 14 57 80 52 106 108 64 84 103 100 39 101 74 99 10 15 98 16 91 12 47 26 58 56 49 67 1 6 13 105 60 102 104 3 95 30 41 88 38 43 71 28 66 53 50 72 73 76 34 4 89 40 48 62 87 63 86 21 18 61 96 97 65 
0 19 31 77 90 23 79 55 107 24 29 27 85 75 54 92 46 17 8 9 35 7 11 59 22 42 20 25 70 44 37 45 83 109 68 94 81 93 5 32 51 2 69 82 36 78 33 14 57 80 52 106 108 64 84 103 100 39 101 74 99 10 15 98 16 91 12 47 26 58 56 49 67 1 6 13 105 60 102 104 3 95 30 41 88 38 43 71 28 66 53 50 72 73 76 34 4 89 40 48 62 87 63 86 21 18 61 96 97 65 
0 19 31 77 90 23 79 55 107 24 29 27 85 75 54 92 46 17 8 9 35 7 11 59 22 42 20 25 70 44 37 45 83 109 68 94 81 93 5 32 51 2 69 82 36 78 33 14 57 80 52 106 108 64 84 103 100 39 101 74 99 10 15 98 16 91 12 47 26 58 56 49 67 1 6 13 105 60 102 104 3 95 30 41 88 38 43 71 28 66 53 50 72 73 76 34 4 89 40 48 62 87 63 86 21 18 61 96 97 65 
0 19 31 77 90 23 79 55 107 24 29 27 85 75 54 92 46 17 8 9 35 7 11 59 22 42 20 25 70 44 37 45 83 109 68 94 81 93 5 32 51 2 69 82 36 78 33 14 57 80 52 106 108 64 84 103 100 39 101 74 99 10 15 98 16 91 12 47 26 58 56 49 67 1 6 13 105 60 102 104 3 95 30 41 88 38 43 71 28 66 53 50 72 73 76 34 4 89 40 48 62 87 63 86 21 18 61 96 97 65 
0 19 31 77 90 23 79 55 107 24 29 27 85 75 54 92 46 17 8 9 35 7 11 59 22 42 20 25 70 44 37 45 83 109 68 94 81 93 5 32 51 2 69 82 36 78 33 14 57 80 52 106 108 64 84 103 100 39 101 74 99 10 15 98 16 91 12 47 26 58 56 49 67 1 6 13 105 60 102 104 3 95 30 41 88 38 43 71 28 66 53 50 72 73 76 34 4 89 40 48 62 87 63 86 21 18 61 96 97 65 
0 19 31 77 90 23 79 55 107 24 29 27 85 75 54 92 46 17 8 9 35 7 11 59 22 42 20 25 70 44 37 45 83 109 68 94 81 93 5 32 51 2 69 82 36 78 33 14 57 80 52 106 108 64 84 103 100 39 101 74 99 10 15 98 16 91 12 47 26 58 56 49 67 1 6 13 105 60 102 104 3 95 30 41 88 38 43 71 28 66 53 50 72 73 76 34 4 89 40 48 62 87 63 86 21 18 61 96 97 65 
0 19 31 77 90 23 79 55 107 24 29 27 85 75 54 92 46 17 8 9 35 7 11 59 22 42 20 25 70 44 37 45 83 109 68 94 81 93 5 32 51 2 69 82 36 78 33 14 57 80 52 106 108 64 84 103 100 39 101 74 99 10 15 98 16 91 12 47 26 58 56 49 67 1 6 13 105 60 102 104 3 95 30 41 88 38 43 71 28 66 53 50 72 73 76 34 4 89 40 48 62 87 63 86 21 18 61 96 97 65 
0 19 31 77 90 23 79 55 107 24 29 27 85 75 54 92 46 17 8 9 35 7 11 59 22 42 20 25 70 44 37 45 83 109 68 94 81 93 5 32 51 2 69 82 36 78 33 14 57 80 52 106 108 64 84 103 100 39 101 74 99 10 15 98 16 91 12 47 26 58 56 49 67 1 6 13 105 60 102 104 3 95 30 41 88 38 43 71 28 66 53 50 72 73 76 34 4 89 40 48 62 87 63 86 21 18 61 96 97 65 
0 19 31 77 90 23 79 55 107 24 29 27 85 75 54 92 46 17 8 9 35 7 11 59 22 42 20 25 44 70 37 45 83 109 68 94 81 93 5 32 51 2 69 82 36 78 33 14 57 80 52 106 108 64 84 103 100 39 101 74 99 10 15 98 16 91 12 47 26 58 56 49 67 1 6 13 105 60 102 104 3 95 30 41 88 38 43 71 28 66 53 50 72 73 76 34 4 89 40 48 62 87 63 86 21 18 61 96 97 65 
0 19 31 77 90 23 79 55 107 24 29 27 85 75 54 92 46 17 8 9 35 7 11 59 22 42 20 25 70 44 37 45 83 109 68 94 81 93 5 32 51 2 69 82 36 78 33 14 57 80 52 106 108 64 84 103 100 39 101 74 99 10 15 98 16 91 12 47 26 58 56 49 67 1 6 13 105 60 102 104 3 95 30 41 88 38 43 71 28 66 53 72 73 50 76 34 4 89 40 48 62 87 63 86 21 18 61 96 97 65 
0 19 31 77 90 23 79 55 107 24 29 27 85 75 54 92 46 17 8 9 35 7 11 59 22 42 20 25 70 44 37 45 83 109 68 94 81 93 5 32 51 2 69 82 36 78 33 14 57 80 52 106 108 64 84 103 100 39 101 74 99 10 15 98 16 91 12 47 26 58 56 49 67 1 6 13 105 60 102 104 3 95 41 30 88 38 43 71 28 66 53 50 72 73 76 34 4 89 40 48 62 87 63 86 21 18 61 96 97 65 
0 19 31 77 90 23 79 55 107 24 29 27 85 75 54 92 46 17 8 9 35 7 11 59 22 42 20 25 70 44 37 45 83 109 68 94 81 93 5 32 51 2 69 82 36 78 33 14 57 80 52 106 108 64 84 103 100 39 101 74 99 10 15 98 16 91 12 47 26 58 56 49 67 1 6 13 105 60 102 104 3 95 30 41 88 38 43 71 28 66 53 50 72 73 76 34 4 89 40 48 62 87 18 63 86 21 61 96 97 65 
0 19 31 77 90 23 79 55 107 24 29 27 85 75 54 92 46 17 8 9 35 7 11 59 22 42 20 25 70 44 37 45 83 109 68 94 81 93 5 32 51 2 69 82 36 78 33 14 57 80 52 106 108 64 84 103 100 39 101 74 99 10 15 98 16 91 12 47 26 58 56 49 67 6 1 13 105 60 102 104 3 95 30 41 88 38 43 71 28 66 53 50 72 73 76 34 4 89 40 48 62 87 63 86 21 61 96 18 97 65 
0 19 31 77 90 23 79 55 107 24 29 27 85 75 54 92 46 17 8 9 35 7 11 59 22 42 20 25 70 44 37 45 83 109 68 94 81 93 5 32 51 2 69 82 36 78 33 14 57 80 52 106 108 64 84 103 100 39 101 74 99 10 15 98 16 91 12 47 26 58 56 49 67 1 6 13 105 60 102 104 3 95 30 41 88 38 43 71 28 66 53 50 72 76 34 4 73 89 40 48 62 87 63 86 21 18 61 96 97 65 
0 19 31 77 90 23 79 55 107 24 29 27 85 75 54 92 46 17 8 9 35 7 11 59 22 42 20 25 70 44 37 45 83 109 68 94 81 93 5 32 51 2 69 82 36 78 33 14 57 80 52 106 108 64 84 103 100 39 101 74 99 10 15 98 16 91 12 47 26 58 56 49 67 1 6 13 105 60 102 104 3 95 30 41 88 38 43 71 28 66 53 50 72 73 76 34 4 89 40 48 87 63 86 21 18 61 96 62 97 65 
0 19 31 77 90 23 79 55 107 24 29 27 85 75 54 92 46 17 8 9 35 7 11 59 22 42 20 25 70 44 37 45 83 109 68 94 81 93 5 32 51 2 69 82 14 33 78 36 57 80 52 106 108 64 84 103 100 39 101 74 99 10 15 98 16 91 12 47 26 58 56 49 67 1 6 13 105 60 102 104 3 95 30 41 88 38 43 71 28 66 53 50 72 73 76 34 4 89 40 48 62 87 63 86 21 18 61 96 97 65 
0 19 31 77 90 23 79 55 107 24 29 27 85 75 54 92 46 17 8 9 35 7 11 59 22 42 20 25 70 44 83 45 37 109 68 94 81 93 5 32 51 2 69 82 36 78 33 14 57 80 52 106 108 64 84 103 100 39 101 74 99 10 15 98 16 91 12 47 26 58 56 49 67 1 6 13 105 60 102 104 3 95 30 41 88 38 43 71 28 66 53 50 72 73 76 34 4 89 40 48 62 87 63 86 21 18 61 96 97 65 
0 19 31 77 90 23 79 55 107 24 29 27 85 75 54 92 46 17 8 9 35 7 11 59 22 42 20 25 70 44 37 45 83 109 68 94 81 93 5 32 51 2 69 82 36 78 33 14 57 80 52 106 108 64 84 103 100 39 101 74 99 10 15 98 47 12 91 16 26 58 56 49 67 1 6 13 105 60 102 104 3 95 30 41 88 38 43 71 28 66 53 50 72 73 76 34 4 89 40 48 62 87 63 86 21 18 61 96 97 65 
0 19 31 77 90 23 79 55 107 24 29 27 85 75 54 92 46 17 8 9 35 7 11 59 22 42 20 25 70 44 37 45 83 109 68 94 81 93 5 32 51 2 69 36 78 33 82 14 57 80 52 106 108 64 84 103 100 39 101 74 99 10 15 98 16 91 12 47 26 58 56 49 67 1 6 13 105 60 102 104 3 95 30 41 88 38 43 71 28 66 53 50 72 73 76 34 4 89 40 48 62 87 63 86 18 21 61 96 97 65 
0 19 31 77 90 23 79 55 107 24 29 27 85 75 54 92 46 17 8 9 35 7 37 44 70 25 20 42 22 59 11 45 83 109 68 94 81 93 5 32 51 2 69 82 36 78 33 14 57 80 52 106 108 64 84 103 100 39 101 74 99 10 15 98 16 91 12 47 26 58 56 49 67 1 6 13 105 60 102 104 3 95 30 41 88 38 43 71 28 66 53 50 72 73 76 34 4 89 40 48 62 87 63 86 21 18 61 96 97 65 
0 19 31 77 90 23 79 55 107 24 29 27 85 75 54 92 46 17 8 9 35 7 11 59 22 42 20 25 70 44 37 45 83 109 68 94 81 93 5 32 51 2 69 82 36 78 33 14 57 80 52 106 108 64 84 103 100 39 101 74 99 10 15 98 16 91 12 47 26 58 56 49 67 1 6 13 105 30 95 3 104 102 60 41 88 38 43 71 28 66 53 50 72 73 76 34 4 89 40 48 62 87 63 86 21 18 61 96 97 65 
0 19 31 77 90 23 79 55 107 24 29 27 85 75 54 92 46 17 8 9 35 7 11 59 22 42 20 25 70 44 37 45 83 109 68 94 81 93 5 32 51 2 69 82 36 78 33 14 57 80 52 106 108 64 84 103 100 39 101 74 99 10 15 98 16 91 12 47 26 58 56 67 1 6 13 105 60 102 104 3 95 49 30 41 88 38 43 71 28 66 53 50 72 73 76 34 4 89 40 48 62 87 63 86 21 18 61 96 97 65 
0 19 31 77 90 23 79 55 107 24 29 27 85 75 54 92 46 17 8 9 35 7 11 59 22 42 20 25 70 44 37 45 83 109 68 94 81 93 5 32 51 2 69 82 36 78 33 14 57 80 52 106 108 64 84 103 100 39 101 74 99 10 15 98 16 91 12 47 26 58 13 49 67 1 6 56 105 60 102 104 3 95 30 41 88 38 43 71 28 66 53 50 72 73 76 34 4 89 40 48 62 87 63 86 21 18 61 96 97 65 
0 19 31 77 90 23 79 55 107 24 29 27 85 75 54 92 46 17 8 9 35 7 11 59 22 42 20 25 70 44 37 45 83 109 68 94 81 93 5 32 51 2 69 82 36 78 33 14 57 80 52 106 108 64 84 103 100 39 101 74 99 10 15 98 16 91 12 47 26 58 56 49 67 1 6 13 105 60 102 104 3 95 30 41 88 38 71 28 66 53 50 72 73 76 34 4 89 43 40 48 62 87 63 86 21 18 61 96 97 65 
0 19 31 77 90 23 79 55 107 24 29 27 85 75 54 92 46 17 8 9 35 7 11 59 22 42 20 25 70 44 37 45 83 109 68 94 81 93 5 32 51 2 69 82 36 78 33 14 57 80 52 106 108 64 84 103 100 39 101 74 99 10 15 98 16 91 12 47 26 58 56 49 67 1 6 13 105 60 102 104 3 95 30 41 88 38 43 71 28 66 53 48 72 73 76 34 4 89 40 50 62 87 63 86 21 18 61 96 97 65 
0 19 31 77 90 23 79 55 107 24 29 27 85 75 54 92 46 17 8 9 35 7 11 59 22 42 20 25 70 44 37 45 83 109 68 94 81 93 5 32 51 2 69 82 36 78 33 14 57 80 52 106 108 64 84 103 100 39 101 74 99 10 15 98 56 91 12 47 26 58 16 49 67 1 6 13 105 60 102 104 3 95 30 41 88 38 43 71 28 66 53 50 72 73 76 34 4 89 40 48 62 87 63 86 21 18 61 96 97 65 
0 19 31 77 90 23 79 55 107 24 29 27 85 75 54 92 46 17 8 9 35 7 11 59 22 42 20 25 70 44 37 45 83 109 68 94 81 93 5 32 51 2 69 82 36 78 33 14 57 80 52 106 108 64 103 100 39 101 74 99 10 15 98 91 12 47 26 58 56 49 67 1 6 13 105 60 102 104 3 95 30 41 88 38 43 71 84 16 28 66 53 50 72 73 76 34 4 89 40 48 62 87 63 86 21 18 61 96 97 65 
0 19 31 77 90 23 79 55 107 24 29 27 85 75 54 92 46 17 8 9 35 7 11 59 22 42 20 25 70 44 37 45 83 109 68 94 81 93 5 32 51 2 69 82 36 78 33 14 57 80 52 106 108 64 84 103 100 39 101 74 99 10 15 72 50 53 66 28 71 43 38 88 41 30 95 3 104 102 60 105 13 6 1 67 49 56 58 26 47 12 91 16 98 73 76 34 4 89 40 48 62 87 63 86 21 18 61 96 97 65 
0 19 31 77 90 23 79 55 107 24 29 27 85 75 54 92 46 17 8 9 35 7 11 59 22 42 20 25 70 44 37 45 83 109 68 94 81 93 5 32 51 2 69 82 36 78 33 14 57 80 52 106 108 64 84 103 100 39 101 74 99 10 73 72 50 53 66 28 71 43 38 88 41 30 95 3 104 102 60 105 13 6 1 67 49 56 58 26 47 12 91 16 98 15 76 34 4 89 40 48 62 87 63 86 21 18 61 96 97 65 
0 19 31 77 90 23 79 55 107 24 29 27 85 75 54 92 46 17 8 9 35 7 11 59 22 42 20 25 70 44 37 45 83 109 68 94 81 93 5 32 51 2 34 82 36 78 33 14 57 80 52 106 108 64 84 103 100 39 101 74 99 10 15 98 16 91 12 47 26 58 56 49 67 1 6 13 105 60 102 104 3 95 30 41 88 38 43 71 28 66 53 50 72 73 76 69 4 89 40 48 62 87 63 86 21 18 61 96 97 65 
0 19 31 77 90 23 79 55 107 24 29 27 85 75 54 92 46 17 8 9 35 7 11 59 22 42 20 25 70 44 37 45 83 109 68 94 81 93 5 32 51 2 69 82 36 78 33 14 57 80 52 106 108 64 84 103 100 39 101 74 99 10 15 98 16 91 12 47 26 58 56 49 67 1 6 13 105 60 102 104 3 95 30 41 88 38 43 28 66 53 50 72 73 76 34 4 71 89 40 48 62 87 63 86 21 18 61 96 97 65 
0 19 31 77 90 23 79 55 107 24 29 27 85 75 54 92 46 17 8 9 35 7 11 59 22 42 20 25 70 44 37 45 83 109 68 94 81 93 5 32 51 2 69 82 36 78 33 14 57 80 52 106 108 64 84 103 100 39 101 74 99 10 15 98 16 91 12 47 26 58 56 49 67 1 6 30 105 60 102 104 3 95 13 41 88 38 43 71 28 66 53 50 72 73 76 34 4 89 40 48 62 63 86 87 21 18 61 96 97 65 
0 19 31 77 90 23 79 55 107 24 29 27 85 75 54 92 46 17 8 9 35 7 11 59 22 42 20 25 70 44 37 45 83 109 68 94 81 93 5 32 51 2 69 82 36 78 33 14 57 80 52 106 108 64 84 103 100 39 101 74 99 10 15 98 16 91 12 47 26 58 56 49 67 1 6 105 60 102 104 3 95 30 41 88 38 43 71 28 66 53 13 50 72 73 76 34 4 89 40 48 62 87 63 86 21 18 61 96 97 65 
0 19 31 77 90 23 79 55 107 24 29 27 85 75 92 46 17 8 9 35 7 11 59 22 54 42 20 25 70 44 37 45 83 109 68 94 81 93 5 32 51 2 69 82 36 78 33 14 57 80 52 106 108 64 84 103 100 39 101 74 99 10 15 98 16 91 12 47 26 58 56 49 67 1 6 13 105 60 102 104 3 95 30 41 88 38 43 71 28 66 53 50 72 73 76 34 4 89 40 48 62 87 63 86 21 18 61 96 97 65 
0 19 31 77 90 107 55 79 23 24 29 27 85 75 54 92 46 17 8 9 35 7 11 59 22 42 20 25 70 44 37 45 83 109 68 94 2 93 5 32 51 81 69 82 36 78 33 14 57 80 52 106 108 64 84 103 100 39 101 74 99 10 15 98 16 91 12 47 26 58 56 49 67 1 6 13 105 60 102 104 3 95 30 41 88 38 43 71 28 66 53 50 72 73 76 34 4 89 40 48 62 87 63 86 21 18 61 96 97 65 
0 19 31 77 90 23 79 55 107 24 29 27 85 75 54 92 46 17 8 9 35 7 11 59 22 42 20 25 70 44 37 45 83 109 68 94 81 93 5 32 51 2 69 82 36 78 33 14 57 80 52 106 108 64 84 103 100 39 101 74 99 10 15 98 60 105 13 26 6 1 67 49 56 58 47 12 91 16 102 104 3 95 30 41 88 38 43 71 28 66 53 50 72 73 76 34 4 89 40 48 62 87 63 86 21 18 61 96 97 65 
0 19 31 77 90 23 79 55 107 24 29 27 85 75 54 92 46 17 8 9 35 7 11 59 22 42 20 25 70 44 37 45 83 109 68 94 81 93 5 32 51 2 69 82 36 78 28 14 57 80 52 106 108 64 84 103 100 39 101 74 99 10 15 98 16 91 12 47 26 58 56 49 67 1 6 13 105 60 102 104 3 95 30 41 88 38 43 71 33 66 53 50 72 73 76 34 4 89 40 48 62 87 63 86 21 18 61 96 97 65 
0 19 31 77 90 23 79 55 107 24 29 27 85 8 54 92 46 17 75 9 35 7 11 59 22 42 20 25 70 44 37 45 83 109 68 94 81 93 5 32 51 2 69 82 36 78 33 14 57 80 1 67 49 56 58 26 47 12 91 16 98 15 10 99 74 101 39 100 103 84 64 108 106 52 6 13 105 60 102 104 3 95 30 41 88 38 43 71 28 66 53 50 72 73 76 34 4 89 40 48 62 87 63 86 21 18 61 96 97 65 
0 19 90 77 31 23 79 55 107 24 29 27 85 75 54 92 46 17 8 9 35 7 11 59 22 42 20 25 70 44 37 45 83 109 68 94 81 93 5 32 51 2 69 82 36 78 33 57 80 52 106 108 64 84 103 100 39 101 74 99 10 15 98 16 91 12 47 26 58 56 49 67 1 13 105 60 102 104 3 95 30 41 88 38 43 71 6 28 66 14 53 50 72 73 76 34 4 89 40 48 62 87 63 86 21 18 61 96 97 65 
0 19 31 77 90 23 79 55 107 24 29 27 85 75 54 92 46 17 8 9 35 7 11 59 22 42 20 25 70 44 37 45 83 109 68 94 81 93 5 32 51 2 69 82 36 78 33 14 57 80 12 47 26 58 56 49 67 1 6 13 105 60 102 104 3 95 52 106 108 64 84 103 100 39 101 74 99 10 15 98 16 91 30 41 88 38 43 71 28 66 53 50 72 73 76 34 4 89 40 48 62 87 63 86 21 18 61 96 97 65 
0 19 31 77 90 23 79 55 107 24 29 27 85 75 54 92 46 17 8 9 35 7 11 59 22 42 20 25 70 44 37 45 83 109 68 94 81 93 5 51 32 2 69 82 36 78 33 14 57 47 52 106 108 64 84 103 100 39 101 74 99 10 15 98 16 91 12 80 26 58 56 49 67 1 6 13 105 60 102 104 3 95 30 41 88 38 43 71 28 66 53 50 72 73 76 34 4 89 40 48 62 87 63 86 21 18 61 96 97 65 
0 19 31 77 90 23 79 55 107 24 29 27 85 75 54 92 46 17 8 9 35 7 11 59 22 42 20 25 70 44 37 45 83 109 68 94 81 93 5 32 51 2 69 82 36 78 33 14 57 80 52 106 108 64 84 103 100 39 101 74 99 10 15 98 16 91 12 47 26 58 56 49 67 1 6 13 105 60 66 104 3 95 102 30 41 88 38 43 71 28 53 50 72 73 76 34 4 89 40 48 62 87 63 86 21 18 61 96 97 65 
0 19 31 77 90 23 79 55 107 24 29 27 85 75 54 92 46 17 8 9 35 7 11 59 22 42 20 25 70 44 37 45 83 109 68 94 81 93 5 32 51 2 69 108 36 78 33 14 57 80 52 106 82 64 84 103 100 39 101 74 99 10 15 98 16 91 12 47 26 58 56 49 67 1 6 13 105 60 102 104 3 95 30 41 88 38 43 71 28 66 53 50 72 73 76 34 4 89 40 48 62 87 63 86 21 18 61 96 97 65 
0 19 31 77 90 23 79 55 107 24 29 27 85 75 54 92 46 17 8 9 35 7 11 59 22 42 20 25 70 44 37 45 83 109 68 94 81 93 5 32 51 2 69 82 36 78 33 14 57 80 52 106 108 64 84 103 100 39 101 74 99 10 15 98 16 91 12 47 26 58 56 49 67 1 6 13 60 102 104 3 95 30 41 88 38 43 71 28 66 53 50 72 73 76 34 4 89 40 48 105 62 87 63 86 21 18 61 96 97 65 
0 19 31 77 90 23 79 55 107 24 29 27 85 75 54 92 46 17 8 9 35 7 11 59 22 42 20 25 70 44 37 48 83 109 68 94 81 93 45 5 32 51 2 69 82 36 78 33 14 57 80 52 106 108 64 84 103 100 39 101 74 99 10 15 98 16 91 12 47 26 58 56 49 67 1 6 13 105 60 102 104 3 95 30 41 88 38 43 71 28 66 53 50 72 73 76 34 4 89 40 62 87 63 86 21 18 61 96 97 65 
0 19 31 77 90 23 79 55 107 24 29 27 85 75 54 92 46 17 8 9 35 7 11 59 22 42 20 25 70 44 37 45 83 109 68 94 81 93 5 32 51 2 69 82 1 67 49 56 58 26 47 12 91 16 98 15 10 99 74 101 39 100 103 84 64 108 106 52 80 57 14 33 78 36 6 13 105 60 102 104 3 95 30 41 88 38 43 71 28 66 53 50 72 73 76 34 4 89 40 48 62 87 63 86 21 18 61 96 97 65 
0 19 31 77 90 23 79 55 107 24 29 27 85 75 54 92 46 17 8 9 35 7 11 59 22 42 20 25 70 44 37 45 83 109 68 94 81 93 5 51 2 69 82 36 78 33 14 57 80 52 106 108 64 84 103 100 39 101 74 99 10 15 98 32 16 91 12 47 26 58 56 49 67 1 6 13 105 60 102 104 3 95 30 41 88 38 43 71 28 66 53 50 72 73 76 34 4 89 40 48 62 87 63 86 21 18 61 96 97 65 
0 19 31 8 17 46 92 54 75 85 27 29 24 107 55 79 23 90 77 9 35 7 11 59 22 42 20 25 70 44 37 45 83 109 68 94 81 93 5 32 51 2 69 82 36 78 33 14 57 80 52 106 108 64 84 103 100 39 101 74 99 10 15 98 16 91 12 47 26 58 56 49 67 1 6 13 105 60 102 104 3 95 30 41 88 38 43 71 28 66 53 50 72 73 76 34 4 89 40 48 62 87 63 86 21 18 61 96 97 65 
0 19 31 77 90 23 79 55 107 24 29 27 85 75 54 92 46 17 8 9 35 7 11 103 84 64 108 106 52 80 57 14 33 78 36 82 69 2 51 32 5 93 81 94 68 109 83 45 37 44 70 25 20 42 22 59 100 39 101 74 99 10 15 98 16 91 12 47 26 58 56 49 67 1 6 13 105 60 102 104 3 95 30 41 88 38 43 71 28 66 53 50 72 73 76 34 4 89 40 48 62 87 63 86 21 18 61 96 97 65 
0 19 31 77 90 23 79 55 107 24 29 27 85 75 54 92 46 17 8 9 35 7 11 59 22 42 20 25 70 37 45 83 109 68 94 81 93 5 32 51 2 69 82 36 78 33 14 57 80 52 106 44 108 64 84 103 100 39 101 74 99 10 15 98 16 91 12 47 26 58 56 49 67 1 6 13 105 60 102 104 3 95 30 41 88 38 43 71 28 66 53 50 72 73 76 34 4 89 40 48 62 87 63 86 21 18 61 96 97 65 
0 19 31 77 90 23 79 55 107 24 29 27 85 75 54 92 46 17 8 9 35 7 11 59 22 42 20 25 70 37 45 83 109 68 94 81 93 5 32 51 2 69 82 36 78 33 14 57 80 52 106 108 64 84 103 100 39 101 74 99 10 15 98 16 91 12 47 26 58 56 49 67 1 6 13 105 60 102 104 3 95 30 41 88 38 43 71 28 66 53 50 72 73 76 34 4 89 40 48 62 87 63 86 21 18 61 96 97 65 44 
0 19 31 77 90 23 79 55 107 24 29 27 85 75 54 92 46 17 8 9 35 7 11 59 22 42 20 25 70 44 37 45 83 109 68 94 81 93 5 32 51 2 69 82 36 78 33 14 57 80 52 106 108 64 84 103 100 39 101 74 99 10 15 98 16 91 12 47 26 58 56 34 76 73 49 67 1 6 13 105 60 102 104 3 95 30 41 88 38 43 71 48 28 66 53 50 72 4 89 40 62 87 63 86 21 18 61 96 97 65 
0 19 31 77 90 23 79 55 107 24 29 27 85 75 54 92 46 17 8 9 35 7 11 59 22 42 20 25 70 44 37 45 49 56 58 26 47 12 91 16 98 15 10 99 74 101 39 100 103 84 64 108 106 52 80 57 14 33 78 36 82 69 2 51 32 5 93 81 94 68 109 83 67 1 6 13 105 60 102 104 3 95 30 41 88 38 43 71 28 66 53 50 72 73 76 34 4 89 40 48 62 87 63 86 21 18 61 96 97 65 
0 19 31 77 90 23 79 55 107 24 29 27 85 75 54 92 46 17 8 9 35 7 11 59 22 42 20 25 70 44 37 45 109 68 94 81 93 5 32 51 2 69 82 36 78 33 14 57 80 52 106 108 64 84 103 100 39 101 74 99 10 15 83 98 16 91 12 47 26 58 56 49 67 1 6 13 105 60 102 104 3 95 30 41 88 38 43 71 28 66 53 50 72 73 76 34 4 89 40 48 62 87 63 86 21 18 61 96 97 65 
0 19 31 77 90 23 79 55 107 24 29 27 85 75 54 92 46 17 8 9 35 7 11 59 22 42 20 25 70 44 37 45 83 109 68 94 81 93 5 32 51 2 69 82 36 78 33 14 57 80 52 106 108 64 84 103 100 39 101 74 99 10 15 98 16 91 12 47 26 58 56 34 76 73 49 67 1 6 13 105 60 102 104 3 95 30 41 88 38 43 71 66 53 50 72 4 89 28 40 48 62 87 63 86 21 18 61 96 97 65 
0 19 31 77 90 23 79 55 107 24 29 27 85 75 54 92 46 17 8 9 35 7 11 59 22 42 20 25 70 44 37 45 83 109 68 94 81 93 5 32 51 2 69 82 36 78 33 14 57 80 52 106 108 64 103 100 39 101 74 99 10 15 98 16 91 12 47 26 58 56 49 67 1 6 13 105 60 102 104 3 95 30 41 88 38 43 71 28 66 53 50 72 73 76 34 4 89 40 48 62 84 87 63 86 21 18 61 96 97 65 
0 19 31 77 90 23 79 55 107 24 29 27 85 75 54 92 46 17 8 9 35 7 11 59 22 42 20 25 70 44 37 45 83 109 68 94 81 93 5 32 51 2 69 82 36 78 33 14 57 80 52 106 108 64 84 103 100 39 101 74 99 10 15 98 16 91 12 47 26 58 56 49 67 1 6 13 105 60 102 104 3 95 30 41 88 38 43 71 28 66 53 50 72 73 76 34 4 89 40 48 62 87 63 21 18 61 96 97 65 86 
0 19 31 77 90 23 79 55 107 24 29 27 85 75 54 92 46 17 8 9 35 7 11 59 22 42 20 25 70 44 37 45 83 109 68 94 81 93 5 32 51 2 69 82 36 78 33 14 57 80 52 106 108 64 84 103 100 39 101 74 99 10 15 98 16 91 12 47 26 58 56 49 67 1 6 13 105 60 102 104 3 95 30 41 88 43 71 28 66 53 50 72 73 76 34 4 89 40 48 62 87 63 86 38 21 18 61 96 97 65 
0 19 31 77 90 23 79 55 107 24 29 27 85 75 54 92 46 17 8 9 35 7 11 59 22 42 20 25 70 44 37 45 83 109 68 94 81 93 5 32 51 2 69 82 36 78 33 14 57 80 52 106 108 64 84 103 100 39 101 74 99 10 15 98 16 91 12 47 26 58 56 49 67 1 6 13 72 60 102 104 3 95 30 41 88 38 43 71 28 66 53 50 105 73 76 34 4 89 40 48 62 87 63 86 21 18 61 96 97 65 
0 19 31 77 90 23 79 55 107 24 29 27 85 75 54 92 46 17 8 9 35 7 11 59 22 42 20 25 70 44 37 45 83 109 68 94 81 93 5 87 62 48 40 89 4 34 76 73 72 50 53 66 28 71 43 38 88 41 30 95 3 104 102 60 105 13 6 1 67 49 56 58 26 47 12 91 16 98 15 10 99 74 101 39 100 103 84 64 108 106 52 80 57 14 33 78 36 82 69 2 51 32 63 86 21 18 61 96 97 65 
0 19 31 77 90 23 79 55 107 24 29 27 85 75 54 92 46 17 8 9 35 7 11 59 42 20 25 70 44 37 45 83 109 68 94 81 93 5 32 51 2 69 82 36 78 33 14 57 80 52 106 108 64 84 103 100 39 101 74 99 10 15 98 16 91 12 47 26 58 56 49 67 1 6 13 105 60 102 104 3 95 30 41 88 38 43 71 28 22 66 53 50 72 73 76 34 4 89 40 48 62 87 63 86 21 18 61 96 97 65 
0 19 31 77 90 23 79 55 107 24 29 27 85 75 54 92 46 17 8 9 35 7 11 59 22 42 20 25 70 44 37 45 83 109 68 94 81 93 5 32 51 2 69 82 36 78 33 14 57 80 52 106 108 64 84 87 103 100 39 101 74 99 10 15 98 16 91 12 47 26 58 56 49 67 1 6 13 105 60 102 104 3 95 30 41 88 38 43 71 28 66 53 50 72 73 76 34 4 89 40 48 62 63 86 21 18 61 96 97 65 
0 19 31 77 90 23 79 55 107 24 29 27 85 75 54 92 46 17 8 9 35 7 11 59 22 42 20 25 70 44 37 45 83 109 68 94 81 93 5 32 51 2 69 82 36 78 33 14 57 80 52 106 108 64 84 103 100 39 74 99 10 15 98 16 91 12 47 26 58 56 49 67 53 6 13 105 60 102 104 3 95 30 41 88 38 43 71 28 101 66 1 50 72 73 76 34 4 89 40 48 62 87 63 86 21 18 61 96 97 65 
0 19 31 77 90 81 94 68 109 83 45 37 44 70 25 20 42 22 59 11 7 35 9 8 17 46 92 54 75 85 27 29 24 107 55 79 23 93 5 32 51 2 69 82 36 78 33 14 57 80 52 106 108 64 84 103 100 39 101 74 99 10 15 98 16 91 12 47 26 58 56 49 67 6 1 13 105 60 102 104 3 95 30 41 88 38 43 71 28 66 53 50 72 73 76 34 4 89 40 48 62 87 63 86 21 18 61 96 97 65 
0 19 31 77 90 23 79 55 107 24 29 27 85 75 54 92 46 17 8 9 35 7 11 59 22 42 20 25 70 44 37 45 83 109 68 94 81 93 5 32 51 2 69 82 36 78 33 14 57 80 52 106 108 64 84 103 100 39 101 74 99 10 15 98 16 91 12 47 26 58 56 49 67 1 6 13 105 96 61 18 21 86 63 87 62 48 40 89 4 34 76 73 72 50 53 66 28 71 43 38 88 41 30 95 3 104 102 60 97 65 
0 19 31 77 90 23 79 55 107 24 29 27 85 75 54 92 46 17 8 9 35 7 11 59 22 42 20 25 70 44 37 45 83 109 68 94 81 93 5 51 2 69 82 36 78 33 14 57 80 52 106 108 64 84 103 100 39 101 74 99 10 15 98 16 91 12 47 26 48 58 56 49 67 1 6 13 105 60 102 104 3 95 30 41 88 38 43 71 28 66 53 50 72 73 32 76 34 4 89 40 62 87 63 86 21 18 61 96 97 65 
0 19 31 77 90 23 79 55 107 24 29 27 85 75 54 92 46 17 8 9 35 7 11 59 22 42 20 25 70 44 37 45 83 109 68 94 81 93 5 32 51 2 69 82 36 78 33 14 57 80 52 106 108 64 84 103 100 39 101 74 99 10 15 98 16 91 12 47 26 58 56 49 67 1 6 13 105 60 102 104 3 95 30 41 88 38 43 71 28 53 50 72 73 76 34 4 89 40 48 62 87 63 86 66 21 18 61 96 97 65 
0 19 31 77 90 23 79 55 107 24 29 27 85 75 54 92 46 17 8 9 35 7 11 59 22 42 20 25 70 44 37 45 83 109 68 94 81 93 5 32 51 2 69 82 36 78 33 14 57 80 52 106 108 64 84 103 100 39 74 99 10 15 98 16 91 12 47 26 58 56 49 67 1 6 13 105 60 102 104 3 95 101 30 41 88 38 43 71 28 66 53 50 72 73 76 34 4 89 40 48 62 87 63 86 21 18 61 96 97 65 
0 19 31 77 90 23 79 55 107 24 29 27 85 75 54 92 46 17 8 9 35 7 11 59 22 42 20 25 44 37 45 70 83 109 68 94 81 93 5 32 51 2 69 82 36 78 33 14 57 80 52 106 108 58 84 103 100 39 101 74 99 10 15 98 16 91 12 47 26 64 56 49 67 1 6 13 105 60 102 104 3 95 30 41 88 38 43 71 28 66 53 50 72 73 76 34 4 89 40 48 62 87 63 86 21 18 61 96 97 65 
0 19 31 77 90 23 79 55 107 24 29 27 85 75 33 78 36 82 69 2 51 32 5 93 81 94 68 109 83 45 37 44 70 25 20 42 22 59 11 7 35 9 8 17 46 92 54 14 57 80 52 106 108 64 84 103 100 39 101 74 99 10 15 98 16 91 12 47 26 58 56 49 67 1 6 13 105 60 102 104 3 95 30 41 88 38 43 71 28 66 53 50 72 73 76 34 4 89 40 48 62 87 63 86 21 18 61 96 97 65 
0 19 31 77 90 23 79 55 107 24 29 27 85 75 54 92 59 17 8 9 35 7 11 46 22 42 20 25 70 44 37 45 83 109 68 94 81 93 5 32 51 2 69 82 36 78 33 14 57 80 52 106 108 64 84 103 100 39 101 74 99 10 15 98 16 91 12 47 26 58 56 49 67 1 6 13 105 60 102 104 3 95 30 41 88 38 43 71 28 66 53 50 72 73 76 34 4 89 40 48 62 87 63 86 21 18 61 96 97 65 
0 19 31 77 90 23 79 55 107 24 29 27 85 75 92 46 17 8 9 35 7 11 59 22 42 20 25 70 44 37 45 83 109 68 94 81 93 5 32 51 2 69 82 36 78 33 14 57 80 52 106 108 64 84 103 100 39 101 74 99 10 15 98 16 91 12 47 26 58 56 49 67 1 6 13 105 60 102 104 3 95 30 41 88 38 43 71 28 66 53 50 72 73 76 34 4 89 40 48 54 62 87 63 86 21 18 61 96 97 65 
0 19 31 77 90 23 79 55 107 24 29 27 85 75 54 92 46 17 8 9 35 7 11 59 22 42 20 25 70 44 37 45 83 109 68 94 81 5 32 51 2 69 82 36 78 33 14 57 80 52 106 108 64 84 103 100 39 101 74 99 10 15 98 16 91 12 47 26 58 56 49 67 1 6 13 105 60 102 104 3 95 30 41 88 38 43 71 28 66 93 53 50 72 73 76 34 4 89 40 48 86 87 63 62 21 18 61 96 97 65 
0 19 31 77 90 23 79 55 107 24 29 27 85 75 54 92 46 17 8 9 35 7 63 87 62 48 40 89 4 34 76 73 72 50 53 66 28 71 43 38 88 41 30 95 3 104 102 60 105 13 6 1 67 49 56 58 26 47 12 91 16 98 15 10 99 74 101 39 100 103 84 64 108 106 52 80 57 14 33 78 36 82 69 2 51 32 5 93 81 94 68 109 83 45 37 44 70 25 20 42 22 59 11 86 21 18 61 96 97 65 
0 19 31 77 90 23 79 55 107 24 29 27 85 75 54 92 46 17 8 9 35 7 11 59 22 42 20 70 44 37 45 83 109 68 94 81 93 5 32 51 2 69 82 36 78 33 14 57 80 52 106 108 64 84 103 100 39 101 74 99 10 15 98 16 91 12 47 26 58 56 49 67 1 6 13 105 60 102 104 3 95 30 41 88 38 43 71 28 66 53 50 72 73 76 34 4 89 40 48 62 87 63 86 21 25 18 61 96 97 65 
0 19 31 77 90 23 79 55 107 24 29 27 85 75 54 92 46 17 8 83 35 7 11 59 22 42 20 25 70 44 37 45 9 109 68 94 81 93 5 32 51 2 69 82 36 78 33 14 57 80 52 106 108 64 84 103 100 39 101 74 99 10 15 98 16 91 12 47 26 58 56 49 67 1 6 13 105 60 102 104 3 95 30 41 88 38 43 71 28 66 53 50 72 73 76 34 4 89 40 48 62 87 63 86 21 18 61 96 97 65 
0 19 31 77 90 23 79 55 107 24 29 27 85 75 54 92 46 17 8 9 35 7 11 59 22 42 51 25 70 44 37 45 83 68 94 81 93 5 32 20 2 69 82 36 78 33 14 57 80 52 106 108 64 84 103 100 39 101 109 74 99 10 15 98 16 91 12 47 26 58 56 49 67 1 6 13 105 60 102 104 3 95 30 41 88 38 43 71 28 66 53 50 72 73 76 34 4 89 40 48 62 87 63 86 21 18 61 96 97 65 
0 19 31 77 90 23 79 55 107 24 29 27 85 75 54 92 46 17 8 9 35 7 11 59 22 42 20 25 70 44 37 45 83 109 68 94 81 93 5 32 51 2 69 82 36 78 33 14 57 80 52 106 108 64 84 103 100 10 99 74 101 39 15 98 16 91 12 47 26 58 56 49 67 1 6 13 105 60 102 104 3 95 30 41 88 38 43 71 28 66 53 50 72 73 76 34 4 89 40 48 62 97 63 86 21 18 61 96 87 65 
0 19 31 77 90 23 79 55 107 24 29 27 85 75 54 92 46 17 8 9 35 7 11 59 22 42 20 25 70 44 37 45 83 109 68 94 81 93 5 32 51 2 69 82 36 78 33 14 57 80 52 106 108 64 84 103 100 39 101 74 99 10 15 98 16 91 12 47 26 58 56 49 67 1 6 13 105 60 102 104 3 95 30 41 88 38 43 71 28 66 53 50 65 97 96 61 18 21 86 63 87 62 48 40 89 4 34 76 73 72 
0 19 31 77 90 23 79 55 107 24 29 27 85 75 54 92 46 17 8 9 35 7 11 59 22 42 20 25 70 44 37 45 83 109 68 94 81 93 5 32 51 2 69 82 36 78 33 14 57 80 52 106 108 64 84 103 100 39 101 74 99 48 15 98 16 91 12 47 26 58 56 49 67 1 6 13 105 60 102 104 3 95 30 41 88 38 43 71 28 66 53 50 72 73 76 34 4 89 40 10 62 87 63 86 21 18 61 96 97 65 
0 19 31 77 90 23 79 55 107 24 29 27 85 75 54 92 46 17 8 9 35 7 11 59 22 42 20 25 70 44 37 45 83 109 68 94 81 93 5 32 51 2 69 82 36 78 33 14 57 80 52 106 108 64 84 103 97 96 61 18 21 86 63 87 62 48 40 89 4 34 76 73 72 50 53 66 28 71 43 38 88 41 30 95 3 104 102 60 105 13 6 1 67 49 56 58 26 47 12 91 16 98 15 10 99 74 101 39 100 65 
0 19 31 77 90 23 79 55 107 24 29 27 85 75 54 92 46 17 8 9 35 7 11 59 22 42 20 25 70 44 37 45 83 109 68 94 81 93 5 32 51 2 69 82 36 78 33 14 57 80 52 106 108 64 84 103 100 39 101 74 99 10 15 98 16 91 12 47 58 56 49 67 1 6 13 105 60 102 104 3 72 30 41 88 38 43 71 28 26 66 53 50 95 73 76 34 4 89 40 48 62 87 63 86 21 18 61 96 97 65 
0 19 31 34 76 73 72 50 53 66 28 71 43 38 88 41 30 95 3 104 102 60 105 13 6 1 67 49 56 58 26 47 12 91 16 98 15 10 99 74 101 39 100 103 84 64 108 106 52 80 57 14 33 78 36 82 69 2 51 32 5 93 81 94 68 109 83 45 37 44 70 25 20 42 22 59 11 7 35 9 8 17 46 92 54 75 85 27 29 24 107 55 79 23 90 77 4 89 40 48 62 87 63 86 21 18 61 96 97 65 
0 19 31 77 90 23 79 55 107 24 29 27 85 75 54 92 46 17 8 9 35 7 11 59 22 42 20 25 39 44 37 45 83 109 68 94 81 93 5 32 51 2 69 82 36 78 33 14 57 80 52 106 108 64 84 103 100 70 101 74 99 10 15 98 16 91 12 47 26 58 56 49 67 1 6 13 105 60 102 104 3 95 30 41 88 38 43 71 28 66 53 50 72 73 76 34 4 89 40 48 62 87 63 86 21 18 61 96 97 65 
0 19 31 77 90 23 79 55 107 24 29 27 85 75 54 92 46 17 8 9 35 7 11 59 22 42 20 25 70 44 37 45 83 109 68 94 81 93 5 32 51 2 69 82 36 78 33 14 57 80 52 106 95 64 84 103 100 39 101 74 99 10 15 98 16 91 12 47 26 58 56 49 67 1 6 13 105 60 102 104 3 108 30 41 88 38 43 71 28 66 53 50 72 73 76 34 4 89 40 48 62 87 63 86 21 18 61 96 97 65 
0 19 31 77 90 23 79 55 107 24 29 27 85 75 54 92 46 17 8 9 35 7 11 22 42 20 25 70 44 37 45 83 109 68 94 81 93 5 32 51 2 69 82 36 78 33 14 57 80 52 106 108 64 84 103 100 39 101 74 99 10 15 98 16 91 12 47 59 26 58 56 49 67 1 6 13 105 60 102 104 3 95 30 41 88 38 43 71 28 66 53 50 72 73 76 34 4 89 40 48 62 87 63 86 21 18 61 96 97 65 
0 19 31 77 90 23 79 55 107 24 29 27 85 75 54 92 46 17 8 9 35 7 11 59 22 42 20 25 70 44 37 45 83 109 68 94 81 93 5 32 51 2 69 82 36 78 33 14 57 80 30 41 88 38 43 71 28 66 53 50 72 73 76 34 4 89 40 48 62 87 63 86 21 18 6 13 105 60 102 104 3 95 52 106 108 64 84 103 100 39 101 74 99 10 15 98 16 91 12 47 26 58 56 49 67 1 61 96 97 65 
0 19 31 77 90 23 79 55 107 24 29 27 85 75 54 92 46 17 8 9 57 14 33 78 36 82 69 2 51 32 5 93 81 94 68 109 83 45 37 44 70 25 20 42 22 59 11 7 35 80 52 106 108 64 84 103 100 39 101 74 99 10 15 98 16 91 12 47 26 58 56 30 95 3 104 102 60 105 13 6 1 67 49 41 88 38 43 71 28 66 53 50 72 73 76 34 4 89 40 48 62 87 63 86 21 18 61 96 97 65 
0 19 31 77 90 23 79 55 107 24 29 27 85 75 54 92 46 17 8 9 35 7 11 59 22 42 20 25 70 44 37 45 83 109 68 94 81 93 5 32 51 2 69 82 36 78 33 14 57 80 52 106 108 64 84 103 100 101 74 99 10 15 98 16 91 12 47 26 58 56 49 67 1 6 13 105 60 102 104 3 95 30 41 88 38 43 71 28 66 53 50 72 73 76 34 4 89 40 48 62 87 63 86 21 18 61 39 96 97 65 
0 19 31 77 90 23 79 55 107 24 29 27 85 75 54 92 46 17 8 9 35 7 11 59 22 20 25 70 44 37 45 83 109 68 94 81 93 5 32 51 2 69 82 103 78 33 14 57 80 52 106 108 64 84 36 100 39 101 74 99 10 15 98 16 91 12 47 26 58 56 49 67 1 6 13 105 60 102 104 3 95 30 41 88 38 43 71 28 66 53 50 72 73 76 34 4 89 40 48 62 87 63 86 21 42 18 61 96 97 65 
0 19 31 77 90 23 79 55 107 24 29 27 85 75 54 92 46 17 8 9 35 7 11 59 22 42 20 25 70 44 37 45 83 109 68 94 81 93 5 32 51 2 69 82 36 78 33 14 57 80 52 106 108 64 84 60 100 39 101 74 99 10 15 98 16 91 12 47 26 58 56 49 67 1 6 13 105 103 102 104 3 95 30 41 88 38 43 71 28 66 53 50 72 73 76 34 4 89 40 48 62 87 63 86 21 18 61 96 97 65 
0 19 31 77 90 23 79 55 107 24 29 27 85 75 54 92 46 17 8 9 35 7 11 59 22 42 20 25 70 44 37 45 83 109 68 94 81 93 5 32 51 2 69 15 98 16 91 12 47 26 58 56 49 67 1 6 13 105 60 74 99 10 82 36 78 33 14 57 80 52 106 108 64 84 103 100 39 101 102 104 3 95 30 41 88 38 43 71 28 73 66 53 50 72 76 34 4 89 40 48 62 87 63 86 21 18 61 96 97 65 
0 19 31 77 90 23 79 55 107 24 29 27 85 75 54 92 46 17 8 9 35 7 11 59 22 42 20 25 70 44 37 45 83 109 68 94 81 93 5 32 51 2 69 82 36 78 98 33 14 57 80 52 106 108 64 84 103 100 30 95 3 104 102 60 105 13 6 1 67 49 56 58 26 47 12 91 16 15 10 99 74 101 39 41 88 38 43 71 28 66 53 50 72 73 76 34 4 89 40 48 62 87 63 86 21 18 61 96 97 65 
0 19 31 77 90 23 79 55 107 24 29 27 85 75 54 92 46 17 8 9 35 7 11 59 22 42 20 25 70 44 37 45 83 109 68 96 81 93 5 32 51 2 69 82 36 78 33 14 57 80 52 106 108 64 84 103 100 39 101 74 99 10 15 98 16 91 12 47 26 58 56 49 67 1 13 105 60 102 104 3 95 30 38 88 41 6 43 71 28 66 53 50 72 73 76 34 4 89 40 48 62 87 63 86 21 18 61 94 97 65 
0 19 31 77 90 23 79 55 107 24 29 27 85 75 54 92 46 17 8 9 35 7 11 59 22 42 20 25 70 44 37 45 83 109 68 94 81 93 5 32 51 2 69 82 36 78 33 14 57 80 52 106 108 64 84 103 100 101 74 99 10 15 98 16 91 12 47 26 58 56 49 67 1 6 13 105 60 102 104 3 95 30 41 88 38 43 71 28 66 53 50 72 73 76 34 4 89 40 48 62 87 63 86 21 18 39 61 96 97 65 
0 19 31 77 90 23 79 55 107 24 29 27 85 75 54 92 46 17 8 9 35 7 11 34 22 42 20 25 70 44 37 45 83 109 68 94 81 93 5 32 51 2 69 82 36 78 33 14 57 80 52 106 108 64 84 103 100 39 101 74 99 10 15 98 16 91 12 47 26 58 56 49 67 1 6 13 105 60 102 104 3 95 30 41 88 38 43 71 28 66 53 50 72 73 76 59 4 89 40 48 62 87 63 86 21 18 61 96 97 65 
0 19 31 77 90 23 79 55 107 24 29 27 85 75 54 92 46 17 8 9 35 7 11 59 22 42 20 25 70 44 37 45 83 109 68 94 81 93 5 32 51 2 69 82 36 78 33 14 57 80 52 106 108 64 84 103 100 39 101 74 99 10 15 98 16 91 12 47 26 58 56 49 67 1 6 13 105 60 102 104 3 95 30 41 88 48 62 87 63 86 21 18 61 96 97 65 4 89 40 38 43 71 28 66 53 50 72 73 76 34 
0 19 31 77 90 23 79 55 107 24 29 27 85 75 92 46 17 8 9 35 7 11 59 22 42 20 25 70 44 37 45 83 109 68 94 81 93 5 32 51 2 69 82 36 78 33 14 57 80 52 106 108 64 84 103 100 39 101 74 99 10 15 98 16 91 12 47 26 58 56 49 67 1 6 13 105 60 102 104 3 95 30 41 88 38 43 71 28 66 53 50 72 73 76 34 4 89 40 48 62 87 63 54 86 21 18 61 96 97 65 
0 19 31 77 90 23 69 2 51 32 5 93 81 94 68 109 83 45 37 44 70 25 20 42 22 59 11 7 35 9 8 17 46 92 54 75 85 27 29 24 107 55 79 82 36 78 33 14 108 80 52 106 57 64 84 103 100 39 101 74 99 10 15 98 16 91 12 47 26 58 56 49 67 1 6 13 105 60 102 104 3 95 30 41 88 38 43 71 28 66 53 50 72 73 76 34 4 89 40 48 62 87 63 86 21 18 61 96 97 65 
0 19 31 77 90 23 79 55 107 24 29 27 85 75 54 92 46 17 8 9 35 7 11 59 22 42 20 25 70 44 37 45 83 109 68 94 81 93 5 32 51 2 69 82 36 78 33 14 57 80 52 106 108 64 84 103 100 39 101 74 99 10 15 98 16 91 12 47 26 58 56 49 67 1 6 13 105 60 102 104 3 95 30 41 88 43 71 28 66 53 50 72 73 76 34 4 96 61 18 21 38 86 63 87 62 48 40 89 97 65 
0 38 88 41 30 95 3 104 102 60 105 13 6 1 67 49 56 58 26 47 12 91 16 98 15 10 99 74 101 39 100 103 84 64 108 106 52 80 57 14 33 78 36 82 69 2 51 32 5 93 81 94 68 109 83 45 37 44 70 25 20 42 22 59 11 7 35 9 8 17 46 92 54 75 85 27 29 24 107 55 79 23 90 77 31 19 43 71 28 66 53 50 72 73 76 34 4 89 40 48 62 87 63 86 21 18 61 96 97 65 
0 19 31 77 90 23 79 55 107 24 29 27 85 75 54 92 46 17 8 9 35 7 11 59 22 42 20 25 70 44 37 48 83 109 68 94 81 93 5 32 51 2 69 82 36 78 33 14 57 80 52 106 108 64 84 103 100 39 101 74 99 10 15 98 16 91 12 47 26 45 58 56 49 67 1 6 13 105 60 102 104 3 95 30 41 88 38 43 71 28 66 53 50 72 73 76 34 4 89 40 62 87 63 86 21 18 61 96 97 65 
0 19 90 77 31 23 79 55 107 24 29 27 85 75 54 92 48 40 89 4 34 76 73 72 50 53 66 28 71 43 38 88 41 30 95 3 104 102 60 105 13 6 1 67 49 56 58 26 47 12 91 16 98 15 10 99 74 101 39 100 103 84 64 108 106 14 52 80 57 33 78 36 82 69 2 51 32 5 93 81 94 68 109 83 45 37 44 70 25 20 42 22 59 11 7 35 9 8 17 46 62 87 63 86 21 18 61 96 97 65 
0 19 31 77 90 23 79 55 107 24 29 27 85 75 54 92 46 17 8 9 35 7 11 59 22 42 20 25 70 44 37 45 83 109 68 94 81 93 5 32 51 2 69 82 36 78 33 14 57 80 52 106 108 64 84 103 100 39 101 74 99 10 15 98 16 91 47 26 58 56 49 67 1 6 13 105 60 102 104 3 95 30 41 88 38 43 71 28 66 53 50 72 73 76 34 4 89 40 48 62 87 63 86 21 18 61 96 97 12 65 
0 19 31 77 90 23 79 55 107 24 29 27 85 75 54 92 46 17 8 9 35 7 11 59 22 42 20 25 70 44 93 81 94 68 109 83 45 37 5 71 51 2 69 82 36 78 33 14 57 80 52 106 108 64 84 103 100 39 101 74 99 10 15 98 16 91 12 47 26 58 56 49 67 1 6 13 105 60 102 104 3 95 30 41 88 38 43 32 28 66 53 50 72 73 76 34 4 89 40 48 62 87 63 86 21 18 61 96 97 65 
0 19 31 77 90 23 79 55 107 24 29 27 85 75 54 92 46 17 8 9 35 7 11 59 22 42 20 25 70 44 37 45 83 109 68 94 81 93 5 32 51 2 69 82 36 63 89 4 34 76 73 72 50 53 66 28 71 43 38 88 41 30 95 3 104 102 60 105 13 6 1 67 49 56 58 26 47 12 91 16 98 15 10 99 74 101 39 100 103 84 64 108 106 52 80 57 14 33 78 48 62 87 40 86 21 18 61 96 97 65 
0 19 31 77 90 23 79 55 107 24 29 27 85 75 54 92 46 17 8 9 35 7 11 59 22 42 20 25 70 44 37 45 83 109 68 94 81 93 5 32 51 2 69 82 36 78 33 14 57 80 52 106 108 64 84 103 100 39 101 74 99 10 15 98 16 91 12 47 26 56 49 67 1 6 13 105 60 102 104 3 95 30 41 88 38 43 71 28 66 53 50 72 73 76 34 4 89 40 48 62 87 63 86 21 18 61 96 97 58 65 
0 19 31 77 90 23 79 55 107 24 29 99 10 15 98 16 91 12 47 26 58 56 49 67 1 6 13 105 60 102 104 3 95 30 41 88 38 43 71 28 66 53 50 72 73 76 34 4 57 80 52 106 108 64 84 103 100 39 101 74 27 85 75 54 92 46 17 8 9 35 7 11 59 22 42 20 25 70 44 37 45 83 109 68 94 81 93 5 32 51 2 69 82 36 78 33 14 89 40 48 62 87 63 86 21 18 61 96 97 65 
0 19 31 77 90 23 79 55 107 24 29 27 85 75 54 92 46 17 8 9 35 7 11 59 22 42 20 25 70 44 12 47 26 58 56 49 67 1 6 13 105 60 102 104 3 95 30 41 88 38 43 71 28 66 53 50 72 39 101 74 99 10 15 98 16 91 37 45 83 109 68 94 81 93 5 32 51 2 69 82 36 78 33 14 57 80 52 106 108 64 84 103 100 73 76 34 4 89 40 48 62 87 63 86 21 18 61 96 97 65 
0 19 31 77 90 100 103 84 64 108 106 52 80 57 14 33 78 36 82 69 2 51 32 5 93 81 94 68 109 83 45 37 44 70 25 20 42 22 59 11 7 35 9 8 17 46 92 54 75 85 27 29 24 107 55 79 23 39 101 74 99 10 15 98 16 91 12 47 26 58 56 49 67 1 6 13 105 60 102 104 3 95 30 41 88 38 43 71 28 66 53 50 72 73 76 34 4 89 40 48 62 87 63 86 21 18 61 96 97 65 
0 19 31 77 90 23 79 55 107 24 29 27 85 75 54 92 46 17 8 9 35 7 11 59 22 42 20 25 70 44 37 45 83 109 68 94 81 93 5 32 51 2 69 82 36 78 33 14 57 80 52 106 108 64 84 103 100 39 101 74 99 10 15 98 16 91 12 47 26 58 56 49 67 1 6 13 105 60 102 104 3 95 30 41 88 38 43 71 28 66 53 50 72 73 76 34 4 86 40 48 62 87 63 89 21 18 61 96 97 65 
0 19 31 77 90 23 79 55 107 24 29 27 85 75 68 92 46 17 8 9 35 7 11 59 22 42 20 25 70 44 37 45 83 109 54 94 81 93 5 32 51 2 69 82 36 78 33 14 57 80 52 106 108 64 84 103 100 39 101 74 99 10 15 98 16 91 12 47 26 58 56 49 67 1 6 13 105 60 102 104 3 95 30 41 88 38 43 71 28 66 53 50 72 73 76 34 4 89 40 48 62 87 63 86 21 18 61 96 97 65 
0 19 31 77 90 23 79 55 107 24 29 27 85 75 54 92 46 17 8 9 35 7 11 59 22 42 20 25 70 44 37 45 83 109 68 94 81 93 5 32 51 2 69 82 36 78 33 14 57 80 52 106 108 64 84 103 100 39 101 74 99 10 15 98 16 91 12 60 67 1 6 13 105 102 104 3 95 30 41 88 38 43 71 28 66 53 50 72 73 76 34 4 89 40 48 62 47 26 58 56 49 87 63 86 21 18 61 97 96 65 
0 19 31 77 90 23 79 55 107 24 29 27 85 75 54 92 46 17 8 9 35 7 11 59 22 42 20 25 70 44 37 45 83 109 68 94 81 93 5 32 51 2 69 82 36 78 33 14 57 80 52 106 108 4 84 103 100 39 101 99 10 15 98 16 91 12 47 26 58 56 49 67 1 6 13 105 60 102 104 95 30 41 88 38 43 71 28 66 53 50 3 72 73 74 76 34 64 89 40 48 62 87 63 86 21 18 61 96 97 65 
0 19 31 77 90 23 79 55 107 24 29 27 85 75 54 92 46 17 8 9 35 7 11 59 22 42 20 25 70 44 37 45 83 109 68 94 81 93 5 32 51 2 69 82 36 78 33 14 57 80 52 106 108 64 84 103 100 39 101 74 99 10 15 98 16 91 12 76 26 58 56 49 67 1 13 105 60 102 104 3 95 30 41 88 38 43 71 28 66 53 50 72 73 47 34 4 89 40 48 62 87 6 63 86 21 18 61 96 97 65 
0 19 31 77 90 23 79 55 107 24 29 27 85 75 54 92 46 17 8 9 35 7 11 59 22 42 20 25 70 44 37 45 83 109 68 94 81 93 5 32 51 2 69 82 36 78 33 14 57 80 52 106 108 64 84 103 100 39 101 74 99 10 15 98 16 91 12 97 96 61 18 21 86 63 87 62 48 40 89 4 34 76 73 72 50 53 66 28 71 43 38 88 41 30 95 3 104 67 1 6 13 105 60 102 49 56 58 26 47 65 
0 19 31 77 90 23 79 55 107 24 29 27 85 75 54 92 46 17 8 35 7 11 59 22 42 20 25 70 44 37 45 83 109 68 94 81 93 5 32 51 2 69 82 36 78 33 14 57 80 52 106 108 64 84 103 100 39 101 74 99 10 15 98 16 91 12 47 26 58 56 49 67 1 6 9 13 105 60 102 104 3 95 30 41 88 38 43 71 28 66 53 50 72 73 76 34 4 89 40 48 62 87 63 86 21 18 61 96 97 65 
0 19 31 77 90 23 79 55 107 24 29 27 85 75 54 92 46 17 8 9 35 7 11 59 22 42 20 25 70 44 37 45 83 109 68 94 81 93 5 32 51 2 69 82 36 78 33 14 57 80 52 106 98 108 64 103 100 39 101 74 99 10 15 16 91 12 47 26 58 56 49 67 1 6 13 105 60 102 104 3 95 84 30 41 88 38 43 71 28 66 53 50 72 87 62 89 48 40 4 34 76 73 63 86 21 18 61 96 97 65 
0 19 31 77 90 23 79 55 107 24 29 27 85 75 54 92 46 51 8 9 35 7 11 59 22 42 20 25 70 44 37 45 83 109 68 94 81 93 5 32 17 2 69 82 36 78 33 14 57 80 52 106 108 64 84 103 100 39 101 74 99 10 15 98 16 91 12 47 26 58 56 49 67 1 6 13 105 60 102 104 3 95 30 41 88 38 43 71 28 66 53 50 72 73 76 34 4 89 40 48 62 87 63 86 21 18 61 96 97 65 
0 19 31 77 90 23 79 55 107 24 29 27 85 75 54 92 46 17 8 9 35 7 11 59 22 42 20 25 70 44 37 83 109 68 94 81 93 5 32 51 2 69 82 36 78 33 14 57 80 52 106 45 108 64 84 103 100 39 101 74 99 10 15 98 16 91 12 47 26 58 56 49 67 1 6 13 87 62 48 40 89 4 34 76 73 72 50 53 66 28 71 43 38 88 41 30 95 3 104 102 60 105 63 86 21 18 61 96 97 65 
0 19 31 77 90 23 79 55 107 24 29 27 85 75 54 92 46 17 8 9 35 7 11 59 22 42 20 25 70 44 37 45 83 109 68 94 81 93 5 32 51 2 69 82 36 78 33 14 57 80 52 106 108 64 84 103 97 96 61 18 21 86 87 62 48 40 89 4 34 76 73 72 50 53 66 28 71 43 38 88 41 30 95 3 104 102 60 105 13 6 1 67 49 56 58 26 47 12 91 16 98 15 10 99 74 101 39 100 63 65 
0 19 31 77 90 23 79 55 107 24 29 27 85 54 92 46 17 8 9 75 35 7 11 59 22 42 20 25 70 44 37 45 83 109 68 81 93 5 32 51 2 69 82 78 10 33 84 57 80 52 73 106 108 64 14 103 100 39 101 74 99 94 15 98 16 91 12 47 26 58 56 49 67 1 6 13 105 60 102 104 3 95 30 41 88 38 43 71 28 36 66 53 50 72 76 34 4 89 40 48 62 87 63 86 21 18 61 96 97 65 
0 19 31 77 90 23 79 55 107 24 29 27 109 75 54 92 46 17 8 9 35 7 11 59 22 42 20 25 70 44 37 45 83 85 68 94 81 93 5 32 51 2 69 82 36 78 33 14 4 34 76 73 72 50 53 102 66 28 71 43 38 88 41 30 95 3 104 60 105 13 6 1 67 49 56 58 26 47 12 91 16 98 15 10 99 74 101 39 100 103 84 64 108 106 52 80 57 89 40 48 62 87 63 86 21 18 61 96 97 65 
0 19 31 77 90 23 79 55 107 24 29 27 85 75 54 92 46 17 8 9 35 14 11 59 22 42 20 25 70 44 37 45 83 109 68 94 81 93 5 32 51 2 69 82 36 78 33 7 57 80 52 106 108 64 84 103 100 39 101 74 99 10 15 98 16 91 12 47 26 58 56 49 67 1 6 13 105 60 102 104 3 95 30 41 88 38 43 71 28 66 53 50 72 73 76 34 4 89 40 48 62 87 63 86 21 18 61 96 97 65 
0 19 31 77 90 23 79 55 107 24 29 85 75 54 92 46 17 8 9 35 7 11 59 22 42 20 25 70 44 37 45 83 68 94 81 93 5 32 51 109 2 69 82 36 78 33 14 57 80 52 106 108 64 84 103 100 39 101 74 99 10 15 98 16 91 12 47 26 58 56 49 67 1 6 13 105 60 102 104 3 95 30 41 88 38 27 43 71 28 66 53 50 72 73 76 34 4 89 40 48 62 87 63 86 21 18 61 96 97 65 
0 19 31 77 90 23 79 55 107 24 29 85 75 54 92 46 17 8 9 35 7 11 59 22 42 20 25 70 44 37 45 83 109 68 94 81 93 5 32 51 2 69 82 36 78 33 14 57 80 52 106 108 64 84 103 100 39 101 74 99 10 15 98 16 91 12 47 27 26 58 56 49 67 1 6 13 105 60 102 104 3 95 30 41 88 38 43 71 28 66 53 50 72 73 76 34 4 89 40 48 62 87 63 86 21 18 61 96 97 65 
0 19 31 77 90 23 79 55 107 24 29 27 85 75 54 92 46 17 8 84 64 108 106 52 80 57 14 33 78 36 82 69 2 51 32 5 93 81 94 68 109 83 45 37 44 70 25 20 42 22 59 11 7 35 9 103 100 101 74 99 10 15 98 16 91 12 47 26 58 56 49 67 1 6 13 105 60 102 104 3 95 30 41 88 38 39 43 71 28 66 53 50 72 73 76 34 4 89 40 48 62 87 63 86 21 18 61 96 97 65 
0 19 31 77 90 23 79 55 107 24 29 27 85 75 54 92 46 17 8 9 35 7 11 59 22 42 20 25 70 44 37 45 83 109 68 94 81 93 5 96 61 18 21 86 63 87 62 48 40 89 4 76 34 73 72 50 53 66 28 71 43 38 88 41 30 95 3 104 102 105 13 6 1 67 49 56 58 26 47 12 91 16 14 98 15 10 99 74 101 39 60 100 103 84 64 108 106 52 80 57 33 78 36 82 69 2 51 32 97 65 
0 19 31 77 90 23 79 55 107 24 29 27 85 75 54 92 46 17 8 9 35 7 11 59 22 42 20 25 70 44 37 45 83 109 68 94 81 93 5 32 51 2 69 88 36 78 33 14 57 80 52 106 108 64 49 56 58 26 47 12 91 16 98 15 10 99 74 101 39 100 103 84 67 1 6 13 105 60 102 104 3 95 30 41 82 38 43 71 28 66 53 50 72 73 76 34 4 89 40 48 62 87 63 86 21 18 61 96 97 65 
0 19 31 77 90 23 79 55 107 24 29 27 85 75 54 92 46 17 8 9 35 7 11 59 22 42 2 25 70 44 37 45 83 109 68 94 81 93 5 32 51 20 69 82 36 78 33 14 57 80 52 106 108 64 84 103 100 39 101 74 99 10 15 102 60 105 13 6 1 67 49 56 58 26 47 12 91 98 16 104 3 95 30 41 88 38 43 71 28 62 48 40 89 4 34 76 73 72 50 53 66 87 63 86 21 18 61 96 65 97 
0 19 31 77 90 23 79 55 107 24 29 27 85 54 92 46 17 8 9 35 7 11 59 22 42 32 25 70 44 37 45 83 109 68 5 93 81 94 20 51 2 69 82 36 78 33 14 57 80 52 75 106 108 64 84 103 100 39 101 74 99 10 15 98 16 91 12 47 26 58 56 49 67 1 6 13 105 60 102 104 3 95 30 41 88 38 43 71 28 66 53 50 72 73 76 34 4 89 40 48 62 87 63 86 21 18 61 96 97 65 
0 19 31 77 90 23 79 55 107 24 29 27 85 75 54 92 46 17 8 9 35 7 11 52 22 42 20 25 70 44 37 45 83 109 68 94 81 93 5 32 51 2 69 82 36 78 33 14 57 80 59 106 108 64 84 103 100 39 101 74 99 10 15 98 16 91 12 47 26 58 56 49 67 1 6 13 105 60 102 104 3 95 30 41 88 38 43 71 28 66 53 50 72 73 76 34 4 89 40 48 62 87 63 86 21 18 61 96 97 65 
0 19 31 77 90 23 79 55 107 29 27 85 75 54 92 46 17 8 9 35 7 11 59 22 42 20 25 70 44 37 45 83 109 68 94 81 93 5 32 51 2 69 82 36 78 33 14 57 80 52 106 108 64 84 103 100 39 101 74 99 10 15 98 16 91 12 47 24 26 58 56 49 67 1 6 13 105 60 102 104 3 95 30 41 88 38 43 71 28 66 53 50 72 73 76 34 4 89 40 48 62 87 63 86 21 18 61 96 97 65 
0 19 31 77 90 23 79 55 107 24 29 27 85 75 54 92 46 17 8 9 35 7 11 59 22 42 20 25 70 44 37 45 83 109 68 94 81 93 5 32 51 2 69 82 36 78 33 14 57 80 52 106 108 64 84 103 100 39 101 74 99 10 15 98 16 91 12 47 26 76 56 49 67 1 6 13 105 60 102 104 3 95 30 41 88 38 43 71 28 53 50 72 73 58 34 4 89 40 48 62 87 63 21 18 61 96 66 86 97 65 
0 19 31 5 93 81 94 68 109 83 45 37 44 70 25 20 42 22 59 11 7 35 9 8 17 77 92 54 75 85 27 29 24 107 55 79 23 90 46 32 51 2 69 82 36 78 33 14 57 80 52 106 108 64 84 103 100 39 101 74 99 10 15 98 16 91 12 47 26 58 56 49 67 1 6 13 105 60 102 104 3 95 30 41 88 38 43 71 28 66 53 50 72 73 76 34 4 89 40 48 62 87 63 86 21 18 61 96 97 65 
0 19 31 77 90 23 79 55 107 104 102 60 105 13 6 1 67 49 56 58 26 47 12 91 16 98 15 10 99 74 101 39 100 103 84 64 108 106 52 80 57 14 33 78 36 82 69 2 51 32 5 93 81 94 68 109 83 45 37 44 70 25 20 42 22 59 11 7 35 9 8 17 46 92 54 75 85 27 29 24 3 95 30 41 88 38 43 71 28 66 53 50 72 73 76 34 4 89 40 48 62 87 63 86 21 18 61 96 97 65 
0 19 31 77 23 79 55 107 24 29 27 85 75 54 92 46 17 8 9 35 7 11 59 22 42 20 25 70 44 37 45 83 109 68 94 81 93 5 32 51 2 69 82 36 78 33 14 57 80 52 106 108 64 84 103 100 39 101 74 99 10 15 98 16 91 12 47 26 58 56 49 67 1 6 13 105 60 90 102 104 3 95 30 41 88 38 43 71 28 66 53 50 72 73 76 34 4 89 40 48 62 87 63 86 21 18 61 96 97 65 
0 19 31 77 90 23 79 55 107 24 8 17 46 92 54 75 85 27 29 9 35 7 11 59 22 42 20 25 70 44 37 45 83 109 68 94 81 93 5 32 51 2 69 82 36 78 33 14 57 80 52 106 108 64 84 103 100 39 101 74 99 10 15 98 16 91 12 47 26 58 56 49 67 1 6 13 105 60 102 104 3 95 30 41 88 38 43 71 28 66 48 50 72 96 76 34 4 89 40 53 62 87 63 86 21 18 61 73 97 65 
0 19 31 77 90 23 79 55 107 24 29 27 85 75 54 92 46 17 8 9 35 7 11 59 22 42 82 25 70 44 37 4 83 109 68 94 81 93 5 32 51 2 69 20 36 78 33 14 57 80 52 106 108 64 84 103 100 39 101 74 99 10 15 98 16 91 12 47 26 58 56 49 67 1 6 13 105 60 102 104 3 95 30 41 88 38 43 71 45 28 66 53 50 72 73 76 34 89 40 48 62 87 63 86 21 18 61 96 97 65 
0 19 31 77 90 23 79 55 107 24 29 27 56 58 26 47 12 91 16 98 15 10 99 74 101 100 103 84 64 108 106 52 80 57 14 33 78 36 82 69 2 51 32 5 93 81 94 68 109 83 45 37 44 70 25 20 42 22 59 11 7 35 9 8 17 46 92 54 75 85 49 67 1 6 13 105 60 102 104 3 95 30 41 88 38 43 71 28 66 53 50 72 39 73 76 34 4 89 40 48 62 87 63 86 21 18 61 96 97 65 
0 19 31 77 90 23 79 55 98 24 29 27 85 75 54 92 46 17 8 9 35 7 11 107 59 22 42 20 25 70 44 37 45 83 109 68 94 81 93 5 32 51 2 69 82 36 78 33 14 57 80 52 106 108 64 84 103 100 39 101 74 99 10 15 16 91 12 47 26 58 56 49 67 1 6 13 105 60 102 104 3 95 30 41 88 38 43 71 28 66 53 50 72 73 76 34 4 89 40 48 62 87 63 86 21 18 61 96 97 65 
0 19 31 77 90 23 79 55 107 24 29 27 85 75 54 92 46 17 8 9 35 7 11 59 22 42 20 25 70 44 37 48 83 109 68 94 81 93 5 32 51 2 69 49 56 58 26 47 12 91 16 98 15 10 99 74 101 39 100 103 84 64 108 106 52 80 57 14 33 78 36 82 67 1 6 13 105 60 102 104 3 95 45 30 41 88 38 43 71 28 66 53 50 72 73 76 34 4 89 40 62 87 63 86 21 18 61 96 97 65 
0 19 31 77 90 23 79 55 107 24 29 27 85 75 54 92 46 64 84 103 35 7 11 59 22 42 20 25 70 44 37 45 83 109 68 94 81 93 5 32 51 2 69 82 36 78 33 14 57 80 52 106 108 17 8 9 100 39 101 74 99 10 15 98 16 91 12 47 26 58 56 49 67 1 6 13 105 60 102 104 3 95 30 41 88 38 43 71 28 66 53 50 72 73 76 34 4 89 40 48 62 87 63 86 21 18 61 96 97 65 
0 19 31 77 90 23 79 55 107 24 29 27 85 75 54 92 46 64 84 103 35 7 11 59 22 42 20 25 70 44 37 45 83 109 68 94 81 93 5 32 51 2 69 82 36 78 33 14 57 80 52 106 108 17 8 9 100 39 101 74 99 10 15 98 16 91 12 47 26 58 56 49 67 1 6 13 105 60 102 104 3 95 30 41 88 38 43 71 28 66 53 50 72 73 76 34 4 89 40 48 62 87 63 86 21 18 61 96 97 65 
0 19 31 77 90 23 79 55 107 24 29 27 85 75 54 92 46 17 8 9 35 7 11 59 22 42 20 5 74 99 10 15 100 98 16 91 12 47 26 58 56 49 67 53 6 13 105 60 102 104 3 95 30 41 88 38 43 71 28 94 81 93 25 32 51 2 69 82 36 78 33 14 57 80 52 106 108 64 84 103 39 101 70 44 37 45 83 109 68 66 1 50 72 73 76 34 4 89 40 48 62 87 63 86 21 18 61 96 97 65 
0 19 31 77 90 23 79 55 107 24 29 27 85 75 54 92 46 17 8 9 35 7 11 59 22 42 20 25 70 44 37 45 83 109 68 94 81 93 48 5 32 51 2 69 82 36 78 33 14 57 80 106 73 64 84 103 100 39 101 74 99 10 15 98 16 91 12 47 26 58 56 49 67 1 6 13 105 60 102 104 3 95 30 41 88 38 43 71 28 66 53 50 72 108 76 34 4 89 40 62 87 63 86 52 21 18 61 96 97 65 
0 19 31 77 49 56 58 26 47 12 91 16 98 15 10 99 74 101 39 103 90 23 79 55 107 24 29 27 85 75 54 92 46 17 8 9 35 7 11 59 22 42 20 25 70 44 37 45 83 109 68 94 81 93 5 32 51 2 69 82 36 78 33 14 57 80 52 106 108 64 84 100 67 1 6 13 105 60 102 104 3 95 30 41 88 38 43 71 28 66 53 50 72 73 76 34 4 89 40 48 62 87 63 86 21 18 61 96 97 65 
0 19 31 77 90 23 79 55 107 24 42 27 85 75 54 92 46 17 8 9 35 47 12 91 16 98 15 10 99 74 101 39 100 103 84 64 108 106 52 80 57 14 33 78 36 82 69 2 51 32 5 93 81 94 68 109 83 45 37 44 70 25 20 29 7 11 59 22 26 58 56 49 67 1 6 13 105 60 102 104 3 95 30 41 88 38 43 71 28 66 53 50 72 73 76 34 4 89 40 48 62 87 63 86 21 18 61 96 97 65 
0 19 31 77 90 23 79 55 107 24 29 27 85 75 54 92 46 17 8 9 35 7 11 59 22 42 20 25 70 44 37 45 83 109 68 94 81 93 5 32 51 2 69 82 36 78 33 58 57 80 52 106 108 64 84 103 100 39 101 74 99 10 15 98 16 76 34 4 89 40 48 62 87 63 86 21 105 60 102 104 3 95 30 41 88 38 43 71 28 66 53 50 72 73 91 12 47 26 14 56 49 67 1 6 13 18 61 96 97 65 
0 19 31 77 90 23 79 55 107 24 29 27 85 75 54 92 46 17 8 9 35 7 11 59 22 42 20 25 70 44 37 45 83 109 102 104 3 95 30 41 88 38 43 71 28 66 53 50 72 73 76 34 4 89 40 48 62 87 63 86 99 10 15 98 16 91 12 47 26 58 56 49 6 1 67 13 105 60 68 94 81 93 5 32 51 2 69 82 36 78 33 14 57 80 52 106 108 64 84 103 100 39 101 74 21 18 61 96 97 65 
0 69 31 77 90 23 79 55 107 24 29 27 85 75 54 92 46 17 8 9 35 7 11 59 22 42 20 25 70 44 37 45 83 109 68 94 81 93 5 32 51 2 19 82 36 78 33 14 57 80 52 106 108 64 84 103 100 39 101 74 99 10 15 98 16 91 12 47 26 58 56 49 67 1 6 13 105 60 102 104 3 95 30 41 88 38 43 71 28 66 53 50 72 73 76 34 4 89 40 48 62 87 63 86 21 18 61 96 97 65 
0 19 31 77 90 23 79 55 107 24 29 27 85 75 54 92 46 17 43 38 88 41 30 95 3 74 99 10 15 98 16 91 12 47 26 58 56 49 67 1 6 13 105 60 102 104 84 103 100 39 101 64 108 106 52 80 57 14 78 36 82 69 2 51 32 5 93 81 94 68 109 83 45 37 44 70 25 20 42 22 59 11 7 35 9 8 33 71 28 66 53 50 72 73 76 34 4 89 40 48 62 87 63 86 21 18 61 96 97 65 
0 19 60 105 13 26 6 1 67 49 56 58 47 12 91 16 98 15 10 99 74 101 39 100 103 84 64 108 106 52 80 57 14 33 78 36 82 69 2 51 32 5 93 81 94 68 109 83 45 37 44 70 25 20 42 22 59 11 7 35 9 8 17 46 31 77 90 23 79 55 107 24 29 27 85 75 54 92 102 104 3 95 30 41 88 38 43 71 28 66 53 50 72 73 76 34 4 89 40 48 62 87 63 86 21 18 61 96 97 65 
0 19 31 77 90 23 79 55 107 24 29 27 85 75 54 92 46 17 8 9 35 47 26 58 56 49 67 1 6 13 105 60 102 104 3 95 30 41 88 38 43 71 28 66 53 50 72 73 76 34 4 89 40 48 62 87 63 86 21 18 61 96 15 98 16 91 12 7 11 59 22 42 20 25 70 44 37 45 83 109 68 94 81 93 5 32 51 2 69 82 36 78 33 14 57 80 52 106 108 64 84 103 100 39 101 74 99 10 97 65 
0 19 31 77 90 23 79 55 107 24 29 27 85 75 54 92 46 17 8 9 35 7 91 59 22 42 20 25 70 44 37 45 83 109 68 94 81 93 5 32 51 2 69 82 36 78 33 14 57 80 52 106 108 64 84 103 100 39 101 74 99 10 15 98 16 11 12 47 26 58 56 49 67 1 6 13 105 60 102 104 3 95 30 41 88 38 43 71 28 66 53 50 72 73 76 34 4 89 40 48 62 87 63 86 21 18 61 96 97 65 
0 19 31 10 15 98 16 91 12 47 26 58 56 49 67 1 6 13 105 60 102 104 3 95 30 41 88 38 43 71 28 66 53 50 72 73 76 34 4 89 40 48 62 87 63 86 21 18 61 96 52 106 108 64 84 103 100 39 101 74 99 77 90 23 79 55 107 24 29 27 85 75 54 92 46 17 8 9 35 7 11 59 22 42 20 25 70 44 37 45 83 109 68 94 81 93 5 32 51 2 69 82 36 78 33 14 57 80 97 65 
0 19 31 77 90 23 79 55 107 24 29 27 85 75 54 92 46 17 8 9 35 7 11 59 22 42 20 25 70 44 37 45 83 109 68 94 81 93 5 32 66 2 69 82 36 78 33 14 57 80 52 106 108 64 84 103 100 101 74 99 10 15 98 16 91 12 47 26 58 56 49 67 1 6 13 105 60 102 104 3 95 30 41 88 38 43 71 28 51 53 50 72 73 76 34 4 89 40 48 62 87 63 86 21 18 61 39 96 97 65 
0 19 31 77 90 23 79 55 107 24 29 27 85 75 54 92 46 17 8 9 35 7 11 59 22 42 102 25 70 44 37 45 83 109 68 94 81 93 5 32 51 2 69 82 36 78 33 14 57 80 52 106 108 64 84 103 100 39 101 74 99 10 15 98 16 91 12 47 26 58 56 49 67 1 6 13 105 60 20 104 3 95 30 41 88 38 43 71 28 66 53 50 72 73 76 34 4 89 40 48 62 87 63 86 21 18 61 96 97 65 
0 19 31 77 90 23 79 55 107 24 29 27 85 75 54 92 46 17 8 9 35 7 11 59 22 42 20 25 70 44 37 45 83 109 68 94 81 93 5 32 51 2 69 82 36 78 33 14 57 80 52 106 108 64 84 103 100 39 101 74 99 10 15 98 91 12 47 26 58 56 49 67 1 6 13 61 60 102 104 3 95 30 41 88 38 43 71 28 66 53 50 72 73 76 34 4 89 40 48 16 62 87 63 86 21 18 105 96 97 65 
0 19 31 95 30 41 88 38 43 71 28 66 53 50 72 73 76 34 4 89 40 48 62 87 63 86 21 18 61 96 97 45 83 109 68 94 81 93 5 32 51 2 69 82 36 78 33 14 57 80 52 106 108 64 84 103 100 39 101 74 99 10 15 98 16 91 12 47 26 58 56 49 67 1 6 13 105 60 102 104 3 77 90 23 79 55 107 29 27 24 85 75 54 92 46 17 8 9 35 7 11 59 22 42 20 25 70 44 37 65 
0 19 103 100 39 101 74 99 10 15 98 16 91 12 47 26 58 56 49 67 1 6 13 105 60 102 104 3 95 30 41 88 38 43 71 28 66 53 50 72 73 76 34 4 89 40 48 62 87 63 86 106 108 64 84 31 77 90 23 79 55 107 24 29 27 85 75 54 92 46 17 8 9 35 7 11 59 22 42 20 25 70 44 37 45 83 109 68 94 81 93 5 32 51 2 69 82 36 78 33 14 57 80 52 21 18 61 96 97 65 
0 19 31 77 90 74 99 10 15 98 16 91 12 47 26 58 56 49 67 1 6 13 105 60 102 104 3 95 30 41 88 38 43 71 28 66 53 50 72 73 76 34 4 89 40 48 62 87 63 86 21 18 108 64 84 103 100 39 101 23 79 55 107 24 29 27 85 75 54 92 46 17 8 9 35 7 11 59 22 42 20 25 70 44 37 45 83 109 68 94 81 93 5 32 51 2 69 82 36 78 33 14 57 80 52 106 61 96 97 65 
0 100 39 101 74 99 10 15 98 16 91 12 47 26 58 56 49 67 1 6 13 105 60 102 104 3 95 30 41 88 38 43 71 28 66 53 50 72 73 76 34 4 89 40 48 62 87 63 86 21 18 61 96 97 65 103 19 31 77 90 23 79 55 107 24 29 27 85 75 54 92 46 17 8 9 35 7 11 59 22 42 20 25 70 44 37 45 83 109 68 94 81 93 5 32 51 2 69 82 36 78 33 14 57 80 52 106 108 64 84 
0 19 31 77 90 23 79 55 107 24 29 27 85 75 54 92 46 17 8 9 35 7 11 59 22 42 20 25 70 44 1 6 13 105 60 3 104 102 95 30 41 88 38 43 71 28 66 53 50 72 73 76 34 4 89 40 48 62 87 63 86 21 18 61 96 97 65 47 26 58 56 49 67 37 45 83 109 68 94 81 93 5 32 51 2 69 82 36 78 33 14 57 80 52 106 108 64 84 103 100 39 101 74 99 10 15 98 16 91 12 
0 19 31 43 38 88 41 89 40 48 62 87 63 86 30 95 3 104 102 60 105 13 6 1 67 49 56 58 26 47 12 91 16 98 15 10 99 74 101 39 100 103 84 64 108 106 52 80 57 14 33 78 36 82 69 2 51 32 5 93 81 94 68 109 83 45 37 44 70 25 20 42 22 59 11 7 35 9 8 17 46 92 54 75 85 27 29 24 107 55 79 23 90 77 71 28 66 53 50 72 73 76 34 4 21 18 61 96 97 65 
0 19 31 77 90 23 79 55 107 24 29 27 85 75 54 92 46 17 8 9 35 7 11 59 97 96 61 18 21 86 2 87 62 48 40 89 4 34 76 73 72 50 53 66 28 71 43 38 88 41 30 95 3 104 102 60 22 42 20 25 70 44 37 45 83 109 68 94 81 93 5 32 51 69 82 36 78 33 14 57 80 52 106 108 64 84 103 100 39 101 74 99 10 15 98 16 91 12 47 26 58 56 49 67 1 6 13 105 63 65 
0 19 31 77 90 23 79 55 107 24 15 98 16 91 12 47 26 58 56 49 67 1 6 13 105 60 102 104 3 95 30 41 88 38 43 71 28 66 53 50 72 73 76 34 4 89 40 48 62 87 63 86 21 64 84 103 100 39 101 74 99 10 29 27 85 75 54 92 46 17 8 9 35 7 11 59 22 42 20 25 70 44 37 45 83 109 68 94 81 93 5 32 51 2 69 82 36 78 33 14 57 80 52 106 108 18 61 96 97 65 
0 19 31 77 90 23 79 107 24 29 27 85 75 54 92 46 17 8 9 35 7 11 59 22 42 20 25 70 44 37 45 83 88 38 43 71 28 66 53 50 72 73 76 34 4 89 40 48 62 87 63 86 21 18 84 103 100 39 101 74 99 10 15 98 16 91 12 47 26 58 56 49 67 1 6 13 105 60 102 104 3 95 30 41 109 68 94 81 93 5 32 51 55 2 69 82 36 78 33 14 57 80 52 106 108 64 61 96 97 65 
0 19 31 77 90 23 79 55 107 24 29 27 85 75 54 92 86 63 87 62 48 40 89 46 17 8 9 35 7 11 59 22 42 20 25 70 44 37 45 83 109 68 94 81 93 5 32 51 2 69 82 36 78 33 14 57 80 52 106 13 64 84 103 100 39 101 74 99 10 15 98 16 91 12 47 26 58 56 49 67 1 6 108 105 60 102 104 3 95 30 41 88 38 43 71 28 66 53 50 72 73 76 34 4 21 18 61 96 97 65 
0 19 31 77 90 23 79 55 107 24 29 27 85 75 54 92 46 17 8 9 35 7 11 59 22 42 20 25 70 44 37 45 96 61 18 21 86 63 87 83 109 68 94 81 93 5 32 51 2 69 82 36 78 33 14 57 80 52 106 108 64 84 103 100 39 41 74 99 10 15 98 16 91 12 47 26 58 56 67 1 6 13 105 60 102 104 3 95 49 30 101 88 38 43 71 28 66 53 50 72 73 76 34 4 89 40 48 62 97 65 
0 19 31 77 90 23 79 55 107 24 29 27 85 75 54 92 46 17 8 9 35 7 11 59 22 67 20 25 70 44 37 45 83 87 62 48 40 89 4 109 68 94 81 93 5 32 51 2 69 82 36 78 33 14 57 80 52 106 108 64 84 103 100 39 101 74 99 10 15 98 16 91 12 47 26 58 56 49 42 1 6 13 105 60 102 104 3 95 30 41 88 38 43 71 28 66 53 50 72 73 76 34 63 86 21 18 61 96 97 65 
0 19 31 77 90 23 79 55 107 24 29 27 85 75 54 92 46 17 91 9 35 7 11 59 22 42 20 25 70 44 37 45 83 109 68 94 81 93 5 32 51 2 69 82 36 78 33 14 57 80 52 106 108 64 84 103 100 39 101 74 99 10 15 98 16 8 12 47 26 58 56 49 67 1 6 13 105 60 102 104 3 95 30 41 88 38 43 71 28 66 53 50 72 73 76 34 4 89 40 48 62 87 63 86 21 18 61 96 97 65 
0 19 31 77 90 23 79 55 107 24 29 27 85 75 54 92 46 17 8 1 35 7 11 59 22 42 20 25 70 44 37 45 83 109 68 94 81 93 5 32 51 2 69 82 36 78 33 14 57 80 52 106 108 64 84 103 100 39 101 74 99 10 15 98 16 91 12 47 26 58 56 49 67 9 6 13 105 60 102 104 3 95 30 41 88 38 43 71 28 66 53 50 72 73 76 34 4 89 40 48 62 87 63 86 21 18 61 96 97 65 
0 19 31 77 74 99 10 15 100 98 16 91 12 47 26 58 56 49 67 53 6 13 105 60 102 104 3 95 90 23 79 55 107 24 29 27 85 75 54 92 46 17 8 9 35 7 11 59 22 42 20 25 70 44 37 45 83 109 68 94 81 93 5 32 51 2 69 82 36 78 33 14 57 80 52 106 108 64 84 103 39 101 1 30 41 88 38 43 71 28 66 50 72 73 76 34 4 89 40 48 62 87 63 86 21 18 61 96 97 65 
0 19 31 77 90 23 79 55 107 24 29 27 85 75 54 92 46 17 8 9 35 7 11 59 22 42 20 25 89 4 34 76 73 72 50 53 66 28 71 43 38 88 41 30 14 95 3 104 102 60 105 13 6 1 67 49 56 58 26 47 12 91 65 97 96 61 18 21 86 63 87 62 48 64 108 106 52 80 57 33 78 36 82 69 2 51 32 5 93 81 94 68 109 83 45 37 44 70 40 84 103 100 39 101 74 99 10 15 98 16 
0 19 31 77 90 23 79 55 107 24 29 27 85 75 54 92 59 8 9 35 7 11 46 22 42 20 25 70 44 37 45 17 83 109 68 94 81 93 5 32 51 2 69 82 36 78 33 14 57 80 52 106 108 64 84 103 100 39 101 74 99 10 15 98 16 91 12 47 26 58 56 49 67 1 6 13 105 60 102 104 3 95 30 41 88 38 43 71 28 66 53 50 65 97 96 61 18 21 86 63 87 62 48 40 89 4 34 72 73 76 
0 19 31 77 90 23 79 55 107 24 15 27 85 75 54 92 46 17 8 9 35 7 11 59 22 42 20 25 70 44 37 45 83 109 68 94 81 93 5 32 51 2 69 82 36 78 33 14 57 80 52 106 108 64 84 103 100 39 101 74 99 10 29 98 16 91 12 47 26 58 56 49 67 1 6 13 105 60 102 104 3 95 30 41 88 38 43 71 28 66 53 50 72 73 76 34 4 89 40 48 62 87 63 86 21 18 61 96 97 65 
0 19 31 77 90 23 79 55 107 24 29 27 85 75 54 92 46 17 8 9 35 7 11 64 108 106 52 80 57 14 33 78 36 82 69 2 51 32 5 93 81 94 105 60 102 104 3 95 30 41 88 38 43 71 28 66 53 50 72 73 76 34 4 89 40 48 62 87 63 86 21 18 61 96 97 13 68 109 83 45 37 44 70 25 20 42 22 59 84 103 100 39 101 74 99 10 15 98 16 91 12 47 26 58 56 49 67 1 6 65 
0 19 31 77 90 23 79 55 107 24 29 27 85 75 54 92 46 17 8 9 35 7 11 59 97 96 61 18 21 86 2 87 62 48 40 89 4 34 76 73 72 50 53 66 28 71 43 38 88 41 30 95 3 104 102 60 105 13 6 1 67 49 56 58 26 47 12 91 16 98 15 10 99 74 101 39 100 103 84 64 108 106 52 22 42 20 25 70 44 37 45 83 109 68 94 81 93 5 32 51 63 69 82 36 78 33 14 57 80 65 
0 19 31 77 90 23 79 55 107 24 87 27 85 75 54 92 46 17 8 9 35 7 11 59 22 42 20 25 70 44 37 45 83 109 68 94 81 93 5 32 51 2 69 82 36 78 33 14 57 80 52 106 108 64 84 103 100 39 101 74 99 10 15 98 16 91 12 47 26 58 56 49 67 1 6 13 105 60 102 104 3 95 30 41 29 88 38 43 71 28 66 53 50 72 73 76 34 4 89 40 48 62 63 86 21 18 61 96 97 65 
0 19 31 77 90 23 79 55 107 33 14 57 80 52 106 108 64 84 103 9 35 7 11 59 22 42 20 25 70 44 37 45 83 109 68 94 81 93 5 32 51 2 69 82 36 78 24 29 27 85 75 54 92 46 17 100 8 39 101 74 99 10 15 98 16 91 12 47 26 58 56 49 67 1 6 13 105 60 102 104 3 95 30 41 88 38 43 71 28 66 53 50 72 73 76 34 4 89 40 48 62 87 63 86 21 18 61 96 97 65 
0 19 31 77 90 23 79 55 107 24 29 27 85 75 54 92 46 17 8 9 35 7 11 59 22 42 20 25 70 44 37 48 83 109 68 94 81 93 5 32 51 2 69 49 56 58 26 47 12 91 16 98 15 10 99 74 101 39 100 103 84 64 108 106 52 80 57 14 33 78 36 82 67 1 6 13 105 60 102 104 3 95 45 30 41 88 38 43 71 28 66 34 76 73 53 50 72 4 89 18 62 87 63 86 21 40 61 96 97 65 
0 19 31 77 90 23 79 55 107 24 99 10 15 98 16 91 12 47 26 64 56 49 67 1 6 13 105 60 102 104 3 95 30 41 88 38 43 71 28 66 53 50 72 73 76 34 4 89 40 48 62 87 108 58 84 103 100 39 101 74 29 27 85 75 54 92 46 17 8 9 35 7 11 59 22 42 20 25 70 44 37 45 83 109 68 94 81 93 5 32 51 2 69 82 36 78 33 14 57 80 52 106 63 86 21 18 61 96 97 65 
0 19 86 77 90 23 79 55 107 24 29 27 85 75 54 92 46 17 8 9 35 7 11 59 22 42 20 25 70 44 37 45 83 109 68 94 81 93 5 32 51 2 69 82 36 78 33 14 57 80 52 106 108 64 84 103 100 39 31 95 3 104 102 60 105 13 6 1 67 49 56 58 26 47 12 91 16 98 15 10 99 74 101 30 41 88 38 43 71 28 66 53 50 72 73 76 34 4 89 40 48 62 87 63 21 18 61 96 97 65 
0 19 31 77 90 23 79 55 107 24 87 27 85 75 54 92 46 17 8 9 35 7 11 59 22 42 20 70 44 37 45 83 109 68 94 81 93 5 32 51 2 69 82 36 78 33 14 57 80 52 106 108 64 84 29 103 100 39 101 74 99 10 15 98 16 91 12 47 26 58 56 49 67 1 6 13 105 60 102 104 3 95 30 41 88 38 43 71 28 66 53 50 72 73 76 34 25 4 89 40 48 62 63 86 21 18 61 96 97 65 
0 19 31 77 90 23 79 55 107 24 29 27 85 75 54 92 46 17 9 89 7 11 59 22 42 20 25 70 44 37 45 83 109 68 94 81 93 5 32 51 2 69 82 36 78 33 14 57 80 52 106 108 64 84 103 100 39 101 74 99 10 15 98 16 91 12 47 26 58 56 49 67 1 6 13 105 60 102 104 8 3 95 30 41 88 38 43 71 28 66 53 50 72 73 76 34 4 35 40 48 62 87 63 86 21 18 61 96 97 65 
0 19 31 77 74 99 91 16 98 100 15 10 12 47 26 58 56 49 67 53 6 13 105 60 102 104 3 95 30 41 88 38 43 71 28 94 81 93 5 32 51 2 69 82 36 78 33 14 57 80 52 106 108 64 84 103 39 101 90 23 79 55 107 24 29 27 85 75 54 92 46 17 8 9 35 7 11 59 22 42 20 25 70 44 37 45 83 109 68 1 66 50 72 73 76 34 4 89 40 48 62 87 63 86 21 18 61 96 97 65 
0 19 31 77 90 23 79 55 107 24 29 27 85 75 54 92 18 21 86 63 87 62 48 40 89 4 34 76 73 72 50 53 66 28 71 43 38 88 41 30 95 3 5 93 81 94 68 109 83 45 37 44 70 25 20 42 22 59 11 7 35 9 8 17 46 61 96 84 64 108 106 52 80 57 14 33 78 36 82 69 2 51 32 104 102 60 105 13 6 1 67 49 56 58 26 47 12 91 16 98 15 10 99 74 101 39 100 103 97 65 
0 19 31 77 90 23 49 55 107 24 29 27 85 75 54 92 46 17 8 9 35 7 11 59 22 42 20 25 70 44 37 45 83 109 68 94 81 93 5 32 51 2 69 82 36 78 33 14 57 80 52 106 108 64 84 103 100 39 101 74 99 10 15 98 16 91 12 47 26 58 56 79 67 1 6 13 105 60 102 104 3 95 30 41 88 38 43 71 28 66 53 50 72 73 76 34 4 89 40 48 62 87 63 86 21 18 61 96 97 65 
0 19 31 77 90 23 79 55 107 24 29 27 85 75 54 92 46 17 8 9 35 7 11 59 22 42 20 25 70 44 37 45 83 109 68 94 81 93 5 32 51 2 69 82 36 78 33 14 57 80 52 106 108 64 84 100 39 101 74 99 10 15 65 16 91 12 47 26 58 56 49 67 1 6 13 105 60 102 104 3 95 30 41 88 38 103 43 71 28 66 53 50 72 73 76 34 4 89 40 48 62 87 63 86 21 18 61 96 97 98 
0 19 31 77 90 23 79 55 107 24 29 27 85 75 15 10 99 74 101 39 100 103 84 64 108 106 52 80 57 14 33 78 36 82 69 2 51 32 5 93 81 94 68 109 83 56 58 26 47 12 91 16 98 54 92 46 17 8 9 35 7 11 59 22 42 53 28 71 43 88 41 30 95 3 104 102 60 105 13 6 1 66 67 49 45 37 44 20 25 70 38 50 72 73 76 34 4 89 40 48 62 87 63 86 21 18 61 96 97 65 
0 19 31 77 90 23 79 55 107 24 29 27 85 75 54 92 46 58 56 49 67 1 6 13 105 60 102 104 3 95 30 41 88 38 43 71 28 66 53 50 72 73 76 4 89 40 48 62 97 63 86 21 18 61 103 100 39 101 74 99 10 15 98 16 91 12 47 26 17 8 9 35 7 11 59 22 42 20 25 70 44 37 45 83 109 68 94 81 93 5 32 51 2 69 82 36 78 33 14 34 57 80 52 106 108 64 84 87 96 65 
0 18 31 77 90 23 79 55 107 24 29 27 85 75 54 92 46 17 8 9 35 47 12 91 16 98 15 10 99 74 101 39 100 103 84 64 108 106 52 80 57 14 33 78 36 82 69 2 51 32 5 93 81 94 68 109 83 45 37 44 70 25 20 42 22 59 11 7 26 58 56 49 67 1 6 13 105 60 102 104 3 95 30 41 88 38 43 71 28 66 53 50 72 73 76 34 4 89 40 48 62 87 63 86 21 19 61 97 96 65 
0 19 31 77 90 23 79 55 107 24 12 29 27 85 75 54 92 46 17 8 9 35 7 11 59 22 42 20 25 70 44 37 45 83 109 68 94 81 93 5 32 51 2 69 82 36 78 18 14 57 80 52 106 108 64 84 103 100 39 101 74 99 10 15 98 16 91 47 26 58 56 49 67 102 60 105 13 6 1 104 3 95 30 41 88 38 43 71 28 66 53 50 72 73 76 34 4 89 40 48 62 87 63 86 21 33 61 96 97 65 
0 19 90 77 31 23 12 55 107 24 79 29 27 85 75 54 92 46 17 8 9 35 7 11 59 22 42 20 25 70 44 37 45 83 109 68 94 81 93 56 32 51 2 69 82 36 78 33 14 57 80 52 106 108 64 84 103 100 39 101 74 99 10 15 98 16 91 47 26 58 5 49 67 1 6 13 105 60 102 104 3 95 30 41 88 38 43 71 28 66 53 50 72 73 76 34 4 89 40 48 62 87 63 86 21 18 61 96 97 65 
0 19 31 66 90 23 79 55 107 24 29 27 85 75 54 92 46 17 8 9 35 7 11 59 22 42 20 25 70 44 37 45 83 109 68 94 81 93 5 32 51 2 69 82 36 78 33 14 57 80 52 106 108 64 84 103 100 39 101 74 99 10 15 98 16 91 12 47 26 58 56 49 67 1 6 13 105 60 102 104 3 95 30 41 88 38 43 71 28 77 53 50 72 73 76 34 4 89 40 48 62 87 63 86 21 18 61 65 97 96 
0 19 31 77 90 23 79 100 39 64 74 99 10 15 98 16 91 12 47 26 58 56 49 67 1 6 13 105 60 102 104 3 95 30 41 88 38 43 71 28 66 53 50 72 73 76 34 4 89 40 55 62 87 63 84 103 48 107 24 29 27 85 75 54 92 46 17 8 9 35 7 11 59 22 42 20 25 70 44 37 45 83 109 68 94 81 93 5 32 51 2 69 82 36 78 33 14 57 80 52 106 108 101 86 21 18 61 96 97 65 
0 19 31 87 90 23 79 55 107 24 29 27 85 75 54 92 46 17 8 9 35 7 11 59 22 42 20 25 70 44 37 45 83 109 68 94 81 93 5 32 51 2 69 82 36 78 33 14 57 80 52 106 108 64 84 103 100 39 101 74 99 10 15 98 16 91 12 47 26 58 56 49 67 1 6 13 105 60 102 3 95 30 66 41 38 43 71 28 53 50 72 73 88 76 34 4 89 104 40 48 62 77 63 86 21 18 61 96 97 65 
0 19 31 77 90 23 107 55 79 24 29 27 85 75 54 92 46 17 8 9 35 7 47 59 22 42 20 25 70 44 37 45 109 68 94 81 93 5 32 51 2 69 82 36 78 33 14 57 80 52 40 89 4 34 76 73 72 50 53 66 28 71 43 38 88 41 30 95 3 104 102 60 83 11 48 62 87 63 86 58 56 49 67 1 6 13 105 106 108 64 84 103 100 39 101 74 99 10 15 98 16 91 12 26 21 18 61 96 97 65 
0 19 31 77 90 23 79 55 107 24 29 27 85 75 54 92 46 17 8 9 35 7 11 59 22 42 20 25 70 44 37 45 83 109 60 94 67 1 6 13 105 68 102 104 3 95 30 41 86 63 87 49 56 58 26 47 16 98 15 10 99 74 101 39 100 103 84 64 108 106 52 80 57 14 33 78 36 82 69 2 51 32 5 93 81 12 91 62 48 40 89 4 34 76 73 72 50 53 66 28 71 43 38 88 21 18 61 96 97 65 
0 19 31 77 90 23 79 55 107 2 51 32 5 93 81 94 68 109 83 45 37 44 70 25 20 42 22 1 6 13 105 60 102 104 3 95 66 30 41 38 43 71 28 53 50 72 73 88 76 34 4 89 40 48 62 87 100 39 101 74 99 10 15 98 16 91 12 47 26 58 56 49 67 59 11 7 35 9 8 17 46 92 54 24 29 27 85 75 69 82 36 78 33 14 57 80 52 106 108 64 84 103 63 86 21 18 61 96 97 65 
0 19 31 77 90 23 79 55 107 2 51 32 5 93 81 94 68 109 83 45 37 44 70 25 20 42 22 1 6 13 105 60 102 104 3 95 66 30 41 38 43 71 28 53 50 72 73 88 76 34 4 89 40 48 62 87 100 39 101 74 99 10 15 98 16 91 12 47 26 58 56 49 67 59 11 7 35 9 8 17 46 92 54 75 85 27 29 24 69 82 36 78 33 14 57 80 52 106 108 64 84 103 63 86 21 18 61 96 97 65 
0 19 31 77 90 23 79 107 24 29 27 85 75 54 92 95 3 104 102 60 105 13 6 1 67 49 56 58 26 47 12 91 16 98 15 10 99 74 101 39 100 103 84 64 108 106 52 80 57 78 33 14 36 82 69 2 51 86 46 17 8 9 35 7 11 59 22 42 20 25 70 44 37 45 83 109 68 94 81 93 5 32 30 41 88 38 43 71 28 66 53 50 72 73 55 76 34 4 89 40 48 62 87 63 21 18 61 96 97 65 
0 19 31 77 90 23 79 81 93 5 32 51 2 69 82 36 78 33 14 57 9 8 17 46 92 54 75 85 27 29 24 107 55 94 68 109 83 45 37 1 70 25 20 42 22 59 11 7 35 80 52 106 108 64 84 103 100 39 101 74 99 10 15 98 16 91 12 47 26 58 56 30 95 3 104 102 60 49 67 44 6 13 105 41 88 38 43 71 28 66 53 50 72 73 76 34 4 89 40 48 62 87 63 86 21 18 61 96 97 65 
0 19 31 77 90 57 80 52 106 108 64 20 103 100 39 101 74 99 10 15 98 83 91 12 47 26 58 56 49 67 1 6 13 105 60 102 104 3 95 30 41 88 38 43 71 78 33 14 23 79 55 107 24 29 27 85 75 54 37 45 109 68 94 35 7 11 59 22 42 25 70 44 92 46 17 8 9 81 93 5 32 51 2 69 82 36 84 16 28 66 53 50 72 73 76 34 4 89 40 48 62 87 63 86 21 18 61 96 97 65 
0 19 31 77 90 23 79 55 107 24 99 10 94 98 16 91 12 47 26 58 56 49 67 5 1 6 13 105 60 102 104 3 95 30 41 87 88 38 43 71 28 66 53 50 72 73 76 34 4 89 40 48 62 63 86 21 18 61 96 29 27 85 75 54 92 46 17 8 9 35 7 11 59 22 42 20 25 70 44 37 45 83 109 68 15 81 93 32 51 2 69 82 36 78 33 14 57 80 52 106 108 64 84 103 100 39 101 74 97 65 
0 19 31 77 108 23 79 55 107 24 29 27 85 75 54 92 46 17 8 9 35 7 11 59 22 42 20 25 70 44 37 45 83 109 68 94 81 93 5 32 51 2 69 82 36 78 33 14 57 80 52 106 90 64 84 103 100 39 101 74 99 10 15 98 16 91 12 47 26 58 56 49 67 1 6 13 105 102 60 104 3 95 30 41 21 86 63 87 62 48 40 89 4 34 76 73 72 50 53 66 28 71 43 38 88 97 96 61 18 65 
0 19 31 77 90 23 79 55 107 24 27 85 1 92 46 17 8 9 35 7 11 59 22 54 42 20 25 70 44 37 45 83 109 68 94 81 93 5 32 51 2 69 82 36 78 33 14 57 80 52 106 108 64 84 103 100 39 101 74 99 10 15 98 16 91 12 47 26 58 56 49 67 75 6 13 105 60 102 104 3 95 30 41 88 38 43 71 28 66 53 50 72 73 76 34 4 89 40 48 62 87 63 86 21 18 61 29 96 97 65 
0 19 31 77 90 23 79 55 107 24 29 27 85 75 54 92 46 17 8 9 35 11 59 22 42 20 25 70 44 37 45 83 109 39 94 81 93 5 32 51 2 69 82 36 78 21 86 63 87 62 48 40 89 4 34 76 73 72 50 53 66 28 43 38 88 41 95 3 104 7 33 14 57 30 80 108 64 84 103 100 68 101 71 74 52 106 99 10 15 98 16 91 12 47 26 58 56 49 67 1 6 13 105 60 102 18 61 96 97 65 
0 19 31 77 90 23 79 55 107 24 29 27 85 75 54 92 34 17 8 9 35 7 11 59 33 42 20 25 70 44 37 45 83 109 68 94 81 93 5 32 51 2 69 82 36 78 22 14 57 80 52 106 108 84 103 100 39 101 74 99 10 15 98 16 91 12 47 26 58 56 49 67 1 6 13 105 60 102 104 3 95 30 41 88 38 43 71 28 66 53 50 72 73 76 46 4 89 40 48 62 87 63 86 64 21 18 61 96 97 65 
0 19 31 77 90 23 79 55 107 24 29 27 85 75 41 92 46 17 8 9 35 11 59 22 42 20 25 70 44 37 45 83 109 68 94 81 93 5 32 51 2 69 82 36 78 33 14 57 80 52 106 108 64 84 103 100 39 101 74 99 10 15 98 16 91 89 4 34 76 73 72 50 53 66 28 71 43 38 88 54 30 95 3 7 104 102 60 105 13 6 1 67 49 56 58 26 47 12 40 48 62 87 63 86 21 18 61 96 97 65 
0 19 31 77 90 23 79 55 107 24 29 27 85 75 54 92 46 17 37 44 70 25 95 42 22 59 11 7 35 67 1 6 13 105 60 102 104 3 20 30 41 88 38 43 71 28 66 53 50 72 73 76 34 4 89 40 48 62 87 63 86 8 9 49 56 58 26 47 12 91 16 98 15 10 99 74 101 39 103 100 84 64 108 106 52 80 57 14 33 78 36 82 69 2 51 32 5 93 81 94 68 109 83 45 21 18 61 96 97 65 
0 19 31 77 90 23 41 88 38 43 71 28 66 53 50 72 73 76 34 4 35 7 11 59 22 42 20 25 70 44 37 45 83 109 68 94 81 93 5 32 51 2 69 82 36 78 33 14 57 80 52 106 108 64 84 103 100 39 101 74 99 10 15 98 16 91 12 47 26 58 56 49 67 1 6 54 105 60 102 104 3 95 30 79 55 107 24 29 27 85 75 13 92 46 17 8 9 89 40 48 62 87 63 86 21 18 61 96 97 65 
0 19 31 77 90 57 80 52 106 108 64 20 103 100 39 101 74 99 10 15 98 83 91 4 47 26 58 56 49 67 1 6 13 105 60 102 104 3 95 30 41 88 38 43 71 78 33 24 107 55 79 23 14 29 27 85 75 54 92 46 17 8 9 35 7 11 59 22 42 25 70 44 37 12 109 68 94 81 5 32 51 2 69 82 36 84 16 28 66 53 50 72 73 76 34 45 89 40 48 62 87 63 93 86 21 18 61 96 97 65 
