0 19 31 77 90 23 79 55 107 24 29 27 54 92 46 17 8 9 75 85 7 35 20 11 59 22 42 25 37 45 44 70 93 32 5 81 83 109 94 68 51 2 69 82 36 78 84 103 100 39 101 74 10 99 64 33 14 57 80 66 52 106 108 98 15 91 16 28 71 49 67 56 58 12 47 26 102 104 60 105 13 3 95 30 41 88 6 1 38 43 53 50 72 73 76 34 4 89 40 48 62 87 61 96 63 86 21 18 97 65 
0 19 31 77 90 23 79 55 107 24 29 27 54 92 46 17 8 9 75 85 7 35 20 11 59 22 42 25 37 45 44 70 93 32 5 81 83 109 94 68 51 2 69 82 36 78 84 103 100 39 101 74 10 99 64 33 14 57 80 66 52 106 108 98 15 91 16 28 71 49 67 56 58 12 47 26 102 104 60 105 13 3 95 30 41 88 6 1 38 43 53 50 72 73 76 34 4 89 40 48 62 87 61 96 63 86 21 18 97 65 
0 19 31 77 90 23 79 55 107 24 29 27 54 92 46 17 8 9 75 85 7 35 20 11 59 22 42 25 37 45 44 70 93 32 5 81 83 109 94 68 51 2 69 82 36 78 84 103 100 39 101 74 10 99 64 33 14 57 80 66 52 106 108 98 15 91 16 28 71 49 67 56 58 12 47 26 102 104 60 105 13 3 95 30 41 88 6 1 38 43 53 50 72 73 76 34 4 89 40 48 62 87 61 96 63 86 21 18 97 65 
0 19 31 77 90 23 79 55 107 24 29 27 54 92 46 17 8 9 75 85 7 35 20 11 59 22 42 25 37 45 44 70 93 32 5 81 83 109 94 68 51 2 69 82 36 78 84 103 100 39 101 74 10 99 64 33 14 57 80 66 52 106 108 98 15 91 16 28 71 49 67 56 58 12 47 26 102 104 60 105 13 3 95 30 41 88 6 1 38 43 53 50 72 73 76 34 4 89 40 48 62 87 61 96 63 86 21 18 97 65 
0 19 31 77 90 23 79 55 107 24 29 27 54 92 46 17 8 9 75 85 7 35 20 11 59 22 42 25 37 45 44 70 93 32 5 81 83 109 94 68 51 2 69 82 36 78 84 103 100 39 101 74 10 99 64 33 14 57 80 66 52 106 108 98 15 91 16 28 71 49 67 56 58 12 47 26 102 104 60 105 13 3 95 30 41 88 6 1 38 43 53 50 72 73 76 34 4 89 40 48 62 87 61 96 63 86 21 18 97 65 
0 19 31 77 90 23 79 55 107 24 29 27 54 92 46 17 8 9 75 85 7 35 20 11 59 22 42 25 37 45 44 70 93 32 5 81 83 109 94 68 51 2 69 82 36 78 84 103 100 39 101 74 10 99 64 33 14 57 80 66 52 106 108 98 15 91 16 28 71 49 67 56 58 12 47 26 102 104 60 105 13 3 95 30 41 88 6 1 38 43 53 50 72 73 76 34 4 89 40 48 62 87 61 96 63 86 21 18 97 65 
0 19 31 77 90 23 79 55 107 24 29 27 54 92 46 17 8 9 75 85 7 35 20 11 59 22 42 25 37 45 44 70 93 32 5 81 83 109 94 68 51 2 69 82 36 78 84 103 100 39 101 74 10 99 64 33 14 57 80 66 52 106 108 98 15 91 16 28 71 49 67 56 58 12 47 26 102 104 60 105 13 3 95 30 41 88 6 1 38 43 53 50 72 73 76 34 4 89 40 48 62 87 61 96 63 86 21 18 97 65 
0 19 31 77 90 23 79 55 107 24 29 27 54 92 46 17 8 9 75 85 7 35 20 11 59 22 42 25 37 45 44 70 93 32 5 81 83 109 94 68 51 2 69 82 36 78 84 103 100 39 101 74 10 99 64 33 14 57 80 66 52 106 108 98 15 91 16 28 71 49 67 56 58 12 47 26 102 104 60 105 13 3 95 30 41 88 6 1 38 43 53 50 72 73 76 34 4 89 40 48 62 87 61 96 63 86 21 18 97 65 
0 19 31 77 90 23 79 55 107 24 29 27 54 92 46 17 8 9 75 85 7 35 20 11 59 22 42 25 37 45 44 70 93 32 5 81 83 109 94 68 51 2 69 82 36 78 84 103 100 39 101 74 10 99 64 33 14 57 80 66 52 106 108 98 15 91 16 28 71 49 67 56 58 12 47 26 102 104 60 105 13 3 95 30 41 88 6 1 38 43 53 50 72 73 76 34 4 89 40 48 62 87 61 96 63 86 21 18 97 65 
0 19 31 77 90 23 79 55 107 24 29 27 54 92 46 17 8 9 75 85 7 35 20 11 59 22 42 25 37 45 44 70 93 32 5 81 83 109 94 68 51 2 69 82 36 78 84 103 100 39 101 74 10 99 64 33 14 57 80 66 52 106 108 98 15 91 16 28 71 49 67 56 58 12 47 26 102 104 60 105 13 3 95 30 41 88 6 1 38 43 53 50 72 73 76 34 4 89 40 48 62 87 61 96 63 86 21 18 97 65 
0 19 31 77 90 23 79 55 107 24 29 27 54 92 46 17 8 9 75 85 7 35 20 11 59 22 42 25 37 45 44 70 93 32 5 81 83 109 94 68 51 2 69 82 36 78 84 103 100 39 101 74 10 99 64 33 14 57 80 66 52 106 108 98 15 91 16 28 71 49 67 56 58 12 47 26 102 104 60 105 13 3 95 30 41 88 6 1 38 43 53 50 72 73 76 34 4 89 40 48 62 87 61 96 63 86 21 18 97 65 
0 19 31 77 90 23 79 55 107 24 29 27 54 92 46 17 8 9 75 85 7 35 20 11 59 22 42 25 37 45 44 70 93 32 5 81 83 109 94 68 51 2 69 82 36 78 84 103 100 39 101 74 10 99 64 33 14 57 80 66 52 106 108 98 15 91 16 28 71 49 67 56 58 12 47 26 102 104 60 105 13 3 95 30 41 88 6 1 38 43 53 50 72 73 76 34 4 89 40 48 62 87 61 96 63 86 21 18 97 65 
0 19 31 77 90 23 79 55 107 24 29 27 54 92 46 17 8 9 75 85 7 35 20 11 59 22 42 25 37 45 44 70 93 32 5 81 83 109 94 68 51 2 69 82 36 78 84 103 100 39 101 74 10 99 64 33 14 57 80 66 52 106 108 98 15 91 16 28 71 49 67 56 58 12 47 26 102 104 60 105 13 3 95 30 41 88 6 1 38 43 53 50 72 73 76 34 4 89 40 48 62 87 61 96 63 86 21 18 97 65 
0 19 31 77 90 23 79 55 107 24 29 27 54 92 46 17 8 9 75 85 7 35 20 11 59 22 42 25 37 45 44 70 93 32 5 81 83 109 94 68 51 2 69 82 36 78 84 103 100 39 101 74 10 99 64 33 14 57 80 66 52 106 108 98 15 91 16 28 71 49 67 56 58 12 47 26 102 104 60 105 13 3 95 30 41 88 6 1 38 43 53 50 72 73 76 34 4 89 40 48 62 87 61 96 63 86 21 18 97 65 
0 19 31 77 90 23 79 55 107 24 29 27 54 92 46 17 8 9 75 85 7 35 20 11 59 22 42 25 37 45 44 70 93 32 5 81 83 109 94 68 51 2 69 82 36 78 84 103 100 39 101 74 10 99 64 33 14 57 80 66 52 106 108 98 15 91 16 28 71 49 67 56 58 12 47 26 102 104 60 105 13 3 95 30 41 88 6 1 38 43 53 50 72 73 76 34 4 89 40 48 62 87 61 96 63 86 21 18 97 65 
0 19 31 77 90 23 79 55 107 24 29 27 54 92 46 17 8 9 75 85 7 35 20 11 59 22 42 25 37 45 44 70 93 32 5 81 83 109 94 68 51 2 69 82 36 78 84 103 100 39 101 74 10 99 64 33 14 57 80 66 52 106 108 98 15 91 16 28 71 49 67 56 58 12 47 26 102 104 60 105 13 3 95 30 41 88 6 1 38 43 53 50 72 73 76 34 4 89 40 48 62 87 61 96 63 86 21 18 97 65 
0 19 31 77 90 23 79 55 107 24 29 27 54 92 46 17 8 9 75 85 7 35 20 11 59 22 42 25 37 45 44 70 93 32 5 81 83 109 94 68 51 2 69 82 36 78 84 103 100 39 101 74 10 99 64 33 14 57 80 66 52 106 108 98 15 91 16 28 71 49 67 56 58 12 47 26 102 104 60 105 13 3 95 30 41 88 6 1 38 43 53 50 72 73 76 34 4 89 40 48 62 87 61 96 63 86 21 18 97 65 
0 19 31 77 90 23 79 55 107 24 29 27 54 92 46 17 8 9 75 85 7 35 20 11 59 22 42 25 37 45 44 70 93 32 5 81 83 109 94 68 51 2 69 82 36 78 84 103 100 39 101 74 10 99 64 33 14 57 80 66 52 106 108 98 15 91 16 28 71 49 67 56 58 12 47 26 102 104 60 105 13 3 95 30 41 88 6 1 38 43 53 50 72 73 76 34 4 89 40 48 62 87 61 96 63 86 21 18 97 65 
0 19 31 77 90 23 79 55 107 24 29 27 54 92 46 17 8 9 75 85 7 35 20 11 59 22 42 25 37 45 44 70 93 32 5 81 83 109 94 68 51 2 69 82 36 78 84 103 100 39 101 74 10 99 64 33 14 57 80 66 52 106 108 98 15 91 16 28 71 49 67 56 58 12 47 26 102 104 60 105 13 3 95 30 41 88 6 1 38 43 53 50 72 73 76 34 4 89 40 48 62 87 61 96 63 86 21 18 97 65 
0 19 31 77 90 23 79 55 107 24 29 27 54 92 46 17 8 9 75 85 7 35 20 11 59 22 42 25 37 45 44 70 93 32 5 81 83 109 94 68 51 2 69 82 36 78 84 103 100 39 101 74 10 99 64 33 14 57 80 66 52 106 108 98 15 91 16 28 71 49 67 56 58 12 47 26 102 104 60 105 13 3 95 30 41 88 6 1 38 43 53 50 72 73 76 34 4 89 40 48 62 87 61 96 63 86 21 18 97 65 
0 19 31 77 90 23 79 55 107 24 29 27 54 92 46 17 8 9 75 85 7 35 20 11 59 22 42 25 37 45 44 70 93 32 5 81 83 109 94 68 51 2 69 82 36 78 84 103 100 39 101 74 10 99 64 33 14 57 80 66 52 106 108 98 15 91 16 28 71 49 67 56 58 12 47 26 102 104 60 105 13 3 95 30 41 88 6 1 38 43 53 50 72 73 76 34 4 89 40 48 62 87 61 96 63 86 21 18 97 65 
0 19 31 77 90 23 79 55 107 24 29 27 54 92 46 17 8 9 75 85 7 35 20 11 59 22 42 25 37 45 44 70 93 32 5 81 83 109 94 68 51 2 69 82 36 78 84 103 100 39 101 74 10 99 64 33 14 57 80 66 52 106 108 98 15 91 16 28 71 49 67 56 58 12 47 26 102 104 60 105 13 3 95 30 41 88 6 1 38 43 53 50 72 73 76 34 4 89 40 48 62 87 61 96 63 86 21 18 97 65 
0 19 31 77 90 23 79 55 107 24 29 27 54 92 46 17 8 9 75 85 7 35 20 11 59 22 42 25 37 45 44 70 93 32 5 81 83 109 94 68 51 2 69 82 36 78 84 103 100 39 101 74 10 99 64 33 14 57 80 66 52 106 108 98 15 91 16 28 71 49 67 56 58 12 47 26 102 104 60 105 13 3 95 30 41 88 6 1 38 43 53 50 72 73 76 34 4 89 40 48 62 87 61 96 63 86 21 18 97 65 
0 19 31 77 90 23 79 55 107 24 29 27 54 92 46 17 8 9 75 85 7 35 20 11 59 22 42 25 37 45 44 70 93 32 5 81 83 109 94 68 51 2 69 82 36 78 84 103 100 39 101 74 10 99 64 33 14 57 80 66 52 106 108 98 15 91 16 28 71 49 67 56 58 12 47 26 102 104 60 105 13 3 95 30 41 88 6 1 38 43 53 50 72 73 76 34 4 89 40 48 62 87 61 96 63 86 21 18 97 65 
0 19 31 77 90 23 79 55 107 24 29 27 54 92 46 17 8 9 75 85 7 35 20 11 59 22 42 25 37 45 44 70 93 32 5 81 83 109 94 68 51 2 69 82 36 78 84 103 100 39 101 74 10 99 64 33 14 57 80 66 52 106 108 98 15 91 16 28 71 49 67 56 58 12 47 26 102 104 60 105 13 3 95 30 41 88 6 1 38 43 53 50 72 73 76 34 4 89 40 48 62 87 61 96 63 86 21 18 97 65 
0 19 31 77 90 23 79 55 107 24 29 27 54 92 46 17 8 9 75 85 7 35 20 11 59 22 42 25 37 45 44 70 93 32 5 81 83 109 94 68 51 2 69 82 36 78 84 103 100 39 101 74 10 99 64 33 14 57 80 66 52 106 108 98 15 91 16 28 71 49 67 56 58 12 47 26 102 104 60 105 13 3 95 30 41 88 6 1 38 43 53 50 72 73 76 34 4 89 40 48 62 87 61 96 63 86 21 18 97 65 
0 19 31 77 90 23 79 55 107 24 29 27 54 92 46 17 8 9 75 85 7 35 20 11 59 22 42 25 37 45 44 70 93 32 5 81 83 109 94 68 51 2 69 82 36 78 84 103 100 39 101 74 10 99 64 33 14 57 80 66 52 106 108 98 15 91 16 28 71 49 67 56 58 12 47 26 102 104 60 105 13 3 95 30 41 88 6 1 38 43 53 50 72 73 76 34 4 89 40 48 62 87 61 96 63 86 21 18 97 65 
0 19 31 77 90 23 79 55 107 24 29 27 54 92 46 17 8 9 75 85 7 35 20 11 59 22 42 25 37 45 44 70 93 32 5 81 83 109 94 68 51 2 69 82 36 78 84 103 100 39 101 74 10 99 64 33 14 57 80 66 52 106 108 98 15 91 16 28 71 49 67 56 58 12 47 26 102 104 60 105 13 3 95 30 41 88 6 1 38 43 53 50 72 73 76 34 4 89 40 48 62 87 61 96 63 86 21 18 97 65 
0 19 31 77 90 23 79 55 107 24 29 27 54 92 46 17 8 9 75 85 7 35 20 11 59 22 42 25 37 45 44 70 93 32 5 81 83 109 94 68 51 2 69 82 36 78 84 103 100 39 101 74 10 99 64 33 14 57 80 66 52 106 108 98 15 91 16 28 71 49 67 56 58 12 47 26 102 104 60 105 13 3 95 30 41 88 6 1 38 43 53 50 72 73 76 34 4 89 40 48 62 87 61 96 63 86 21 18 97 65 
0 19 31 77 90 23 79 55 107 24 29 27 54 92 46 17 8 9 75 85 7 35 20 11 59 22 42 25 37 45 44 70 93 32 5 81 83 109 94 68 51 2 69 82 36 78 84 103 100 39 101 74 10 99 64 33 14 57 80 66 52 106 108 98 15 91 16 28 71 49 67 56 58 12 47 26 102 104 60 105 13 3 95 30 41 88 6 1 38 43 53 50 72 73 76 34 4 89 40 48 62 87 61 96 63 86 21 18 97 65 
0 19 31 77 90 23 79 55 107 24 29 27 54 92 46 17 8 9 75 85 7 35 20 11 59 22 42 25 37 45 44 70 93 32 5 81 83 109 94 68 51 2 69 82 36 78 84 103 100 39 101 74 10 99 64 33 14 57 80 66 52 106 108 98 15 91 16 28 71 49 67 56 58 12 47 26 102 104 60 105 13 3 95 30 41 88 6 1 38 43 53 50 72 73 76 34 4 89 40 48 62 87 61 96 63 86 21 18 97 65 
0 19 31 77 90 23 79 55 107 24 29 27 54 92 46 17 8 9 75 85 7 35 20 11 59 22 42 25 37 45 44 70 93 32 5 81 83 109 94 68 51 2 69 82 36 78 84 103 100 39 101 74 10 99 64 33 14 57 80 66 52 106 108 98 15 91 16 28 71 49 67 56 58 12 47 26 102 104 60 105 13 3 95 30 41 88 6 1 38 43 53 50 72 73 76 34 4 89 40 48 62 87 61 96 63 86 21 18 97 65 
0 19 31 77 90 23 79 55 107 24 29 27 54 92 46 17 8 9 75 85 7 35 20 11 59 22 42 25 37 45 44 70 93 32 5 81 83 109 94 68 51 2 69 82 36 78 84 103 100 39 101 74 10 99 64 33 14 57 80 66 52 106 108 98 15 91 16 28 71 49 67 56 58 12 47 26 102 104 60 105 13 3 95 30 41 88 6 1 38 43 53 50 72 73 76 34 4 89 40 48 62 87 61 96 63 86 21 18 97 65 
0 19 31 77 90 23 79 55 107 24 29 27 54 92 46 17 8 9 75 85 7 35 20 11 59 22 42 25 37 45 44 70 93 32 5 81 83 109 94 68 51 2 69 82 36 78 84 103 100 39 101 74 10 99 64 33 14 57 80 66 52 106 108 98 15 91 16 28 71 49 67 56 58 12 47 26 102 104 60 105 13 3 95 30 41 88 6 1 38 43 53 50 72 73 76 34 4 89 40 48 62 87 61 96 63 86 21 18 97 65 
0 19 31 77 90 23 79 55 107 24 29 27 54 92 46 17 8 9 75 85 7 35 20 11 59 22 42 25 37 45 44 70 93 32 5 81 83 109 94 68 51 2 69 82 36 78 84 103 100 39 101 74 10 99 64 33 14 57 80 66 52 106 108 98 15 91 16 28 71 49 67 56 58 12 47 26 102 104 60 105 13 3 95 30 41 88 6 1 38 43 53 50 72 73 76 34 4 89 40 48 62 87 61 96 63 86 21 18 97 65 
0 19 31 77 90 23 79 55 107 24 29 27 54 92 46 17 8 9 75 85 7 35 20 11 59 22 42 25 37 45 44 70 93 32 5 81 83 109 94 68 51 2 69 82 36 78 84 103 100 39 101 74 10 99 64 33 14 57 80 66 52 106 108 98 15 91 16 28 71 49 67 56 58 12 47 26 102 104 60 105 13 3 95 30 41 88 6 1 38 43 53 50 72 73 76 34 4 89 40 48 62 87 61 96 63 86 21 18 97 65 
0 19 31 77 90 23 79 55 107 24 29 27 54 92 46 17 8 9 75 85 7 35 20 11 59 22 42 25 37 45 44 70 93 32 5 81 83 109 94 68 51 2 69 82 36 78 84 103 100 39 101 74 10 99 64 33 14 57 80 66 52 106 108 98 15 91 16 28 71 49 67 56 58 12 47 26 102 104 60 105 13 3 95 30 41 88 6 1 38 43 53 50 72 73 76 34 4 89 40 48 62 87 61 96 63 86 21 18 97 65 
0 19 31 77 90 23 79 55 107 24 29 27 54 92 46 17 8 9 75 85 7 35 20 11 59 22 42 25 37 45 44 70 93 32 5 81 83 109 94 68 51 2 69 82 36 78 84 103 100 39 101 74 10 99 64 33 14 57 80 66 52 106 108 98 15 91 16 28 71 49 67 56 58 12 47 26 102 104 60 105 13 3 95 30 41 88 6 1 38 43 53 50 72 73 76 34 4 89 40 48 62 87 61 96 63 86 21 18 97 65 
0 19 31 77 90 23 79 55 107 24 29 27 54 92 46 17 8 9 75 85 7 35 20 11 59 22 42 25 37 45 44 70 93 32 5 81 83 109 94 68 51 2 69 82 36 78 84 103 100 39 101 74 10 99 64 33 14 57 80 66 52 106 108 98 15 91 16 28 71 49 67 56 58 12 47 26 102 104 60 105 13 3 95 30 41 88 6 1 38 43 53 50 72 73 76 34 4 89 40 48 62 87 61 96 63 86 21 18 97 65 
0 19 31 77 90 23 79 55 107 24 29 27 54 92 46 17 8 9 75 85 7 35 20 11 59 22 42 25 37 45 44 70 93 32 5 81 83 109 94 68 51 2 69 82 36 78 84 103 100 39 101 74 10 99 64 33 14 57 80 66 52 106 108 98 15 91 16 28 71 49 67 56 58 12 47 26 102 104 60 105 13 3 95 30 41 88 6 1 38 43 53 50 72 73 76 34 4 89 40 48 62 87 61 96 63 86 21 18 97 65 
0 19 31 77 90 23 79 55 107 24 29 27 54 92 46 17 8 9 75 85 7 35 20 11 59 22 42 25 37 45 44 70 93 32 5 81 83 109 94 68 51 2 69 82 36 78 84 103 100 39 101 74 10 99 64 33 14 57 80 66 52 106 108 98 15 91 16 28 71 49 67 56 58 12 47 26 102 104 60 105 13 3 95 30 41 88 6 1 38 43 53 50 72 73 76 34 4 89 40 48 62 87 61 96 63 86 21 18 97 65 
0 19 31 77 90 23 79 55 107 24 29 27 54 92 46 17 8 9 75 85 7 35 20 11 59 22 42 25 37 45 44 70 93 32 5 81 83 109 94 68 51 2 69 82 36 78 84 103 100 39 101 74 10 99 64 33 14 57 80 66 52 106 108 98 15 91 16 28 71 49 67 56 58 12 47 26 102 104 60 105 13 3 95 30 41 88 6 1 38 43 53 50 72 73 76 34 4 89 40 48 62 87 61 96 63 86 21 18 97 65 
0 19 31 77 90 23 79 55 107 24 29 27 54 92 46 17 8 9 75 85 7 35 20 11 59 22 42 25 37 45 44 70 93 32 5 81 83 109 94 68 51 2 69 82 36 78 84 103 100 39 101 74 10 99 64 33 14 57 80 66 52 106 108 98 15 91 16 28 71 49 67 56 58 12 47 26 102 104 60 105 13 3 95 30 41 88 6 1 38 43 53 50 72 73 76 34 4 89 40 48 62 87 61 96 63 86 21 18 97 65 
0 19 31 77 90 23 79 55 107 24 29 27 54 92 46 17 8 9 75 85 7 35 20 11 59 22 42 25 37 45 44 70 93 32 5 81 83 109 94 68 51 2 69 82 36 78 84 103 100 39 101 74 10 99 64 33 14 57 80 66 52 106 108 98 15 91 16 28 71 49 67 56 58 12 47 26 102 104 60 105 13 3 95 30 41 88 6 1 38 43 53 50 72 73 76 34 4 89 40 48 62 87 61 96 63 86 21 18 97 65 
0 19 31 77 90 23 79 55 107 24 29 27 54 92 46 17 8 9 75 85 7 35 20 11 59 22 42 25 37 45 44 70 93 32 5 81 83 109 94 68 51 2 69 82 36 78 84 103 100 39 101 74 10 99 64 33 14 57 80 66 52 106 108 98 15 91 16 28 71 49 67 56 58 12 47 26 102 104 60 105 13 3 95 30 41 88 6 1 38 43 53 50 72 73 76 34 4 89 40 48 62 87 61 96 63 86 21 18 97 65 
0 19 31 77 90 23 79 55 107 24 29 27 54 92 46 17 8 9 75 85 7 35 20 11 59 22 42 25 37 45 44 70 93 32 5 81 83 109 94 68 51 2 69 82 36 78 84 103 100 39 101 74 10 99 64 33 14 57 80 66 52 106 108 98 15 91 16 28 71 49 67 56 58 12 47 26 102 104 60 105 13 3 95 30 41 88 6 1 38 43 53 50 72 73 76 34 4 89 40 48 62 87 61 96 63 86 21 18 97 65 
0 19 31 77 90 23 79 55 107 24 29 27 54 92 46 17 8 9 75 85 7 35 20 11 59 22 42 25 37 45 44 70 93 32 5 81 83 109 94 68 51 2 69 82 36 78 84 103 100 39 101 74 10 99 64 33 14 57 80 66 52 106 108 98 15 91 16 28 71 49 67 56 58 12 47 26 102 104 60 105 13 3 95 30 41 88 6 1 38 43 53 50 72 73 76 34 4 89 40 48 62 87 61 96 63 86 21 18 97 65 
0 19 31 77 90 23 79 55 107 24 29 27 54 92 46 17 8 9 75 85 7 35 20 11 59 22 42 25 37 45 44 70 93 32 5 81 83 109 94 68 51 2 69 82 36 78 84 103 100 39 101 74 10 99 64 33 14 57 80 66 52 106 108 98 15 91 16 28 71 49 67 56 58 12 47 26 102 104 60 105 13 3 95 30 41 88 6 1 38 43 53 50 72 73 76 34 4 89 40 48 62 87 61 96 63 86 21 18 97 65 
0 19 31 77 90 23 79 55 107 24 29 27 54 92 46 17 8 9 75 85 7 35 20 11 59 22 42 25 37 45 44 70 93 32 5 81 83 109 94 68 51 2 69 82 36 78 84 103 100 39 101 74 10 99 64 33 14 57 80 66 52 106 108 98 15 91 16 28 71 49 67 56 58 12 47 26 102 104 60 105 13 3 95 30 41 88 6 1 38 43 53 50 72 73 76 34 4 89 40 48 62 87 61 96 63 86 21 18 97 65 
0 19 31 77 90 23 79 55 107 24 29 27 54 92 46 17 8 9 75 85 7 35 20 11 59 22 42 25 37 45 44 70 93 32 5 81 83 109 94 68 51 2 69 82 36 78 84 103 100 39 101 74 10 99 64 33 14 57 80 66 52 106 108 98 15 91 16 28 71 49 67 56 58 12 47 26 102 104 60 105 13 3 95 30 41 88 6 1 38 43 53 50 72 73 76 34 4 89 40 48 62 87 61 96 63 86 21 18 97 65 
0 19 31 77 90 23 79 55 107 24 29 27 54 92 46 17 8 9 75 85 7 35 20 11 59 22 42 25 37 45 44 70 93 32 5 81 83 109 94 68 51 2 69 82 36 78 84 103 100 39 101 74 10 99 64 33 14 57 80 66 52 106 108 98 15 91 16 28 71 49 67 56 58 12 47 26 102 104 60 105 13 3 95 30 41 88 6 1 38 43 53 50 72 73 76 34 4 89 40 48 62 87 61 96 63 86 21 18 97 65 
0 19 31 77 90 23 79 55 107 24 29 27 54 92 46 17 8 9 75 85 7 35 20 11 59 22 42 25 37 45 44 70 93 32 5 81 83 109 94 68 51 2 69 82 36 78 84 103 100 39 101 74 10 99 64 33 14 57 80 66 52 106 108 98 15 91 16 28 71 49 67 56 58 12 47 26 102 104 60 105 13 3 95 30 41 88 6 1 38 43 53 50 72 73 76 34 4 89 40 48 62 87 61 96 63 86 21 18 97 65 
0 19 31 77 90 23 79 55 107 24 29 27 54 92 46 17 8 9 75 85 7 35 20 11 59 22 42 25 37 45 44 70 93 32 5 81 83 109 94 68 51 2 69 82 36 78 84 103 100 39 101 74 10 99 64 33 14 57 80 66 52 106 108 98 15 91 16 28 71 49 67 56 58 12 47 26 102 104 60 105 13 3 95 30 41 88 6 1 38 43 53 50 72 73 76 34 4 89 40 48 62 87 61 96 63 86 21 18 97 65 
0 19 31 77 90 23 79 55 107 24 29 27 54 92 46 17 8 9 75 85 7 35 20 11 59 22 42 25 37 45 44 70 93 32 5 81 83 109 94 68 51 2 69 82 36 78 84 103 100 39 101 74 10 99 64 33 14 57 80 66 52 106 108 98 15 91 16 28 71 49 67 56 58 12 47 26 102 104 60 105 13 3 95 30 41 88 6 1 38 43 53 50 72 73 76 34 4 89 40 48 62 87 61 96 63 86 21 18 97 65 
0 19 31 77 90 23 79 55 107 24 29 27 54 92 46 17 8 9 75 85 7 35 20 11 59 22 42 25 37 45 44 70 93 32 5 81 83 109 94 68 51 2 69 82 36 78 84 103 100 39 101 74 10 99 64 33 14 57 80 66 52 106 108 98 15 91 16 28 71 49 67 56 58 12 47 26 102 104 60 105 13 3 95 30 41 88 6 1 38 43 53 50 72 73 76 34 4 89 40 48 62 87 61 96 63 86 21 18 97 65 
0 19 31 77 90 23 79 55 107 24 29 27 54 92 46 17 8 9 75 85 7 35 20 11 59 22 42 25 37 45 44 70 93 32 5 81 83 109 94 68 51 2 69 82 36 78 84 103 100 39 101 74 10 99 64 33 14 57 80 66 52 106 108 98 15 91 16 28 71 49 67 56 58 12 47 26 102 104 60 105 13 3 95 30 41 88 6 1 38 43 53 50 72 73 76 34 4 89 40 48 62 87 61 96 63 86 21 18 97 65 
0 19 31 77 90 23 79 55 107 24 29 27 54 92 46 17 8 9 75 85 7 35 20 11 59 22 42 25 37 45 44 70 93 32 5 81 83 109 94 68 51 2 69 82 36 78 84 103 100 39 101 74 10 99 64 33 14 57 80 66 52 106 108 98 15 91 16 28 71 49 67 56 58 12 47 26 102 104 60 105 13 3 95 30 41 88 6 1 38 43 53 50 72 73 76 34 4 89 40 48 62 87 61 96 63 86 21 18 97 65 
0 19 31 77 90 23 79 55 107 24 29 27 54 92 46 17 8 9 75 85 7 35 20 11 59 22 42 25 37 45 44 70 93 32 5 81 83 109 94 68 51 2 69 82 36 78 84 103 100 39 101 74 10 99 64 33 14 57 80 66 52 106 108 98 15 91 16 28 71 49 67 56 58 12 47 26 102 104 60 105 13 3 95 30 41 88 6 1 38 43 53 50 72 73 76 34 4 89 40 48 62 87 61 96 63 86 21 18 97 65 
0 19 31 77 90 23 79 55 107 24 29 27 54 92 46 17 8 9 75 85 7 35 20 11 59 22 42 25 37 45 44 70 93 32 5 81 83 109 94 68 51 2 69 82 36 78 84 103 100 39 101 74 10 99 64 33 14 57 80 66 52 106 108 98 15 91 16 28 71 49 67 56 58 12 47 26 102 104 60 105 13 3 95 30 41 88 6 1 38 43 53 50 72 73 76 34 4 89 40 48 62 87 61 96 63 86 21 18 97 65 
0 19 31 77 90 23 79 55 107 24 29 27 54 92 46 17 8 9 75 85 7 35 20 11 59 22 42 25 37 45 44 70 93 32 5 81 83 109 94 68 51 2 69 82 36 78 84 103 100 39 101 74 10 99 64 33 14 57 80 66 52 106 108 98 15 91 16 28 71 49 67 56 58 12 47 26 102 104 60 105 13 3 95 30 41 88 6 1 38 43 53 50 72 73 76 34 4 89 40 48 62 87 61 96 63 86 21 18 97 65 
0 19 31 77 90 23 79 55 107 24 29 27 54 92 46 17 8 9 75 85 7 35 20 11 59 22 42 25 37 45 44 70 93 32 5 81 83 109 94 68 51 2 69 82 36 78 84 103 100 39 101 74 10 99 64 33 14 57 80 66 52 106 108 98 15 91 16 28 71 49 67 56 58 12 47 26 102 104 60 105 13 3 95 30 41 88 6 1 38 43 53 50 72 73 76 34 4 89 40 48 62 87 61 96 63 86 21 18 97 65 
0 19 31 77 90 23 79 55 107 24 29 27 54 92 46 17 8 9 75 85 7 35 20 11 59 22 42 25 37 45 44 70 93 32 5 81 83 109 94 68 51 2 69 82 36 78 84 103 100 39 101 74 10 99 64 33 14 57 80 66 52 106 108 98 15 91 16 28 71 49 67 56 58 12 47 26 102 104 60 105 13 3 95 30 41 88 6 1 38 43 53 50 72 73 76 34 4 89 40 48 62 87 61 96 63 86 21 18 97 65 
0 19 31 77 90 23 79 55 107 24 29 27 54 92 46 17 8 9 75 85 7 35 20 11 59 22 42 25 37 45 44 70 93 32 5 81 83 109 94 68 51 2 69 82 36 78 84 103 100 39 101 74 10 99 64 33 14 57 80 66 52 106 108 98 15 91 16 28 71 49 67 56 58 12 47 26 102 104 60 105 13 3 95 30 41 88 6 1 38 43 53 50 72 73 76 34 4 89 40 48 62 87 61 96 63 86 21 18 97 65 
0 19 31 77 90 23 79 55 107 24 29 27 54 92 46 17 8 9 75 85 7 35 20 11 59 22 42 25 37 45 44 70 93 32 5 81 83 109 94 68 51 2 69 82 36 78 84 103 100 39 101 74 10 99 64 33 14 57 80 66 52 106 108 98 15 91 16 28 71 49 67 56 58 12 47 26 102 104 60 105 13 3 95 30 41 88 6 1 38 43 53 50 72 73 76 34 4 89 40 48 62 87 61 96 63 86 21 18 97 65 
0 19 31 77 90 23 79 55 107 24 29 27 54 92 46 17 8 9 75 85 7 35 20 11 59 22 42 25 37 45 44 70 93 32 5 81 83 109 94 68 51 2 69 82 36 78 84 103 100 39 101 74 10 99 64 33 14 57 80 66 52 106 108 98 15 91 16 28 71 49 67 56 58 12 47 26 102 104 60 105 13 3 95 30 41 88 6 1 38 43 53 50 72 73 76 34 4 89 40 48 62 87 61 96 63 86 21 18 97 65 
0 19 31 77 90 23 79 55 107 24 29 27 54 92 46 17 8 9 75 85 7 35 20 11 59 22 42 25 37 45 44 70 93 32 5 81 83 109 94 68 51 2 69 82 36 78 84 103 100 39 101 74 10 99 64 33 14 57 80 66 52 106 108 98 15 91 16 28 71 49 67 56 58 12 47 26 102 104 60 105 13 3 95 30 41 88 6 1 38 43 53 50 72 73 76 34 4 89 40 48 62 87 61 96 63 86 21 18 97 65 
0 19 31 77 90 23 79 55 107 24 29 27 54 92 46 17 8 9 75 85 7 35 20 11 59 22 42 25 37 45 44 70 93 32 5 81 83 109 94 68 51 2 69 82 36 78 84 103 100 39 101 74 10 99 64 33 14 57 80 66 52 106 108 98 15 91 16 28 71 49 67 56 58 12 47 26 102 104 60 105 13 3 95 30 41 88 6 1 38 43 53 50 72 73 76 34 4 89 40 48 62 87 61 96 63 86 21 18 97 65 
0 19 31 77 90 23 79 55 107 24 29 27 54 92 46 17 8 9 75 85 7 35 20 11 59 22 42 25 37 45 44 70 93 32 5 81 83 109 94 68 51 2 69 82 36 78 84 103 100 39 101 74 10 99 64 33 14 57 80 66 52 106 108 98 15 91 16 28 71 49 67 56 58 12 47 26 102 104 60 105 13 3 95 30 41 88 6 1 38 43 53 50 72 73 76 34 4 89 40 48 62 87 61 96 63 86 21 18 97 65 
0 19 31 77 90 23 79 55 107 24 29 27 54 92 46 17 8 9 75 85 7 35 20 11 59 22 42 25 37 45 44 70 93 32 5 81 83 109 94 68 51 2 69 82 36 78 84 103 100 39 101 74 10 99 64 33 14 57 80 66 52 106 108 98 15 91 16 28 71 49 67 56 58 12 47 26 102 104 60 105 13 3 95 30 41 88 6 1 38 43 53 50 72 73 76 34 4 89 40 48 62 87 61 96 63 86 21 18 97 65 
0 19 31 77 90 23 79 55 107 24 29 27 54 92 46 17 8 9 75 85 7 35 20 11 59 22 42 25 37 45 44 70 93 32 5 81 83 109 94 68 51 2 69 82 36 78 84 103 100 39 101 74 10 99 64 33 14 57 80 66 52 106 108 98 15 91 16 28 71 49 67 56 58 12 47 26 102 104 60 105 13 3 95 30 41 88 6 1 38 43 53 50 72 73 76 34 4 89 40 48 62 87 61 96 63 86 21 18 97 65 
0 19 31 77 90 23 79 55 107 24 29 27 54 92 46 17 8 9 75 85 7 35 20 11 59 22 42 25 37 45 44 70 93 32 5 81 83 109 94 68 51 2 69 82 36 78 84 103 100 39 101 74 10 99 64 33 14 57 80 66 52 106 108 98 15 91 16 28 71 49 67 56 58 12 47 26 102 104 60 105 13 3 95 30 41 88 6 1 38 43 53 50 72 73 76 34 4 89 40 48 62 87 61 96 63 86 21 18 97 65 
0 19 31 77 90 23 79 55 107 24 29 27 54 92 46 17 8 9 75 85 7 35 20 11 59 22 42 25 37 45 44 70 93 32 5 81 83 109 94 68 51 2 69 82 36 78 84 103 100 39 101 74 10 99 64 33 14 57 80 66 52 106 108 98 15 91 16 28 71 49 67 56 58 12 47 26 102 104 60 105 13 3 95 30 41 88 6 1 38 43 53 50 72 73 76 34 4 89 40 48 62 87 61 96 63 86 21 18 97 65 
0 19 31 77 90 23 79 55 107 24 29 27 54 92 46 17 8 9 75 85 7 35 20 11 59 22 42 25 37 45 44 70 93 32 5 81 83 109 94 68 51 2 69 82 36 78 84 103 100 39 101 74 10 99 64 33 14 57 80 66 52 106 108 98 15 91 16 28 71 49 67 56 58 12 47 26 102 104 60 105 13 3 95 30 41 88 6 1 38 43 53 50 72 73 76 34 4 89 40 48 62 87 61 96 63 86 21 18 97 65 
0 19 31 77 90 23 79 55 107 24 29 27 54 92 46 17 8 9 75 85 7 35 20 11 59 22 42 25 37 45 44 70 93 32 5 81 83 109 94 68 51 2 69 82 36 78 84 103 100 39 101 74 10 99 64 33 14 57 80 66 52 106 108 98 15 91 16 28 71 49 67 56 58 12 47 26 102 104 60 105 13 3 95 30 41 88 6 1 38 43 53 50 72 73 76 34 4 89 40 48 62 87 61 96 63 86 21 18 97 65 
0 19 31 77 90 23 79 55 107 24 29 27 54 92 46 17 8 9 75 85 7 35 20 11 59 22 42 25 37 45 44 70 93 32 5 81 83 109 94 68 51 2 69 82 36 78 84 103 100 39 101 74 10 99 64 33 14 57 80 66 52 106 108 98 15 91 16 28 71 49 67 56 58 12 47 26 102 104 60 105 13 3 95 30 41 88 6 1 38 43 53 50 72 73 76 34 4 89 40 48 62 87 61 96 63 86 21 18 97 65 
0 19 31 77 90 23 79 55 107 24 29 27 54 92 46 17 8 9 75 85 7 35 20 11 59 22 42 25 37 45 44 70 93 32 5 81 83 109 94 68 51 2 69 82 36 78 84 103 100 39 101 74 10 99 64 33 14 57 80 66 52 106 108 98 15 91 16 28 71 49 67 56 58 12 47 26 102 104 60 105 13 3 95 30 41 88 6 1 38 43 53 50 72 73 76 34 4 89 40 48 62 87 61 96 63 86 21 18 97 65 
0 19 31 77 90 23 79 55 107 24 29 27 54 92 46 17 8 9 75 85 7 35 20 11 59 22 42 25 37 45 44 70 93 32 5 81 83 109 94 68 51 2 69 82 36 78 84 103 100 39 101 74 10 99 64 33 14 57 80 66 52 106 108 98 15 91 16 28 71 49 67 56 58 12 47 26 102 104 60 105 13 3 95 30 41 88 6 1 38 43 53 50 72 73 76 34 4 89 40 48 62 87 61 96 63 86 21 18 97 65 
0 19 31 77 90 23 79 55 107 24 29 27 54 92 46 17 8 9 75 85 7 35 20 11 59 22 42 25 37 45 44 70 93 32 5 81 83 109 94 68 51 2 69 82 36 78 84 103 100 39 101 74 10 99 64 33 14 57 80 66 52 106 108 98 15 91 16 28 71 49 67 56 58 12 47 26 102 104 60 105 13 3 95 30 41 88 6 1 38 43 53 50 72 73 76 34 4 89 40 48 62 87 61 96 63 86 21 18 97 65 
0 19 31 77 90 23 79 55 107 24 29 27 54 92 46 17 8 9 75 85 7 35 20 11 59 22 42 25 37 45 44 70 93 32 5 81 83 109 94 68 51 2 69 82 36 78 84 103 100 39 101 74 10 99 64 33 14 57 80 66 52 106 108 98 15 91 16 28 71 49 67 56 58 12 47 26 102 104 60 105 13 3 95 30 41 88 6 1 38 43 53 50 72 73 76 34 4 89 40 48 62 87 61 96 63 86 21 18 97 65 
0 19 31 77 90 23 79 55 107 24 29 27 54 92 46 17 8 9 75 85 7 35 20 11 59 22 42 25 37 45 44 70 93 32 5 81 83 109 94 68 51 2 69 82 36 78 84 103 100 39 101 74 10 99 64 33 14 57 80 66 52 106 108 98 15 91 16 28 71 49 67 56 58 12 47 26 102 104 60 105 13 3 95 30 41 88 6 1 38 43 53 50 72 73 76 34 4 89 40 48 62 87 61 96 63 86 21 18 97 65 
0 19 31 77 90 23 79 55 107 24 29 27 54 92 46 17 8 9 75 85 7 35 20 11 59 22 42 25 37 45 44 70 93 32 5 81 83 109 94 68 51 2 69 82 36 78 84 103 100 39 101 74 10 99 64 33 14 57 80 66 52 106 108 98 15 91 16 28 71 49 67 56 58 12 47 26 102 104 60 105 13 3 95 30 41 88 6 1 38 43 53 50 72 73 76 34 4 89 40 48 62 87 61 96 63 86 21 18 97 65 
0 19 31 77 90 23 79 55 107 24 29 27 54 92 46 17 8 9 75 85 7 35 20 11 59 22 42 25 37 45 44 70 93 32 5 81 83 109 94 68 51 2 69 82 36 78 84 103 100 39 101 74 10 99 64 33 14 57 80 66 52 106 108 98 15 91 16 28 71 49 67 56 58 12 47 26 102 104 60 105 13 3 95 30 41 88 6 1 38 43 53 50 72 73 76 34 4 89 40 48 62 87 61 96 63 86 21 18 97 65 
0 19 31 77 90 23 79 55 107 24 29 27 54 92 46 17 8 9 75 85 7 35 20 11 59 22 42 25 37 45 44 70 93 32 5 81 83 109 94 68 51 2 69 82 36 78 84 103 100 39 101 74 10 99 64 33 14 57 80 66 52 106 108 98 15 91 16 28 71 49 67 56 58 12 47 26 102 104 60 105 13 3 95 30 41 88 6 1 38 43 53 50 72 73 76 34 4 89 40 48 62 87 61 96 63 86 21 18 97 65 
0 19 31 77 90 23 79 55 107 24 29 27 54 92 46 17 8 9 75 85 7 35 20 11 59 22 42 25 37 45 44 70 93 32 5 81 83 109 94 68 51 2 69 82 36 78 84 103 100 39 101 74 10 99 64 33 14 57 80 66 52 106 108 98 15 91 16 28 71 49 67 56 58 12 47 26 102 104 60 105 13 3 95 30 41 88 6 1 38 43 53 50 72 73 76 34 4 89 40 48 62 87 61 96 63 86 21 18 97 65 
0 19 31 77 90 23 79 55 107 24 29 27 54 92 46 17 8 9 75 85 7 35 20 11 59 22 42 25 37 45 44 70 93 32 5 81 83 109 94 68 51 2 69 82 36 78 84 103 100 39 101 74 10 99 64 33 14 57 80 66 52 106 108 98 15 91 16 28 71 49 67 56 58 12 47 26 102 104 60 105 13 3 95 30 41 88 6 1 38 43 53 50 72 73 76 34 4 89 40 48 62 87 61 96 63 86 21 18 97 65 
0 19 31 77 90 23 79 55 107 24 29 27 54 92 46 17 8 9 75 85 7 35 20 11 59 22 42 25 37 45 44 70 93 32 5 81 83 109 94 68 51 2 69 82 36 78 84 103 100 39 101 74 10 99 64 33 14 57 80 66 52 106 108 98 15 91 16 28 71 49 67 56 58 12 47 26 102 104 60 105 13 3 95 30 41 88 6 1 38 43 53 50 72 73 76 34 4 89 40 48 62 87 61 96 63 86 21 18 97 65 
0 19 31 77 90 23 79 55 107 24 29 27 54 92 46 17 8 9 75 85 7 35 20 11 59 22 42 25 37 45 44 70 93 32 5 81 83 109 94 68 51 2 69 82 36 78 84 103 100 39 101 74 10 99 64 33 14 57 80 66 52 106 108 98 15 91 16 28 71 49 67 56 58 12 47 26 102 104 60 105 13 3 95 30 41 88 6 1 38 43 53 50 72 73 76 34 4 89 40 48 62 87 61 96 63 86 21 18 97 65 
0 19 31 77 90 23 79 55 107 24 29 27 54 92 46 17 8 9 75 85 7 35 20 11 59 22 42 25 37 45 44 70 93 32 5 81 83 109 94 68 51 2 69 82 36 78 84 103 100 39 101 74 10 99 64 33 14 57 80 66 52 106 108 98 15 91 16 28 71 49 67 56 58 12 47 26 102 104 60 105 13 3 95 30 41 88 6 1 38 43 53 50 72 73 76 34 4 89 40 48 62 87 61 96 63 86 21 18 97 65 
0 19 31 77 90 23 79 55 107 24 29 27 54 92 46 17 8 9 75 85 7 35 20 11 59 22 42 25 37 45 44 70 93 32 5 81 83 109 94 68 51 2 69 82 36 78 84 103 100 39 101 74 10 99 64 33 14 57 80 66 52 106 108 98 15 91 16 28 71 49 67 56 58 12 47 26 102 104 60 105 13 3 95 30 41 88 6 1 38 43 53 50 72 73 76 34 4 89 40 48 62 87 61 96 63 86 21 18 97 65 
0 19 31 77 90 23 79 55 107 24 29 27 54 92 46 17 8 9 75 85 7 35 20 11 59 22 42 25 37 45 44 70 93 32 5 81 83 109 94 68 51 2 69 82 36 78 84 103 100 39 101 74 10 99 64 33 14 57 80 66 52 106 108 98 15 91 16 28 71 49 67 56 58 12 47 26 102 104 60 105 13 3 95 30 41 88 6 1 38 43 53 50 72 73 76 34 4 89 40 48 62 87 61 96 63 86 21 18 97 65 
0 19 31 77 90 23 79 55 107 24 29 27 54 92 46 17 8 9 75 85 7 35 20 11 59 22 42 25 37 45 44 70 93 32 5 81 83 109 94 68 51 2 69 82 36 78 84 103 100 39 101 74 10 99 64 33 14 57 80 66 52 106 108 98 15 91 16 28 71 49 67 56 58 12 47 26 102 104 60 105 13 3 95 30 41 88 6 1 38 43 53 50 72 73 76 34 4 89 40 48 62 87 61 96 63 86 21 18 97 65 
0 19 31 77 90 23 79 55 107 24 29 27 54 92 46 17 8 9 75 85 7 35 20 11 59 22 42 25 37 45 44 70 93 32 5 81 83 109 94 68 51 2 69 82 36 78 84 103 100 39 101 74 10 99 64 33 14 57 80 66 52 106 108 98 15 91 16 28 71 49 67 56 58 12 47 26 102 104 60 105 13 3 95 30 41 88 6 1 38 43 53 50 72 73 76 34 4 89 40 48 62 87 61 96 63 86 21 18 97 65 
0 19 31 77 90 23 79 55 107 24 29 27 54 92 46 17 8 9 75 85 7 35 20 11 59 22 42 25 37 45 44 70 93 32 5 81 83 109 94 68 51 2 69 82 36 78 84 103 100 39 101 74 10 99 64 33 14 57 80 66 52 106 108 98 15 91 16 28 71 49 67 56 58 12 47 26 102 104 60 105 13 3 95 30 41 88 6 1 38 43 53 50 72 73 76 34 4 89 40 48 62 87 61 96 63 86 21 18 97 65 
0 19 31 77 90 23 79 55 107 24 29 27 54 92 46 17 8 9 75 85 7 35 20 11 59 22 42 25 37 45 44 70 93 32 5 81 83 109 94 68 51 2 69 82 36 78 84 103 100 39 101 74 10 99 64 33 14 57 80 66 52 106 108 98 15 91 16 28 71 49 67 56 58 12 47 26 102 104 60 105 13 3 95 30 41 88 6 1 38 43 53 50 72 73 76 34 4 89 40 48 62 87 61 96 63 86 21 18 97 65 
0 19 31 77 90 23 79 55 107 24 29 27 54 92 46 17 8 9 75 85 7 35 20 11 59 22 42 25 37 45 44 70 93 32 5 81 83 109 94 68 51 2 69 82 36 78 84 103 100 39 101 74 10 99 64 33 14 57 80 66 52 106 108 98 15 91 16 28 71 49 67 56 58 12 47 26 102 104 60 105 13 3 95 30 41 88 6 1 38 43 53 50 72 73 76 34 4 89 40 48 62 87 61 96 63 86 21 18 97 65 
0 19 31 77 90 23 79 55 107 24 29 27 54 92 46 17 8 9 75 85 7 35 20 11 59 22 42 25 37 45 44 70 93 32 5 81 83 109 94 68 51 2 69 82 36 78 84 103 100 39 101 74 10 99 64 33 14 57 80 66 52 106 108 98 15 91 16 28 71 49 67 56 58 12 47 26 102 104 60 105 13 3 95 30 41 88 6 1 38 43 53 50 72 73 76 34 4 89 40 48 62 87 61 96 63 86 21 18 97 65 
0 19 31 77 90 23 79 55 107 24 29 27 54 92 46 17 8 9 75 85 7 35 20 11 59 22 42 25 37 45 44 70 93 32 5 81 83 109 94 68 51 2 69 82 36 78 84 103 100 39 101 74 10 99 64 33 14 57 80 66 52 106 108 98 15 91 16 28 71 49 67 56 58 12 47 26 102 104 60 105 13 3 95 30 41 88 6 1 38 43 53 50 72 73 76 34 4 89 40 48 62 87 61 96 63 86 21 18 97 65 
0 19 31 77 90 23 79 55 107 24 29 27 54 92 46 17 8 9 75 85 7 35 20 11 59 22 42 25 37 45 44 70 93 32 5 81 83 109 94 68 51 2 69 82 36 78 84 103 100 39 101 74 10 99 64 33 14 57 80 66 52 106 108 98 15 91 16 28 71 49 67 56 58 12 47 26 102 104 60 105 13 3 95 30 41 88 6 1 38 43 53 50 72 73 76 34 4 89 40 48 62 87 61 96 63 86 21 18 97 65 
0 19 31 77 90 23 79 55 107 24 29 27 54 92 46 17 8 9 75 85 7 35 20 11 59 22 42 25 37 45 44 70 93 32 5 81 83 109 94 68 51 2 69 82 36 78 84 103 100 39 101 74 10 99 64 33 14 57 80 66 52 106 108 98 15 91 16 28 71 49 67 56 58 12 47 26 102 104 60 105 13 3 95 30 41 88 6 1 38 43 53 50 72 73 76 34 4 89 40 48 62 87 61 96 63 86 21 18 97 65 
0 19 31 77 90 23 79 55 107 24 29 27 54 92 46 17 8 9 75 85 7 35 20 11 59 22 42 25 37 45 44 70 93 32 5 81 83 109 94 68 51 2 69 82 36 78 84 103 100 39 101 74 10 99 64 33 14 57 80 66 52 106 108 98 15 91 16 28 71 49 67 56 58 12 47 26 102 104 60 105 13 3 95 30 41 88 6 1 38 43 53 50 72 73 76 34 4 89 40 48 62 87 61 96 63 86 21 18 97 65 
0 19 31 77 90 23 79 55 107 24 29 27 54 92 46 17 8 9 75 85 7 35 20 11 59 22 42 25 37 45 44 70 93 32 5 81 83 109 94 68 51 2 69 82 36 78 84 103 100 39 101 74 10 99 64 33 14 57 80 66 52 106 108 98 15 91 16 28 71 49 67 56 58 12 47 26 102 104 60 105 13 3 95 30 41 88 6 1 38 43 53 50 72 73 76 34 4 89 40 48 62 87 61 96 63 86 21 18 97 65 
0 19 31 77 90 23 79 55 107 24 29 27 54 92 46 17 8 9 75 85 7 35 20 11 59 22 42 25 37 45 44 70 93 32 5 81 83 109 94 68 51 2 69 82 36 78 84 103 100 39 101 74 10 99 64 33 14 57 80 66 52 106 108 98 15 91 16 28 71 49 67 56 58 12 47 26 102 104 60 105 13 3 95 30 41 88 6 1 38 43 53 50 72 73 76 34 4 89 40 48 62 87 61 96 63 86 21 18 97 65 
0 19 31 77 90 23 79 55 107 24 29 27 54 92 46 17 8 9 75 85 7 35 20 11 59 22 42 25 37 45 44 70 93 32 5 81 83 109 94 68 51 2 69 82 36 78 84 103 100 39 101 74 10 99 64 33 14 57 80 66 52 106 108 98 15 91 16 28 71 49 67 56 58 12 47 26 102 104 60 105 13 3 95 30 41 88 6 1 38 43 53 50 72 73 76 34 4 89 40 48 62 87 61 96 63 86 21 18 97 65 
0 19 31 77 90 23 79 55 107 24 29 27 54 92 46 17 8 9 75 85 7 35 20 11 59 22 42 25 37 45 44 70 93 32 5 81 83 109 94 68 51 2 69 82 36 78 84 103 100 39 101 74 10 99 64 33 14 57 80 66 52 106 108 98 15 91 16 28 71 49 67 56 58 12 47 26 102 104 60 105 13 3 95 30 41 88 6 1 38 43 53 50 72 73 76 34 4 89 40 48 62 87 61 96 63 86 21 18 97 65 
0 19 31 77 90 23 79 55 107 24 29 27 54 92 46 17 8 9 75 85 7 35 20 11 59 22 42 25 37 45 44 70 93 32 5 81 83 109 94 68 51 2 69 82 36 78 84 103 100 39 101 74 10 99 64 33 14 57 80 66 52 106 108 98 15 91 16 28 71 49 67 56 58 12 47 26 102 104 60 105 13 3 95 30 41 88 6 1 38 43 53 50 72 73 76 34 4 89 40 48 62 87 61 96 63 86 21 18 97 65 
0 19 31 77 90 23 79 55 107 24 29 27 54 92 46 17 8 9 75 85 7 35 20 11 59 22 42 25 37 45 44 70 93 32 5 81 83 109 94 68 51 2 69 82 36 78 84 103 100 39 101 74 10 99 64 33 14 57 80 66 52 106 108 98 15 91 16 28 71 49 67 56 58 12 47 26 102 104 60 105 13 3 95 30 41 88 6 1 38 43 53 50 72 73 76 34 4 89 40 48 62 87 96 61 63 86 21 18 97 65 
0 19 31 77 90 23 79 55 107 24 29 27 54 92 46 17 8 9 75 85 7 35 20 11 59 22 42 25 37 45 44 70 93 32 5 81 83 109 94 68 51 2 69 82 36 78 84 103 100 39 101 74 10 99 64 33 14 57 80 66 52 106 108 98 15 91 16 28 71 49 67 56 58 12 47 26 102 104 60 105 13 3 95 30 41 88 6 1 38 43 53 50 72 73 76 34 4 89 40 48 62 87 61 96 63 21 86 18 97 65 
0 19 31 77 90 23 79 55 107 24 29 27 54 92 46 17 8 9 75 85 7 35 20 11 22 59 42 25 37 45 44 70 93 32 5 81 83 109 94 68 51 2 69 82 36 78 84 103 100 39 101 74 10 99 64 33 14 57 80 66 52 106 108 98 15 91 16 28 71 49 67 56 58 12 47 26 102 104 60 105 13 3 95 30 41 88 6 1 38 43 53 50 72 73 76 34 4 89 40 48 62 87 61 96 63 86 21 18 97 65 
0 19 31 77 90 23 79 55 107 24 29 27 54 92 46 17 8 9 75 85 7 35 20 11 59 22 42 25 37 45 44 70 93 32 5 81 83 109 94 68 51 2 69 82 36 78 84 103 100 39 101 74 10 99 64 33 14 57 80 66 52 106 108 98 15 91 16 28 71 49 67 56 58 12 47 26 102 104 60 105 13 3 95 30 41 88 6 1 38 43 53 50 72 73 76 34 4 89 40 48 62 61 96 87 63 86 21 18 97 65 
0 19 31 77 90 23 79 55 107 24 29 27 54 92 46 17 8 9 75 85 7 35 20 11 59 22 42 25 37 45 44 70 93 32 5 81 83 109 94 68 51 2 69 82 36 78 84 103 100 39 101 74 10 99 64 33 14 57 80 66 52 106 108 98 15 91 16 28 71 49 67 56 58 12 47 26 102 104 60 105 13 3 95 30 41 88 6 1 38 43 53 50 72 73 34 76 4 89 40 48 62 87 61 96 63 86 21 18 97 65 
0 19 31 77 90 23 79 55 107 24 29 27 54 92 46 17 8 9 75 85 7 35 20 11 59 22 42 25 37 45 44 70 93 32 5 81 83 109 94 68 51 2 69 82 36 78 84 103 100 39 101 74 10 99 64 33 14 57 80 66 52 106 108 98 15 91 16 28 71 49 67 56 58 26 47 12 102 104 60 105 13 3 95 30 41 88 6 1 38 43 53 50 72 73 76 34 4 89 40 48 62 87 61 96 63 86 21 18 97 65 
0 19 31 77 90 23 79 55 107 24 29 27 54 92 46 17 8 9 75 85 7 35 20 11 59 22 42 25 37 45 44 70 93 32 5 81 83 109 94 68 51 2 69 82 36 78 84 103 100 39 101 74 10 99 64 33 14 57 80 66 52 106 108 98 15 91 16 28 71 49 67 56 58 12 47 26 102 104 60 105 13 3 95 30 41 88 6 1 38 43 53 50 72 73 76 34 4 89 40 48 62 87 61 96 86 63 21 18 97 65 
0 19 31 77 90 23 79 55 107 24 29 27 54 92 46 17 8 9 75 85 7 35 20 11 59 22 42 25 37 45 44 70 93 32 5 81 83 109 94 68 51 2 69 82 36 78 84 103 100 39 101 74 10 99 64 33 14 57 80 66 52 106 108 98 15 91 16 28 71 49 67 56 58 12 47 26 102 104 60 105 13 3 95 30 41 88 6 1 38 43 53 50 72 73 76 34 4 89 40 48 62 87 61 96 86 63 21 18 97 65 
0 19 31 77 90 23 79 55 107 24 29 27 54 92 46 17 8 9 75 85 7 35 11 59 22 42 25 20 37 45 44 70 93 32 5 81 83 109 94 68 51 2 69 82 36 78 84 103 100 39 101 74 10 99 64 33 14 57 80 66 52 106 108 98 15 91 16 28 71 49 67 56 58 12 47 26 102 104 60 105 13 3 95 30 41 88 6 1 38 43 53 50 72 73 76 34 4 89 40 48 62 87 61 96 63 86 21 18 97 65 
0 19 31 90 77 23 79 55 107 24 29 27 54 92 46 17 8 9 75 85 7 35 20 11 59 22 42 25 37 45 44 70 93 32 5 81 83 109 94 68 51 2 69 82 36 78 84 103 100 39 101 74 10 99 64 33 14 57 80 66 52 106 108 98 15 91 16 28 71 49 67 56 58 12 47 26 102 104 60 105 13 3 95 30 41 88 6 1 38 43 53 50 72 73 76 34 4 89 40 48 62 87 61 96 63 86 21 18 97 65 
0 19 31 77 90 23 79 55 107 24 29 27 54 92 46 17 8 9 75 85 7 35 20 11 59 22 42 25 37 45 44 70 93 32 5 81 83 109 94 68 51 2 69 82 36 78 84 103 100 39 101 74 10 99 64 33 14 57 80 66 52 106 108 98 15 91 16 28 71 49 38 1 6 88 41 30 95 3 13 105 60 104 102 26 47 12 58 56 67 43 53 50 72 73 76 34 4 89 40 48 62 87 61 96 63 86 21 18 97 65 
0 19 31 77 90 23 79 55 107 24 29 27 54 92 46 17 8 9 75 85 7 35 20 11 59 22 42 25 37 45 44 70 93 32 5 81 83 109 94 68 51 2 69 82 36 78 84 103 100 39 101 74 10 99 64 14 33 57 80 66 52 106 108 98 15 91 16 28 71 49 67 56 58 12 47 26 102 104 60 105 13 3 95 30 41 88 6 1 38 43 53 50 72 73 76 34 4 89 40 48 62 87 61 96 63 86 21 18 97 65 
0 19 31 77 90 23 79 55 107 24 29 27 54 92 46 17 8 9 75 85 7 35 20 11 59 22 42 25 37 45 44 70 93 32 5 81 83 109 94 51 68 2 69 82 36 78 84 103 100 39 101 74 10 99 64 33 14 57 80 66 52 106 108 98 15 91 16 28 71 49 67 56 58 12 47 26 102 104 60 105 13 3 95 30 41 88 6 1 38 43 53 50 72 73 76 34 4 89 40 48 62 87 61 96 63 86 21 18 97 65 
0 19 31 77 90 23 79 55 107 24 29 27 54 92 46 17 8 9 75 85 7 35 20 11 59 22 42 25 37 45 44 70 93 32 5 81 83 109 94 68 51 2 69 82 36 78 84 103 100 39 101 74 10 99 64 33 14 57 80 66 52 28 16 91 15 98 108 106 71 49 67 56 58 12 47 26 102 104 60 105 13 3 95 30 41 88 6 1 38 43 53 50 72 73 76 34 4 89 40 48 62 87 61 96 63 86 21 18 97 65 
0 19 31 77 90 23 79 55 107 24 29 27 54 92 46 17 8 9 75 85 7 35 20 11 59 22 42 25 37 45 44 70 93 32 5 81 83 109 94 68 51 2 69 82 36 78 84 103 100 39 101 74 10 99 64 33 14 57 80 66 52 106 108 98 15 91 16 28 49 67 56 58 12 47 71 26 102 104 60 105 13 3 95 30 41 88 6 1 38 43 53 50 72 73 76 34 4 89 40 48 62 87 61 96 63 86 21 18 97 65 
0 19 31 77 90 23 79 55 107 24 29 27 54 92 46 17 8 9 75 85 7 35 20 11 59 22 42 25 37 45 44 5 93 32 70 81 83 109 94 68 51 2 69 82 36 78 84 103 100 39 101 74 10 99 64 33 14 57 80 66 52 106 108 98 15 91 16 28 71 49 67 56 58 12 47 26 102 104 60 105 13 3 95 88 41 30 6 1 38 43 53 50 72 73 76 34 4 89 40 48 62 87 61 96 63 86 21 18 97 65 
0 19 31 77 90 23 79 55 107 24 29 27 54 92 46 17 8 9 75 85 7 35 20 11 59 22 42 25 37 45 44 70 93 32 5 81 83 109 94 68 51 2 69 82 36 78 84 103 100 39 101 74 10 99 64 33 14 57 80 66 52 106 108 98 15 91 16 43 38 1 6 88 41 30 95 3 13 105 60 104 102 26 47 12 58 56 67 49 71 28 53 50 72 73 76 34 4 89 40 48 62 87 61 96 63 86 21 18 97 65 
0 19 31 77 90 23 79 55 107 24 29 27 54 92 46 17 8 9 75 85 7 35 20 11 59 22 42 25 37 45 44 70 93 32 5 81 83 109 94 68 51 2 69 82 73 72 50 53 43 38 1 6 88 41 30 95 3 13 105 60 104 102 26 47 12 58 56 67 49 71 28 16 91 15 98 108 106 52 66 80 57 14 33 64 99 10 74 101 39 100 103 84 78 36 76 34 4 89 40 48 62 87 61 96 63 86 21 18 97 65 
0 19 31 77 90 23 79 55 107 24 29 27 54 92 46 17 8 9 75 85 7 35 20 11 59 22 42 25 37 45 44 70 93 32 5 81 83 109 94 68 51 2 69 82 36 78 84 103 100 39 101 74 10 99 64 33 14 57 80 66 52 106 108 98 15 91 16 28 71 49 67 56 58 12 47 26 102 104 60 105 13 3 95 30 41 88 6 1 38 43 53 50 72 73 76 34 4 89 40 48 87 61 96 63 62 86 21 18 97 65 
0 19 31 77 90 23 79 55 107 24 29 27 54 92 46 17 8 9 75 85 7 35 20 11 59 22 42 25 37 45 44 70 93 32 5 81 83 109 94 68 51 2 69 82 36 78 84 103 100 39 101 74 10 99 64 33 14 57 80 66 52 106 108 98 15 91 16 28 71 49 67 56 58 12 47 26 102 104 60 105 13 3 95 88 41 30 6 1 38 43 53 72 73 76 34 4 89 50 40 48 62 87 61 96 63 86 21 18 97 65 
0 19 31 77 90 23 79 55 107 24 29 27 54 92 46 17 8 9 75 85 7 35 20 11 59 22 42 25 37 45 44 70 93 32 5 81 83 109 94 68 51 2 69 82 36 78 84 103 100 39 101 74 10 99 64 33 14 57 80 66 52 106 108 98 15 91 16 28 71 49 67 56 58 12 47 26 102 104 60 105 13 3 95 88 41 30 6 1 38 43 53 72 73 76 34 4 89 50 40 48 62 87 61 96 63 86 21 18 97 65 
0 19 31 77 90 23 79 55 107 24 29 27 54 92 46 17 8 9 75 85 7 35 20 11 59 22 42 25 37 45 44 70 93 32 5 81 83 109 94 68 51 2 99 10 74 101 39 100 103 84 78 36 82 69 64 33 14 57 80 66 52 106 108 98 15 91 16 28 71 49 67 56 58 12 47 26 102 104 60 105 13 3 95 30 41 88 6 1 38 43 53 50 72 73 76 34 4 89 40 48 62 87 61 96 63 86 21 18 97 65 
0 19 31 77 90 23 79 55 107 24 29 27 54 92 46 17 8 9 75 85 7 35 20 11 59 22 42 25 37 45 44 70 93 32 5 81 83 109 94 68 51 2 69 82 36 78 84 103 100 39 101 74 10 99 64 33 14 57 80 66 52 106 108 98 15 91 16 28 71 105 67 56 58 12 47 26 102 104 60 49 13 3 95 30 41 88 6 1 38 43 53 50 72 73 76 34 4 89 40 48 62 87 61 96 63 86 21 18 97 65 
0 19 31 77 90 23 79 55 107 24 29 27 54 92 46 17 8 9 75 85 7 35 20 11 59 22 42 25 37 45 44 70 93 32 5 81 83 109 94 68 51 2 72 50 53 43 38 1 6 88 41 30 95 3 13 105 60 104 102 26 47 12 58 56 67 49 71 28 16 91 15 98 108 106 52 66 80 57 14 33 64 99 10 74 101 39 100 103 84 78 36 82 69 73 76 34 4 89 40 48 62 87 61 96 63 86 21 18 97 65 
0 19 31 77 90 23 79 55 107 24 29 27 54 92 46 17 8 9 75 85 7 35 20 11 59 22 42 25 37 45 44 70 93 32 5 81 83 109 94 68 51 2 69 82 36 78 84 103 100 39 101 74 10 99 64 33 14 57 80 66 52 106 108 98 15 91 16 28 6 49 67 56 58 12 47 26 102 104 60 105 13 3 95 30 41 88 71 1 38 43 53 50 72 73 76 34 4 89 40 48 62 87 61 96 63 86 21 18 97 65 
0 19 31 77 90 23 79 55 107 24 29 27 54 92 46 17 8 9 75 85 7 35 20 11 59 22 42 25 37 45 44 70 93 32 5 81 83 109 94 68 51 2 69 82 36 78 84 103 100 39 101 74 10 99 64 33 14 57 80 66 52 106 108 98 15 91 16 28 71 49 67 56 58 12 47 26 102 104 60 105 13 3 95 30 41 88 6 1 38 73 76 34 4 43 53 50 72 89 40 48 62 87 61 96 63 86 21 18 97 65 
0 19 31 77 90 23 79 55 107 24 29 27 54 92 46 17 8 9 75 85 7 35 20 11 59 22 42 25 37 45 44 70 93 32 5 81 83 109 94 68 51 2 69 82 36 78 84 103 100 39 101 74 10 99 64 33 14 57 80 66 52 106 108 98 15 91 16 28 71 49 67 56 58 105 47 26 102 104 60 12 13 3 95 30 41 88 6 1 38 43 53 50 72 73 76 34 4 89 40 48 62 87 61 96 63 86 21 18 97 65 
0 19 31 77 90 23 79 55 107 24 29 27 54 92 46 17 8 9 75 85 7 35 20 11 59 22 42 25 37 45 44 70 93 5 81 83 109 94 68 51 2 69 32 82 36 72 50 53 43 38 1 6 88 41 30 95 3 13 105 60 104 102 26 47 12 58 56 67 49 71 28 16 91 15 98 108 106 52 66 80 57 14 33 64 99 10 74 101 39 100 103 84 78 73 76 34 4 89 40 48 62 87 61 96 63 86 21 18 97 65 
0 19 31 77 90 23 79 55 107 24 29 27 54 92 46 17 8 9 75 85 7 35 20 11 59 22 42 25 37 45 44 70 93 5 81 83 109 94 68 51 2 69 32 82 36 72 50 53 43 38 1 6 88 41 30 95 3 13 105 60 104 102 26 47 12 58 56 67 49 71 28 16 91 15 98 108 106 52 66 80 57 14 33 64 99 10 74 101 39 100 103 84 78 73 76 34 4 89 40 48 62 87 61 96 63 86 21 18 97 65 
0 19 31 77 90 23 79 55 107 24 29 27 54 92 46 17 8 9 75 85 7 35 20 11 59 22 42 25 37 45 44 70 93 32 5 81 83 109 94 68 51 2 69 82 36 78 84 103 100 39 101 74 10 99 64 33 14 57 80 66 52 106 108 98 15 91 16 28 71 49 67 56 58 12 47 26 102 104 60 105 13 3 95 30 41 88 6 1 38 53 50 72 73 76 34 4 89 43 40 48 62 87 61 96 63 86 21 18 97 65 
0 19 31 77 90 23 79 55 107 24 29 27 54 92 46 17 8 9 75 85 7 35 20 11 59 22 42 25 37 45 44 70 93 32 5 81 83 109 94 68 51 2 69 82 36 78 84 103 100 39 101 74 10 99 64 33 14 57 80 66 52 108 98 15 91 16 28 71 49 67 56 58 12 47 26 102 104 60 105 13 3 95 30 41 88 6 1 38 43 53 50 72 73 76 34 4 106 89 40 48 62 87 61 96 63 86 21 18 97 65 
0 19 31 77 90 23 79 55 107 24 29 27 54 92 46 17 8 9 75 85 7 35 20 11 59 22 42 25 37 45 44 70 93 32 5 83 109 94 68 51 2 69 82 36 78 84 103 100 39 101 74 10 99 64 33 14 57 80 66 52 106 108 98 15 91 16 28 71 49 67 56 58 12 47 26 102 104 60 105 13 3 95 30 41 88 6 1 38 43 53 50 72 81 73 76 34 4 89 40 48 62 87 61 96 63 86 21 18 97 65 
0 19 31 77 90 23 79 55 107 24 29 27 54 92 46 17 8 9 75 85 7 35 20 11 59 22 42 25 37 45 44 70 93 32 5 81 83 109 94 68 51 2 69 82 36 78 84 103 100 39 101 4 34 76 73 72 50 53 43 38 1 6 88 41 30 95 3 13 105 60 104 102 26 47 12 58 56 67 49 71 28 16 91 15 98 108 106 52 66 80 57 14 33 64 99 10 74 89 40 48 62 87 61 96 63 86 21 18 97 65 
0 19 31 77 90 23 79 55 107 24 29 27 54 92 46 17 8 9 75 85 7 35 20 11 59 22 42 25 37 45 44 70 93 32 5 81 83 109 94 68 51 2 69 82 36 78 103 100 39 101 74 10 99 64 33 14 57 80 66 52 106 108 98 15 91 16 28 71 49 67 56 58 12 84 47 26 102 104 60 105 13 3 95 30 41 88 6 1 38 43 53 50 72 73 76 34 4 89 40 48 62 87 61 96 63 86 21 18 97 65 
0 19 31 77 90 23 79 55 107 24 29 27 54 92 46 17 8 9 75 85 7 35 20 11 59 22 42 25 37 45 44 70 93 32 5 81 83 109 94 68 51 2 69 82 36 78 84 103 100 39 101 74 10 99 64 33 14 57 80 66 52 106 108 98 91 16 28 71 49 67 56 58 12 47 26 102 104 60 105 13 3 95 30 41 88 6 15 1 38 43 53 50 72 73 76 34 4 89 40 48 62 87 61 96 63 86 21 18 97 65 
0 19 31 77 90 23 79 55 107 24 29 27 54 92 46 17 8 9 75 85 7 35 20 11 59 89 4 34 76 73 72 50 53 43 38 1 6 88 41 30 95 3 13 105 60 104 102 26 47 12 58 56 67 49 71 28 16 91 15 98 108 106 52 66 80 57 14 33 64 99 10 74 101 39 100 103 84 78 36 82 69 2 51 68 94 109 83 81 5 32 93 70 44 45 37 22 42 25 40 48 62 87 61 96 63 86 21 18 97 65 
0 19 31 77 90 23 79 55 107 24 29 27 54 92 46 17 8 9 75 85 7 35 20 11 59 22 42 25 37 45 44 70 93 32 5 81 83 109 94 68 51 2 69 82 36 78 84 103 100 39 101 74 10 99 64 33 57 80 66 52 106 108 98 15 91 16 28 71 49 67 56 58 12 47 26 102 14 104 60 105 13 3 95 30 41 88 6 1 38 43 53 50 72 73 76 34 4 89 40 48 62 87 61 96 63 86 21 18 97 65 
0 19 31 77 90 23 79 55 107 24 29 27 54 92 46 17 8 9 75 85 7 35 20 11 59 22 42 25 37 45 44 70 93 32 5 81 83 109 94 68 51 2 69 82 36 78 84 103 100 39 101 74 10 99 64 33 14 57 80 66 52 106 108 98 91 16 28 49 15 67 56 58 12 47 26 102 104 60 71 105 13 3 95 30 41 88 6 1 38 43 53 50 72 73 76 34 4 89 40 48 62 87 61 96 63 86 21 18 97 65 
0 19 31 77 90 79 55 107 24 29 27 54 9 8 17 46 92 23 75 85 7 35 20 11 59 22 42 25 37 45 44 70 93 32 5 81 83 109 94 68 51 2 69 82 36 78 84 103 100 39 101 74 10 99 64 33 14 57 80 66 52 106 108 98 15 91 16 28 71 49 67 56 58 12 47 26 102 104 60 105 13 3 95 30 41 88 6 1 38 43 53 50 72 73 76 34 4 89 40 48 62 87 61 96 63 86 21 18 97 65 
0 19 31 77 90 23 79 55 107 24 29 27 54 92 46 17 8 9 75 85 7 35 20 11 59 22 42 25 37 45 44 70 93 32 5 81 83 109 94 68 51 2 69 82 36 78 84 103 100 39 101 74 10 99 64 33 57 80 66 52 106 108 98 15 91 16 28 71 49 67 56 58 12 47 26 102 104 60 105 13 3 95 30 41 14 88 6 1 38 43 53 50 72 73 76 34 4 89 40 48 62 87 61 96 63 86 21 18 97 65 
0 19 31 77 90 23 79 55 107 24 29 27 54 92 46 17 8 9 75 85 7 35 20 11 59 22 42 25 37 45 44 70 93 32 5 81 83 109 94 68 51 2 69 82 36 78 84 103 100 39 101 74 10 99 64 33 14 57 80 66 52 106 89 4 34 76 73 72 50 53 43 38 1 6 41 30 95 88 3 13 105 60 104 102 26 47 12 58 56 67 49 71 28 16 91 15 98 108 40 48 62 87 61 96 63 86 21 18 97 65 
0 19 31 77 90 23 79 55 107 85 29 27 54 92 46 17 8 9 75 24 7 35 20 11 59 22 42 25 37 45 44 70 93 32 5 81 83 109 94 68 51 2 69 82 36 78 84 103 100 39 101 74 10 99 64 33 14 57 80 66 52 106 108 98 15 91 16 28 71 49 67 56 58 12 47 26 102 104 60 105 13 3 95 30 41 88 6 1 38 43 53 50 72 73 76 34 4 89 40 48 62 87 61 96 63 86 21 18 97 65 
0 19 31 77 90 23 79 55 107 24 29 27 54 92 46 17 8 9 75 85 7 35 20 11 59 22 42 25 37 45 44 70 93 32 5 81 83 109 94 68 51 2 69 82 36 78 84 103 100 39 101 74 10 99 64 33 14 57 80 66 52 108 98 15 91 16 28 71 49 67 56 58 12 47 26 102 104 60 105 13 3 106 95 30 41 88 6 1 38 43 53 50 72 73 76 34 4 89 40 48 62 87 61 96 63 86 21 18 97 65 
0 19 31 77 90 23 79 55 107 24 29 27 54 92 46 17 8 9 75 85 7 35 20 11 59 22 42 25 37 45 44 70 93 32 53 43 38 1 6 88 41 30 95 3 13 105 60 104 102 26 47 12 58 56 67 49 71 28 16 91 15 98 108 106 52 66 80 57 14 33 64 99 10 74 101 39 100 103 84 78 36 82 69 2 51 68 94 109 83 81 5 50 72 73 76 34 4 89 40 48 62 87 61 96 63 86 21 18 97 65 
0 19 31 77 90 23 79 55 107 24 29 27 54 92 46 17 8 9 75 85 7 35 20 11 59 22 42 25 37 45 44 70 93 32 5 81 109 94 68 51 2 69 82 36 78 84 103 100 39 101 74 10 99 64 33 14 57 80 66 52 106 108 98 15 91 16 28 71 49 67 56 58 12 47 26 102 104 60 105 13 3 95 30 41 88 6 1 38 43 53 50 72 73 76 34 4 89 40 48 62 87 61 96 63 86 21 18 97 83 65 
0 19 31 77 90 23 79 55 107 24 29 27 54 92 46 17 8 9 75 85 7 35 20 11 59 22 42 25 37 45 44 70 93 32 5 81 83 109 94 68 51 2 69 82 36 78 84 103 100 39 101 74 10 99 64 33 14 57 80 66 52 106 108 98 15 91 16 28 71 49 67 56 58 12 47 26 102 104 60 105 13 3 95 30 87 62 48 40 89 4 34 76 73 72 50 53 43 38 1 6 88 41 61 96 63 86 21 18 97 65 
0 19 31 77 90 23 79 55 107 24 29 27 54 92 46 17 8 9 75 85 7 35 20 11 59 22 42 25 37 45 44 70 48 93 32 5 81 83 109 94 68 51 2 69 82 36 78 84 103 100 39 101 74 10 99 64 33 14 57 80 66 52 106 108 98 15 91 16 28 71 49 67 56 58 12 47 26 102 104 60 105 13 95 3 30 41 88 6 1 38 43 53 50 72 73 76 34 4 89 40 62 87 61 96 63 86 21 18 97 65 
0 19 31 77 90 23 79 55 107 24 29 27 54 92 46 17 8 9 75 85 7 35 20 11 59 22 42 25 37 45 82 70 93 32 5 81 83 109 94 68 51 2 69 44 36 78 84 103 100 39 101 74 10 99 64 33 14 57 80 66 52 106 108 98 15 91 16 28 71 49 67 56 58 12 47 26 102 104 60 105 13 3 95 30 41 88 6 1 38 43 53 50 72 73 76 34 4 89 40 48 62 87 61 96 63 86 21 18 97 65 
0 19 31 77 90 23 79 55 107 24 29 27 54 92 46 17 8 9 75 85 7 35 20 11 59 22 42 25 37 45 44 70 93 32 5 81 83 109 94 68 51 2 69 82 36 98 84 103 100 39 101 74 10 99 64 33 14 57 80 66 52 106 108 78 15 91 16 28 71 49 67 56 58 12 47 26 102 104 60 105 13 3 95 30 41 88 6 1 38 43 53 50 72 73 76 89 4 34 40 48 62 87 61 96 63 86 21 18 97 65 
0 19 31 77 90 23 79 55 107 24 29 27 54 92 46 17 8 9 75 85 7 35 20 11 59 22 42 25 37 45 44 70 93 32 5 81 83 109 94 68 51 2 69 82 36 78 84 103 100 39 101 74 10 99 64 33 14 57 80 66 52 106 108 98 15 91 16 28 71 49 67 56 58 12 47 26 102 104 60 105 13 3 95 30 41 88 6 1 38 43 53 50 72 73 76 34 4 89 40 86 63 96 61 87 62 48 21 18 97 65 
0 19 31 77 90 23 79 55 107 24 29 27 54 92 46 17 8 9 2 51 68 94 109 83 81 5 32 93 70 44 45 37 25 42 22 59 11 20 35 7 85 75 69 82 36 78 84 103 100 39 101 74 10 99 64 33 14 57 80 66 52 106 108 98 15 91 16 28 71 49 67 56 58 12 47 26 102 104 60 105 13 3 95 30 41 88 6 1 38 43 53 50 72 73 76 34 4 89 40 48 62 87 61 96 63 86 21 18 97 65 
0 19 31 77 90 23 79 55 107 24 29 27 54 92 46 17 8 9 75 85 7 35 20 11 59 22 42 69 37 45 44 70 93 32 5 81 83 109 94 68 51 2 25 82 36 78 84 103 100 39 101 74 10 99 64 33 14 57 80 66 52 106 108 98 15 91 16 28 71 49 67 56 58 12 47 26 102 104 60 105 13 3 95 30 41 88 6 1 38 43 53 50 72 73 76 34 4 89 40 48 62 87 61 96 63 86 21 18 97 65 
0 19 31 77 90 23 79 55 107 24 29 27 54 92 46 17 8 9 75 85 7 35 20 11 59 22 42 25 37 45 44 70 93 32 5 81 83 109 94 68 51 2 69 82 36 78 84 103 100 39 101 74 10 99 64 33 14 57 80 66 52 106 108 98 15 91 16 28 71 49 67 56 58 12 47 26 102 104 60 105 13 3 95 30 88 6 1 38 43 53 50 72 73 76 34 4 89 40 48 62 87 61 96 41 63 86 21 18 97 65 
0 19 31 77 90 23 79 55 107 24 29 27 54 92 46 17 8 9 75 85 7 35 20 11 59 22 42 25 37 45 44 70 93 32 5 81 83 109 94 68 51 2 69 82 36 78 84 103 100 39 101 74 10 99 64 33 14 57 62 48 40 89 4 34 76 73 72 50 53 43 38 1 6 88 41 30 95 3 13 105 60 104 102 26 47 12 58 56 67 49 71 28 16 91 15 98 108 106 52 66 80 87 61 96 63 86 21 18 97 65 
0 19 31 77 90 23 79 55 107 24 29 27 54 92 46 17 8 9 75 85 7 35 20 11 59 22 42 25 37 45 44 70 93 32 5 81 83 109 94 68 51 2 69 82 36 78 84 103 100 39 101 74 10 99 64 33 57 80 66 52 106 108 98 15 91 16 28 71 49 67 56 60 104 102 26 47 12 58 105 13 3 95 30 41 14 88 6 1 38 43 53 50 72 73 76 34 4 89 40 48 62 87 61 96 63 86 21 18 97 65 
0 19 31 77 90 23 79 55 107 24 29 27 54 92 46 17 8 9 75 85 7 35 44 45 37 25 42 22 59 11 20 70 93 32 5 81 83 94 68 51 2 69 82 36 78 84 103 100 39 101 74 10 99 64 33 14 57 80 66 52 106 108 109 98 15 91 16 28 71 49 67 56 58 12 47 26 102 104 60 105 13 3 95 30 41 88 6 1 38 43 53 50 72 73 76 34 4 89 40 48 62 87 61 96 63 86 21 18 97 65 
0 19 31 77 90 23 79 55 107 24 29 27 54 92 46 17 8 9 75 85 7 35 44 45 37 25 42 22 59 11 20 70 93 32 5 81 83 94 68 51 2 69 82 36 78 84 103 100 39 101 74 10 99 64 33 14 57 80 66 52 106 108 109 98 15 91 16 28 71 49 67 56 58 12 47 26 102 104 60 105 13 3 95 30 41 88 6 1 38 43 53 50 72 73 76 34 4 89 40 48 62 87 61 96 63 86 21 18 97 65 
0 19 31 77 90 23 79 55 107 24 29 27 54 92 46 17 8 9 75 85 7 35 20 11 59 22 42 25 37 45 44 70 93 32 5 81 83 109 68 51 2 69 82 36 78 84 103 100 39 101 74 10 99 64 33 14 57 80 66 52 106 108 98 15 91 16 28 71 49 67 56 58 12 94 47 26 102 104 60 105 13 3 95 30 41 88 6 1 38 43 53 50 72 73 76 34 4 89 40 48 62 87 61 96 63 86 21 18 97 65 
0 19 31 77 90 23 79 55 107 24 29 27 54 92 46 17 8 9 75 85 7 35 20 11 59 22 42 25 37 45 44 70 93 32 5 81 83 109 94 68 51 2 69 82 36 78 84 103 100 39 101 74 99 64 33 14 57 80 66 52 106 108 98 15 91 16 28 71 49 67 56 58 12 47 26 102 104 60 105 13 3 95 30 41 10 88 6 1 38 43 53 50 72 73 76 34 4 89 40 48 62 87 61 96 63 86 21 18 97 65 
0 19 31 77 90 23 79 55 107 24 29 27 54 92 46 17 8 9 75 85 7 35 20 11 59 22 42 25 37 45 44 70 93 32 5 81 83 109 94 68 51 2 69 82 36 78 84 103 100 39 101 74 99 64 33 14 57 80 66 52 106 108 98 15 91 16 28 71 49 67 56 58 12 47 26 102 104 60 105 13 3 95 30 41 10 88 6 1 38 43 53 50 72 73 76 34 4 89 40 48 62 87 61 96 63 86 21 18 97 65 
0 19 31 77 90 23 79 55 107 24 29 27 54 92 46 17 8 9 75 85 7 35 20 11 59 22 42 25 37 45 44 70 93 32 5 81 83 109 94 68 51 2 69 82 36 78 84 103 100 39 101 74 10 99 64 33 14 87 62 48 40 89 4 34 76 73 72 50 53 43 38 1 6 88 41 30 95 3 13 105 60 104 102 26 47 12 58 56 67 71 49 28 16 91 15 98 108 106 52 66 80 57 61 96 63 86 21 18 97 65 
0 19 31 77 90 23 79 55 107 24 29 27 54 92 46 17 8 9 75 85 7 35 20 11 59 22 42 25 37 45 44 70 93 32 5 81 83 109 94 68 51 2 69 82 95 3 13 105 60 104 102 26 47 12 58 56 67 49 71 28 16 91 15 98 108 106 52 66 80 57 14 33 64 99 10 74 101 39 100 103 84 78 36 30 41 88 6 1 38 43 53 50 72 73 76 34 4 89 40 48 62 87 61 96 63 86 21 18 97 65 
0 19 31 77 90 23 79 55 107 24 29 27 54 92 46 17 8 9 75 85 7 35 20 11 59 22 42 25 37 45 44 70 93 32 5 81 83 109 94 68 51 2 69 82 36 78 84 103 100 39 101 74 10 99 64 33 14 57 80 66 52 106 108 98 15 91 16 28 71 49 67 56 58 12 47 26 102 104 60 105 13 3 95 30 41 88 6 96 61 87 62 48 40 89 4 34 76 73 72 50 53 43 38 1 63 86 21 18 97 65 
0 19 31 77 90 23 79 55 107 24 29 27 54 92 46 17 8 9 75 85 7 35 20 11 59 22 42 25 37 45 44 70 93 32 5 81 83 109 94 68 51 2 69 82 36 78 84 103 100 39 101 74 10 99 64 33 14 57 80 66 52 106 108 98 15 91 16 28 71 49 67 56 58 12 47 26 102 104 60 105 13 3 95 30 41 88 6 1 38 43 53 50 72 73 76 34 4 89 40 48 62 87 61 96 63 86 21 97 65 18 
0 19 31 77 90 23 79 55 107 24 29 27 54 92 46 17 8 9 75 85 7 35 20 11 59 22 42 25 37 45 44 70 93 32 5 81 83 109 94 68 51 2 69 82 36 78 84 103 100 39 101 74 10 99 64 33 14 57 80 66 52 106 108 98 15 91 16 28 71 49 67 56 58 12 47 26 102 104 60 105 13 3 95 30 41 88 6 1 38 43 53 50 72 73 76 34 4 89 40 48 62 87 61 96 63 86 21 97 65 18 
0 19 31 77 90 23 79 55 107 24 29 27 54 92 46 17 8 9 75 85 7 35 20 11 59 22 42 25 37 45 44 70 93 32 81 83 109 94 68 51 2 69 82 36 78 84 103 100 39 101 74 10 99 64 33 14 57 80 66 52 106 108 98 15 91 5 16 28 71 49 67 56 58 12 47 26 102 104 60 105 13 3 95 30 41 88 6 1 38 43 53 50 72 73 76 34 4 89 40 48 62 87 61 96 63 86 21 18 97 65 
0 19 31 77 90 23 79 55 107 24 29 27 54 92 46 17 8 9 75 85 7 35 20 11 59 22 42 25 37 45 44 70 93 32 5 81 83 109 94 68 51 2 69 82 36 78 84 103 100 39 101 74 10 30 95 3 13 105 60 104 102 26 47 12 58 56 67 49 71 28 16 91 15 98 108 106 52 66 80 57 14 33 64 99 41 88 6 1 38 43 53 50 72 73 76 34 4 89 40 48 62 87 61 96 63 86 21 18 97 65 
0 19 31 77 90 23 79 55 107 24 29 27 54 92 46 17 8 9 75 85 7 35 20 11 59 22 42 25 37 45 44 70 93 32 5 81 83 109 94 68 51 2 69 82 36 78 84 103 100 101 74 10 99 64 33 14 57 80 66 52 106 108 98 15 91 16 28 71 49 67 56 39 58 12 47 26 102 104 60 105 13 3 95 30 41 88 6 1 38 43 53 50 72 73 76 34 4 89 40 48 62 87 61 96 63 86 21 18 97 65 
0 19 31 77 90 23 79 55 107 24 29 27 54 92 46 17 8 9 75 85 7 35 20 11 59 22 42 25 37 45 44 70 32 5 81 83 109 94 68 51 2 69 82 36 78 84 103 100 39 101 74 10 99 64 33 14 57 80 66 52 106 108 98 15 93 91 16 28 71 49 67 56 58 12 47 26 102 104 60 105 13 3 95 30 41 88 6 1 38 43 53 50 72 73 76 34 4 89 40 48 62 87 61 96 63 86 21 18 97 65 
0 19 31 77 90 23 79 55 107 24 29 27 54 92 46 17 8 9 75 85 7 35 20 11 59 22 42 25 37 45 44 70 93 32 5 81 83 109 94 68 51 2 69 82 36 78 84 103 100 39 101 74 10 99 64 33 14 57 80 66 52 106 108 98 15 91 16 28 71 49 67 56 58 12 47 26 102 50 60 105 13 3 95 30 41 88 6 1 38 43 53 104 72 73 76 34 4 89 40 48 62 87 61 96 63 86 21 18 97 65 
0 19 31 77 90 23 79 55 107 24 29 27 54 92 46 17 8 9 75 85 7 35 20 11 59 22 42 25 37 45 44 70 93 32 5 81 83 109 94 68 51 2 69 82 36 61 87 62 48 40 89 4 34 76 73 72 50 53 43 38 1 6 88 41 30 95 3 13 105 60 104 102 26 47 12 58 56 67 49 71 28 16 91 15 98 108 106 52 66 80 57 14 33 64 99 10 74 101 39 100 103 84 78 96 63 86 21 18 97 65 
0 19 31 77 90 23 79 55 107 24 29 27 54 92 46 17 8 9 75 85 7 35 20 11 59 22 42 25 37 45 44 70 93 32 5 81 83 109 94 68 51 2 69 82 36 78 99 64 33 14 57 80 66 52 106 108 98 15 91 16 28 71 49 67 56 58 12 47 26 102 104 60 105 13 43 38 1 6 88 41 30 95 3 53 50 72 73 76 34 4 100 39 101 74 10 84 103 89 40 48 62 87 61 96 63 86 21 18 97 65 
0 19 31 77 90 23 79 55 107 24 29 27 54 92 46 17 8 9 75 85 7 35 20 11 59 22 42 25 37 45 44 70 93 32 5 81 83 109 94 68 51 2 69 82 36 78 84 103 100 39 101 74 10 99 64 33 14 57 80 66 52 106 108 98 15 91 16 28 71 49 67 56 58 12 47 26 102 104 60 105 13 3 95 30 41 88 6 1 38 43 53 72 73 76 34 4 89 40 48 62 87 61 96 63 86 21 50 18 97 65 
0 19 31 77 90 23 79 55 107 24 29 27 54 92 46 17 8 9 75 85 7 35 20 11 59 22 42 25 37 45 44 70 93 32 5 81 83 109 94 68 51 2 69 82 36 78 84 103 100 39 101 74 10 99 64 33 14 57 80 66 52 106 108 98 15 91 16 28 71 49 67 56 58 12 47 26 102 104 60 105 13 3 95 30 41 88 6 38 43 53 50 72 73 76 34 4 89 40 48 62 87 61 96 63 1 86 21 18 97 65 
0 19 31 77 90 23 79 55 107 24 29 27 54 92 46 17 8 9 75 85 7 35 20 11 59 22 42 25 37 45 44 70 93 32 5 81 94 109 83 68 51 2 82 36 78 84 103 100 39 101 74 10 99 64 33 14 57 80 66 52 106 108 98 15 91 16 28 71 49 67 56 58 12 47 26 102 104 69 60 105 13 3 95 30 41 88 6 1 38 43 53 50 72 73 76 34 4 89 40 48 62 87 61 96 63 86 21 18 97 65 
0 19 31 77 90 23 79 55 107 24 29 27 54 92 46 17 8 9 75 85 7 35 11 59 22 42 25 37 45 44 70 93 32 5 81 83 109 94 68 51 2 69 82 36 20 78 84 103 100 39 101 74 10 99 64 33 14 57 80 66 52 106 108 98 15 91 16 28 71 49 67 56 58 12 47 26 102 104 60 105 13 3 95 30 41 6 1 38 43 88 53 50 72 73 76 34 4 89 40 48 62 87 61 96 63 86 21 18 97 65 
0 19 31 77 90 23 79 55 107 24 29 27 54 92 46 17 8 9 75 85 7 35 20 11 59 22 42 25 37 45 44 70 93 32 5 81 83 109 94 68 51 2 69 82 36 78 84 103 100 39 101 74 10 99 64 33 14 87 62 48 40 89 4 34 76 73 72 50 53 43 38 1 6 88 57 80 66 52 106 108 98 15 91 16 28 71 49 67 56 58 12 47 26 102 104 60 105 13 3 95 30 41 61 96 63 86 21 18 97 65 
0 19 31 77 90 23 79 55 107 24 29 27 54 92 46 17 8 9 75 85 7 35 20 11 59 22 42 25 37 45 44 70 93 32 5 81 83 109 94 68 51 2 69 82 36 78 84 103 100 39 101 74 10 99 64 33 14 57 80 66 52 106 108 98 15 91 16 28 71 49 67 61 87 62 48 40 89 4 34 76 73 72 50 53 43 38 1 6 88 41 30 95 3 13 105 60 104 102 26 47 12 58 56 96 63 86 21 18 97 65 
0 19 31 77 90 23 79 55 107 24 29 27 11 92 46 17 8 9 75 85 7 35 20 54 59 22 42 25 37 45 44 70 93 32 5 81 83 109 94 68 51 2 69 82 78 84 103 100 39 101 74 10 99 64 33 14 57 80 66 52 106 108 36 98 15 91 16 28 71 49 67 56 58 12 47 26 102 104 60 105 13 3 95 30 41 88 6 1 38 43 53 50 72 73 76 34 4 89 40 48 62 87 61 96 63 86 21 18 97 65 
0 19 31 77 90 23 79 55 107 24 29 27 54 92 46 17 8 9 75 85 7 35 20 11 59 89 4 34 76 73 72 50 53 43 38 1 6 88 41 30 95 3 13 105 60 104 102 26 47 12 58 56 67 49 71 28 16 91 15 98 108 106 22 42 25 37 45 44 70 93 32 5 81 83 109 94 68 51 2 69 82 36 78 84 103 100 39 101 74 10 99 64 33 14 57 80 66 52 40 48 62 87 61 96 63 86 21 18 97 65 
0 19 31 77 90 23 79 55 107 24 29 27 54 92 46 17 8 9 75 85 7 35 20 11 59 22 42 25 37 45 44 70 93 32 68 81 83 109 94 5 51 2 69 82 36 78 84 103 100 39 101 74 10 99 64 33 14 57 80 66 52 106 108 98 15 91 16 28 71 49 67 56 58 12 47 26 102 104 60 105 13 3 95 30 41 88 6 1 63 96 61 87 62 48 40 89 4 34 76 73 72 50 53 43 38 86 21 18 97 65 
0 19 31 77 90 23 79 55 107 24 29 27 54 92 46 17 8 9 75 85 7 35 20 11 59 22 42 25 37 45 44 70 93 73 72 50 53 43 38 1 15 6 88 41 30 95 3 13 105 60 104 102 26 47 12 58 56 67 49 71 28 16 91 98 108 106 52 66 80 57 14 33 64 99 10 74 101 39 100 103 84 78 36 82 69 2 51 68 94 109 83 81 5 32 76 34 4 89 40 48 62 87 61 96 63 86 21 18 97 65 
0 19 31 77 90 23 79 55 107 24 29 27 54 92 46 17 8 9 75 85 7 35 20 11 59 22 42 25 37 45 44 70 93 32 5 81 83 109 94 68 51 2 69 82 36 78 84 103 100 39 101 74 10 99 64 33 14 57 80 66 52 106 108 98 15 91 16 43 53 50 72 73 76 34 4 89 40 48 62 105 13 3 95 30 41 88 6 1 38 28 71 56 49 67 58 12 47 26 102 104 60 87 61 96 63 86 21 18 97 65 
0 19 31 77 90 23 79 55 107 24 29 27 54 92 46 17 8 9 75 85 7 35 20 11 59 22 42 25 37 45 44 70 93 32 5 81 83 109 94 68 51 2 69 82 36 78 84 103 100 39 101 74 10 99 64 33 14 57 80 66 13 3 95 30 41 88 6 1 38 43 53 50 72 73 76 34 4 104 60 105 52 106 108 98 15 91 16 28 71 49 67 56 58 12 47 26 102 89 40 48 62 87 61 96 63 86 21 18 97 65 
0 19 31 77 90 23 79 55 107 24 29 27 54 92 46 17 8 9 75 85 7 35 38 1 6 88 41 30 95 3 13 105 60 104 102 26 47 12 58 56 67 49 71 28 16 91 15 98 108 106 52 66 80 57 14 33 64 99 10 74 101 39 100 103 84 78 36 82 69 2 20 11 59 22 42 25 37 45 44 70 93 32 5 81 83 109 94 68 51 43 53 50 72 73 76 34 4 89 40 48 62 87 61 96 63 86 21 18 97 65 
0 19 31 77 90 23 79 55 107 24 29 27 54 92 46 17 8 9 75 85 7 35 20 11 59 22 42 25 37 45 44 70 93 32 5 81 83 109 94 68 51 2 69 82 36 78 84 103 100 39 101 74 10 99 64 33 14 57 80 66 52 106 108 98 15 91 16 28 71 49 67 56 58 12 47 26 102 104 60 105 13 3 95 30 41 73 76 34 4 88 6 1 38 43 53 50 72 18 21 86 63 96 61 87 62 48 40 89 97 65 
0 19 31 77 90 23 79 55 107 24 29 27 54 92 46 17 8 9 75 85 7 35 20 11 59 22 42 25 37 45 44 70 93 32 5 81 83 109 94 68 51 2 69 82 100 103 84 78 36 39 101 74 47 26 102 104 60 105 13 10 99 64 33 14 57 80 66 52 106 108 98 15 91 16 28 71 49 67 56 58 12 3 95 30 41 88 6 1 38 43 53 50 72 73 76 34 4 89 40 48 62 87 61 96 63 86 21 18 97 65 
0 19 31 77 90 23 79 55 107 24 29 27 54 92 46 17 8 9 85 7 35 20 11 59 22 42 25 37 45 44 70 93 32 5 81 83 109 94 68 51 2 69 82 36 78 84 103 100 39 101 74 10 99 64 33 14 57 80 66 52 106 108 98 15 91 16 28 71 49 67 56 58 12 47 26 102 104 60 105 13 3 95 30 41 88 6 1 38 43 53 50 72 75 73 76 34 4 89 40 48 62 87 61 96 63 86 21 18 97 65 
0 19 31 77 90 23 79 55 107 24 29 27 54 92 46 17 8 9 75 85 7 35 20 11 59 22 42 25 37 45 44 70 93 32 5 81 83 109 94 68 51 2 69 82 36 78 84 103 100 101 74 10 99 64 33 14 57 80 66 52 106 108 98 15 91 16 28 71 49 67 56 58 12 47 26 102 104 60 105 13 3 95 30 39 41 88 6 1 38 43 53 50 72 73 76 34 4 89 40 48 62 87 61 96 63 86 21 18 97 65 
0 19 31 77 90 23 79 55 107 24 29 27 54 92 46 17 8 9 75 85 7 35 20 11 59 22 42 25 37 45 44 70 93 32 5 81 83 109 94 68 51 2 69 82 36 78 84 103 100 101 74 10 99 64 33 14 57 80 66 52 106 108 98 15 91 16 28 71 49 67 56 58 12 47 26 102 104 60 105 13 3 95 30 39 41 88 6 1 38 43 53 50 72 73 76 34 4 89 40 48 62 87 61 96 63 86 21 18 97 65 
0 19 31 77 90 23 79 55 107 24 29 27 54 92 46 17 8 9 75 85 7 35 20 11 59 22 42 25 37 45 70 93 32 5 81 83 109 94 68 51 2 69 82 36 78 84 103 100 39 101 74 10 99 64 33 14 57 80 66 52 106 108 98 15 91 16 28 71 49 67 56 58 12 47 26 102 104 60 44 105 13 3 95 30 41 88 6 1 38 43 53 50 72 73 76 34 4 89 40 48 62 87 61 96 63 86 21 18 97 65 
0 19 31 77 90 23 79 55 34 76 73 72 50 53 43 38 1 6 88 41 30 95 3 13 105 60 104 102 26 47 12 58 56 67 49 71 28 16 91 15 98 108 106 52 66 80 57 14 33 64 99 10 74 101 39 100 103 84 78 36 82 69 2 51 68 94 109 83 81 5 32 93 70 44 45 37 25 42 22 59 11 20 35 7 85 75 9 8 17 46 92 54 27 29 24 107 4 89 40 48 62 87 61 96 63 86 21 18 97 65 
0 19 31 77 90 23 79 55 107 24 29 27 54 92 46 17 8 9 75 85 7 35 20 11 59 22 42 25 37 45 44 70 93 32 5 81 83 109 94 68 51 2 69 82 36 78 84 103 100 39 101 74 10 99 64 33 14 87 62 48 40 89 4 34 76 73 72 50 53 43 38 1 6 88 30 95 3 13 41 105 60 104 102 26 47 12 58 56 67 57 80 66 52 106 108 98 15 91 16 28 71 49 61 96 63 86 21 18 97 65 
0 19 31 77 90 23 79 55 107 24 29 27 54 92 46 17 8 9 75 85 7 35 20 11 59 22 42 25 37 45 44 70 93 32 5 81 83 109 94 68 51 2 69 82 36 78 84 103 100 39 101 74 10 99 58 56 67 49 71 28 16 91 15 98 108 3 95 30 41 88 64 33 14 57 80 66 52 106 13 105 60 104 102 26 47 12 6 1 38 43 53 50 72 73 76 34 4 89 40 48 62 87 61 96 63 86 21 18 97 65 
0 19 31 77 90 23 79 55 107 24 29 27 54 92 46 17 8 9 75 85 7 35 20 11 59 22 42 25 37 45 44 70 93 32 5 81 83 109 94 58 12 47 26 102 104 60 105 13 3 95 30 41 88 6 1 38 43 53 50 72 73 76 34 4 15 91 16 28 71 49 67 56 68 51 2 69 82 36 78 84 103 100 39 101 74 10 99 64 33 14 57 80 66 52 106 108 98 89 40 48 62 87 61 96 63 86 21 18 97 65 
0 19 31 77 90 23 79 55 107 24 29 27 54 92 46 17 8 9 75 85 7 35 20 11 59 22 42 25 37 45 44 70 93 32 5 81 83 109 94 68 2 69 82 36 78 84 103 100 39 101 74 10 99 64 33 14 57 80 66 52 106 16 98 15 91 108 28 71 49 67 56 58 12 47 26 102 104 60 105 13 3 95 30 41 88 6 1 38 43 53 50 72 73 76 34 4 89 40 48 62 87 61 96 63 86 21 51 18 97 65 
0 19 31 77 90 23 79 55 107 24 29 27 54 92 46 17 8 9 75 85 7 35 20 11 59 22 42 25 37 45 44 14 57 80 66 39 100 103 84 78 36 82 69 2 51 68 94 109 83 81 5 32 93 70 33 64 99 10 74 101 47 12 58 56 67 49 71 28 16 91 15 98 108 106 52 26 102 104 60 105 13 3 95 30 41 88 6 1 38 43 53 50 72 73 76 34 4 89 40 48 62 87 61 96 63 86 21 18 97 65 
0 19 31 77 90 23 79 55 107 24 29 27 54 92 46 17 8 9 75 85 7 35 20 11 59 22 42 25 37 45 44 70 93 32 5 81 83 109 94 68 51 2 69 82 36 78 84 103 100 39 101 74 10 99 64 33 14 57 80 66 52 106 108 98 88 6 1 38 43 53 50 72 73 76 34 4 89 104 60 105 13 3 95 30 41 15 91 16 28 71 49 67 56 58 12 47 26 102 40 48 62 87 61 96 63 86 21 18 97 65 
0 19 31 77 90 23 79 55 107 24 29 27 54 92 46 17 8 9 75 85 7 35 20 11 59 22 42 25 37 45 44 70 93 32 5 81 83 109 94 68 51 2 69 82 36 78 84 103 100 39 101 74 10 99 64 33 14 57 80 66 52 106 108 98 15 91 16 28 71 49 67 56 58 12 47 26 102 104 60 105 13 3 95 30 41 88 6 1 38 53 50 72 73 76 34 4 89 40 48 62 87 61 96 63 86 21 18 97 65 43 
0 19 31 77 90 23 79 55 107 24 29 27 54 92 46 17 8 9 75 85 7 35 20 11 59 22 42 25 37 45 44 70 93 32 5 57 83 109 94 68 51 2 69 82 36 78 84 103 100 39 101 74 10 99 64 33 14 81 80 66 52 106 108 98 15 91 16 28 71 49 67 56 58 12 47 26 102 104 60 105 13 3 95 41 88 6 1 38 43 53 30 50 72 73 76 34 4 89 40 48 62 87 61 96 63 86 21 18 97 65 
0 19 31 77 90 23 79 55 107 24 29 27 54 92 46 17 8 9 75 85 7 35 20 11 59 22 42 25 37 45 44 70 93 32 5 81 83 109 94 68 51 2 69 82 36 78 84 103 100 39 101 74 10 99 64 33 14 57 80 66 52 106 108 98 15 91 16 28 88 41 30 95 13 105 60 104 26 47 12 58 56 67 71 49 102 6 1 38 43 53 50 72 73 76 34 4 89 40 48 62 87 61 96 63 86 21 18 3 97 65 
0 19 31 77 90 23 79 55 107 24 29 27 54 92 46 17 16 91 15 98 108 106 52 66 80 57 14 33 64 99 10 74 101 39 100 103 84 78 36 82 69 2 51 68 94 109 83 81 5 32 93 70 44 45 37 25 42 22 59 11 20 35 7 85 75 9 8 28 71 49 67 56 58 12 47 26 102 104 60 105 13 3 95 30 41 88 6 1 38 43 53 50 72 73 76 34 4 89 40 48 62 87 61 96 63 86 21 18 97 65 
0 19 31 77 90 23 79 55 107 24 29 27 54 92 46 17 8 9 75 85 7 35 20 11 59 22 42 25 37 45 44 70 93 32 5 81 83 109 94 68 51 2 69 82 36 78 84 103 100 39 101 74 10 99 64 33 14 57 80 66 52 106 108 98 15 91 16 28 71 49 67 56 58 12 47 26 102 104 60 105 13 3 95 30 41 88 6 1 38 63 53 50 72 73 76 34 4 89 40 48 62 87 61 96 43 86 21 18 97 65 
0 19 31 77 90 23 79 55 107 24 29 27 54 92 46 17 8 9 75 85 7 35 20 11 59 22 42 50 37 45 44 70 93 32 5 81 83 109 94 68 51 2 69 82 36 78 84 103 100 39 101 74 10 99 64 33 14 57 80 66 52 106 108 98 15 91 16 28 71 49 67 56 58 12 47 26 102 104 60 105 13 3 95 30 41 88 6 1 38 43 53 25 72 73 76 34 4 89 40 48 62 87 61 96 63 86 21 18 97 65 
0 19 31 77 90 23 79 55 107 24 29 27 54 92 46 17 8 9 75 85 7 35 20 11 59 22 42 25 37 45 44 70 93 32 5 81 83 109 94 68 51 2 69 82 36 78 84 103 100 39 101 74 99 64 33 14 57 80 66 52 106 108 98 15 91 16 28 12 58 56 67 49 71 47 26 102 104 60 105 13 3 95 30 41 88 6 1 38 43 53 50 72 73 76 34 4 89 40 48 62 87 61 96 63 86 21 18 97 10 65 
0 19 31 77 90 23 79 55 107 24 29 27 54 92 46 17 8 9 75 85 7 35 20 11 59 22 42 25 52 45 44 70 93 32 5 81 83 109 94 68 51 2 69 82 36 78 84 103 100 39 101 74 10 99 64 33 14 57 80 66 37 106 108 98 15 91 16 28 71 49 67 56 58 12 47 26 102 104 60 105 13 3 95 30 41 88 6 1 38 43 53 50 72 73 76 34 4 89 40 48 62 87 61 96 63 86 21 18 97 65 
0 19 31 77 90 23 79 55 107 24 29 27 54 92 46 17 8 9 75 41 85 7 35 20 11 59 22 42 25 37 45 44 70 93 32 5 81 83 109 94 68 51 2 69 82 36 78 84 103 100 39 101 74 10 99 64 33 14 57 80 66 52 106 108 98 15 91 16 28 71 49 67 56 58 12 47 26 102 104 60 105 13 3 95 30 88 6 1 38 43 53 50 72 73 76 34 4 89 40 48 62 87 61 96 63 86 21 18 97 65 
0 19 31 77 90 23 79 55 107 24 29 27 54 92 46 17 8 9 75 85 7 35 20 11 59 22 42 25 37 45 44 70 93 32 5 81 83 109 94 68 51 2 69 82 36 78 84 103 100 39 101 74 10 99 64 33 14 57 80 66 52 106 108 15 91 16 28 71 49 67 56 58 12 47 26 102 104 60 105 13 3 95 30 41 88 6 1 38 43 53 50 72 73 76 34 4 89 40 48 62 87 61 96 63 86 21 18 97 65 98 
0 19 31 77 90 23 79 55 107 24 29 27 54 92 46 17 8 9 75 85 83 109 94 68 51 2 69 82 37 45 44 70 93 32 5 81 7 35 20 11 59 22 42 25 36 78 84 103 100 39 101 74 10 99 64 33 14 57 80 66 52 106 108 98 15 91 16 28 71 49 67 56 58 12 47 26 102 104 60 105 13 3 95 30 41 88 6 1 38 43 53 50 72 73 76 34 4 89 40 62 87 21 61 96 63 86 48 18 97 65 
0 19 31 77 90 23 79 55 107 24 29 27 54 92 46 17 8 9 75 85 7 35 20 11 59 22 42 25 37 45 44 70 93 32 5 81 83 109 94 68 51 2 69 82 36 78 84 103 100 39 101 74 10 99 64 33 14 57 80 66 52 106 108 98 15 91 16 28 71 49 67 56 58 12 47 102 104 60 105 13 3 95 30 41 88 6 1 38 43 53 50 72 73 76 34 4 89 40 48 62 87 61 96 63 86 21 18 97 26 65 
0 19 31 77 90 23 79 55 107 24 29 27 54 92 46 17 8 9 75 85 7 35 20 11 59 22 42 25 37 45 44 70 93 32 5 81 83 109 94 68 51 2 69 82 36 78 84 103 100 13 101 74 10 99 64 33 39 14 57 80 66 52 106 108 98 15 91 16 28 71 49 67 56 58 12 26 102 104 60 105 3 95 30 41 88 6 1 38 47 43 53 50 72 73 76 34 4 89 40 48 62 87 61 96 63 86 21 18 97 65 
0 19 31 77 90 23 79 55 70 24 29 27 54 92 46 17 8 9 75 85 7 35 20 11 59 22 42 25 37 45 44 107 93 32 5 81 83 109 94 68 51 2 69 82 36 78 84 103 100 39 101 74 10 99 64 33 14 57 80 66 52 28 16 91 15 98 108 106 71 49 67 56 58 12 47 26 102 104 60 105 13 3 95 30 41 88 6 1 38 43 53 50 72 73 76 34 4 89 40 48 62 87 61 96 63 86 21 18 97 65 
0 19 31 77 90 23 79 55 107 24 29 27 54 92 46 17 8 9 75 40 7 35 20 11 59 22 42 25 37 45 44 70 93 32 5 81 83 109 94 68 51 2 69 82 36 78 84 103 100 39 101 74 10 99 64 33 14 57 80 66 52 106 108 98 15 91 16 28 71 49 67 56 58 12 47 26 102 104 60 105 13 3 95 30 41 88 6 1 38 43 53 50 72 73 76 34 4 89 85 48 62 87 61 96 63 86 21 18 97 65 
0 19 31 77 90 23 79 55 107 24 29 27 54 92 46 17 8 9 75 85 7 35 20 11 59 22 42 25 37 45 44 70 93 32 5 81 83 109 94 68 51 2 69 82 36 78 84 103 100 39 101 74 10 99 64 14 57 80 66 52 106 108 98 15 33 91 16 28 71 73 72 50 53 43 38 1 6 88 41 30 95 3 13 105 60 104 26 47 12 58 56 67 49 76 34 4 89 40 48 62 87 61 102 96 63 86 21 18 97 65 
0 19 31 77 90 79 55 107 24 29 27 54 92 46 17 8 9 75 85 7 35 20 11 59 22 42 25 37 45 44 70 93 32 5 81 83 109 94 68 51 2 69 82 36 78 84 103 100 39 101 74 10 23 99 64 33 14 57 80 66 52 106 108 98 15 91 16 28 71 49 67 56 58 12 47 26 102 104 60 105 13 3 95 30 41 88 6 1 38 43 53 50 72 73 76 34 4 89 40 48 62 87 61 96 63 86 21 18 97 65 
0 19 31 77 90 23 79 55 107 24 29 27 54 92 46 17 8 9 75 85 7 35 20 11 59 22 42 25 37 45 44 70 93 32 5 81 83 109 94 68 51 2 69 82 36 78 84 103 100 102 101 74 10 99 64 33 14 57 80 66 52 106 108 98 15 91 16 28 71 49 67 56 58 12 47 26 39 104 60 105 13 3 95 30 41 88 6 1 38 43 53 50 72 73 76 34 4 89 40 48 62 87 61 96 63 86 21 18 97 65 
0 19 31 77 90 23 79 55 107 24 29 27 54 92 46 17 8 9 75 85 7 35 20 11 59 22 42 25 37 45 44 70 93 32 5 81 83 109 94 65 51 2 69 82 36 78 84 103 100 39 101 74 10 99 64 33 14 57 80 66 52 106 108 98 15 91 16 28 71 49 67 56 58 12 47 26 102 104 60 105 13 3 95 30 41 88 6 1 38 43 53 50 72 73 76 34 4 89 40 48 62 87 61 96 63 86 21 18 97 68 
0 19 31 77 90 23 79 55 107 24 29 27 54 92 46 17 8 9 75 85 7 35 20 11 59 105 60 104 102 26 47 12 58 56 67 49 71 28 16 91 15 98 108 106 52 66 80 57 14 33 64 99 10 74 101 39 100 103 84 78 36 82 69 2 51 68 109 83 81 5 32 93 70 44 45 37 25 42 22 13 3 95 30 41 88 6 1 38 43 53 50 72 73 94 76 34 4 89 40 48 62 87 61 96 63 86 21 18 97 65 
0 19 31 77 90 23 79 55 107 24 29 27 54 92 46 17 8 9 75 85 7 35 20 11 59 22 42 25 37 45 44 70 93 32 5 81 83 109 94 68 51 2 69 82 36 78 84 103 100 39 101 74 10 99 64 33 14 57 80 66 52 106 108 98 15 91 16 28 71 49 67 56 58 12 47 26 102 60 105 13 3 95 30 41 88 6 1 38 43 53 50 72 73 76 34 4 89 40 48 62 87 61 96 63 86 21 18 97 65 104 
0 19 31 77 90 23 79 55 107 24 29 27 54 106 108 98 15 91 16 28 71 49 67 56 58 12 47 26 102 104 60 105 13 3 95 30 41 88 6 1 38 43 53 50 72 73 76 34 4 89 40 48 62 87 61 96 63 86 21 18 97 92 46 17 8 9 75 85 7 35 20 11 59 22 42 25 37 45 44 70 93 32 5 81 83 109 94 68 51 2 69 82 36 78 84 103 100 39 101 74 10 99 64 33 14 57 80 66 52 65 
0 19 31 77 90 23 79 55 107 24 29 27 54 92 46 17 8 9 75 85 7 35 20 11 59 22 42 25 37 45 44 70 93 32 5 81 83 109 94 68 51 2 69 82 36 78 84 103 100 39 101 74 10 99 64 33 14 57 80 66 52 106 108 98 15 91 16 28 71 49 67 56 58 12 47 26 102 104 60 105 13 3 63 30 41 88 6 1 38 43 53 50 72 73 76 34 4 89 40 48 62 87 61 96 95 86 21 18 97 65 
0 19 31 77 90 23 79 55 107 24 29 27 41 92 46 17 8 9 75 54 85 7 35 20 11 59 22 42 25 37 45 44 70 93 32 5 81 83 109 94 68 51 2 69 82 36 78 84 103 100 39 101 74 10 99 64 33 14 57 80 66 52 106 108 98 15 91 16 28 71 49 67 56 58 12 47 26 102 104 60 105 13 3 95 30 88 6 1 38 43 53 50 72 73 76 34 4 89 40 48 62 87 61 96 63 86 21 18 97 65 
0 19 31 77 90 67 49 71 28 16 91 15 98 108 106 52 66 80 57 14 33 64 99 10 74 101 39 100 103 84 78 36 82 69 2 51 68 94 109 83 81 5 32 93 70 44 45 37 25 42 22 59 11 20 35 7 85 75 9 8 17 46 92 54 27 29 24 107 55 79 23 56 58 12 47 26 102 104 60 105 13 3 95 30 41 88 6 1 38 43 53 50 72 73 76 34 4 89 40 48 62 87 61 96 63 86 21 18 97 65 
0 19 31 77 90 23 79 55 107 24 29 27 54 92 46 17 8 9 75 85 7 35 20 11 53 22 42 25 37 45 44 70 93 32 5 81 83 109 94 68 51 2 69 82 36 78 84 103 100 39 101 74 10 99 64 33 14 57 80 66 52 106 108 98 15 91 16 28 71 49 67 56 58 12 47 26 102 104 60 105 13 3 95 30 41 88 6 1 38 43 59 50 72 73 76 34 4 89 40 48 62 87 61 96 63 86 21 18 97 65 
0 19 31 77 90 23 79 55 107 24 29 27 54 92 46 17 8 9 75 85 7 35 20 11 59 22 42 25 37 45 44 70 93 32 5 81 83 109 3 68 51 2 69 82 36 78 84 103 100 39 101 74 10 99 64 33 14 57 80 66 52 106 108 98 15 91 16 28 71 49 67 56 58 12 47 26 102 104 60 105 13 94 95 30 41 88 6 1 38 43 53 50 72 73 76 34 4 89 40 48 62 87 61 96 63 86 21 18 97 65 
0 19 31 77 90 23 79 55 107 24 29 27 54 92 46 17 98 15 91 16 28 71 49 67 56 58 12 47 26 102 104 60 105 13 3 95 30 41 88 6 1 38 43 53 50 72 73 76 34 4 89 40 48 62 87 61 96 63 86 21 18 97 65 8 9 75 85 7 35 20 11 59 22 42 25 37 45 44 70 93 32 5 81 83 109 94 68 51 2 69 82 36 78 84 103 100 39 101 74 10 99 64 33 14 57 80 66 52 106 108 
0 19 31 77 90 23 79 55 107 24 29 69 54 92 46 17 8 9 75 85 7 35 20 11 59 22 42 25 37 45 44 70 93 32 5 81 83 109 94 68 51 2 27 82 36 78 84 103 100 39 101 74 10 99 64 33 14 57 80 66 52 106 108 98 15 91 16 28 71 49 67 56 58 12 47 26 102 104 60 105 13 3 95 30 41 88 6 1 38 43 53 50 72 73 76 34 4 89 40 48 62 87 61 96 63 86 21 18 97 65 
0 19 31 77 90 23 26 47 12 58 56 67 49 71 28 16 91 15 98 108 106 52 66 80 57 14 33 64 99 10 74 101 39 100 103 84 78 36 82 69 2 51 68 94 109 83 81 5 32 93 70 44 45 37 25 42 22 59 11 20 35 7 85 75 9 8 17 46 92 54 27 29 24 107 55 79 102 104 60 105 13 3 95 30 41 88 6 1 38 43 53 50 72 73 76 34 4 89 40 48 62 87 61 96 63 86 21 18 97 65 
0 19 31 77 90 23 79 55 107 24 29 27 54 92 46 17 8 9 103 100 39 101 74 10 99 64 33 14 57 80 66 52 106 108 98 15 91 16 28 71 49 67 56 58 12 47 26 102 104 13 105 60 3 95 36 78 84 75 85 7 35 20 11 59 22 42 25 37 45 44 70 93 32 5 81 83 109 94 68 51 2 69 82 30 41 88 6 1 38 43 53 50 72 73 76 34 4 89 40 48 62 87 61 96 86 21 63 18 97 65 
0 19 31 77 90 23 79 55 107 24 29 27 106 52 66 80 57 14 33 64 99 10 74 101 39 100 103 84 78 36 82 69 2 51 68 94 109 83 81 5 32 93 70 44 8 45 37 25 42 22 59 11 20 35 7 85 75 9 17 46 92 54 108 98 15 91 16 28 71 49 67 56 58 12 47 26 102 104 60 105 13 3 95 30 41 88 6 1 38 43 53 50 72 73 76 34 4 89 40 48 62 87 61 96 63 86 21 18 97 65 
0 19 31 77 90 23 79 55 107 24 29 27 54 92 46 17 8 9 75 85 7 35 20 11 59 22 42 25 1 45 44 70 93 32 5 81 83 109 94 68 51 2 69 82 36 78 84 103 100 39 101 74 10 99 64 33 14 57 80 66 52 106 108 98 15 91 37 16 28 71 49 67 56 58 12 47 26 102 104 60 105 13 3 95 30 41 88 6 38 43 53 50 72 73 76 34 4 89 40 48 62 87 61 96 63 86 21 18 97 65 
0 19 31 77 90 23 79 55 107 24 29 27 54 92 46 17 8 9 75 85 7 35 20 11 59 22 42 25 37 45 44 70 93 32 5 81 83 109 94 68 51 2 82 36 78 84 103 100 39 101 74 10 99 64 33 14 21 86 63 96 61 87 62 48 40 89 4 34 76 73 72 50 53 43 38 1 6 88 41 30 95 3 13 105 60 104 102 26 47 12 58 56 67 49 71 28 16 91 15 98 108 106 52 66 80 57 18 97 69 65 
0 19 31 77 90 23 79 55 107 24 29 27 54 92 46 17 8 9 75 85 7 35 20 11 59 22 42 25 37 45 44 70 93 32 5 81 83 109 94 68 51 2 69 82 36 78 84 103 100 39 101 71 74 10 99 64 33 14 57 80 66 52 106 6 88 41 30 95 3 13 105 60 104 102 26 47 12 58 4 67 49 28 16 91 15 98 108 1 38 43 53 50 72 73 76 34 56 89 40 48 62 87 61 96 63 86 21 18 97 65 
0 19 31 77 90 23 79 55 107 24 29 27 54 92 46 17 8 9 75 85 7 35 20 11 59 22 42 25 37 45 44 70 93 32 5 81 83 34 94 68 51 2 69 82 36 78 84 103 100 39 101 74 10 99 64 33 14 57 80 66 52 106 108 98 15 91 16 28 71 49 56 58 12 47 26 102 104 60 105 13 3 95 30 62 48 40 89 4 109 76 73 72 50 53 43 38 1 6 88 41 87 61 96 63 86 21 67 18 97 65 
0 19 31 77 90 23 79 55 107 24 29 27 54 92 46 17 40 9 75 85 7 35 20 11 59 22 42 25 37 45 44 70 93 32 5 81 83 109 94 68 51 2 69 82 36 78 84 103 100 39 101 74 10 99 64 33 14 57 80 66 52 106 108 98 15 91 16 28 71 49 67 56 58 12 47 26 102 104 60 105 13 3 95 30 41 88 6 1 38 43 53 50 72 73 76 34 4 89 8 48 62 87 61 96 63 86 21 18 97 65 
0 19 31 77 90 23 79 55 107 48 29 27 54 92 46 17 8 9 75 85 7 35 20 11 59 22 42 25 37 45 44 70 24 93 32 5 81 83 109 94 68 51 2 69 82 36 78 84 103 100 39 101 74 10 99 64 33 14 57 80 66 52 106 108 98 15 91 16 28 71 49 67 56 58 12 47 26 102 104 60 105 13 3 95 30 41 88 6 1 38 43 53 50 72 73 76 34 4 89 40 62 87 61 96 63 86 21 18 97 65 
0 19 31 77 6 88 41 30 95 3 13 105 60 104 102 26 47 12 58 56 67 49 71 28 16 1 91 15 98 108 106 52 66 80 57 14 33 64 99 10 74 101 39 100 103 84 78 36 82 69 2 51 68 94 109 83 81 5 32 93 70 44 45 37 25 42 22 59 11 20 35 7 85 75 9 8 17 46 92 54 27 29 24 107 55 79 23 90 38 43 53 50 72 73 76 34 4 89 40 48 62 87 61 96 63 86 21 18 97 65 
0 19 31 77 90 5 81 83 109 94 68 51 2 69 82 36 8 9 75 85 7 35 20 11 59 22 42 25 37 45 44 70 93 32 23 79 55 107 24 29 27 54 92 46 17 78 84 103 100 39 101 74 10 99 64 33 14 57 80 66 52 106 108 98 15 91 16 28 71 49 67 56 58 12 47 26 102 104 60 105 13 3 95 30 41 88 6 1 38 43 53 50 72 73 76 34 4 89 40 48 62 87 61 96 63 86 21 18 97 65 
0 19 31 77 7 35 20 11 22 42 25 37 45 44 70 93 32 5 81 83 109 94 68 51 2 9 8 17 46 92 54 27 29 24 107 55 79 23 90 85 75 69 82 36 78 84 103 100 59 39 101 74 10 99 64 33 14 57 80 66 52 106 108 98 15 91 16 28 71 49 67 56 58 12 47 26 102 104 60 105 13 3 95 30 41 88 6 1 38 43 53 50 72 73 76 34 4 89 40 48 62 87 61 96 63 86 21 18 97 65 
0 19 31 77 90 23 79 55 107 24 29 27 54 92 46 109 8 9 75 85 7 35 20 11 59 22 42 25 37 45 44 70 93 32 5 81 83 17 94 68 51 2 69 82 36 78 84 103 100 39 101 74 10 99 64 33 14 57 80 66 52 106 108 98 15 91 16 28 71 49 67 56 58 12 47 26 102 104 60 105 13 3 95 30 41 88 6 1 38 43 53 50 72 73 76 4 89 40 48 34 62 87 61 96 63 86 21 18 97 65 
0 19 31 77 99 64 33 14 57 80 66 52 106 108 98 15 91 16 28 71 49 67 56 58 12 47 26 102 104 60 105 13 43 38 1 6 88 41 30 95 3 53 50 72 73 76 90 23 79 55 107 24 29 27 54 92 46 17 8 9 75 85 7 35 20 11 59 22 42 25 37 45 44 70 93 32 5 81 83 109 94 68 51 2 69 82 36 78 84 103 100 39 101 74 10 34 4 89 40 48 62 87 61 96 63 86 21 18 97 65 
0 19 31 77 57 80 66 52 106 108 98 15 91 16 28 71 49 67 56 58 12 47 26 102 104 60 105 13 3 95 30 41 88 6 1 38 43 53 50 72 73 76 34 4 89 40 48 62 87 61 96 63 86 21 18 97 65 90 23 79 55 107 24 29 27 54 92 46 17 8 9 75 85 7 35 20 11 32 22 42 25 37 45 44 70 93 59 5 81 83 109 94 68 51 2 69 82 36 78 84 103 100 39 101 74 10 99 64 33 14 
0 19 31 77 90 23 79 55 107 24 29 27 54 92 46 17 8 9 75 85 7 35 20 11 59 22 42 25 37 45 44 87 93 32 5 81 83 109 94 68 51 97 18 21 86 63 96 70 2 69 82 36 78 84 103 100 39 101 74 10 99 64 33 14 57 80 66 52 106 108 98 15 91 16 28 71 49 67 56 58 12 47 26 102 104 60 105 13 3 95 30 41 88 6 1 38 43 53 50 72 73 76 34 4 89 40 48 62 61 65 
0 19 31 77 90 23 79 55 107 24 29 27 54 92 46 17 8 9 75 85 71 7 35 20 11 59 22 42 25 37 45 44 70 93 32 5 81 83 109 94 68 51 2 69 82 36 78 84 103 100 39 101 74 10 99 64 33 14 57 80 66 52 106 108 98 15 91 16 28 49 67 4 58 12 47 26 102 104 60 105 13 3 95 30 41 88 6 1 38 43 53 50 72 73 76 34 56 89 40 48 62 87 61 96 63 86 21 18 97 65 
0 19 31 77 90 48 79 55 107 24 29 27 54 92 46 17 8 9 75 85 7 35 20 11 59 22 42 25 37 45 44 70 93 32 5 81 83 109 94 68 51 2 69 82 36 78 84 103 100 39 101 74 10 99 64 33 14 57 80 66 52 106 108 98 15 91 16 28 71 49 67 56 58 12 47 26 102 104 60 105 13 3 95 30 41 88 6 1 38 43 53 50 72 73 76 34 4 89 40 23 62 87 61 96 63 86 21 18 97 65 
0 19 31 77 90 23 79 55 107 24 29 27 54 92 46 17 8 9 75 85 7 35 20 11 59 22 42 25 37 45 44 70 5 32 93 81 83 109 94 68 51 2 69 82 36 78 84 103 86 63 96 61 47 26 102 104 60 105 13 3 95 30 41 88 6 1 38 43 53 50 72 73 76 34 4 89 40 48 62 87 12 58 56 67 49 71 28 16 91 15 98 108 106 52 66 80 57 14 33 64 99 10 74 101 39 100 21 18 97 65 
0 31 77 90 23 79 55 107 24 29 27 54 92 46 71 19 17 8 9 75 85 7 35 20 11 59 22 42 25 37 45 44 70 93 32 5 81 83 109 94 68 51 2 69 82 36 78 84 103 100 39 101 74 10 99 64 33 14 57 80 66 15 98 108 106 52 91 16 28 49 67 56 58 12 47 26 102 104 60 105 13 3 95 30 41 88 6 1 38 43 53 50 72 73 76 34 4 89 40 48 62 87 61 96 63 86 21 18 97 65 
0 19 31 77 90 23 79 55 107 24 29 27 54 20 11 59 8 9 75 85 7 35 92 46 17 22 42 52 106 108 98 15 91 16 28 71 49 67 56 58 12 47 26 102 104 60 105 13 3 95 30 41 88 99 64 33 14 57 80 66 25 37 45 44 70 93 32 5 81 83 109 94 68 51 2 69 82 36 78 84 103 100 39 101 74 10 6 1 38 43 53 50 72 73 76 34 4 89 40 48 62 87 61 96 63 86 21 18 97 65 
0 19 31 77 90 23 2 55 107 24 29 27 54 92 46 17 8 9 75 85 7 35 20 11 59 22 42 25 37 45 44 70 93 32 5 81 83 109 94 68 51 79 69 82 36 73 72 50 53 43 38 1 6 88 41 30 95 3 13 105 60 104 102 26 47 12 58 56 67 49 71 28 16 91 15 98 108 106 52 66 80 57 14 33 64 99 10 74 101 39 100 103 84 78 76 34 4 89 40 48 62 87 61 96 63 86 21 18 97 65 
0 19 31 77 90 101 39 100 103 84 78 36 82 69 2 51 68 94 109 83 81 5 32 93 70 44 45 37 25 42 22 59 11 20 35 7 85 75 9 8 17 46 92 54 27 29 24 107 55 79 23 74 10 99 64 33 14 57 80 66 52 106 108 98 15 91 16 28 71 49 67 56 58 12 47 26 102 104 60 105 13 3 95 30 41 88 6 1 38 43 53 50 72 73 76 34 4 89 40 63 62 87 61 96 48 86 21 18 97 65 
0 19 31 77 90 23 79 55 107 24 29 27 54 92 46 17 8 9 75 85 7 35 20 11 59 22 42 25 37 45 44 70 93 32 5 81 83 109 94 68 51 2 69 82 36 78 84 103 100 39 101 74 10 99 64 33 14 57 80 66 52 106 108 98 15 91 16 28 71 13 3 95 30 41 88 6 1 38 43 53 50 72 65 73 76 34 4 89 40 48 62 87 61 96 63 56 58 12 47 26 102 104 60 105 49 67 86 21 18 97 
0 19 31 77 90 23 79 55 107 24 29 27 54 92 46 17 8 9 75 85 7 35 20 11 59 22 42 25 37 45 44 70 93 32 5 81 83 109 94 68 51 2 69 82 36 78 84 103 100 39 43 10 99 64 33 14 57 80 66 52 106 108 98 15 91 16 28 71 49 67 56 58 12 47 26 102 104 60 105 13 3 95 30 41 88 6 1 38 74 53 50 72 73 76 34 4 89 40 48 62 87 61 96 63 86 21 18 101 97 65 
0 19 31 77 90 23 79 55 107 24 29 27 54 92 46 17 8 9 75 85 7 35 20 34 4 89 40 48 62 87 38 1 88 41 30 95 3 13 105 60 104 102 26 47 12 58 56 67 49 71 28 16 91 15 98 108 106 52 66 80 57 14 33 64 99 10 74 101 39 100 103 84 78 36 82 69 2 51 68 94 109 83 81 5 32 93 70 44 45 37 25 42 22 59 11 76 73 72 50 53 43 61 96 63 86 6 21 18 97 65 
0 19 31 77 90 23 89 55 107 24 29 27 54 92 46 17 8 9 75 85 7 35 20 11 59 22 42 25 37 45 44 70 93 32 5 81 83 109 94 68 51 2 69 82 36 78 84 103 100 39 101 74 10 99 64 33 14 57 80 66 52 106 108 98 15 91 16 28 71 49 67 56 58 12 47 26 102 104 60 105 13 3 95 30 41 88 6 1 38 43 53 50 72 73 76 34 4 79 40 48 62 87 61 96 63 86 21 18 97 65 
0 19 31 77 90 23 79 55 107 24 29 27 54 92 17 8 9 75 108 98 91 16 28 71 49 67 56 58 12 47 26 102 104 60 105 13 3 95 30 41 88 6 15 1 38 43 53 50 72 73 76 34 4 89 40 14 57 80 66 52 106 46 85 7 35 20 11 59 22 42 25 37 45 44 70 93 32 5 81 83 109 94 68 51 2 69 82 36 78 84 103 100 39 101 74 10 99 64 33 48 62 87 61 96 63 86 21 18 97 65 
0 19 31 77 90 23 79 55 107 24 29 27 54 92 46 17 8 9 75 85 7 35 10 74 101 39 100 103 84 78 36 82 69 2 51 68 94 109 15 81 5 32 93 70 44 45 37 25 42 22 59 11 20 99 64 33 14 57 80 66 52 106 108 98 83 91 16 28 71 49 67 56 58 12 47 26 102 104 60 105 13 3 95 30 41 88 6 1 38 43 53 50 72 73 76 34 4 89 40 48 62 87 61 96 63 86 21 18 97 65 
0 31 77 90 23 79 55 107 24 29 27 54 92 46 71 19 17 8 9 75 85 7 35 20 11 59 22 42 25 37 45 44 70 93 32 5 81 83 109 94 68 51 2 69 82 36 78 84 103 100 39 101 74 10 99 64 33 14 57 80 66 52 106 108 98 15 91 16 28 49 67 56 58 12 47 26 102 104 60 105 13 3 95 30 41 88 6 1 38 53 50 72 73 76 34 4 89 40 43 48 62 87 61 96 63 86 21 18 97 65 
0 19 31 77 90 23 79 55 107 35 29 27 54 92 46 17 8 9 75 85 7 24 20 11 59 22 42 25 37 45 44 70 93 32 5 81 83 109 94 68 51 2 69 82 36 78 84 103 100 39 101 74 10 99 64 33 57 80 87 14 62 48 40 89 4 34 76 73 72 50 53 43 38 1 6 88 41 30 95 3 13 105 60 104 102 26 47 12 58 56 67 49 71 28 16 91 15 98 108 106 52 66 61 96 63 86 21 18 97 65 
0 19 31 77 90 23 79 55 107 24 29 27 54 92 46 17 8 9 47 26 102 104 60 105 13 22 42 25 37 45 44 70 93 32 5 81 83 109 94 68 51 2 69 82 36 78 84 10 74 101 39 100 75 85 7 35 20 11 59 103 99 64 33 14 57 80 66 52 106 108 98 15 91 16 28 71 49 67 56 58 12 3 95 30 41 88 6 1 38 43 53 50 72 73 76 34 4 89 40 48 62 87 61 96 63 86 21 18 97 65 
0 19 31 77 90 23 79 55 107 24 29 27 54 92 46 17 8 9 75 85 7 35 20 11 59 22 42 25 37 45 44 70 93 32 5 81 83 109 94 68 51 2 69 82 36 78 65 103 100 39 101 74 10 99 64 33 14 57 80 66 52 106 108 98 15 91 16 28 71 49 67 56 58 12 47 26 102 104 60 105 13 3 95 30 41 88 6 1 38 43 53 50 72 73 76 34 4 89 40 48 62 87 61 96 63 86 21 18 97 84 
0 19 31 77 90 23 79 55 107 24 29 27 54 92 46 17 8 9 75 85 7 35 58 11 59 22 42 25 37 45 44 70 93 32 5 81 83 109 94 68 51 2 69 82 36 78 84 103 100 39 101 74 10 99 64 33 14 57 80 66 52 106 108 98 15 91 16 28 71 49 67 56 20 12 47 26 102 104 60 105 13 3 95 30 41 88 6 1 38 43 53 50 72 73 76 34 4 89 40 48 62 87 61 96 63 86 21 18 97 65 
0 19 77 90 23 79 55 107 24 29 27 54 92 46 17 8 9 75 85 7 35 20 11 59 22 42 25 37 45 44 70 93 32 5 81 83 109 94 68 51 2 69 105 13 3 95 30 41 88 6 1 38 43 53 50 72 73 76 34 66 52 106 108 98 15 91 16 28 71 49 67 56 58 12 47 26 102 104 60 82 36 78 84 103 100 31 39 101 74 10 99 64 33 14 57 80 4 89 40 48 62 87 61 96 63 86 21 18 97 65 
0 19 31 77 90 23 79 55 107 24 29 27 54 92 46 17 32 9 75 85 7 35 20 11 59 22 42 25 37 45 44 70 93 8 5 81 83 109 94 56 51 2 69 82 36 78 84 103 100 39 101 74 10 99 64 33 14 57 80 66 52 106 108 98 15 91 16 28 71 68 49 67 58 12 47 26 102 104 60 105 13 3 95 30 41 88 6 1 38 43 53 50 72 73 76 34 4 89 40 48 62 87 61 96 63 86 21 18 97 65 
0 19 31 77 90 23 79 55 107 24 29 27 54 92 46 17 8 9 15 85 7 35 20 11 59 22 42 25 37 45 44 70 93 32 5 81 83 109 94 68 51 2 69 82 36 78 84 103 100 39 101 74 10 99 64 33 14 57 80 66 52 106 108 98 75 91 16 28 71 49 67 56 58 12 47 26 102 104 60 105 13 3 95 30 41 88 6 1 38 43 53 50 72 73 76 34 4 89 40 48 62 87 61 96 63 86 21 18 97 65 
0 19 31 77 90 23 79 55 107 29 27 54 92 46 17 8 9 75 85 7 35 20 11 59 22 42 25 37 45 44 70 93 32 5 81 83 109 94 68 51 2 69 82 36 78 84 103 100 39 101 74 10 99 64 33 14 57 80 66 52 106 108 98 15 91 16 28 71 49 67 56 58 12 47 24 26 102 104 60 105 13 3 95 30 41 88 72 1 38 43 53 50 6 73 76 34 4 89 40 48 62 87 61 96 63 86 21 18 97 65 
0 19 31 77 90 23 79 55 107 24 29 99 54 92 46 17 8 9 75 85 7 35 20 11 59 22 42 25 37 45 44 70 93 32 5 81 83 109 94 68 51 2 69 82 36 78 84 103 100 39 101 74 10 27 64 33 14 57 80 66 52 106 108 98 15 91 16 28 71 49 67 56 58 12 47 26 102 104 60 105 13 3 95 30 41 88 6 1 38 43 53 50 72 73 76 34 4 89 40 48 62 87 61 96 63 86 21 18 97 65 
0 19 31 77 90 23 79 55 107 24 87 27 54 92 46 17 8 9 75 85 7 35 20 11 59 22 42 25 37 45 44 70 93 32 5 81 83 109 94 68 51 2 69 82 36 78 84 103 100 39 101 74 10 99 64 33 14 57 80 66 52 106 108 98 15 91 16 28 71 49 67 56 58 12 47 26 102 104 60 105 13 3 95 30 41 88 6 1 38 43 53 50 72 73 76 34 4 89 40 48 62 29 61 96 63 86 21 18 97 65 
0 19 31 77 41 30 95 3 13 105 60 104 102 26 47 12 58 56 67 49 71 28 16 91 15 98 108 106 52 66 80 57 14 33 64 99 10 74 101 39 100 103 84 78 36 82 69 2 51 68 94 109 83 81 5 32 93 70 44 45 37 25 42 22 59 11 20 35 7 85 75 9 8 17 46 92 54 27 29 24 107 55 79 23 90 88 1 38 43 53 50 72 73 76 34 4 89 40 48 62 87 61 96 63 86 21 6 18 97 65 
0 19 31 77 90 23 79 55 103 100 39 101 74 10 99 64 33 14 107 24 29 27 54 92 46 17 8 9 75 85 7 35 20 11 59 22 42 25 37 45 44 70 93 32 34 4 89 40 48 62 87 61 96 63 36 78 84 57 80 66 52 106 108 98 15 91 16 28 71 49 67 56 58 12 47 26 102 104 60 105 13 3 95 30 41 88 6 1 38 43 53 50 72 73 76 5 81 83 109 94 68 51 2 69 82 86 21 18 97 65 
0 19 31 77 90 23 79 55 107 24 29 27 54 92 46 17 8 9 75 85 7 35 20 11 59 22 42 25 37 45 44 70 93 32 5 81 83 109 94 68 51 2 69 82 36 78 84 87 97 18 21 86 63 96 61 62 48 40 89 4 34 76 73 72 50 53 43 38 1 6 101 39 100 103 3 13 105 60 104 102 26 47 12 58 56 67 49 71 28 16 91 15 98 108 106 52 66 80 57 14 33 64 99 10 74 88 41 30 95 65 
0 19 31 77 66 52 106 108 98 15 91 16 28 71 49 67 56 58 12 47 26 102 104 60 105 13 3 95 30 41 88 6 1 38 43 53 50 72 73 76 34 4 89 40 48 62 87 61 96 63 86 21 18 97 65 33 14 57 80 90 23 79 55 107 24 29 27 54 92 46 17 8 9 75 85 7 35 20 11 59 22 42 25 37 45 44 70 93 32 5 81 83 109 94 68 51 2 69 82 36 78 84 103 100 39 101 74 10 99 64 
0 19 31 77 90 23 79 55 107 24 29 27 54 92 46 17 8 9 75 85 7 35 20 11 59 22 42 25 37 45 44 60 93 32 5 81 83 109 94 68 51 2 69 82 36 78 84 103 100 39 101 74 10 99 64 33 14 57 80 66 52 106 108 34 4 89 40 28 71 49 67 56 58 12 47 26 102 104 70 105 13 3 95 30 41 88 6 1 38 43 53 50 72 73 76 98 15 91 16 48 62 87 61 96 63 86 21 18 97 65 
0 19 31 77 90 23 79 80 107 24 29 27 54 92 46 17 8 9 75 85 7 35 20 11 59 22 42 25 37 45 44 70 93 32 5 81 83 109 94 68 51 2 69 82 36 78 84 103 100 39 101 74 10 99 64 33 14 57 55 66 52 106 108 98 15 91 16 28 71 49 67 56 58 12 47 26 102 104 60 105 13 3 95 30 41 88 6 1 38 43 53 50 72 73 76 34 4 89 40 48 62 87 61 96 63 86 21 18 97 65 
0 19 31 77 90 23 79 55 107 24 29 27 54 92 46 17 8 9 75 85 7 35 20 11 53 22 42 25 37 45 44 70 93 32 5 81 83 109 94 68 51 2 69 82 36 78 84 103 100 39 101 74 10 99 64 33 14 57 80 66 52 106 108 98 15 91 16 28 71 49 67 56 58 12 47 26 102 104 60 105 13 3 95 30 41 88 6 1 38 43 59 50 72 76 34 4 89 40 48 62 87 61 96 63 86 21 18 97 65 73 
0 19 31 77 90 23 79 55 107 24 29 27 54 92 46 106 52 66 80 57 14 39 33 64 99 10 74 101 13 100 103 84 78 36 82 69 2 51 68 94 109 83 81 5 32 93 70 44 45 37 25 42 22 59 11 20 35 7 85 75 9 8 17 108 98 15 91 16 28 67 49 71 56 58 12 47 26 102 104 60 105 3 95 30 41 88 6 1 38 43 53 50 72 73 76 4 89 40 48 34 62 87 61 96 63 86 21 18 97 65 
0 19 31 77 90 23 79 38 107 24 29 27 54 92 46 17 8 9 75 85 7 35 20 11 59 22 42 25 37 45 44 70 93 32 5 81 83 109 94 68 51 2 69 82 36 78 84 103 100 39 101 74 10 99 64 33 14 57 80 66 52 106 108 98 15 91 16 28 71 49 67 56 58 12 47 26 102 104 60 105 13 3 95 30 41 88 6 1 55 43 53 50 72 73 76 34 4 89 40 48 62 87 61 96 63 86 21 18 97 65 
0 19 31 77 90 23 79 55 107 24 29 27 54 92 46 17 8 9 75 85 7 35 20 11 59 22 42 25 37 45 44 70 93 32 5 81 83 109 94 68 51 2 52 82 36 78 84 103 100 39 101 74 99 64 30 41 10 88 6 1 38 43 53 50 72 73 76 34 4 89 40 48 62 87 61 96 63 86 21 18 97 65 33 14 57 80 66 69 106 108 98 15 91 16 28 71 49 67 56 58 12 47 26 102 104 60 105 13 3 95 
0 19 31 77 90 15 98 108 106 52 66 80 57 14 33 64 99 70 44 45 37 25 42 22 59 11 20 35 7 85 75 9 8 17 46 92 54 27 29 24 107 55 79 23 91 16 28 71 49 67 56 58 12 47 26 102 104 60 105 13 43 38 1 6 88 36 82 69 2 51 68 94 109 83 81 5 32 93 78 84 103 100 39 101 74 10 95 3 30 41 53 50 72 73 76 34 4 89 40 48 62 87 61 96 63 86 21 18 97 65 
0 19 31 77 90 23 79 55 107 24 29 27 54 92 46 17 8 9 75 85 7 35 20 36 82 69 2 51 68 94 109 83 81 5 42 32 93 44 45 37 25 16 22 59 11 78 84 103 100 39 101 74 10 99 64 33 14 57 80 66 52 106 108 98 15 91 28 71 49 67 56 58 12 47 26 102 70 104 60 105 13 43 38 1 6 88 41 30 95 3 53 50 72 73 76 34 4 89 40 48 62 87 61 96 63 86 21 18 97 65 
0 19 31 77 90 23 79 55 107 24 29 27 54 92 46 17 105 9 75 85 7 35 20 11 59 22 42 25 37 45 44 70 93 32 5 81 83 109 94 68 51 2 69 82 36 78 84 103 100 39 101 74 10 99 64 33 14 57 80 66 52 106 108 98 15 91 16 28 71 49 67 56 58 12 47 26 102 104 60 8 13 3 95 30 41 88 6 1 38 43 53 50 72 73 76 34 4 89 40 48 62 87 61 96 63 86 21 18 97 65 
0 19 31 77 90 23 79 55 107 24 29 27 54 92 97 17 8 9 75 85 7 35 20 11 59 22 42 25 37 45 44 70 93 32 5 81 83 109 94 68 51 2 69 82 36 78 84 103 100 39 101 74 10 99 64 33 14 57 80 66 52 106 108 98 15 91 16 28 71 49 67 56 58 12 47 26 102 104 60 105 13 3 95 30 41 88 6 1 38 43 53 50 72 46 73 76 4 89 40 48 62 87 61 96 63 86 21 18 65 34 
0 19 31 77 90 23 79 55 107 24 29 27 54 92 17 8 9 75 85 7 35 20 11 59 22 42 25 37 45 44 70 93 32 5 81 83 109 94 68 51 2 69 82 36 78 84 103 100 39 101 74 10 99 64 33 14 46 57 80 66 52 106 108 98 15 91 16 28 71 49 67 56 21 12 47 26 102 104 60 105 13 3 95 30 41 88 6 1 38 43 53 50 72 73 76 34 4 89 40 48 62 87 61 96 63 58 86 18 97 65 
0 19 31 77 90 23 79 55 107 24 29 27 54 92 46 17 8 9 75 85 7 35 20 11 95 30 41 88 6 1 38 43 53 50 72 73 76 34 4 89 40 48 61 96 63 86 21 18 97 65 101 74 10 99 64 33 14 87 62 57 80 66 52 106 108 98 15 91 16 28 71 49 67 56 58 12 47 26 102 104 60 105 13 3 59 22 42 25 37 45 44 70 93 32 5 81 83 109 94 68 51 2 69 82 36 78 84 103 100 39 
0 19 31 77 90 23 79 38 107 24 29 27 54 92 46 17 8 9 75 85 7 35 20 11 59 22 42 25 37 45 44 70 93 32 5 81 83 109 94 68 51 2 69 82 36 78 84 103 100 39 101 74 10 99 64 33 14 57 80 66 52 106 108 98 15 91 16 28 71 49 67 56 58 12 47 26 102 104 60 105 13 3 95 30 41 88 6 1 55 43 53 50 72 73 76 34 89 40 48 62 87 61 96 63 86 21 18 4 97 65 
0 19 31 77 90 23 79 55 107 24 29 27 54 92 46 17 8 9 75 85 7 20 11 59 44 45 37 25 42 22 70 93 32 16 5 81 83 109 94 68 51 2 69 82 36 13 3 95 30 41 88 6 1 38 43 53 50 72 65 73 76 34 4 89 40 48 87 62 61 35 78 84 103 100 39 101 74 10 99 64 33 14 57 80 66 52 106 108 98 15 91 28 71 49 67 56 58 12 47 26 102 104 60 105 96 63 86 21 18 97 
0 52 31 77 90 23 79 55 107 24 29 27 54 92 46 17 8 9 75 85 7 35 20 11 59 22 42 25 37 45 44 70 93 32 5 81 83 109 94 68 51 2 69 82 36 78 84 103 100 39 101 74 10 99 64 33 14 57 80 66 19 106 108 98 15 91 16 28 71 49 67 56 58 12 47 26 102 104 60 105 13 3 30 41 88 6 1 38 43 53 50 72 73 76 34 4 89 40 48 62 87 61 96 63 86 21 95 18 97 65 
0 19 31 77 90 23 79 55 107 24 29 102 26 47 12 58 56 48 40 89 4 34 76 73 72 50 53 43 38 1 6 88 41 30 95 3 101 39 100 103 84 78 36 82 69 2 51 68 94 109 83 81 5 32 93 70 44 45 37 25 42 22 59 11 20 35 7 85 75 9 8 17 46 92 54 27 104 60 105 74 10 99 64 33 14 57 80 66 52 106 108 98 15 91 16 28 71 49 67 62 87 61 96 13 63 86 21 18 97 65 
0 19 31 77 90 23 79 55 107 24 29 14 57 80 66 52 106 108 98 15 91 16 28 20 71 49 67 56 58 12 47 26 102 104 60 105 13 3 95 30 41 88 6 1 38 43 53 50 72 73 76 34 4 64 33 45 96 25 42 22 59 11 35 7 85 75 9 8 17 46 92 54 27 44 70 93 32 5 81 83 109 94 68 51 69 2 82 36 78 84 103 100 39 101 74 10 99 89 40 48 62 87 61 37 63 86 21 18 97 65 
0 19 31 77 90 23 79 55 107 24 29 27 54 92 46 17 8 9 75 85 7 35 20 11 13 22 42 25 37 45 44 70 93 32 108 98 15 91 16 28 71 49 67 56 58 12 47 26 102 39 101 74 10 99 64 33 14 57 80 66 52 106 5 81 83 109 94 68 51 2 69 82 36 78 84 103 100 104 60 105 59 3 95 30 41 88 6 1 38 43 53 50 72 73 76 34 4 89 40 48 62 87 61 96 63 21 86 18 97 65 
0 19 31 77 34 4 89 40 48 62 87 61 96 63 86 21 18 97 56 68 51 2 69 82 36 78 84 103 100 101 74 10 99 64 33 14 57 80 66 52 106 108 98 90 23 79 55 107 24 29 27 54 92 46 17 8 9 75 85 7 35 20 11 59 22 42 25 37 45 44 70 93 32 5 81 83 109 94 39 15 91 53 28 71 49 67 58 12 43 47 26 102 104 60 105 13 3 95 30 41 88 6 1 38 16 50 72 73 76 65 
0 19 31 77 90 58 79 55 107 24 29 27 54 92 46 17 8 9 75 85 7 35 20 11 59 22 42 25 37 45 44 70 93 32 5 81 83 109 94 68 51 2 69 82 36 78 84 103 100 39 101 74 10 99 64 33 14 57 80 66 52 106 108 98 15 91 16 28 71 49 67 56 23 12 47 26 50 72 73 76 34 4 89 40 48 62 87 61 96 43 53 102 104 60 105 13 3 95 30 41 88 6 1 38 63 86 21 18 97 65 
0 19 31 77 90 23 105 55 107 24 29 27 54 92 46 17 8 9 75 85 7 35 50 53 43 38 1 6 88 41 30 95 13 79 60 104 56 67 49 71 28 16 91 15 98 108 20 11 59 22 42 25 37 45 44 70 93 32 5 81 83 109 94 68 51 2 69 82 36 78 84 103 100 39 101 74 10 99 64 33 14 57 80 66 52 106 58 12 47 26 102 3 72 73 76 34 4 89 40 48 62 87 61 96 63 86 21 18 97 65 
0 19 14 57 80 66 52 106 108 98 15 91 16 28 71 49 67 56 58 12 47 26 102 90 60 105 13 3 95 30 41 88 6 1 38 43 53 50 72 73 76 34 4 89 40 48 62 87 61 96 63 86 21 18 97 65 31 77 104 23 79 55 107 24 29 27 54 92 46 17 8 9 75 85 7 35 20 11 59 22 42 25 37 45 44 70 93 32 5 81 83 109 94 68 51 2 69 82 36 78 84 103 100 39 101 74 10 99 64 33 
0 19 31 51 2 69 82 36 78 24 29 27 54 92 46 17 32 9 75 85 7 35 20 11 59 22 42 25 37 49 67 56 58 12 47 26 102 104 60 105 13 3 95 30 41 88 6 1 38 43 53 50 72 99 64 33 14 57 80 66 52 106 108 98 15 91 16 28 71 45 44 70 93 8 5 81 83 109 94 68 77 90 23 79 55 107 84 103 100 39 101 74 10 97 73 76 34 4 89 40 48 62 87 61 96 63 86 21 18 65 
0 19 31 77 90 23 79 55 86 21 18 97 56 82 36 78 84 103 100 101 74 10 99 64 33 14 57 80 66 52 106 108 98 15 91 16 28 71 49 67 58 12 47 26 102 3 65 104 60 105 13 39 95 107 24 29 27 54 92 46 17 8 9 75 85 7 35 20 11 59 22 42 25 37 45 44 70 93 32 5 81 83 109 94 68 51 2 69 34 4 89 40 48 62 87 61 96 63 30 41 88 6 1 38 43 53 50 72 73 76 
