0 97 77 90 8 17 46 69 101 39 32 82 16 91 47 76 4 45 22 94 27 24 23 19 59 7 85 9 92 31 29 55 35 33 84 102 13 64 80 50 40 81 108 98 10 65 18 63 49 58 3 1 57 11 53 95 41 30 105 12 88 86 21 96 87 48 34 43 106 15 60 104 26 67 52 38 72 103 74 36 78 66 99 100 5 20 89 14 2 37 42 75 93 68 109 83 54 25 44 71 56 6 28 73 61 62 70 51 107 79 
0 97 77 90 8 17 46 69 101 39 82 16 91 47 76 4 45 22 87 96 21 86 88 12 105 30 41 95 53 32 11 57 1 3 58 67 63 18 65 10 98 108 81 68 50 80 64 13 102 84 35 55 29 31 92 9 85 7 59 19 23 24 27 94 14 89 20 5 100 99 66 33 78 36 74 103 72 38 52 49 26 104 60 15 106 43 34 48 2 37 42 75 93 109 40 83 54 25 44 71 56 6 28 73 61 62 70 51 107 79 
0 97 77 90 8 17 46 69 101 39 32 82 16 91 47 76 4 45 22 87 96 21 86 88 12 105 30 41 95 53 11 57 1 3 58 49 63 18 65 10 98 108 81 68 50 80 64 13 102 84 33 35 55 29 31 92 85 9 7 59 19 23 24 27 94 14 89 5 100 99 66 78 36 74 103 72 38 52 67 26 104 60 15 106 43 34 48 2 37 42 75 93 109 40 83 54 20 25 44 71 56 6 28 73 61 62 70 51 107 79 
0 97 77 90 8 17 46 69 101 39 32 82 16 91 47 76 4 45 22 87 96 21 86 88 12 105 30 41 95 53 14 94 27 24 23 19 59 7 85 9 92 31 29 55 35 33 84 102 13 64 80 50 68 81 108 98 10 65 18 63 49 58 3 1 57 11 89 20 5 100 99 66 78 36 74 103 72 38 52 67 26 104 60 15 106 43 34 48 2 37 42 75 93 109 40 83 54 25 44 71 56 6 28 73 61 62 70 51 107 79 
0 97 77 90 8 17 46 69 101 39 100 99 66 78 36 74 103 72 38 52 67 26 104 60 15 106 43 34 48 2 37 42 75 93 109 40 83 54 25 44 71 56 81 68 50 80 64 13 102 84 33 35 55 29 31 92 9 85 7 59 19 23 24 27 94 14 89 20 5 32 82 16 91 47 76 4 45 22 87 96 21 86 88 12 105 30 41 95 53 11 57 1 3 58 49 63 18 65 10 98 108 6 28 73 61 62 70 51 107 79 
0 97 77 90 8 17 46 69 101 39 82 16 91 47 76 4 45 22 87 96 21 86 88 12 105 30 41 95 53 32 11 57 1 3 58 49 63 18 65 10 98 108 81 68 50 80 64 13 102 84 33 35 55 29 31 92 9 85 7 59 19 23 24 27 94 14 89 20 5 100 99 66 78 36 74 103 72 38 52 67 26 104 60 15 106 43 34 48 2 37 42 75 93 109 40 83 54 25 44 71 56 6 28 73 61 62 70 51 107 79 
0 97 77 90 8 17 46 69 101 39 82 16 91 47 76 4 45 22 87 96 21 86 88 12 105 30 41 95 53 32 11 57 1 3 58 49 63 18 65 10 98 108 81 68 50 80 64 13 102 84 33 35 55 29 31 92 9 85 7 59 19 23 24 27 94 14 89 20 5 100 99 66 78 36 74 103 72 38 52 67 26 104 60 15 106 43 34 48 2 37 42 75 93 109 40 83 54 25 44 71 56 6 28 73 61 62 70 51 107 79 
0 97 77 90 8 17 46 69 101 39 82 16 91 47 76 4 45 22 87 96 21 86 88 12 105 30 41 95 53 32 11 57 1 3 58 49 63 18 65 10 98 108 81 68 50 80 64 13 102 84 33 35 55 29 31 92 9 85 7 59 19 23 24 27 94 14 89 20 5 100 99 66 78 36 74 103 72 38 52 67 26 104 60 15 106 43 34 48 2 37 42 75 93 109 40 83 54 25 44 71 56 6 28 73 61 62 70 51 107 79 
0 97 77 90 8 17 46 69 101 39 82 16 91 47 76 4 45 22 87 96 21 86 88 12 105 30 41 95 53 32 11 57 1 3 58 49 63 18 65 10 98 108 81 68 50 80 64 13 102 84 33 35 55 29 31 92 9 85 7 59 19 23 24 27 94 14 89 20 5 100 99 66 78 36 74 103 72 38 52 67 26 104 60 15 106 43 34 48 2 37 42 75 93 109 40 83 54 25 44 71 56 6 28 73 61 62 70 51 107 79 
0 97 77 90 8 17 46 69 101 39 82 16 91 47 76 4 45 22 87 96 21 86 88 12 105 30 41 95 53 32 11 57 1 3 58 49 63 18 65 10 98 108 81 68 50 80 64 13 102 84 33 35 55 29 31 92 9 85 7 59 19 23 24 27 94 14 89 20 5 100 99 66 78 36 74 103 72 38 52 67 26 104 60 15 106 43 34 48 2 37 42 75 93 109 40 83 54 25 44 71 56 6 28 73 61 62 70 51 107 79 
0 97 77 90 8 17 46 69 101 39 82 16 91 47 76 4 45 22 87 96 21 86 88 12 105 30 41 95 53 32 11 57 1 3 58 49 63 18 65 10 98 108 81 68 50 80 64 13 102 84 33 35 55 29 31 92 9 85 7 59 19 23 24 27 94 14 89 20 5 100 99 66 78 36 74 103 72 38 52 67 26 104 60 15 106 43 34 48 2 37 42 75 93 109 40 83 54 25 44 71 56 6 28 73 61 62 70 51 107 79 
0 97 77 90 8 17 46 69 101 39 82 16 91 47 76 4 45 22 87 96 21 86 88 12 105 30 41 95 53 32 11 57 1 3 58 49 63 18 65 10 98 108 81 68 50 80 64 13 102 84 33 35 55 29 31 92 9 85 7 59 19 23 24 27 94 14 89 20 5 100 99 66 78 36 74 103 72 38 52 67 26 104 60 15 106 43 34 48 2 37 42 75 93 109 40 83 54 25 44 71 56 6 28 73 61 62 70 51 107 79 
0 97 77 90 8 17 46 69 101 39 82 16 91 47 76 4 45 22 87 96 21 86 88 12 105 30 41 95 53 32 11 57 1 3 58 49 63 18 65 10 98 108 81 68 50 80 64 13 102 84 33 35 55 29 31 92 9 85 7 59 19 23 24 27 94 14 89 20 5 100 99 66 78 36 74 103 72 38 52 67 26 104 60 15 106 43 34 48 2 37 42 75 93 109 40 83 54 25 44 71 56 6 28 73 61 62 70 51 107 79 
0 97 77 90 8 17 46 69 101 39 82 16 91 47 76 4 45 22 87 96 21 86 88 12 105 30 41 95 53 32 11 57 1 3 58 49 63 18 65 10 98 108 81 68 50 80 64 13 102 84 33 35 55 29 31 92 9 85 7 59 19 23 24 27 94 14 89 20 5 100 99 66 78 36 74 103 72 38 52 67 26 104 60 15 106 43 34 48 2 37 42 75 93 109 40 83 54 25 44 71 56 6 28 73 61 62 70 51 107 79 
0 97 77 90 8 17 46 69 101 39 82 16 91 47 76 4 45 22 87 96 21 86 88 12 105 30 41 95 53 32 11 57 1 3 58 49 63 18 65 10 98 108 81 68 50 80 64 13 102 84 33 35 55 29 31 92 9 85 7 59 19 23 24 27 94 14 89 20 5 100 99 66 78 36 74 103 72 38 52 67 26 104 60 15 106 43 34 48 2 37 42 75 93 109 40 83 54 25 44 71 56 6 28 73 61 62 70 51 107 79 
0 97 77 90 8 17 46 69 101 39 82 16 91 47 76 4 45 22 87 96 21 86 88 12 105 30 41 95 53 32 11 57 1 3 58 49 63 18 65 10 98 108 81 68 50 80 64 13 102 84 33 35 55 29 31 92 9 85 7 59 19 23 24 27 94 14 89 20 5 100 99 66 78 36 74 103 72 38 52 67 26 104 60 15 106 43 34 48 2 37 42 75 93 109 40 83 54 25 44 71 56 6 28 73 61 62 70 51 107 79 
0 97 77 90 8 17 46 69 101 39 82 16 91 47 76 4 45 22 87 96 21 86 88 12 105 30 41 95 53 32 11 57 1 3 58 49 63 18 65 10 98 108 81 68 50 80 64 13 102 84 33 35 55 29 31 92 9 85 7 59 19 23 24 27 94 14 89 20 5 100 99 66 78 36 74 103 72 38 52 67 26 104 60 15 106 43 34 48 2 37 42 75 93 109 40 83 54 25 44 71 56 6 28 73 61 62 70 51 107 79 
0 97 77 90 8 17 46 69 101 39 82 16 91 47 76 4 45 22 87 96 21 86 88 12 105 30 41 95 53 32 11 57 1 3 58 49 63 18 65 10 99 108 81 68 50 80 64 13 102 84 33 35 55 29 31 92 9 85 7 59 19 23 24 27 94 14 89 20 5 100 98 66 78 36 74 103 72 38 52 67 26 104 60 15 106 43 34 48 2 37 42 75 93 109 40 83 54 25 44 71 56 6 28 73 61 62 70 51 107 79 
0 97 77 90 8 17 46 69 101 39 82 16 91 47 76 4 45 22 87 96 21 86 88 12 105 30 41 95 53 11 57 1 3 58 49 63 18 65 10 98 108 81 68 50 80 64 13 102 84 33 35 55 29 31 92 85 9 7 59 19 23 24 27 32 94 14 52 89 20 5 100 99 66 78 36 74 103 72 38 67 26 104 60 15 106 43 34 48 2 37 42 75 93 109 40 83 54 25 44 71 56 6 28 73 61 62 70 51 107 79 
0 97 77 90 8 17 46 69 101 39 32 82 16 91 47 76 4 45 22 87 96 21 86 88 12 105 30 41 95 53 14 94 27 24 23 19 59 7 85 9 92 31 29 55 35 33 84 102 13 64 80 50 68 81 108 98 10 65 18 63 49 58 3 1 57 11 89 20 5 100 99 66 78 36 74 103 72 38 52 67 26 104 60 15 106 43 34 48 2 37 42 75 93 109 83 107 54 25 70 62 61 40 73 28 6 56 71 44 51 79 
0 97 77 90 8 17 46 69 101 39 32 82 16 91 47 76 4 45 22 87 96 21 86 88 12 105 30 41 95 53 14 94 27 24 23 19 59 7 85 9 92 31 29 55 35 33 84 102 13 64 80 50 68 81 108 98 10 65 18 63 49 58 3 1 57 11 89 20 5 100 99 66 78 36 74 103 72 38 52 67 26 104 60 15 106 43 34 48 2 37 42 75 93 109 83 107 54 25 70 62 61 40 73 28 6 56 71 44 51 79 
0 97 77 90 8 17 46 69 101 39 82 16 91 47 76 4 45 22 87 96 21 86 88 12 105 30 41 95 53 32 11 57 1 3 58 49 63 18 65 10 98 108 81 68 50 80 64 13 102 84 33 35 55 29 31 92 9 85 7 59 19 23 24 27 94 14 89 20 5 100 99 66 78 36 74 103 72 38 52 67 26 104 60 15 106 43 34 48 2 37 42 75 93 109 83 107 54 25 70 62 61 40 73 28 6 56 71 44 51 79 
0 97 77 90 8 17 46 69 101 39 82 16 91 47 76 4 45 22 87 96 21 86 88 12 105 30 41 95 53 32 11 57 1 3 58 49 63 18 65 10 98 108 81 68 50 80 64 13 102 84 33 35 55 29 31 92 9 85 7 59 19 23 24 27 94 14 89 20 5 100 99 66 78 36 74 103 72 38 52 67 26 104 60 15 106 43 34 48 2 37 42 75 93 109 83 107 54 25 70 62 61 40 73 28 6 56 71 44 51 79 
0 97 77 90 8 17 46 69 101 39 82 16 91 47 76 4 45 22 87 96 21 86 88 12 105 30 41 95 53 32 11 57 1 3 58 49 63 18 65 10 98 108 81 68 50 80 64 13 102 84 33 35 55 29 31 92 9 85 7 59 19 23 24 27 94 14 89 20 5 100 99 66 78 36 74 103 72 38 52 67 26 104 60 15 106 43 34 48 2 37 42 75 93 109 83 107 54 25 70 62 61 40 73 28 6 56 71 44 51 79 
0 97 77 90 8 17 46 69 2 48 34 43 106 15 60 104 26 67 52 38 72 103 74 36 78 66 99 100 5 20 89 14 94 27 24 23 19 59 7 85 9 92 31 29 55 35 33 84 102 13 64 80 50 68 81 108 98 10 65 18 63 49 58 3 1 57 11 32 53 95 41 30 105 12 88 86 21 96 87 22 45 4 76 47 91 16 82 39 101 37 42 75 93 109 40 83 54 25 44 71 56 6 28 73 61 62 70 51 107 79 
0 97 77 90 8 17 46 69 101 39 82 16 91 47 76 4 45 22 87 96 21 86 88 12 105 30 41 95 53 32 11 57 1 3 58 49 63 18 65 10 98 108 81 68 50 80 64 13 102 84 33 35 55 29 31 107 92 85 9 7 59 19 23 24 27 94 14 89 20 5 100 99 66 78 36 74 103 72 38 52 67 26 104 60 15 106 43 34 48 2 37 42 75 93 109 40 83 54 25 44 71 56 6 28 73 61 62 70 51 79 
0 97 77 90 8 17 46 69 101 39 82 16 91 47 76 4 45 22 87 96 21 86 88 12 105 30 41 95 53 32 11 57 1 3 58 49 63 18 65 10 98 81 68 50 80 64 13 102 84 33 35 55 29 31 92 85 9 7 59 19 23 24 27 94 14 89 20 5 100 99 66 108 78 36 74 103 72 38 52 67 26 104 60 15 106 43 34 48 2 37 42 75 93 109 40 70 54 25 44 71 56 6 28 73 61 62 83 51 107 79 
0 97 77 90 8 17 46 69 101 39 32 14 16 91 47 76 4 45 22 87 96 21 86 88 12 105 30 41 95 53 82 94 27 24 23 19 59 7 85 9 92 31 29 55 35 33 84 102 13 64 80 50 68 81 108 98 10 65 18 63 49 58 3 1 57 11 89 20 5 100 99 66 78 36 74 103 72 38 52 67 26 104 60 15 106 43 34 48 2 37 42 75 93 109 83 107 54 25 70 62 61 40 73 28 6 56 71 44 51 79 
0 97 77 90 8 17 46 69 101 39 32 82 16 91 47 76 4 45 22 87 96 21 86 88 12 67 52 38 72 103 74 36 78 66 99 100 5 20 89 14 94 27 24 23 19 59 7 85 9 92 31 29 55 35 33 84 102 13 64 80 50 68 81 108 98 10 65 18 63 49 58 3 1 57 11 53 95 41 30 105 26 104 60 15 106 43 34 48 2 37 42 75 93 109 40 83 54 25 44 71 56 6 28 73 61 62 70 51 107 79 
0 97 77 90 8 17 46 69 101 39 32 82 16 91 47 76 4 45 22 87 96 21 86 88 12 67 52 38 72 103 74 36 78 66 99 100 5 20 89 14 94 27 24 23 19 59 7 85 9 92 31 29 55 35 33 84 102 13 64 80 50 68 81 108 98 10 65 18 63 49 58 3 1 57 11 53 95 41 30 105 26 104 60 15 106 43 34 48 2 37 42 75 93 109 40 83 54 25 44 71 56 6 28 73 61 62 70 51 107 79 
0 97 77 90 8 17 46 69 101 39 32 82 16 91 47 76 4 45 22 87 96 21 86 88 12 67 52 38 72 103 74 36 78 66 99 100 5 20 89 14 94 27 24 23 19 59 7 85 9 92 31 29 55 35 33 84 102 13 64 80 50 68 81 108 98 10 65 18 63 49 58 3 1 57 11 53 95 41 30 105 26 104 60 15 106 43 34 48 2 37 42 75 93 109 40 83 54 25 44 71 56 6 28 73 61 62 70 51 107 79 
0 97 77 90 8 17 46 69 101 39 32 82 16 91 47 76 4 45 22 87 96 21 86 88 12 67 52 38 72 103 74 36 78 66 99 100 5 20 89 14 94 27 24 23 19 59 7 85 9 92 31 29 55 35 33 84 102 13 64 80 50 68 81 108 98 10 65 18 63 49 58 3 1 57 11 53 95 41 30 105 26 104 60 15 106 43 34 48 2 37 42 75 93 109 40 83 54 25 44 71 56 6 28 73 61 62 70 51 107 79 
0 97 77 90 8 17 46 69 101 39 32 82 16 91 47 76 4 45 22 87 96 21 86 88 12 105 30 41 95 53 11 57 1 3 58 49 63 18 65 10 98 108 81 68 50 80 64 13 102 84 35 55 29 31 92 9 85 7 59 19 23 24 27 94 14 89 20 5 100 99 66 33 78 36 74 103 72 38 52 67 26 104 60 15 106 43 34 48 2 37 42 75 93 109 40 83 54 25 44 71 56 6 28 73 61 62 70 51 107 79 
0 97 77 90 8 17 46 69 101 39 32 82 16 91 47 76 4 45 22 87 96 21 86 88 12 105 30 41 95 53 11 57 1 3 58 49 63 18 65 10 98 108 81 68 50 80 64 13 102 84 35 55 29 31 92 9 85 7 59 19 23 24 27 94 14 89 20 5 100 99 66 33 78 36 74 103 72 38 52 67 26 104 60 15 106 43 34 48 2 37 42 75 93 109 40 83 54 25 44 71 56 6 28 73 61 62 70 51 107 79 
0 97 77 90 8 17 46 69 101 39 32 82 16 91 47 76 4 45 22 87 96 21 86 88 12 105 30 41 95 53 11 57 1 3 58 49 63 18 65 10 98 108 81 68 50 80 64 13 102 84 33 94 55 29 31 92 9 85 7 59 19 23 24 27 35 14 89 20 5 100 99 66 78 36 74 103 72 38 52 67 26 104 60 15 106 43 34 48 2 37 42 75 93 109 40 83 54 25 44 71 56 6 28 73 61 62 70 51 107 79 
0 97 77 90 8 17 46 69 101 39 32 82 16 91 47 76 4 45 22 87 96 21 86 88 12 105 30 41 95 53 11 57 1 3 58 49 63 18 65 10 98 108 81 68 50 80 64 13 102 84 33 35 55 29 31 92 9 85 7 59 19 23 24 27 94 14 89 20 5 100 99 66 78 36 74 103 72 38 52 67 26 104 60 15 106 43 34 48 2 37 42 75 93 109 40 83 54 25 44 71 6 56 28 73 61 62 70 51 107 79 
0 97 77 90 8 17 46 69 101 39 82 16 91 47 76 4 45 22 87 96 21 86 88 12 105 30 41 95 53 11 57 1 3 58 49 63 18 65 10 98 108 81 68 50 80 64 13 102 84 33 35 55 29 31 92 85 9 7 59 19 23 24 27 32 94 14 89 20 5 100 99 66 78 36 74 103 72 38 52 67 26 104 60 15 106 43 34 48 2 37 42 75 93 109 40 83 54 25 44 71 56 6 28 73 61 62 70 51 107 79 
0 97 77 90 8 17 46 69 101 39 32 82 16 91 47 76 4 45 22 87 96 21 86 88 12 105 30 41 95 53 11 57 1 3 58 49 63 18 65 10 98 108 81 68 50 80 64 13 102 84 33 35 55 29 31 92 85 9 7 59 19 23 24 27 94 14 89 20 5 100 99 66 78 36 74 103 72 38 52 67 26 104 60 15 106 43 34 48 2 37 42 75 93 109 40 70 54 25 44 71 56 6 28 73 61 62 83 51 107 79 
0 97 77 90 8 17 46 69 101 39 32 82 16 91 47 76 4 45 22 87 96 21 86 88 12 105 30 41 95 53 11 57 1 3 58 49 63 18 65 10 98 108 81 68 50 80 64 13 102 84 33 35 55 29 31 92 85 9 7 59 19 23 24 27 94 14 89 20 5 100 99 66 78 36 74 103 72 38 52 67 26 104 60 15 106 43 34 48 2 37 42 75 93 109 40 70 54 25 44 71 56 6 28 73 61 62 83 51 107 79 
0 97 77 90 8 17 46 69 101 39 32 82 16 91 47 76 4 45 22 87 96 21 86 88 12 105 30 41 95 53 11 57 1 3 58 49 63 18 65 10 98 108 81 68 50 80 64 13 102 84 33 35 55 29 31 92 85 9 7 59 19 23 24 27 94 14 89 20 5 100 99 66 78 36 74 103 72 38 52 67 26 104 60 15 106 43 34 48 2 37 42 75 93 109 40 70 54 25 44 71 56 6 28 73 61 62 83 51 107 79 
0 97 77 90 8 17 46 69 101 39 32 82 16 91 47 76 4 45 22 87 96 21 86 88 12 105 30 41 95 53 11 57 1 3 58 49 63 18 65 10 98 108 81 68 50 80 64 13 102 84 33 35 55 29 31 92 9 85 7 59 19 23 24 27 94 14 89 20 5 100 99 66 78 36 74 103 72 38 52 67 26 104 60 15 106 43 34 48 2 37 42 75 93 109 40 83 54 25 44 71 56 6 28 73 61 62 70 51 107 79 
0 97 77 90 8 17 46 69 101 39 32 82 16 91 47 76 4 45 22 87 96 21 86 88 12 105 30 41 95 53 11 57 1 3 58 49 63 18 65 10 98 108 81 68 50 80 64 13 102 84 33 35 55 29 31 92 9 85 7 59 19 23 24 27 94 14 89 20 5 100 99 66 78 36 74 103 72 38 52 67 26 104 60 15 106 43 34 48 2 37 42 75 93 109 40 83 54 25 44 71 56 6 28 73 61 62 70 51 107 79 
0 97 77 90 8 17 46 69 101 39 32 82 16 91 47 76 4 45 22 87 96 21 86 88 12 105 30 41 95 53 11 57 1 3 58 49 63 18 65 10 98 108 81 68 50 80 64 13 102 84 33 35 55 29 31 92 9 85 7 59 19 23 24 27 94 14 89 20 5 100 99 66 78 36 74 103 72 38 52 67 26 104 60 15 106 43 34 48 2 37 42 75 93 109 40 83 54 25 44 71 56 6 28 73 61 62 70 51 107 79 
0 97 77 90 8 17 46 69 101 39 32 82 16 91 47 76 4 45 22 87 96 21 86 88 12 105 30 41 95 53 11 57 1 3 58 49 63 18 65 10 98 108 81 68 50 80 64 13 102 84 33 35 55 29 31 92 9 85 7 59 19 23 24 27 94 14 89 20 5 100 99 66 78 36 74 103 72 38 52 67 26 104 60 15 106 43 34 48 2 37 42 75 93 109 40 83 54 25 44 71 56 6 28 73 61 62 70 51 107 79 
0 97 77 90 8 17 46 69 101 39 32 82 16 91 47 76 4 45 22 87 96 21 86 88 12 105 30 41 95 53 11 57 1 3 58 49 63 18 65 10 98 108 81 68 50 80 64 13 102 84 33 35 55 29 31 92 9 85 7 59 19 23 24 27 94 14 89 20 5 100 99 66 78 36 74 103 72 38 52 67 26 104 60 15 106 43 34 48 2 37 42 75 93 109 40 83 54 25 44 71 56 6 28 73 61 62 70 51 107 79 
0 97 77 90 8 17 46 69 101 39 32 82 16 91 47 76 4 45 22 87 96 21 86 88 12 105 30 41 95 53 11 57 1 3 58 49 63 18 65 10 98 108 81 68 50 80 64 13 102 84 33 35 55 29 31 92 9 85 7 59 19 23 24 27 94 14 89 20 5 100 99 66 78 36 74 103 72 38 52 67 26 104 60 15 106 43 34 48 2 37 42 75 93 109 40 83 54 25 44 71 56 6 28 73 61 62 70 51 107 79 
0 97 77 90 8 17 46 69 101 39 32 82 16 91 47 76 4 45 22 87 96 21 86 88 12 105 30 41 95 53 11 57 1 3 58 49 63 18 65 10 98 108 81 68 50 80 64 13 102 84 33 35 55 29 31 92 9 85 7 59 19 23 24 27 94 14 89 20 5 100 99 66 78 36 74 103 72 38 52 67 26 104 60 15 106 43 34 48 2 37 42 75 93 109 40 83 54 25 44 71 56 6 28 73 61 62 70 51 107 79 
0 97 77 90 8 17 46 69 101 39 32 82 16 91 47 76 4 45 22 87 96 21 86 88 12 105 30 41 95 53 11 57 1 3 58 49 63 18 65 10 98 108 81 68 50 80 64 13 102 84 33 35 55 29 31 92 9 85 7 59 19 23 24 27 94 14 89 20 5 100 99 66 78 36 74 103 72 38 52 67 26 104 60 15 106 43 34 48 2 37 42 75 93 109 40 83 54 25 44 71 56 6 28 73 61 62 70 51 107 79 
0 97 77 90 8 17 46 69 101 39 32 82 16 91 47 76 4 45 22 87 96 21 86 88 12 105 30 41 95 53 11 57 1 3 58 49 63 18 65 10 98 108 81 68 50 80 64 13 102 84 33 35 55 29 31 92 9 85 7 59 19 23 24 27 94 14 89 20 5 100 99 66 78 36 74 103 72 38 52 67 26 104 60 15 106 43 34 48 2 37 42 75 93 109 40 83 54 25 44 71 56 6 28 73 61 62 70 51 107 79 
0 97 77 90 8 17 46 69 101 39 32 82 16 91 47 76 4 45 22 87 96 21 86 88 12 105 30 41 95 53 11 57 1 3 58 49 63 18 65 10 98 108 81 68 50 80 64 13 102 84 33 35 55 29 31 92 9 85 7 59 19 23 24 27 94 14 89 20 5 100 99 66 78 36 74 103 72 38 52 67 26 104 60 15 106 43 34 48 2 37 42 75 93 109 40 83 54 25 44 71 56 6 28 73 61 62 70 51 107 79 
0 97 77 90 8 17 46 69 101 39 32 82 16 91 47 76 4 45 22 87 96 21 86 88 12 105 30 41 95 53 11 57 1 3 58 49 63 18 65 10 98 108 81 68 50 80 64 13 102 84 33 35 55 29 31 92 9 85 7 59 19 23 24 27 94 14 89 20 5 100 99 66 78 36 74 103 72 38 52 67 26 104 60 15 106 43 34 48 2 37 42 75 93 109 40 83 54 25 44 71 56 6 28 73 61 62 70 51 107 79 
0 97 77 90 8 17 46 69 101 39 32 82 16 91 47 76 4 45 22 87 96 21 86 88 12 105 30 41 95 53 11 57 1 3 58 49 63 18 65 10 98 108 81 68 50 80 64 13 102 84 33 35 55 29 31 92 9 85 7 59 19 23 24 27 94 14 89 20 5 100 99 66 78 36 74 103 72 38 52 67 26 104 60 15 106 43 34 48 2 37 42 75 93 109 40 83 54 25 44 71 56 6 28 73 61 62 70 51 107 79 
0 97 77 90 8 17 46 69 101 39 32 82 16 91 47 76 4 45 22 87 96 21 86 88 12 105 30 41 95 53 11 57 1 3 58 49 63 18 65 10 98 108 81 68 50 80 64 13 102 84 33 35 55 29 31 92 9 85 7 59 19 23 24 27 94 14 89 20 5 100 99 66 78 36 74 103 72 38 52 67 26 104 60 15 106 43 34 48 2 37 42 75 93 109 40 83 54 25 44 71 56 6 28 73 61 62 70 51 107 79 
0 97 77 90 8 17 46 69 101 39 32 82 16 91 47 76 4 45 22 87 96 21 86 88 12 105 30 41 95 53 11 57 1 3 58 49 63 18 65 10 98 108 81 68 50 80 64 13 102 84 33 35 55 29 31 92 9 85 7 59 19 23 24 27 94 14 89 20 5 100 99 66 78 36 74 103 72 38 52 67 26 104 60 15 106 43 34 48 2 37 42 75 93 109 40 83 54 25 44 71 56 6 28 73 61 62 70 51 107 79 
0 97 77 90 8 17 46 69 101 39 32 82 16 91 47 76 4 45 22 87 96 21 86 88 12 105 30 41 95 53 11 57 1 3 58 49 63 18 65 10 98 108 81 68 50 80 64 13 102 84 33 35 55 29 31 92 9 85 7 59 19 23 24 27 94 14 89 20 5 100 99 66 78 36 74 103 72 38 52 67 26 104 60 15 106 43 34 48 2 37 42 75 93 109 40 83 54 25 44 71 56 6 28 73 61 62 70 51 107 79 
0 97 77 90 8 17 46 69 101 39 32 82 16 91 47 76 4 45 22 87 96 21 86 88 12 105 30 41 95 53 11 57 1 3 58 49 63 18 65 10 98 108 81 68 50 80 64 13 102 84 33 35 55 29 31 92 9 85 7 59 19 23 24 27 94 14 89 20 5 100 99 66 78 36 74 103 72 38 52 67 26 104 60 15 106 43 34 48 2 37 42 75 93 109 40 83 54 25 44 71 56 6 28 73 61 62 70 51 107 79 
0 97 77 90 8 17 46 69 101 39 32 82 16 91 47 76 4 45 22 87 96 21 86 88 12 105 30 41 95 53 11 57 1 3 58 49 63 18 65 10 98 108 81 68 50 80 64 13 102 84 33 35 55 29 31 92 9 85 7 59 19 23 24 27 94 14 89 20 5 100 99 66 78 36 74 103 72 38 52 67 26 104 60 15 106 43 34 48 2 37 42 75 93 109 40 83 54 25 44 71 56 6 28 73 61 62 70 51 107 79 
0 97 77 90 8 17 46 69 101 39 32 82 16 91 47 76 4 45 22 87 96 21 86 88 12 105 30 41 95 53 11 57 1 3 58 49 63 18 65 10 98 108 81 68 50 80 64 13 102 84 33 35 55 29 31 92 9 85 7 59 19 23 24 27 94 14 89 20 5 100 99 66 78 36 74 103 72 38 52 67 26 104 60 15 106 43 34 48 2 37 42 75 93 109 40 83 54 25 44 71 56 6 28 73 61 62 70 51 107 79 
0 97 77 90 8 17 46 69 101 39 32 82 16 91 47 76 4 45 22 87 96 21 86 88 12 105 30 41 95 53 11 57 1 3 58 49 63 18 65 10 98 108 81 68 50 80 64 13 102 84 33 35 55 29 31 92 9 85 7 59 19 23 24 27 94 14 89 20 5 100 99 66 78 36 74 103 72 38 52 67 26 104 60 15 106 43 34 48 2 37 42 75 93 109 40 83 54 25 44 71 56 6 28 73 61 62 70 51 107 79 
0 97 77 90 8 17 46 69 101 39 32 82 16 91 47 76 4 45 22 87 96 21 86 88 12 105 30 41 95 53 11 57 1 3 58 49 63 18 65 10 98 108 81 68 50 80 64 13 102 84 33 35 55 29 31 92 9 85 7 59 19 23 24 27 94 14 89 20 5 100 99 66 78 36 74 103 72 38 52 67 26 104 60 15 106 43 34 48 2 37 42 75 93 109 40 83 54 25 44 71 56 6 28 73 61 62 70 51 107 79 
0 97 77 90 8 17 46 69 101 39 32 82 16 91 47 76 4 45 22 87 96 21 86 88 12 105 30 41 95 53 11 57 1 3 58 49 63 18 65 10 98 108 81 68 50 80 64 13 102 84 33 35 55 29 31 92 9 85 7 59 19 23 24 27 94 14 89 20 5 100 99 66 78 36 74 103 72 38 52 67 26 104 60 15 106 43 34 48 2 37 42 75 93 109 40 83 54 25 44 71 56 6 28 73 61 62 70 51 107 79 
0 97 77 90 8 17 46 69 101 39 32 82 16 91 47 76 4 45 22 87 96 21 86 88 12 105 30 41 95 53 11 57 1 3 58 49 63 18 65 10 98 108 81 68 50 80 64 13 102 84 33 35 55 29 31 92 9 85 7 59 19 23 24 27 94 14 89 20 5 100 99 66 78 36 74 103 72 38 52 67 26 104 60 15 106 43 34 48 2 37 42 75 93 109 40 83 54 25 44 71 56 6 28 73 61 62 70 51 107 79 
0 97 77 90 8 17 46 69 101 39 32 82 16 91 47 76 4 45 22 87 96 21 86 88 12 105 30 41 95 53 11 57 1 3 58 49 63 18 65 10 98 108 81 68 50 80 64 13 102 84 33 35 55 29 31 92 9 85 7 59 19 23 24 27 94 14 89 20 5 100 99 66 78 36 74 103 72 38 52 67 26 104 60 15 106 43 34 48 2 37 42 75 93 109 40 83 54 25 44 71 56 6 28 73 61 62 70 51 107 79 
0 97 77 90 8 17 46 69 101 39 32 82 16 91 47 76 4 45 22 87 96 21 86 88 12 105 30 41 95 53 11 57 1 3 58 49 63 18 65 10 98 108 81 68 50 80 64 13 102 84 33 35 55 29 31 92 9 85 7 59 19 23 24 27 94 14 89 20 5 100 99 66 78 36 74 103 72 38 52 67 26 104 60 15 106 43 34 48 2 37 42 75 93 109 40 83 54 25 44 71 56 6 28 73 61 62 70 51 107 79 
0 97 77 90 8 17 46 69 101 39 32 82 16 91 47 76 4 45 22 87 96 21 86 88 12 105 30 41 95 53 11 57 1 3 58 49 63 18 65 10 98 108 81 68 50 80 64 13 102 84 33 35 55 29 31 92 9 85 7 59 19 23 24 27 94 14 89 20 5 100 99 66 78 36 74 103 72 38 52 67 26 104 60 15 106 43 34 48 2 37 42 75 93 109 40 83 54 25 44 71 56 6 28 73 61 62 70 51 107 79 
0 97 77 90 8 17 46 69 101 39 32 82 16 91 47 76 4 45 22 87 96 21 86 88 12 105 30 41 95 53 11 57 1 3 58 49 63 18 65 10 98 108 81 68 50 80 64 13 102 84 33 35 55 29 31 92 9 85 7 59 19 23 24 27 94 14 89 20 5 100 99 66 78 36 74 103 72 38 52 67 26 104 60 15 106 43 34 48 2 37 42 75 93 109 40 83 54 25 44 71 56 6 28 73 61 62 70 51 107 79 
0 97 77 90 8 17 46 69 101 39 32 82 16 91 47 76 4 45 22 87 96 21 86 88 12 105 30 41 95 53 11 57 1 3 58 49 63 18 65 10 98 108 81 68 50 80 64 13 102 84 33 35 55 29 31 92 9 85 7 59 19 23 24 27 94 14 89 20 5 100 99 66 78 36 74 103 72 38 52 67 26 104 60 15 106 43 34 48 2 37 42 75 93 109 40 83 54 25 44 71 56 6 28 73 61 62 70 51 107 79 
0 97 77 90 8 17 46 69 101 39 32 82 16 91 47 76 4 45 22 87 96 21 86 88 12 105 30 41 95 53 11 57 1 3 58 49 63 18 65 10 98 108 81 68 50 80 64 13 102 84 33 35 55 29 31 92 9 85 7 59 19 23 24 27 94 14 89 20 5 100 99 66 78 36 74 103 72 38 52 67 26 104 60 15 106 43 34 48 2 37 42 75 93 109 40 83 54 25 44 71 56 6 28 73 61 62 70 51 107 79 
0 97 77 90 8 17 46 69 101 39 32 82 16 91 47 76 4 45 22 87 96 21 86 88 12 105 30 41 95 53 11 57 1 3 58 49 63 18 65 10 98 108 81 68 50 80 64 13 102 84 33 35 55 29 31 92 9 85 7 59 19 23 24 27 94 14 89 20 5 100 99 66 78 36 74 103 72 38 52 67 26 104 60 15 106 43 34 48 2 37 42 75 93 109 40 83 54 25 44 71 56 6 28 73 61 62 70 51 107 79 
0 97 77 90 8 17 46 69 101 39 82 16 91 47 76 4 45 22 87 96 21 86 88 12 105 30 41 95 53 32 11 57 1 3 58 49 63 18 65 10 98 108 81 68 50 80 64 13 102 84 33 35 55 29 31 92 9 85 7 59 19 23 24 27 94 14 89 20 5 100 99 66 78 36 74 103 72 38 52 67 26 104 60 15 106 43 34 48 2 37 42 75 93 109 40 83 107 54 25 70 62 61 73 28 6 56 71 44 51 79 
0 97 77 90 8 17 46 69 101 39 82 16 91 47 76 4 45 22 87 96 21 86 88 12 105 30 41 95 53 32 11 57 1 3 58 49 63 18 65 10 98 108 81 68 50 80 64 13 102 84 33 35 55 29 31 92 9 85 7 59 19 23 24 27 94 14 89 20 5 100 99 66 78 36 74 103 72 38 52 67 26 104 60 15 106 43 34 48 2 37 42 75 93 109 40 83 107 54 25 70 62 61 73 28 6 56 71 44 51 79 
0 97 77 90 8 17 46 69 101 39 32 82 16 91 47 71 44 25 54 83 40 109 93 75 42 37 2 48 34 43 106 15 60 104 26 67 52 38 72 103 74 36 78 66 99 100 5 20 89 14 94 27 24 23 19 59 7 85 9 92 31 29 55 35 33 84 102 13 64 80 50 68 81 108 98 10 65 18 63 49 58 3 1 57 11 53 95 41 30 105 12 88 86 21 96 87 22 45 4 76 56 6 28 73 61 62 70 51 107 79 
0 97 77 90 8 17 46 69 101 39 32 82 16 91 47 76 4 45 22 87 96 21 86 88 12 105 30 41 95 53 11 57 1 3 58 49 63 18 48 10 98 108 81 68 50 80 64 13 102 84 33 35 55 29 31 92 65 9 85 7 59 19 23 24 27 94 14 89 20 5 100 99 66 78 36 74 103 72 38 52 67 26 104 60 15 106 43 34 2 37 42 75 93 109 40 83 54 25 44 71 56 6 28 73 61 62 70 51 107 79 
0 97 77 90 8 17 46 69 101 39 32 82 16 91 47 76 4 45 22 87 96 21 86 88 12 105 30 41 95 53 11 57 1 3 58 49 63 18 65 10 98 108 81 52 50 80 64 13 102 84 33 35 55 29 31 92 9 85 7 59 19 23 24 27 94 14 68 89 20 5 100 99 66 78 36 74 103 72 38 67 26 104 60 15 106 43 34 48 2 37 42 75 93 109 40 83 54 25 44 71 56 6 28 73 61 62 70 51 107 79 
0 97 77 90 8 17 46 69 101 39 32 82 16 91 47 76 4 45 22 87 96 21 86 88 12 105 30 41 95 53 11 57 1 3 58 49 63 18 65 10 98 108 81 68 50 80 64 102 13 84 33 35 9 85 92 31 29 55 7 59 19 23 24 27 94 14 89 20 5 100 99 66 78 36 74 103 72 38 52 67 26 104 60 15 106 43 34 48 2 37 42 75 93 109 40 83 54 25 44 71 56 6 28 73 61 62 70 51 107 79 
0 97 77 90 8 17 46 69 101 39 32 82 16 91 47 76 4 45 22 87 96 21 86 88 12 105 30 41 95 53 11 57 1 3 58 49 63 18 65 10 98 108 81 68 50 80 64 13 102 84 33 35 55 29 31 9 85 7 59 19 23 24 27 94 14 89 20 5 100 99 66 78 36 74 103 72 38 52 67 26 104 60 15 106 43 34 48 2 37 42 75 93 109 40 83 54 25 44 71 56 6 28 73 61 62 70 51 92 107 79 
0 97 77 90 8 17 46 69 101 39 32 82 16 91 47 76 4 45 22 87 96 21 86 88 12 105 30 41 95 53 11 57 1 3 58 49 63 18 65 10 98 108 81 68 50 80 64 13 102 84 33 35 55 29 31 92 9 85 7 59 19 23 24 27 94 14 89 20 5 100 15 66 78 36 99 74 103 72 38 52 67 26 104 60 106 43 34 48 2 37 42 75 93 109 83 107 54 25 70 62 61 40 73 28 6 56 71 44 51 79 
0 97 77 90 8 17 46 69 101 39 32 82 16 91 47 76 4 45 22 87 96 21 86 88 12 105 41 95 30 53 11 57 1 3 58 49 63 18 65 10 98 108 81 68 50 80 64 13 102 84 33 35 55 29 31 92 9 85 7 59 19 23 24 27 94 14 89 20 5 100 99 66 78 36 74 103 72 38 52 67 26 104 60 15 106 43 34 48 2 37 42 75 93 109 40 83 54 25 44 71 56 6 28 73 61 62 70 51 107 79 
0 97 77 90 8 17 46 69 101 39 82 16 91 47 76 4 45 22 87 96 21 86 88 12 105 30 41 95 53 11 57 1 3 58 49 63 18 65 10 98 108 81 68 50 80 64 13 102 84 33 35 55 29 31 92 85 9 7 59 19 23 24 27 32 94 14 89 20 5 100 99 66 78 36 74 103 72 38 52 67 26 104 60 15 106 43 34 48 2 37 42 75 93 109 83 107 54 25 70 62 61 40 73 28 6 56 71 44 51 79 
0 97 77 90 8 17 46 69 101 39 32 82 16 91 47 76 4 45 22 87 96 21 86 88 12 105 30 41 95 53 11 57 1 3 58 15 63 18 65 10 98 108 81 68 50 64 13 102 84 33 35 55 29 31 92 9 85 7 59 20 19 23 24 27 94 14 89 5 100 99 66 78 36 74 103 72 38 52 67 26 104 60 49 106 43 34 48 2 37 42 75 93 109 40 83 54 25 44 80 71 56 6 28 73 61 62 70 51 107 79 
0 97 77 90 8 17 46 69 101 39 32 82 16 91 47 76 4 45 22 87 96 21 86 88 12 105 30 41 95 53 11 57 1 3 58 49 63 18 65 10 98 108 81 68 50 80 64 13 102 84 33 35 55 29 31 92 9 85 7 59 19 23 24 27 94 14 89 20 5 100 99 66 78 36 74 103 72 38 52 67 26 104 60 15 106 43 34 48 2 37 42 75 93 109 40 83 70 25 44 71 56 6 28 73 61 62 54 51 107 79 
0 97 77 90 8 17 46 69 101 39 32 82 16 91 47 76 4 45 22 87 96 21 86 88 12 105 30 41 95 53 11 57 1 3 58 49 63 18 65 10 98 108 81 68 50 80 64 13 102 84 33 35 55 29 31 92 9 85 7 59 19 23 24 27 94 14 89 20 5 100 99 66 78 36 74 103 72 38 52 67 26 104 60 15 106 43 34 48 2 37 42 75 93 109 83 107 54 25 70 62 61 40 73 28 6 56 71 44 51 79 
0 97 77 90 8 17 46 69 101 39 32 82 16 91 47 76 4 45 22 87 96 21 86 88 12 105 30 41 95 53 14 94 27 24 23 19 59 7 85 9 92 31 29 55 35 33 84 102 13 11 57 1 3 58 49 63 18 65 10 98 108 81 68 50 80 64 89 20 5 100 99 66 78 36 74 103 72 38 52 67 26 104 60 15 106 43 34 48 2 37 42 75 93 109 40 83 54 25 44 71 56 6 28 73 61 62 70 51 107 79 
0 97 77 90 8 17 46 69 101 39 32 82 16 91 47 76 4 45 22 87 96 21 86 88 12 105 30 41 95 53 11 57 1 3 58 49 63 18 65 10 98 81 68 50 80 64 13 102 84 33 35 55 29 31 92 85 9 7 59 19 23 24 27 94 14 89 20 5 100 99 66 108 78 36 74 103 72 38 52 67 26 104 60 15 106 43 34 48 2 37 42 75 93 109 40 70 54 25 44 71 56 6 28 73 61 62 83 51 107 79 
0 97 77 90 8 17 46 69 101 39 32 82 16 91 47 76 4 45 22 87 96 21 86 88 12 105 30 41 95 53 11 57 1 58 49 63 18 65 10 98 108 81 68 50 80 64 13 102 84 33 35 55 29 31 92 9 85 7 59 19 23 24 27 94 14 89 20 5 100 99 66 78 36 74 103 72 38 3 52 67 26 104 60 15 106 43 34 48 2 37 42 75 93 109 40 83 54 25 44 71 56 6 28 73 61 62 70 51 107 79 
0 97 77 90 8 17 46 69 101 39 82 91 47 76 4 45 22 87 96 21 86 88 12 105 30 41 95 53 32 11 16 57 1 3 58 49 63 18 65 10 98 108 81 68 50 80 64 13 102 84 33 35 55 29 31 92 9 85 7 59 19 23 24 27 94 14 89 20 5 100 99 66 78 36 74 103 72 38 52 67 26 104 60 15 106 43 34 48 2 37 42 75 93 109 40 83 54 25 44 71 56 6 28 73 61 62 70 51 107 79 
0 97 77 90 8 17 46 69 101 39 82 16 91 47 76 4 45 22 87 96 21 86 88 12 105 30 41 38 53 11 57 1 3 58 49 63 18 65 10 98 108 81 68 50 80 64 13 102 84 33 35 55 29 31 92 85 9 7 59 19 23 24 27 32 94 14 89 20 5 100 99 66 78 36 74 103 72 95 52 67 26 104 60 15 106 43 34 48 2 37 42 75 93 109 40 83 54 25 44 71 56 6 28 73 61 62 70 51 107 79 
0 97 77 90 8 17 46 69 101 39 32 82 16 91 47 76 4 45 22 87 96 21 86 88 12 105 30 41 95 53 11 57 1 3 58 49 63 18 65 10 98 108 81 68 50 80 64 13 102 84 33 35 55 29 31 92 85 9 7 59 19 23 24 27 94 14 89 20 5 100 99 66 78 36 74 103 72 38 52 67 26 104 60 15 106 43 34 48 2 37 42 75 93 109 40 83 54 25 44 71 56 6 28 73 61 62 70 51 107 79 
0 97 77 90 8 17 46 69 101 39 32 82 16 91 47 76 4 45 22 87 96 21 86 88 12 105 30 41 95 53 11 57 1 3 58 49 63 18 65 10 98 108 81 68 50 80 64 13 102 84 33 35 55 29 31 92 85 9 7 59 19 23 24 27 94 14 89 20 5 100 99 66 78 36 74 103 72 38 52 67 26 104 60 15 106 43 34 48 2 37 42 75 93 109 40 83 54 25 44 71 56 6 28 73 61 62 70 51 107 79 
0 97 77 90 8 17 46 69 101 39 32 82 16 91 47 76 4 45 22 87 96 21 86 88 12 105 30 41 95 53 14 94 27 24 23 19 59 7 85 9 92 31 29 55 35 33 84 11 57 1 3 58 49 63 18 65 10 98 108 81 68 50 80 64 13 102 89 20 5 100 99 66 78 36 74 103 72 38 52 67 26 104 60 15 106 43 34 48 2 37 42 75 93 109 40 83 107 54 25 44 71 56 6 28 73 61 62 70 51 79 
0 97 77 90 8 17 46 69 101 39 32 82 16 91 47 76 4 45 22 87 96 21 86 88 12 105 30 41 95 53 14 94 27 24 23 19 59 7 85 9 92 31 29 55 35 33 84 102 13 64 80 50 68 81 108 98 10 65 18 63 49 58 3 1 57 11 89 20 5 100 99 66 78 36 74 103 72 38 52 67 26 104 60 15 106 43 34 48 2 37 42 75 93 109 83 107 54 25 70 62 61 40 44 71 56 6 28 73 51 79 
0 97 77 90 8 17 46 69 101 39 82 16 91 47 76 4 45 22 87 96 21 86 88 12 105 30 41 95 53 32 11 57 1 3 58 49 63 18 65 10 98 108 81 68 50 80 64 102 84 33 35 55 29 31 92 9 85 7 59 19 23 24 27 94 14 89 20 5 100 99 13 66 78 36 74 103 72 38 52 67 26 104 60 15 106 43 34 48 2 37 42 75 93 109 40 83 54 25 44 71 56 6 28 73 61 62 70 51 107 79 
0 97 77 90 8 17 46 69 101 39 32 82 16 91 47 76 4 45 22 87 96 21 86 88 12 105 30 41 95 53 11 57 1 3 58 49 63 18 65 10 98 108 81 68 50 80 64 13 102 84 33 35 55 29 31 92 9 85 7 59 19 23 24 27 94 14 89 20 5 100 99 66 78 36 74 103 72 38 52 67 26 104 60 15 106 43 34 48 2 37 42 75 93 40 83 109 54 25 44 71 56 6 28 73 61 62 70 51 107 79 
0 97 77 90 8 17 46 69 101 39 32 82 16 91 47 76 4 45 22 87 96 21 86 88 12 105 30 41 95 53 11 57 1 3 58 49 63 18 65 10 98 108 81 68 50 80 64 13 102 84 33 35 55 29 31 92 9 85 7 59 19 23 24 27 94 14 89 20 5 100 99 66 78 36 74 103 72 38 52 67 26 104 60 15 106 43 34 48 2 37 42 75 93 109 40 83 107 54 25 70 62 61 73 28 6 56 71 44 51 79 
0 97 77 90 8 17 46 69 101 39 32 82 16 91 47 102 13 64 80 50 68 81 108 98 10 65 18 63 49 58 3 1 57 11 53 95 41 30 105 26 104 60 15 106 43 34 48 2 37 92 31 29 55 35 33 84 76 4 45 22 87 96 21 86 88 12 67 52 38 72 103 74 36 78 66 99 100 5 20 89 14 94 27 24 23 19 59 7 85 9 42 75 93 109 40 83 54 107 25 70 62 61 73 28 6 56 71 44 51 79 
0 97 77 90 8 17 46 101 39 32 82 16 91 47 76 4 45 22 69 87 96 21 86 88 12 105 30 41 95 53 11 57 1 3 58 49 63 18 65 10 98 108 81 68 50 80 64 13 102 84 33 35 55 29 31 92 9 85 7 59 19 23 24 27 94 14 89 20 5 100 99 66 78 36 74 103 72 38 52 67 26 104 60 15 106 43 34 48 2 37 42 75 93 109 83 107 54 25 70 62 61 40 73 28 6 56 71 44 51 79 
0 97 77 90 8 17 46 101 39 32 82 16 91 47 76 4 45 22 69 87 96 21 86 88 12 105 30 41 95 53 11 57 1 3 58 49 63 18 65 10 98 108 81 68 50 80 64 13 102 84 33 35 55 29 31 92 9 85 7 59 19 23 24 27 94 14 89 20 5 100 99 66 78 36 74 103 72 38 52 67 26 104 60 15 106 43 34 48 2 37 42 75 93 109 83 107 54 25 70 62 61 40 73 28 6 56 71 44 51 79 
0 97 77 90 8 17 46 69 101 39 32 82 16 91 47 76 4 45 22 87 96 21 86 88 12 105 30 41 95 53 11 57 1 3 58 49 63 18 65 67 52 38 72 103 74 36 78 66 99 100 5 20 89 14 94 27 24 23 19 59 7 85 9 92 31 29 55 35 33 84 102 13 64 80 50 68 81 108 98 10 26 104 60 15 106 43 34 48 2 37 42 75 93 109 40 83 54 25 44 71 56 6 28 73 61 62 70 51 107 79 
0 97 77 90 8 17 46 69 101 39 32 82 16 91 47 4 45 22 87 96 21 86 88 12 105 30 41 95 53 11 57 1 3 58 49 63 18 65 10 98 108 81 68 50 80 64 13 102 84 33 35 55 29 31 92 9 85 7 59 19 23 24 27 94 14 89 20 5 100 99 66 78 36 74 103 72 38 52 67 26 104 60 15 106 43 34 48 2 37 42 75 93 109 40 83 54 25 44 71 56 6 28 73 61 62 76 70 51 107 79 
0 97 77 90 8 17 46 69 101 39 32 82 16 91 47 76 4 45 22 87 96 21 86 88 12 105 30 41 95 53 11 57 1 3 58 49 63 18 65 10 98 108 81 68 50 80 64 13 102 84 33 35 55 29 31 92 9 85 7 59 19 23 24 27 94 14 89 20 5 100 99 66 78 36 74 103 72 38 52 67 26 104 60 15 106 43 34 48 2 37 42 75 93 109 40 83 107 54 25 44 71 56 6 28 73 61 62 70 51 79 
0 97 77 90 8 17 46 69 101 39 32 82 16 91 47 76 4 45 22 87 96 21 86 88 12 105 30 41 95 53 11 57 1 3 58 49 63 18 65 10 98 81 68 50 80 64 13 102 84 33 35 55 29 31 92 9 85 7 59 19 23 24 27 94 14 89 20 5 100 108 99 66 78 36 74 103 72 38 52 67 26 104 60 15 106 43 34 48 2 37 42 75 93 109 40 83 70 25 44 71 56 6 28 73 61 62 54 51 107 79 
0 97 77 90 8 17 46 69 101 39 32 82 16 91 47 76 4 45 22 87 96 21 86 88 12 99 100 5 20 89 14 94 27 24 23 19 59 7 85 9 92 31 29 55 35 33 84 102 13 64 80 50 68 81 108 98 10 61 18 63 49 58 3 1 57 11 53 95 41 30 105 66 78 36 74 103 72 38 52 67 26 104 60 15 106 43 34 48 2 37 42 75 93 109 40 83 54 25 44 71 56 6 28 73 65 62 70 51 107 79 
0 97 77 90 8 17 46 69 101 39 32 82 16 91 47 76 4 45 22 87 96 21 86 88 12 53 95 41 30 105 11 57 1 3 58 49 63 18 65 10 98 108 81 68 50 80 64 13 102 84 33 35 55 29 31 92 9 85 7 59 19 23 24 27 94 14 89 20 5 100 99 66 78 36 74 103 72 38 52 67 26 104 60 15 106 43 34 48 2 37 42 75 93 109 40 83 54 25 44 71 56 6 28 73 61 62 70 51 107 79 
0 97 77 90 8 17 46 69 101 39 82 16 91 47 76 4 45 22 87 96 21 86 88 12 105 30 41 95 53 32 11 57 1 3 58 49 63 18 65 10 98 108 81 68 50 80 64 13 102 84 33 35 55 29 31 92 9 85 7 59 19 23 24 27 94 14 89 6 56 71 44 25 54 83 40 109 93 75 42 37 2 48 34 43 106 15 60 104 26 67 52 38 72 103 74 36 78 66 99 100 5 20 28 73 61 62 70 51 107 79 
0 97 77 90 8 17 46 69 101 39 32 82 16 91 47 20 5 100 99 66 78 36 74 103 72 38 52 67 26 104 60 15 106 43 34 48 2 37 42 75 93 109 40 83 50 80 64 13 102 84 33 35 55 29 31 92 9 85 7 59 19 23 24 27 94 14 89 76 4 45 22 87 96 21 86 88 12 105 30 41 95 53 11 57 1 3 58 49 63 18 65 10 98 108 81 68 54 25 44 71 56 6 28 73 61 62 70 51 107 79 
0 97 77 90 8 17 46 69 101 39 82 16 91 47 76 4 45 22 87 96 21 86 88 12 105 30 41 95 53 32 11 57 1 3 58 49 63 18 65 10 98 108 81 68 80 64 13 102 84 33 35 55 29 31 92 9 85 7 59 19 23 24 27 94 14 89 20 5 100 99 66 78 36 74 103 72 38 52 67 26 104 60 15 106 43 34 48 2 50 37 42 75 93 109 40 83 54 25 44 71 56 6 28 73 61 62 70 51 107 79 
0 97 77 90 8 17 46 69 101 39 32 82 16 91 47 76 4 45 22 87 96 21 86 88 12 105 30 41 95 53 11 57 1 3 58 49 63 18 65 10 98 108 81 68 50 80 64 13 102 84 33 35 55 29 31 92 9 85 7 59 19 23 24 27 94 14 89 20 5 100 99 66 78 36 74 103 72 38 52 67 26 104 60 15 43 34 106 48 2 37 42 75 93 109 40 83 54 25 44 71 56 6 28 73 61 62 70 51 107 79 
0 97 77 90 8 17 46 69 101 39 82 16 91 47 76 4 45 22 87 96 21 86 88 12 105 30 41 95 53 32 11 57 1 3 58 49 63 18 65 10 98 108 81 68 50 80 64 13 102 84 33 35 55 29 31 92 9 85 7 59 19 23 24 27 94 14 89 20 5 99 66 78 36 74 103 72 38 52 67 26 104 60 100 15 106 43 34 48 2 37 42 75 93 109 83 107 54 25 70 62 61 40 73 28 6 56 71 44 51 79 
0 97 77 90 8 17 46 69 101 39 32 82 16 91 47 76 4 45 22 87 96 21 86 88 12 105 30 41 95 53 11 57 1 3 58 49 63 18 65 10 98 108 81 68 50 80 64 13 102 84 33 35 55 29 31 92 85 9 7 59 19 23 24 27 94 14 89 20 5 100 99 66 78 36 74 103 72 38 52 67 26 104 60 15 106 43 34 48 2 37 42 75 93 109 40 83 107 54 25 44 71 56 6 28 73 61 62 70 51 79 
0 97 77 90 8 17 46 69 101 39 32 82 16 91 47 76 4 45 22 87 96 21 86 88 12 105 30 41 95 53 11 57 1 3 58 49 63 18 65 10 98 108 81 68 50 80 64 13 102 84 33 35 55 29 31 92 9 85 7 59 19 23 24 27 94 14 89 20 5 100 99 66 78 36 74 103 72 38 52 67 26 104 60 15 106 43 2 48 34 37 42 75 93 109 40 83 54 25 44 71 56 6 28 73 61 62 70 51 107 79 
0 97 77 90 8 17 46 69 101 39 82 16 91 47 76 4 45 22 87 96 21 86 88 12 105 30 41 95 53 32 11 57 1 3 58 49 63 18 65 10 98 108 81 68 50 80 64 13 102 84 33 35 55 29 31 92 9 85 7 59 19 23 24 27 94 14 89 20 5 100 99 66 78 36 74 72 38 52 67 26 104 60 15 106 43 34 48 2 37 42 75 93 109 40 103 83 54 25 44 71 56 6 28 73 61 62 70 51 107 79 
0 97 77 90 8 17 46 69 101 39 32 82 16 91 47 76 4 45 22 87 96 21 86 88 12 105 30 41 95 53 11 57 1 3 58 49 63 18 65 10 98 108 81 68 50 80 64 13 102 84 33 35 55 29 31 92 59 7 9 85 19 23 24 27 94 14 89 20 5 100 99 66 78 36 74 103 72 38 52 67 26 104 60 15 106 43 34 48 2 37 75 93 109 40 83 54 25 44 42 71 56 6 28 73 61 62 70 51 107 79 
0 97 77 90 8 17 46 69 101 39 32 82 16 91 47 76 4 45 22 87 96 21 86 88 12 105 30 41 95 53 11 57 1 3 108 98 10 65 18 63 49 58 81 68 50 80 64 13 102 84 33 35 55 29 31 92 9 85 7 59 19 23 24 27 94 14 89 20 5 100 99 66 78 36 74 103 72 38 52 67 26 104 60 15 106 43 34 48 2 37 42 75 93 109 40 83 54 25 44 71 56 6 28 73 61 62 70 51 107 79 
0 97 77 90 8 17 46 69 108 39 32 82 16 91 47 76 4 45 22 87 96 21 86 88 12 105 30 41 95 53 11 57 1 3 58 49 63 18 65 10 98 101 81 68 50 80 64 13 102 84 33 35 55 29 31 92 9 85 7 59 19 23 24 27 94 14 89 20 5 100 99 66 78 36 74 103 72 38 52 67 26 104 60 15 106 43 34 48 2 37 42 75 93 109 40 83 54 25 44 71 56 6 28 73 61 62 70 51 107 79 
0 97 77 90 8 17 46 69 101 39 32 82 16 91 47 76 4 7 22 87 96 21 86 88 12 67 52 38 72 103 74 36 78 66 99 100 5 20 89 14 94 27 24 23 19 59 45 85 9 92 31 29 55 35 33 84 102 13 64 80 50 68 81 108 98 10 65 18 63 49 58 3 1 57 11 53 95 41 30 105 26 104 60 15 106 43 34 48 2 37 42 75 93 109 40 83 54 25 44 71 56 6 28 73 61 62 70 51 107 79 
0 97 9 85 7 59 19 23 24 27 94 14 89 20 5 100 99 66 78 36 74 103 72 38 52 67 26 104 60 15 106 43 34 48 2 37 42 75 93 109 40 83 54 25 44 71 56 6 28 73 61 62 70 51 31 92 77 90 8 17 46 69 101 39 32 82 16 91 47 76 4 45 22 87 96 21 86 88 12 105 30 41 95 53 11 57 1 3 58 49 63 18 65 10 98 108 81 68 50 80 64 13 102 84 33 35 55 29 107 79 
0 97 77 90 8 17 46 69 101 39 108 82 16 91 47 76 4 45 22 87 96 21 86 88 12 105 30 41 95 53 11 57 1 3 58 49 63 18 65 10 98 32 81 102 13 64 80 50 68 84 33 35 55 29 31 92 9 85 7 59 19 23 24 27 94 14 89 20 5 100 99 66 78 36 74 103 72 38 52 67 26 104 60 15 106 43 34 48 2 37 42 75 93 109 40 83 54 25 44 71 56 6 28 73 61 62 70 51 107 79 
0 97 77 90 8 17 46 69 101 39 35 82 16 91 47 76 4 45 22 87 96 21 86 88 12 105 30 41 95 53 11 57 1 3 58 49 63 18 65 10 98 108 81 68 50 80 64 13 102 84 33 32 55 29 31 92 9 85 7 59 19 23 24 27 94 14 89 20 5 100 99 66 78 36 74 103 72 38 52 67 26 104 60 15 106 43 34 48 2 37 42 75 93 109 40 83 54 25 44 71 56 6 28 73 61 62 70 51 107 79 
0 97 77 90 8 17 46 69 101 39 35 82 16 91 47 76 4 45 22 87 96 21 86 88 12 105 30 41 95 53 11 57 1 3 58 49 63 18 65 10 98 108 81 68 50 80 64 13 102 84 33 32 55 29 31 92 9 85 7 59 19 23 24 27 94 14 89 20 5 100 99 66 78 36 74 103 72 38 52 67 26 104 60 15 106 43 34 48 2 37 42 75 93 109 40 83 54 25 44 71 56 6 28 73 61 62 70 51 107 79 
0 97 77 90 8 17 46 69 101 39 32 82 16 91 47 76 4 45 22 87 96 21 86 88 12 105 30 41 95 53 103 74 36 78 66 99 100 5 20 89 14 94 27 24 23 19 59 7 85 9 92 31 29 55 35 33 84 102 13 64 80 50 68 81 108 98 10 65 18 63 49 58 3 1 57 11 72 38 52 67 26 104 60 15 106 43 34 48 2 37 42 75 93 109 83 107 54 25 70 62 61 40 28 6 73 56 71 44 51 79 
0 97 77 90 8 17 46 69 101 39 32 82 16 91 47 76 4 45 22 70 96 21 86 88 12 67 52 38 72 103 74 36 78 33 84 102 13 20 89 14 94 27 24 23 19 59 7 85 9 92 31 29 55 35 66 99 100 5 64 80 50 68 81 108 98 10 65 18 63 49 58 3 1 57 11 53 95 41 30 105 26 104 60 15 106 43 34 48 2 37 42 75 93 109 40 83 54 25 44 71 56 6 28 73 61 62 87 51 107 79 
0 97 77 90 8 17 46 29 31 92 9 85 7 59 19 23 24 27 94 14 89 20 5 100 99 66 78 36 74 103 72 38 52 67 26 104 60 15 106 43 34 48 2 37 42 75 93 40 109 83 107 54 25 69 101 39 82 16 91 47 76 4 45 22 87 96 21 86 88 12 105 30 41 95 53 32 11 57 1 3 58 49 63 18 65 10 98 108 81 68 50 80 64 13 102 84 33 35 55 70 62 61 73 44 71 56 6 28 51 79 
0 97 77 90 8 17 46 69 101 39 82 16 91 47 76 4 45 22 87 96 21 86 88 12 105 30 41 95 53 32 11 57 1 3 58 49 63 18 65 10 98 108 81 68 50 80 64 13 102 84 33 35 55 29 31 92 9 85 7 59 19 23 24 27 94 14 89 20 5 100 99 66 78 36 74 103 72 38 52 67 26 104 60 15 106 43 34 54 25 44 71 56 6 28 73 61 48 2 37 42 75 93 109 40 83 62 70 51 107 79 
0 97 77 90 8 17 46 72 103 74 36 78 66 99 100 5 20 89 14 94 27 24 23 19 59 7 85 9 92 31 29 55 35 33 84 102 13 64 80 50 68 81 108 98 10 65 18 63 49 58 3 1 57 11 53 95 41 30 105 12 88 86 21 96 87 22 45 4 76 47 91 16 82 32 39 101 69 38 52 67 26 104 60 15 106 43 34 48 2 37 42 75 93 109 40 83 54 25 44 71 56 6 28 73 61 62 70 51 107 79 
0 97 77 90 8 17 46 69 101 39 80 82 16 91 47 76 4 45 22 87 96 21 86 88 12 105 30 41 95 53 14 94 27 24 23 19 59 7 85 9 92 31 29 55 35 33 84 102 13 64 32 50 68 81 108 98 10 65 18 63 49 58 3 1 57 11 89 20 5 100 99 66 78 36 74 103 72 38 52 67 26 104 60 15 106 43 34 48 2 37 42 75 93 109 83 107 54 25 70 62 61 40 73 28 6 56 71 44 51 79 
0 97 77 90 8 17 46 69 101 39 32 82 16 91 47 76 4 45 22 87 96 21 86 88 12 105 30 41 95 53 11 57 1 3 58 49 63 18 65 10 98 108 81 68 50 80 64 13 102 14 94 27 24 23 19 59 7 85 9 92 31 29 55 35 33 84 89 20 5 99 66 78 36 74 103 72 38 52 67 26 104 60 15 106 43 34 48 2 37 42 75 93 100 109 83 107 54 25 70 62 61 40 73 28 6 56 71 44 51 79 
0 97 77 90 8 17 46 49 58 3 1 57 11 53 95 41 30 105 12 88 86 21 96 87 22 45 4 76 47 91 16 82 32 39 101 69 63 18 65 10 98 108 81 68 50 80 64 13 102 84 33 35 55 29 31 92 9 85 7 59 19 23 24 27 94 14 89 20 5 100 99 66 78 36 74 103 72 38 52 67 26 104 60 15 106 43 34 48 2 37 42 75 93 109 83 107 54 25 70 62 61 40 73 28 6 56 71 44 51 79 
0 97 77 90 8 17 46 69 101 39 82 16 91 47 76 4 45 22 87 96 21 86 88 12 105 30 41 95 53 32 11 57 1 84 102 13 64 80 50 68 81 108 98 10 65 18 63 49 58 3 33 35 55 29 31 92 9 85 7 59 19 23 24 27 94 14 89 20 5 100 99 66 78 36 74 103 72 38 52 67 26 104 60 15 106 43 34 48 2 37 42 75 93 109 40 83 54 25 44 71 56 6 28 73 61 62 70 51 107 79 
0 97 77 90 8 17 46 69 101 39 32 82 16 91 47 76 4 45 22 87 96 21 86 88 12 105 30 41 95 53 11 57 1 3 58 49 63 18 65 10 98 108 81 68 50 80 64 13 102 84 33 35 55 9 85 92 31 7 59 19 23 24 27 94 14 89 20 5 100 99 66 78 36 74 103 72 38 52 67 26 104 60 15 106 43 34 48 2 37 42 75 93 109 40 83 54 29 25 44 71 56 6 28 73 61 62 70 51 107 79 
0 97 77 90 8 17 46 69 101 39 82 16 91 47 76 4 45 22 87 96 21 86 88 12 105 30 41 95 53 32 11 57 1 3 58 49 63 18 65 10 98 108 81 68 50 80 64 13 102 84 33 35 55 29 31 92 9 85 7 59 19 23 24 27 94 14 89 20 5 100 99 66 78 36 74 103 72 38 52 67 26 104 60 15 106 51 70 62 61 28 6 56 71 44 25 54 107 83 40 109 93 75 42 37 2 48 34 43 73 79 
0 97 77 90 8 17 46 69 101 39 32 82 74 91 47 76 4 45 22 87 96 21 86 88 12 105 30 41 16 95 53 11 57 1 3 58 49 63 18 65 10 98 108 81 68 50 80 64 13 102 84 33 35 55 29 31 92 9 85 7 59 19 23 24 27 94 14 89 20 5 100 99 66 78 36 103 72 38 52 67 26 104 60 15 106 43 34 48 2 37 42 75 93 109 40 83 54 25 44 71 56 6 28 73 61 62 70 51 107 79 
0 97 77 90 8 17 46 69 101 39 32 82 16 91 47 76 4 7 22 87 96 21 86 88 12 105 30 41 95 53 11 57 3 58 49 63 18 65 10 98 108 81 68 50 80 64 13 102 84 33 35 55 29 31 92 85 9 45 59 19 23 24 27 94 14 89 20 5 100 99 66 78 36 74 103 72 38 52 1 67 26 104 60 15 106 43 34 48 2 37 42 75 93 109 40 70 54 25 44 71 56 6 28 73 61 62 83 51 107 79 
0 97 77 90 8 17 46 69 101 39 32 82 16 91 47 76 4 45 22 87 96 21 86 88 12 105 30 41 95 53 14 94 27 24 23 19 59 7 42 9 92 31 29 55 35 33 84 102 13 64 89 20 5 100 99 40 83 54 25 44 71 56 6 28 109 93 75 85 37 2 48 34 43 106 15 60 104 26 67 52 38 72 103 74 36 78 66 11 57 1 3 58 49 63 18 65 10 98 108 81 68 50 80 73 61 62 70 51 107 79 
0 97 77 90 8 17 46 69 101 39 32 82 16 91 47 76 4 45 22 87 96 21 86 88 12 105 30 41 95 53 11 57 1 3 58 49 72 38 52 67 26 104 60 15 106 43 34 48 2 37 42 75 93 109 83 107 54 25 70 62 61 40 44 71 56 6 28 20 5 100 99 66 78 36 74 103 63 18 65 10 98 108 81 68 50 80 64 13 102 84 33 35 55 29 31 92 9 85 7 59 19 23 24 27 94 14 89 73 51 79 
0 97 77 90 8 17 46 69 101 39 82 16 91 76 4 45 22 87 96 21 86 88 12 105 30 41 95 53 32 11 57 1 3 58 49 63 18 65 10 98 108 81 68 50 80 64 13 102 84 33 35 55 9 85 92 31 29 7 59 19 23 24 27 94 14 89 20 5 100 99 40 83 54 25 44 71 56 47 6 28 109 93 75 42 37 2 48 34 43 106 15 60 104 26 67 52 38 72 103 74 36 78 66 73 61 62 70 51 107 79 
0 97 77 90 8 17 46 7 59 19 23 24 27 94 14 89 20 5 100 99 66 78 36 74 103 72 38 52 67 26 104 60 15 106 43 34 48 2 37 42 75 93 109 40 83 107 54 25 70 62 61 73 28 6 56 71 44 85 69 101 39 32 82 16 91 47 76 4 45 22 87 96 21 86 88 12 105 30 41 95 53 11 57 1 3 58 49 63 18 65 10 98 108 81 68 50 80 64 13 102 84 33 35 55 29 31 92 9 51 79 
0 97 77 90 8 17 46 69 101 39 82 16 91 47 76 4 45 22 87 96 21 86 88 32 12 67 52 38 72 103 74 36 78 66 99 100 5 20 89 14 94 27 24 23 19 59 7 85 9 92 31 29 55 35 33 84 102 13 64 80 50 68 81 108 98 10 65 18 63 49 58 3 1 57 11 53 95 41 30 105 26 104 60 15 106 43 34 48 2 37 42 75 93 109 40 83 54 25 44 71 56 6 28 73 61 62 70 51 107 79 
0 97 77 90 8 17 46 69 101 39 32 82 16 91 47 76 4 45 22 87 96 21 86 88 12 105 30 41 95 53 11 57 1 3 58 49 63 18 65 10 98 108 81 68 50 80 64 13 102 84 35 55 29 31 92 9 85 7 59 19 23 24 27 94 14 89 20 5 100 99 66 33 78 36 74 103 72 38 52 67 26 62 61 73 28 6 56 71 44 25 54 83 40 109 93 75 42 37 2 48 34 43 106 15 60 104 70 51 107 79 
0 97 77 90 8 17 46 69 101 39 32 82 16 91 47 76 4 45 22 87 96 21 86 88 12 105 30 41 95 53 11 57 1 80 58 49 63 18 65 10 98 108 81 68 50 3 64 13 102 84 33 35 55 29 31 92 9 85 7 59 19 23 24 27 94 14 89 20 5 100 99 66 78 36 74 103 72 38 52 67 26 104 60 15 106 43 34 48 2 37 42 75 93 109 40 83 54 25 44 71 56 6 28 73 61 62 70 51 107 79 
0 97 77 90 8 17 46 69 101 39 32 82 16 91 47 76 4 45 22 87 96 21 86 88 12 105 30 41 95 53 11 57 1 3 58 49 63 18 65 10 98 108 81 68 50 80 64 13 84 33 35 55 29 31 92 9 85 7 59 19 23 24 27 94 14 89 20 5 100 99 66 78 36 74 103 72 38 52 67 26 104 60 15 106 43 34 48 2 37 42 75 93 109 40 83 54 25 44 71 56 6 28 73 61 62 102 70 51 107 79 
0 97 77 90 8 17 46 69 101 39 32 82 16 91 47 20 89 11 57 1 3 58 49 63 18 65 10 98 108 81 68 50 80 64 13 102 84 33 35 55 29 31 92 9 85 7 59 19 23 24 27 94 14 53 95 41 30 105 12 88 86 21 96 87 22 45 4 76 5 100 99 66 78 36 74 103 72 38 52 67 26 104 60 15 106 43 34 48 2 37 42 75 93 109 83 107 54 25 70 62 61 40 44 71 56 6 28 73 51 79 
0 97 77 90 8 17 46 69 101 39 32 82 16 91 47 76 4 45 22 87 96 21 86 88 12 105 30 41 95 53 11 57 10 3 58 49 63 18 65 1 98 108 81 68 50 80 64 13 102 84 33 35 55 29 31 92 9 85 7 59 19 23 24 27 94 14 89 20 5 100 99 66 78 36 74 103 72 38 52 67 26 104 60 15 106 43 34 48 2 37 42 75 93 109 40 83 107 54 25 44 71 56 6 28 73 61 62 70 51 79 
0 97 77 90 8 17 46 69 101 39 82 16 91 47 76 4 45 22 87 96 21 86 88 12 105 41 95 53 32 11 57 1 3 58 49 63 18 65 10 98 108 81 68 50 80 64 13 102 84 30 33 35 55 29 31 92 9 85 7 59 19 23 24 27 94 14 89 20 5 100 99 66 78 36 74 103 72 38 52 67 26 104 60 15 106 43 34 48 2 37 42 75 93 109 40 83 54 25 44 71 56 6 28 73 61 62 70 51 107 79 
0 97 77 90 8 17 46 69 101 39 32 82 16 91 47 76 4 45 22 87 96 21 86 88 12 105 30 41 95 53 14 94 27 24 23 19 59 7 109 93 75 42 37 2 48 34 43 106 15 60 104 26 67 52 38 72 103 74 36 78 66 99 100 5 20 89 64 80 50 68 81 108 98 10 65 18 63 49 58 3 1 57 11 13 102 84 33 35 55 29 31 92 9 85 83 107 54 25 70 62 61 40 73 28 6 56 71 44 51 79 
0 97 77 9 85 92 31 29 90 8 17 46 69 101 39 32 82 16 91 47 76 4 45 22 87 96 21 86 88 12 3 30 41 95 53 11 57 1 105 58 49 63 18 65 10 98 108 81 68 50 80 64 13 102 84 33 35 55 7 59 19 23 24 27 94 14 89 20 5 100 99 66 78 36 74 103 72 38 52 67 26 104 60 15 106 43 34 48 2 37 42 75 93 109 40 83 54 25 44 71 56 6 28 73 61 62 70 51 107 79 
0 97 77 90 8 17 46 69 101 39 32 82 16 91 47 76 4 45 22 87 96 21 86 88 12 105 30 41 95 53 11 57 1 3 58 49 63 18 65 10 98 108 81 68 50 80 64 13 102 84 33 35 55 29 31 92 9 85 7 59 19 23 24 27 94 14 89 20 5 100 99 66 78 36 74 103 72 38 52 67 26 104 60 15 106 43 34 48 2 37 42 75 93 109 83 107 54 40 25 44 71 56 6 28 73 61 62 70 51 79 
0 97 77 90 8 17 46 69 101 39 32 82 16 91 47 76 4 45 22 87 96 21 86 88 12 67 52 38 72 103 74 36 78 66 99 100 5 20 89 105 30 41 95 53 11 57 1 3 58 49 63 18 65 10 98 108 81 68 50 80 64 13 102 84 33 35 55 29 31 92 85 9 7 59 19 23 24 27 94 14 26 104 60 15 106 43 34 48 2 37 42 75 93 109 40 83 107 54 25 44 71 56 6 28 73 61 62 70 51 79 
0 97 77 90 8 17 46 69 101 39 32 82 72 91 47 76 4 45 22 87 96 21 86 88 12 105 30 41 95 53 14 94 27 24 23 19 59 7 85 9 92 31 29 55 35 33 84 102 13 64 80 50 68 81 108 98 10 65 18 63 49 58 3 1 57 11 89 20 5 100 99 66 78 36 74 103 16 38 52 62 70 25 54 107 83 109 93 75 42 37 2 48 34 43 106 15 60 104 26 67 61 40 73 28 6 56 71 44 51 79 
0 97 77 90 8 17 46 69 101 39 32 82 16 91 47 76 4 45 22 87 96 21 86 88 12 105 30 41 95 53 11 57 1 3 58 49 63 18 65 10 98 108 81 68 50 80 64 13 102 84 33 35 55 29 31 92 9 85 7 59 19 23 24 27 94 14 89 20 5 100 99 66 78 36 74 103 72 38 52 67 26 104 60 15 106 43 34 48 2 37 42 75 93 109 40 83 54 25 44 71 56 6 28 73 62 70 61 51 107 79 
0 97 77 90 8 17 46 69 101 39 32 82 16 91 47 76 4 45 22 87 96 21 86 88 12 105 30 41 95 53 11 57 1 3 58 49 63 18 10 98 108 81 68 50 80 64 13 102 84 35 55 29 31 92 9 85 7 59 19 23 24 27 94 14 89 20 5 100 99 66 33 78 36 74 103 72 38 52 67 26 104 60 15 106 43 34 48 2 37 42 75 93 109 40 83 54 25 44 71 56 6 28 65 73 61 62 70 51 107 79 
0 97 77 90 8 17 46 69 101 39 32 82 16 91 47 76 4 45 22 87 96 21 86 88 12 105 30 41 95 53 11 57 1 3 58 49 63 18 65 10 98 108 81 68 50 80 64 13 102 84 33 35 55 29 31 92 9 85 7 59 19 23 24 27 94 14 89 20 100 99 66 78 36 74 103 72 38 52 67 26 104 60 5 15 106 43 34 48 2 37 42 75 93 109 83 107 54 25 70 62 61 40 73 28 6 56 71 44 51 79 
0 97 77 90 7 59 19 23 24 27 94 14 89 20 5 100 99 66 78 87 22 45 4 76 47 91 16 82 32 39 101 69 46 17 8 85 9 92 107 51 70 62 61 73 28 6 56 71 44 25 54 83 40 109 93 75 42 37 2 48 34 43 106 15 60 104 26 67 52 38 72 103 74 36 96 21 86 88 12 105 30 41 95 53 11 57 1 3 58 49 63 18 65 10 98 108 81 68 50 80 64 13 102 84 33 35 55 29 31 79 
0 97 77 90 8 17 46 69 101 39 32 82 16 91 47 76 4 45 22 87 96 21 86 88 12 105 30 41 95 53 11 57 1 3 58 49 63 18 65 10 98 108 102 68 50 80 64 13 81 84 33 35 55 29 31 92 9 85 7 59 19 23 24 27 94 14 89 20 5 100 99 66 78 36 74 103 72 38 52 67 26 104 60 15 106 43 34 48 2 37 42 75 93 109 83 107 54 25 70 62 61 40 73 28 6 56 71 44 51 79 
0 97 77 90 8 17 46 69 101 39 32 82 16 91 47 76 4 45 22 87 96 21 86 88 12 105 30 41 95 53 11 57 1 3 58 49 63 18 65 10 98 108 81 68 50 80 64 14 94 27 24 23 19 59 7 85 9 92 31 29 55 35 33 84 102 13 89 5 100 99 66 78 36 74 103 72 38 52 67 26 104 60 15 106 43 34 48 2 37 42 75 93 109 83 107 54 25 70 62 20 61 40 73 28 6 56 71 44 51 79 
0 97 77 90 23 24 27 94 14 89 20 5 100 99 66 78 36 74 103 72 38 52 67 26 104 60 15 106 43 34 48 2 37 42 75 93 109 40 83 54 25 44 71 56 6 28 73 61 62 70 33 35 55 29 31 92 9 85 7 59 19 8 17 46 69 101 39 32 82 16 91 47 76 4 45 22 87 96 21 86 88 12 105 30 41 95 53 11 57 1 3 58 49 63 18 65 10 13 108 81 68 50 80 64 98 102 84 51 107 79 
0 97 77 90 8 17 46 69 101 39 32 82 16 91 47 76 4 45 22 87 96 21 86 88 12 105 30 41 95 53 11 57 1 3 58 49 51 18 65 10 98 108 81 68 50 80 64 13 102 84 33 35 55 29 31 92 9 85 7 59 19 23 24 27 94 14 89 5 100 99 66 78 36 74 103 72 38 52 67 26 104 60 15 106 43 34 48 2 37 20 42 75 93 109 40 83 54 25 44 71 56 6 28 73 61 62 70 63 107 79 
0 97 77 90 8 17 46 69 101 39 32 82 16 91 47 76 4 45 22 87 96 21 86 88 12 105 30 41 95 53 11 57 1 3 58 49 63 18 65 10 98 108 81 68 50 80 64 13 102 84 33 35 55 29 31 92 9 85 7 59 19 23 24 27 94 14 89 62 70 25 54 107 83 109 93 75 42 37 2 48 34 43 106 15 60 104 26 67 52 38 72 103 74 36 78 66 99 100 20 5 40 44 71 56 6 28 73 61 51 79 
0 97 77 90 8 17 46 69 101 39 32 82 16 91 47 76 4 45 22 87 96 21 86 88 12 105 30 41 95 53 14 94 27 24 23 19 59 7 85 9 92 31 29 55 35 33 84 102 13 64 80 50 68 81 108 98 10 67 18 63 49 58 3 1 57 11 89 20 5 100 99 66 78 36 74 103 72 38 52 65 26 104 60 15 106 43 34 48 2 37 42 75 93 109 40 83 54 25 44 71 56 6 28 73 61 62 70 51 107 79 
0 97 77 90 8 17 46 69 101 39 32 16 91 47 76 4 45 22 87 96 21 86 88 12 105 30 41 95 53 11 57 1 3 58 49 63 18 65 10 98 108 81 68 50 80 64 13 102 84 33 35 55 29 31 92 9 85 7 59 19 23 24 27 94 14 89 20 5 100 99 66 78 36 74 103 72 38 52 67 26 104 82 60 15 106 43 34 48 2 37 42 75 93 109 40 83 54 25 44 71 56 6 28 73 61 62 70 51 107 79 
0 97 77 90 8 17 46 69 101 39 32 82 16 91 47 76 4 45 22 87 96 21 86 88 12 105 30 41 95 2 48 34 43 106 15 60 104 26 67 52 38 72 103 74 36 78 66 99 100 5 20 89 14 94 27 24 23 19 59 7 9 85 92 31 29 55 35 33 84 102 13 64 80 50 68 81 108 98 10 65 18 63 49 58 3 1 57 11 53 37 42 75 93 109 40 83 107 54 25 44 71 56 6 28 73 61 62 70 51 79 
0 97 77 90 8 17 46 69 101 39 32 82 16 91 47 76 4 45 22 87 96 21 86 88 12 105 30 41 95 53 11 57 1 3 58 49 63 18 9 85 92 31 29 55 35 33 84 102 13 64 80 50 68 81 108 98 10 65 109 93 75 7 59 19 23 24 27 94 14 89 20 5 100 99 66 78 36 74 103 72 38 52 67 26 104 60 15 106 43 34 48 2 37 42 40 83 54 25 44 71 56 6 28 73 61 62 70 51 107 79 
0 97 77 90 8 17 46 69 101 39 82 16 91 47 76 4 45 22 87 96 21 86 88 12 105 30 41 95 53 32 11 57 1 3 58 49 63 18 65 10 98 108 81 68 50 80 64 13 102 84 33 35 55 29 31 92 48 9 85 7 59 19 23 24 27 94 14 89 20 5 100 99 66 78 36 74 103 72 38 43 106 15 60 104 26 67 52 34 2 37 42 75 93 109 40 83 107 54 25 44 71 56 6 28 73 61 62 70 51 79 
0 97 77 90 8 17 46 69 101 39 32 82 16 91 47 76 4 45 22 87 96 21 86 88 12 105 30 41 102 53 11 57 3 58 49 63 18 65 10 98 108 81 68 50 80 64 13 95 84 33 35 55 29 31 92 9 85 7 59 19 23 24 27 94 14 89 20 5 100 99 66 78 36 74 103 72 38 52 67 26 104 60 1 15 106 43 34 48 2 37 42 75 93 109 40 83 54 25 107 70 62 61 73 28 6 56 71 44 51 79 
0 107 77 90 8 17 46 69 101 39 32 82 95 91 47 76 4 45 22 87 96 21 86 88 12 105 30 41 16 53 11 57 1 3 58 49 63 18 65 10 98 108 81 68 50 80 64 13 102 84 33 35 55 29 31 97 92 9 85 7 59 19 23 24 27 94 14 89 20 5 100 99 66 78 36 74 103 72 38 52 67 26 104 60 15 106 43 34 48 2 37 42 75 93 109 40 83 54 25 44 71 56 6 28 73 61 62 70 51 79 
0 97 77 90 8 17 46 69 101 39 32 82 16 91 47 76 4 45 22 87 40 21 86 88 12 105 30 41 95 53 11 57 1 3 58 49 63 18 65 10 98 108 81 68 50 80 64 13 102 84 33 35 55 29 31 92 9 85 7 59 19 23 24 27 94 14 89 20 5 100 99 66 78 36 74 103 72 38 52 67 26 104 60 15 106 43 34 48 2 37 42 75 93 109 96 83 54 25 44 71 56 6 28 73 61 62 70 51 107 79 
0 97 77 90 8 17 46 69 101 94 32 82 16 91 47 76 4 45 22 87 96 21 86 88 12 105 30 41 95 53 11 57 1 3 58 49 63 18 65 10 98 108 81 68 50 80 64 13 102 84 33 35 55 29 31 92 9 85 7 59 19 23 24 27 39 14 89 20 5 100 99 66 78 36 74 103 72 38 83 40 109 93 75 42 37 2 48 34 43 106 15 60 104 26 67 52 54 25 44 71 56 6 28 73 61 62 70 51 107 79 
0 72 103 74 36 78 66 99 100 5 20 89 14 94 27 24 23 19 59 7 85 9 92 31 29 55 35 33 84 102 13 64 80 50 68 81 108 98 10 65 18 63 49 58 3 1 57 11 32 53 95 41 30 105 12 88 86 21 96 87 22 45 4 76 47 91 16 82 39 101 69 46 17 8 90 77 97 38 52 67 26 104 60 15 106 43 34 48 2 37 75 93 109 40 83 42 54 25 44 71 56 6 28 73 61 62 70 51 107 79 
0 97 77 90 8 17 46 69 101 39 32 82 16 91 47 76 4 45 22 87 96 21 86 88 12 105 30 41 95 53 14 94 27 24 23 19 59 7 85 9 92 31 29 55 35 33 84 102 13 64 80 68 81 108 98 10 65 18 63 49 58 3 1 57 11 89 20 5 100 99 66 78 36 74 50 103 72 38 52 67 26 104 60 15 106 43 34 48 2 37 42 75 93 109 83 107 54 25 70 62 61 40 73 28 44 71 56 6 51 79 
0 97 77 90 8 17 46 69 101 39 32 82 16 91 47 76 4 45 22 87 96 63 49 58 3 1 57 11 53 95 41 30 105 21 86 88 12 18 65 10 98 108 81 68 50 80 64 13 102 84 33 35 55 29 31 92 9 85 7 59 19 23 24 27 94 14 89 20 5 100 99 66 78 36 74 103 72 38 52 67 26 104 60 15 106 43 34 48 2 37 42 75 93 109 40 83 54 25 44 71 56 6 28 73 61 62 70 51 107 79 
0 97 77 90 8 17 46 69 101 32 82 16 91 47 76 4 45 22 87 96 21 86 88 12 105 30 41 95 53 11 57 1 3 58 49 63 18 65 10 98 108 81 68 50 80 64 13 102 84 33 35 39 55 29 31 92 85 9 7 59 19 23 24 27 94 14 89 20 5 100 99 66 78 36 74 103 72 38 52 67 26 104 60 15 106 43 34 48 2 37 42 75 93 109 40 83 54 25 44 71 56 6 28 73 61 62 70 51 107 79 
0 97 77 90 8 17 46 69 101 39 82 16 91 47 76 4 45 22 87 96 21 86 88 12 105 30 41 95 53 32 11 57 1 3 58 49 63 18 65 10 98 108 81 68 50 80 13 102 84 33 35 55 29 31 92 9 85 7 59 19 23 24 64 27 94 14 89 20 5 100 99 66 78 36 74 103 72 38 52 67 26 104 60 15 106 43 34 48 2 37 42 75 93 109 40 83 54 25 44 71 56 6 28 73 61 62 70 51 107 79 
0 97 77 90 8 17 46 69 101 39 32 82 16 91 47 76 4 45 22 87 96 21 86 88 12 105 30 41 95 53 11 57 1 3 58 49 63 18 65 10 98 92 81 68 108 50 80 64 13 102 84 33 35 55 29 31 9 85 7 59 19 23 24 27 94 14 89 20 5 100 99 66 78 36 74 103 72 38 52 67 26 104 60 15 106 43 34 48 2 37 42 75 93 109 83 107 54 25 70 62 61 40 73 28 6 56 71 44 51 79 
0 97 77 8 17 46 69 101 39 32 82 16 91 47 76 4 45 22 87 96 21 86 88 12 105 30 41 102 53 11 57 3 58 49 63 18 65 10 98 108 81 68 50 80 64 13 95 84 33 35 55 29 31 92 9 85 7 59 90 19 23 24 27 94 14 89 20 5 100 99 66 78 36 74 103 72 38 52 67 26 104 60 1 15 106 43 34 48 2 37 42 75 93 109 40 83 54 25 107 70 62 61 73 28 6 56 71 44 51 79 
0 97 77 9 85 7 59 19 23 24 27 94 14 89 20 5 100 99 66 78 36 74 103 72 38 52 67 26 104 60 15 106 43 34 48 2 37 42 75 93 109 40 83 54 25 44 71 56 6 28 73 61 62 29 31 92 90 8 17 46 69 101 39 82 16 91 47 76 4 45 22 87 96 21 86 88 12 105 30 41 95 53 32 11 57 1 3 58 49 63 18 65 10 98 108 81 68 50 80 64 13 102 84 33 35 55 70 51 107 79 
0 97 77 90 8 17 46 69 101 39 82 16 91 47 76 4 45 22 87 96 21 86 88 12 105 30 41 95 53 32 11 57 1 3 58 49 63 18 65 10 98 108 81 68 50 80 64 13 102 84 33 35 55 29 31 92 9 85 7 59 19 23 24 27 94 14 89 20 5 100 99 66 78 36 74 103 72 38 52 67 26 104 60 15 106 43 42 48 2 37 34 75 93 109 40 83 54 25 44 71 56 6 28 73 61 62 70 51 107 79 
0 97 77 48 2 37 42 75 93 109 40 83 54 22 90 8 17 46 69 101 39 32 82 16 91 47 76 4 45 87 96 21 86 88 12 105 30 41 95 53 11 57 1 3 58 49 63 18 65 10 98 108 81 68 50 80 64 13 102 84 33 35 55 29 31 92 9 85 7 59 19 23 24 27 94 14 89 20 5 100 99 66 78 36 74 103 72 38 52 67 26 104 60 15 106 43 34 25 44 71 56 6 28 73 61 62 70 51 107 79 
0 97 77 90 8 17 46 69 101 39 32 82 16 91 47 76 4 45 22 87 96 21 86 88 12 105 30 41 95 53 11 57 1 3 58 49 63 18 65 10 98 108 102 84 33 80 64 13 81 68 50 35 55 29 31 92 9 85 7 59 19 23 24 27 94 14 89 20 74 66 99 100 5 78 36 103 72 38 52 67 26 104 60 15 106 43 34 48 2 37 42 75 93 109 83 107 54 25 70 62 61 40 73 28 6 56 71 44 51 79 
0 97 77 90 8 17 46 69 101 39 32 64 16 91 47 76 4 45 22 87 96 21 86 88 12 105 30 41 95 53 14 94 27 24 23 19 59 7 85 9 92 31 29 55 35 33 84 102 13 82 80 50 68 81 108 98 10 65 18 63 49 58 3 1 57 11 89 20 5 100 99 66 78 36 74 103 72 38 52 67 26 104 60 15 106 43 34 48 2 37 42 75 93 109 83 107 40 54 25 44 71 56 6 28 73 61 62 70 51 79 
0 97 77 90 8 17 46 69 101 39 32 82 16 91 47 76 4 45 22 87 96 21 86 88 12 53 30 41 95 105 11 57 1 3 58 49 63 18 65 10 98 108 81 68 50 80 64 13 102 84 33 35 55 29 31 92 9 85 7 59 19 23 24 27 94 14 89 20 5 100 99 66 78 36 74 103 72 38 52 67 26 104 60 15 106 43 34 48 2 37 42 75 93 109 40 71 56 25 44 83 54 6 28 73 61 62 70 51 107 79 
0 97 77 96 87 22 45 4 76 47 91 16 82 32 39 101 69 46 17 8 90 21 86 88 12 105 30 41 95 53 11 57 1 3 58 49 63 18 65 10 98 108 81 68 50 80 64 13 102 84 33 35 55 29 31 92 9 85 7 59 19 23 24 27 94 14 89 20 5 100 99 66 78 36 74 103 72 38 52 67 26 104 60 15 106 43 34 48 2 37 42 75 93 109 40 83 54 25 44 71 56 6 28 73 61 62 70 51 107 79 
0 97 77 90 8 17 46 69 101 39 32 82 16 91 47 76 4 45 22 87 96 21 86 88 12 105 30 41 95 53 11 57 1 3 58 49 63 18 65 98 108 81 68 50 80 64 13 102 84 33 35 55 29 31 92 85 9 7 10 59 19 23 24 27 94 14 89 20 5 100 99 66 78 36 74 103 72 38 52 67 26 104 60 15 106 43 34 48 2 37 42 75 93 109 40 83 54 25 44 71 56 6 28 73 61 62 70 51 107 79 
0 97 77 90 8 17 46 69 101 39 32 82 16 91 47 76 4 45 22 87 96 21 86 88 99 100 5 20 89 14 94 27 24 23 19 59 7 85 9 92 31 29 55 35 33 84 102 13 64 80 50 68 81 108 98 10 65 18 63 49 58 3 1 57 11 53 95 41 30 105 12 66 78 36 74 103 72 38 52 67 26 60 15 106 43 34 48 2 37 42 75 93 109 104 83 107 54 25 70 62 61 40 73 28 6 56 71 44 51 79 
0 97 77 90 8 17 46 69 101 39 32 82 16 91 47 76 4 45 22 87 96 21 86 88 12 105 30 41 95 53 11 57 1 3 58 49 63 18 65 10 98 108 81 68 50 80 64 13 102 84 35 9 85 92 31 29 55 33 7 59 19 23 24 27 94 14 89 20 5 100 99 66 78 36 74 103 72 38 52 67 26 104 60 15 106 43 34 48 2 37 42 75 93 109 40 83 107 54 25 44 71 56 6 28 73 61 62 70 51 79 
0 97 77 90 8 17 46 69 101 39 32 82 16 91 47 76 4 45 22 87 96 21 86 88 12 105 30 41 95 53 11 57 1 3 58 49 63 18 65 10 98 108 81 68 50 80 64 13 106 103 43 34 48 2 37 42 75 93 109 40 70 54 25 27 94 14 89 20 5 100 99 66 78 36 74 72 38 52 67 26 104 60 15 102 84 33 35 55 29 31 92 85 9 7 59 19 23 24 44 71 56 6 28 73 61 62 83 51 107 79 
0 97 77 90 8 17 46 69 101 39 82 16 91 47 76 4 45 22 87 96 21 86 88 12 105 30 41 7 85 9 92 31 29 55 35 33 84 102 13 64 80 50 68 81 108 98 10 65 18 63 49 58 3 1 57 11 32 53 95 59 19 23 24 27 94 14 89 20 5 100 99 66 78 36 74 103 72 38 52 67 26 104 60 15 106 43 34 48 2 37 42 75 93 109 40 83 54 25 44 71 56 6 28 73 61 62 70 51 107 79 
0 97 77 90 8 17 46 101 39 32 82 16 91 47 76 4 45 22 69 87 96 21 86 88 12 105 30 41 95 53 11 57 1 3 58 49 63 18 65 98 108 81 68 50 80 64 13 102 14 94 27 24 23 19 59 7 85 9 92 31 29 55 10 35 33 84 89 20 5 100 99 66 78 36 74 103 72 38 52 67 26 104 60 15 106 43 34 48 2 37 42 75 93 109 83 107 54 25 70 62 61 40 73 28 6 56 71 44 51 79 
0 97 77 90 8 17 46 69 101 39 82 16 32 47 76 4 45 22 87 96 21 86 88 12 105 41 95 53 11 57 1 3 58 49 63 18 65 10 98 108 81 68 50 80 64 13 102 84 33 35 55 29 31 92 9 85 7 59 19 23 24 27 94 14 89 20 5 100 91 99 66 78 36 74 103 72 30 38 52 67 26 104 60 15 106 43 34 48 2 37 42 75 93 109 40 83 54 25 44 71 56 6 28 73 61 62 70 51 107 79 
0 97 77 90 8 17 46 69 101 39 32 82 16 91 47 76 4 45 22 87 96 21 86 88 12 105 30 41 95 53 11 57 1 3 58 49 63 18 65 10 98 108 81 68 50 80 64 13 102 84 33 35 55 29 31 92 9 85 7 59 2 23 24 27 94 14 89 20 5 100 99 66 78 36 74 103 72 38 52 67 26 104 60 15 106 43 34 48 19 37 42 75 93 109 40 83 107 54 25 44 71 56 6 28 73 61 62 70 51 79 
0 97 77 90 8 17 46 69 101 39 32 82 16 91 47 76 4 45 22 87 96 21 86 88 12 105 30 41 95 53 11 57 1 3 58 49 18 65 10 98 108 81 68 50 80 64 13 102 84 35 55 29 31 92 9 85 7 59 19 23 24 27 94 63 14 89 20 33 5 100 99 66 78 36 74 103 72 38 52 67 26 104 60 15 106 43 34 48 2 37 42 75 93 109 83 107 54 25 70 62 61 40 73 28 6 56 71 44 51 79 
0 97 77 90 8 17 46 69 101 39 32 82 16 91 47 76 74 45 22 87 96 21 86 88 12 105 30 41 4 95 53 11 57 1 3 58 49 63 18 65 10 98 108 81 68 50 80 64 13 102 84 35 55 29 31 92 9 85 7 59 19 23 24 27 94 14 89 20 5 100 99 66 78 36 103 72 38 52 67 26 104 60 15 106 43 34 48 2 37 42 75 93 109 40 83 54 25 44 71 56 6 33 28 73 61 62 70 51 107 79 
0 97 46 90 8 17 77 69 101 39 32 82 16 91 47 76 4 45 22 87 96 21 86 88 12 105 30 41 95 53 11 57 1 3 58 49 63 18 65 10 98 108 81 68 50 80 64 13 102 84 33 35 55 29 31 92 85 9 7 83 40 109 93 75 42 37 2 48 34 43 106 15 60 104 26 67 52 38 72 103 74 36 78 66 99 100 5 20 89 14 94 27 24 23 19 59 54 25 44 71 56 6 28 73 61 62 70 51 107 79 
0 97 77 90 8 17 46 69 101 39 32 82 16 91 47 76 4 45 22 87 96 21 86 88 12 105 30 41 95 53 14 94 27 24 23 19 59 7 85 9 92 31 29 55 35 33 84 102 13 64 80 50 68 81 108 98 10 65 18 63 49 58 3 1 57 11 89 20 5 100 99 66 78 36 74 103 72 38 52 67 26 104 60 15 106 43 34 48 2 37 42 75 93 109 83 107 40 54 25 44 71 56 6 28 61 62 70 51 73 79 
0 97 77 90 8 17 46 69 101 39 32 82 16 91 47 76 4 45 22 87 96 21 86 88 12 105 30 41 95 53 14 94 27 24 23 19 59 7 85 9 92 31 29 55 35 33 84 102 13 64 80 107 51 70 62 61 73 28 6 56 71 44 25 54 83 40 109 93 75 42 37 2 48 34 43 106 15 60 104 26 67 52 38 72 103 74 36 78 66 99 100 5 20 89 11 57 1 3 58 49 63 18 65 10 98 108 81 68 50 79 
0 97 77 90 8 17 46 101 39 32 82 69 16 91 47 76 4 20 5 100 99 66 78 36 74 103 72 38 52 26 104 60 15 106 67 43 34 48 2 37 42 75 93 109 40 83 107 13 102 84 33 35 55 29 31 92 9 85 7 59 19 23 24 27 94 14 89 45 22 87 96 21 86 88 12 105 30 41 95 53 11 57 1 3 58 49 63 18 65 10 98 108 81 68 50 80 64 54 25 44 71 56 6 28 73 61 62 70 51 79 
0 97 77 90 8 17 46 69 101 39 32 82 16 91 47 76 4 45 22 87 96 21 86 88 12 105 30 41 95 53 11 57 1 3 58 49 63 18 65 10 98 108 81 68 50 80 64 13 102 84 33 15 55 29 31 92 9 85 7 59 19 23 24 27 94 14 89 20 5 100 99 66 78 36 74 103 72 38 52 67 26 104 60 35 106 43 34 48 2 37 42 75 93 109 40 83 54 25 44 71 56 6 28 73 61 62 70 51 107 79 
0 97 77 9 85 92 31 29 55 35 33 84 102 13 64 80 50 68 81 108 98 10 65 18 63 49 58 3 1 57 11 53 95 41 30 105 12 88 86 21 96 4 76 47 91 16 82 101 39 32 69 46 17 8 90 22 45 7 59 19 23 24 27 94 14 89 87 20 5 100 99 66 78 36 74 103 72 38 52 67 26 104 60 15 106 43 34 48 2 37 42 75 93 109 40 83 107 54 25 44 71 56 6 28 73 61 62 70 51 79 
0 97 77 90 8 17 46 69 101 39 82 16 91 47 61 4 45 22 87 96 21 86 88 12 105 30 41 95 53 32 11 57 1 3 58 49 63 18 65 10 98 108 81 68 50 80 64 13 102 84 33 35 55 29 31 92 9 85 7 59 19 23 24 27 94 14 89 20 5 100 99 66 78 36 74 103 72 38 52 67 26 104 60 15 106 43 34 48 2 37 71 44 25 54 83 40 109 93 75 42 56 6 28 73 76 62 70 51 107 79 
0 97 77 9 85 92 31 29 55 35 33 84 102 13 64 80 50 68 81 108 98 10 65 18 63 49 58 3 12 57 11 53 95 41 30 105 1 88 21 96 87 109 93 75 22 45 4 76 47 91 16 82 32 39 101 69 46 17 8 90 7 59 19 23 24 27 94 14 89 20 5 100 99 66 78 36 74 103 72 38 52 67 26 104 60 15 106 43 34 48 2 37 42 40 86 83 54 25 44 71 56 6 28 73 61 62 70 51 107 79 
0 97 77 90 8 17 46 69 101 39 32 82 16 91 47 76 4 45 22 56 96 21 86 88 12 105 30 41 95 53 11 57 1 3 58 49 63 18 65 10 98 108 81 68 50 80 64 13 102 84 33 35 55 29 31 9 85 92 7 59 19 23 24 27 94 14 89 20 5 100 99 66 78 36 74 103 72 38 52 67 26 104 60 15 106 43 34 48 2 37 42 75 93 109 40 83 54 25 44 71 87 6 28 73 61 62 70 51 107 79 
0 97 77 90 8 75 42 37 2 48 34 43 106 15 60 104 26 67 52 38 72 103 36 78 66 99 100 5 20 89 14 94 27 24 23 19 59 7 85 9 92 31 29 55 35 33 84 13 102 64 80 50 68 81 108 98 10 65 18 63 49 58 3 1 57 11 53 95 41 30 105 12 88 86 21 96 87 22 45 4 76 47 91 16 82 32 39 101 69 46 17 93 109 83 107 74 54 25 70 62 61 40 73 28 6 56 71 44 51 79 
0 97 77 90 8 17 46 69 101 39 32 82 16 91 47 76 4 45 22 87 96 21 86 88 12 105 30 41 95 53 14 94 27 24 23 19 59 7 85 9 92 31 29 55 35 33 84 102 13 64 80 50 68 81 108 98 10 65 18 63 49 58 3 1 57 11 89 20 5 99 66 78 36 56 103 72 38 52 67 26 104 60 15 106 43 34 48 2 37 42 75 93 109 100 83 107 54 25 70 62 61 40 73 28 6 74 71 44 51 79 
0 97 77 90 8 17 46 69 101 39 82 16 91 47 76 4 45 22 87 96 21 86 88 12 105 30 41 95 53 32 11 57 1 3 58 49 63 18 65 10 98 108 81 50 80 64 13 102 84 33 35 55 29 31 92 9 85 7 59 19 23 24 27 94 14 89 20 5 100 99 66 78 36 74 103 72 38 52 67 83 26 104 60 15 106 43 34 48 2 37 42 75 93 109 40 54 25 44 71 56 6 28 73 61 68 62 70 51 107 79 
0 97 77 90 8 17 46 69 101 39 32 82 16 91 47 76 4 45 22 87 96 21 86 88 12 105 30 41 95 53 14 94 27 24 70 25 54 107 83 109 93 75 42 37 2 48 34 43 106 15 60 40 26 67 52 38 72 103 74 36 78 66 99 100 5 20 89 11 57 1 3 58 49 63 18 65 10 98 108 81 68 50 80 64 13 102 84 33 35 55 29 31 92 9 85 7 59 19 23 62 61 104 73 28 6 56 71 44 51 79 
0 97 77 90 44 46 69 101 39 32 82 16 91 47 76 4 45 22 87 96 21 86 88 12 105 30 41 95 53 11 57 1 3 58 49 63 18 65 106 15 60 104 26 67 52 38 72 103 74 36 78 66 99 100 5 20 89 14 94 27 24 23 19 59 7 9 85 92 17 31 29 55 35 33 84 102 13 64 80 50 68 81 108 98 10 43 34 48 2 37 42 75 93 109 83 107 54 25 70 62 61 40 73 28 6 56 71 8 51 79 
0 97 77 90 8 17 46 69 101 39 32 82 16 91 47 76 4 45 22 87 96 21 86 88 12 105 30 41 95 53 11 57 1 3 58 49 63 18 65 10 98 108 81 68 50 80 64 13 102 84 33 35 55 29 31 92 9 85 7 59 19 23 24 27 94 14 89 20 5 100 99 66 78 36 74 103 72 38 52 67 26 104 60 15 106 43 34 48 2 37 42 75 93 109 40 83 54 25 44 71 56 6 107 70 62 61 73 28 51 79 
0 97 77 90 8 17 46 69 101 39 32 82 16 91 47 76 4 45 22 87 96 21 86 88 12 105 30 41 95 53 11 57 1 3 58 49 63 18 65 10 98 108 81 68 50 80 64 13 102 84 33 35 55 29 31 92 9 85 7 59 19 23 24 27 94 14 89 20 5 100 99 66 78 36 74 103 72 38 52 67 26 104 60 15 54 43 34 48 2 37 42 75 93 109 40 83 106 25 44 71 56 6 28 73 61 62 70 51 107 79 
0 97 77 90 8 17 46 69 101 39 32 82 16 91 47 76 4 45 22 87 96 21 86 88 12 105 30 41 95 53 11 57 1 3 58 49 63 18 65 10 98 108 81 68 50 9 85 92 31 29 55 35 33 84 102 13 64 80 56 7 59 19 23 24 27 94 14 89 20 5 100 99 66 78 36 74 103 72 73 52 67 26 104 60 15 106 43 34 48 2 37 42 75 93 109 40 83 107 54 25 44 71 6 28 38 61 62 70 51 79 
0 97 77 9 85 92 31 55 35 33 84 102 13 64 80 50 68 81 108 98 10 65 18 49 58 3 1 57 11 53 95 41 30 105 12 88 86 21 96 87 22 45 4 76 47 91 16 82 32 39 101 69 90 8 17 46 29 7 59 19 23 24 27 94 14 89 20 5 100 99 66 78 36 74 103 72 38 52 67 26 104 60 63 15 106 43 34 48 2 37 42 75 93 109 40 83 54 25 44 71 56 6 28 73 61 62 70 51 107 79 
0 97 77 90 8 17 46 69 101 39 32 82 16 91 47 76 4 45 22 87 96 21 86 88 12 105 30 41 95 53 11 57 1 3 58 49 63 18 65 10 98 108 81 68 50 80 64 13 102 84 33 35 55 29 31 92 9 85 7 59 19 23 24 93 109 40 83 54 25 44 71 56 78 36 74 103 72 38 52 67 26 104 60 15 106 43 34 48 2 37 42 75 27 94 14 89 20 5 100 99 66 6 28 73 107 70 62 61 51 79 
0 97 77 90 8 17 46 69 101 39 32 82 16 91 105 12 88 86 21 96 87 22 45 4 76 47 30 41 95 53 11 57 1 3 9 85 92 31 29 55 35 33 84 102 13 64 80 50 68 81 108 98 10 65 18 63 49 58 20 7 59 19 23 24 27 94 14 89 5 100 99 66 78 36 74 103 72 38 52 67 26 104 60 15 106 43 34 48 2 37 42 75 93 109 83 107 54 25 70 62 61 40 73 28 6 56 71 44 51 79 
0 97 77 90 8 17 46 7 101 39 32 82 16 91 47 76 4 45 22 87 96 63 49 58 3 1 57 11 53 95 41 30 105 12 88 86 21 18 65 10 98 108 81 68 50 80 64 13 102 84 33 35 55 29 14 94 27 24 23 19 59 69 85 9 92 31 89 20 5 100 99 66 78 36 74 103 72 38 52 67 26 104 60 15 106 43 34 48 2 37 42 75 93 109 83 107 54 25 70 62 61 40 73 28 6 56 71 44 51 79 
0 97 77 9 85 92 31 29 55 35 33 84 102 13 64 46 17 8 90 7 59 19 23 24 27 94 14 89 20 5 100 99 40 83 54 25 44 71 56 6 28 87 109 93 75 42 37 2 48 34 43 106 15 69 101 39 82 16 91 47 76 4 45 22 96 21 86 88 12 105 30 41 95 53 32 11 57 1 3 58 49 63 18 65 10 98 108 81 68 50 80 66 78 36 74 103 72 38 52 67 26 104 60 73 61 62 70 51 107 79 
0 97 77 85 7 59 19 23 24 27 94 14 89 20 5 100 99 66 78 36 74 103 72 38 52 67 26 104 60 15 106 43 34 48 2 37 42 75 93 109 40 83 54 25 44 71 56 6 28 73 61 62 70 51 107 79 9 90 8 17 46 101 39 32 82 16 69 91 47 76 4 45 22 87 96 21 86 88 12 105 30 41 95 53 11 57 1 3 58 49 63 18 65 10 98 108 81 68 50 80 64 13 102 84 33 35 55 29 31 92 
0 97 77 90 8 17 46 69 101 39 32 82 16 91 47 76 4 45 22 87 96 43 86 88 12 105 30 41 95 53 11 57 1 3 58 49 63 18 65 10 98 108 81 68 50 80 64 13 102 84 33 35 55 29 31 92 85 9 7 59 19 23 24 27 94 14 89 20 5 100 99 66 78 36 74 103 72 38 52 67 26 104 60 15 106 21 34 48 2 37 42 75 93 109 40 70 54 25 44 71 56 6 28 73 61 62 83 51 107 79 
0 97 77 9 85 92 31 29 55 35 33 84 102 13 64 80 50 68 81 108 98 10 65 18 63 49 58 3 1 57 11 53 95 41 30 105 12 88 86 21 96 87 22 45 4 76 47 91 16 32 39 101 69 46 17 8 90 7 59 19 23 24 27 94 14 89 20 5 100 99 66 78 36 74 103 72 38 52 67 26 82 104 60 15 106 43 34 48 2 37 42 75 93 109 40 83 54 25 44 71 56 6 28 73 61 62 70 51 107 79 
0 97 77 90 8 17 46 69 101 39 32 82 16 91 64 80 50 68 76 108 98 10 65 18 63 49 58 3 1 57 11 53 95 41 30 105 12 88 86 21 96 87 22 45 4 81 47 13 102 84 33 35 55 29 31 9 92 85 7 59 48 34 43 106 15 60 104 26 67 52 38 72 103 74 36 78 66 99 100 5 20 89 14 94 27 24 23 19 2 37 42 75 93 109 83 107 40 54 25 44 71 56 6 28 73 61 62 70 51 79 
0 97 77 90 8 17 46 69 101 39 32 82 16 91 47 76 4 45 22 87 96 21 86 88 12 105 30 41 95 53 11 57 1 3 58 49 63 18 65 10 98 108 81 68 50 80 64 13 102 84 33 35 55 29 31 92 9 85 7 59 19 23 24 27 94 14 89 20 5 100 99 66 78 36 74 103 72 106 43 34 48 2 37 75 93 109 40 83 54 25 44 71 56 6 28 73 61 62 70 51 107 79 38 52 67 26 104 60 15 42 
0 97 77 90 8 17 46 69 9 85 92 31 29 55 35 33 84 68 50 80 64 13 102 81 108 98 10 65 18 63 49 58 3 1 57 11 53 95 41 30 105 12 88 86 21 96 4 76 47 91 16 82 32 39 101 22 45 7 59 19 23 24 27 94 14 89 20 5 100 99 66 78 87 36 74 103 72 38 52 67 26 104 60 15 106 43 34 48 2 37 42 75 93 109 40 83 54 25 44 71 56 6 28 73 61 62 70 51 107 79 
0 97 77 90 8 17 46 69 101 39 82 16 91 47 76 4 45 22 87 96 21 86 88 12 105 30 41 95 53 32 11 57 1 3 58 49 63 18 65 10 98 108 81 68 50 80 64 13 102 84 33 35 55 29 31 92 9 85 7 59 19 23 24 27 94 14 89 20 5 100 99 66 78 36 74 103 72 38 52 79 67 26 104 60 15 106 43 34 48 2 37 42 75 93 109 83 107 54 25 70 62 61 40 44 71 56 6 28 73 51 
0 97 77 59 19 23 24 27 94 14 89 20 5 100 99 66 78 36 74 103 72 38 52 67 26 104 60 106 43 53 11 57 1 3 58 49 63 18 65 10 98 108 81 68 50 80 64 13 102 84 33 35 55 29 31 92 9 85 7 90 8 17 46 69 101 39 32 82 16 91 47 76 4 45 22 87 96 21 86 88 12 105 30 41 95 83 48 2 37 42 75 93 15 109 40 34 54 25 44 71 56 6 28 73 61 62 70 51 107 79 
0 97 77 90 8 17 46 69 101 39 32 82 16 91 47 76 4 45 22 87 96 21 86 88 12 105 30 41 95 53 11 57 3 58 49 63 18 65 10 98 108 81 68 50 80 64 13 102 84 33 35 55 29 31 1 92 9 85 7 59 19 23 24 27 94 14 89 20 5 100 99 66 78 36 74 103 72 38 52 67 26 104 60 15 106 43 34 48 2 37 42 75 93 109 40 83 107 54 25 44 71 56 6 28 73 61 62 70 51 79 
0 97 77 9 85 92 31 29 55 35 33 84 102 13 64 80 50 68 81 108 98 10 65 18 63 49 58 66 99 100 5 20 89 14 94 27 24 23 19 59 7 4 76 47 91 16 82 32 39 101 69 46 17 8 90 45 22 87 96 21 86 88 12 105 30 56 41 95 53 11 57 1 3 78 36 74 103 72 73 52 67 26 38 104 60 15 106 43 34 48 2 37 42 75 93 109 40 83 54 25 44 71 6 28 61 62 70 51 107 79 
0 97 77 90 8 17 46 69 101 39 32 82 16 91 47 76 4 45 22 87 96 21 86 88 12 105 30 41 95 53 11 57 1 3 58 49 63 18 65 10 108 81 68 50 9 85 92 31 29 55 44 33 84 102 13 64 80 35 7 59 19 23 24 27 94 14 89 20 5 100 99 40 83 54 25 71 56 6 28 109 93 75 42 37 2 48 34 43 106 15 60 104 26 67 52 38 72 103 74 36 78 66 98 73 61 62 70 51 107 79 
0 97 77 90 8 17 46 69 101 39 32 82 16 91 47 76 4 45 22 87 96 21 86 88 12 105 30 41 95 53 11 57 1 3 58 49 63 18 65 10 98 89 20 5 100 99 66 78 36 74 103 72 38 29 31 92 9 85 7 59 19 23 24 27 94 14 108 81 68 50 80 64 13 102 84 33 35 55 52 67 26 104 60 15 106 43 34 48 2 37 42 75 93 109 40 83 54 25 44 71 56 6 28 73 61 62 70 51 107 79 
0 97 77 90 8 92 46 69 101 39 32 82 16 91 47 76 4 45 22 87 96 21 86 88 12 105 30 41 95 53 11 57 1 3 102 49 63 18 65 10 98 108 81 68 50 80 64 13 58 84 33 35 55 31 17 9 85 7 59 19 23 24 27 94 14 89 20 5 100 99 66 78 36 74 103 72 38 52 67 29 26 104 60 15 106 43 34 48 2 37 42 75 93 109 40 83 54 25 44 71 56 6 28 73 61 62 70 51 107 79 
0 97 77 90 8 17 46 69 101 39 32 82 91 47 76 4 45 22 87 96 21 86 88 12 105 30 41 95 53 11 57 1 3 58 49 63 18 65 10 98 108 81 68 50 80 64 13 102 84 33 35 55 29 31 92 9 85 7 59 19 23 24 16 27 94 14 89 20 5 100 99 66 78 36 74 103 72 38 52 67 26 104 60 15 106 43 34 48 2 37 42 75 93 109 40 83 54 25 44 71 56 6 28 73 61 62 70 51 107 79 
0 97 77 90 8 17 46 69 101 39 32 82 16 9 85 92 31 29 55 35 33 84 102 13 64 80 50 68 81 108 98 10 65 18 63 49 58 3 1 57 11 53 95 41 56 30 105 12 88 86 21 96 87 22 45 4 76 47 91 7 59 19 23 24 27 94 14 89 20 5 100 99 66 78 36 74 103 72 73 52 67 26 104 60 15 106 43 34 48 2 37 42 75 93 109 40 83 107 54 25 44 71 6 28 38 61 62 70 51 79 
0 97 77 90 8 17 46 69 101 39 32 82 16 47 76 4 45 22 87 96 21 86 88 12 105 30 41 95 53 11 57 1 3 58 49 63 18 65 10 98 108 81 50 80 64 13 102 84 33 35 55 29 31 92 9 85 7 59 19 23 24 27 94 14 89 20 5 100 99 66 78 36 74 103 72 38 52 67 26 104 60 15 106 43 34 48 2 37 42 75 93 109 83 107 91 6 56 71 68 44 51 79 54 25 70 62 61 40 73 28 
0 97 77 90 8 17 46 69 101 39 32 82 16 91 47 76 4 45 22 87 96 21 86 88 12 105 52 38 72 103 74 36 78 66 99 100 79 89 14 94 27 24 23 19 59 7 85 9 92 31 29 55 35 33 84 102 13 64 80 50 68 81 108 98 10 65 18 63 49 58 3 1 57 11 53 95 41 30 26 104 60 15 106 43 34 48 2 37 42 75 93 20 109 40 83 107 54 25 44 71 70 62 61 73 28 6 67 56 51 5 
0 97 77 90 8 17 46 69 101 39 32 82 16 95 47 76 4 45 22 87 96 21 86 88 12 105 30 9 85 92 31 29 55 35 33 84 102 13 91 41 53 11 57 1 3 58 49 63 18 65 10 98 108 81 68 50 80 64 7 59 19 23 24 27 94 14 89 20 5 100 99 66 78 36 74 103 72 38 52 67 26 104 60 15 106 43 34 48 2 37 42 75 93 109 40 83 54 25 44 71 56 6 28 73 61 62 70 51 107 79 
0 97 77 90 8 17 46 69 101 39 32 82 16 91 47 76 4 45 22 87 96 21 86 88 12 105 30 41 95 53 11 57 1 3 58 49 63 18 65 10 98 108 81 68 13 36 74 103 72 84 33 35 55 29 31 92 9 85 7 59 19 23 24 27 94 14 89 20 5 100 99 66 78 80 64 50 102 38 52 67 26 104 60 15 106 43 34 48 2 37 42 93 109 40 83 54 25 44 71 56 75 6 28 73 61 62 70 51 107 79 
0 97 77 9 85 92 31 29 55 35 33 84 102 13 64 46 17 8 90 7 59 19 23 24 27 94 14 89 20 5 100 99 40 83 54 25 44 71 56 6 28 87 109 93 75 42 37 2 34 43 106 15 60 104 26 67 69 101 39 32 82 16 91 47 76 4 45 22 96 21 86 88 12 105 30 41 95 53 11 57 1 3 58 49 63 18 65 10 108 81 68 50 80 66 78 36 74 98 52 103 72 38 48 73 61 62 70 51 107 79 
0 97 77 9 85 92 31 29 55 35 33 84 102 13 64 80 50 68 81 108 98 10 65 18 63 49 58 3 1 57 11 53 95 41 30 105 12 88 86 21 96 87 22 45 4 74 47 91 16 82 32 39 101 69 46 17 8 90 7 76 59 19 23 24 27 94 14 89 20 5 100 99 66 78 36 103 72 38 52 67 26 60 15 106 43 34 48 2 37 42 75 93 109 40 83 54 25 44 71 56 104 6 28 73 61 62 70 51 107 79 
0 97 77 9 85 92 31 29 55 35 33 84 102 13 64 80 50 68 81 108 98 10 65 18 63 49 58 3 12 57 11 53 95 41 30 105 1 88 86 21 96 87 109 93 75 22 45 4 76 47 91 16 82 32 39 101 69 46 17 8 90 7 59 19 36 23 24 27 94 14 89 20 5 100 99 66 78 74 103 72 38 52 67 26 104 60 15 106 43 34 48 2 37 42 83 107 54 25 70 62 61 40 73 28 6 56 71 44 51 79 
0 59 19 23 24 27 94 14 89 20 5 100 99 66 78 36 74 103 72 38 52 67 26 104 60 15 106 43 34 48 2 37 42 75 93 109 40 83 54 25 44 71 56 6 50 80 64 102 13 84 33 35 9 85 92 31 29 55 7 97 77 90 8 17 46 69 101 39 32 82 16 91 47 76 4 45 22 87 96 21 86 88 12 105 30 41 95 53 11 57 1 3 58 49 63 18 65 10 98 108 81 68 107 28 73 61 62 70 51 79 
0 97 77 90 8 17 46 69 101 39 32 82 16 91 47 76 4 45 22 87 96 21 86 88 12 105 30 41 95 53 11 57 1 3 58 49 63 18 65 10 98 108 81 68 50 80 64 13 102 84 33 56 6 28 73 61 26 62 70 44 93 75 42 37 2 48 34 43 106 15 60 104 67 52 38 72 103 74 36 78 66 99 100 5 89 14 94 27 24 23 19 59 7 20 29 31 92 85 9 55 35 71 25 54 107 40 83 109 51 79 
0 97 77 90 8 17 46 69 101 39 32 82 16 91 47 76 68 45 22 87 96 9 85 92 31 29 4 21 86 88 12 105 30 41 95 53 11 57 1 3 58 49 63 18 65 10 98 108 81 50 80 64 13 102 84 33 35 55 7 59 19 23 24 27 94 14 89 20 5 100 99 66 78 36 74 103 72 38 52 67 26 104 60 15 106 43 34 48 2 37 42 75 93 109 40 83 54 25 44 71 56 6 28 73 61 62 70 51 107 79 
0 97 77 90 8 17 46 69 101 39 32 82 16 91 47 76 4 45 22 38 72 103 74 36 78 66 99 100 5 20 89 14 94 27 24 23 19 59 7 85 9 92 31 29 55 35 33 102 13 64 80 50 68 81 108 98 10 65 18 63 49 58 3 1 57 11 53 95 41 30 105 12 88 86 21 96 87 52 84 67 26 104 60 15 106 43 34 48 2 37 42 75 93 109 40 83 54 25 44 71 56 6 28 107 70 62 61 73 51 79 
0 97 77 90 8 17 46 69 101 39 9 85 92 31 29 55 35 33 84 102 13 64 80 50 68 81 108 98 10 65 18 63 49 58 3 1 57 11 53 95 41 30 105 12 88 86 21 96 87 22 45 4 76 47 91 79 82 32 7 59 19 23 24 27 94 14 89 20 5 100 99 66 78 36 74 103 72 38 52 16 67 26 104 60 15 106 43 34 48 2 37 42 75 93 109 40 83 54 25 44 71 56 6 28 73 61 62 70 51 107 
0 97 77 9 85 92 31 55 35 90 8 17 46 69 101 39 32 82 16 91 47 76 4 45 22 87 96 21 86 88 12 105 30 41 95 53 11 57 1 3 58 49 63 18 65 10 98 108 81 68 89 14 94 27 24 23 19 59 7 33 84 102 13 64 80 50 20 5 100 99 66 78 36 74 103 72 38 52 67 26 104 60 15 106 43 34 48 2 37 42 75 93 109 29 40 83 107 54 25 51 70 62 61 73 28 6 56 71 44 79 
0 97 77 90 8 17 46 69 101 39 32 82 16 91 47 76 4 45 22 87 96 21 86 15 106 43 34 48 2 37 42 92 93 109 40 83 54 25 44 71 56 31 29 55 35 33 84 102 13 64 11 57 1 3 58 49 63 18 65 10 98 108 68 50 80 89 20 5 100 99 66 78 36 74 103 72 38 52 67 26 104 60 88 12 105 30 41 95 53 14 94 27 24 23 19 59 7 85 9 75 6 28 81 73 61 62 70 51 107 79 
0 97 77 9 85 92 31 29 55 35 33 84 102 13 64 80 50 68 74 108 98 10 65 18 63 49 58 3 1 57 11 66 99 100 5 20 89 14 94 27 24 23 19 59 7 47 91 16 82 32 39 101 69 46 17 8 90 76 4 45 22 87 96 21 86 88 12 105 30 41 95 53 81 78 36 103 72 38 52 67 26 104 60 15 106 43 34 48 2 37 42 75 93 109 40 83 54 25 44 71 56 6 28 73 61 62 70 51 107 79 
0 97 77 90 8 17 46 69 101 39 32 82 16 91 47 76 4 45 22 87 96 21 86 88 12 105 30 41 95 53 11 57 1 18 58 49 63 3 65 10 98 108 81 68 50 80 64 13 102 84 33 35 55 29 31 92 9 85 7 59 19 23 24 27 94 14 89 20 5 100 99 66 78 36 74 103 72 38 52 67 26 104 60 15 106 43 34 48 2 37 42 75 93 109 83 107 54 25 70 62 61 40 73 28 6 56 71 44 51 79 
0 97 77 90 8 17 46 69 101 39 32 82 16 91 9 85 92 55 29 31 35 33 84 102 13 64 80 50 68 81 108 98 10 5 100 99 66 78 36 74 103 72 38 52 67 26 104 60 11 106 43 34 48 2 37 42 75 93 109 40 83 54 25 44 71 56 6 20 65 18 63 49 58 3 1 57 15 53 47 76 4 45 22 87 96 21 86 88 12 105 30 41 95 7 59 19 23 24 27 94 14 89 28 73 61 62 70 51 107 79 
0 97 77 90 8 17 46 69 101 39 32 82 16 91 47 76 4 45 22 87 96 80 86 88 12 105 41 95 53 11 57 1 3 58 49 30 63 18 65 10 98 108 81 68 50 21 64 13 102 84 33 35 55 29 31 92 9 85 7 59 19 23 24 27 94 14 89 20 5 100 99 66 78 36 74 103 72 38 52 67 26 104 60 15 106 43 34 48 2 37 42 75 93 109 40 83 54 25 44 71 56 6 28 73 61 62 70 51 107 79 
0 97 77 90 8 17 46 69 101 39 32 82 16 91 47 76 4 45 22 87 96 21 86 88 12 105 30 41 95 53 14 94 27 24 74 36 78 66 99 100 5 20 89 11 57 1 3 58 49 63 18 65 10 98 108 81 68 50 80 64 13 102 84 33 35 55 29 31 92 9 85 7 59 19 23 103 72 38 52 67 26 104 60 15 106 43 34 48 2 37 42 75 93 109 83 107 54 25 70 62 61 40 73 28 44 71 56 6 51 79 
0 97 77 90 8 17 46 69 101 39 32 82 16 91 47 76 4 45 22 87 96 86 88 12 105 30 41 95 53 11 57 1 3 58 49 63 18 65 10 98 108 81 43 50 80 64 13 102 84 33 35 55 29 31 92 85 9 21 7 59 19 23 24 27 94 14 89 20 5 100 99 66 78 36 74 103 72 38 52 67 26 104 60 106 68 34 15 48 2 37 42 75 93 109 40 83 54 25 44 71 56 6 28 73 61 62 70 51 107 79 
0 97 77 90 8 17 46 69 101 39 32 82 16 91 47 76 4 45 22 87 96 21 86 88 12 105 30 41 95 53 11 57 1 3 58 49 63 18 65 10 98 108 38 52 67 26 104 60 15 106 43 34 48 2 37 42 75 93 109 40 83 54 25 44 71 56 6 28 61 62 70 66 78 36 74 103 72 73 81 9 85 92 31 29 55 35 33 84 102 13 64 80 50 68 7 51 107 59 19 23 24 27 94 14 89 20 5 100 99 79 
0 97 77 90 8 17 46 69 101 39 82 16 91 47 76 4 45 22 87 96 21 86 88 12 105 30 32 68 9 85 92 31 29 55 44 33 84 102 13 64 80 50 81 108 98 10 65 18 63 49 58 3 1 57 11 53 95 41 35 7 59 19 23 24 27 94 34 89 20 5 100 99 66 78 36 74 103 72 38 52 67 26 104 14 60 15 106 43 48 2 37 42 75 93 109 40 83 54 25 71 56 6 28 73 61 62 70 51 107 79 
0 97 77 90 8 17 46 69 101 39 82 16 91 47 76 4 45 22 87 96 7 86 88 12 105 30 41 95 53 32 11 57 1 3 58 49 63 18 65 10 98 108 81 68 50 80 64 13 102 84 33 35 55 29 31 92 9 85 21 59 19 23 24 27 94 14 89 20 5 100 99 66 78 36 74 103 72 38 52 67 26 104 60 15 106 43 34 48 2 37 42 75 93 109 40 83 54 25 44 71 56 6 28 73 61 62 70 51 107 79 
0 97 77 90 8 17 46 69 101 39 82 16 91 47 76 4 45 72 87 96 21 86 88 12 105 32 30 41 95 53 11 57 1 3 58 49 63 18 65 10 98 108 81 68 50 80 64 13 102 84 33 35 55 29 31 92 9 85 7 59 19 23 20 89 14 94 27 24 5 100 99 66 78 36 74 103 22 38 52 67 26 104 60 15 106 43 34 48 2 37 42 75 93 109 40 83 54 25 44 71 56 6 28 73 61 62 70 51 107 79 
0 97 77 90 8 17 46 69 101 39 32 82 16 91 86 76 4 45 22 87 96 21 47 88 12 105 30 41 95 53 11 57 1 3 58 49 63 18 65 10 98 108 81 68 50 80 64 13 102 84 33 35 55 29 31 92 9 85 7 59 19 23 24 27 94 14 89 20 5 100 99 66 78 36 74 103 72 38 52 67 26 104 60 15 106 43 34 48 2 37 42 75 93 109 83 107 54 25 70 62 61 40 73 28 6 71 44 56 51 79 
0 97 77 90 8 9 85 92 31 29 55 35 33 84 102 13 64 80 50 68 81 108 98 10 65 18 63 49 58 3 1 57 11 53 95 41 30 105 12 88 86 21 96 87 22 45 4 76 47 91 16 32 39 69 46 17 7 51 109 40 83 107 54 25 44 71 56 6 28 26 61 62 70 93 75 42 37 2 82 38 52 67 101 104 60 15 106 43 34 48 66 78 36 74 103 72 73 59 19 23 24 27 94 14 89 20 5 100 99 79 
0 97 77 90 8 17 46 72 103 74 36 78 66 99 100 5 20 89 14 94 27 24 23 19 59 7 85 18 92 31 29 55 35 33 84 102 13 64 80 50 68 81 108 98 10 65 9 63 49 58 3 1 57 11 53 95 41 30 105 12 88 86 21 96 87 22 45 4 76 47 91 16 82 32 39 101 69 38 52 67 26 104 60 15 106 43 34 48 2 37 42 75 93 109 40 70 54 25 44 71 56 6 28 73 61 62 83 51 107 79 
0 97 77 9 85 92 31 29 55 35 33 84 102 13 64 80 50 68 81 108 98 10 65 18 63 49 58 3 1 57 11 53 95 41 90 8 17 46 69 101 39 32 82 16 91 47 76 4 45 22 87 96 21 86 88 12 105 30 7 59 19 23 24 27 94 14 89 20 5 100 99 66 78 36 74 103 72 38 52 67 26 104 60 15 106 43 34 48 2 37 42 75 93 109 40 83 54 25 44 71 56 6 28 73 61 62 70 51 107 79 
0 97 77 90 8 17 46 69 101 39 32 82 16 91 47 76 4 45 22 87 96 21 86 88 12 105 30 41 95 53 14 94 27 24 23 19 59 104 60 15 106 43 34 48 2 37 42 75 93 109 83 107 54 40 25 44 71 56 6 28 73 58 3 1 57 11 89 20 5 100 99 66 78 36 74 103 72 38 52 67 26 7 85 9 92 31 29 55 35 33 84 102 13 64 80 50 68 81 108 98 10 65 18 63 49 61 62 70 51 79 
0 97 77 90 8 17 46 69 101 39 32 82 16 91 47 76 4 45 22 87 96 21 86 9 85 92 31 29 55 35 33 84 102 13 64 80 50 68 81 108 98 10 65 18 63 49 88 12 105 30 41 95 53 11 57 1 3 58 7 59 19 23 24 27 94 14 89 20 5 100 99 66 78 36 74 103 72 38 52 67 26 104 60 15 106 43 34 48 2 37 42 75 93 109 40 83 54 25 44 71 56 6 28 73 107 70 62 61 51 79 
0 97 77 90 8 17 46 69 101 39 32 82 16 91 47 76 4 45 22 87 96 21 86 88 12 105 30 41 95 53 11 57 1 3 58 49 63 18 65 10 98 108 81 68 50 80 64 13 102 84 33 35 55 29 31 92 9 85 7 59 19 56 23 24 27 94 14 89 20 109 93 75 5 100 99 66 78 36 74 103 72 38 52 67 26 104 60 15 106 43 34 48 2 37 42 40 83 54 25 44 71 6 28 73 61 62 70 51 107 79 
0 97 77 90 8 17 46 69 101 39 32 82 16 91 47 76 4 45 22 87 21 86 88 12 105 30 41 95 53 11 57 1 63 49 58 3 18 65 10 98 108 81 68 50 80 64 13 102 84 33 35 55 29 31 92 9 85 7 59 19 23 24 27 94 14 89 20 5 100 99 66 78 36 74 103 72 38 52 96 67 26 104 60 15 106 43 34 48 2 37 42 75 93 109 107 54 25 70 62 61 40 73 83 28 6 56 71 44 51 79 
0 97 77 90 8 17 46 69 101 39 32 82 16 91 47 76 4 45 22 87 96 21 86 88 12 105 30 41 95 53 11 57 1 3 58 19 63 18 65 10 98 108 81 68 50 80 64 13 102 84 33 35 55 29 31 92 9 85 7 59 49 23 24 27 94 14 89 20 5 100 99 66 78 36 74 103 72 38 52 67 26 104 60 15 106 43 34 48 2 37 42 75 93 109 83 40 54 25 44 71 56 6 28 73 61 62 70 51 107 79 
0 97 77 90 8 17 46 69 101 39 82 16 91 47 76 4 45 22 87 96 21 86 88 12 105 30 41 95 32 74 53 11 57 1 3 58 49 63 18 65 10 98 81 68 50 80 64 13 102 84 33 35 55 29 108 31 92 9 85 7 59 19 23 24 27 34 48 2 37 42 75 93 109 40 83 54 25 44 71 56 6 104 60 15 106 43 94 14 89 20 5 100 99 66 78 36 103 72 38 52 67 26 28 73 61 62 70 51 107 79 
0 97 77 90 8 17 46 69 101 39 82 16 9 92 31 29 55 35 33 89 20 5 88 12 105 30 41 95 53 103 11 57 1 3 58 49 63 18 65 10 98 108 81 68 50 80 64 13 102 84 14 94 27 24 23 19 59 7 85 91 47 76 4 45 22 87 96 21 86 100 99 66 78 36 74 32 72 38 52 67 26 104 60 15 106 43 34 48 2 37 42 75 93 109 83 107 54 25 70 62 61 40 73 28 6 56 71 44 51 79 
0 97 77 90 8 17 46 69 101 39 32 82 16 91 47 76 4 45 22 87 96 21 86 88 40 54 25 44 66 78 36 74 103 72 38 52 67 26 104 61 73 28 6 56 71 99 100 5 20 89 14 109 93 75 42 37 2 48 34 43 106 15 60 62 70 51 107 12 105 30 41 95 53 11 57 1 3 58 49 63 18 65 10 98 108 81 68 50 80 64 13 102 84 33 35 55 29 31 92 9 85 7 59 19 23 24 27 94 83 79 
0 97 77 90 8 17 46 69 101 39 32 82 16 91 47 76 4 45 22 87 96 21 86 88 12 105 30 41 95 53 11 57 1 3 58 49 63 18 65 10 98 108 81 68 50 80 64 13 84 35 55 29 31 102 92 9 85 7 59 19 23 24 27 94 14 89 20 5 100 99 66 33 78 36 74 103 72 38 52 67 26 104 60 15 106 43 34 79 107 51 70 62 61 73 28 6 56 71 44 25 54 83 40 109 93 75 42 37 2 48 
0 97 77 90 8 17 46 69 101 39 32 82 16 91 47 76 4 45 22 87 96 21 86 88 12 105 30 42 95 53 11 57 1 3 58 49 63 18 65 10 98 108 81 68 50 80 64 13 102 84 33 35 55 29 31 92 9 85 7 59 19 23 24 27 94 14 89 20 5 100 99 66 78 36 74 103 72 38 52 67 26 104 60 15 106 43 34 48 2 37 41 75 93 109 40 83 54 25 44 71 56 6 28 73 61 62 70 51 107 79 
0 97 77 90 8 17 46 69 101 39 32 82 16 91 47 76 4 45 22 87 96 21 86 88 12 105 30 41 95 53 11 57 1 3 58 49 63 18 65 10 98 108 81 68 50 80 64 13 102 84 33 35 55 29 31 14 9 85 7 59 19 23 24 27 94 92 89 20 5 100 99 66 78 36 74 103 72 38 52 67 26 104 60 15 106 43 34 48 2 37 42 75 93 109 83 107 54 25 62 70 61 40 73 28 6 56 71 44 51 79 
0 97 77 90 8 17 46 69 101 39 32 82 16 91 47 76 4 45 22 87 96 21 86 88 12 105 30 41 95 53 11 92 31 29 55 35 33 84 102 13 64 80 50 68 81 108 98 10 65 18 63 49 58 3 1 57 9 85 7 59 19 23 24 27 94 14 51 20 5 100 99 66 78 36 74 103 72 38 52 67 26 104 60 34 48 2 15 106 43 37 42 75 93 109 40 83 54 25 62 70 107 61 73 44 71 56 6 28 89 79 
0 97 77 90 8 17 46 69 101 39 32 82 16 91 47 76 4 45 22 87 96 21 86 12 105 30 41 95 53 11 57 1 3 58 49 63 18 65 10 98 108 81 68 50 80 64 13 102 84 33 35 55 88 29 31 92 85 7 59 19 23 24 27 94 14 89 20 5 100 9 99 66 78 36 74 103 72 38 52 67 26 104 60 15 106 43 34 48 2 37 42 75 93 109 40 83 54 25 44 71 56 6 28 73 61 62 70 51 107 79 
0 97 77 90 88 86 21 96 87 22 45 4 76 47 91 16 82 39 101 69 46 17 8 12 105 30 95 53 32 11 57 1 3 58 49 63 18 65 10 98 108 81 68 50 80 64 13 102 84 33 35 55 29 31 92 41 9 85 7 59 19 23 24 27 94 14 89 20 5 100 99 66 78 36 74 103 72 38 52 67 26 104 60 15 106 43 34 48 2 37 42 75 93 109 40 83 54 25 44 71 56 6 28 73 61 62 70 51 107 79 
0 97 77 90 8 17 46 69 101 39 32 82 16 91 47 76 4 45 22 87 96 21 86 88 12 105 30 41 95 53 81 108 98 9 85 92 31 29 55 35 33 84 102 13 64 80 50 68 10 65 63 49 58 3 1 57 11 18 7 19 23 24 27 94 14 89 20 5 100 99 66 78 36 59 74 103 72 38 52 67 26 104 60 15 106 43 34 48 2 37 42 75 93 109 40 83 107 54 25 44 71 56 6 28 73 61 62 70 51 79 
0 97 77 9 85 92 31 29 55 35 33 84 102 13 64 46 17 8 90 7 59 19 23 24 27 94 14 89 20 5 100 99 40 83 54 25 44 71 56 6 28 87 109 93 75 42 37 2 48 69 101 39 32 82 16 91 47 76 4 45 22 96 21 86 88 12 105 30 41 95 53 80 50 68 81 108 98 10 65 18 63 49 58 3 1 57 11 66 78 36 74 103 72 38 52 67 26 104 60 15 106 43 34 107 70 62 61 73 51 79 
0 97 77 9 85 92 31 29 55 35 33 84 102 13 64 80 50 68 81 108 98 10 63 18 65 49 58 3 56 57 11 53 95 41 1 30 105 12 88 86 21 96 87 22 45 28 6 71 44 25 54 83 40 109 93 75 42 37 2 48 34 43 106 15 74 104 26 36 38 52 67 72 103 60 78 66 99 100 5 20 89 14 94 27 24 23 19 59 7 90 8 17 46 69 101 39 32 16 91 47 76 4 73 61 62 70 82 51 107 79 
0 97 77 90 8 17 66 78 36 74 103 72 38 68 67 26 104 60 15 106 43 34 48 2 37 42 75 93 109 40 83 54 25 44 71 56 6 18 65 10 98 108 81 52 50 80 64 13 102 84 33 35 55 29 31 92 9 85 7 59 19 23 24 27 94 14 89 20 5 100 99 46 69 101 39 32 82 16 91 47 76 4 45 22 87 96 21 86 88 12 105 30 41 95 53 11 57 1 3 58 49 63 28 73 61 62 70 51 107 79 
0 97 77 90 8 17 46 69 101 39 32 82 16 91 47 76 4 45 22 87 96 21 50 68 81 108 98 10 65 18 63 49 58 3 1 57 11 53 95 41 30 105 12 88 86 80 64 13 102 84 33 35 55 29 31 92 85 9 7 59 19 23 24 27 94 14 89 20 5 100 99 66 78 36 74 103 72 38 52 67 26 104 60 15 106 43 34 48 2 37 42 75 93 109 40 83 54 25 44 71 107 56 6 28 73 61 62 70 51 79 
0 97 77 9 85 92 31 29 55 35 33 84 102 13 64 80 50 68 81 108 98 10 65 18 63 49 58 3 1 57 11 90 8 17 36 69 101 39 32 82 16 91 47 76 4 45 22 87 96 21 86 88 12 105 30 41 95 53 7 59 19 23 24 27 109 93 75 46 94 14 89 20 5 100 99 66 78 74 103 42 38 52 67 26 104 60 15 106 43 34 48 2 37 72 6 56 71 44 25 54 107 83 40 28 73 61 62 70 51 79 
0 97 77 90 8 17 46 69 101 39 32 82 16 91 47 76 74 45 22 87 96 86 88 12 105 30 41 95 53 11 57 1 3 58 49 63 18 65 10 98 81 68 50 80 64 13 102 21 84 33 35 55 29 108 31 92 9 85 7 59 19 23 24 27 94 14 89 20 5 100 106 43 34 48 2 103 72 38 52 67 26 104 60 15 99 66 78 36 4 37 42 75 93 109 40 83 54 25 44 71 56 6 28 73 61 62 70 51 107 79 
0 97 77 9 85 92 31 29 55 35 33 84 102 13 64 80 50 68 81 108 98 10 65 18 63 49 58 90 8 17 46 69 101 39 32 82 91 47 76 4 45 22 89 96 21 86 88 12 105 30 41 95 53 11 57 1 3 25 7 59 19 23 24 27 94 14 87 20 5 100 99 66 78 36 74 103 72 38 52 67 16 26 104 60 15 106 43 34 48 2 37 42 75 93 109 40 83 54 44 71 56 6 28 73 61 62 70 51 107 79 
0 97 77 9 85 92 31 29 55 44 33 84 102 13 64 80 50 68 81 108 98 90 8 17 46 69 101 39 32 82 16 91 47 76 45 22 87 96 21 86 88 12 30 41 95 53 11 57 1 3 58 49 63 18 65 10 4 35 7 59 19 23 24 27 94 14 89 20 5 100 99 66 78 36 74 103 72 38 52 67 26 104 60 15 106 43 34 48 2 37 42 75 93 109 105 40 83 107 54 25 71 56 6 28 73 61 62 70 51 79 
0 97 77 9 85 92 31 29 55 44 33 84 102 13 64 80 50 68 81 108 98 90 8 17 46 69 101 39 32 82 16 91 47 76 45 22 87 96 21 86 88 12 30 41 95 53 11 57 1 3 58 49 63 18 65 10 4 35 7 59 19 23 24 27 94 14 89 20 5 100 99 66 78 36 74 103 72 38 52 67 26 104 60 15 106 43 34 48 2 37 42 75 93 109 105 40 83 107 54 25 71 56 6 28 73 61 62 70 51 79 
0 97 77 90 8 58 49 63 18 65 10 98 81 68 108 50 80 64 13 102 84 33 35 55 29 31 92 9 85 7 11 57 1 3 17 46 69 101 39 32 82 16 91 71 44 67 25 54 83 40 109 93 75 42 37 2 48 34 43 106 15 60 104 26 52 38 72 103 74 36 78 66 99 100 5 20 89 14 94 27 24 23 19 59 53 95 41 30 105 12 88 86 21 96 87 22 45 4 76 47 56 6 28 73 61 62 70 51 107 79 
0 97 77 90 8 17 46 69 101 39 32 82 16 91 47 76 4 45 22 87 96 21 86 88 12 105 30 41 95 53 11 57 1 3 58 49 63 18 65 10 98 108 81 68 50 80 64 56 102 84 33 35 55 29 31 92 85 9 7 59 19 13 23 24 27 94 14 89 20 5 100 99 66 78 36 74 103 72 38 52 67 26 104 60 15 51 43 34 48 2 37 42 75 93 109 40 83 54 25 44 71 6 28 73 61 62 70 106 107 79 
0 97 77 9 85 92 31 29 55 35 33 84 102 13 64 80 50 68 81 108 98 10 65 63 49 58 3 1 57 11 53 18 95 90 8 17 46 69 101 39 32 82 16 91 47 76 4 45 22 87 96 21 86 88 12 105 30 41 7 59 19 23 24 27 94 14 89 20 5 100 99 66 78 36 74 103 72 38 52 67 26 104 60 15 106 43 34 48 2 37 42 75 93 109 40 83 54 25 44 71 56 6 28 73 61 62 70 51 107 79 
0 97 77 90 8 17 46 69 101 39 32 82 16 91 47 76 4 45 22 87 106 43 34 48 2 37 98 75 93 109 40 83 54 25 44 71 56 6 28 73 61 62 70 51 107 79 64 13 102 84 33 35 55 29 31 92 9 85 7 59 19 23 24 27 94 14 89 20 5 100 99 66 78 36 74 103 72 96 21 86 88 12 105 30 41 95 53 11 57 1 3 58 49 63 18 65 10 108 81 68 50 80 38 52 67 26 104 60 15 42 
0 97 77 90 8 17 46 69 101 85 7 59 19 23 24 27 94 14 89 20 5 100 99 66 78 36 74 103 72 38 52 67 26 104 60 15 106 43 34 48 2 37 75 93 109 40 83 54 25 44 71 56 6 29 31 92 9 39 82 16 91 47 76 4 45 22 87 96 21 86 88 12 105 30 41 95 53 32 11 57 1 3 58 49 63 18 65 10 98 108 81 68 50 80 64 13 102 84 33 35 55 28 73 61 42 62 70 51 107 79 
0 97 77 9 85 92 31 55 78 66 44 25 54 40 107 83 94 29 27 24 23 19 59 7 90 8 17 46 69 101 39 32 82 16 91 47 76 4 45 22 87 96 21 86 88 12 105 30 41 95 53 11 57 1 3 58 49 63 18 65 10 98 108 81 68 50 80 64 13 102 84 33 35 36 74 103 72 38 52 67 26 104 61 73 28 6 56 71 99 100 5 20 89 14 109 93 75 42 37 2 48 34 43 106 15 60 62 70 51 79 
0 97 77 90 8 26 46 69 101 39 82 16 91 47 76 4 45 22 87 96 21 86 88 12 105 30 41 95 53 32 11 57 1 3 58 49 63 18 65 10 98 108 81 68 50 80 64 13 102 84 33 35 55 29 31 92 9 85 7 59 19 23 24 27 94 14 89 20 5 100 99 66 78 36 74 103 72 38 52 67 17 104 60 15 106 43 34 48 2 37 42 75 93 109 40 83 54 25 44 71 56 6 28 73 61 62 70 51 107 79 
0 97 77 90 8 17 46 69 101 39 32 82 16 91 48 2 37 42 75 93 109 40 83 54 22 44 71 56 6 28 73 61 62 70 51 107 79 7 59 23 24 27 94 14 89 20 5 100 99 13 102 84 33 35 55 9 85 92 78 36 74 103 72 38 52 67 26 104 60 15 106 43 34 47 76 4 45 25 87 96 21 86 88 12 105 30 41 95 53 11 57 1 3 58 49 63 18 65 10 19 98 108 81 68 50 80 64 66 31 29 
0 97 77 90 8 17 46 69 101 39 32 82 16 91 47 76 4 45 22 87 96 21 88 12 105 30 41 95 53 14 94 27 24 86 23 19 59 7 85 9 92 31 29 55 35 33 84 42 13 64 80 50 68 81 108 98 10 65 18 63 49 58 3 1 57 11 89 20 5 100 99 66 78 36 74 103 72 38 52 67 26 104 60 106 15 43 34 48 2 37 102 75 93 109 83 107 54 25 40 44 71 56 6 28 73 61 62 70 51 79 
0 97 77 90 8 17 46 69 101 39 32 82 16 91 47 76 4 45 22 87 96 21 38 72 103 74 36 78 33 66 99 100 5 20 89 14 94 27 24 23 19 59 7 35 84 102 13 64 80 55 29 31 92 85 9 50 68 81 108 42 10 65 18 63 49 58 3 1 57 11 53 95 41 30 105 12 88 86 52 67 26 104 60 15 106 43 34 48 2 37 98 75 93 109 40 83 54 25 44 71 56 6 28 73 61 62 70 51 107 79 
0 84 33 35 55 29 31 92 9 85 7 59 19 23 24 27 94 14 89 20 5 100 99 66 78 36 74 103 72 38 52 67 26 104 60 15 106 43 77 48 2 108 81 68 50 80 64 13 102 97 34 90 8 17 46 69 101 39 32 82 16 91 47 76 4 45 22 87 96 21 86 88 12 105 30 41 95 53 11 57 1 3 58 49 63 18 65 10 98 37 42 75 93 109 40 83 54 25 44 71 56 6 28 73 61 62 70 51 107 79 
0 104 77 90 8 17 46 69 101 39 32 82 16 91 47 76 4 45 22 87 96 21 86 88 12 105 30 41 95 53 11 57 1 3 58 49 63 18 65 10 98 108 81 68 50 80 64 13 102 84 35 55 29 31 92 9 85 7 59 60 97 26 67 52 38 72 103 74 36 78 33 66 99 100 5 20 89 14 94 27 24 23 19 15 106 43 34 48 2 37 42 75 93 109 40 83 54 25 44 71 56 6 28 73 61 62 70 51 107 79 
0 97 77 9 85 92 31 29 55 35 33 84 102 90 8 17 46 69 101 39 32 82 16 91 47 76 68 45 22 87 96 44 13 64 80 50 81 108 98 10 65 18 63 49 58 3 1 57 11 53 95 41 30 105 12 86 88 21 4 7 59 19 23 24 27 94 34 89 20 5 100 99 66 78 36 74 103 72 38 52 67 26 104 14 60 15 106 43 48 2 37 42 75 93 109 40 83 54 25 71 56 6 28 73 61 62 70 51 107 79 
0 97 77 90 8 17 46 69 101 39 32 82 5 91 47 76 4 45 22 87 96 21 86 88 12 105 30 41 95 53 11 57 1 3 58 49 63 18 65 10 98 108 81 68 50 80 64 13 102 84 33 35 55 29 31 92 9 85 7 59 67 23 24 27 94 83 107 40 54 25 44 66 78 36 74 103 72 38 52 19 26 104 60 15 106 43 34 48 2 37 42 75 93 109 14 89 20 16 100 99 71 56 6 28 73 61 62 70 51 79 
0 97 77 9 85 92 31 29 55 35 33 84 102 13 64 80 50 68 81 108 98 10 65 18 63 49 58 23 26 67 52 38 72 103 74 36 78 66 99 100 5 20 89 14 94 76 47 91 16 82 32 39 101 69 46 17 8 90 7 59 19 3 1 57 11 53 95 41 30 105 12 88 86 21 96 87 22 45 4 27 24 104 60 15 106 43 34 48 2 37 42 75 93 109 40 83 54 25 44 71 56 6 28 73 61 62 70 51 107 79 
0 97 77 9 85 92 31 29 55 35 33 84 102 13 64 80 50 68 81 108 49 10 65 45 4 76 47 91 16 82 32 39 101 69 46 17 8 90 57 1 3 58 98 63 18 22 56 6 28 73 62 70 51 107 41 95 53 11 7 59 19 23 24 27 94 14 89 20 5 100 99 66 78 36 74 103 72 38 52 67 26 104 60 15 106 43 34 48 2 37 42 75 93 109 40 83 54 25 44 71 87 96 21 86 88 12 105 30 79 61 
0 24 77 97 87 50 49 68 80 64 13 102 84 33 35 55 29 31 92 85 9 83 108 98 10 65 27 23 19 59 101 45 90 8 17 46 36 7 39 32 82 16 74 103 72 38 94 81 18 69 91 47 76 4 22 96 21 86 88 12 105 30 41 95 53 11 57 1 3 58 63 14 89 20 5 100 99 66 78 52 67 26 104 60 15 106 43 34 48 2 37 42 75 93 109 40 54 25 44 71 56 6 28 73 61 62 70 51 107 79 
0 97 77 90 8 17 46 69 101 39 32 82 92 91 47 76 4 45 22 56 6 28 73 62 70 51 107 41 95 53 9 85 16 31 29 55 35 33 84 102 13 64 80 50 68 81 108 98 10 65 18 63 49 58 3 1 57 11 30 105 12 88 86 21 96 87 74 7 59 19 23 24 27 94 14 89 20 5 100 99 66 78 36 103 72 38 52 67 26 104 60 15 106 43 34 48 2 37 42 75 93 109 40 83 54 25 44 71 61 79 
0 97 77 90 8 17 46 69 101 39 32 82 16 91 47 76 4 45 22 87 96 21 30 105 12 88 86 41 74 95 53 11 57 1 3 23 49 63 18 65 10 98 108 81 68 50 80 64 13 102 84 33 35 55 29 31 92 9 85 7 59 19 58 24 27 94 14 89 20 5 100 99 66 78 36 103 72 38 52 67 83 40 109 93 75 42 37 2 48 34 43 106 15 60 104 26 54 25 44 71 56 6 73 61 62 28 70 51 107 79 
0 97 77 9 85 92 8 29 55 35 33 84 102 13 64 80 50 68 81 108 24 10 65 18 63 49 58 3 1 57 11 53 95 41 21 105 12 88 86 30 96 87 22 45 4 76 47 91 16 82 32 39 101 90 31 17 46 69 7 59 19 23 98 27 94 14 89 20 5 100 99 66 78 36 74 103 72 38 52 67 26 104 60 15 106 43 34 48 2 37 42 75 93 109 40 83 107 54 25 44 71 70 62 61 73 28 6 56 51 79 
0 97 77 9 85 92 31 29 55 35 33 84 102 13 91 16 82 32 39 101 90 8 17 46 69 7 59 19 23 98 27 94 14 89 20 105 12 88 86 30 96 87 22 45 4 76 47 64 80 50 68 81 108 24 10 65 18 63 49 58 3 1 57 11 53 95 41 21 5 100 99 66 78 36 74 103 72 38 52 67 26 104 60 15 106 43 34 48 2 37 42 75 93 109 40 83 54 25 44 71 56 6 28 73 61 62 70 51 107 79 
