0 11 14 33 8 7 25 9 23 10 27 5 12 15 2 13 16 24 4 26 28 18 32 1 20 21 31 29 6 3 22 19 30 17 
0 11 14 33 8 7 25 9 23 10 27 5 12 15 2 13 16 24 4 26 28 18 32 1 20 21 31 29 6 3 22 19 30 17 
0 11 14 33 8 7 25 9 23 10 27 5 12 15 2 13 16 24 4 26 28 18 32 1 20 21 31 29 6 3 22 19 30 17 
0 11 14 33 8 7 25 9 23 10 27 5 12 15 2 13 16 24 4 26 28 18 32 1 20 21 31 29 6 3 22 19 30 17 
0 11 14 33 8 7 25 9 23 10 27 5 12 15 2 13 16 24 4 26 28 18 32 1 20 21 31 29 6 3 22 19 30 17 
0 11 14 33 8 7 25 9 23 10 27 5 12 15 2 13 16 4 24 26 28 18 32 1 20 21 31 29 6 3 22 19 30 17 
0 11 14 33 25 9 7 8 23 10 27 5 12 15 2 13 16 24 4 26 28 18 32 1 20 22 21 31 29 6 3 19 30 17 
0 11 14 33 8 7 25 9 23 10 27 5 12 15 2 13 16 24 26 28 4 18 32 1 20 21 31 3 29 6 22 19 30 17 
0 11 14 33 8 7 25 17 9 23 10 27 5 12 15 2 13 16 24 4 26 28 18 32 1 20 21 31 29 6 3 22 19 30 
0 11 14 33 8 7 25 9 23 10 27 5 12 15 2 13 16 24 4 26 28 32 18 1 20 21 31 29 6 3 22 19 30 17 
0 11 14 33 25 9 7 8 23 10 27 5 12 15 2 13 16 24 4 26 28 18 32 1 20 22 21 19 3 31 29 6 30 17 
0 14 33 8 7 25 11 9 23 10 27 5 12 15 2 13 16 24 4 26 28 18 32 1 20 21 31 29 6 3 22 19 30 17 
0 11 14 33 30 9 7 8 25 23 10 27 5 12 15 2 13 16 24 4 26 28 18 32 1 20 21 31 29 6 3 22 19 17 
0 11 14 33 8 17 30 19 22 3 6 29 31 21 20 1 32 18 28 26 4 24 16 13 2 15 12 5 27 10 23 9 25 7 
0 11 14 33 8 7 25 9 23 10 27 5 12 15 2 13 4 24 16 26 28 18 32 1 20 21 29 31 6 3 22 19 30 17 
0 11 14 33 8 7 25 9 23 10 27 5 12 15 2 13 16 24 4 26 28 18 1 32 21 31 29 6 3 20 22 19 30 17 
0 11 14 33 30 19 22 3 6 29 31 1 32 18 28 26 24 4 16 20 21 13 2 15 12 5 27 10 23 9 25 7 8 17 
0 19 11 14 33 8 7 25 9 23 10 27 5 12 15 2 13 16 24 4 26 28 18 1 32 20 21 31 29 6 3 22 30 17 
0 11 14 33 25 9 7 8 23 10 27 2 15 12 5 13 16 24 26 28 4 18 32 1 20 21 31 29 6 3 22 19 30 17 
0 11 14 33 25 9 8 7 23 10 27 5 12 15 2 13 17 16 24 4 26 28 18 32 1 20 21 31 29 6 3 22 19 30 
0 11 14 33 8 7 25 9 23 10 27 5 12 15 13 16 24 26 28 4 18 32 1 20 21 2 31 29 6 3 22 19 30 17 
0 11 14 33 25 17 7 8 9 23 10 27 5 12 2 15 13 16 24 4 26 28 18 32 1 20 21 31 29 19 6 3 22 30 
0 11 14 33 8 7 25 9 23 10 27 5 12 15 2 13 16 26 28 18 1 32 24 4 20 21 31 29 6 3 22 19 30 17 
0 11 14 12 8 7 25 9 23 10 27 5 33 15 2 13 16 24 4 26 28 18 32 1 20 21 31 29 6 3 22 19 30 17 
0 11 14 33 8 7 25 9 23 10 27 17 5 12 15 2 13 16 24 4 26 28 18 32 1 20 21 31 29 6 3 22 19 30 
0 11 14 33 25 9 7 8 23 10 27 5 12 15 2 13 16 24 4 26 28 18 32 1 20 21 31 29 17 19 6 3 22 30 
0 24 4 26 28 18 11 14 33 25 9 7 8 23 10 27 5 12 15 2 13 16 32 1 20 21 31 29 6 3 22 19 30 17 
0 11 14 33 8 7 25 9 23 10 27 5 12 15 2 13 16 24 4 26 28 18 32 29 3 22 19 30 17 31 6 1 20 21 
0 11 14 33 8 7 25 9 23 10 27 5 1 6 20 12 15 2 13 16 24 4 26 28 18 32 21 31 29 3 22 19 30 17 
0 11 14 6 8 33 7 25 9 23 10 27 5 12 15 2 13 16 24 4 26 28 18 32 1 20 21 31 29 3 22 19 30 17 
0 17 30 33 25 9 7 8 23 10 27 5 12 15 2 13 16 24 4 26 28 18 11 14 32 1 20 21 31 29 6 3 22 19 
0 17 30 33 25 9 7 8 23 10 27 5 12 15 2 13 16 24 4 26 28 18 11 14 32 1 20 21 31 29 6 3 22 19 
0 11 14 33 25 9 8 23 10 27 5 12 15 2 13 16 24 4 26 28 7 18 32 1 20 21 31 29 6 3 22 19 30 17 
0 11 14 21 25 9 7 8 23 10 27 5 12 15 33 2 13 16 24 4 26 28 18 32 1 20 31 29 6 3 22 19 30 17 
0 11 14 33 8 7 25 9 6 29 31 21 20 1 32 18 28 26 4 24 16 13 2 15 12 5 27 10 23 3 22 19 30 17 
0 11 14 33 8 7 25 9 23 10 27 5 12 15 2 13 16 24 4 26 28 18 20 1 32 22 19 30 3 21 31 6 29 17 
0 11 14 33 8 7 25 9 23 10 27 5 12 15 2 13 16 24 4 26 28 18 32 1 20 31 29 21 3 30 17 19 6 22 
0 14 11 33 8 7 25 17 9 23 10 27 5 12 15 2 13 16 24 4 26 28 18 32 1 20 30 21 31 29 6 3 22 19 
0 11 14 33 3 6 29 31 21 20 1 32 18 28 26 4 24 16 13 2 15 12 5 27 10 23 8 7 30 19 22 25 9 17 
0 33 14 11 25 9 7 8 23 10 27 5 12 15 2 13 16 24 4 26 22 3 6 29 31 21 1 32 18 28 20 19 30 17 
0 33 14 11 25 9 8 1 6 20 7 23 10 27 5 12 15 2 13 16 24 4 26 28 18 32 21 31 29 3 22 19 30 17 
0 11 14 33 8 7 19 22 3 6 29 31 21 28 20 1 32 18 26 4 24 16 13 2 15 12 5 27 10 23 9 25 30 17 
0 11 14 33 25 17 7 8 9 23 10 27 5 12 15 2 13 16 24 4 26 28 18 32 1 20 21 31 30 19 22 3 6 29 
0 11 14 33 22 7 25 9 23 10 27 5 12 15 2 13 16 24 4 26 28 18 32 1 20 21 31 29 6 3 8 19 30 17 
0 11 14 13 25 17 7 8 9 23 10 27 5 12 15 2 33 16 24 4 26 28 18 32 1 20 21 31 29 6 3 22 19 30 
0 11 33 1 32 18 28 26 14 8 7 25 9 23 10 27 5 12 15 2 13 16 24 4 20 21 31 29 6 3 22 19 30 17 
0 11 33 1 32 18 28 26 14 8 7 25 9 23 10 27 5 12 15 2 13 16 24 4 20 21 31 29 6 3 22 19 30 17 
0 11 14 33 25 9 7 8 23 10 24 16 13 15 2 12 5 27 4 32 28 26 18 1 20 21 31 29 6 3 22 19 17 30 
0 11 14 33 8 7 25 9 23 10 27 5 12 15 2 13 16 24 4 26 28 18 32 1 20 21 31 29 17 3 19 6 22 30 
0 11 14 33 8 7 25 9 23 10 27 5 12 15 2 13 16 24 4 26 28 18 32 1 20 21 31 29 6 3 30 22 17 19 
0 11 14 33 8 7 25 9 23 17 10 27 5 12 15 2 13 16 24 4 26 28 18 32 6 20 21 31 29 1 3 22 19 30 
0 11 14 33 8 7 19 22 3 6 29 31 21 28 20 1 32 18 26 4 24 16 13 2 15 12 5 27 10 23 25 9 30 17 
0 11 14 33 8 7 25 9 23 10 27 5 12 15 2 13 16 4 24 26 28 18 32 1 20 21 31 19 22 3 6 30 17 29 
0 11 14 33 8 7 15 12 5 27 10 23 9 25 2 13 16 24 4 26 28 32 1 20 21 3 31 29 6 18 22 19 30 17 
0 11 14 33 25 9 7 8 23 10 27 5 12 15 2 4 24 16 13 26 28 18 32 1 30 20 21 31 29 6 3 22 19 17 
0 11 14 33 25 9 7 23 17 8 10 27 5 12 15 2 13 16 24 4 26 28 18 32 1 20 21 31 29 6 30 19 22 3 
0 11 14 33 8 7 25 9 26 4 32 18 28 24 2 13 16 23 10 27 5 12 15 1 20 21 31 29 6 3 22 19 30 17 
0 11 33 14 25 9 7 8 23 10 27 24 5 12 26 28 18 32 1 20 21 31 29 2 13 15 16 4 6 3 22 19 30 17 
0 24 4 26 28 18 32 1 20 21 31 29 6 13 2 15 12 5 27 10 23 9 16 3 22 19 30 11 14 33 8 7 25 17 
0 11 14 33 8 7 25 9 23 10 27 5 12 15 24 4 26 28 18 2 30 17 21 29 6 3 22 19 31 20 1 32 16 13 
0 11 14 33 25 9 7 8 23 10 24 16 13 15 2 12 5 27 4 26 28 18 32 1 20 21 6 3 29 22 17 31 19 30 
0 24 4 26 28 18 32 1 20 21 11 14 33 8 7 25 9 2 13 16 23 10 27 5 12 15 31 29 6 3 22 19 30 17 
0 11 14 33 8 7 25 9 23 10 27 5 12 15 2 13 16 24 21 20 17 4 26 28 18 32 1 31 29 6 3 22 19 30 
0 33 14 11 25 9 7 8 23 10 27 24 5 12 26 28 18 32 1 20 21 31 2 15 13 16 4 19 22 3 6 29 30 17 
0 11 14 33 21 31 29 6 3 22 30 17 19 16 13 15 2 24 4 26 28 18 32 1 20 25 9 7 8 23 10 27 5 12 
0 11 14 33 22 7 25 9 23 10 27 5 12 15 2 13 16 24 4 26 28 18 32 1 20 21 31 29 8 6 3 19 30 17 
0 11 6 29 31 21 20 1 32 18 28 26 4 24 14 33 25 9 7 8 23 10 27 5 12 15 2 13 16 17 19 3 22 30 
0 11 14 33 8 7 25 9 23 10 27 6 29 31 21 20 1 32 18 26 4 24 16 13 2 15 12 5 28 3 22 19 30 17 
0 22 3 6 29 31 21 33 1 32 18 28 26 4 24 16 13 8 7 9 14 11 25 23 10 27 5 12 15 2 20 19 17 30 
0 11 14 3 25 9 7 8 23 10 33 24 27 5 12 15 2 13 16 4 26 28 18 32 1 20 21 31 29 6 22 19 30 17 
0 11 14 33 8 7 19 22 3 6 29 31 21 28 20 1 32 18 26 4 24 16 13 2 15 12 5 27 25 9 23 10 30 17 
0 11 2 13 16 24 4 26 28 18 32 1 20 21 14 33 8 7 25 9 23 10 27 5 12 15 31 29 6 30 3 22 19 17 
0 11 14 33 8 7 25 9 23 22 6 19 17 30 3 21 29 31 20 1 32 18 28 26 4 24 16 13 2 15 12 5 27 10 
0 11 14 33 8 7 25 9 23 10 20 1 32 18 28 26 4 24 16 13 27 5 12 15 2 30 17 21 29 6 3 22 19 31 
0 8 7 17 14 22 3 6 29 31 21 20 1 32 18 28 26 4 24 16 13 2 15 12 5 27 10 11 23 9 25 19 33 30 
0 11 14 33 25 9 7 8 23 10 27 5 12 15 2 13 16 24 4 26 28 17 18 32 1 20 21 31 19 29 6 3 22 30 
0 11 14 33 8 7 25 9 23 10 27 5 12 15 3 13 16 24 4 26 28 18 32 1 20 29 21 31 6 22 19 30 2 17 
0 11 14 33 30 9 7 8 25 23 10 27 5 12 15 29 31 20 1 18 32 28 26 4 24 16 13 2 21 6 3 22 19 17 
0 11 14 24 4 26 28 18 32 1 20 21 31 29 6 13 16 33 8 7 25 9 23 10 27 5 12 15 2 17 19 3 22 30 
0 11 14 33 24 8 7 25 9 13 2 15 12 5 27 10 23 16 4 26 28 18 1 20 21 31 29 6 3 22 19 32 30 17 
0 11 14 33 25 9 7 8 23 10 27 31 29 6 3 22 24 5 12 15 2 13 16 4 26 28 18 32 1 20 21 30 17 19 
0 11 14 33 8 7 19 22 3 6 29 31 21 28 20 1 32 18 26 4 24 16 13 2 15 12 5 27 10 23 17 30 25 9 
0 11 14 33 8 7 25 9 26 4 24 28 18 32 1 20 21 31 29 6 3 22 19 30 16 10 27 5 12 15 2 13 23 17 
0 11 14 33 8 7 25 9 23 10 27 5 12 15 2 13 16 24 4 31 32 6 3 22 20 26 28 18 29 1 21 19 30 17 
0 17 14 33 25 9 7 8 23 11 10 27 5 12 15 2 13 16 24 4 26 28 18 32 1 20 31 22 3 30 19 6 21 29 
0 11 19 33 25 14 3 7 9 23 10 27 5 12 15 2 13 16 24 4 26 28 18 32 1 20 31 29 6 21 22 8 17 30 
0 11 14 33 12 5 27 10 23 8 7 9 25 22 19 30 17 16 13 2 15 3 6 29 31 21 20 1 32 18 28 26 4 24 
0 11 14 24 8 7 25 9 23 10 27 5 12 15 2 3 33 13 28 26 4 16 18 32 1 20 21 22 31 29 6 19 30 17 
0 8 7 9 25 33 11 14 6 23 10 27 2 15 12 5 13 16 24 26 28 4 18 32 1 20 21 31 29 3 22 19 30 17 
0 11 14 33 8 7 25 9 23 10 27 12 15 2 13 16 24 6 1 20 5 32 18 28 26 4 21 31 29 3 22 19 30 17 
0 11 14 33 26 28 18 32 1 20 21 6 3 29 31 22 19 30 17 25 9 7 8 23 10 16 13 15 2 12 5 24 27 4 
0 11 14 4 24 16 13 2 15 12 5 27 10 23 9 25 7 8 33 26 28 18 32 1 20 3 22 19 30 21 31 29 6 17 
0 11 14 33 8 7 25 9 23 10 27 5 12 15 2 13 16 24 4 26 28 18 17 19 32 1 20 21 31 29 6 30 22 3 
0 11 14 8 7 25 9 23 10 27 5 12 15 33 2 13 16 26 28 4 18 32 1 20 21 31 29 6 3 22 19 30 24 17 
0 11 14 33 25 9 7 8 15 4 23 10 27 5 18 28 2 12 13 16 24 26 32 1 21 20 22 6 31 29 3 19 30 17 
0 11 14 28 26 4 24 16 13 2 15 12 5 27 10 23 9 25 7 8 33 18 32 1 20 21 31 29 6 3 17 22 19 30 
0 11 4 16 18 32 1 20 31 28 26 24 13 2 15 12 5 27 10 9 23 25 7 8 33 14 21 29 6 3 22 19 30 17 
0 11 14 33 8 7 25 12 15 4 24 26 9 23 10 27 5 28 18 32 1 20 21 31 29 6 13 16 2 3 22 19 30 17 
0 11 14 33 8 7 25 9 23 10 27 5 12 15 2 19 22 6 29 31 21 4 18 28 13 16 24 26 32 1 3 20 30 17 
0 11 4 16 14 33 8 7 25 9 23 10 27 5 12 15 2 13 24 26 28 18 32 1 20 21 29 31 6 30 3 22 19 17 
0 11 14 33 8 7 25 9 23 10 27 5 12 15 2 13 16 24 4 26 28 18 22 29 32 1 6 20 19 3 30 17 31 21 
0 11 14 33 25 9 7 8 23 10 27 24 4 26 28 18 5 12 15 2 30 17 21 29 6 3 22 13 19 31 20 1 32 16 
0 11 14 33 8 7 25 30 9 23 10 27 5 12 15 2 17 21 29 6 3 22 19 31 20 1 32 18 28 26 4 13 16 24 
0 11 14 33 8 7 25 9 23 10 27 5 15 12 2 13 16 24 4 26 28 18 32 17 1 19 30 31 29 6 3 22 20 21 
0 11 14 5 27 10 23 9 25 7 8 33 12 15 2 13 16 24 4 26 20 18 32 1 28 21 31 29 6 3 22 19 30 17 
0 11 14 33 25 9 7 8 23 10 27 5 12 15 2 13 28 26 4 24 29 6 3 16 31 21 32 1 20 18 22 19 17 30 
0 11 14 33 8 7 25 9 23 10 27 5 12 15 2 13 16 4 21 20 26 28 18 1 29 31 32 24 6 3 22 19 30 17 
0 11 14 33 8 7 25 9 23 4 16 18 32 1 20 21 22 31 29 6 3 19 2 13 28 26 24 10 27 12 15 5 30 17 
0 11 14 33 28 18 32 1 20 21 31 29 6 3 22 2 13 16 24 4 26 8 7 25 9 23 17 10 27 5 12 15 19 30 
0 11 14 33 8 7 25 9 23 10 27 5 12 15 2 13 16 24 4 26 28 18 32 19 6 30 1 20 21 31 17 3 29 22 
0 11 14 33 8 7 25 9 23 10 27 5 12 15 21 20 1 32 18 3 26 4 2 13 16 24 28 31 29 6 22 19 30 17 
0 16 4 26 28 18 32 29 3 22 19 30 17 31 6 1 20 11 14 33 8 7 25 9 23 10 27 5 12 15 2 13 24 21 
0 11 14 33 8 7 25 9 10 27 5 29 12 15 2 13 16 24 4 26 28 18 32 1 20 21 31 23 6 3 22 19 30 17 
0 11 14 27 10 23 8 7 9 25 33 24 4 26 28 18 5 12 15 2 30 17 21 29 6 3 22 19 31 20 1 32 16 13 
0 11 14 21 20 1 32 18 3 26 4 24 33 8 7 25 9 23 10 27 5 12 15 2 13 16 28 31 29 6 22 19 30 17 
0 11 14 33 8 7 25 9 15 2 27 5 16 23 10 12 13 24 4 26 28 18 31 22 3 30 17 19 6 29 32 1 20 21 
0 11 14 33 25 27 7 8 23 10 9 2 15 5 12 13 24 16 4 26 19 22 3 6 29 31 21 20 1 32 18 28 30 17 
0 11 14 33 8 7 25 9 32 10 27 5 12 15 2 13 16 28 4 26 24 18 23 1 20 21 31 29 6 3 22 19 30 17 
0 14 33 25 9 16 28 11 7 8 23 10 27 5 12 15 2 13 24 4 26 18 19 22 3 6 29 31 21 20 1 32 30 17 
0 14 33 25 9 16 28 11 7 8 23 10 27 5 12 15 2 13 24 4 26 18 19 22 3 6 29 31 21 20 1 32 30 17 
0 11 14 33 8 7 25 9 23 17 10 27 5 12 15 2 13 16 24 4 26 28 18 20 22 19 3 30 32 1 29 31 6 21 
0 11 30 33 25 14 9 7 8 23 10 27 5 12 15 2 13 16 24 4 26 3 20 22 19 28 18 32 1 21 31 29 6 17 
0 11 14 33 25 15 12 5 27 10 23 8 7 9 2 30 19 22 3 6 29 18 32 1 20 21 31 16 13 24 4 26 28 17 
0 11 14 33 25 9 7 8 23 10 30 27 5 12 16 2 32 15 13 24 4 26 28 18 1 20 17 21 31 29 6 3 22 19 
0 11 14 33 25 27 9 7 8 29 23 10 5 15 2 13 16 24 4 26 28 18 32 1 20 21 31 22 6 3 12 19 30 17 
0 11 14 21 20 1 32 18 3 26 4 33 25 9 8 7 23 10 27 5 12 15 2 13 16 24 28 31 29 6 22 19 30 17 
0 11 14 27 10 23 8 7 9 25 33 24 4 26 28 15 5 18 2 12 13 16 19 22 3 6 29 31 21 20 1 32 30 17 
0 33 14 11 25 9 17 7 8 23 10 27 5 12 2 15 13 16 24 4 26 19 28 18 32 6 20 21 31 29 1 3 22 30 
0 11 14 10 27 12 15 2 16 28 4 26 18 33 8 7 25 9 23 13 22 5 24 32 1 20 21 31 29 6 3 19 30 17 
0 11 14 33 8 7 25 9 23 10 27 5 12 15 2 13 21 20 1 32 18 28 26 4 22 6 29 31 30 17 24 3 16 19 
0 11 14 33 8 7 25 9 23 10 27 5 12 15 2 13 16 28 4 31 3 29 19 30 22 1 32 18 24 26 21 20 6 17 
0 11 14 33 25 7 8 9 1 24 28 18 32 4 26 16 13 2 15 12 5 17 23 10 27 20 21 31 29 6 3 22 19 30 
0 11 14 3 6 16 24 18 4 32 31 29 1 28 26 20 21 13 2 15 12 5 27 10 23 9 25 7 8 33 22 19 30 17 
0 11 14 33 25 9 7 8 15 4 23 10 27 5 18 24 26 28 12 2 6 3 22 19 30 17 21 29 31 20 1 32 16 13 
0 14 33 8 7 25 9 23 10 27 5 12 15 3 13 16 24 4 26 28 18 32 1 11 20 29 21 31 6 19 22 30 17 2 
0 11 14 33 8 7 25 9 23 22 13 16 24 19 3 6 29 31 21 28 20 1 32 18 26 4 2 15 12 5 27 10 30 17 
0 11 14 33 8 7 25 9 23 10 27 5 12 15 2 13 6 31 21 20 26 28 32 1 18 3 16 24 4 19 22 29 30 17 
0 11 6 29 31 21 20 1 2 13 4 24 3 16 32 18 28 26 15 12 5 27 10 23 9 8 7 17 25 33 14 19 22 30 
0 11 14 8 7 9 25 33 23 10 27 5 12 15 2 4 24 16 13 26 28 18 32 1 30 20 17 21 31 29 3 6 22 19 
0 11 14 33 8 7 25 9 23 10 27 29 21 31 19 22 30 17 20 6 3 1 32 5 12 15 2 13 16 24 4 26 28 18 
0 11 14 33 8 7 25 9 23 10 27 29 21 31 19 22 30 17 20 6 3 1 32 5 12 15 2 13 16 24 4 26 28 18 
0 11 33 25 9 7 14 27 8 23 10 2 15 5 12 13 24 16 4 26 19 22 3 6 29 31 21 20 1 32 18 28 30 17 
0 11 14 2 8 7 25 9 23 10 27 30 5 12 15 29 31 20 1 18 32 28 26 4 24 16 13 33 21 6 3 22 19 17 
0 11 14 33 1 24 28 18 25 7 9 23 10 27 5 15 2 13 16 4 12 26 32 20 21 31 22 6 8 29 3 19 30 17 
0 11 14 24 26 28 18 32 1 20 21 31 29 6 33 8 7 25 4 9 23 10 27 5 12 15 16 2 30 13 3 22 19 17 
0 11 14 26 28 18 7 1 33 8 32 25 9 23 10 27 5 12 15 2 13 16 4 24 20 21 31 29 6 3 22 19 30 17 
0 11 14 33 8 7 25 9 23 10 27 5 12 15 2 18 19 30 13 22 3 6 29 31 21 1 16 24 4 26 28 32 17 20 
0 11 14 25 9 23 10 27 4 26 28 18 32 1 21 30 19 20 5 33 8 7 31 29 6 3 22 24 16 13 2 15 12 17 
0 11 30 33 25 14 9 7 8 23 10 27 5 12 15 2 13 4 24 16 26 3 20 22 19 28 18 32 1 21 31 29 6 17 
0 33 14 11 25 9 7 8 15 2 22 3 21 31 19 20 6 1 32 18 28 26 4 24 13 23 10 27 5 12 29 30 17 16 
0 11 14 33 16 17 9 7 8 23 10 27 5 12 15 2 13 25 24 4 26 18 32 29 28 31 21 1 20 3 6 22 19 30 
0 11 17 14 33 25 9 8 23 10 27 5 12 15 2 13 16 24 4 26 7 28 6 32 1 20 21 31 29 3 22 18 19 30 
0 11 33 8 5 23 15 12 27 10 9 14 24 26 28 13 2 19 3 6 29 31 22 21 20 1 32 18 16 4 25 7 30 17 
0 11 33 28 18 32 1 20 14 8 7 25 10 17 9 27 5 12 15 2 13 16 24 4 26 21 31 29 6 3 22 19 30 23 
0 11 14 33 25 9 7 8 13 24 1 20 21 31 29 23 10 27 5 12 15 2 16 18 4 26 32 6 3 22 19 28 30 17 
0 11 14 33 25 9 7 8 23 1 32 5 16 20 12 10 15 2 13 27 24 4 26 28 18 30 21 31 29 6 3 22 19 17 
0 11 14 33 8 7 25 9 23 10 18 32 4 26 16 13 2 15 12 5 27 28 20 31 21 1 29 24 3 6 22 19 30 17 
0 11 14 33 8 7 25 9 23 10 18 32 4 26 16 13 2 15 12 5 27 28 20 31 21 1 29 24 3 6 22 19 30 17 
0 11 33 14 8 7 25 9 23 10 32 1 17 4 24 16 13 2 15 12 5 27 18 20 28 26 21 31 29 6 3 22 19 30 
0 11 14 33 8 7 25 9 23 10 27 5 12 2 13 16 24 4 20 1 32 18 15 29 21 28 26 31 6 22 19 30 3 17 
0 27 5 12 15 2 13 16 9 23 10 11 14 33 8 7 25 17 24 4 26 1 28 18 31 21 20 32 29 6 3 22 19 30 
0 11 14 33 25 9 7 8 23 1 32 27 5 17 12 15 2 13 16 24 4 10 26 28 18 20 21 31 29 3 6 22 19 30 
0 11 14 33 25 9 7 8 23 10 27 31 29 6 3 22 24 16 13 2 15 12 20 5 4 26 28 18 17 32 1 21 19 30 
0 14 11 24 33 25 9 7 8 15 4 23 10 27 5 18 28 2 12 13 16 26 32 1 21 20 22 6 31 29 3 19 30 17 
0 8 7 9 25 33 11 14 6 1 20 27 5 32 18 28 26 23 10 12 15 2 13 16 24 4 22 3 21 31 19 29 30 17 
0 17 14 4 26 28 18 32 1 20 30 21 31 29 6 3 22 19 24 33 25 9 7 8 23 11 10 27 5 12 15 2 13 16 
0 11 14 33 8 28 18 17 30 32 1 20 21 31 29 6 3 22 4 26 7 25 9 23 10 27 5 12 15 2 13 16 24 19 
0 11 14 33 8 7 19 22 3 6 29 31 21 25 9 23 13 16 24 4 28 20 30 17 10 27 5 12 15 2 26 18 1 32 
0 11 8 33 25 9 7 18 32 1 20 21 14 10 27 5 12 15 2 13 16 24 4 26 28 31 23 29 6 3 22 19 30 17 
0 11 14 33 25 9 7 8 10 27 5 12 18 32 1 20 21 31 29 6 3 22 19 30 4 26 28 23 15 2 13 16 17 24 
0 11 14 33 8 7 25 9 23 10 27 5 12 15 2 13 16 24 26 22 4 28 20 21 31 29 6 3 19 30 17 18 1 32 
0 11 14 33 8 7 25 9 23 10 27 5 12 15 2 21 30 19 22 26 28 18 32 4 13 16 24 17 3 6 29 31 20 1 
0 11 30 33 25 14 9 7 8 23 10 27 5 12 15 2 32 16 24 4 26 3 20 22 19 28 18 13 1 21 31 29 6 17 
0 33 11 14 17 24 4 26 28 18 32 1 20 21 31 29 8 7 16 30 19 22 3 6 23 10 27 5 12 13 25 9 15 2 
0 11 14 33 8 7 1 9 23 10 27 5 12 4 16 24 26 28 13 2 19 3 6 29 31 22 21 20 25 32 18 15 30 17 
0 11 14 27 10 23 8 7 9 25 33 24 4 26 5 12 15 2 13 16 28 18 32 17 1 19 30 31 29 6 3 22 20 21 
0 29 2 13 15 16 4 6 3 22 27 24 5 12 26 28 18 32 1 20 21 31 33 14 11 25 9 7 8 23 10 19 30 17 
0 11 14 33 8 7 25 9 23 22 13 16 24 4 28 20 21 31 29 10 27 5 12 15 2 26 18 32 1 6 3 17 19 30 
0 11 14 33 9 8 23 27 5 7 1 32 16 20 12 10 15 25 2 13 24 4 26 28 18 30 21 31 29 6 3 22 19 17 
0 11 33 8 7 25 9 23 10 27 5 12 15 2 14 21 20 1 32 18 3 26 4 24 16 28 19 31 29 6 22 30 13 17 
0 11 8 33 25 9 7 18 32 1 20 21 31 29 6 3 22 19 30 4 26 28 10 23 14 27 5 12 15 2 13 16 24 17 
0 11 14 33 25 9 7 8 23 6 1 20 27 5 32 18 28 26 22 3 29 31 21 4 24 16 13 2 15 12 10 19 30 17 
0 11 14 4 16 27 24 26 28 13 2 19 3 8 7 25 9 23 10 33 5 12 15 18 32 1 20 22 21 31 29 6 30 17 
0 11 14 33 25 9 7 8 10 32 27 5 12 15 2 13 16 28 4 23 24 26 18 1 20 21 6 3 29 22 17 31 19 30 
0 11 18 2 13 16 4 26 31 14 33 8 7 25 9 23 10 27 5 12 15 24 28 32 20 21 29 6 1 30 19 22 3 17 
0 11 14 33 8 7 25 9 10 27 5 12 15 2 19 22 3 6 29 31 21 4 23 18 28 13 16 24 26 32 1 30 20 17 
0 11 14 5 27 10 23 9 25 7 8 33 12 15 2 13 16 24 4 26 30 18 32 1 20 21 31 29 6 3 22 19 28 17 
0 11 14 33 8 12 25 9 23 10 27 5 7 15 2 13 16 28 4 31 3 29 19 30 22 1 32 18 24 26 6 20 21 17 
0 11 14 27 5 12 15 2 13 16 24 4 26 3 18 32 1 20 21 10 23 8 7 9 25 30 33 28 31 29 6 22 19 17 
0 11 6 29 31 21 20 1 32 18 14 33 8 7 25 9 23 10 27 5 12 15 2 13 26 28 3 16 24 4 19 17 30 22 
0 11 14 33 8 7 25 9 23 22 20 18 28 26 24 16 30 10 5 12 15 2 13 4 32 27 1 21 31 3 6 29 19 17 
0 11 14 33 25 9 7 8 23 10 27 5 12 1 15 2 29 4 21 20 32 18 28 26 31 24 13 16 6 3 22 19 30 17 
0 11 14 33 8 25 9 23 10 27 5 12 15 24 13 16 7 17 3 21 31 29 6 30 22 19 20 1 4 26 28 2 18 32 
0 11 24 33 14 30 9 7 8 25 23 10 27 5 12 15 2 13 22 4 26 28 16 3 6 29 31 21 20 1 32 18 17 19 
0 11 17 6 28 7 27 26 4 24 16 13 2 15 12 5 10 23 8 9 25 33 14 32 1 20 21 31 29 18 3 22 19 30 
0 11 14 33 8 7 25 9 23 10 27 5 12 2 30 16 24 4 20 1 32 18 28 17 15 13 19 22 3 6 29 31 21 26 
0 11 14 33 25 26 19 22 28 18 32 1 20 21 31 29 6 3 4 27 7 8 23 10 9 2 15 5 12 13 24 16 30 17 
0 14 33 25 9 7 8 23 10 17 5 12 15 2 13 16 24 4 26 28 18 11 32 1 20 21 31 29 3 22 19 30 27 6 
0 11 14 33 25 9 7 17 28 18 20 22 8 30 19 3 29 31 21 1 32 6 23 10 27 5 12 15 2 13 16 24 4 26 
0 11 14 33 25 7 9 8 23 21 22 10 27 5 28 26 4 24 29 12 15 2 13 16 18 19 1 20 32 31 6 3 30 17 
0 11 14 33 8 7 25 20 1 32 18 28 9 21 3 26 31 29 6 22 19 30 17 4 24 16 13 2 15 12 5 27 10 23 
0 11 14 33 8 7 25 9 23 10 18 32 24 5 27 12 15 2 13 16 4 29 31 21 6 26 28 1 30 19 22 3 20 17 
0 11 14 33 25 9 7 13 23 10 27 5 12 15 2 8 16 31 29 18 24 6 4 21 20 26 28 32 1 3 22 19 30 17 
0 11 14 33 25 9 7 15 12 5 20 16 24 4 31 21 32 28 26 1 18 29 8 23 10 27 2 13 6 3 22 19 17 30 
0 11 14 33 25 9 7 6 3 16 31 21 32 1 20 18 22 19 30 17 29 8 23 10 27 5 12 15 2 13 28 26 4 24 
0 30 15 20 1 29 6 3 22 21 2 12 10 27 5 11 14 33 25 9 7 8 32 23 19 13 16 24 4 26 28 18 31 17 
0 11 14 33 25 6 29 31 17 20 21 16 24 4 26 28 18 19 22 3 9 7 8 23 10 27 5 12 15 2 13 30 32 1 
0 11 14 33 25 9 28 8 32 10 27 5 12 15 2 13 16 7 4 26 24 18 23 1 20 21 31 29 6 3 22 19 17 30 
0 25 33 12 5 10 23 8 7 9 11 1 14 27 15 2 13 16 24 4 26 18 32 29 28 31 21 20 3 6 22 19 30 17 
0 11 14 33 8 7 25 9 23 22 20 18 28 26 24 16 2 13 15 12 5 27 10 1 29 32 21 6 3 4 31 17 19 30 
0 33 14 11 25 9 17 7 8 23 10 27 5 12 2 15 13 16 24 4 26 19 18 32 1 20 21 31 29 6 30 22 28 3 
0 25 20 1 32 18 28 4 24 16 13 2 22 19 30 15 12 5 27 10 23 11 14 33 8 7 9 21 31 29 26 6 3 17 
0 11 30 33 14 25 9 8 1 6 20 7 23 10 19 31 21 32 18 13 4 24 16 26 28 2 15 12 5 27 29 3 22 17 
0 11 14 33 8 7 25 20 1 32 18 23 9 30 6 19 31 21 26 5 27 10 28 4 24 16 13 2 15 12 3 22 29 17 
0 11 15 33 8 7 25 9 23 10 27 5 12 14 2 13 16 4 26 28 22 32 1 20 21 31 29 6 24 3 18 19 30 17 
0 13 2 15 12 5 27 9 7 17 25 33 14 11 8 23 19 16 29 10 30 22 3 6 31 21 20 1 32 18 28 26 4 24 
0 11 4 26 28 9 14 7 8 17 33 2 15 25 12 5 27 10 23 13 16 24 18 32 1 20 21 6 30 31 29 3 22 19 
0 11 14 27 10 23 8 7 9 25 33 24 4 26 28 18 5 15 2 20 1 32 16 13 22 19 30 21 31 3 6 17 29 12 
0 11 14 33 8 7 25 9 23 10 27 29 21 31 19 22 30 17 20 6 1 32 5 12 15 2 13 16 24 3 4 26 28 18 
0 11 4 26 28 9 14 17 8 7 33 2 15 25 12 5 27 10 23 13 16 24 18 6 19 31 21 1 32 20 29 3 22 30 
0 11 14 33 31 21 20 1 32 18 8 7 9 25 29 12 3 22 19 30 17 23 10 27 5 15 2 6 13 16 24 4 26 28 
0 11 14 33 25 9 7 8 23 20 10 27 5 12 15 31 29 6 3 24 22 19 17 30 21 2 13 16 28 4 26 18 1 32 
0 11 14 33 25 9 7 8 26 4 24 31 30 3 21 20 1 32 16 13 2 15 12 5 18 28 23 10 27 29 6 17 19 22 
0 11 14 33 8 7 25 9 23 10 27 5 12 15 2 13 16 24 4 26 22 28 19 18 32 1 20 31 29 6 30 3 17 21 
0 11 14 33 8 7 25 9 23 10 27 5 12 15 2 13 16 24 4 26 22 28 19 18 32 1 20 31 29 6 30 3 17 21 
0 11 14 33 25 9 16 24 12 15 2 13 26 28 18 32 3 6 29 31 21 20 1 7 19 30 4 22 8 17 23 10 27 5 
0 11 14 26 28 18 13 1 22 25 9 7 8 23 10 27 5 12 15 2 21 20 32 4 33 3 31 19 6 24 16 29 30 17 
0 11 14 33 25 9 7 8 23 10 27 5 12 15 2 13 16 24 22 28 19 4 26 18 32 1 20 31 29 6 30 3 17 21 
0 11 14 33 25 9 24 4 26 28 18 7 8 10 16 13 15 2 12 5 27 32 1 19 21 23 6 3 29 22 17 31 20 30 
0 3 21 32 18 4 26 24 16 13 2 15 12 5 27 10 23 7 20 6 1 8 9 25 11 14 33 29 22 17 31 28 19 30 
0 33 14 11 25 30 29 27 5 16 23 10 12 13 22 4 26 28 18 32 1 6 20 19 31 21 3 24 2 15 8 7 9 17 
0 32 11 33 8 7 25 17 9 23 10 27 5 12 15 2 18 19 30 13 22 3 6 29 31 21 1 24 4 26 28 14 20 16 
0 16 24 21 17 30 5 18 26 4 27 10 23 8 7 9 25 33 14 11 2 15 12 29 6 3 22 19 31 20 28 1 32 13 
0 11 14 33 30 9 7 8 25 23 10 27 12 18 17 28 26 4 24 22 13 2 15 32 1 20 21 31 29 5 16 6 3 19 
0 10 14 33 8 7 25 9 23 11 27 5 12 15 2 13 16 24 26 28 4 31 18 1 32 17 30 22 19 3 20 21 29 6 
0 14 24 29 11 26 28 18 32 1 20 22 21 2 13 16 33 25 9 7 8 23 10 27 5 12 15 31 4 6 3 19 30 17 
0 11 12 33 6 20 19 14 3 25 7 8 23 10 27 2 15 5 9 13 24 16 4 26 28 18 1 31 29 32 21 22 17 30 
0 11 14 33 4 16 18 32 1 20 21 25 9 7 8 10 27 5 12 15 2 13 22 28 26 24 6 23 31 29 3 30 19 17 
0 11 14 33 24 8 28 27 10 23 9 25 12 15 5 2 13 16 4 29 31 21 6 26 7 18 32 1 20 3 22 19 30 17 
0 11 6 29 31 21 20 1 12 13 4 24 3 16 18 8 7 25 33 22 19 14 9 23 10 32 28 26 15 2 5 27 30 17 
0 11 18 2 13 16 4 26 31 22 3 5 30 17 33 7 25 9 23 10 27 24 14 8 15 12 28 32 1 20 19 6 29 21 
0 11 14 33 8 7 25 9 23 10 27 16 29 20 6 26 4 24 31 21 30 1 12 15 2 13 5 32 18 28 19 22 3 17 
0 11 14 33 8 7 25 9 23 10 27 16 29 20 6 26 4 24 31 21 30 1 12 15 2 13 5 32 18 28 19 22 3 17 
0 11 26 18 3 8 28 1 20 21 31 29 6 22 19 30 17 24 4 14 33 32 7 25 9 23 10 27 5 12 15 2 13 16 
0 27 14 3 25 9 7 8 23 10 11 2 15 5 33 12 13 16 24 4 26 28 18 32 1 20 21 31 19 6 30 17 22 29 
0 11 4 26 28 9 14 17 8 7 33 2 15 25 12 5 27 10 23 13 16 24 18 30 19 21 29 6 3 31 20 22 32 1 
0 11 14 15 20 27 10 23 8 7 9 25 30 33 31 29 6 28 1 32 18 26 4 24 16 3 13 2 21 12 5 17 19 22 
0 11 14 33 8 7 25 9 23 10 16 6 29 31 21 20 1 2 13 4 24 3 18 22 19 17 28 26 12 15 32 5 27 30 
0 33 14 11 25 9 1 4 32 18 8 7 20 21 31 29 6 22 19 5 27 2 15 28 26 24 3 13 12 10 23 16 30 17 
0 11 14 33 8 7 22 26 4 24 16 13 2 15 12 5 27 10 23 9 25 28 19 18 32 1 20 31 29 6 30 3 17 21 
0 11 14 18 25 19 7 9 33 10 30 8 23 13 22 27 5 12 15 2 16 24 4 26 28 32 1 20 21 31 29 6 3 17 
0 11 14 33 30 9 7 8 25 23 10 5 12 15 2 13 22 20 18 28 26 24 27 1 29 32 21 6 16 3 4 31 17 19 
0 11 14 33 25 9 7 8 26 4 24 31 30 3 21 20 1 32 16 13 2 15 5 18 28 23 10 27 29 6 12 17 19 22 
0 11 14 33 17 3 8 7 25 9 23 10 6 5 12 15 13 2 16 24 26 28 18 32 1 20 21 31 29 27 22 19 4 30 
0 11 14 33 9 25 31 18 3 8 23 21 10 27 5 12 15 2 13 30 19 22 6 29 7 1 20 32 28 26 4 24 16 17 
0 11 14 33 25 7 9 8 5 21 16 22 20 31 26 28 18 4 13 27 15 12 1 10 23 24 2 19 3 6 29 32 30 17 
0 8 7 9 27 5 12 15 2 13 16 24 18 19 4 29 3 22 25 33 14 11 6 31 21 20 26 28 23 10 32 1 30 17 
0 11 13 22 17 25 33 14 5 9 28 8 10 23 27 12 15 2 16 24 4 26 18 32 1 7 30 19 21 31 29 3 20 6 
0 11 22 28 19 33 25 23 13 16 4 26 18 32 1 20 14 6 29 31 12 8 7 9 2 10 27 5 15 24 21 3 30 17 
0 17 14 8 7 9 27 5 12 15 2 13 16 24 18 19 4 29 3 22 25 33 11 6 31 21 20 26 28 23 10 32 1 30 
0 11 14 33 9 8 7 22 10 27 5 28 26 4 24 29 25 12 15 2 13 16 18 19 1 20 21 32 31 6 3 30 23 17 
0 11 14 6 1 20 21 25 9 7 8 23 10 5 12 15 33 27 30 19 22 26 28 18 32 4 2 13 16 24 17 3 29 31 
0 11 14 33 25 9 7 8 26 4 24 31 30 3 21 6 28 18 5 12 15 2 13 16 32 1 20 17 19 22 23 10 27 29 
0 11 14 33 25 9 7 8 23 10 28 19 4 24 16 13 2 3 22 26 30 17 27 5 12 15 6 29 31 21 20 1 32 18 
0 18 32 3 6 29 31 21 20 1 7 28 19 30 17 13 16 24 4 22 11 14 33 25 26 8 9 23 10 27 5 12 15 2 
0 11 14 18 25 19 7 9 33 10 30 8 23 13 22 3 17 27 5 12 15 2 16 24 4 26 28 32 1 20 21 31 29 6 
0 11 14 26 28 18 13 1 22 25 9 7 8 23 10 27 5 12 15 2 21 20 32 4 33 6 29 31 30 17 24 3 16 19 
0 11 14 33 8 7 25 9 23 18 2 13 16 4 26 31 22 3 5 30 17 10 27 29 21 20 1 32 28 12 15 24 6 19 
0 11 14 15 20 27 10 23 8 7 9 25 30 33 31 29 6 28 1 32 18 3 26 4 24 16 13 2 21 12 5 17 19 22 
0 25 33 12 10 23 8 5 7 9 11 1 14 15 2 29 4 21 20 32 18 28 27 13 16 24 26 31 6 3 22 19 30 17 
0 16 24 4 18 11 14 28 26 13 2 15 5 27 1 20 21 31 29 10 8 32 6 3 22 19 30 33 7 25 12 9 23 17 
0 11 28 26 4 24 13 33 25 9 23 16 15 10 32 8 14 2 31 29 6 3 22 19 30 17 27 5 12 18 7 1 20 21 
0 14 33 8 7 25 9 23 10 27 5 22 13 16 24 4 28 12 15 1 11 26 6 32 18 3 19 30 17 21 20 31 29 2 
0 11 14 33 25 9 13 23 10 27 5 12 15 2 8 16 31 7 29 18 24 6 4 21 3 26 28 32 1 20 22 19 30 17 
0 5 22 8 29 10 7 9 25 33 11 12 15 2 13 16 24 14 23 27 31 6 3 20 4 26 28 18 32 1 21 19 30 17 
0 11 14 21 20 26 2 15 12 5 32 9 25 7 8 33 31 23 10 1 13 16 24 4 28 18 29 27 6 3 22 19 30 17 
0 11 4 16 18 32 33 8 7 1 31 6 28 29 21 20 14 2 15 12 5 27 10 23 9 25 13 30 19 22 3 26 24 17 
0 11 22 28 19 33 25 2 13 16 4 26 18 32 1 20 12 31 14 9 7 17 30 6 29 21 24 15 5 27 10 23 8 3 
0 11 14 33 18 9 8 7 23 10 27 5 12 15 2 13 16 20 21 29 28 6 31 25 32 1 30 19 22 3 17 24 4 26 
0 18 32 3 6 29 31 11 24 16 13 17 30 19 28 7 1 20 21 14 33 8 22 26 4 25 9 23 10 27 5 12 15 2 
0 27 22 28 1 26 16 24 4 6 32 14 33 25 9 7 8 23 10 11 5 12 18 20 21 15 2 13 31 3 29 19 30 17 
0 11 14 33 25 9 7 31 23 10 30 27 5 12 16 2 32 15 13 24 26 28 17 18 1 20 21 4 8 29 6 3 22 19 
0 11 14 33 8 25 9 3 24 16 13 2 19 12 5 22 20 27 10 23 4 30 7 17 15 26 28 18 32 1 21 31 29 6 
0 11 14 25 9 7 6 1 20 29 31 17 10 33 8 18 32 12 3 22 19 30 23 27 5 15 2 13 28 21 26 4 24 16 
0 11 26 28 18 30 19 8 9 7 17 21 29 20 3 31 6 22 15 4 23 10 27 14 33 2 25 12 5 13 16 24 32 1 
0 11 14 33 25 9 8 13 23 10 27 19 6 30 29 2 16 4 28 1 20 7 21 5 12 15 26 18 32 31 24 3 22 17 
0 11 14 33 8 25 9 23 10 27 20 22 5 12 19 2 13 16 24 3 4 30 7 15 26 28 18 32 1 17 29 31 6 21 
0 18 32 3 6 29 31 21 20 1 7 28 19 30 11 14 33 25 9 16 24 12 15 2 13 26 22 5 4 17 8 23 10 27 
0 11 4 14 33 7 8 23 13 26 25 16 1 20 21 31 6 3 22 19 2 9 24 28 29 18 32 10 27 5 12 15 17 30 
0 11 14 33 6 20 22 19 16 3 5 27 10 23 8 7 9 25 29 24 4 26 28 31 17 1 32 18 30 12 15 2 13 21 
0 11 14 33 25 9 7 8 23 2 27 21 20 1 32 4 26 3 18 24 16 13 10 15 12 5 30 31 29 6 28 17 19 22 
0 11 3 8 7 25 9 14 23 10 21 31 33 6 17 29 4 24 16 13 2 22 19 30 15 12 5 27 20 1 32 18 28 26 
0 11 14 33 8 7 22 28 1 26 13 16 24 4 6 10 27 5 12 31 29 3 18 32 23 9 25 17 30 19 20 21 15 2 
0 11 14 33 25 9 7 8 30 10 6 19 31 21 18 23 2 27 5 1 16 12 13 4 26 28 17 24 32 20 15 29 3 22 
0 11 14 33 9 8 7 22 10 27 25 23 21 16 20 31 26 28 18 4 13 15 12 5 6 3 24 1 29 19 30 17 2 32 
0 11 14 33 8 7 1 9 23 27 5 12 4 16 24 26 28 13 2 19 3 25 21 22 20 31 10 18 15 6 29 30 17 32 
0 11 14 33 6 20 22 19 16 3 9 18 32 1 17 31 28 26 4 24 29 25 30 7 8 23 15 12 5 27 10 2 13 21 
0 11 14 33 27 9 8 7 23 22 13 16 10 25 5 12 15 2 6 31 21 20 26 28 1 18 3 24 32 4 19 17 30 29 
0 11 14 3 25 9 7 33 6 20 19 31 21 28 13 26 2 15 12 22 29 30 17 18 32 8 23 1 27 5 16 24 4 10 
0 25 33 12 10 23 28 26 31 24 16 13 6 22 19 30 3 17 20 32 18 8 5 7 9 11 1 14 15 2 29 4 21 27 
