0 33 32 31 30 29 28 27 26 25 24 23 22 21 20 19 18 17 16 15 14 13 12 11 10 9 8 7 6 5 4 3 2 1 
0 33 32 31 30 29 28 27 26 25 24 23 22 21 20 19 18 17 16 15 14 13 12 11 10 9 8 7 6 5 4 3 2 1 
0 33 32 31 30 29 28 27 26 25 24 23 22 21 20 19 18 17 16 15 14 13 12 11 10 9 8 7 6 5 4 3 2 1 
0 33 32 31 30 29 28 27 26 25 24 23 22 21 20 19 18 17 16 15 14 13 12 11 10 9 8 7 6 5 4 3 2 1 
0 33 32 31 30 29 28 27 26 25 24 23 22 21 20 19 18 17 16 15 14 13 12 11 10 9 8 7 6 5 4 3 2 1 
0 33 32 31 30 29 28 27 26 25 24 23 22 21 20 19 18 17 16 15 14 13 12 11 10 9 8 7 6 5 4 3 2 1 
0 33 32 31 30 29 28 27 26 25 24 23 22 21 20 19 18 17 16 15 14 13 12 11 10 9 8 7 6 5 4 3 2 1 
0 33 32 31 30 29 28 27 26 25 24 23 22 21 20 19 18 17 16 15 14 13 12 11 10 9 8 7 6 5 4 3 2 1 
0 33 32 31 30 29 28 27 26 25 24 23 22 21 20 19 18 17 16 15 14 13 12 11 10 9 8 7 6 5 4 3 2 1 
0 33 32 31 30 29 28 27 26 25 24 23 22 21 20 19 18 17 16 15 14 13 12 11 10 9 8 7 6 5 4 3 2 1 
0 33 32 31 30 29 28 27 26 25 24 23 22 21 20 19 18 17 16 15 14 13 12 11 10 9 8 7 6 5 4 3 2 1 
0 33 32 31 30 29 28 27 26 25 24 23 22 21 20 19 18 17 16 15 14 13 12 11 10 9 8 7 6 5 4 3 2 1 
0 33 32 31 30 29 28 27 26 25 24 23 22 21 20 19 18 17 16 15 14 13 12 11 10 9 8 7 6 5 4 3 2 1 
0 33 32 31 30 29 28 27 26 25 24 23 22 21 20 19 18 17 16 15 14 13 12 11 10 9 8 7 6 5 4 3 2 1 
0 33 32 31 30 29 28 27 26 25 24 23 22 21 20 19 18 17 16 15 14 13 12 11 10 9 8 7 6 5 4 3 2 1 
0 33 32 31 30 29 28 27 26 25 24 23 22 21 20 19 18 17 16 15 14 13 12 11 10 9 8 7 6 5 4 3 2 1 
0 33 32 31 30 29 28 27 26 25 24 23 22 21 20 19 18 17 16 15 14 13 12 11 10 9 8 7 6 5 4 3 2 1 
0 33 32 31 30 29 28 27 26 25 24 23 22 21 20 19 18 17 16 15 14 13 12 11 10 9 8 7 6 5 4 3 2 1 
0 33 32 31 30 29 28 27 26 25 24 23 22 21 20 19 18 17 16 15 14 13 12 11 10 9 8 7 6 5 4 3 2 1 
0 33 32 31 30 29 28 27 26 25 24 23 22 21 20 19 18 17 16 15 14 13 12 11 10 9 8 7 6 5 4 3 2 1 
0 33 32 31 30 29 28 27 26 25 24 23 22 21 20 19 18 17 16 15 14 13 12 11 10 9 8 7 6 5 4 3 2 1 
0 33 32 31 30 29 28 27 26 25 24 23 22 21 20 19 18 17 16 15 14 13 12 11 10 9 8 7 6 5 4 3 2 1 
0 33 32 31 30 29 28 27 26 25 24 23 22 21 20 19 18 17 16 15 14 13 12 11 10 9 8 7 6 5 4 3 2 1 
0 33 32 31 30 29 28 27 26 25 24 23 22 21 20 19 18 17 16 15 14 13 12 11 10 9 8 7 6 5 4 3 2 1 
0 33 32 31 30 29 28 27 26 25 24 23 22 21 20 19 18 17 16 15 14 13 12 11 10 9 8 7 6 5 4 3 2 1 
0 33 32 31 30 29 28 27 26 25 24 23 22 21 20 19 18 17 16 15 14 13 12 11 10 9 8 7 6 5 4 3 2 1 
0 33 32 31 30 29 28 27 26 25 24 23 22 21 20 19 18 17 16 15 14 13 12 11 10 9 8 7 6 5 4 3 2 1 
0 33 32 31 30 29 28 27 26 25 24 23 22 21 20 19 18 17 16 15 14 13 12 11 10 9 8 7 6 5 4 3 2 1 
0 33 32 31 30 29 28 27 26 25 24 23 22 21 20 19 18 17 16 15 14 13 12 11 10 9 8 7 6 5 4 3 2 1 
0 33 32 31 30 29 28 27 26 25 24 23 22 21 20 19 18 17 16 15 14 13 12 11 10 9 8 7 6 5 4 3 2 1 
0 33 32 31 30 29 28 27 26 25 24 23 22 21 20 19 18 17 16 15 14 13 12 11 10 9 8 7 6 5 4 3 2 1 
0 33 32 31 30 29 28 27 26 25 24 23 22 21 20 19 18 17 16 15 14 13 12 11 10 9 8 7 6 5 4 3 2 1 
0 33 32 31 30 29 28 27 26 25 24 23 22 21 20 19 18 17 16 15 14 13 12 11 10 9 8 7 6 5 4 3 2 1 
0 33 32 31 30 29 28 27 26 25 24 23 22 21 20 19 18 17 16 15 14 13 12 11 10 9 8 7 6 5 4 3 2 1 
0 33 32 31 30 29 28 27 26 25 24 23 22 21 20 19 18 17 16 15 14 13 12 11 10 9 8 7 6 5 4 3 2 1 
0 33 32 31 30 29 28 27 26 25 24 23 22 21 20 19 18 17 16 15 14 13 12 11 10 9 8 7 6 5 4 3 2 1 
0 33 32 31 30 29 28 27 26 25 24 23 22 21 20 19 18 17 16 15 14 13 12 11 10 9 8 7 6 5 4 3 2 1 
0 33 32 31 30 29 28 27 26 25 24 23 22 21 20 19 18 17 16 15 14 13 12 11 10 9 8 7 6 5 4 3 2 1 
0 33 32 31 30 29 28 27 26 25 24 23 22 21 20 19 18 17 16 15 14 13 12 11 10 9 8 7 6 5 4 3 2 1 
0 33 32 31 30 29 28 27 26 25 24 23 22 21 20 19 18 17 16 15 14 13 12 11 10 9 8 7 6 5 4 3 2 1 
0 33 32 31 30 29 28 27 26 25 24 23 22 21 20 19 18 17 16 15 14 13 12 11 10 9 8 7 6 5 4 3 2 1 
0 33 32 31 30 29 28 27 26 25 24 23 22 21 20 19 18 17 16 15 14 13 12 11 10 9 8 7 6 5 4 3 2 1 
0 33 32 31 30 29 28 27 26 25 24 23 22 21 20 19 18 17 16 15 14 13 12 11 10 9 8 7 6 5 4 3 2 1 
0 33 32 31 30 29 28 27 26 25 24 23 22 21 20 19 18 17 16 15 14 13 12 11 10 9 8 7 6 5 4 3 2 1 
0 33 32 31 30 29 28 27 26 25 24 23 22 21 20 19 18 17 16 15 14 13 12 11 10 9 8 7 6 5 4 3 2 1 
0 33 32 31 30 29 28 27 26 25 24 23 22 21 20 19 18 17 16 15 14 13 12 11 10 9 8 7 6 5 4 3 2 1 
0 33 32 31 30 29 28 27 26 25 24 23 22 21 20 19 18 17 16 15 14 13 12 11 10 9 8 7 6 5 4 3 2 1 
0 33 32 31 30 29 28 27 26 25 24 23 22 21 20 19 18 17 16 15 14 13 12 11 10 9 8 7 6 5 4 3 2 1 
0 33 32 31 30 29 28 27 26 25 24 23 22 21 20 19 18 17 16 15 14 13 12 11 10 9 8 7 6 5 4 3 2 1 
0 33 32 31 30 29 28 27 26 25 24 23 22 21 20 19 18 17 16 15 14 13 12 11 10 9 8 7 6 5 4 3 2 1 
0 33 32 31 30 29 28 27 26 25 24 23 22 21 20 19 18 17 16 15 14 13 12 11 10 9 8 7 6 5 4 3 2 1 
0 33 32 31 30 29 28 27 26 25 24 23 22 21 20 19 18 17 16 15 14 13 12 11 10 9 8 7 6 5 4 3 2 1 
0 33 32 31 30 29 28 27 26 25 24 23 22 21 20 19 18 17 16 15 14 13 12 11 10 9 8 7 6 5 4 3 2 1 
0 33 32 31 30 29 28 27 26 25 24 23 22 21 20 19 18 17 16 15 14 13 12 11 10 9 8 7 6 5 4 3 2 1 
0 33 32 31 30 29 28 27 26 25 24 23 22 21 20 19 18 17 16 15 14 13 12 11 10 9 8 7 6 5 4 3 2 1 
0 33 32 31 30 29 28 27 26 25 24 23 22 21 20 19 18 17 16 15 14 13 12 11 10 9 8 7 6 5 4 3 2 1 
0 33 32 31 30 29 28 27 26 25 24 23 22 21 20 19 18 17 16 15 14 13 12 11 10 9 8 7 6 5 4 3 2 1 
0 33 32 31 30 29 28 27 26 25 24 23 22 21 20 19 18 17 16 15 14 13 12 11 10 9 8 7 6 5 4 3 2 1 
0 33 32 31 30 29 28 27 26 25 24 23 22 21 20 19 18 17 16 15 14 13 12 11 10 9 8 7 6 5 4 3 2 1 
0 33 32 31 30 29 28 27 26 25 24 23 22 21 20 19 18 17 16 15 14 13 12 11 10 9 8 7 6 5 4 3 2 1 
0 33 32 31 30 29 28 27 26 25 24 23 22 21 20 19 18 17 16 15 14 13 12 11 10 9 8 7 6 5 4 3 2 1 
0 33 32 31 30 29 28 27 26 25 24 23 22 21 20 19 18 17 16 15 14 13 12 11 10 9 8 7 6 5 4 3 2 1 
0 33 32 31 30 29 28 27 26 25 24 23 22 21 20 19 18 17 16 15 14 13 12 11 10 9 8 7 6 5 4 3 2 1 
0 33 32 31 30 29 28 27 26 25 24 23 22 21 20 19 18 17 16 15 14 13 12 11 10 9 8 7 6 5 4 3 2 1 
0 33 32 31 30 29 28 27 26 25 24 23 22 21 20 19 18 17 16 15 14 13 12 11 10 9 8 7 6 5 4 3 2 1 
0 33 32 31 30 29 28 27 26 25 24 23 22 21 20 19 18 17 16 15 14 13 12 11 10 9 8 7 6 5 4 3 2 1 
0 33 32 31 30 29 28 27 26 25 24 23 22 21 20 19 18 17 16 15 14 13 12 11 10 9 8 7 6 5 4 3 2 1 
0 33 32 31 30 29 28 27 26 25 24 23 22 21 20 19 18 17 15 16 14 13 12 11 10 9 8 7 6 5 4 3 2 1 
0 33 32 31 30 29 28 27 26 25 24 22 23 21 20 19 18 17 16 15 14 13 12 11 10 9 8 7 6 5 4 3 2 1 
0 33 32 31 30 29 28 27 26 25 22 23 24 21 20 19 18 17 16 15 14 13 12 11 10 9 8 7 6 5 4 3 2 1 
0 33 32 31 30 29 28 27 26 25 24 23 22 21 20 19 18 17 16 15 14 13 12 10 11 9 8 7 6 5 4 3 2 1 
0 33 32 31 30 29 28 27 26 25 24 23 22 21 20 19 18 17 16 15 14 13 12 11 10 9 8 6 7 5 4 3 2 1 
0 33 32 31 30 29 28 27 26 25 24 23 22 21 20 19 18 17 16 15 14 13 12 11 10 9 8 5 6 7 4 3 2 1 
0 33 32 31 30 29 28 27 26 25 24 23 22 21 20 19 18 17 16 15 14 13 12 9 10 11 8 7 6 5 4 3 2 1 
0 33 32 31 30 29 28 27 26 25 24 23 22 21 20 19 18 17 16 15 14 13 12 11 10 9 7 8 6 5 4 3 2 1 
0 33 32 31 30 27 28 29 26 25 24 23 22 21 20 19 18 17 16 15 14 13 12 11 10 9 8 7 6 5 4 3 2 1 
0 33 32 31 30 29 27 28 26 25 24 19 20 21 22 23 18 17 15 16 14 13 12 11 10 9 8 7 6 5 4 3 2 1 
0 32 33 31 30 29 28 27 26 25 24 23 22 21 20 19 18 17 16 15 14 13 12 11 10 9 8 7 6 5 4 3 2 1 
0 3 33 32 31 30 29 28 27 26 25 24 23 22 21 20 19 18 17 16 15 14 13 12 11 10 9 8 7 6 5 4 2 1 
0 33 32 31 27 29 28 30 26 25 24 23 22 21 20 19 18 17 16 15 14 13 12 11 10 9 8 7 6 5 4 3 2 1 
0 33 31 30 32 29 28 27 26 25 24 23 22 21 20 19 18 17 16 15 14 13 12 11 10 9 8 7 6 5 4 3 2 1 
0 33 32 31 30 29 28 27 26 25 24 23 22 21 20 19 18 17 16 15 14 13 12 11 10 9 8 7 6 3 4 5 2 1 
0 33 32 31 30 29 28 27 26 25 24 23 22 21 20 19 18 17 16 15 14 13 12 11 10 9 8 7 6 3 4 5 2 1 
0 33 32 31 30 29 28 27 26 25 24 23 22 21 20 19 18 17 16 15 14 13 12 11 10 9 8 7 3 6 5 4 2 1 
0 33 32 31 30 29 28 27 26 25 24 23 22 21 20 15 18 17 16 19 14 13 12 11 10 9 8 7 6 5 4 3 2 1 
0 33 32 31 30 29 28 27 26 25 24 23 21 20 19 18 17 22 16 15 14 13 12 11 10 9 8 7 6 5 4 3 2 1 
0 33 32 31 30 29 28 27 26 25 24 23 22 21 20 14 18 17 16 15 19 13 12 11 10 9 8 7 6 5 4 3 2 1 
0 33 32 31 30 29 28 27 26 25 24 23 22 21 20 14 18 17 16 15 19 13 12 11 10 9 8 7 6 5 4 3 2 1 
0 33 32 31 30 29 28 27 26 25 24 23 22 21 20 14 18 17 16 15 19 13 12 11 10 9 8 7 6 5 4 3 2 1 
0 33 32 31 30 29 28 27 26 25 24 23 22 21 19 18 17 16 20 15 14 13 12 11 10 9 8 7 6 5 4 3 2 1 
0 33 32 31 30 29 28 27 26 25 24 23 22 21 20 19 18 17 16 15 14 13 12 11 10 9 8 7 6 5 3 2 1 4 
0 33 32 31 30 29 28 27 26 25 24 23 16 17 18 19 20 21 22 15 14 13 12 11 10 9 8 7 6 5 4 3 2 1 
0 33 32 31 30 29 28 27 26 25 24 14 15 16 17 18 19 20 21 22 23 13 12 11 10 9 8 7 6 5 4 3 2 1 
0 33 32 31 30 29 28 27 26 25 24 23 22 21 20 19 18 17 16 15 14 13 9 11 10 12 8 7 6 5 4 3 2 1 
0 33 32 31 30 29 28 27 26 25 24 23 22 21 20 19 18 17 16 15 14 13 8 11 10 9 12 7 6 5 4 3 2 1 
0 33 32 31 30 29 28 27 26 25 24 23 22 21 20 19 18 17 16 15 14 13 12 11 10 9 8 7 6 4 3 2 1 5 
0 33 32 31 30 29 28 27 26 25 24 23 22 21 20 19 18 17 16 15 14 13 12 11 10 9 8 7 6 2 1 3 5 4 
0 33 32 31 30 29 28 27 26 25 24 23 22 21 20 19 18 17 16 15 14 13 12 11 10 9 8 7 6 2 1 3 5 4 
0 33 32 31 30 29 28 27 26 25 24 23 22 17 20 19 18 21 16 15 14 13 12 11 10 9 8 7 6 5 4 3 2 1 
0 33 32 31 30 29 28 27 26 25 24 23 22 21 20 19 18 17 16 15 13 14 12 11 10 9 8 7 6 5 4 2 1 3 
0 33 30 31 32 29 28 27 26 25 24 23 22 21 20 19 18 17 16 15 14 13 12 10 9 8 7 11 6 5 4 3 2 1 
0 33 32 31 30 29 28 27 26 25 24 23 16 21 20 19 18 17 22 15 14 13 12 11 10 9 8 7 6 5 4 3 2 1 
0 33 32 31 30 29 28 27 26 25 24 23 22 21 20 19 18 17 16 15 14 13 12 11 2 10 9 8 7 6 5 4 3 1 
0 33 26 27 28 29 30 31 32 25 24 23 22 21 20 19 18 17 16 15 14 13 12 11 8 10 9 7 6 5 4 3 2 1 
0 33 32 31 30 29 28 18 19 20 21 22 23 24 25 26 27 17 16 15 14 13 12 11 10 9 8 7 6 5 4 3 2 1 
0 33 32 31 30 29 28 18 19 20 21 22 23 24 25 26 27 17 16 15 14 13 12 11 10 9 8 7 6 5 4 3 2 1 
0 33 32 31 30 29 28 27 26 25 24 23 22 21 20 19 18 17 16 15 14 13 7 6 5 4 8 12 11 10 9 3 2 1 
0 33 32 31 30 29 28 27 26 25 24 23 22 21 20 19 18 17 16 15 14 13 12 11 10 9 6 8 7 4 3 2 1 5 
0 33 32 31 30 29 28 27 26 25 24 22 23 21 20 19 18 17 16 15 14 12 13 3 11 10 9 8 7 6 5 4 2 1 
0 29 32 31 30 33 28 27 26 25 24 23 22 21 20 19 18 17 16 15 14 13 12 11 10 9 8 7 6 5 4 3 2 1 
0 33 32 31 30 29 28 27 26 25 24 23 22 21 20 19 18 17 16 15 14 13 7 11 10 9 8 12 6 5 3 4 2 1 
0 33 32 31 30 29 28 27 26 25 24 23 22 21 20 19 18 17 16 15 14 13 12 11 1 10 9 8 7 6 5 4 3 2 
0 33 32 31 30 29 28 27 26 25 24 23 22 21 20 19 18 17 16 15 14 2 3 4 5 6 7 8 9 10 11 12 13 1 
0 33 32 31 30 29 28 27 26 17 24 23 22 21 20 19 18 25 16 15 14 13 12 11 9 10 8 7 6 5 4 3 2 1 
0 33 32 31 30 29 28 27 26 25 24 23 22 21 20 19 18 17 16 15 14 13 12 11 4 3 2 1 6 5 10 9 8 7 
0 24 25 26 27 28 29 30 31 32 33 23 22 21 20 19 18 17 16 15 14 13 12 11 10 9 8 7 6 5 4 3 2 1 
0 24 25 26 27 28 29 30 31 32 33 23 22 21 20 19 18 17 16 15 14 13 12 11 10 9 8 7 6 5 4 3 2 1 
0 33 32 31 15 16 17 18 19 20 21 22 23 24 25 26 27 28 29 30 14 13 12 11 10 9 8 7 6 5 4 3 2 1 
0 33 32 31 29 28 27 26 25 24 23 22 21 20 19 18 17 16 15 30 14 13 12 11 10 9 8 7 6 5 4 3 2 1 
0 33 32 31 30 29 28 27 26 25 24 23 22 21 19 12 17 16 15 20 18 14 13 11 10 9 8 7 6 5 4 3 2 1 
0 33 32 31 30 29 28 27 26 25 24 23 22 21 20 16 15 14 13 12 11 17 19 18 10 9 8 7 6 5 4 3 2 1 
0 33 32 31 30 29 28 27 26 25 24 23 22 21 20 13 18 17 16 15 14 19 12 11 10 8 7 6 9 5 4 3 2 1 
0 33 32 31 30 29 22 27 26 25 24 23 28 21 20 19 18 17 16 15 14 13 12 11 10 9 8 7 6 5 4 3 2 1 
0 33 32 31 30 29 28 27 26 25 24 23 22 21 20 19 18 17 16 15 14 7 3 6 13 12 11 10 9 8 5 4 2 1 
0 33 32 31 30 29 28 27 26 25 24 23 22 21 20 14 18 17 16 15 19 13 7 11 10 9 8 12 6 5 4 3 2 1 
0 12 11 10 9 8 7 6 33 32 31 30 29 28 27 26 25 24 23 22 21 20 19 18 17 16 15 14 13 5 4 3 2 1 
0 27 26 25 24 33 32 31 30 29 28 23 22 21 20 19 18 17 16 15 14 13 12 11 10 9 8 7 6 5 4 3 2 1 
0 33 32 31 30 24 28 27 26 25 29 23 22 21 20 19 18 17 16 15 14 13 12 11 10 9 8 7 6 5 4 3 2 1 
0 33 32 31 30 24 28 27 26 25 29 23 22 21 20 19 18 17 16 15 14 13 12 11 10 9 8 7 6 5 4 3 2 1 
0 33 18 15 32 31 30 29 28 27 26 25 24 23 22 21 20 19 17 16 14 13 12 11 10 9 8 7 6 5 4 3 2 1 
0 33 32 31 30 29 28 27 26 25 24 23 22 21 20 19 18 17 7 15 14 16 13 12 10 11 9 8 6 5 4 3 2 1 
0 33 9 10 11 12 13 14 15 16 17 18 19 20 21 22 23 24 25 26 27 28 29 30 31 32 8 7 6 5 4 2 3 1 
0 33 32 10 11 12 13 14 15 16 17 18 19 20 21 22 23 24 25 26 27 28 29 30 31 9 8 7 6 5 4 3 2 1 
0 33 32 31 30 29 28 27 26 25 24 23 22 20 19 18 17 16 15 14 13 12 11 10 9 21 8 7 6 5 4 3 2 1 
0 32 31 30 29 28 27 26 25 24 23 22 21 20 19 18 17 16 15 14 13 12 11 33 10 9 8 7 6 5 4 3 2 1 
0 33 32 31 30 29 28 27 26 25 24 23 22 21 20 19 18 17 16 15 13 14 12 11 2 10 9 8 7 6 5 4 3 1 
0 33 32 31 30 29 27 28 2 26 25 24 23 22 21 20 19 18 17 16 15 14 13 12 11 10 9 8 7 6 5 4 3 1 
0 33 32 31 30 29 28 27 26 25 24 16 15 14 13 12 11 17 23 22 21 20 19 18 10 9 8 7 6 5 4 3 2 1 
0 33 32 31 30 29 28 11 27 26 25 24 23 22 21 20 19 18 17 16 15 14 13 12 10 9 8 7 6 5 4 3 2 1 
0 33 32 31 30 29 28 11 27 26 25 24 23 22 21 20 19 18 17 16 15 14 13 12 10 9 8 7 6 5 4 3 2 1 
0 33 32 31 30 29 28 27 26 25 24 23 22 21 20 19 18 17 16 15 14 13 12 11 10 2 8 7 6 5 4 3 9 1 
0 33 11 10 9 8 7 6 5 4 3 32 31 30 29 28 27 26 25 24 23 22 21 20 19 18 17 16 15 14 13 12 2 1 
0 33 32 31 30 12 29 28 27 26 25 24 23 22 21 20 19 18 17 16 15 14 13 11 10 9 8 7 6 5 4 3 2 1 
0 17 16 15 14 13 12 11 10 9 8 7 6 5 4 3 2 33 32 31 30 29 28 27 26 25 24 23 22 21 20 19 18 1 
0 17 16 15 14 13 12 11 10 9 8 7 6 5 4 3 2 33 32 31 30 29 28 27 26 25 24 23 22 21 20 19 18 1 
0 33 32 31 23 29 28 27 26 25 24 30 22 21 20 19 18 17 16 15 14 13 12 11 10 9 8 7 6 5 4 3 2 1 
0 33 32 31 22 29 28 27 26 25 24 23 30 21 20 19 18 17 16 15 14 13 12 11 10 9 8 7 6 5 4 3 2 1 
0 33 32 31 30 29 28 27 26 25 24 23 17 16 15 14 13 12 11 10 9 8 7 6 5 4 3 2 22 20 21 19 18 1 
0 33 32 31 30 28 27 26 29 25 24 23 22 21 20 19 18 17 16 15 14 13 12 5 4 3 2 1 6 11 10 9 8 7 
0 33 32 31 30 29 28 27 26 25 16 15 14 13 12 11 10 9 8 7 6 5 4 3 2 1 24 23 22 21 20 19 18 17 
0 33 32 31 30 29 28 27 26 25 24 23 22 21 20 19 18 17 8 7 6 5 4 11 10 9 16 15 14 13 12 3 2 1 
0 33 32 31 24 25 26 27 28 29 30 23 22 21 20 19 16 17 18 14 13 12 11 15 10 9 8 7 6 5 4 3 2 1 
0 33 32 31 30 29 27 28 26 25 16 15 14 13 12 11 10 17 24 19 20 21 22 23 18 9 8 7 6 5 4 3 2 1 
0 33 32 31 30 29 28 15 26 25 24 23 22 21 20 19 18 17 16 27 14 13 12 11 10 9 8 7 6 5 4 3 2 1 
0 33 32 31 30 29 28 27 13 25 24 23 22 21 20 19 18 17 16 15 26 14 12 11 10 9 8 7 6 5 4 3 2 1 
0 33 32 14 15 16 13 12 11 10 9 8 7 6 5 4 3 2 31 30 29 28 27 26 25 24 23 22 21 20 19 18 17 1 
0 33 16 15 14 13 12 11 10 9 32 31 30 29 28 27 26 25 24 23 22 21 20 19 18 17 8 7 6 5 4 3 2 1 
0 33 32 31 30 29 28 14 13 12 11 10 9 8 7 6 5 4 3 2 27 26 25 24 23 22 21 20 19 18 17 16 15 1 
0 33 32 31 30 29 28 27 26 25 24 23 22 21 20 19 18 17 16 15 14 13 12 1 9 8 7 6 5 4 3 2 10 11 
0 7 6 5 4 3 2 27 26 25 24 23 22 21 20 19 18 17 16 15 14 13 12 11 10 9 8 33 32 31 30 29 28 1 
0 33 32 17 16 15 14 13 12 11 10 9 8 7 6 5 4 31 30 29 28 27 26 25 24 23 22 21 20 19 18 3 2 1 
0 33 32 31 30 15 14 13 12 11 10 9 8 7 6 5 4 3 2 29 28 27 26 25 24 23 22 21 20 19 18 17 16 1 
0 33 32 31 15 14 13 12 11 10 9 8 7 6 5 4 3 2 1 30 29 28 27 26 25 24 23 22 21 20 19 18 17 16 
0 33 32 31 14 13 12 11 10 9 8 7 30 29 28 27 26 25 24 23 22 21 20 19 18 17 16 15 6 5 4 3 2 1 
0 33 32 31 30 29 28 27 26 25 24 23 22 21 20 19 18 17 15 14 7 6 5 4 3 2 1 13 16 12 11 10 9 8 
0 33 32 31 30 29 28 27 26 25 24 23 12 21 20 19 18 17 16 15 14 13 22 11 10 9 8 7 6 5 4 3 2 1 
0 33 32 31 30 29 28 18 17 16 15 14 13 21 20 19 27 26 25 24 23 22 9 11 12 10 8 7 6 5 4 3 2 1 
0 33 32 31 18 23 29 28 27 26 25 24 30 22 21 20 19 17 16 15 14 13 12 11 10 9 8 7 6 5 4 3 2 1 
0 33 19 31 30 29 28 27 26 25 24 23 22 21 20 32 18 17 16 15 14 13 12 11 10 9 8 7 6 5 4 3 2 1 
0 33 19 31 30 29 28 27 26 25 24 23 22 21 20 32 18 17 16 15 14 13 12 11 10 9 8 7 6 5 4 3 2 1 
0 33 32 31 30 29 28 27 26 25 24 12 22 21 20 19 18 17 16 15 14 13 23 11 10 9 8 7 6 5 4 3 2 1 
0 33 32 31 30 29 28 27 26 25 24 23 22 21 20 19 18 17 16 15 12 14 5 11 10 9 8 7 6 13 4 3 2 1 
0 33 32 31 30 29 28 27 26 25 24 23 22 21 20 19 18 17 9 15 14 13 12 11 10 16 8 7 6 5 4 3 2 1 
0 33 32 31 30 29 28 27 26 25 24 23 22 21 20 19 18 17 9 15 14 13 12 11 10 16 8 7 6 5 4 3 2 1 
0 3 28 31 30 29 4 33 32 27 26 25 24 23 22 21 20 19 18 17 16 15 14 13 12 11 10 9 8 6 7 5 2 1 
0 24 32 31 30 29 28 27 26 25 33 23 22 21 20 19 18 17 16 15 14 13 12 11 10 9 8 7 6 5 4 3 2 1 
0 33 32 31 30 29 28 27 26 25 24 17 21 20 19 18 23 16 15 14 13 12 11 10 9 8 22 7 6 5 4 3 2 1 
0 33 32 31 17 29 28 27 26 25 24 22 23 21 20 19 30 16 15 14 18 13 12 11 10 9 8 7 6 5 4 3 2 1 
0 33 32 31 30 29 28 27 26 25 24 16 15 14 13 12 11 17 23 22 21 20 19 18 10 9 8 6 7 2 4 3 5 1 
0 33 32 31 11 12 13 14 15 16 17 18 19 20 21 22 23 24 25 26 27 28 29 30 10 9 7 3 6 8 5 4 2 1 
0 33 32 31 30 29 28 27 26 25 24 23 22 21 20 19 10 9 8 7 3 6 13 12 11 18 17 16 15 14 5 4 2 1 
0 33 32 31 30 29 27 28 26 25 24 19 20 21 22 23 18 17 16 15 14 12 11 10 6 8 7 9 5 4 3 2 1 13 
0 33 32 31 30 29 28 27 26 25 24 23 22 21 20 19 18 17 7 15 14 13 12 11 10 9 8 16 6 5 4 3 2 1 
0 33 32 31 30 29 1 27 26 25 24 23 22 21 20 19 18 17 16 15 14 13 12 11 10 9 8 7 6 5 4 3 2 28 
0 33 32 31 30 29 28 27 23 25 24 26 22 21 20 19 18 17 8 7 6 5 4 3 2 1 16 15 14 13 12 11 10 9 
0 33 2 31 30 29 28 27 26 25 24 23 22 21 20 19 18 17 16 15 14 12 11 10 9 8 7 6 5 4 3 13 32 1 
0 33 32 31 30 15 14 13 22 28 27 26 25 24 23 29 21 20 19 18 17 16 12 11 10 9 8 7 6 5 4 3 2 1 
0 33 32 31 30 29 28 27 26 25 12 11 10 6 8 7 9 5 4 3 2 1 24 23 22 21 20 19 18 17 16 15 14 13 
0 33 16 31 30 29 28 27 26 25 24 23 22 21 20 19 18 17 32 15 14 13 12 11 10 9 8 7 6 5 4 3 2 1 
0 33 32 31 30 13 12 11 10 9 8 7 6 5 4 3 18 17 16 15 14 29 28 27 26 25 24 23 22 21 20 19 2 1 
0 33 32 31 30 29 28 27 26 25 24 23 22 21 20 19 18 17 16 15 14 13 12 8 1 9 2 7 6 5 4 3 11 10 
0 33 8 31 30 29 28 27 26 25 24 23 22 21 20 19 18 17 16 15 14 13 12 11 10 9 32 7 6 5 4 3 2 1 
0 33 32 31 30 29 28 27 12 11 10 9 8 7 6 5 4 3 23 22 21 20 19 18 17 26 25 24 16 15 14 13 2 1 
0 25 24 23 22 21 20 19 18 33 32 31 30 29 28 27 26 17 16 15 14 13 12 11 10 8 7 6 5 4 3 2 1 9 
0 33 32 31 30 29 28 27 26 25 24 23 22 21 20 19 6 17 16 15 14 13 12 11 10 9 8 7 18 5 4 3 2 1 
0 33 32 31 30 29 28 27 26 25 24 23 22 21 20 19 18 17 5 15 14 13 12 11 10 9 8 7 6 16 4 3 2 1 
0 33 32 31 30 29 28 27 26 25 24 23 22 21 20 19 18 6 16 15 14 13 12 11 10 9 8 7 17 5 4 3 2 1 
0 33 32 31 30 29 28 27 26 25 12 11 10 6 8 7 9 5 4 3 2 24 19 20 21 22 23 18 17 16 15 14 13 1 
0 33 24 31 30 29 28 27 26 25 32 23 22 21 20 19 18 17 16 15 14 13 12 11 10 9 7 6 5 4 3 2 8 1 
0 33 32 31 30 29 28 15 26 25 24 22 23 21 20 19 18 17 16 27 14 13 12 10 8 7 6 5 4 11 9 3 2 1 
0 33 32 31 30 29 28 27 26 25 24 23 10 9 8 7 6 17 16 15 14 13 12 11 22 21 20 19 18 5 4 3 2 1 
0 33 32 31 30 29 28 27 26 25 24 23 22 21 20 6 18 17 16 15 14 13 12 11 10 9 8 7 19 5 4 3 2 1 
0 33 32 31 30 29 28 12 11 10 9 8 22 21 20 19 18 17 16 15 14 13 27 26 25 24 23 7 6 5 4 3 2 1 
0 33 32 31 30 29 28 12 26 25 24 23 22 21 20 18 17 16 27 15 14 19 13 11 10 9 8 7 6 5 4 3 2 1 
0 33 32 31 30 29 28 27 26 25 24 23 22 21 20 4 18 17 16 15 14 13 12 11 10 9 8 7 6 5 19 3 2 1 
0 33 15 31 30 29 28 27 26 24 25 23 22 21 20 19 18 17 16 32 14 13 12 11 10 9 8 7 6 5 4 3 2 1 
0 33 32 31 30 29 28 27 26 25 24 23 22 21 20 19 18 17 16 15 1 13 12 11 10 8 9 7 6 5 4 3 2 14 
0 33 32 31 18 29 28 27 26 25 24 23 22 21 20 19 30 17 16 15 14 13 12 9 10 8 7 6 11 5 4 3 2 1 
0 33 32 31 30 29 28 27 3 25 24 23 22 21 20 19 18 17 16 15 14 13 12 11 10 9 8 7 6 5 4 26 2 1 
0 17 16 15 14 13 12 11 10 9 8 7 22 21 20 19 18 33 32 31 30 29 28 27 26 25 24 23 6 5 4 3 2 1 
0 10 9 8 7 3 6 26 19 24 23 33 32 31 30 29 28 27 25 22 21 20 18 17 16 15 14 13 12 11 5 4 2 1 
0 33 32 31 30 29 28 27 26 25 24 23 22 21 1 19 18 17 16 15 14 13 12 11 20 10 9 8 7 6 5 4 3 2 
0 33 32 31 30 29 28 27 26 25 24 23 22 7 20 19 18 17 16 15 14 13 12 11 10 9 8 21 6 5 4 3 2 1 
0 33 32 31 5 14 30 29 28 27 26 25 24 23 22 21 20 19 18 17 16 15 13 12 11 10 9 8 3 2 1 7 6 4 
0 33 32 31 30 29 28 27 10 9 8 7 6 5 4 3 2 17 16 15 14 13 12 11 26 25 24 23 22 21 20 19 18 1 
0 33 32 31 30 29 28 27 26 25 24 23 22 21 20 19 18 3 16 15 14 13 12 11 10 9 8 7 6 5 4 17 2 1 
0 33 32 31 5 29 28 27 26 25 24 23 22 21 20 19 18 17 16 15 14 13 12 11 10 9 8 7 6 30 4 3 2 1 
0 33 32 31 30 29 28 27 26 25 24 23 22 21 20 19 18 13 12 11 10 9 8 7 6 17 16 15 3 14 5 4 2 1 
0 33 32 31 30 29 28 27 26 25 24 23 22 21 6 19 18 17 16 15 14 13 12 11 10 9 8 7 20 5 4 3 2 1 
0 33 32 31 30 29 28 27 17 16 15 14 13 8 11 10 9 26 25 24 23 22 21 20 19 18 3 4 5 6 7 12 2 1 
0 33 32 31 30 29 27 5 26 25 24 23 22 21 20 19 18 17 16 15 14 13 12 11 10 9 8 7 6 28 4 3 2 1 
0 15 14 13 12 11 10 9 8 7 6 5 4 3 2 1 19 17 16 33 32 31 30 29 28 27 26 25 24 23 22 21 20 18 
0 33 32 31 30 29 28 27 26 25 24 23 22 21 20 19 18 17 6 15 13 14 12 11 10 9 8 7 16 5 4 3 2 1 
0 33 32 31 30 29 28 27 26 25 24 3 22 21 20 19 18 17 16 15 14 13 12 11 10 9 8 7 6 5 4 23 2 1 
0 33 32 31 10 29 28 27 26 25 24 23 22 21 20 19 18 17 16 15 14 13 12 11 30 9 8 7 6 5 4 3 2 1 
0 1 32 31 30 29 28 27 12 11 10 9 8 7 6 5 4 3 23 22 21 20 19 18 17 26 25 24 16 15 14 13 2 33 
0 33 24 31 30 29 28 27 26 25 32 23 22 21 20 19 18 17 16 15 14 13 12 11 10 3 2 1 6 5 4 9 8 7 
0 33 32 31 30 29 28 27 26 25 24 23 22 21 14 16 13 12 10 9 7 6 5 4 3 2 8 1 11 15 20 19 18 17 
0 32 31 30 29 28 27 26 25 24 23 22 21 20 19 18 17 16 15 33 8 13 11 14 10 9 7 12 6 5 4 3 2 1 
0 33 6 10 9 1 7 32 31 30 29 28 27 26 25 24 23 22 21 20 19 18 17 16 15 14 13 12 11 5 4 3 2 8 
0 33 32 15 14 13 12 11 10 9 8 7 6 5 4 3 2 1 16 31 30 29 28 27 26 25 24 23 22 21 18 19 20 17 
0 33 32 31 30 18 15 13 12 11 10 9 8 7 6 5 4 3 2 1 29 28 27 25 24 23 26 22 17 16 21 14 20 19 
0 33 32 11 30 29 28 27 26 25 24 23 22 21 18 17 20 19 16 15 14 13 12 31 10 9 8 7 6 5 4 3 2 1 
0 3 32 33 31 30 29 28 27 26 25 17 16 15 14 13 8 11 10 9 24 23 22 21 20 19 18 4 5 6 7 12 2 1 
0 33 32 31 30 16 15 14 13 12 11 10 9 8 7 6 5 4 1 28 27 26 25 24 23 22 21 20 19 18 17 3 2 29 
0 33 17 16 15 14 26 25 24 23 22 21 20 19 7 3 6 32 31 30 29 28 27 18 13 12 11 10 9 8 5 4 2 1 
0 33 32 31 30 27 26 25 24 23 11 29 28 22 21 20 19 18 17 10 9 8 7 6 5 16 15 14 13 12 4 3 2 1 
0 33 32 31 30 29 28 27 26 25 24 1 18 19 20 21 22 17 16 15 14 13 12 11 10 9 8 7 6 5 4 3 2 23 
0 33 32 31 30 29 28 27 21 24 25 23 22 26 20 19 18 12 17 16 15 14 13 11 8 1 9 7 6 5 4 3 2 10 
0 33 28 30 31 32 29 27 7 25 24 23 22 21 20 19 18 17 16 15 14 13 12 11 10 9 8 26 6 5 4 3 2 1 
0 33 32 31 30 29 28 27 26 25 24 23 18 22 21 20 19 1 16 15 14 13 12 11 10 9 8 7 6 5 4 3 2 17 
0 33 32 31 30 29 27 13 12 11 10 9 8 7 6 5 4 3 2 15 28 14 26 25 24 23 22 21 20 19 18 17 16 1 
0 33 32 31 30 29 27 28 26 25 24 23 22 21 20 19 13 12 11 10 9 8 7 6 18 17 16 1 2 5 4 3 14 15 
0 33 32 31 18 15 13 10 29 28 27 26 25 24 23 22 21 20 19 17 16 14 12 11 30 9 8 7 6 5 4 3 2 1 
0 33 32 31 30 29 28 27 26 25 24 11 10 9 8 7 6 5 4 3 2 22 1 23 21 20 19 18 17 16 15 14 13 12 
0 33 32 31 30 29 28 27 26 25 24 23 22 21 20 19 18 11 17 16 6 5 4 3 2 9 8 7 14 15 10 12 13 1 
0 3 32 33 31 30 29 28 27 26 25 24 23 22 21 20 1 18 17 16 15 14 13 12 11 10 9 8 7 6 5 4 2 19 
0 33 32 31 30 29 28 26 25 24 23 22 21 20 27 12 19 18 17 16 3 14 13 15 11 10 9 8 5 7 6 4 2 1 
0 33 3 32 30 29 28 31 27 26 25 17 16 15 14 13 8 11 10 9 24 23 22 21 20 19 18 4 5 6 7 12 2 1 
0 33 24 32 31 30 29 15 14 13 12 11 10 9 8 7 6 5 16 28 27 26 25 19 23 22 21 20 18 17 4 3 2 1 
0 33 32 31 14 13 12 11 10 9 8 7 30 29 28 27 26 25 24 23 4 3 22 21 20 19 18 17 16 15 6 5 2 1 
0 25 32 31 30 29 28 27 14 13 12 11 10 9 8 7 26 33 24 23 22 21 20 19 18 17 16 15 6 5 4 3 2 1 
0 33 32 31 30 29 28 27 13 25 24 23 22 21 20 14 12 11 9 5 4 3 6 26 15 19 18 17 16 10 8 7 2 1 
0 33 32 31 30 29 9 27 26 25 24 23 22 21 20 19 18 17 16 15 14 13 12 11 10 28 8 7 6 2 1 3 5 4 
0 33 32 31 30 29 28 27 26 25 24 23 22 3 20 19 12 13 14 15 16 17 18 11 10 9 8 7 6 5 4 21 2 1 
0 33 32 31 30 29 28 11 26 25 24 12 22 21 20 19 18 17 16 15 14 13 23 27 10 9 8 7 6 5 4 3 2 1 
0 33 29 30 31 32 28 27 7 25 24 23 22 21 20 19 18 17 16 15 14 13 12 6 10 9 8 26 11 5 4 3 2 1 
0 33 15 14 29 28 27 26 25 24 23 22 21 20 19 3 18 17 16 32 31 30 13 12 11 10 9 8 7 6 5 4 2 1 
0 32 31 30 29 28 27 33 26 25 24 23 22 21 1 19 18 17 16 15 14 13 12 11 10 9 8 7 6 5 4 3 2 20 
0 33 32 31 18 29 28 27 26 25 24 23 22 21 20 19 30 17 8 7 6 5 4 11 10 9 16 15 14 13 12 3 2 1 
0 25 32 31 30 29 28 27 26 33 10 9 8 7 6 5 4 3 2 15 14 13 12 11 24 23 22 21 20 19 18 17 16 1 
0 33 17 16 15 14 26 25 24 23 22 21 20 19 7 3 6 32 31 30 29 28 27 13 12 11 18 10 9 8 5 4 2 1 
0 33 32 31 30 29 28 27 26 25 24 22 21 20 6 18 17 16 15 14 13 12 11 10 9 8 7 19 5 23 4 3 2 1 
0 33 32 4 3 29 28 27 26 25 24 23 19 21 20 22 18 17 16 15 31 14 13 12 11 10 9 8 7 30 6 5 2 1 
0 33 32 31 30 29 28 27 18 16 26 13 12 11 10 9 8 7 6 5 4 17 14 2 3 15 25 24 23 22 21 20 19 1 
0 33 32 31 30 14 13 12 11 10 9 8 7 6 5 16 3 2 1 15 29 28 27 26 25 24 23 22 21 20 19 18 17 4 
0 33 32 31 7 15 14 13 12 11 10 9 8 18 6 5 4 3 2 1 30 29 28 27 26 25 24 17 16 23 22 21 20 19 
0 33 32 31 30 29 28 27 26 25 10 23 22 21 20 11 19 18 17 24 9 8 7 6 5 16 15 14 13 12 4 3 2 1 
0 15 14 13 12 11 10 9 8 28 6 5 22 21 20 19 33 32 31 30 29 27 26 25 24 23 18 17 16 7 4 3 2 1 
0 33 6 10 9 8 7 32 14 21 23 22 13 12 11 31 30 29 28 27 25 24 20 19 26 18 17 16 15 5 4 3 2 1 
0 33 32 31 30 29 28 27 6 10 9 8 7 14 21 23 22 13 12 11 25 24 20 19 26 18 17 16 15 4 3 2 1 5 
0 23 32 31 30 29 15 27 26 25 24 33 22 21 20 19 18 17 16 28 14 13 12 11 10 9 8 7 6 5 4 3 2 1 
0 33 32 31 30 29 28 27 26 25 24 16 15 12 11 10 9 8 22 23 13 14 19 4 6 7 21 20 18 17 3 2 5 1 
0 33 32 31 11 10 9 8 7 6 5 4 3 1 20 18 17 16 19 15 14 13 2 12 30 29 28 27 26 25 24 23 22 21 
0 33 6 5 4 11 10 20 21 22 23 24 25 26 27 28 29 30 31 32 7 8 9 18 1 2 3 12 13 14 15 16 17 19 
0 33 32 31 14 13 12 11 30 29 28 27 26 25 24 23 22 21 20 19 9 17 16 15 10 18 8 7 6 4 3 2 5 1 
0 33 32 31 30 29 28 27 26 25 24 23 22 21 12 11 10 3 16 14 9 8 15 7 6 5 4 13 20 19 18 17 2 1 
0 33 32 31 29 28 27 26 25 24 23 22 21 7 19 18 17 16 15 14 13 12 11 10 9 8 20 6 2 5 30 4 3 1 
0 33 17 31 30 29 28 27 26 25 24 23 22 21 20 19 9 32 16 15 14 13 12 11 10 18 8 7 6 4 3 2 5 1 
0 3 32 33 31 30 29 28 27 26 25 24 23 8 20 19 18 17 16 15 14 13 12 11 10 22 9 21 7 6 5 4 2 1 
0 33 32 4 3 29 31 30 18 8 20 21 22 23 24 25 26 27 28 17 16 15 14 13 12 11 10 9 19 7 6 5 2 1 
0 33 23 31 5 14 30 29 28 27 26 25 24 32 22 21 20 19 18 17 16 15 13 12 11 10 9 8 3 2 1 7 6 4 
0 33 32 31 26 29 27 30 19 25 24 12 23 22 21 20 18 17 16 15 14 13 10 9 8 5 7 6 4 28 3 2 1 11 
0 33 32 31 15 14 13 12 11 10 9 8 7 6 28 22 21 20 19 18 17 24 25 26 27 1 2 3 4 5 16 30 29 23 
0 33 32 31 30 29 28 18 17 16 15 14 23 22 21 27 26 25 2 1 19 7 6 5 4 3 24 20 9 8 13 12 11 10 
0 33 32 31 30 29 8 27 25 26 24 23 22 9 28 7 6 5 4 15 14 21 20 19 18 17 16 13 12 11 10 3 2 1 
0 33 32 31 30 29 18 17 16 15 14 1 20 21 11 12 13 28 27 26 25 24 23 22 10 9 8 7 6 5 4 3 2 19 
0 33 32 31 30 29 28 18 15 13 12 11 10 9 8 7 6 5 4 3 24 1 27 26 25 2 23 22 17 16 14 21 20 19 
0 2 32 31 30 29 28 27 33 26 25 24 23 22 21 20 19 13 12 11 10 9 8 7 6 18 17 16 1 14 5 4 3 15 
0 27 26 25 24 23 33 32 31 11 9 28 22 21 20 30 19 18 17 16 15 14 13 12 10 29 7 8 6 5 4 3 2 1 
0 33 32 31 30 29 28 27 17 16 15 14 13 8 11 22 9 26 25 24 23 10 21 20 19 18 3 4 5 6 7 12 2 1 
0 33 32 3 12 30 29 28 27 26 25 24 23 22 21 20 6 18 17 16 15 14 13 11 10 9 8 7 19 5 4 31 2 1 
0 33 14 16 20 12 23 10 9 32 31 30 29 28 27 26 25 24 22 21 13 19 18 17 4 11 8 7 6 5 15 3 2 1 
0 18 16 26 14 13 12 11 10 9 8 21 6 28 27 25 24 23 22 7 20 19 17 15 33 32 31 30 29 5 4 3 2 1 
0 33 16 15 14 13 12 26 10 9 8 30 7 6 4 3 2 1 32 31 5 11 28 27 29 25 24 23 22 21 20 19 18 17 
0 33 32 31 30 29 27 28 26 11 24 23 22 21 20 19 13 12 25 10 9 8 7 6 18 17 16 1 14 5 4 3 2 15 
0 33 13 19 30 29 28 27 26 6 24 12 31 23 22 21 20 18 17 16 15 14 11 3 8 9 10 7 32 25 5 4 2 1 
0 33 32 31 30 29 9 15 14 12 11 1 17 8 7 25 24 23 13 28 27 26 6 5 4 3 2 20 19 18 16 22 21 10 
0 18 16 26 14 13 12 11 10 33 9 8 7 6 5 4 17 2 32 29 3 28 27 15 25 24 23 22 21 20 30 19 31 1 
0 33 32 31 26 29 9 27 2 25 24 23 6 5 20 19 18 17 16 15 14 13 12 11 30 10 28 8 7 22 21 4 3 1 
